0;2;2;0;True
1;7;16;9;True
2;1;1;0;True
3;1;1;0;True
4;2;4;2;True
5;5;8;3;True
6;6;12;6;True
7;8;16;8;True
8;6;12;6;True
9;4;9;5;True
10;2;2;0;True
11;3;3;0;True
12;8;16;8;True
13;8;16;8;True
14;0;0;0;True
15;3;6;3;True
16;1;1;0;True
17;5;12;7;True
18;1;1;0;True
19;1;1;0;True
20;1;1;0;True
21;2;4;2;True
22;5;12;7;True
23;4;9;5;True
24;0;0;0;True
25;5;6;1;True
26;3;6;3;True
27;6;16;10;True
28;6;9;3;True
29;7;16;9;True
30;1;1;0;True
31;2;4;2;True
32;4;9;5;True
33;3;6;3;True
34;1;1;0;True
35;3;4;1;True
36;4;9;5;True
37;5;9;4;True
38;2;4;2;True
39;4;6;2;True
40;2;4;2;True
41;4;6;2;True
42;5;9;4;True
43;0;0;0;True
44;5;12;7;True
45;2;4;2;True
46;1;1;0;True
47;6;16;10;True
48;0;0;0;True
49;6;9;3;True
50;2;4;2;True
51;2;4;2;True
52;4;12;8;True
53;4;12;8;True
54;2;2;0;True
55;1;1;0;True
56;3;6;3;True
57;2;2;0;True
58;1;1;0;True
59;2;4;2;True
60;2;2;0;True
61;2;4;2;True
62;9;16;7;True
63;0;0;0;True
64;6;12;6;True
65;5;12;7;True
66;3;6;3;True
67;0;0;0;True
68;0;0;0;True
69;0;0;0;True
70;4;9;5;True
71;6;12;6;True
72;0;0;0;True
73;2;4;2;True
74;4;9;5;True
75;3;6;3;True
76;4;6;2;True
77;6;12;6;True
78;0;0;0;True
79;7;12;5;True
80;2;2;0;True
81;2;2;0;True
82;5;12;7;True
83;2;2;0;True
84;5;12;7;True
85;6;16;10;True
86;5;9;4;True
87;8;16;8;True
88;3;4;1;True
89;2;4;2;True
90;3;6;3;True
91;2;4;2;True
92;7;12;5;True
93;4;9;5;True
94;0;0;0;True
95;0;0;0;True
96;8;16;8;True
97;0;0;0;True
98;1;1;0;True
99;4;9;5;True
100;6;12;6;True
101;4;8;4;True
102;8;16;8;True
103;3;6;3;True
104;7;12;5;True
105;5;6;1;True
106;2;4;2;True
107;1;1;0;True
108;2;4;2;True
109;1;1;0;True
110;3;4;1;True
111;2;4;2;True
112;8;16;8;True
113;5;12;7;True
114;6;9;3;True
115;6;12;6;True
116;6;16;10;True
117;2;4;2;True
118;4;6;2;True
119;1;1;0;True
120;1;1;0;True
121;2;4;2;True
122;5;16;11;True
123;5;9;4;True
124;3;6;3;True
125;6;9;3;True
126;4;9;5;True
127;4;12;8;True
128;3;6;3;True
129;2;4;2;True
130;1;1;0;True
131;2;4;2;True
132;9;16;7;True
133;2;2;0;True
134;3;9;6;True
135;6;12;6;True
136;1;1;0;True
137;2;4;2;True
138;1;1;0;True
139;5;16;11;True
140;7;12;5;True
141;0;0;0;True
142;4;6;2;True
143;3;4;1;True
144;3;9;6;True
145;3;9;6;True
146;1;1;0;True
147;7;16;9;True
148;5;6;1;True
149;3;3;0;True
150;3;6;3;True
151;5;9;4;True
152;4;9;5;True
153;5;9;4;True
154;2;4;2;True
155;5;9;4;True
156;8;16;8;True
157;3;9;6;True
158;1;1;0;True
159;1;1;0;True
160;8;12;4;True
161;4;9;5;True
162;3;9;6;True
163;1;1;0;True
164;3;6;3;True
165;0;0;0;True
166;1;1;0;True
167;7;12;5;True
168;4;6;2;True
169;3;6;3;True
170;7;16;9;True
171;6;16;10;True
172;5;12;7;True
173;3;9;6;True
174;4;9;5;True
175;5;9;4;True
176;6;12;6;True
177;3;4;1;True
178;3;6;3;True
179;3;6;3;True
180;2;2;0;True
181;3;6;3;True
182;0;0;0;True
183;2;2;0;True
184;7;16;9;True
185;4;8;4;True
186;0;0;0;True
187;1;1;0;True
188;5;12;7;True
189;3;6;3;True
190;4;8;4;True
191;1;1;0;True
192;9;16;7;True
193;3;4;1;True
194;1;1;0;True
195;0;0;0;True
196;2;4;2;True
197;3;4;1;True
198;9;16;7;True
199;2;4;2;True
200;6;8;2;True
201;2;4;2;True
202;1;1;0;True
203;7;16;9;True
204;4;9;5;True
205;5;9;4;True
206;4;9;5;True
207;4;9;5;True
208;4;6;2;True
209;6;8;2;True
210;1;1;0;True
211;5;9;4;True
212;5;9;4;True
213;5;16;11;True
214;2;2;0;True
215;3;6;3;True
216;0;0;0;True
217;2;2;0;True
218;3;9;6;True
219;4;9;5;True
220;4;6;2;True
221;5;12;7;True
222;4;6;2;True
223;4;6;2;True
224;1;1;0;True
225;3;4;1;True
226;1;1;0;True
227;3;9;6;True
228;5;9;4;True
229;9;12;3;True
230;5;16;11;True
231;6;12;6;True
232;2;2;0;True
233;2;4;2;True
234;8;16;8;True
235;6;16;10;True
236;3;9;6;True
237;2;2;0;True
238;4;9;5;True
239;5;12;7;True
240;3;6;3;True
241;8;12;4;True
242;5;9;4;True
243;9;16;7;True
244;9;16;7;True
245;2;4;2;True
246;3;6;3;True
247;4;12;8;True
248;0;0;0;True
249;8;12;4;True
250;3;4;1;True
251;3;4;1;True
252;5;9;4;True
253;1;1;0;True
254;1;1;0;True
255;4;8;4;True
256;5;6;1;True
257;0;0;0;True
258;1;1;0;True
259;4;8;4;True
260;2;4;2;True
261;5;12;7;True
262;0;0;0;True
263;5;8;3;True
264;4;9;5;True
265;1;1;0;True
266;3;6;3;True
267;3;6;3;True
268;6;12;6;True
269;1;1;0;True
270;8;16;8;True
271;4;9;5;True
272;2;4;2;True
273;1;1;0;True
274;6;16;10;True
275;4;9;5;True
276;5;8;3;True
277;3;6;3;True
278;3;9;6;True
279;0;0;0;True
280;1;1;0;True
281;5;12;7;True
282;8;16;8;True
283;2;4;2;True
284;6;12;6;True
285;4;6;2;True
286;3;6;3;True
287;10;16;6;True
288;4;9;5;True
289;3;4;1;True
290;4;8;4;True
291;5;9;4;True
292;4;6;2;True
293;4;8;4;True
294;5;9;4;True
295;5;12;7;True
296;6;16;10;True
297;2;4;2;True
298;8;12;4;True
299;3;6;3;True
300;3;4;1;True
301;2;2;0;True
302;3;6;3;True
303;6;16;10;True
304;6;12;6;True
305;7;12;5;True
306;4;6;2;True
307;0;0;0;True
308;1;1;0;True
309;2;2;0;True
310;5;9;4;True
311;2;4;2;True
312;1;1;0;True
313;6;12;6;True
314;2;2;0;True
315;3;6;3;True
316;4;6;2;True
317;5;12;7;True
318;0;0;0;True
319;3;6;3;True
320;4;9;5;True
321;3;4;1;True
322;6;16;10;True
323;1;1;0;True
324;6;16;10;True
325;0;0;0;True
326;5;12;7;True
327;6;12;6;True
328;4;8;4;True
329;3;6;3;True
330;5;12;7;True
331;8;16;8;True
332;1;1;0;True
333;2;4;2;True
334;4;9;5;True
335;2;4;2;True
336;0;0;0;True
337;4;8;4;True
338;6;12;6;True
339;8;16;8;True
340;1;1;0;True
341;3;9;6;True
342;2;2;0;True
343;3;9;6;True
344;4;6;2;True
345;1;1;0;True
346;2;4;2;True
347;2;4;2;True
348;1;1;0;True
349;2;2;0;True
350;3;9;6;True
351;2;4;2;True
352;5;6;1;True
353;3;6;3;True
354;3;6;3;True
355;4;8;4;True
356;5;6;1;True
357;5;16;11;True
358;4;12;8;True
359;1;1;0;True
360;4;9;5;True
361;4;6;2;True
362;4;6;2;True
363;3;9;6;True
364;3;4;1;True
365;6;12;6;True
366;8;16;8;True
367;7;12;5;True
368;6;12;6;True
369;2;4;2;True
370;7;16;9;True
371;3;6;3;True
372;1;1;0;True
373;3;4;1;True
374;5;9;4;True
375;4;12;8;True
376;8;16;8;True
377;4;6;2;True
378;5;12;7;True
379;2;2;0;True
380;8;16;8;True
381;3;6;3;True
382;4;9;5;True
383;4;6;2;True
384;4;6;2;True
385;4;6;2;True
386;2;4;2;True
387;4;9;5;True
388;4;6;2;True
389;6;12;6;True
390;1;1;0;True
391;3;4;1;True
392;1;1;0;True
393;4;6;2;True
394;3;6;3;True
395;3;9;6;True
396;4;6;2;True
397;1;1;0;True
398;4;12;8;True
399;0;0;0;True
400;1;1;0;True
401;5;12;7;True
402;0;0;0;True
403;3;4;1;True
404;0;0;0;True
405;5;9;4;True
406;4;9;5;True
407;5;9;4;True
408;5;12;7;True
409;1;1;0;True
410;2;4;2;True
411;7;16;9;True
412;5;9;4;True
413;1;1;0;True
414;3;6;3;True
415;6;16;10;True
416;4;9;5;True
417;5;9;4;True
418;5;12;7;True
419;9;16;7;True
420;4;9;5;True
421;1;1;0;True
422;5;12;7;True
423;6;16;10;True
424;5;12;7;True
425;4;6;2;True
426;2;2;0;True
427;5;12;7;True
428;11;16;5;True
429;3;6;3;True
430;2;4;2;True
431;5;16;11;True
432;0;0;0;True
433;6;16;10;True
434;4;6;2;True
435;2;4;2;True
436;8;16;8;True
437;1;1;0;True
438;5;9;4;True
439;1;1;0;True
440;2;2;0;True
441;2;2;0;True
442;2;4;2;True
443;6;16;10;True
444;3;9;6;True
445;4;6;2;True
446;3;6;3;True
447;4;6;2;True
448;1;1;0;True
449;8;16;8;True
450;5;12;7;True
451;4;12;8;True
452;4;6;2;True
453;1;1;0;True
454;3;6;3;True
455;3;6;3;True
456;4;16;12;True
457;2;2;0;True
458;2;4;2;True
459;0;0;0;True
460;11;16;5;True
461;4;6;2;True
462;2;2;0;True
463;4;9;5;True
464;8;16;8;True
465;6;16;10;True
466;5;12;7;True
467;7;12;5;True
468;2;4;2;True
469;0;0;0;True
470;1;1;0;True
471;4;4;0;True
472;2;4;2;True
473;4;9;5;True
474;9;16;7;True
475;2;4;2;True
476;3;6;3;True
477;8;16;8;True
478;6;8;2;True
479;1;1;0;True
480;2;2;0;True
481;2;4;2;True
482;7;12;5;True
483;2;2;0;True
484;8;16;8;True
485;5;12;7;True
486;6;12;6;True
487;2;4;2;True
488;5;12;7;True
489;5;9;4;True
490;1;1;0;True
491;2;4;2;True
492;5;9;4;True
493;4;9;5;True
494;3;6;3;True
495;0;0;0;True
496;7;12;5;True
497;5;12;7;True
498;7;16;9;True
499;3;4;1;True
500;3;6;3;True
501;2;2;0;True
502;1;1;0;True
503;2;2;0;True
504;0;0;0;True
505;3;6;3;True
506;4;9;5;True
507;8;12;4;True
508;4;9;5;True
509;0;0;0;True
510;1;1;0;True
511;6;9;3;True
512;2;4;2;True
513;2;4;2;True
514;7;12;5;True
515;6;12;6;True
516;5;16;11;True
517;1;1;0;True
518;7;16;9;True
519;5;12;7;True
520;4;9;5;True
521;5;12;7;True
522;4;8;4;True
523;0;0;0;True
524;4;9;5;True
525;2;4;2;True
526;4;12;8;True
527;5;6;1;True
528;3;6;3;True
529;1;1;0;True
530;2;4;2;True
531;5;9;4;True
532;0;0;0;True
533;3;4;1;True
534;6;9;3;True
535;4;9;5;True
536;1;1;0;True
537;4;9;5;True
538;3;6;3;True
539;5;8;3;True
540;2;4;2;True
541;1;1;0;True
542;2;4;2;True
543;1;1;0;True
544;4;6;2;True
545;8;12;4;True
546;6;9;3;True
547;3;3;0;True
548;5;8;3;True
549;1;1;0;True
550;5;12;7;True
551;7;16;9;True
552;1;1;0;True
553;6;12;6;True
554;2;4;2;True
555;1;1;0;True
556;6;12;6;True
557;4;9;5;True
558;5;12;7;True
559;2;2;0;True
560;1;1;0;True
561;5;9;4;True
562;3;4;1;True
563;7;12;5;True
564;4;12;8;True
565;1;1;0;True
566;4;9;5;True
567;2;4;2;True
568;2;4;2;True
569;8;16;8;True
570;6;12;6;True
571;2;2;0;True
572;5;9;4;True
573;1;1;0;True
574;5;12;7;True
575;1;1;0;True
576;1;1;0;True
577;4;12;8;True
578;4;8;4;True
579;4;12;8;True
580;3;4;1;True
581;2;4;2;True
582;2;2;0;True
583;2;4;2;True
584;2;2;0;True
585;6;12;6;True
586;6;12;6;True
587;1;1;0;True
588;4;9;5;True
589;6;9;3;True
590;3;6;3;True
591;1;1;0;True
592;0;0;0;True
593;0;0;0;True
594;7;12;5;True
595;4;9;5;True
596;4;6;2;True
597;0;0;0;True
598;4;12;8;True
599;1;1;0;True
600;4;8;4;True
601;2;2;0;True
602;2;2;0;True
603;2;4;2;True
604;4;6;2;True
605;4;6;2;True
606;3;6;3;True
607;2;2;0;True
608;7;12;5;True
609;4;9;5;True
610;8;12;4;True
611;1;1;0;True
612;0;0;0;True
613;6;16;10;True
614;6;12;6;True
615;3;6;3;True
616;2;4;2;True
617;1;1;0;True
618;2;4;2;True
619;3;4;1;True
620;9;16;7;True
621;3;4;1;True
622;4;6;2;True
623;5;9;4;True
624;4;9;5;True
625;3;6;3;True
626;2;2;0;True
627;3;4;1;True
628;5;12;7;True
629;1;1;0;True
630;3;4;1;True
631;2;2;0;True
632;3;6;3;True
633;2;2;0;True
634;6;16;10;True
635;4;6;2;True
636;7;16;9;True
637;0;0;0;True
638;2;4;2;True
639;3;9;6;True
640;1;1;0;True
641;3;6;3;True
642;3;4;1;True
643;8;16;8;True
644;8;12;4;True
645;5;8;3;True
646;4;9;5;True
647;2;4;2;True
648;1;1;0;True
649;2;2;0;True
650;2;2;0;True
651;6;16;10;True
652;7;12;5;True
653;1;1;0;True
654;1;1;0;True
655;0;0;0;True
656;4;12;8;True
657;2;2;0;True
658;6;8;2;True
659;1;1;0;True
660;2;4;2;True
661;4;9;5;True
662;5;12;7;True
663;4;9;5;True
664;2;2;0;True
665;6;12;6;True
666;2;2;0;True
667;3;4;1;True
668;2;4;2;True
669;4;8;4;True
670;4;4;0;True
671;3;4;1;True
672;3;6;3;True
673;1;1;0;True
674;4;9;5;True
675;4;8;4;True
676;0;0;0;True
677;8;12;4;True
678;6;12;6;True
679;2;2;0;True
680;1;1;0;True
681;6;12;6;True
682;3;6;3;True
683;4;12;8;True
684;4;9;5;True
685;4;9;5;True
686;6;16;10;True
687;9;16;7;True
688;3;6;3;True
689;0;0;0;True
690;3;6;3;True
691;4;6;2;True
692;4;6;2;True
693;4;9;5;True
694;0;0;0;True
695;7;8;1;True
696;5;12;7;True
697;8;12;4;True
698;4;9;5;True
699;5;12;7;True
700;1;1;0;True
701;5;9;4;True
702;1;1;0;True
703;0;0;0;True
704;7;12;5;True
705;4;8;4;True
706;3;6;3;True
707;7;16;9;True
708;3;4;1;True
709;4;9;5;True
710;4;9;5;True
711;5;8;3;True
712;1;1;0;True
713;6;16;10;True
714;6;12;6;True
715;7;12;5;True
716;3;9;6;True
717;5;9;4;True
718;3;9;6;True
719;2;4;2;True
720;6;12;6;True
721;2;2;0;True
722;5;12;7;True
723;7;16;9;True
724;0;0;0;True
725;5;9;4;True
726;2;4;2;True
727;0;0;0;True
728;0;0;0;True
729;4;8;4;True
730;7;12;5;True
731;3;6;3;True
732;9;16;7;True
733;4;16;12;True
734;0;0;0;True
735;5;9;4;True
736;4;9;5;True
737;1;1;0;True
738;3;6;3;True
739;6;16;10;True
740;3;4;1;True
741;3;6;3;True
742;1;1;0;True
743;0;0;0;True
744;2;2;0;True
745;3;6;3;True
746;2;2;0;True
747;1;1;0;True
748;1;1;0;True
749;1;1;0;True
750;5;6;1;True
751;7;12;5;True
752;2;2;0;True
753;8;12;4;True
754;3;9;6;True
755;3;6;3;True
756;0;0;0;True
757;6;12;6;True
758;5;6;1;True
759;1;1;0;True
760;4;8;4;True
761;4;9;5;True
762;5;12;7;True
763;2;2;0;True
764;4;9;5;True
765;5;12;7;True
766;3;6;3;True
767;2;2;0;True
768;1;1;0;True
769;4;12;8;True
770;2;4;2;True
771;5;16;11;True
772;3;4;1;True
773;1;1;0;True
774;4;9;5;True
775;3;6;3;True
776;3;4;1;True
777;7;12;5;True
778;7;16;9;True
779;2;4;2;True
780;0;0;0;True
781;5;9;4;True
782;1;1;0;True
783;4;12;8;True
784;6;16;10;True
785;2;4;2;True
786;2;2;0;True
787;6;9;3;True
788;2;4;2;True
789;3;9;6;True
790;2;4;2;True
791;3;6;3;True
792;4;8;4;True
793;1;1;0;True
794;5;12;7;True
795;4;6;2;True
796;0;0;0;True
797;9;16;7;True
798;5;9;4;True
799;3;4;1;True
800;5;12;7;True
801;8;16;8;True
802;3;4;1;True
803;9;16;7;True
804;6;12;6;True
805;6;12;6;True
806;3;9;6;True
807;0;0;0;True
808;4;4;0;True
809;5;9;4;True
810;5;6;1;True
811;9;12;3;True
812;2;2;0;True
813;4;9;5;True
814;8;12;4;True
815;3;3;0;True
816;3;9;6;True
817;5;12;7;True
818;1;1;0;True
819;0;0;0;True
820;6;16;10;True
821;4;6;2;True
822;7;16;9;True
823;8;16;8;True
824;5;12;7;True
825;8;16;8;True
826;8;12;4;True
827;2;2;0;True
828;2;2;0;True
829;5;9;4;True
830;0;0;0;True
831;1;1;0;True
832;0;0;0;True
833;6;8;2;True
834;4;9;5;True
835;3;6;3;True
836;2;4;2;True
837;4;8;4;True
838;3;6;3;True
839;1;1;0;True
840;1;1;0;True
841;2;4;2;True
842;3;6;3;True
843;5;12;7;True
844;3;6;3;True
845;5;16;11;True
846;1;1;0;True
847;2;4;2;True
848;3;4;1;True
849;4;6;2;True
850;1;1;0;True
851;7;16;9;True
852;3;6;3;True
853;7;12;5;True
854;7;16;9;True
855;4;12;8;True
856;3;6;3;True
857;4;9;5;True
858;5;9;4;True
859;4;6;2;True
860;3;4;1;True
861;8;16;8;True
862;4;9;5;True
863;3;4;1;True
864;2;2;0;True
865;6;16;10;True
866;0;0;0;True
867;3;9;6;True
868;3;4;1;True
869;4;12;8;True
870;2;4;2;True
871;2;2;0;True
872;2;4;2;True
873;7;16;9;True
874;1;1;0;True
875;2;2;0;True
876;5;12;7;True
877;3;6;3;True
878;3;4;1;True
879;4;9;5;True
880;3;4;1;True
881;2;4;2;True
882;8;16;8;True
883;1;1;0;True
884;2;2;0;True
885;4;9;5;True
886;5;8;3;True
887;5;9;4;True
888;2;2;0;True
889;3;6;3;True
890;2;2;0;True
891;7;16;9;True
892;4;12;8;True
893;6;12;6;True
894;7;12;5;True
895;8;16;8;True
896;2;2;0;True
897;5;12;7;True
898;0;0;0;True
899;5;12;7;True
900;7;16;9;True
901;0;0;0;True
902;1;1;0;True
903;5;9;4;True
904;7;16;9;True
905;7;12;5;True
906;5;16;11;True
907;2;4;2;True
908;0;0;0;True
909;4;9;5;True
910;0;0;0;True
911;8;16;8;True
912;4;8;4;True
913;6;9;3;True
914;9;16;7;True
915;3;4;1;True
916;5;12;7;True
917;3;6;3;True
918;8;12;4;True
919;4;9;5;True
920;2;4;2;True
921;8;12;4;True
922;5;12;7;True
923;5;8;3;True
924;3;4;1;True
925;2;2;0;True
926;4;9;5;True
927;2;4;2;True
928;2;4;2;True
929;6;12;6;True
930;1;1;0;True
931;6;12;6;True
932;6;16;10;True
933;5;12;7;True
934;2;2;0;True
935;7;12;5;True
936;7;16;9;True
937;2;2;0;True
938;0;0;0;True
939;1;1;0;True
940;3;6;3;True
941;5;12;7;True
942;2;4;2;True
943;1;1;0;True
944;8;12;4;True
945;6;9;3;True
946;1;1;0;True
947;7;12;5;True
948;5;8;3;True
949;0;0;0;True
950;3;6;3;True
951;1;1;0;True
952;3;6;3;True
953;8;16;8;True
954;3;6;3;True
955;8;12;4;True
956;2;4;2;True
957;1;1;0;True
958;1;1;0;True
959;3;6;3;True
960;4;12;8;True
961;1;1;0;True
962;9;12;3;True
963;3;6;3;True
964;2;4;2;True
965;2;4;2;True
966;9;16;7;True
967;5;9;4;True
968;1;1;0;True
969;3;4;1;True
970;6;8;2;True
971;9;12;3;True
972;3;4;1;True
973;2;2;0;True
974;4;6;2;True
975;3;4;1;True
976;3;9;6;True
977;7;16;9;True
978;5;12;7;True
979;4;9;5;True
980;2;2;0;True
981;5;9;4;True
982;4;8;4;True
983;5;9;4;True
984;3;3;0;True
985;3;6;3;True
986;1;1;0;True
987;0;0;0;True
988;9;16;7;True
989;2;4;2;True
990;6;12;6;True
991;4;6;2;True
992;5;16;11;True
993;6;9;3;True
994;4;12;8;True
995;4;6;2;True
996;7;16;9;True
997;1;1;0;True
998;2;4;2;True
999;4;9;5;True
1000;4;6;2;True
1001;6;16;10;True
1002;3;6;3;True
1003;3;6;3;True
1004;6;16;10;True
1005;6;12;6;True
1006;4;9;5;True
1007;5;9;4;True
1008;1;1;0;True
1009;0;0;0;True
1010;11;16;5;True
1011;7;16;9;True
1012;5;8;3;True
1013;2;4;2;True
1014;7;16;9;True
1015;3;4;1;True
1016;1;1;0;True
1017;3;6;3;True
1018;6;12;6;True
1019;3;6;3;True
1020;1;1;0;True
1021;6;16;10;True
1022;1;1;0;True
1023;3;6;3;True
1024;3;6;3;True
1025;5;12;7;True
1026;8;16;8;True
1027;5;9;4;True
1028;5;12;7;True
1029;5;9;4;True
1030;6;16;10;True
1031;2;4;2;True
1032;7;9;2;True
1033;0;0;0;True
1034;0;0;0;True
1035;6;16;10;True
1036;4;12;8;True
1037;3;4;1;True
1038;4;6;2;True
1039;1;1;0;True
1040;5;12;7;True
1041;3;6;3;True
1042;6;12;6;True
1043;4;8;4;True
1044;7;16;9;True
1045;3;6;3;True
1046;3;6;3;True
1047;7;16;9;True
1048;4;9;5;True
1049;6;9;3;True
1050;0;0;0;True
1051;2;4;2;True
1052;4;12;8;True
1053;3;4;1;True
1054;3;6;3;True
1055;5;9;4;True
1056;1;1;0;True
1057;3;3;0;True
1058;2;4;2;True
1059;5;16;11;True
1060;5;12;7;True
1061;1;1;0;True
1062;1;1;0;True
1063;5;8;3;True
1064;8;16;8;True
1065;3;4;1;True
1066;4;6;2;True
1067;6;12;6;True
1068;9;16;7;True
1069;3;9;6;True
1070;7;9;2;True
1071;3;6;3;True
1072;5;12;7;True
1073;2;4;2;True
1074;3;6;3;True
1075;2;2;0;True
1076;0;0;0;True
1077;2;4;2;True
1078;2;4;2;True
1079;7;16;9;True
1080;3;3;0;True
1081;4;9;5;True
1082;1;1;0;True
1083;7;12;5;True
1084;2;4;2;True
1085;3;6;3;True
1086;6;9;3;True
1087;6;9;3;True
1088;6;12;6;True
1089;3;4;1;True
1090;4;9;5;True
1091;2;4;2;True
1092;2;4;2;True
1093;5;12;7;True
1094;1;1;0;True
1095;1;1;0;True
1096;1;1;0;True
1097;2;4;2;True
1098;1;1;0;True
1099;2;4;2;True
1100;3;4;1;True
1101;6;12;6;True
1102;4;6;2;True
1103;1;1;0;True
1104;8;16;8;True
1105;10;16;6;True
1106;1;1;0;True
1107;4;6;2;True
1108;2;2;0;True
1109;7;12;5;True
1110;3;4;1;True
1111;5;12;7;True
1112;2;4;2;True
1113;4;6;2;True
1114;3;4;1;True
1115;0;0;0;True
1116;1;1;0;True
1117;2;4;2;True
1118;5;9;4;True
1119;4;6;2;True
1120;3;4;1;True
1121;1;1;0;True
1122;4;9;5;True
1123;0;0;0;True
1124;8;12;4;True
1125;8;12;4;True
1126;2;4;2;True
1127;7;12;5;True
1128;6;8;2;True
1129;7;12;5;True
1130;2;4;2;True
1131;8;16;8;True
1132;4;9;5;True
1133;3;6;3;True
1134;7;12;5;True
1135;2;2;0;True
1136;5;9;4;True
1137;4;6;2;True
1138;1;1;0;True
1139;0;0;0;True
1140;0;0;0;True
1141;3;6;3;True
1142;2;4;2;True
1143;1;1;0;True
1144;1;1;0;True
1145;2;4;2;True
1146;6;16;10;True
1147;4;6;2;True
1148;1;1;0;True
1149;4;9;5;True
1150;2;2;0;True
1151;9;12;3;True
1152;0;0;0;True
1153;0;0;0;True
1154;2;4;2;True
1155;8;16;8;True
1156;2;2;0;True
1157;5;9;4;True
1158;5;16;11;True
1159;2;4;2;True
1160;7;12;5;True
1161;2;2;0;True
1162;3;6;3;True
1163;3;6;3;True
1164;6;16;10;True
1165;2;2;0;True
1166;5;12;7;True
1167;4;6;2;True
1168;3;9;6;True
1169;2;4;2;True
1170;6;12;6;True
1171;0;0;0;True
1172;3;4;1;True
1173;7;16;9;True
1174;7;12;5;True
1175;3;6;3;True
1176;5;8;3;True
1177;3;6;3;True
1178;8;12;4;True
1179;5;8;3;True
1180;7;12;5;True
1181;3;9;6;True
1182;3;4;1;True
1183;1;1;0;True
1184;1;1;0;True
1185;6;12;6;True
1186;5;9;4;True
1187;2;2;0;True
1188;2;4;2;True
1189;4;12;8;True
1190;4;4;0;True
1191;0;0;0;True
1192;3;6;3;True
1193;9;16;7;True
1194;2;4;2;True
1195;3;4;1;True
1196;0;0;0;True
1197;6;12;6;True
1198;4;9;5;True
1199;6;9;3;True
1200;1;1;0;True
1201;3;9;6;True
1202;3;9;6;True
1203;0;0;0;True
1204;4;12;8;True
1205;5;9;4;True
1206;7;16;9;True
1207;1;1;0;True
1208;2;4;2;True
1209;5;16;11;True
1210;1;1;0;True
1211;5;12;7;True
1212;2;2;0;True
1213;3;9;6;True
1214;2;4;2;True
1215;0;0;0;True
1216;4;9;5;True
1217;7;9;2;True
1218;7;12;5;True
1219;4;12;8;True
1220;6;9;3;True
1221;3;3;0;True
1222;3;6;3;True
1223;2;4;2;True
1224;4;4;0;True
1225;1;1;0;True
1226;4;6;2;True
1227;2;4;2;True
1228;2;4;2;True
1229;1;1;0;True
1230;2;4;2;True
1231;6;12;6;True
1232;1;1;0;True
1233;1;1;0;True
1234;3;4;1;True
1235;4;12;8;True
1236;4;6;2;True
1237;1;1;0;True
1238;3;4;1;True
1239;4;12;8;True
1240;3;3;0;True
1241;5;9;4;True
1242;6;12;6;True
1243;0;0;0;True
1244;1;1;0;True
1245;1;1;0;True
1246;5;12;7;True
1247;3;6;3;True
1248;5;9;4;True
1249;7;12;5;True
1250;2;4;2;True
1251;4;8;4;True
1252;2;4;2;True
1253;1;1;0;True
1254;5;9;4;True
1255;1;1;0;True
1256;4;8;4;True
1257;3;6;3;True
1258;1;1;0;True
1259;9;16;7;True
1260;0;0;0;True
1261;6;16;10;True
1262;6;12;6;True
1263;3;4;1;True
1264;2;4;2;True
1265;5;12;7;True
1266;7;12;5;True
1267;3;4;1;True
1268;4;6;2;True
1269;2;2;0;True
1270;2;2;0;True
1271;7;16;9;True
1272;2;4;2;True
1273;5;8;3;True
1274;8;16;8;True
1275;2;4;2;True
1276;1;1;0;True
1277;4;9;5;True
1278;11;16;5;True
1279;6;9;3;True
1280;2;4;2;True
1281;5;12;7;True
1282;4;6;2;True
1283;4;6;2;True
1284;6;16;10;True
1285;6;16;10;True
1286;5;12;7;True
1287;5;9;4;True
1288;5;9;4;True
1289;6;9;3;True
1290;2;2;0;True
1291;0;0;0;True
1292;3;9;6;True
1293;7;12;5;True
1294;0;0;0;True
1295;2;4;2;True
1296;1;1;0;True
1297;3;9;6;True
1298;5;12;7;True
1299;1;1;0;True
1300;4;9;5;True
1301;6;12;6;True
1302;6;9;3;True
1303;2;4;2;True
1304;2;4;2;True
1305;5;9;4;True
1306;4;9;5;True
1307;1;1;0;True
1308;2;4;2;True
1309;4;6;2;True
1310;7;16;9;True
1311;6;12;6;True
1312;3;3;0;True
1313;2;4;2;True
1314;0;0;0;True
1315;6;12;6;True
1316;3;6;3;True
1317;2;4;2;True
1318;3;4;1;True
1319;7;16;9;True
1320;6;16;10;True
1321;1;1;0;True
1322;4;6;2;True
1323;4;12;8;True
1324;2;4;2;True
1325;5;12;7;True
1326;9;16;7;True
1327;6;9;3;True
1328;3;4;1;True
1329;0;0;0;True
1330;7;16;9;True
1331;3;6;3;True
1332;4;6;2;True
1333;4;9;5;True
1334;2;4;2;True
1335;4;4;0;True
1336;0;0;0;True
1337;3;6;3;True
1338;6;9;3;True
1339;2;4;2;True
1340;4;9;5;True
1341;5;9;4;True
1342;7;12;5;True
1343;6;12;6;True
1344;4;12;8;True
1345;5;9;4;True
1346;2;2;0;True
1347;6;9;3;True
1348;2;2;0;True
1349;3;4;1;True
1350;6;12;6;True
1351;5;8;3;True
1352;4;6;2;True
1353;4;12;8;True
1354;1;1;0;True
1355;7;12;5;True
1356;5;12;7;True
1357;1;1;0;True
1358;1;1;0;True
1359;2;4;2;True
1360;2;4;2;True
1361;0;0;0;True
1362;4;6;2;True
1363;3;4;1;True
1364;5;12;7;True
1365;2;2;0;True
1366;2;4;2;True
1367;3;6;3;True
1368;4;8;4;True
1369;1;1;0;True
1370;1;1;0;True
1371;9;16;7;True
1372;3;6;3;True
1373;8;16;8;True
1374;5;16;11;True
1375;4;6;2;True
1376;4;12;8;True
1377;2;2;0;True
1378;5;12;7;True
1379;5;12;7;True
1380;1;1;0;True
1381;6;9;3;True
1382;0;0;0;True
1383;0;0;0;True
1384;4;9;5;True
1385;8;16;8;True
1386;7;9;2;True
1387;7;12;5;True
1388;1;1;0;True
1389;4;6;2;True
1390;5;6;1;True
1391;3;6;3;True
1392;1;1;0;True
1393;2;2;0;True
1394;5;12;7;True
1395;7;12;5;True
1396;4;9;5;True
1397;4;9;5;True
1398;1;1;0;True
1399;0;0;0;True
1400;8;16;8;True
1401;5;9;4;True
1402;4;6;2;True
1403;4;12;8;True
1404;4;6;2;True
1405;6;16;10;True
1406;2;4;2;True
1407;1;1;0;True
1408;6;12;6;True
1409;4;9;5;True
1410;0;0;0;True
1411;3;4;1;True
1412;3;9;6;True
1413;2;4;2;True
1414;1;1;0;True
1415;6;12;6;True
1416;6;8;2;True
1417;6;12;6;True
1418;1;1;0;True
1419;7;9;2;True
1420;9;16;7;True
1421;8;16;8;True
1422;2;2;0;True
1423;6;12;6;True
1424;3;9;6;True
1425;0;0;0;True
1426;1;1;0;True
1427;2;4;2;True
1428;6;12;6;True
1429;1;1;0;True
1430;4;9;5;True
1431;3;4;1;True
1432;5;12;7;True
1433;4;6;2;True
1434;4;12;8;True
1435;3;9;6;True
1436;1;1;0;True
1437;8;16;8;True
1438;1;1;0;True
1439;3;4;1;True
1440;5;9;4;True
1441;4;12;8;True
1442;0;0;0;True
1443;3;6;3;True
1444;2;4;2;True
1445;2;2;0;True
1446;3;6;3;True
1447;3;4;1;True
1448;5;12;7;True
1449;7;12;5;True
1450;0;0;0;True
1451;4;8;4;True
1452;7;16;9;True
1453;1;1;0;True
1454;3;9;6;True
1455;4;12;8;True
1456;7;16;9;True
1457;5;12;7;True
1458;5;9;4;True
1459;4;9;5;True
1460;2;4;2;True
1461;3;6;3;True
1462;4;8;4;True
1463;1;1;0;True
1464;2;4;2;True
1465;4;6;2;True
1466;4;9;5;True
1467;4;12;8;True
1468;2;2;0;True
1469;0;0;0;True
1470;6;12;6;True
1471;3;3;0;True
1472;0;0;0;True
1473;5;16;11;True
1474;3;6;3;True
1475;0;0;0;True
1476;5;12;7;True
1477;7;16;9;True
1478;5;8;3;True
1479;9;16;7;True
1480;4;9;5;True
1481;4;16;12;True
1482;5;9;4;True
1483;3;6;3;True
1484;1;1;0;True
1485;5;9;4;True
1486;8;12;4;True
1487;3;6;3;True
1488;2;4;2;True
1489;6;8;2;True
1490;6;16;10;True
1491;3;6;3;True
1492;6;16;10;True
1493;7;16;9;True
1494;5;8;3;True
1495;3;6;3;True
1496;1;1;0;True
1497;3;6;3;True
1498;6;16;10;True
1499;3;4;1;True
1500;3;9;6;True
1501;4;9;5;True
1502;1;1;0;True
1503;3;6;3;True
1504;3;6;3;True
1505;1;1;0;True
1506;3;6;3;True
1507;3;9;6;True
1508;2;2;0;True
1509;4;6;2;True
1510;7;16;9;True
1511;7;16;9;True
1512;3;9;6;True
1513;1;1;0;True
1514;7;12;5;True
1515;3;6;3;True
1516;3;6;3;True
1517;2;2;0;True
1518;8;16;8;True
1519;2;4;2;True
1520;5;12;7;True
1521;2;2;0;True
1522;2;4;2;True
1523;2;4;2;True
1524;4;9;5;True
1525;8;8;0;True
1526;6;12;6;True
1527;4;9;5;True
1528;5;6;1;True
1529;2;4;2;True
1530;1;1;0;True
1531;2;2;0;True
1532;5;9;4;True
1533;0;0;0;True
1534;3;9;6;True
1535;6;12;6;True
1536;2;4;2;True
1537;0;0;0;True
1538;0;0;0;True
1539;3;6;3;True
1540;4;9;5;True
1541;2;4;2;True
1542;4;9;5;True
1543;5;12;7;True
1544;0;0;0;True
1545;9;16;7;True
1546;6;16;10;True
1547;2;2;0;True
1548;7;16;9;True
1549;8;16;8;True
1550;4;8;4;True
1551;7;16;9;True
1552;1;1;0;True
1553;2;2;0;True
1554;6;12;6;True
1555;4;9;5;True
1556;3;6;3;True
1557;3;4;1;True
1558;1;1;0;True
1559;1;1;0;True
1560;0;0;0;True
1561;7;16;9;True
1562;1;1;0;True
1563;4;9;5;True
1564;2;4;2;True
1565;3;4;1;True
1566;6;9;3;True
1567;6;16;10;True
1568;6;16;10;True
1569;1;1;0;True
1570;4;12;8;True
1571;4;4;0;True
1572;3;6;3;True
1573;4;8;4;True
1574;8;12;4;True
1575;2;4;2;True
1576;6;12;6;True
1577;3;6;3;True
1578;2;4;2;True
1579;5;12;7;True
1580;1;1;0;True
1581;2;4;2;True
1582;8;9;1;True
1583;2;2;0;True
1584;7;12;5;True
1585;6;12;6;True
1586;5;16;11;True
1587;6;12;6;True
1588;6;12;6;True
1589;1;1;0;True
1590;1;1;0;True
1591;7;16;9;True
1592;3;6;3;True
1593;2;2;0;True
1594;4;6;2;True
1595;5;12;7;True
1596;4;8;4;True
1597;6;9;3;True
1598;1;1;0;True
1599;1;1;0;True
1600;5;12;7;True
1601;3;6;3;True
1602;6;9;3;True
1603;4;9;5;True
1604;3;4;1;True
1605;2;2;0;True
1606;5;12;7;True
1607;2;4;2;True
1608;0;0;0;True
1609;6;16;10;True
1610;1;1;0;True
1611;5;8;3;True
1612;4;9;5;True
1613;3;6;3;True
1614;4;9;5;True
1615;1;1;0;True
1616;6;12;6;True
1617;5;6;1;True
1618;9;16;7;True
1619;3;6;3;True
1620;9;12;3;True
1621;6;16;10;True
1622;8;16;8;True
1623;6;16;10;True
1624;6;8;2;True
1625;2;2;0;True
1626;3;6;3;True
1627;7;12;5;True
1628;8;12;4;True
1629;1;1;0;True
1630;1;1;0;True
1631;3;4;1;True
1632;1;1;0;True
1633;7;16;9;True
1634;2;4;2;True
1635;5;9;4;True
1636;4;6;2;True
1637;6;16;10;True
1638;10;16;6;True
1639;5;6;1;True
1640;5;6;1;True
1641;0;0;0;True
1642;2;2;0;True
1643;4;8;4;True
1644;4;6;2;True
1645;7;16;9;True
1646;2;4;2;True
1647;3;9;6;True
1648;2;2;0;True
1649;5;9;4;True
1650;4;9;5;True
1651;10;16;6;True
1652;4;6;2;True
1653;3;6;3;True
1654;2;4;2;True
1655;0;0;0;True
1656;10;16;6;True
1657;5;12;7;True
1658;0;0;0;True
1659;3;3;0;True
1660;5;12;7;True
1661;2;2;0;True
1662;3;6;3;True
1663;4;9;5;True
1664;5;12;7;True
1665;5;12;7;True
1666;2;2;0;True
1667;4;6;2;True
1668;2;4;2;True
1669;5;12;7;True
1670;4;6;2;True
1671;3;6;3;True
1672;8;16;8;True
1673;4;12;8;True
1674;2;2;0;True
1675;0;0;0;True
1676;3;4;1;True
1677;5;9;4;True
1678;2;4;2;True
1679;6;12;6;True
1680;4;6;2;True
1681;8;12;4;True
1682;4;9;5;True
1683;3;6;3;True
1684;0;0;0;True
1685;7;16;9;True
1686;2;4;2;True
1687;6;12;6;True
1688;2;4;2;True
1689;4;9;5;True
1690;5;6;1;True
1691;5;12;7;True
1692;5;9;4;True
1693;4;6;2;True
1694;2;4;2;True
1695;2;4;2;True
1696;3;4;1;True
1697;7;16;9;True
1698;2;2;0;True
1699;1;1;0;True
1700;3;6;3;True
1701;3;9;6;True
1702;2;4;2;True
1703;3;6;3;True
1704;0;0;0;True
1705;2;4;2;True
1706;7;16;9;True
1707;6;12;6;True
1708;3;6;3;True
1709;4;6;2;True
1710;9;16;7;True
1711;5;9;4;True
1712;6;9;3;True
1713;1;1;0;True
1714;2;4;2;True
1715;4;6;2;True
1716;2;4;2;True
1717;2;4;2;True
1718;10;16;6;True
1719;6;12;6;True
1720;3;9;6;True
1721;6;9;3;True
1722;2;4;2;True
1723;3;4;1;True
1724;2;4;2;True
1725;4;6;2;True
1726;6;12;6;True
1727;1;1;0;True
1728;2;2;0;True
1729;6;12;6;True
1730;1;1;0;True
1731;4;9;5;True
1732;1;1;0;True
1733;6;12;6;True
1734;3;4;1;True
1735;2;2;0;True
1736;6;9;3;True
1737;5;12;7;True
1738;8;16;8;True
1739;1;1;0;True
1740;6;16;10;True
1741;2;4;2;True
1742;3;6;3;True
1743;2;2;0;True
1744;2;4;2;True
1745;4;8;4;True
1746;6;12;6;True
1747;6;12;6;True
1748;5;6;1;True
1749;3;6;3;True
1750;1;1;0;True
1751;1;1;0;True
1752;4;9;5;True
1753;3;3;0;True
1754;2;4;2;True
1755;3;4;1;True
1756;4;8;4;True
1757;2;4;2;True
1758;8;16;8;True
1759;5;9;4;True
1760;1;1;0;True
1761;4;6;2;True
1762;3;6;3;True
1763;3;6;3;True
1764;7;16;9;True
1765;4;9;5;True
1766;5;9;4;True
1767;2;2;0;True
1768;4;9;5;True
1769;6;12;6;True
1770;5;16;11;True
1771;6;12;6;True
1772;4;12;8;True
1773;8;12;4;True
1774;3;6;3;True
1775;5;9;4;True
1776;5;12;7;True
1777;2;2;0;True
1778;6;16;10;True
1779;4;6;2;True
1780;5;8;3;True
1781;1;1;0;True
1782;5;16;11;True
1783;4;8;4;True
1784;0;0;0;True
1785;4;6;2;True
1786;1;1;0;True
1787;2;4;2;True
1788;4;8;4;True
1789;7;12;5;True
1790;5;9;4;True
1791;2;2;0;True
1792;3;4;1;True
1793;6;12;6;True
1794;8;16;8;True
1795;3;6;3;True
1796;4;12;8;True
1797;1;1;0;True
1798;4;9;5;True
1799;6;12;6;True
1800;3;3;0;True
1801;4;8;4;True
1802;2;4;2;True
1803;3;6;3;True
1804;8;12;4;True
1805;5;6;1;True
1806;3;6;3;True
1807;3;6;3;True
1808;5;8;3;True
1809;4;12;8;True
1810;7;12;5;True
1811;3;9;6;True
1812;5;9;4;True
1813;7;16;9;True
1814;1;1;0;True
1815;3;3;0;True
1816;2;4;2;True
1817;1;1;0;True
1818;7;12;5;True
1819;1;1;0;True
1820;4;8;4;True
1821;8;16;8;True
1822;6;16;10;True
1823;8;16;8;True
1824;0;0;0;True
1825;3;6;3;True
1826;7;12;5;True
1827;7;12;5;True
1828;6;12;6;True
1829;7;12;5;True
1830;1;1;0;True
1831;6;16;10;True
1832;1;1;0;True
1833;1;1;0;True
1834;3;9;6;True
1835;1;1;0;True
1836;5;9;4;True
1837;2;2;0;True
1838;4;8;4;True
1839;1;1;0;True
1840;2;4;2;True
1841;2;2;0;True
1842;2;4;2;True
1843;4;12;8;True
1844;3;6;3;True
1845;8;16;8;True
1846;5;12;7;True
1847;5;12;7;True
1848;6;16;10;True
1849;3;9;6;True
1850;3;6;3;True
1851;0;0;0;True
1852;4;9;5;True
1853;4;9;5;True
1854;2;4;2;True
1855;6;12;6;True
1856;3;4;1;True
1857;3;6;3;True
1858;4;8;4;True
1859;1;1;0;True
1860;2;4;2;True
1861;5;9;4;True
1862;0;0;0;True
1863;1;1;0;True
1864;5;8;3;True
1865;6;6;0;True
1866;2;4;2;True
1867;1;1;0;True
1868;6;12;6;True
1869;7;12;5;True
1870;4;6;2;True
1871;4;9;5;True
1872;4;6;2;True
1873;2;2;0;True
1874;3;6;3;True
1875;8;12;4;True
1876;4;12;8;True
1877;4;9;5;True
1878;1;1;0;True
1879;3;9;6;True
1880;6;12;6;True
1881;4;6;2;True
1882;6;9;3;True
1883;6;12;6;True
1884;2;4;2;True
1885;7;16;9;True
1886;2;2;0;True
1887;1;1;0;True
1888;1;1;0;True
1889;3;6;3;True
1890;3;3;0;True
1891;3;6;3;True
1892;6;12;6;True
1893;4;9;5;True
1894;9;16;7;True
1895;0;0;0;True
1896;6;9;3;True
1897;3;6;3;True
1898;8;16;8;True
1899;6;16;10;True
1900;3;6;3;True
1901;7;16;9;True
1902;2;4;2;True
1903;3;4;1;True
1904;4;12;8;True
1905;8;12;4;True
1906;6;12;6;True
1907;2;2;0;True
1908;5;12;7;True
1909;6;16;10;True
1910;3;4;1;True
1911;1;1;0;True
1912;1;1;0;True
1913;2;2;0;True
1914;3;6;3;True
1915;2;4;2;True
1916;3;6;3;True
1917;1;1;0;True
1918;3;9;6;True
1919;4;8;4;True
1920;8;9;1;True
1921;5;9;4;True
1922;3;4;1;True
1923;4;9;5;True
1924;3;4;1;True
1925;3;4;1;True
1926;4;6;2;True
1927;4;6;2;True
1928;3;6;3;True
1929;1;1;0;True
1930;3;4;1;True
1931;12;12;0;True
1932;2;2;0;True
1933;4;12;8;True
1934;5;12;7;True
1935;7;16;9;True
1936;4;6;2;True
1937;0;0;0;True
1938;3;9;6;True
1939;2;4;2;True
1940;3;6;3;True
1941;4;6;2;True
1942;4;6;2;True
1943;3;6;3;True
1944;6;9;3;True
1945;5;9;4;True
1946;2;4;2;True
1947;0;0;0;True
1948;0;0;0;True
1949;1;1;0;True
1950;6;9;3;True
1951;5;12;7;True
1952;4;12;8;True
1953;2;4;2;True
1954;9;16;7;True
1955;6;12;6;True
1956;2;4;2;True
1957;2;4;2;True
1958;5;9;4;True
1959;4;6;2;True
1960;1;1;0;True
1961;4;6;2;True
1962;1;1;0;True
1963;2;4;2;True
1964;1;1;0;True
1965;0;0;0;True
1966;3;4;1;True
1967;5;12;7;True
1968;8;12;4;True
1969;4;9;5;True
1970;1;1;0;True
1971;7;16;9;True
1972;5;6;1;True
1973;0;0;0;True
1974;2;4;2;True
1975;2;4;2;True
1976;0;0;0;True
1977;5;12;7;True
1978;0;0;0;True
1979;3;6;3;True
1980;1;1;0;True
1981;6;12;6;True
1982;2;2;0;True
1983;5;12;7;True
1984;0;0;0;True
1985;2;4;2;True
1986;4;9;5;True
1987;5;12;7;True
1988;6;8;2;True
1989;8;16;8;True
1990;5;9;4;True
1991;2;2;0;True
1992;1;1;0;True
1993;2;2;0;True
1994;4;6;2;True
1995;3;6;3;True
1996;5;12;7;True
1997;1;1;0;True
1998;6;12;6;True
1999;11;16;5;True
2000;3;9;6;True
2001;4;9;5;True
2002;2;2;0;True
2003;9;16;7;True
2004;6;12;6;True
2005;7;12;5;True
2006;4;6;2;True
2007;2;4;2;True
2008;4;9;5;True
2009;4;9;5;True
2010;6;16;10;True
2011;2;4;2;True
2012;5;8;3;True
2013;4;9;5;True
2014;4;6;2;True
2015;2;4;2;True
2016;4;9;5;True
2017;1;1;0;True
2018;6;16;10;True
2019;1;1;0;True
2020;4;9;5;True
2021;4;6;2;True
2022;3;4;1;True
2023;2;4;2;True
2024;1;1;0;True
2025;0;0;0;True
2026;3;4;1;True
2027;3;4;1;True
2028;3;9;6;True
2029;5;12;7;True
2030;1;1;0;True
2031;4;6;2;True
2032;5;6;1;True
2033;4;12;8;True
2034;2;2;0;True
2035;6;16;10;True
2036;2;2;0;True
2037;1;1;0;True
2038;5;6;1;True
2039;6;12;6;True
2040;3;6;3;True
2041;4;6;2;True
2042;9;16;7;True
2043;3;6;3;True
2044;2;4;2;True
2045;3;4;1;True
2046;4;9;5;True
2047;3;9;6;True
2048;2;2;0;True
2049;4;12;8;True
2050;1;1;0;True
2051;1;1;0;True
2052;0;0;0;True
2053;7;12;5;True
2054;4;6;2;True
2055;2;4;2;True
2056;1;1;0;True
2057;4;6;2;True
2058;2;4;2;True
2059;6;8;2;True
2060;7;16;9;True
2061;6;8;2;True
2062;8;16;8;True
2063;3;6;3;True
2064;2;2;0;True
2065;2;4;2;True
2066;5;9;4;True
2067;1;1;0;True
2068;6;12;6;True
2069;2;2;0;True
2070;3;6;3;True
2071;4;12;8;True
2072;2;2;0;True
2073;5;9;4;True
2074;4;6;2;True
2075;2;4;2;True
2076;2;4;2;True
2077;3;9;6;True
2078;5;12;7;True
2079;4;9;5;True
2080;5;9;4;True
2081;3;4;1;True
2082;3;6;3;True
2083;2;2;0;True
2084;2;4;2;True
2085;1;1;0;True
2086;2;4;2;True
2087;3;6;3;True
2088;2;4;2;True
2089;0;0;0;True
2090;5;12;7;True
2091;2;2;0;True
2092;3;4;1;True
2093;0;0;0;True
2094;3;4;1;True
2095;6;12;6;True
2096;3;4;1;True
2097;0;0;0;True
2098;3;6;3;True
2099;5;6;1;True
2100;4;6;2;True
2101;4;9;5;True
2102;4;12;8;True
2103;7;16;9;True
2104;4;12;8;True
2105;5;9;4;True
2106;4;6;2;True
2107;8;16;8;True
2108;4;9;5;True
2109;1;1;0;True
2110;3;4;1;True
2111;6;12;6;True
2112;2;2;0;True
2113;2;4;2;True
2114;2;4;2;True
2115;2;4;2;True
2116;2;4;2;True
2117;6;12;6;True
2118;4;9;5;True
2119;2;2;0;True
2120;4;6;2;True
2121;4;9;5;True
2122;4;12;8;True
2123;8;12;4;True
2124;2;4;2;True
2125;3;4;1;True
2126;3;6;3;True
2127;1;1;0;True
2128;8;16;8;True
2129;6;16;10;True
2130;4;8;4;True
2131;4;6;2;True
2132;6;12;6;True
2133;1;1;0;True
2134;1;1;0;True
2135;2;2;0;True
2136;5;9;4;True
2137;4;6;2;True
2138;1;1;0;True
2139;3;9;6;True
2140;7;16;9;True
2141;3;6;3;True
2142;3;4;1;True
2143;5;12;7;True
2144;8;12;4;True
2145;6;9;3;True
2146;8;16;8;True
2147;6;9;3;True
2148;3;6;3;True
2149;5;12;7;True
2150;3;4;1;True
2151;2;4;2;True
2152;0;0;0;True
2153;0;0;0;True
2154;1;1;0;True
2155;7;16;9;True
2156;6;16;10;True
2157;0;0;0;True
2158;2;4;2;True
2159;4;9;5;True
2160;3;4;1;True
2161;5;9;4;True
2162;5;9;4;True
2163;6;12;6;True
2164;7;16;9;True
2165;8;16;8;True
2166;7;12;5;True
2167;4;6;2;True
2168;2;2;0;True
2169;6;16;10;True
2170;4;9;5;True
2171;7;16;9;True
2172;3;3;0;True
2173;1;1;0;True
2174;6;9;3;True
2175;2;4;2;True
2176;5;8;3;True
2177;1;1;0;True
2178;1;1;0;True
2179;5;12;7;True
2180;3;9;6;True
2181;6;16;10;True
2182;7;16;9;True
2183;2;4;2;True
2184;11;16;5;True
2185;5;12;7;True
2186;6;16;10;True
2187;6;12;6;True
2188;6;16;10;True
2189;1;1;0;True
2190;3;6;3;True
2191;3;6;3;True
2192;4;9;5;True
2193;1;1;0;True
2194;5;9;4;True
2195;1;1;0;True
2196;1;1;0;True
2197;7;12;5;True
2198;3;9;6;True
2199;4;4;0;True
2200;1;1;0;True
2201;7;16;9;True
2202;5;9;4;True
2203;1;1;0;True
2204;2;4;2;True
2205;7;12;5;True
2206;2;4;2;True
2207;5;12;7;True
2208;3;4;1;True
2209;3;6;3;True
2210;2;4;2;True
2211;6;16;10;True
2212;9;16;7;True
2213;2;4;2;True
2214;2;4;2;True
2215;5;9;4;True
2216;10;16;6;True
2217;2;2;0;True
2218;2;2;0;True
2219;4;6;2;True
2220;8;16;8;True
2221;1;1;0;True
2222;6;9;3;True
2223;8;16;8;True
2224;4;8;4;True
2225;2;2;0;True
2226;4;6;2;True
2227;7;16;9;True
2228;2;4;2;True
2229;8;16;8;True
2230;5;8;3;True
2231;6;16;10;True
2232;3;4;1;True
2233;3;6;3;True
2234;3;4;1;True
2235;1;1;0;True
2236;3;4;1;True
2237;4;9;5;True
2238;6;9;3;True
2239;3;6;3;True
2240;2;4;2;True
2241;1;1;0;True
2242;2;2;0;True
2243;6;16;10;True
2244;6;12;6;True
2245;2;4;2;True
2246;1;1;0;True
2247;3;6;3;True
2248;5;12;7;True
2249;9;16;7;True
2250;8;16;8;True
2251;2;4;2;True
2252;4;9;5;True
2253;2;2;0;True
2254;7;12;5;True
2255;2;4;2;True
2256;3;9;6;True
2257;2;4;2;True
2258;3;6;3;True
2259;6;12;6;True
2260;1;1;0;True
2261;4;8;4;True
2262;6;12;6;True
2263;1;1;0;True
2264;2;4;2;True
2265;3;9;6;True
2266;4;9;5;True
2267;4;9;5;True
2268;7;16;9;True
2269;7;12;5;True
2270;4;6;2;True
2271;5;12;7;True
2272;5;9;4;True
2273;4;6;2;True
2274;3;6;3;True
2275;2;2;0;True
2276;1;1;0;True
2277;7;16;9;True
2278;4;9;5;True
2279;2;4;2;True
2280;6;9;3;True
2281;2;4;2;True
2282;1;1;0;True
2283;4;6;2;True
2284;5;12;7;True
2285;5;12;7;True
2286;1;1;0;True
2287;8;16;8;True
2288;3;6;3;True
2289;3;4;1;True
2290;4;6;2;True
2291;1;1;0;True
2292;2;4;2;True
2293;6;16;10;True
2294;1;1;0;True
2295;4;9;5;True
2296;4;9;5;True
2297;6;12;6;True
2298;1;1;0;True
2299;0;0;0;True
2300;3;9;6;True
2301;3;6;3;True
2302;1;1;0;True
2303;5;16;11;True
2304;9;16;7;True
2305;4;9;5;True
2306;8;16;8;True
2307;3;4;1;True
2308;5;9;4;True
2309;8;16;8;True
2310;2;2;0;True
2311;5;12;7;True
2312;4;8;4;True
2313;2;2;0;True
2314;2;2;0;True
2315;0;0;0;True
2316;3;9;6;True
2317;1;1;0;True
2318;0;0;0;True
2319;3;6;3;True
2320;2;2;0;True
2321;1;1;0;True
2322;0;0;0;True
2323;5;12;7;True
2324;4;6;2;True
2325;5;16;11;True
2326;1;1;0;True
2327;4;6;2;True
2328;3;6;3;True
2329;6;16;10;True
2330;6;16;10;True
2331;2;4;2;True
2332;1;1;0;True
2333;2;4;2;True
2334;2;4;2;True
2335;10;16;6;True
2336;1;1;0;True
2337;1;1;0;True
2338;2;4;2;True
2339;1;1;0;True
2340;11;16;5;True
2341;9;16;7;True
2342;3;9;6;True
2343;7;12;5;True
2344;3;6;3;True
2345;3;4;1;True
2346;7;9;2;True
2347;7;16;9;True
2348;8;16;8;True
2349;6;12;6;True
2350;1;1;0;True
2351;7;16;9;True
2352;4;12;8;True
2353;1;1;0;True
2354;5;12;7;True
2355;3;6;3;True
2356;1;1;0;True
2357;3;9;6;True
2358;1;1;0;True
2359;2;2;0;True
2360;0;0;0;True
2361;3;9;6;True
2362;3;4;1;True
2363;7;16;9;True
2364;3;6;3;True
2365;2;4;2;True
2366;1;1;0;True
2367;1;1;0;True
2368;2;4;2;True
2369;4;9;5;True
2370;3;9;6;True
2371;5;9;4;True
2372;6;12;6;True
2373;4;9;5;True
2374;3;6;3;True
2375;3;6;3;True
2376;8;16;8;True
2377;4;9;5;True
2378;3;3;0;True
2379;1;1;0;True
2380;6;12;6;True
2381;1;1;0;True
2382;3;6;3;True
2383;7;9;2;True
2384;6;16;10;True
2385;0;0;0;True
2386;6;16;10;True
2387;3;9;6;True
2388;4;9;5;True
2389;2;2;0;True
2390;3;6;3;True
2391;3;6;3;True
2392;4;6;2;True
2393;5;16;11;True
2394;5;9;4;True
2395;5;9;4;True
2396;3;6;3;True
2397;3;9;6;True
2398;1;1;0;True
2399;1;1;0;True
2400;5;9;4;True
2401;6;16;10;True
2402;6;12;6;True
2403;3;4;1;True
2404;7;16;9;True
2405;6;12;6;True
2406;4;12;8;True
2407;5;9;4;True
2408;4;16;12;True
2409;4;8;4;True
2410;5;16;11;True
2411;3;6;3;True
2412;8;16;8;True
2413;4;6;2;True
2414;3;4;1;True
2415;7;12;5;True
2416;0;0;0;True
2417;4;6;2;True
2418;2;4;2;True
2419;4;9;5;True
2420;3;6;3;True
2421;1;1;0;True
2422;1;1;0;True
2423;1;1;0;True
2424;10;16;6;True
2425;1;1;0;True
2426;4;9;5;True
2427;6;12;6;True
2428;5;12;7;True
2429;4;6;2;True
2430;7;16;9;True
2431;2;2;0;True
2432;3;3;0;True
2433;3;4;1;True
2434;4;6;2;True
2435;4;6;2;True
2436;2;4;2;True
2437;4;8;4;True
2438;4;9;5;True
2439;7;16;9;True
2440;5;12;7;True
2441;0;0;0;True
2442;4;9;5;True
2443;5;8;3;True
2444;6;12;6;True
2445;5;12;7;True
2446;0;0;0;True
2447;6;12;6;True
2448;3;4;1;True
2449;3;4;1;True
2450;3;4;1;True
2451;2;2;0;True
2452;6;12;6;True
2453;4;9;5;True
2454;6;12;6;True
2455;2;2;0;True
2456;5;9;4;True
2457;1;1;0;True
2458;4;9;5;True
2459;5;12;7;True
2460;2;2;0;True
2461;5;12;7;True
2462;2;2;0;True
2463;2;4;2;True
2464;8;16;8;True
2465;4;9;5;True
2466;2;2;0;True
2467;3;9;6;True
2468;3;4;1;True
2469;6;9;3;True
2470;5;9;4;True
2471;4;6;2;True
2472;2;4;2;True
2473;3;4;1;True
2474;1;1;0;True
2475;3;6;3;True
2476;1;1;0;True
2477;3;6;3;True
2478;8;16;8;True
2479;0;0;0;True
2480;1;1;0;True
2481;5;12;7;True
2482;4;6;2;True
2483;4;9;5;True
2484;8;16;8;True
2485;6;12;6;True
2486;1;1;0;True
2487;4;9;5;True
2488;3;6;3;True
2489;1;1;0;True
2490;8;16;8;True
2491;4;4;0;True
2492;4;6;2;True
2493;8;16;8;True
2494;1;1;0;True
2495;9;12;3;True
2496;4;12;8;True
2497;1;1;0;True
2498;6;9;3;True
2499;1;1;0;True
2500;5;12;7;True
2501;1;1;0;True
2502;4;6;2;True
2503;6;12;6;True
2504;3;6;3;True
2505;2;2;0;True
2506;8;12;4;True
2507;6;12;6;True
2508;3;6;3;True
2509;8;12;4;True
2510;0;0;0;True
2511;6;9;3;True
2512;9;16;7;True
2513;4;6;2;True
2514;4;9;5;True
2515;4;4;0;True
2516;2;2;0;True
2517;3;4;1;True
2518;1;1;0;True
2519;4;6;2;True
2520;4;9;5;True
2521;1;1;0;True
2522;0;0;0;True
2523;7;16;9;True
2524;4;8;4;True
2525;3;6;3;True
2526;4;8;4;True
2527;2;4;2;True
2528;7;9;2;True
2529;1;1;0;True
2530;3;9;6;True
2531;3;6;3;True
2532;6;16;10;True
2533;3;6;3;True
2534;4;6;2;True
2535;3;6;3;True
2536;1;1;0;True
2537;3;6;3;True
2538;2;4;2;True
2539;4;6;2;True
2540;2;4;2;True
2541;4;9;5;True
2542;7;16;9;True
2543;4;6;2;True
2544;2;4;2;True
2545;3;6;3;True
2546;6;12;6;True
2547;4;12;8;True
2548;4;6;2;True
2549;5;12;7;True
2550;4;9;5;True
2551;4;6;2;True
2552;1;1;0;True
2553;4;6;2;True
2554;10;16;6;True
2555;2;2;0;True
2556;1;1;0;True
2557;2;4;2;True
2558;5;12;7;True
2559;4;9;5;True
2560;2;4;2;True
2561;3;6;3;True
2562;2;2;0;True
2563;1;1;0;True
2564;8;12;4;True
2565;2;4;2;True
2566;3;6;3;True
2567;4;12;8;True
2568;4;8;4;True
2569;2;2;0;True
2570;3;9;6;True
2571;5;12;7;True
2572;9;16;7;True
2573;4;4;0;True
2574;1;1;0;True
2575;0;0;0;True
2576;6;9;3;True
2577;5;9;4;True
2578;3;4;1;True
2579;3;4;1;True
2580;3;9;6;True
2581;3;6;3;True
2582;2;2;0;True
2583;8;16;8;True
2584;1;1;0;True
2585;3;6;3;True
2586;7;12;5;True
2587;3;9;6;True
2588;7;16;9;True
2589;4;9;5;True
2590;1;1;0;True
2591;2;2;0;True
2592;1;1;0;True
2593;3;4;1;True
2594;4;9;5;True
2595;7;16;9;True
2596;1;1;0;True
2597;1;1;0;True
2598;2;4;2;True
2599;8;12;4;True
2600;5;9;4;True
2601;6;12;6;True
2602;5;9;4;True
2603;2;4;2;True
2604;1;1;0;True
2605;5;12;7;True
2606;2;2;0;True
2607;0;0;0;True
2608;8;12;4;True
2609;5;8;3;True
2610;3;9;6;True
2611;5;16;11;True
2612;9;16;7;True
2613;6;9;3;True
2614;3;4;1;True
2615;3;6;3;True
2616;8;16;8;True
2617;3;6;3;True
2618;4;9;5;True
2619;3;6;3;True
2620;3;4;1;True
2621;5;6;1;True
2622;0;0;0;True
2623;0;0;0;True
2624;4;6;2;True
2625;3;4;1;True
2626;5;12;7;True
2627;5;12;7;True
2628;2;2;0;True
2629;2;4;2;True
2630;8;12;4;True
2631;3;6;3;True
2632;3;9;6;True
2633;3;4;1;True
2634;3;6;3;True
2635;8;16;8;True
2636;2;4;2;True
2637;2;4;2;True
2638;8;16;8;True
2639;5;9;4;True
2640;4;9;5;True
2641;3;3;0;True
2642;3;6;3;True
2643;11;16;5;True
2644;4;16;12;True
2645;1;1;0;True
2646;4;6;2;True
2647;3;4;1;True
2648;0;0;0;True
2649;8;16;8;True
2650;5;12;7;True
2651;5;9;4;True
2652;0;0;0;True
2653;3;4;1;True
2654;7;16;9;True
2655;3;6;3;True
2656;7;12;5;True
2657;2;4;2;True
2658;1;1;0;True
2659;2;2;0;True
2660;2;2;0;True
2661;8;16;8;True
2662;4;9;5;True
2663;3;3;0;True
2664;6;16;10;True
2665;5;12;7;True
2666;4;9;5;True
2667;2;4;2;True
2668;1;1;0;True
2669;4;6;2;True
2670;5;12;7;True
2671;6;16;10;True
2672;5;9;4;True
2673;0;0;0;True
2674;4;9;5;True
2675;0;0;0;True
2676;5;12;7;True
2677;5;12;7;True
2678;5;16;11;True
2679;4;6;2;True
2680;3;4;1;True
2681;1;1;0;True
2682;4;6;2;True
2683;3;4;1;True
2684;3;4;1;True
2685;3;4;1;True
2686;2;4;2;True
2687;7;12;5;True
2688;4;9;5;True
2689;7;12;5;True
2690;3;6;3;True
2691;1;1;0;True
2692;3;9;6;True
2693;3;9;6;True
2694;8;12;4;True
2695;8;16;8;True
2696;4;6;2;True
2697;4;16;12;True
2698;5;12;7;True
2699;1;1;0;True
2700;2;2;0;True
2701;7;16;9;True
2702;4;12;8;True
2703;2;4;2;True
2704;0;0;0;True
2705;3;6;3;True
2706;4;9;5;True
2707;4;6;2;True
2708;6;16;10;True
2709;5;9;4;True
2710;5;8;3;True
2711;2;2;0;True
2712;8;12;4;True
2713;5;9;4;True
2714;4;12;8;True
2715;2;4;2;True
2716;4;9;5;True
2717;2;2;0;True
2718;2;4;2;True
2719;3;6;3;True
2720;8;16;8;True
2721;7;16;9;True
2722;0;0;0;True
2723;4;9;5;True
2724;5;12;7;True
2725;4;9;5;True
2726;9;16;7;True
2727;3;4;1;True
2728;8;12;4;True
2729;6;8;2;True
2730;2;4;2;True
2731;8;12;4;True
2732;2;2;0;True
2733;5;8;3;True
2734;2;2;0;True
2735;5;16;11;True
2736;4;9;5;True
2737;2;4;2;True
2738;8;12;4;True
2739;5;16;11;True
2740;4;6;2;True
2741;6;9;3;True
2742;5;12;7;True
2743;4;8;4;True
2744;4;12;8;True
2745;3;4;1;True
2746;0;0;0;True
2747;8;16;8;True
2748;3;6;3;True
2749;4;6;2;True
2750;5;12;7;True
2751;4;8;4;True
2752;2;4;2;True
2753;2;4;2;True
2754;2;4;2;True
2755;2;4;2;True
2756;6;12;6;True
2757;0;0;0;True
2758;4;12;8;True
2759;3;6;3;True
2760;0;0;0;True
2761;2;2;0;True
2762;2;2;0;True
2763;7;16;9;True
2764;4;9;5;True
2765;8;12;4;True
2766;5;9;4;True
2767;0;0;0;True
2768;4;9;5;True
2769;2;2;0;True
2770;5;16;11;True
2771;3;6;3;True
2772;1;1;0;True
2773;4;6;2;True
2774;4;16;12;True
2775;2;4;2;True
2776;1;1;0;True
2777;5;6;1;True
2778;2;4;2;True
2779;5;12;7;True
2780;8;12;4;True
2781;5;8;3;True
2782;1;1;0;True
2783;6;12;6;True
2784;10;16;6;True
2785;4;9;5;True
2786;0;0;0;True
2787;6;16;10;True
2788;5;9;4;True
2789;1;1;0;True
2790;3;9;6;True
2791;2;2;0;True
2792;8;12;4;True
2793;2;4;2;True
2794;5;12;7;True
2795;3;6;3;True
2796;5;9;4;True
2797;1;1;0;True
2798;4;9;5;True
2799;5;12;7;True
2800;7;16;9;True
2801;6;16;10;True
2802;2;4;2;True
2803;3;6;3;True
2804;4;9;5;True
2805;10;16;6;True
2806;0;0;0;True
2807;2;4;2;True
2808;3;6;3;True
2809;4;9;5;True
2810;4;9;5;True
2811;3;4;1;True
2812;5;9;4;True
2813;1;1;0;True
2814;3;6;3;True
2815;0;0;0;True
2816;4;9;5;True
2817;7;12;5;True
2818;2;2;0;True
2819;7;12;5;True
2820;3;6;3;True
2821;5;12;7;True
2822;1;1;0;True
2823;2;2;0;True
2824;4;6;2;True
2825;0;0;0;True
2826;0;0;0;True
2827;1;1;0;True
2828;6;16;10;True
2829;1;1;0;True
2830;3;4;1;True
2831;0;0;0;True
2832;5;12;7;True
2833;4;6;2;True
2834;9;16;7;True
2835;9;12;3;True
2836;1;1;0;True
2837;0;0;0;True
2838;4;12;8;True
2839;4;6;2;True
2840;0;0;0;True
2841;3;6;3;True
2842;1;1;0;True
2843;1;1;0;True
2844;1;1;0;True
2845;4;6;2;True
2846;9;16;7;True
2847;4;9;5;True
2848;0;0;0;True
2849;4;6;2;True
2850;4;9;5;True
2851;6;12;6;True
2852;1;1;0;True
2853;2;4;2;True
2854;1;1;0;True
2855;5;12;7;True
2856;6;16;10;True
2857;4;9;5;True
2858;1;1;0;True
2859;1;1;0;True
2860;1;1;0;True
2861;5;12;7;True
2862;3;4;1;True
2863;5;9;4;True
2864;7;16;9;True
2865;7;12;5;True
2866;1;1;0;True
2867;7;16;9;True
2868;4;12;8;True
2869;4;9;5;True
2870;1;1;0;True
2871;3;6;3;True
2872;6;12;6;True
2873;9;16;7;True
2874;6;12;6;True
2875;5;9;4;True
2876;4;9;5;True
2877;6;9;3;True
2878;3;6;3;True
2879;7;16;9;True
2880;3;9;6;True
2881;7;12;5;True
2882;2;4;2;True
2883;1;1;0;True
2884;5;12;7;True
2885;4;9;5;True
2886;6;16;10;True
2887;3;4;1;True
2888;2;4;2;True
2889;0;0;0;True
2890;1;1;0;True
2891;2;2;0;True
2892;2;4;2;True
2893;4;9;5;True
2894;3;6;3;True
2895;3;6;3;True
2896;3;6;3;True
2897;4;9;5;True
2898;5;9;4;True
2899;3;4;1;True
2900;7;16;9;True
2901;5;9;4;True
2902;4;12;8;True
2903;9;16;7;True
2904;6;16;10;True
2905;2;2;0;True
2906;4;16;12;True
2907;4;12;8;True
2908;2;4;2;True
2909;7;12;5;True
2910;6;8;2;True
2911;2;2;0;True
2912;6;9;3;True
2913;0;0;0;True
2914;3;6;3;True
2915;3;3;0;True
2916;5;16;11;True
2917;3;3;0;True
2918;8;12;4;True
2919;5;9;4;True
2920;1;1;0;True
2921;6;12;6;True
2922;0;0;0;True
2923;4;9;5;True
2924;5;12;7;True
2925;7;12;5;True
2926;2;4;2;True
2927;9;16;7;True
2928;2;4;2;True
2929;6;12;6;True
2930;4;9;5;True
2931;5;12;7;True
2932;5;12;7;True
2933;0;0;0;True
2934;6;12;6;True
2935;6;12;6;True
2936;3;4;1;True
2937;5;9;4;True
2938;1;1;0;True
2939;5;12;7;True
2940;5;9;4;True
2941;3;9;6;True
2942;0;0;0;True
2943;3;6;3;True
2944;3;4;1;True
2945;3;6;3;True
2946;3;6;3;True
2947;6;12;6;True
2948;1;1;0;True
2949;2;4;2;True
2950;5;9;4;True
2951;1;1;0;True
2952;7;16;9;True
2953;8;16;8;True
2954;2;4;2;True
2955;6;12;6;True
2956;3;6;3;True
2957;5;6;1;True
2958;3;9;6;True
2959;6;16;10;True
2960;6;16;10;True
2961;2;4;2;True
2962;7;16;9;True
2963;4;6;2;True
2964;5;12;7;True
2965;10;16;6;True
2966;3;6;3;True
2967;1;1;0;True
2968;6;12;6;True
2969;2;2;0;True
2970;2;2;0;True
2971;4;6;2;True
2972;3;4;1;True
2973;4;9;5;True
2974;2;4;2;True
2975;5;16;11;True
2976;6;12;6;True
2977;4;6;2;True
2978;1;1;0;True
2979;3;6;3;True
2980;7;12;5;True
2981;5;12;7;True
2982;4;12;8;True
2983;4;9;5;True
2984;4;9;5;True
2985;3;6;3;True
2986;3;6;3;True
2987;0;0;0;True
2988;1;1;0;True
2989;3;6;3;True
2990;4;6;2;True
2991;5;9;4;True
2992;2;4;2;True
2993;3;9;6;True
2994;6;9;3;True
2995;4;6;2;True
2996;8;16;8;True
2997;5;9;4;True
2998;4;12;8;True
2999;2;2;0;True
3000;6;12;6;True
3001;6;12;6;True
3002;6;12;6;True
3003;4;12;8;True
3004;1;1;0;True
3005;1;1;0;True
3006;4;12;8;True
3007;7;12;5;True
3008;1;1;0;True
3009;5;12;7;True
3010;2;4;2;True
3011;1;1;0;True
3012;6;8;2;True
3013;2;2;0;True
3014;2;2;0;True
3015;2;2;0;True
3016;1;1;0;True
3017;3;4;1;True
3018;5;16;11;True
3019;2;2;0;True
3020;3;4;1;True
3021;5;9;4;True
3022;1;1;0;True
3023;2;2;0;True
3024;7;12;5;True
3025;4;9;5;True
3026;1;1;0;True
3027;2;4;2;True
3028;4;9;5;True
3029;6;12;6;True
3030;3;6;3;True
3031;3;4;1;True
3032;5;16;11;True
3033;3;6;3;True
3034;5;12;7;True
3035;9;16;7;True
3036;5;12;7;True
3037;3;6;3;True
3038;1;1;0;True
3039;4;9;5;True
3040;2;2;0;True
3041;2;4;2;True
3042;4;6;2;True
3043;4;9;5;True
3044;6;12;6;True
3045;8;12;4;True
3046;2;4;2;True
3047;4;9;5;True
3048;4;6;2;True
3049;6;12;6;True
3050;4;6;2;True
3051;8;16;8;True
3052;0;0;0;True
3053;5;12;7;True
3054;0;0;0;True
3055;5;12;7;True
3056;8;12;4;True
3057;4;9;5;True
3058;4;8;4;True
3059;4;9;5;True
3060;4;4;0;True
3061;7;16;9;True
3062;0;0;0;True
3063;1;1;0;True
3064;5;8;3;True
3065;2;4;2;True
3066;8;16;8;True
3067;4;9;5;True
3068;4;6;2;True
3069;3;9;6;True
3070;8;16;8;True
3071;3;9;6;True
3072;1;1;0;True
3073;4;8;4;True
3074;4;9;5;True
3075;3;6;3;True
3076;2;4;2;True
3077;0;0;0;True
3078;5;12;7;True
3079;2;2;0;True
3080;0;0;0;True
3081;4;6;2;True
3082;4;9;5;True
3083;1;1;0;True
3084;2;4;2;True
3085;3;6;3;True
3086;2;2;0;True
3087;3;4;1;True
3088;2;2;0;True
3089;2;4;2;True
3090;0;0;0;True
3091;5;12;7;True
3092;2;2;0;True
3093;4;4;0;True
3094;3;6;3;True
3095;4;9;5;True
3096;2;4;2;True
3097;1;1;0;True
3098;1;1;0;True
3099;9;16;7;True
3100;6;16;10;True
3101;3;4;1;True
3102;3;3;0;True
3103;5;12;7;True
3104;6;12;6;True
3105;1;1;0;True
3106;2;2;0;True
3107;1;1;0;True
3108;4;6;2;True
3109;1;1;0;True
3110;2;4;2;True
3111;3;4;1;True
3112;3;4;1;True
3113;9;16;7;True
3114;4;9;5;True
3115;4;8;4;True
3116;2;2;0;True
3117;1;1;0;True
3118;5;12;7;True
3119;7;8;1;True
3120;5;16;11;True
3121;0;0;0;True
3122;5;9;4;True
3123;9;16;7;True
3124;6;12;6;True
3125;2;2;0;True
3126;2;4;2;True
3127;1;1;0;True
3128;1;1;0;True
3129;2;4;2;True
3130;1;1;0;True
3131;1;1;0;True
3132;2;4;2;True
3133;8;16;8;True
3134;3;6;3;True
3135;3;6;3;True
3136;4;9;5;True
3137;1;1;0;True
3138;3;6;3;True
3139;5;6;1;True
3140;5;12;7;True
3141;3;6;3;True
3142;2;4;2;True
3143;3;6;3;True
3144;2;4;2;True
3145;3;6;3;True
3146;3;9;6;True
3147;4;6;2;True
3148;3;4;1;True
3149;1;1;0;True
3150;1;1;0;True
3151;7;16;9;True
3152;2;2;0;True
3153;4;6;2;True
3154;2;4;2;True
3155;6;12;6;True
3156;6;16;10;True
3157;6;12;6;True
3158;10;16;6;True
3159;9;16;7;True
3160;3;4;1;True
3161;6;12;6;True
3162;7;16;9;True
3163;5;8;3;True
3164;0;0;0;True
3165;5;12;7;True
3166;7;9;2;True
3167;3;6;3;True
3168;3;3;0;True
3169;2;2;0;True
3170;3;9;6;True
3171;4;9;5;True
3172;3;4;1;True
3173;4;9;5;True
3174;4;6;2;True
3175;6;12;6;True
3176;3;6;3;True
3177;6;9;3;True
3178;1;1;0;True
3179;8;16;8;True
3180;4;6;2;True
3181;7;16;9;True
3182;1;1;0;True
3183;7;16;9;True
3184;2;4;2;True
3185;0;0;0;True
3186;2;2;0;True
3187;3;6;3;True
3188;4;6;2;True
3189;2;2;0;True
3190;2;4;2;True
3191;2;2;0;True
3192;1;1;0;True
3193;0;0;0;True
3194;1;1;0;True
3195;7;16;9;True
3196;4;6;2;True
3197;6;16;10;True
3198;2;4;2;True
3199;5;16;11;True
3200;2;4;2;True
3201;7;12;5;True
3202;3;6;3;True
3203;5;12;7;True
3204;4;12;8;True
3205;10;16;6;True
3206;3;6;3;True
3207;0;0;0;True
3208;4;6;2;True
3209;2;2;0;True
3210;5;6;1;True
3211;6;12;6;True
3212;5;9;4;True
3213;5;9;4;True
3214;4;9;5;True
3215;8;12;4;True
3216;7;16;9;True
3217;6;12;6;True
3218;4;6;2;True
3219;1;1;0;True
3220;3;6;3;True
3221;7;16;9;True
3222;5;6;1;True
3223;1;1;0;True
3224;5;9;4;True
3225;2;4;2;True
3226;2;2;0;True
3227;2;4;2;True
3228;2;2;0;True
3229;1;1;0;True
3230;5;6;1;True
3231;6;12;6;True
3232;1;1;0;True
3233;4;9;5;True
3234;7;16;9;True
3235;1;1;0;True
3236;3;6;3;True
3237;8;16;8;True
3238;6;12;6;True
3239;5;12;7;True
3240;3;4;1;True
3241;7;12;5;True
3242;0;0;0;True
3243;3;4;1;True
3244;1;1;0;True
3245;6;9;3;True
3246;5;12;7;True
3247;6;12;6;True
3248;7;16;9;True
3249;0;0;0;True
3250;2;2;0;True
3251;4;12;8;True
3252;1;1;0;True
3253;1;1;0;True
3254;1;1;0;True
3255;5;12;7;True
3256;3;4;1;True
3257;0;0;0;True
3258;6;16;10;True
3259;1;1;0;True
3260;2;4;2;True
3261;1;1;0;True
3262;5;12;7;True
3263;4;9;5;True
3264;4;9;5;True
3265;1;1;0;True
3266;3;9;6;True
3267;6;12;6;True
3268;2;2;0;True
3269;6;12;6;True
3270;3;4;1;True
3271;2;4;2;True
3272;4;9;5;True
3273;3;9;6;True
3274;2;4;2;True
3275;3;6;3;True
3276;4;9;5;True
3277;0;0;0;True
3278;2;4;2;True
3279;2;4;2;True
3280;8;16;8;True
3281;4;6;2;True
3282;6;16;10;True
3283;5;12;7;True
3284;5;9;4;True
3285;2;2;0;True
3286;6;12;6;True
3287;4;9;5;True
3288;5;16;11;True
3289;7;16;9;True
3290;2;4;2;True
3291;6;12;6;True
3292;6;12;6;True
3293;5;12;7;True
3294;4;9;5;True
3295;4;12;8;True
3296;9;12;3;True
3297;4;9;5;True
3298;6;9;3;True
3299;1;1;0;True
3300;6;12;6;True
3301;6;9;3;True
3302;5;9;4;True
3303;3;4;1;True
3304;6;12;6;True
3305;5;9;4;True
3306;10;16;6;True
3307;4;9;5;True
3308;6;16;10;True
3309;2;4;2;True
3310;1;1;0;True
3311;4;6;2;True
3312;6;12;6;True
3313;2;2;0;True
3314;1;1;0;True
3315;5;8;3;True
3316;2;4;2;True
3317;5;12;7;True
3318;0;0;0;True
3319;6;16;10;True
3320;4;9;5;True
3321;0;0;0;True
3322;5;9;4;True
3323;0;0;0;True
3324;3;6;3;True
3325;3;6;3;True
3326;3;9;6;True
3327;4;12;8;True
3328;2;2;0;True
3329;2;4;2;True
3330;4;12;8;True
3331;5;9;4;True
3332;3;9;6;True
3333;2;4;2;True
3334;4;9;5;True
3335;5;12;7;True
3336;3;6;3;True
3337;5;12;7;True
3338;3;4;1;True
3339;5;8;3;True
3340;2;4;2;True
3341;3;9;6;True
3342;9;16;7;True
3343;4;6;2;True
3344;2;4;2;True
3345;5;12;7;True
3346;5;12;7;True
3347;2;4;2;True
3348;3;6;3;True
3349;0;0;0;True
3350;2;2;0;True
3351;5;9;4;True
3352;3;4;1;True
3353;5;9;4;True
3354;3;3;0;True
3355;6;12;6;True
3356;2;4;2;True
3357;2;4;2;True
3358;2;4;2;True
3359;2;4;2;True
3360;7;16;9;True
3361;1;1;0;True
3362;3;9;6;True
3363;3;6;3;True
3364;4;9;5;True
3365;0;0;0;True
3366;1;1;0;True
3367;5;12;7;True
3368;3;9;6;True
3369;5;12;7;True
3370;2;2;0;True
3371;4;9;5;True
3372;1;1;0;True
3373;2;2;0;True
3374;0;0;0;True
3375;1;1;0;True
3376;4;6;2;True
3377;7;12;5;True
3378;3;9;6;True
3379;6;12;6;True
3380;2;2;0;True
3381;1;1;0;True
3382;1;1;0;True
3383;2;4;2;True
3384;4;6;2;True
3385;2;4;2;True
3386;5;9;4;True
3387;5;16;11;True
3388;7;16;9;True
3389;2;4;2;True
3390;7;16;9;True
3391;3;9;6;True
3392;6;9;3;True
3393;2;2;0;True
3394;2;4;2;True
3395;4;9;5;True
3396;3;6;3;True
3397;4;6;2;True
3398;5;9;4;True
3399;1;1;0;True
3400;6;9;3;True
3401;6;6;0;True
3402;9;16;7;True
3403;5;9;4;True
3404;2;2;0;True
3405;2;4;2;True
3406;8;16;8;True
3407;3;4;1;True
3408;1;1;0;True
3409;3;4;1;True
3410;4;6;2;True
3411;3;9;6;True
3412;7;12;5;True
3413;2;4;2;True
3414;2;4;2;True
3415;1;1;0;True
3416;11;16;5;True
3417;2;2;0;True
3418;5;9;4;True
3419;1;1;0;True
3420;4;9;5;True
3421;5;12;7;True
3422;2;4;2;True
3423;6;16;10;True
3424;5;12;7;True
3425;6;12;6;True
3426;4;6;2;True
3427;4;12;8;True
3428;2;4;2;True
3429;4;8;4;True
3430;2;4;2;True
3431;2;4;2;True
3432;4;9;5;True
3433;1;1;0;True
3434;4;9;5;True
3435;6;16;10;True
3436;2;4;2;True
3437;4;12;8;True
3438;0;0;0;True
3439;7;12;5;True
3440;1;1;0;True
3441;1;1;0;True
3442;0;0;0;True
3443;4;6;2;True
3444;4;6;2;True
3445;5;8;3;True
3446;5;9;4;True
3447;8;16;8;True
3448;5;8;3;True
3449;8;16;8;True
3450;5;9;4;True
3451;2;4;2;True
3452;2;2;0;True
3453;5;12;7;True
3454;4;4;0;True
3455;6;16;10;True
3456;1;1;0;True
3457;2;2;0;True
3458;3;4;1;True
3459;5;9;4;True
3460;4;6;2;True
3461;4;6;2;True
3462;5;16;11;True
3463;4;9;5;True
3464;3;6;3;True
3465;3;6;3;True
3466;0;0;0;True
3467;3;6;3;True
3468;4;12;8;True
3469;2;2;0;True
3470;5;16;11;True
3471;1;1;0;True
3472;3;6;3;True
3473;5;12;7;True
3474;6;12;6;True
3475;1;1;0;True
3476;2;4;2;True
3477;3;4;1;True
3478;3;6;3;True
3479;2;4;2;True
3480;2;2;0;True
3481;1;1;0;True
3482;2;4;2;True
3483;4;9;5;True
3484;3;9;6;True
3485;2;2;0;True
3486;6;12;6;True
3487;3;9;6;True
3488;6;16;10;True
3489;7;12;5;True
3490;5;8;3;True
3491;6;16;10;True
3492;4;12;8;True
3493;4;6;2;True
3494;5;9;4;True
3495;2;4;2;True
3496;4;6;2;True
3497;1;1;0;True
3498;0;0;0;True
3499;5;12;7;True
3500;5;9;4;True
3501;6;9;3;True
3502;0;0;0;True
3503;3;6;3;True
3504;3;9;6;True
3505;1;1;0;True
3506;6;12;6;True
3507;4;6;2;True
3508;3;6;3;True
3509;6;12;6;True
3510;3;6;3;True
3511;0;0;0;True
3512;2;4;2;True
3513;3;6;3;True
3514;4;9;5;True
3515;4;12;8;True
3516;8;16;8;True
3517;2;2;0;True
3518;4;9;5;True
3519;9;16;7;True
3520;1;1;0;True
3521;3;4;1;True
3522;1;1;0;True
3523;9;16;7;True
3524;3;6;3;True
3525;5;9;4;True
3526;3;6;3;True
3527;2;4;2;True
3528;3;6;3;True
3529;7;16;9;True
3530;6;12;6;True
3531;8;16;8;True
3532;5;9;4;True
3533;2;2;0;True
3534;2;2;0;True
3535;4;8;4;True
3536;0;0;0;True
3537;4;6;2;True
3538;3;4;1;True
3539;6;12;6;True
3540;1;1;0;True
3541;3;6;3;True
3542;4;12;8;True
3543;6;12;6;True
3544;3;6;3;True
3545;2;4;2;True
3546;5;9;4;True
3547;3;6;3;True
3548;4;12;8;True
3549;2;2;0;True
3550;2;4;2;True
3551;1;1;0;True
3552;5;12;7;True
3553;2;4;2;True
3554;10;16;6;True
3555;4;6;2;True
3556;3;6;3;True
3557;6;16;10;True
3558;6;16;10;True
3559;5;9;4;True
3560;4;12;8;True
3561;3;6;3;True
3562;8;12;4;True
3563;3;6;3;True
3564;3;3;0;True
3565;7;16;9;True
3566;4;6;2;True
3567;5;12;7;True
3568;3;6;3;True
3569;8;12;4;True
3570;3;4;1;True
3571;3;4;1;True
3572;2;4;2;True
3573;4;12;8;True
3574;4;6;2;True
3575;3;9;6;True
3576;4;6;2;True
3577;7;12;5;True
3578;3;6;3;True
3579;7;12;5;True
3580;3;9;6;True
3581;0;0;0;True
3582;5;9;4;True
3583;5;8;3;True
3584;4;12;8;True
3585;4;9;5;True
3586;3;6;3;True
3587;7;12;5;True
3588;5;12;7;True
3589;3;6;3;True
3590;5;12;7;True
3591;4;9;5;True
3592;2;4;2;True
3593;8;16;8;True
3594;3;6;3;True
3595;2;4;2;True
3596;6;12;6;True
3597;3;6;3;True
3598;3;4;1;True
3599;3;4;1;True
3600;5;16;11;True
3601;2;4;2;True
3602;2;2;0;True
3603;4;6;2;True
3604;0;0;0;True
3605;6;16;10;True
3606;7;16;9;True
3607;8;12;4;True
3608;4;6;2;True
3609;4;6;2;True
3610;1;1;0;True
3611;1;1;0;True
3612;2;4;2;True
3613;0;0;0;True
3614;1;1;0;True
3615;3;9;6;True
3616;4;6;2;True
3617;5;9;4;True
3618;1;1;0;True
3619;4;9;5;True
3620;5;9;4;True
3621;1;1;0;True
3622;1;1;0;True
3623;6;12;6;True
3624;1;1;0;True
3625;6;12;6;True
3626;6;16;10;True
3627;2;2;0;True
3628;4;9;5;True
3629;1;1;0;True
3630;1;1;0;True
3631;1;1;0;True
3632;6;16;10;True
3633;2;4;2;True
3634;4;9;5;True
3635;2;2;0;True
3636;2;2;0;True
3637;4;9;5;True
3638;6;12;6;True
3639;4;6;2;True
3640;4;9;5;True
3641;4;6;2;True
3642;5;12;7;True
3643;3;6;3;True
3644;3;3;0;True
3645;5;9;4;True
3646;3;6;3;True
3647;3;9;6;True
3648;10;16;6;True
3649;4;12;8;True
3650;5;8;3;True
3651;1;1;0;True
3652;3;4;1;True
3653;6;12;6;True
3654;7;16;9;True
3655;0;0;0;True
3656;2;2;0;True
3657;6;12;6;True
3658;0;0;0;True
3659;1;1;0;True
3660;7;12;5;True
3661;4;9;5;True
3662;1;1;0;True
3663;3;6;3;True
3664;0;0;0;True
3665;2;4;2;True
3666;1;1;0;True
3667;4;9;5;True
3668;6;12;6;True
3669;5;16;11;True
3670;6;12;6;True
3671;1;1;0;True
3672;8;8;0;True
3673;5;12;7;True
3674;1;1;0;True
3675;8;16;8;True
3676;7;16;9;True
3677;3;9;6;True
3678;7;12;5;True
3679;6;12;6;True
3680;2;2;0;True
3681;4;6;2;True
3682;2;4;2;True
3683;5;12;7;True
3684;3;6;3;True
3685;2;4;2;True
3686;8;12;4;True
3687;5;12;7;True
3688;6;16;10;True
3689;6;12;6;True
3690;8;12;4;True
3691;3;6;3;True
3692;1;1;0;True
3693;6;8;2;True
3694;8;16;8;True
3695;3;6;3;True
3696;6;9;3;True
3697;2;4;2;True
3698;7;12;5;True
3699;1;1;0;True
3700;4;6;2;True
3701;3;9;6;True
3702;2;4;2;True
3703;4;12;8;True
3704;1;1;0;True
3705;3;3;0;True
3706;3;4;1;True
3707;0;0;0;True
3708;2;2;0;True
3709;5;12;7;True
3710;4;9;5;True
3711;2;2;0;True
3712;1;1;0;True
3713;2;2;0;True
3714;3;9;6;True
3715;5;12;7;True
3716;3;3;0;True
3717;5;12;7;True
3718;2;2;0;True
3719;2;2;0;True
3720;1;1;0;True
3721;8;16;8;True
3722;3;6;3;True
3723;5;12;7;True
3724;4;6;2;True
3725;2;4;2;True
3726;4;9;5;True
3727;3;6;3;True
3728;6;8;2;True
3729;5;16;11;True
3730;3;4;1;True
3731;4;9;5;True
3732;2;4;2;True
3733;4;9;5;True
3734;7;16;9;True
3735;1;1;0;True
3736;6;12;6;True
3737;4;12;8;True
3738;4;9;5;True
3739;7;12;5;True
3740;0;0;0;True
3741;5;6;1;True
3742;2;2;0;True
3743;4;6;2;True
3744;5;9;4;True
3745;1;1;0;True
3746;5;6;1;True
3747;4;6;2;True
3748;6;16;10;True
3749;2;2;0;True
3750;5;12;7;True
3751;5;12;7;True
3752;2;2;0;True
3753;5;12;7;True
3754;3;4;1;True
3755;1;1;0;True
3756;9;16;7;True
3757;0;0;0;True
3758;4;12;8;True
3759;1;1;0;True
3760;1;1;0;True
3761;1;1;0;True
3762;0;0;0;True
3763;5;8;3;True
3764;4;9;5;True
3765;1;1;0;True
3766;3;9;6;True
3767;4;6;2;True
3768;8;16;8;True
3769;4;9;5;True
3770;5;9;4;True
3771;0;0;0;True
3772;0;0;0;True
3773;2;2;0;True
3774;1;1;0;True
3775;3;4;1;True
3776;2;4;2;True
3777;1;1;0;True
3778;3;6;3;True
3779;8;16;8;True
3780;2;4;2;True
3781;2;4;2;True
3782;5;8;3;True
3783;0;0;0;True
3784;5;12;7;True
3785;9;16;7;True
3786;4;12;8;True
3787;8;12;4;True
3788;3;9;6;True
3789;6;12;6;True
3790;1;1;0;True
3791;0;0;0;True
3792;5;6;1;True
3793;1;1;0;True
3794;6;12;6;True
3795;5;16;11;True
3796;5;8;3;True
3797;3;6;3;True
3798;0;0;0;True
3799;3;6;3;True
3800;4;9;5;True
3801;8;16;8;True
3802;4;6;2;True
3803;2;4;2;True
3804;1;1;0;True
3805;4;12;8;True
3806;2;4;2;True
3807;2;2;0;True
3808;3;3;0;True
3809;2;4;2;True
3810;5;8;3;True
3811;2;2;0;True
3812;4;9;5;True
3813;0;0;0;True
3814;1;1;0;True
3815;7;12;5;True
3816;1;1;0;True
3817;2;4;2;True
3818;4;9;5;True
3819;9;16;7;True
3820;2;4;2;True
3821;3;6;3;True
3822;6;9;3;True
3823;3;6;3;True
3824;10;16;6;True
3825;0;0;0;True
3826;1;1;0;True
3827;5;6;1;True
3828;4;12;8;True
3829;6;16;10;True
3830;4;12;8;True
3831;2;4;2;True
3832;8;16;8;True
3833;0;0;0;True
3834;2;2;0;True
3835;4;9;5;True
3836;6;16;10;True
3837;3;6;3;True
3838;3;4;1;True
3839;5;9;4;True
3840;0;0;0;True
3841;6;16;10;True
3842;3;6;3;True
3843;8;16;8;True
3844;5;16;11;True
3845;9;16;7;True
3846;5;12;7;True
3847;4;6;2;True
3848;2;4;2;True
3849;0;0;0;True
3850;2;2;0;True
3851;4;6;2;True
3852;1;1;0;True
3853;2;4;2;True
3854;5;16;11;True
3855;9;16;7;True
3856;0;0;0;True
3857;3;9;6;True
3858;9;16;7;True
3859;4;9;5;True
3860;0;0;0;True
3861;4;6;2;True
3862;2;4;2;True
3863;6;12;6;True
3864;5;9;4;True
3865;1;1;0;True
3866;2;4;2;True
3867;8;12;4;True
3868;3;9;6;True
3869;4;12;8;True
3870;2;4;2;True
3871;0;0;0;True
3872;2;4;2;True
3873;7;16;9;True
3874;4;9;5;True
3875;2;2;0;True
3876;5;12;7;True
3877;2;4;2;True
3878;2;4;2;True
3879;1;1;0;True
3880;1;1;0;True
3881;6;8;2;True
3882;7;16;9;True
3883;7;16;9;True
3884;2;2;0;True
3885;5;12;7;True
3886;5;6;1;True
3887;3;4;1;True
3888;0;0;0;True
3889;4;9;5;True
3890;5;9;4;True
3891;1;1;0;True
3892;2;2;0;True
3893;4;9;5;True
3894;5;9;4;True
3895;3;3;0;True
3896;6;9;3;True
3897;9;16;7;True
3898;0;0;0;True
3899;7;16;9;True
3900;5;12;7;True
3901;4;9;5;True
3902;2;4;2;True
3903;0;0;0;True
3904;3;6;3;True
3905;2;2;0;True
3906;4;4;0;True
3907;6;8;2;True
3908;2;2;0;True
3909;8;12;4;True
3910;8;16;8;True
3911;4;12;8;True
3912;5;6;1;True
3913;2;2;0;True
3914;4;9;5;True
3915;4;6;2;True
3916;7;12;5;True
3917;4;9;5;True
3918;1;1;0;True
3919;2;4;2;True
3920;8;16;8;True
3921;4;12;8;True
3922;5;9;4;True
3923;4;6;2;True
3924;3;9;6;True
3925;7;12;5;True
3926;3;4;1;True
3927;1;1;0;True
3928;3;4;1;True
3929;5;9;4;True
3930;3;9;6;True
3931;6;16;10;True
3932;4;6;2;True
3933;0;0;0;True
3934;5;8;3;True
3935;3;6;3;True
3936;5;9;4;True
3937;4;12;8;True
3938;3;6;3;True
3939;2;4;2;True
3940;4;12;8;True
3941;4;4;0;True
3942;5;12;7;True
3943;3;3;0;True
3944;5;6;1;True
3945;3;4;1;True
3946;4;6;2;True
3947;1;1;0;True
3948;2;4;2;True
3949;6;12;6;True
3950;2;2;0;True
3951;8;12;4;True
3952;0;0;0;True
3953;7;16;9;True
3954;3;6;3;True
3955;4;4;0;True
3956;3;6;3;True
3957;3;6;3;True
3958;2;4;2;True
3959;4;6;2;True
3960;2;2;0;True
3961;3;6;3;True
3962;5;9;4;True
3963;9;16;7;True
3964;4;6;2;True
3965;8;16;8;True
3966;0;0;0;True
3967;3;4;1;True
3968;3;6;3;True
3969;4;8;4;True
3970;2;2;0;True
3971;7;12;5;True
3972;5;9;4;True
3973;5;16;11;True
3974;2;2;0;True
3975;7;12;5;True
3976;1;1;0;True
3977;4;12;8;True
3978;3;4;1;True
3979;6;9;3;True
3980;1;1;0;True
3981;2;2;0;True
3982;8;12;4;True
3983;4;9;5;True
3984;2;4;2;True
3985;4;9;5;True
3986;5;9;4;True
3987;8;12;4;True
3988;1;1;0;True
3989;3;4;1;True
3990;6;12;6;True
3991;4;9;5;True
3992;3;4;1;True
3993;1;1;0;True
3994;0;0;0;True
3995;3;6;3;True
3996;2;2;0;True
3997;0;0;0;True
3998;1;1;0;True
3999;2;4;2;True
4000;4;6;2;True
4001;3;6;3;True
4002;5;12;7;True
4003;7;16;9;True
4004;6;9;3;True
4005;5;9;4;True
4006;4;9;5;True
4007;1;1;0;True
4008;5;12;7;True
4009;6;12;6;True
4010;1;1;0;True
4011;4;12;8;True
4012;8;16;8;True
4013;4;6;2;True
4014;3;4;1;True
4015;8;12;4;True
4016;5;9;4;True
4017;1;1;0;True
4018;1;1;0;True
4019;3;9;6;True
4020;0;0;0;True
4021;2;4;2;True
4022;1;1;0;True
4023;2;2;0;True
4024;3;6;3;True
4025;0;0;0;True
4026;4;6;2;True
4027;5;8;3;True
4028;1;1;0;True
4029;7;12;5;True
4030;7;16;9;True
4031;0;0;0;True
4032;4;12;8;True
4033;3;3;0;True
4034;5;12;7;True
4035;3;6;3;True
4036;6;16;10;True
4037;2;2;0;True
4038;3;4;1;True
4039;0;0;0;True
4040;3;6;3;True
4041;9;16;7;True
4042;6;9;3;True
4043;5;16;11;True
4044;10;16;6;True
4045;7;12;5;True
4046;2;2;0;True
4047;3;9;6;True
4048;4;9;5;True
4049;2;4;2;True
4050;3;6;3;True
4051;4;6;2;True
4052;2;4;2;True
4053;4;9;5;True
4054;2;2;0;True
4055;0;0;0;True
4056;4;9;5;True
4057;5;12;7;True
4058;3;3;0;True
4059;1;1;0;True
4060;4;8;4;True
4061;5;8;3;True
4062;6;9;3;True
4063;1;1;0;True
4064;7;12;5;True
4065;3;4;1;True
4066;2;2;0;True
4067;9;16;7;True
4068;7;12;5;True
4069;1;1;0;True
4070;3;4;1;True
4071;0;0;0;True
4072;5;9;4;True
4073;1;1;0;True
4074;3;6;3;True
4075;2;2;0;True
4076;5;9;4;True
4077;3;4;1;True
4078;4;12;8;True
4079;5;12;7;True
4080;6;12;6;True
4081;5;12;7;True
4082;1;1;0;True
4083;6;12;6;True
4084;8;16;8;True
4085;0;0;0;True
4086;6;12;6;True
4087;2;4;2;True
4088;3;6;3;True
4089;8;12;4;True
4090;3;4;1;True
4091;9;16;7;True
4092;4;9;5;True
4093;5;9;4;True
4094;4;12;8;True
4095;3;9;6;True
4096;3;6;3;True
4097;3;6;3;True
4098;4;9;5;True
4099;2;2;0;True
4100;1;1;0;True
4101;7;16;9;True
4102;6;12;6;True
4103;5;12;7;True
4104;2;4;2;True
4105;4;12;8;True
4106;7;12;5;True
4107;0;0;0;True
4108;3;6;3;True
4109;3;6;3;True
4110;5;16;11;True
4111;2;4;2;True
4112;6;12;6;True
4113;1;1;0;True
4114;3;6;3;True
4115;8;16;8;True
4116;5;12;7;True
4117;5;9;4;True
4118;4;9;5;True
4119;6;9;3;True
4120;2;4;2;True
4121;7;16;9;True
4122;1;1;0;True
4123;2;4;2;True
4124;7;9;2;True
4125;9;16;7;True
4126;3;9;6;True
4127;1;1;0;True
4128;2;2;0;True
4129;5;9;4;True
4130;4;12;8;True
4131;6;12;6;True
4132;2;4;2;True
4133;7;12;5;True
4134;2;4;2;True
4135;3;9;6;True
4136;6;9;3;True
4137;0;0;0;True
4138;1;1;0;True
4139;5;9;4;True
4140;4;16;12;True
4141;2;2;0;True
4142;5;12;7;True
4143;5;12;7;True
4144;4;12;8;True
4145;3;4;1;True
4146;2;4;2;True
4147;1;1;0;True
4148;10;16;6;True
4149;5;12;7;True
4150;2;2;0;True
4151;1;1;0;True
4152;6;12;6;True
4153;1;1;0;True
4154;4;6;2;True
4155;3;4;1;True
4156;0;0;0;True
4157;4;6;2;True
4158;0;0;0;True
4159;3;3;0;True
4160;2;4;2;True
4161;0;0;0;True
4162;4;12;8;True
4163;2;4;2;True
4164;8;16;8;True
4165;6;16;10;True
4166;1;1;0;True
4167;4;6;2;True
4168;6;12;6;True
4169;7;16;9;True
4170;3;6;3;True
4171;6;9;3;True
4172;3;4;1;True
4173;0;0;0;True
4174;5;9;4;True
4175;2;4;2;True
4176;4;12;8;True
4177;3;4;1;True
4178;2;2;0;True
4179;3;6;3;True
4180;1;1;0;True
4181;5;12;7;True
4182;6;12;6;True
4183;2;4;2;True
4184;4;12;8;True
4185;5;9;4;True
4186;0;0;0;True
4187;4;9;5;True
4188;1;1;0;True
4189;1;1;0;True
4190;8;16;8;True
4191;3;9;6;True
4192;4;9;5;True
4193;5;12;7;True
4194;3;4;1;True
4195;4;6;2;True
4196;1;1;0;True
4197;4;4;0;True
4198;4;16;12;True
4199;2;4;2;True
4200;4;9;5;True
4201;0;0;0;True
4202;8;16;8;True
4203;1;1;0;True
4204;6;16;10;True
4205;1;1;0;True
4206;2;4;2;True
4207;0;0;0;True
4208;6;9;3;True
4209;8;12;4;True
4210;4;6;2;True
4211;8;16;8;True
4212;2;4;2;True
4213;1;1;0;True
4214;6;12;6;True
4215;3;6;3;True
4216;2;2;0;True
4217;5;9;4;True
4218;3;6;3;True
4219;2;4;2;True
4220;6;16;10;True
4221;5;9;4;True
4222;6;16;10;True
4223;6;12;6;True
4224;6;12;6;True
4225;1;1;0;True
4226;4;6;2;True
4227;1;1;0;True
4228;2;2;0;True
4229;3;4;1;True
4230;4;9;5;True
4231;7;16;9;True
4232;7;16;9;True
4233;5;9;4;True
4234;3;4;1;True
4235;2;4;2;True
4236;4;12;8;True
4237;10;16;6;True
4238;2;2;0;True
4239;2;4;2;True
4240;6;12;6;True
4241;3;9;6;True
4242;3;6;3;True
4243;5;12;7;True
4244;2;2;0;True
4245;6;16;10;True
4246;2;2;0;True
4247;7;12;5;True
4248;1;1;0;True
4249;2;4;2;True
4250;3;3;0;True
4251;4;12;8;True
4252;3;6;3;True
4253;6;16;10;True
4254;6;16;10;True
4255;4;6;2;True
4256;4;9;5;True
4257;1;1;0;True
4258;0;0;0;True
4259;0;0;0;True
4260;1;1;0;True
4261;4;12;8;True
4262;5;16;11;True
4263;3;9;6;True
4264;0;0;0;True
4265;4;6;2;True
4266;4;6;2;True
4267;3;9;6;True
4268;4;9;5;True
4269;7;16;9;True
4270;5;12;7;True
4271;8;16;8;True
4272;5;12;7;True
4273;10;16;6;True
4274;4;16;12;True
4275;6;12;6;True
4276;3;6;3;True
4277;2;2;0;True
4278;2;4;2;True
4279;4;9;5;True
4280;4;8;4;True
4281;1;1;0;True
4282;5;9;4;True
4283;7;12;5;True
4284;8;16;8;True
4285;3;9;6;True
4286;6;16;10;True
4287;2;2;0;True
4288;4;6;2;True
4289;4;9;5;True
4290;1;1;0;True
4291;4;9;5;True
4292;4;9;5;True
4293;1;1;0;True
4294;1;1;0;True
4295;2;4;2;True
4296;5;6;1;True
4297;6;9;3;True
4298;1;1;0;True
4299;3;6;3;True
4300;4;6;2;True
4301;6;12;6;True
4302;7;12;5;True
4303;3;9;6;True
4304;7;16;9;True
4305;3;6;3;True
4306;3;6;3;True
4307;12;16;4;True
4308;2;4;2;True
4309;5;12;7;True
4310;0;0;0;True
4311;1;1;0;True
4312;5;9;4;True
4313;6;12;6;True
4314;6;12;6;True
4315;6;12;6;True
4316;3;6;3;True
4317;3;6;3;True
4318;0;0;0;True
4319;4;9;5;True
4320;6;12;6;True
4321;2;2;0;True
4322;5;9;4;True
4323;2;4;2;True
4324;1;1;0;True
4325;7;16;9;True
4326;11;16;5;True
4327;7;16;9;True
4328;5;12;7;True
4329;1;1;0;True
4330;1;1;0;True
4331;6;12;6;True
4332;2;2;0;True
4333;4;9;5;True
4334;2;4;2;True
4335;6;12;6;True
4336;4;6;2;True
4337;5;9;4;True
4338;0;0;0;True
4339;3;9;6;True
4340;3;6;3;True
4341;6;12;6;True
4342;2;4;2;True
4343;1;1;0;True
4344;3;4;1;True
4345;4;6;2;True
4346;0;0;0;True
4347;3;6;3;True
4348;4;6;2;True
4349;4;8;4;True
4350;5;12;7;True
4351;1;1;0;True
4352;4;4;0;True
4353;5;16;11;True
4354;0;0;0;True
4355;3;6;3;True
4356;5;8;3;True
4357;2;4;2;True
4358;3;9;6;True
4359;3;6;3;True
4360;1;1;0;True
4361;4;6;2;True
4362;4;8;4;True
4363;4;9;5;True
4364;1;1;0;True
4365;4;6;2;True
4366;2;4;2;True
4367;2;4;2;True
4368;10;16;6;True
4369;1;1;0;True
4370;1;1;0;True
4371;1;1;0;True
4372;4;12;8;True
4373;3;6;3;True
4374;6;12;6;True
4375;5;16;11;True
4376;10;16;6;True
4377;5;9;4;True
4378;6;9;3;True
4379;0;0;0;True
4380;6;12;6;True
4381;4;9;5;True
4382;6;16;10;True
4383;5;12;7;True
4384;5;9;4;True
4385;4;8;4;True
4386;2;4;2;True
4387;5;16;11;True
4388;3;4;1;True
4389;1;1;0;True
4390;5;12;7;True
4391;3;4;1;True
4392;3;6;3;True
4393;5;9;4;True
4394;5;9;4;True
4395;3;6;3;True
4396;1;1;0;True
4397;4;12;8;True
4398;6;12;6;True
4399;3;6;3;True
4400;1;1;0;True
4401;5;12;7;True
4402;6;16;10;True
4403;4;9;5;True
4404;8;16;8;True
4405;4;6;2;True
4406;1;1;0;True
4407;4;6;2;True
4408;1;1;0;True
4409;4;6;2;True
4410;6;12;6;True
4411;4;6;2;True
4412;0;0;0;True
4413;3;6;3;True
4414;5;12;7;True
4415;1;1;0;True
4416;0;0;0;True
4417;0;0;0;True
4418;5;12;7;True
4419;7;16;9;True
4420;5;9;4;True
4421;1;1;0;True
4422;4;6;2;True
4423;5;12;7;True
4424;1;1;0;True
4425;4;9;5;True
4426;1;1;0;True
4427;4;6;2;True
4428;4;9;5;True
4429;1;1;0;True
4430;2;4;2;True
4431;5;8;3;True
4432;2;4;2;True
4433;2;4;2;True
4434;7;12;5;True
4435;0;0;0;True
4436;7;12;5;True
4437;0;0;0;True
4438;8;16;8;True
4439;2;4;2;True
4440;5;12;7;True
4441;1;1;0;True
4442;4;9;5;True
4443;5;8;3;True
4444;3;4;1;True
4445;7;16;9;True
4446;2;2;0;True
4447;2;4;2;True
4448;3;4;1;True
4449;5;9;4;True
4450;3;3;0;True
4451;4;12;8;True
4452;7;12;5;True
4453;3;6;3;True
4454;4;6;2;True
4455;8;16;8;True
4456;1;1;0;True
4457;3;6;3;True
4458;7;16;9;True
4459;5;8;3;True
4460;3;6;3;True
4461;5;12;7;True
4462;2;4;2;True
4463;0;0;0;True
4464;0;0;0;True
4465;3;4;1;True
4466;7;16;9;True
4467;2;4;2;True
4468;1;1;0;True
4469;1;1;0;True
4470;6;12;6;True
4471;5;8;3;True
4472;3;9;6;True
4473;5;12;7;True
4474;4;9;5;True
4475;4;6;2;True
4476;1;1;0;True
4477;5;9;4;True
4478;7;16;9;True
4479;10;16;6;True
4480;2;4;2;True
4481;2;4;2;True
4482;5;12;7;True
4483;4;9;5;True
4484;2;2;0;True
4485;3;6;3;True
4486;5;9;4;True
4487;1;1;0;True
4488;0;0;0;True
4489;1;1;0;True
4490;2;4;2;True
4491;1;1;0;True
4492;7;12;5;True
4493;7;12;5;True
4494;1;1;0;True
4495;4;9;5;True
4496;0;0;0;True
4497;3;6;3;True
4498;3;9;6;True
4499;7;12;5;True
4500;8;12;4;True
4501;3;6;3;True
4502;3;6;3;True
4503;5;16;11;True
4504;9;16;7;True
4505;1;1;0;True
4506;2;2;0;True
4507;0;0;0;True
4508;5;12;7;True
4509;3;9;6;True
4510;3;4;1;True
4511;3;6;3;True
4512;4;9;5;True
4513;8;12;4;True
4514;5;9;4;True
4515;3;4;1;True
4516;1;1;0;True
4517;3;4;1;True
4518;3;6;3;True
4519;8;9;1;True
4520;6;9;3;True
4521;3;6;3;True
4522;3;9;6;True
4523;0;0;0;True
4524;0;0;0;True
4525;5;6;1;True
4526;7;12;5;True
4527;2;4;2;True
4528;1;1;0;True
4529;4;12;8;True
4530;4;6;2;True
4531;3;6;3;True
4532;4;9;5;True
4533;3;9;6;True
4534;2;2;0;True
4535;9;16;7;True
4536;4;6;2;True
4537;4;6;2;True
4538;5;9;4;True
4539;4;9;5;True
4540;3;6;3;True
4541;2;2;0;True
4542;2;2;0;True
4543;1;1;0;True
4544;5;16;11;True
4545;1;1;0;True
4546;1;1;0;True
4547;5;12;7;True
4548;5;9;4;True
4549;6;12;6;True
4550;4;4;0;True
4551;8;16;8;True
4552;2;4;2;True
4553;2;4;2;True
4554;3;6;3;True
4555;6;9;3;True
4556;3;9;6;True
4557;8;16;8;True
4558;4;6;2;True
4559;7;16;9;True
4560;3;9;6;True
4561;0;0;0;True
4562;5;6;1;True
4563;3;9;6;True
4564;6;16;10;True
4565;3;9;6;True
4566;6;12;6;True
4567;4;9;5;True
4568;4;9;5;True
4569;2;4;2;True
4570;1;1;0;True
4571;0;0;0;True
4572;0;0;0;True
4573;6;12;6;True
4574;0;0;0;True
4575;5;9;4;True
4576;7;12;5;True
4577;4;9;5;True
4578;1;1;0;True
4579;3;6;3;True
4580;0;0;0;True
4581;7;12;5;True
4582;2;4;2;True
4583;4;12;8;True
4584;3;6;3;True
4585;2;4;2;True
4586;7;12;5;True
4587;6;12;6;True
4588;4;4;0;True
4589;7;16;9;True
4590;8;16;8;True
4591;9;16;7;True
4592;5;12;7;True
4593;0;0;0;True
4594;7;16;9;True
4595;3;6;3;True
4596;6;12;6;True
4597;5;12;7;True
4598;0;0;0;True
4599;1;1;0;True
4600;1;1;0;True
4601;5;9;4;True
4602;7;12;5;True
4603;5;8;3;True
4604;0;0;0;True
4605;4;8;4;True
4606;5;12;7;True
4607;1;1;0;True
4608;2;2;0;True
4609;5;16;11;True
4610;5;12;7;True
4611;5;9;4;True
4612;4;6;2;True
4613;5;12;7;True
4614;5;12;7;True
4615;3;6;3;True
4616;2;2;0;True
4617;7;9;2;True
4618;4;6;2;True
4619;6;12;6;True
4620;6;9;3;True
4621;4;12;8;True
4622;1;1;0;True
4623;5;9;4;True
4624;2;4;2;True
4625;0;0;0;True
4626;2;4;2;True
4627;6;12;6;True
4628;5;8;3;True
4629;7;16;9;True
4630;5;12;7;True
4631;7;16;9;True
4632;3;4;1;True
4633;10;16;6;True
4634;9;16;7;True
4635;4;9;5;True
4636;2;4;2;True
4637;1;1;0;True
4638;3;6;3;True
4639;3;6;3;True
4640;6;9;3;True
4641;1;1;0;True
4642;2;4;2;True
4643;2;4;2;True
4644;4;9;5;True
4645;8;12;4;True
4646;1;1;0;True
4647;4;9;5;True
4648;5;9;4;True
4649;2;2;0;True
4650;5;6;1;True
4651;1;1;0;True
4652;4;9;5;True
4653;3;6;3;True
4654;5;8;3;True
4655;1;1;0;True
4656;3;9;6;True
4657;10;16;6;True
4658;6;12;6;True
4659;3;6;3;True
4660;5;12;7;True
4661;5;9;4;True
4662;2;4;2;True
4663;6;12;6;True
4664;11;16;5;True
4665;1;1;0;True
4666;4;9;5;True
4667;7;16;9;True
4668;3;4;1;True
4669;0;0;0;True
4670;5;9;4;True
4671;9;16;7;True
4672;3;4;1;True
4673;1;1;0;True
4674;0;0;0;True
4675;3;6;3;True
4676;2;4;2;True
4677;5;9;4;True
4678;1;1;0;True
4679;1;1;0;True
4680;2;2;0;True
4681;1;1;0;True
4682;1;1;0;True
4683;2;4;2;True
4684;5;9;4;True
4685;0;0;0;True
4686;3;4;1;True
4687;5;12;7;True
4688;1;1;0;True
4689;1;1;0;True
4690;3;6;3;True
4691;3;6;3;True
4692;4;6;2;True
4693;2;4;2;True
4694;6;12;6;True
4695;8;16;8;True
4696;2;4;2;True
4697;4;9;5;True
4698;7;16;9;True
4699;4;6;2;True
4700;3;4;1;True
4701;8;16;8;True
4702;7;16;9;True
4703;3;6;3;True
4704;2;2;0;True
4705;2;4;2;True
4706;0;0;0;True
4707;2;4;2;True
4708;6;12;6;True
4709;6;9;3;True
4710;2;4;2;True
4711;2;2;0;True
4712;1;1;0;True
4713;5;16;11;True
4714;4;9;5;True
4715;4;9;5;True
4716;2;4;2;True
4717;1;1;0;True
4718;2;4;2;True
4719;1;1;0;True
4720;3;6;3;True
4721;0;0;0;True
4722;7;12;5;True
4723;0;0;0;True
4724;2;2;0;True
4725;6;12;6;True
4726;3;6;3;True
4727;5;12;7;True
4728;7;16;9;True
4729;3;6;3;True
4730;2;2;0;True
4731;2;2;0;True
4732;2;4;2;True
4733;3;3;0;True
4734;7;16;9;True
4735;8;16;8;True
4736;3;6;3;True
4737;3;6;3;True
4738;4;9;5;True
4739;2;4;2;True
4740;2;4;2;True
4741;8;12;4;True
4742;2;4;2;True
4743;1;1;0;True
4744;0;0;0;True
4745;3;4;1;True
4746;5;9;4;True
4747;2;2;0;True
4748;7;16;9;True
4749;5;6;1;True
4750;3;4;1;True
4751;5;6;1;True
4752;5;12;7;True
4753;2;2;0;True
4754;4;6;2;True
4755;5;9;4;True
4756;8;16;8;True
4757;0;0;0;True
4758;3;6;3;True
4759;1;1;0;True
4760;3;4;1;True
4761;4;9;5;True
4762;3;6;3;True
4763;1;1;0;True
4764;5;9;4;True
4765;2;4;2;True
4766;5;9;4;True
4767;3;3;0;True
4768;3;6;3;True
4769;5;12;7;True
4770;8;16;8;True
4771;6;12;6;True
4772;3;4;1;True
4773;3;9;6;True
4774;1;1;0;True
4775;1;1;0;True
4776;4;12;8;True
4777;4;8;4;True
4778;4;9;5;True
4779;2;2;0;True
4780;5;6;1;True
4781;1;1;0;True
4782;2;2;0;True
4783;2;4;2;True
4784;2;4;2;True
4785;5;12;7;True
4786;3;4;1;True
4787;3;6;3;True
4788;3;6;3;True
4789;1;1;0;True
4790;0;0;0;True
4791;3;6;3;True
4792;5;16;11;True
4793;1;1;0;True
4794;6;12;6;True
4795;1;1;0;True
4796;0;0;0;True
4797;9;16;7;True
4798;7;16;9;True
4799;0;0;0;True
4800;9;16;7;True
4801;6;12;6;True
4802;2;2;0;True
4803;3;6;3;True
4804;1;1;0;True
4805;6;12;6;True
4806;4;12;8;True
4807;6;9;3;True
4808;6;16;10;True
4809;4;6;2;True
4810;3;9;6;True
4811;5;6;1;True
4812;4;6;2;True
4813;3;6;3;True
4814;9;16;7;True
4815;5;12;7;True
4816;4;9;5;True
4817;4;6;2;True
4818;1;1;0;True
4819;0;0;0;True
4820;4;6;2;True
4821;7;16;9;True
4822;4;6;2;True
4823;1;1;0;True
4824;0;0;0;True
4825;2;2;0;True
4826;3;6;3;True
4827;2;4;2;True
4828;2;2;0;True
4829;2;2;0;True
4830;5;9;4;True
4831;4;6;2;True
4832;1;1;0;True
4833;2;4;2;True
4834;2;4;2;True
4835;5;16;11;True
4836;5;9;4;True
4837;9;16;7;True
4838;4;12;8;True
4839;7;12;5;True
4840;6;12;6;True
4841;4;6;2;True
4842;2;2;0;True
4843;3;9;6;True
4844;1;1;0;True
4845;3;3;0;True
4846;2;2;0;True
4847;1;1;0;True
4848;3;3;0;True
4849;4;6;2;True
4850;2;2;0;True
4851;2;4;2;True
4852;1;1;0;True
4853;3;9;6;True
4854;2;4;2;True
4855;5;12;7;True
4856;2;2;0;True
4857;0;0;0;True
4858;3;3;0;True
4859;2;4;2;True
4860;2;4;2;True
4861;6;9;3;True
4862;6;12;6;True
4863;4;8;4;True
4864;4;9;5;True
4865;5;12;7;True
4866;3;3;0;True
4867;9;16;7;True
4868;3;6;3;True
4869;5;9;4;True
4870;4;6;2;True
4871;2;4;2;True
4872;3;4;1;True
4873;5;12;7;True
4874;3;6;3;True
4875;7;12;5;True
4876;2;2;0;True
4877;2;4;2;True
4878;2;4;2;True
4879;6;9;3;True
4880;3;6;3;True
4881;3;6;3;True
4882;3;6;3;True
4883;2;2;0;True
4884;3;6;3;True
4885;6;12;6;True
4886;7;16;9;True
4887;0;0;0;True
4888;6;12;6;True
4889;6;12;6;True
4890;0;0;0;True
4891;2;2;0;True
4892;5;12;7;True
4893;4;9;5;True
4894;3;6;3;True
4895;2;2;0;True
4896;7;12;5;True
4897;8;16;8;True
4898;1;1;0;True
4899;3;4;1;True
4900;0;0;0;True
4901;1;1;0;True
4902;5;6;1;True
4903;5;12;7;True
4904;2;2;0;True
4905;7;16;9;True
4906;6;12;6;True
4907;1;1;0;True
4908;5;9;4;True
4909;2;4;2;True
4910;8;12;4;True
4911;1;1;0;True
4912;6;16;10;True
4913;4;6;2;True
4914;6;16;10;True
4915;1;1;0;True
4916;1;1;0;True
4917;8;16;8;True
4918;4;6;2;True
4919;5;9;4;True
4920;4;8;4;True
4921;3;6;3;True
4922;3;3;0;True
4923;2;4;2;True
4924;2;4;2;True
4925;2;2;0;True
4926;3;6;3;True
4927;9;16;7;True
4928;5;12;7;True
4929;4;9;5;True
4930;4;9;5;True
4931;5;12;7;True
4932;5;9;4;True
4933;3;6;3;True
4934;4;9;5;True
4935;5;6;1;True
4936;8;12;4;True
4937;0;0;0;True
4938;7;16;9;True
4939;8;16;8;True
4940;4;6;2;True
4941;2;4;2;True
4942;4;6;2;True
4943;3;3;0;True
4944;0;0;0;True
4945;5;12;7;True
4946;2;4;2;True
4947;7;16;9;True
4948;1;1;0;True
4949;1;1;0;True
4950;2;2;0;True
4951;1;1;0;True
4952;1;1;0;True
4953;1;1;0;True
4954;4;6;2;True
4955;4;9;5;True
4956;3;6;3;True
4957;5;12;7;True
4958;5;12;7;True
4959;4;8;4;True
4960;3;3;0;True
4961;1;1;0;True
4962;8;12;4;True
4963;6;9;3;True
4964;1;1;0;True
4965;1;1;0;True
4966;1;1;0;True
4967;5;16;11;True
4968;6;9;3;True
4969;7;12;5;True
4970;6;12;6;True
4971;7;12;5;True
4972;8;16;8;True
4973;2;2;0;True
4974;1;1;0;True
4975;1;1;0;True
4976;4;6;2;True
4977;3;9;6;True
4978;8;16;8;True
4979;6;9;3;True
4980;3;4;1;True
4981;6;16;10;True
4982;6;12;6;True
4983;4;9;5;True
4984;3;9;6;True
4985;1;1;0;True
4986;4;9;5;True
4987;4;9;5;True
4988;7;16;9;True
4989;5;12;7;True
4990;2;4;2;True
4991;8;16;8;True
4992;4;6;2;True
4993;5;9;4;True
4994;2;2;0;True
4995;1;1;0;True
4996;4;6;2;True
4997;2;4;2;True
4998;5;12;7;True
4999;3;6;3;True
5000;3;9;6;True
5001;2;4;2;True
5002;4;12;8;True
5003;5;12;7;True
5004;2;4;2;True
5005;0;0;0;True
5006;1;1;0;True
5007;2;2;0;True
5008;4;9;5;True
5009;4;6;2;True
5010;2;2;0;True
5011;7;16;9;True
5012;4;8;4;True
5013;2;4;2;True
5014;5;6;1;True
5015;0;0;0;True
5016;5;8;3;True
5017;5;9;4;True
5018;4;6;2;True
5019;0;0;0;True
5020;5;6;1;True
5021;4;16;12;True
5022;1;1;0;True
5023;3;6;3;True
5024;3;6;3;True
5025;6;9;3;True
5026;3;6;3;True
5027;2;2;0;True
5028;3;6;3;True
5029;3;4;1;True
5030;1;1;0;True
5031;6;12;6;True
5032;5;8;3;True
5033;6;12;6;True
5034;1;1;0;True
5035;4;6;2;True
5036;7;16;9;True
5037;3;6;3;True
5038;3;6;3;True
5039;4;9;5;True
5040;7;16;9;True
5041;5;9;4;True
5042;4;9;5;True
5043;3;3;0;True
5044;1;1;0;True
5045;5;12;7;True
5046;8;12;4;True
5047;2;2;0;True
5048;6;12;6;True
5049;4;9;5;True
5050;1;1;0;True
5051;8;16;8;True
5052;3;6;3;True
5053;5;12;7;True
5054;5;9;4;True
5055;3;6;3;True
5056;0;0;0;True
5057;1;1;0;True
5058;1;1;0;True
5059;5;12;7;True
5060;6;12;6;True
5061;4;12;8;True
5062;6;9;3;True
5063;5;6;1;True
5064;4;9;5;True
5065;5;9;4;True
5066;5;12;7;True
5067;1;1;0;True
5068;1;1;0;True
5069;5;9;4;True
5070;7;16;9;True
5071;0;0;0;True
5072;1;1;0;True
5073;5;16;11;True
5074;2;2;0;True
5075;6;16;10;True
5076;9;16;7;True
5077;6;12;6;True
5078;5;12;7;True
5079;2;4;2;True
5080;2;2;0;True
5081;7;12;5;True
5082;5;16;11;True
5083;3;6;3;True
5084;2;4;2;True
5085;7;16;9;True
5086;3;6;3;True
5087;4;12;8;True
5088;7;12;5;True
5089;5;9;4;True
5090;7;12;5;True
5091;4;9;5;True
5092;6;12;6;True
5093;4;9;5;True
5094;4;9;5;True
5095;4;6;2;True
5096;6;16;10;True
5097;5;8;3;True
5098;4;9;5;True
5099;0;0;0;True
5100;1;1;0;True
5101;1;1;0;True
5102;3;4;1;True
5103;3;9;6;True
5104;3;9;6;True
5105;5;12;7;True
5106;7;16;9;True
5107;7;12;5;True
5108;5;12;7;True
5109;2;4;2;True
5110;9;12;3;True
5111;8;16;8;True
5112;7;16;9;True
5113;7;12;5;True
5114;4;9;5;True
5115;4;9;5;True
5116;4;6;2;True
5117;3;9;6;True
5118;3;9;6;True
5119;4;9;5;True
5120;0;0;0;True
5121;6;16;10;True
5122;4;9;5;True
5123;0;0;0;True
5124;5;12;7;True
5125;7;16;9;True
5126;4;6;2;True
5127;3;6;3;True
5128;4;12;8;True
5129;5;12;7;True
5130;4;6;2;True
5131;3;6;3;True
5132;6;8;2;True
5133;1;1;0;True
5134;5;12;7;True
5135;2;4;2;True
5136;3;6;3;True
5137;1;1;0;True
5138;5;12;7;True
5139;1;1;0;True
5140;0;0;0;True
5141;0;0;0;True
5142;3;4;1;True
5143;11;16;5;True
5144;3;6;3;True
5145;4;6;2;True
5146;2;4;2;True
5147;4;6;2;True
5148;7;16;9;True
5149;1;1;0;True
5150;1;1;0;True
5151;7;16;9;True
5152;7;12;5;True
5153;2;4;2;True
5154;1;1;0;True
5155;0;0;0;True
5156;3;6;3;True
5157;2;2;0;True
5158;2;4;2;True
5159;6;12;6;True
5160;3;6;3;True
5161;4;9;5;True
5162;6;16;10;True
5163;4;6;2;True
5164;7;16;9;True
5165;5;9;4;True
5166;2;2;0;True
5167;6;9;3;True
5168;6;16;10;True
5169;8;12;4;True
5170;1;1;0;True
5171;6;16;10;True
5172;2;2;0;True
5173;1;1;0;True
5174;1;1;0;True
5175;2;4;2;True
5176;2;2;0;True
5177;5;9;4;True
5178;6;16;10;True
5179;2;2;0;True
5180;4;6;2;True
5181;0;0;0;True
5182;8;12;4;True
5183;2;4;2;True
5184;6;12;6;True
5185;1;1;0;True
5186;6;9;3;True
5187;3;9;6;True
5188;3;6;3;True
5189;5;8;3;True
5190;7;12;5;True
5191;7;16;9;True
5192;6;16;10;True
5193;1;1;0;True
5194;6;16;10;True
5195;3;9;6;True
5196;4;6;2;True
5197;3;6;3;True
5198;4;8;4;True
5199;3;6;3;True
5200;4;8;4;True
5201;3;4;1;True
5202;6;12;6;True
5203;2;2;0;True
5204;2;2;0;True
5205;3;6;3;True
5206;4;6;2;True
5207;6;12;6;True
5208;2;4;2;True
5209;4;9;5;True
5210;5;9;4;True
5211;6;16;10;True
5212;3;9;6;True
5213;1;1;0;True
5214;3;4;1;True
5215;3;4;1;True
5216;2;2;0;True
5217;4;9;5;True
5218;6;9;3;True
5219;2;4;2;True
5220;3;4;1;True
5221;4;8;4;True
5222;0;0;0;True
5223;8;16;8;True
5224;1;1;0;True
5225;7;12;5;True
5226;4;12;8;True
5227;2;4;2;True
5228;4;12;8;True
5229;2;4;2;True
5230;10;16;6;True
5231;3;6;3;True
5232;3;4;1;True
5233;3;6;3;True
5234;3;6;3;True
5235;8;16;8;True
5236;1;1;0;True
5237;1;1;0;True
5238;1;1;0;True
5239;2;4;2;True
5240;7;16;9;True
5241;2;4;2;True
5242;1;1;0;True
5243;6;16;10;True
5244;4;9;5;True
5245;4;12;8;True
5246;6;16;10;True
5247;3;6;3;True
5248;6;12;6;True
5249;10;16;6;True
5250;4;9;5;True
5251;0;0;0;True
5252;7;16;9;True
5253;6;16;10;True
5254;4;6;2;True
5255;3;6;3;True
5256;4;12;8;True
5257;5;16;11;True
5258;5;12;7;True
5259;4;9;5;True
5260;5;9;4;True
5261;10;16;6;True
5262;4;6;2;True
5263;0;0;0;True
5264;0;0;0;True
5265;5;9;4;True
5266;2;4;2;True
5267;3;6;3;True
5268;4;6;2;True
5269;5;9;4;True
5270;3;9;6;True
5271;7;16;9;True
5272;2;4;2;True
5273;1;1;0;True
5274;1;1;0;True
5275;7;16;9;True
5276;5;9;4;True
5277;4;6;2;True
5278;3;4;1;True
5279;5;16;11;True
5280;6;12;6;True
5281;1;1;0;True
5282;6;8;2;True
5283;2;4;2;True
5284;3;6;3;True
5285;4;6;2;True
5286;4;9;5;True
5287;1;1;0;True
5288;2;4;2;True
5289;4;8;4;True
5290;0;0;0;True
5291;2;4;2;True
5292;8;12;4;True
5293;5;12;7;True
5294;7;16;9;True
5295;5;12;7;True
5296;2;4;2;True
5297;7;16;9;True
5298;4;9;5;True
5299;2;2;0;True
5300;6;16;10;True
5301;2;2;0;True
5302;2;2;0;True
5303;3;4;1;True
5304;4;6;2;True
5305;4;6;2;True
5306;1;1;0;True
5307;1;1;0;True
5308;1;1;0;True
5309;0;0;0;True
5310;3;6;3;True
5311;1;1;0;True
5312;7;16;9;True
5313;6;16;10;True
5314;2;4;2;True
5315;3;9;6;True
5316;7;12;5;True
5317;11;16;5;True
5318;2;2;0;True
5319;4;6;2;True
5320;3;9;6;True
5321;3;9;6;True
5322;2;4;2;True
5323;3;6;3;True
5324;3;4;1;True
5325;4;8;4;True
5326;1;1;0;True
5327;4;12;8;True
5328;6;16;10;True
5329;4;12;8;True
5330;3;9;6;True
5331;6;12;6;True
5332;6;9;3;True
5333;5;9;4;True
5334;5;12;7;True
5335;3;4;1;True
5336;5;12;7;True
5337;6;16;10;True
5338;3;9;6;True
5339;7;12;5;True
5340;8;16;8;True
5341;2;2;0;True
5342;1;1;0;True
5343;5;12;7;True
5344;5;12;7;True
5345;7;16;9;True
5346;2;2;0;True
5347;6;16;10;True
5348;3;9;6;True
5349;4;12;8;True
5350;5;8;3;True
5351;7;16;9;True
5352;6;12;6;True
5353;8;12;4;True
5354;1;1;0;True
5355;3;4;1;True
5356;7;9;2;True
5357;3;4;1;True
5358;3;4;1;True
5359;3;4;1;True
5360;1;1;0;True
5361;1;1;0;True
5362;1;1;0;True
5363;6;16;10;True
5364;2;4;2;True
5365;5;12;7;True
5366;4;6;2;True
5367;2;2;0;True
5368;1;1;0;True
5369;2;2;0;True
5370;2;4;2;True
5371;5;6;1;True
5372;4;8;4;True
5373;4;9;5;True
5374;7;12;5;True
5375;5;6;1;True
5376;3;9;6;True
5377;3;4;1;True
5378;6;12;6;True
5379;5;9;4;True
5380;4;9;5;True
5381;3;9;6;True
5382;6;12;6;True
5383;6;12;6;True
5384;12;16;4;True
5385;1;1;0;True
5386;4;9;5;True
5387;3;6;3;True
5388;1;1;0;True
5389;7;16;9;True
5390;2;4;2;True
5391;1;1;0;True
5392;4;9;5;True
5393;3;9;6;True
5394;1;1;0;True
5395;1;1;0;True
5396;0;0;0;True
5397;3;6;3;True
5398;8;16;8;True
5399;2;4;2;True
5400;1;1;0;True
5401;0;0;0;True
5402;3;6;3;True
5403;4;9;5;True
5404;4;4;0;True
5405;0;0;0;True
5406;4;12;8;True
5407;2;4;2;True
5408;3;6;3;True
5409;5;9;4;True
5410;2;4;2;True
5411;3;6;3;True
5412;6;12;6;True
5413;4;6;2;True
5414;4;6;2;True
5415;4;6;2;True
5416;6;12;6;True
5417;2;4;2;True
5418;6;16;10;True
5419;7;16;9;True
5420;1;1;0;True
5421;2;4;2;True
5422;5;9;4;True
5423;1;1;0;True
5424;2;4;2;True
5425;4;12;8;True
5426;8;16;8;True
5427;3;6;3;True
5428;7;16;9;True
5429;6;12;6;True
5430;2;4;2;True
5431;2;4;2;True
5432;5;16;11;True
5433;1;1;0;True
5434;2;4;2;True
5435;1;1;0;True
5436;5;9;4;True
5437;9;16;7;True
5438;2;2;0;True
5439;5;12;7;True
5440;5;12;7;True
5441;0;0;0;True
5442;6;12;6;True
5443;2;2;0;True
5444;8;16;8;True
5445;2;2;0;True
5446;3;4;1;True
5447;3;6;3;True
5448;6;12;6;True
5449;5;12;7;True
5450;1;1;0;True
5451;1;1;0;True
5452;4;16;12;True
5453;2;2;0;True
5454;3;3;0;True
5455;0;0;0;True
5456;3;6;3;True
5457;5;12;7;True
5458;2;4;2;True
5459;7;12;5;True
5460;5;12;7;True
5461;5;16;11;True
5462;2;2;0;True
5463;2;2;0;True
5464;5;12;7;True
5465;0;0;0;True
5466;8;16;8;True
5467;3;6;3;True
5468;3;4;1;True
5469;4;9;5;True
5470;4;6;2;True
5471;0;0;0;True
5472;2;2;0;True
5473;2;2;0;True
5474;3;4;1;True
5475;7;16;9;True
5476;9;16;7;True
5477;2;2;0;True
5478;3;6;3;True
5479;1;1;0;True
5480;6;12;6;True
5481;9;16;7;True
5482;3;6;3;True
5483;1;1;0;True
5484;4;12;8;True
5485;2;2;0;True
5486;6;9;3;True
5487;1;1;0;True
5488;4;6;2;True
5489;2;4;2;True
5490;1;1;0;True
5491;0;0;0;True
5492;1;1;0;True
5493;6;12;6;True
5494;6;16;10;True
5495;4;6;2;True
5496;4;12;8;True
5497;9;16;7;True
5498;5;6;1;True
5499;5;16;11;True
5500;3;6;3;True
5501;2;2;0;True
5502;5;9;4;True
5503;6;9;3;True
5504;3;4;1;True
5505;4;6;2;True
5506;2;2;0;True
5507;4;6;2;True
5508;0;0;0;True
5509;0;0;0;True
5510;7;12;5;True
5511;3;6;3;True
5512;3;6;3;True
5513;1;1;0;True
5514;3;6;3;True
5515;4;9;5;True
5516;1;1;0;True
5517;4;4;0;True
5518;2;2;0;True
5519;0;0;0;True
5520;3;4;1;True
5521;1;1;0;True
5522;6;12;6;True
5523;3;4;1;True
5524;3;6;3;True
5525;3;4;1;True
5526;5;8;3;True
5527;3;6;3;True
5528;5;12;7;True
5529;3;4;1;True
5530;6;9;3;True
5531;6;16;10;True
5532;3;6;3;True
5533;5;9;4;True
5534;7;16;9;True
5535;3;4;1;True
5536;6;12;6;True
5537;3;6;3;True
5538;5;16;11;True
5539;4;12;8;True
5540;3;4;1;True
5541;0;0;0;True
5542;2;4;2;True
5543;0;0;0;True
5544;3;6;3;True
5545;1;1;0;True
5546;2;2;0;True
5547;2;2;0;True
5548;2;2;0;True
5549;5;12;7;True
5550;1;1;0;True
5551;5;9;4;True
5552;4;9;5;True
5553;2;4;2;True
5554;7;16;9;True
5555;3;6;3;True
5556;0;0;0;True
5557;5;12;7;True
5558;5;9;4;True
5559;2;4;2;True
5560;5;12;7;True
5561;2;2;0;True
5562;5;8;3;True
5563;3;6;3;True
5564;5;9;4;True
5565;1;1;0;True
5566;3;6;3;True
5567;4;6;2;True
5568;1;1;0;True
5569;4;6;2;True
5570;2;2;0;True
5571;7;12;5;True
5572;2;4;2;True
5573;2;2;0;True
5574;5;9;4;True
5575;7;12;5;True
5576;4;9;5;True
5577;1;1;0;True
5578;6;16;10;True
5579;5;12;7;True
5580;7;12;5;True
5581;4;6;2;True
5582;4;12;8;True
5583;3;9;6;True
5584;3;6;3;True
5585;1;1;0;True
5586;6;16;10;True
5587;0;0;0;True
5588;6;12;6;True
5589;1;1;0;True
5590;6;12;6;True
5591;0;0;0;True
5592;3;3;0;True
5593;3;9;6;True
5594;6;16;10;True
5595;1;1;0;True
5596;9;16;7;True
5597;5;16;11;True
5598;3;9;6;True
5599;2;4;2;True
5600;4;9;5;True
5601;2;4;2;True
5602;7;12;5;True
5603;1;1;0;True
5604;2;2;0;True
5605;3;3;0;True
5606;7;16;9;True
5607;4;9;5;True
5608;5;9;4;True
5609;4;6;2;True
5610;6;9;3;True
5611;2;4;2;True
5612;2;2;0;True
5613;5;12;7;True
5614;6;12;6;True
5615;3;4;1;True
5616;2;2;0;True
5617;2;4;2;True
5618;7;16;9;True
5619;2;2;0;True
5620;5;16;11;True
5621;7;16;9;True
5622;7;16;9;True
5623;1;1;0;True
5624;3;4;1;True
5625;2;2;0;True
5626;7;16;9;True
5627;0;0;0;True
5628;5;9;4;True
5629;3;6;3;True
5630;9;16;7;True
5631;0;0;0;True
5632;4;9;5;True
5633;1;1;0;True
5634;1;1;0;True
5635;1;1;0;True
5636;3;4;1;True
5637;6;9;3;True
5638;4;6;2;True
5639;7;16;9;True
5640;6;16;10;True
5641;2;2;0;True
5642;4;8;4;True
5643;4;9;5;True
5644;5;12;7;True
5645;4;6;2;True
5646;3;6;3;True
5647;3;6;3;True
5648;6;12;6;True
5649;3;6;3;True
5650;3;6;3;True
5651;2;4;2;True
5652;4;9;5;True
5653;4;12;8;True
5654;0;0;0;True
5655;4;9;5;True
5656;4;6;2;True
5657;7;12;5;True
5658;5;12;7;True
5659;7;12;5;True
5660;5;9;4;True
5661;2;4;2;True
5662;1;1;0;True
5663;5;9;4;True
5664;3;6;3;True
5665;4;6;2;True
5666;2;2;0;True
5667;5;9;4;True
5668;3;6;3;True
5669;5;9;4;True
5670;1;1;0;True
5671;5;9;4;True
5672;5;12;7;True
5673;1;1;0;True
5674;1;1;0;True
5675;0;0;0;True
5676;0;0;0;True
5677;2;4;2;True
5678;1;1;0;True
5679;2;4;2;True
5680;5;12;7;True
5681;1;1;0;True
5682;2;4;2;True
5683;4;9;5;True
5684;3;9;6;True
5685;6;12;6;True
5686;6;12;6;True
5687;2;4;2;True
5688;3;6;3;True
5689;2;4;2;True
5690;2;4;2;True
5691;3;9;6;True
5692;5;16;11;True
5693;1;1;0;True
5694;0;0;0;True
5695;5;9;4;True
5696;4;9;5;True
5697;1;1;0;True
5698;5;9;4;True
5699;6;16;10;True
5700;2;2;0;True
5701;1;1;0;True
5702;3;6;3;True
5703;2;2;0;True
5704;1;1;0;True
5705;7;12;5;True
5706;8;16;8;True
5707;5;6;1;True
5708;3;6;3;True
5709;4;9;5;True
5710;9;16;7;True
5711;2;4;2;True
5712;3;4;1;True
5713;2;4;2;True
5714;0;0;0;True
5715;6;16;10;True
5716;0;0;0;True
5717;5;16;11;True
5718;4;6;2;True
5719;2;2;0;True
5720;3;4;1;True
5721;2;4;2;True
5722;6;16;10;True
5723;3;9;6;True
5724;4;9;5;True
5725;8;12;4;True
5726;10;16;6;True
5727;3;4;1;True
5728;6;9;3;True
5729;4;9;5;True
5730;2;2;0;True
5731;1;1;0;True
5732;4;9;5;True
5733;1;1;0;True
5734;1;1;0;True
5735;3;6;3;True
5736;3;6;3;True
5737;3;6;3;True
5738;0;0;0;True
5739;7;16;9;True
5740;3;4;1;True
5741;5;12;7;True
5742;2;4;2;True
5743;3;6;3;True
5744;3;4;1;True
5745;7;16;9;True
5746;2;4;2;True
5747;2;4;2;True
5748;3;6;3;True
5749;5;9;4;True
5750;1;1;0;True
5751;3;6;3;True
5752;4;9;5;True
5753;3;6;3;True
5754;2;4;2;True
5755;2;4;2;True
5756;3;6;3;True
5757;4;9;5;True
5758;5;12;7;True
5759;2;4;2;True
5760;7;16;9;True
5761;2;4;2;True
5762;2;4;2;True
5763;7;16;9;True
5764;5;12;7;True
5765;1;1;0;True
5766;2;4;2;True
5767;2;2;0;True
5768;8;16;8;True
5769;3;4;1;True
5770;3;9;6;True
5771;4;8;4;True
5772;7;16;9;True
5773;2;4;2;True
5774;0;0;0;True
5775;1;1;0;True
5776;6;16;10;True
5777;4;9;5;True
5778;6;16;10;True
5779;6;9;3;True
5780;7;9;2;True
5781;4;6;2;True
5782;4;9;5;True
5783;5;16;11;True
5784;1;1;0;True
5785;6;12;6;True
5786;1;1;0;True
5787;1;1;0;True
5788;5;9;4;True
5789;5;12;7;True
5790;4;9;5;True
5791;3;6;3;True
5792;5;9;4;True
5793;7;12;5;True
5794;3;9;6;True
5795;4;12;8;True
5796;5;16;11;True
5797;4;12;8;True
5798;5;12;7;True
5799;2;4;2;True
5800;4;6;2;True
5801;2;4;2;True
5802;4;6;2;True
5803;3;4;1;True
5804;6;12;6;True
5805;1;1;0;True
5806;5;12;7;True
5807;3;6;3;True
5808;3;6;3;True
5809;4;6;2;True
5810;1;1;0;True
5811;5;12;7;True
5812;0;0;0;True
5813;4;9;5;True
5814;6;12;6;True
5815;2;2;0;True
5816;4;6;2;True
5817;2;4;2;True
5818;4;6;2;True
5819;2;4;2;True
5820;6;12;6;True
5821;6;12;6;True
5822;6;16;10;True
5823;0;0;0;True
5824;3;6;3;True
5825;2;2;0;True
5826;5;9;4;True
5827;11;16;5;True
5828;5;16;11;True
5829;6;12;6;True
5830;5;12;7;True
5831;3;4;1;True
5832;6;16;10;True
5833;4;8;4;True
5834;4;6;2;True
5835;3;6;3;True
5836;5;9;4;True
5837;1;1;0;True
5838;5;6;1;True
5839;7;16;9;True
5840;3;6;3;True
5841;4;9;5;True
5842;7;12;5;True
5843;1;1;0;True
5844;0;0;0;True
5845;3;9;6;True
5846;4;8;4;True
5847;3;6;3;True
5848;8;16;8;True
5849;4;9;5;True
5850;4;6;2;True
5851;3;6;3;True
5852;2;2;0;True
5853;5;12;7;True
5854;2;4;2;True
5855;6;12;6;True
5856;2;4;2;True
5857;1;1;0;True
5858;4;9;5;True
5859;6;16;10;True
5860;0;0;0;True
5861;0;0;0;True
5862;1;1;0;True
5863;0;0;0;True
5864;2;2;0;True
5865;9;16;7;True
5866;1;1;0;True
5867;7;9;2;True
5868;7;16;9;True
5869;6;9;3;True
5870;7;16;9;True
5871;3;9;6;True
5872;7;12;5;True
5873;6;12;6;True
5874;2;2;0;True
5875;7;9;2;True
5876;6;12;6;True
5877;2;4;2;True
5878;2;4;2;True
5879;8;16;8;True
5880;2;4;2;True
5881;2;2;0;True
5882;2;2;0;True
5883;5;12;7;True
5884;4;6;2;True
5885;2;4;2;True
5886;3;6;3;True
5887;4;9;5;True
5888;5;9;4;True
5889;5;6;1;True
5890;8;16;8;True
5891;1;1;0;True
5892;6;16;10;True
5893;3;6;3;True
5894;0;0;0;True
5895;3;9;6;True
5896;2;2;0;True
5897;2;2;0;True
5898;4;12;8;True
5899;3;4;1;True
5900;2;2;0;True
5901;6;16;10;True
5902;2;4;2;True
5903;3;6;3;True
5904;7;12;5;True
5905;6;12;6;True
5906;4;6;2;True
5907;6;9;3;True
5908;4;6;2;True
5909;0;0;0;True
5910;5;12;7;True
5911;4;6;2;True
5912;4;12;8;True
5913;6;16;10;True
5914;0;0;0;True
5915;9;16;7;True
5916;0;0;0;True
5917;8;12;4;True
5918;5;6;1;True
5919;4;8;4;True
5920;3;6;3;True
5921;1;1;0;True
5922;10;16;6;True
5923;7;12;5;True
5924;5;12;7;True
5925;4;9;5;True
5926;2;2;0;True
5927;1;1;0;True
5928;6;12;6;True
5929;6;9;3;True
5930;4;4;0;True
5931;1;1;0;True
5932;5;12;7;True
5933;2;4;2;True
5934;3;4;1;True
5935;7;12;5;True
5936;2;4;2;True
5937;5;9;4;True
5938;6;9;3;True
5939;6;12;6;True
5940;1;1;0;True
5941;6;9;3;True
5942;1;1;0;True
5943;4;6;2;True
5944;5;12;7;True
5945;5;9;4;True
5946;4;6;2;True
5947;5;12;7;True
5948;2;4;2;True
5949;3;9;6;True
5950;7;12;5;True
5951;2;4;2;True
5952;8;12;4;True
5953;8;12;4;True
5954;1;1;0;True
5955;0;0;0;True
5956;1;1;0;True
5957;6;16;10;True
5958;7;16;9;True
5959;4;9;5;True
5960;6;9;3;True
5961;0;0;0;True
5962;3;4;1;True
5963;3;6;3;True
5964;5;9;4;True
5965;0;0;0;True
5966;2;4;2;True
5967;4;6;2;True
5968;5;12;7;True
5969;1;1;0;True
5970;0;0;0;True
5971;3;6;3;True
5972;5;12;7;True
5973;0;0;0;True
5974;6;9;3;True
5975;5;8;3;True
5976;8;16;8;True
5977;3;6;3;True
5978;4;6;2;True
5979;1;1;0;True
5980;2;4;2;True
5981;1;1;0;True
5982;4;9;5;True
5983;4;9;5;True
5984;1;1;0;True
5985;5;9;4;True
5986;3;9;6;True
5987;2;2;0;True
5988;5;9;4;True
5989;6;12;6;True
5990;2;4;2;True
5991;5;12;7;True
5992;2;4;2;True
5993;4;9;5;True
5994;0;0;0;True
5995;5;9;4;True
5996;2;2;0;True
5997;1;1;0;True
5998;9;16;7;True
5999;7;9;2;True
6000;5;12;7;True
6001;9;16;7;True
6002;6;12;6;True
6003;5;6;1;True
6004;2;4;2;True
6005;4;6;2;True
6006;2;4;2;True
6007;6;16;10;True
6008;1;1;0;True
6009;1;1;0;True
6010;3;6;3;True
6011;2;2;0;True
6012;5;12;7;True
6013;1;1;0;True
6014;5;9;4;True
6015;5;8;3;True
6016;4;9;5;True
6017;2;2;0;True
6018;7;16;9;True
6019;1;1;0;True
6020;0;0;0;True
6021;1;1;0;True
6022;2;4;2;True
6023;5;9;4;True
6024;0;0;0;True
6025;2;2;0;True
6026;6;16;10;True
6027;2;4;2;True
6028;5;8;3;True
6029;5;12;7;True
6030;6;12;6;True
6031;7;16;9;True
6032;8;16;8;True
6033;0;0;0;True
6034;3;6;3;True
6035;3;6;3;True
6036;0;0;0;True
6037;4;6;2;True
6038;2;4;2;True
6039;5;12;7;True
6040;2;4;2;True
6041;2;2;0;True
6042;4;6;2;True
6043;4;9;5;True
6044;6;12;6;True
6045;2;2;0;True
6046;2;2;0;True
6047;9;16;7;True
6048;3;4;1;True
6049;4;9;5;True
6050;1;1;0;True
6051;3;6;3;True
6052;0;0;0;True
6053;2;2;0;True
6054;0;0;0;True
6055;3;6;3;True
6056;2;4;2;True
6057;4;6;2;True
6058;4;6;2;True
6059;3;6;3;True
6060;2;4;2;True
6061;2;2;0;True
6062;0;0;0;True
6063;4;12;8;True
6064;5;12;7;True
6065;6;8;2;True
6066;3;9;6;True
6067;4;9;5;True
6068;4;6;2;True
6069;4;9;5;True
6070;5;8;3;True
6071;9;16;7;True
6072;0;0;0;True
6073;10;12;2;True
6074;2;4;2;True
6075;5;12;7;True
6076;5;16;11;True
6077;0;0;0;True
6078;8;16;8;True
6079;9;16;7;True
6080;0;0;0;True
6081;3;6;3;True
6082;1;1;0;True
6083;2;2;0;True
6084;3;9;6;True
6085;3;4;1;True
6086;5;16;11;True
6087;4;12;8;True
6088;4;9;5;True
6089;7;12;5;True
6090;6;12;6;True
6091;0;0;0;True
6092;2;4;2;True
6093;2;2;0;True
6094;5;12;7;True
6095;3;4;1;True
6096;0;0;0;True
6097;1;1;0;True
6098;6;16;10;True
6099;5;9;4;True
6100;9;16;7;True
6101;2;4;2;True
6102;6;16;10;True
6103;5;8;3;True
6104;2;4;2;True
6105;2;4;2;True
6106;4;6;2;True
6107;3;9;6;True
6108;2;4;2;True
6109;1;1;0;True
6110;1;1;0;True
6111;5;9;4;True
6112;10;16;6;True
6113;5;9;4;True
6114;2;4;2;True
6115;0;0;0;True
6116;6;12;6;True
6117;2;2;0;True
6118;3;9;6;True
6119;6;16;10;True
6120;5;9;4;True
6121;6;12;6;True
6122;3;4;1;True
6123;1;1;0;True
6124;2;4;2;True
6125;2;2;0;True
6126;6;12;6;True
6127;1;1;0;True
6128;4;9;5;True
6129;1;1;0;True
6130;6;12;6;True
6131;1;1;0;True
6132;8;12;4;True
6133;4;9;5;True
6134;6;12;6;True
6135;0;0;0;True
6136;4;12;8;True
6137;2;2;0;True
6138;5;12;7;True
6139;4;12;8;True
6140;4;12;8;True
6141;5;9;4;True
6142;4;6;2;True
6143;8;16;8;True
6144;3;6;3;True
6145;5;9;4;True
6146;0;0;0;True
6147;5;9;4;True
6148;1;1;0;True
6149;3;6;3;True
6150;1;1;0;True
6151;3;9;6;True
6152;2;2;0;True
6153;4;12;8;True
6154;2;4;2;True
6155;4;9;5;True
6156;4;6;2;True
6157;4;9;5;True
6158;3;3;0;True
6159;1;1;0;True
6160;9;16;7;True
6161;3;3;0;True
6162;3;4;1;True
6163;2;4;2;True
6164;4;12;8;True
6165;1;1;0;True
6166;6;12;6;True
6167;3;6;3;True
6168;9;16;7;True
6169;5;12;7;True
6170;6;12;6;True
6171;1;1;0;True
6172;5;12;7;True
6173;3;4;1;True
6174;3;6;3;True
6175;4;6;2;True
6176;5;9;4;True
6177;2;4;2;True
6178;3;6;3;True
6179;2;4;2;True
6180;5;8;3;True
6181;4;12;8;True
6182;5;9;4;True
6183;4;9;5;True
6184;2;4;2;True
6185;6;12;6;True
6186;2;4;2;True
6187;7;16;9;True
6188;3;6;3;True
6189;2;4;2;True
6190;7;16;9;True
6191;4;9;5;True
6192;5;6;1;True
6193;11;16;5;True
6194;5;12;7;True
6195;3;6;3;True
6196;8;16;8;True
6197;3;6;3;True
6198;6;9;3;True
6199;3;9;6;True
6200;3;4;1;True
6201;0;0;0;True
6202;7;12;5;True
6203;6;16;10;True
6204;3;6;3;True
6205;4;9;5;True
6206;4;6;2;True
6207;3;3;0;True
6208;5;12;7;True
6209;0;0;0;True
6210;8;16;8;True
6211;6;12;6;True
6212;3;6;3;True
6213;2;4;2;True
6214;5;8;3;True
6215;3;9;6;True
6216;2;4;2;True
6217;9;16;7;True
6218;6;9;3;True
6219;0;0;0;True
6220;2;2;0;True
6221;0;0;0;True
6222;7;12;5;True
6223;1;1;0;True
6224;4;6;2;True
6225;6;12;6;True
6226;2;4;2;True
6227;3;9;6;True
6228;4;12;8;True
6229;7;16;9;True
6230;7;12;5;True
6231;7;16;9;True
6232;1;1;0;True
6233;4;8;4;True
6234;7;8;1;True
6235;3;3;0;True
6236;3;4;1;True
6237;3;6;3;True
6238;0;0;0;True
6239;1;1;0;True
6240;4;6;2;True
6241;3;6;3;True
6242;3;6;3;True
6243;2;2;0;True
6244;2;4;2;True
6245;5;6;1;True
6246;2;4;2;True
6247;4;12;8;True
6248;2;4;2;True
6249;2;2;0;True
6250;1;1;0;True
6251;4;9;5;True
6252;3;4;1;True
6253;1;1;0;True
6254;0;0;0;True
6255;3;3;0;True
6256;4;9;5;True
6257;5;12;7;True
6258;4;6;2;True
6259;4;6;2;True
6260;6;9;3;True
6261;5;9;4;True
6262;2;2;0;True
6263;0;0;0;True
6264;3;6;3;True
6265;5;9;4;True
6266;4;9;5;True
6267;9;16;7;True
6268;3;6;3;True
6269;4;9;5;True
6270;7;16;9;True
6271;3;4;1;True
6272;5;8;3;True
6273;0;0;0;True
6274;1;1;0;True
6275;4;6;2;True
6276;2;4;2;True
6277;1;1;0;True
6278;4;12;8;True
6279;6;12;6;True
6280;3;9;6;True
6281;2;4;2;True
6282;3;6;3;True
6283;3;3;0;True
6284;7;12;5;True
6285;5;12;7;True
6286;2;2;0;True
6287;4;6;2;True
6288;6;12;6;True
6289;3;4;1;True
6290;2;4;2;True
6291;6;16;10;True
6292;6;16;10;True
6293;3;6;3;True
6294;5;12;7;True
6295;0;0;0;True
6296;1;1;0;True
6297;7;16;9;True
6298;1;1;0;True
6299;3;4;1;True
6300;6;12;6;True
6301;1;1;0;True
6302;3;9;6;True
6303;2;4;2;True
6304;6;9;3;True
6305;5;9;4;True
6306;3;6;3;True
6307;0;0;0;True
6308;2;4;2;True
6309;8;12;4;True
6310;5;9;4;True
6311;3;9;6;True
6312;4;9;5;True
6313;4;6;2;True
6314;2;4;2;True
6315;6;12;6;True
6316;2;4;2;True
6317;8;16;8;True
6318;5;16;11;True
6319;2;4;2;True
6320;4;9;5;True
6321;9;16;7;True
6322;4;9;5;True
6323;1;1;0;True
6324;2;4;2;True
6325;5;6;1;True
6326;2;4;2;True
6327;6;9;3;True
6328;3;6;3;True
6329;3;6;3;True
6330;3;9;6;True
6331;3;6;3;True
6332;2;4;2;True
6333;1;1;0;True
6334;5;6;1;True
6335;2;4;2;True
6336;0;0;0;True
6337;4;9;5;True
6338;6;16;10;True
6339;8;16;8;True
6340;6;16;10;True
6341;2;2;0;True
6342;5;9;4;True
6343;2;4;2;True
6344;0;0;0;True
6345;0;0;0;True
6346;5;12;7;True
6347;7;12;5;True
6348;1;1;0;True
6349;8;16;8;True
6350;4;9;5;True
6351;8;16;8;True
6352;6;16;10;True
6353;6;12;6;True
6354;2;4;2;True
6355;0;0;0;True
6356;4;9;5;True
6357;4;6;2;True
6358;1;1;0;True
6359;2;4;2;True
6360;7;16;9;True
6361;5;12;7;True
6362;4;9;5;True
6363;1;1;0;True
6364;3;4;1;True
6365;5;12;7;True
6366;0;0;0;True
6367;3;3;0;True
6368;1;1;0;True
6369;3;6;3;True
6370;3;9;6;True
6371;5;12;7;True
6372;2;2;0;True
6373;2;2;0;True
6374;4;8;4;True
6375;3;4;1;True
6376;2;2;0;True
6377;2;4;2;True
6378;1;1;0;True
6379;5;9;4;True
6380;4;6;2;True
6381;8;16;8;True
6382;4;6;2;True
6383;5;9;4;True
6384;3;4;1;True
6385;3;4;1;True
6386;3;6;3;True
6387;0;0;0;True
6388;5;9;4;True
6389;6;16;10;True
6390;3;4;1;True
6391;2;4;2;True
6392;0;0;0;True
6393;3;9;6;True
6394;11;16;5;True
6395;6;16;10;True
6396;1;1;0;True
6397;2;4;2;True
6398;4;9;5;True
6399;1;1;0;True
6400;5;16;11;True
6401;2;4;2;True
6402;2;2;0;True
6403;1;1;0;True
6404;4;6;2;True
6405;5;9;4;True
6406;2;4;2;True
6407;4;6;2;True
6408;6;12;6;True
6409;0;0;0;True
6410;1;1;0;True
6411;6;12;6;True
6412;7;16;9;True
6413;2;2;0;True
6414;5;9;4;True
6415;2;4;2;True
6416;4;8;4;True
6417;4;6;2;True
6418;4;6;2;True
6419;7;16;9;True
6420;2;2;0;True
6421;0;0;0;True
6422;1;1;0;True
6423;2;4;2;True
6424;2;2;0;True
6425;4;12;8;True
6426;5;12;7;True
6427;3;4;1;True
6428;6;12;6;True
6429;1;1;0;True
6430;5;8;3;True
6431;4;9;5;True
6432;4;9;5;True
6433;3;9;6;True
6434;2;4;2;True
6435;1;1;0;True
6436;1;1;0;True
6437;3;6;3;True
6438;5;12;7;True
6439;2;4;2;True
6440;5;9;4;True
6441;0;0;0;True
6442;3;4;1;True
6443;5;12;7;True
6444;8;16;8;True
6445;6;12;6;True
6446;6;12;6;True
6447;4;6;2;True
6448;4;6;2;True
6449;2;4;2;True
6450;1;1;0;True
6451;1;1;0;True
6452;4;9;5;True
6453;2;4;2;True
6454;3;6;3;True
6455;0;0;0;True
6456;3;9;6;True
6457;1;1;0;True
6458;0;0;0;True
6459;3;6;3;True
6460;7;16;9;True
6461;3;6;3;True
6462;2;4;2;True
6463;4;6;2;True
6464;6;12;6;True
6465;2;4;2;True
6466;4;12;8;True
6467;5;12;7;True
6468;3;6;3;True
6469;4;9;5;True
6470;4;8;4;True
6471;1;1;0;True
6472;4;9;5;True
6473;7;16;9;True
6474;4;9;5;True
6475;2;2;0;True
6476;0;0;0;True
6477;6;16;10;True
6478;3;4;1;True
6479;4;6;2;True
6480;3;9;6;True
6481;6;12;6;True
6482;5;6;1;True
6483;6;16;10;True
6484;2;2;0;True
6485;4;9;5;True
6486;5;12;7;True
6487;4;4;0;True
6488;3;4;1;True
6489;4;9;5;True
6490;7;12;5;True
6491;4;6;2;True
6492;5;9;4;True
6493;1;1;0;True
6494;1;1;0;True
6495;8;16;8;True
6496;1;1;0;True
6497;1;1;0;True
6498;2;4;2;True
6499;9;16;7;True
6500;6;12;6;True
6501;8;12;4;True
6502;1;1;0;True
6503;3;6;3;True
6504;2;2;0;True
6505;2;2;0;True
6506;2;2;0;True
6507;4;9;5;True
6508;2;2;0;True
6509;6;12;6;True
6510;6;16;10;True
6511;7;12;5;True
6512;2;4;2;True
6513;2;2;0;True
6514;4;4;0;True
6515;5;8;3;True
6516;2;2;0;True
6517;3;6;3;True
6518;1;1;0;True
6519;2;4;2;True
6520;3;3;0;True
6521;4;12;8;True
6522;3;4;1;True
6523;4;9;5;True
6524;5;9;4;True
6525;2;2;0;True
6526;2;2;0;True
6527;3;6;3;True
6528;1;1;0;True
6529;4;6;2;True
6530;0;0;0;True
6531;2;4;2;True
6532;7;12;5;True
6533;3;4;1;True
6534;4;6;2;True
6535;2;2;0;True
6536;0;0;0;True
6537;7;12;5;True
6538;1;1;0;True
6539;5;12;7;True
6540;3;6;3;True
6541;6;16;10;True
6542;5;8;3;True
6543;0;0;0;True
6544;4;9;5;True
6545;1;1;0;True
6546;5;9;4;True
6547;1;1;0;True
6548;3;6;3;True
6549;1;1;0;True
6550;4;6;2;True
6551;5;12;7;True
6552;3;6;3;True
6553;2;2;0;True
6554;5;16;11;True
6555;3;9;6;True
6556;2;2;0;True
6557;6;16;10;True
6558;5;12;7;True
6559;5;9;4;True
6560;0;0;0;True
6561;7;12;5;True
6562;7;12;5;True
6563;6;12;6;True
6564;7;12;5;True
6565;6;16;10;True
6566;1;1;0;True
6567;7;16;9;True
6568;0;0;0;True
6569;3;4;1;True
6570;1;1;0;True
6571;6;16;10;True
6572;3;6;3;True
6573;5;8;3;True
6574;2;4;2;True
6575;5;9;4;True
6576;3;9;6;True
6577;1;1;0;True
6578;3;3;0;True
6579;1;1;0;True
6580;8;16;8;True
6581;3;3;0;True
6582;5;12;7;True
6583;2;2;0;True
6584;1;1;0;True
6585;3;4;1;True
6586;2;4;2;True
6587;7;12;5;True
6588;4;9;5;True
6589;6;9;3;True
6590;2;2;0;True
6591;2;4;2;True
6592;6;12;6;True
6593;8;12;4;True
6594;1;1;0;True
6595;0;0;0;True
6596;3;4;1;True
6597;2;2;0;True
6598;1;1;0;True
6599;7;16;9;True
6600;2;2;0;True
6601;2;4;2;True
6602;8;16;8;True
6603;2;2;0;True
6604;3;9;6;True
6605;2;4;2;True
6606;8;12;4;True
6607;6;12;6;True
6608;7;16;9;True
6609;9;16;7;True
6610;9;16;7;True
6611;3;6;3;True
6612;4;9;5;True
6613;5;9;4;True
6614;8;16;8;True
6615;1;1;0;True
6616;5;12;7;True
6617;8;16;8;True
6618;6;12;6;True
6619;8;16;8;True
6620;0;0;0;True
6621;2;4;2;True
6622;9;16;7;True
6623;5;12;7;True
6624;8;12;4;True
6625;4;9;5;True
6626;2;2;0;True
6627;4;9;5;True
6628;2;4;2;True
6629;7;12;5;True
6630;0;0;0;True
6631;4;6;2;True
6632;3;6;3;True
6633;6;9;3;True
6634;6;16;10;True
6635;7;9;2;True
6636;2;2;0;True
6637;6;12;6;True
6638;8;16;8;True
6639;1;1;0;True
6640;4;8;4;True
6641;3;4;1;True
6642;8;12;4;True
6643;3;3;0;True
6644;1;1;0;True
6645;4;8;4;True
6646;1;1;0;True
6647;2;4;2;True
6648;3;4;1;True
6649;3;6;3;True
6650;9;16;7;True
6651;3;6;3;True
6652;9;16;7;True
6653;1;1;0;True
6654;2;2;0;True
6655;5;12;7;True
6656;1;1;0;True
6657;2;4;2;True
6658;4;9;5;True
6659;3;9;6;True
6660;4;6;2;True
6661;2;2;0;True
6662;5;12;7;True
6663;3;4;1;True
6664;9;16;7;True
6665;0;0;0;True
6666;5;9;4;True
6667;5;6;1;True
6668;2;4;2;True
6669;1;1;0;True
6670;4;8;4;True
6671;7;12;5;True
6672;0;0;0;True
6673;6;16;10;True
6674;4;12;8;True
6675;2;4;2;True
6676;5;9;4;True
6677;8;12;4;True
6678;5;12;7;True
6679;7;12;5;True
6680;0;0;0;True
6681;1;1;0;True
6682;2;4;2;True
6683;4;6;2;True
6684;6;16;10;True
6685;4;9;5;True
6686;3;9;6;True
6687;3;6;3;True
6688;3;6;3;True
6689;1;1;0;True
6690;4;6;2;True
6691;1;1;0;True
6692;6;12;6;True
6693;8;12;4;True
6694;0;0;0;True
6695;13;16;3;True
6696;0;0;0;True
6697;4;9;5;True
6698;5;9;4;True
6699;6;16;10;True
6700;9;16;7;True
6701;6;12;6;True
6702;7;16;9;True
6703;7;12;5;True
6704;1;1;0;True
6705;3;6;3;True
6706;4;6;2;True
6707;0;0;0;True
6708;2;4;2;True
6709;5;9;4;True
6710;3;3;0;True
6711;4;9;5;True
6712;6;16;10;True
6713;4;9;5;True
6714;3;4;1;True
6715;6;16;10;True
6716;6;16;10;True
6717;2;2;0;True
6718;0;0;0;True
6719;5;8;3;True
6720;1;1;0;True
6721;6;12;6;True
6722;2;2;0;True
6723;0;0;0;True
6724;1;1;0;True
6725;8;16;8;True
6726;5;6;1;True
6727;2;2;0;True
6728;3;4;1;True
6729;5;9;4;True
6730;2;4;2;True
6731;6;12;6;True
6732;5;12;7;True
6733;6;8;2;True
6734;7;16;9;True
6735;2;4;2;True
6736;0;0;0;True
6737;2;4;2;True
6738;5;12;7;True
6739;4;9;5;True
6740;2;2;0;True
6741;3;4;1;True
6742;5;8;3;True
6743;7;12;5;True
6744;2;2;0;True
6745;8;16;8;True
6746;7;12;5;True
6747;7;16;9;True
6748;4;12;8;True
6749;2;2;0;True
6750;4;9;5;True
6751;2;2;0;True
6752;2;4;2;True
6753;0;0;0;True
6754;2;2;0;True
6755;5;8;3;True
6756;0;0;0;True
6757;2;4;2;True
6758;3;6;3;True
6759;2;4;2;True
6760;5;9;4;True
6761;3;6;3;True
6762;6;16;10;True
6763;1;1;0;True
6764;5;16;11;True
6765;0;0;0;True
6766;6;12;6;True
6767;4;9;5;True
6768;1;1;0;True
6769;4;9;5;True
6770;2;4;2;True
6771;3;4;1;True
6772;5;16;11;True
6773;5;12;7;True
6774;5;8;3;True
6775;6;12;6;True
6776;4;6;2;True
6777;2;4;2;True
6778;4;8;4;True
6779;7;12;5;True
6780;3;4;1;True
6781;2;2;0;True
6782;1;1;0;True
6783;6;9;3;True
6784;6;9;3;True
6785;8;12;4;True
6786;7;12;5;True
6787;0;0;0;True
6788;1;1;0;True
6789;3;6;3;True
6790;8;12;4;True
6791;4;6;2;True
6792;4;9;5;True
6793;6;8;2;True
6794;4;12;8;True
6795;2;4;2;True
6796;5;16;11;True
6797;4;9;5;True
6798;2;4;2;True
6799;5;12;7;True
6800;3;4;1;True
6801;4;6;2;True
6802;6;12;6;True
6803;2;2;0;True
6804;3;9;6;True
6805;1;1;0;True
6806;6;9;3;True
6807;2;4;2;True
6808;1;1;0;True
6809;8;12;4;True
6810;1;1;0;True
6811;6;12;6;True
6812;0;0;0;True
6813;5;12;7;True
6814;4;9;5;True
6815;4;8;4;True
6816;3;9;6;True
6817;4;9;5;True
6818;4;6;2;True
6819;6;12;6;True
6820;8;16;8;True
6821;0;0;0;True
6822;0;0;0;True
6823;5;8;3;True
6824;1;1;0;True
6825;4;9;5;True
6826;2;2;0;True
6827;0;0;0;True
6828;10;16;6;True
6829;6;12;6;True
6830;4;9;5;True
6831;7;16;9;True
6832;3;4;1;True
6833;2;4;2;True
6834;1;1;0;True
6835;3;4;1;True
6836;5;9;4;True
6837;4;12;8;True
6838;4;8;4;True
6839;4;8;4;True
6840;0;0;0;True
6841;1;1;0;True
6842;6;12;6;True
6843;6;8;2;True
6844;9;16;7;True
6845;2;4;2;True
6846;4;6;2;True
6847;2;4;2;True
6848;5;16;11;True
6849;6;12;6;True
6850;2;2;0;True
6851;2;2;0;True
6852;5;9;4;True
6853;2;4;2;True
6854;3;6;3;True
6855;1;1;0;True
6856;2;4;2;True
6857;6;9;3;True
6858;3;6;3;True
6859;3;6;3;True
6860;6;12;6;True
6861;4;9;5;True
6862;4;6;2;True
6863;0;0;0;True
6864;2;2;0;True
6865;7;12;5;True
6866;2;2;0;True
6867;5;16;11;True
6868;2;4;2;True
6869;6;16;10;True
6870;1;1;0;True
6871;5;9;4;True
6872;1;1;0;True
6873;2;4;2;True
6874;2;4;2;True
6875;0;0;0;True
6876;4;8;4;True
6877;7;16;9;True
6878;4;6;2;True
6879;1;1;0;True
6880;2;4;2;True
6881;8;16;8;True
6882;4;6;2;True
6883;5;12;7;True
6884;7;16;9;True
6885;4;6;2;True
6886;5;8;3;True
6887;3;6;3;True
6888;2;4;2;True
6889;0;0;0;True
6890;6;12;6;True
6891;2;2;0;True
6892;6;12;6;True
6893;3;4;1;True
6894;5;12;7;True
6895;8;12;4;True
6896;5;9;4;True
6897;4;9;5;True
6898;3;6;3;True
6899;2;4;2;True
6900;0;0;0;True
6901;4;6;2;True
6902;5;6;1;True
6903;3;4;1;True
6904;7;12;5;True
6905;1;1;0;True
6906;5;8;3;True
6907;2;4;2;True
6908;5;12;7;True
6909;5;16;11;True
6910;3;6;3;True
6911;2;4;2;True
6912;6;12;6;True
6913;3;6;3;True
6914;2;2;0;True
6915;8;16;8;True
6916;6;12;6;True
6917;4;9;5;True
6918;1;1;0;True
6919;4;12;8;True
6920;3;3;0;True
6921;4;9;5;True
6922;4;8;4;True
6923;2;2;0;True
6924;0;0;0;True
6925;4;8;4;True
6926;6;12;6;True
6927;5;16;11;True
6928;0;0;0;True
6929;10;16;6;True
6930;5;12;7;True
6931;0;0;0;True
6932;1;1;0;True
6933;3;3;0;True
6934;1;1;0;True
6935;6;12;6;True
6936;3;6;3;True
6937;3;6;3;True
6938;5;12;7;True
6939;5;9;4;True
6940;12;16;4;True
6941;0;0;0;True
6942;6;9;3;True
6943;3;6;3;True
6944;4;9;5;True
6945;3;6;3;True
6946;4;6;2;True
6947;3;6;3;True
6948;4;9;5;True
6949;2;4;2;True
6950;7;16;9;True
6951;1;1;0;True
6952;1;1;0;True
6953;2;2;0;True
6954;0;0;0;True
6955;4;9;5;True
6956;4;9;5;True
6957;2;2;0;True
6958;3;9;6;True
6959;6;16;10;True
6960;0;0;0;True
6961;2;2;0;True
6962;2;4;2;True
6963;2;2;0;True
6964;1;1;0;True
6965;4;6;2;True
6966;2;4;2;True
6967;2;2;0;True
6968;2;2;0;True
6969;2;4;2;True
6970;2;4;2;True
6971;5;16;11;True
6972;4;9;5;True
6973;4;9;5;True
6974;3;4;1;True
6975;3;6;3;True
6976;4;6;2;True
6977;7;16;9;True
6978;1;1;0;True
6979;7;16;9;True
6980;6;16;10;True
6981;1;1;0;True
6982;1;1;0;True
6983;1;1;0;True
6984;5;9;4;True
6985;4;12;8;True
6986;9;12;3;True
6987;2;4;2;True
6988;9;16;7;True
6989;6;16;10;True
6990;8;16;8;True
6991;5;9;4;True
6992;8;16;8;True
6993;4;12;8;True
6994;4;9;5;True
6995;2;4;2;True
6996;1;1;0;True
6997;4;4;0;True
6998;2;4;2;True
6999;2;2;0;True
7000;5;6;1;True
7001;4;6;2;True
7002;9;16;7;True
7003;1;1;0;True
7004;6;12;6;True
7005;2;4;2;True
7006;7;12;5;True
7007;4;9;5;True
7008;3;9;6;True
7009;1;1;0;True
7010;0;0;0;True
7011;3;9;6;True
7012;1;1;0;True
7013;2;4;2;True
7014;1;1;0;True
7015;2;4;2;True
7016;4;6;2;True
7017;7;16;9;True
7018;4;6;2;True
7019;3;6;3;True
7020;1;1;0;True
7021;4;6;2;True
7022;6;12;6;True
7023;1;1;0;True
7024;1;1;0;True
7025;4;6;2;True
7026;0;0;0;True
7027;1;1;0;True
7028;3;6;3;True
7029;4;12;8;True
7030;3;6;3;True
7031;7;16;9;True
7032;2;4;2;True
7033;5;12;7;True
7034;3;6;3;True
7035;5;9;4;True
7036;5;8;3;True
7037;7;16;9;True
7038;1;1;0;True
7039;2;4;2;True
7040;2;4;2;True
7041;2;4;2;True
7042;3;6;3;True
7043;2;4;2;True
7044;4;4;0;True
7045;5;9;4;True
7046;2;4;2;True
7047;3;6;3;True
7048;3;6;3;True
7049;3;3;0;True
7050;4;12;8;True
7051;5;9;4;True
7052;6;16;10;True
7053;4;9;5;True
7054;3;4;1;True
7055;8;16;8;True
7056;5;9;4;True
7057;2;2;0;True
7058;1;1;0;True
7059;2;2;0;True
7060;2;4;2;True
7061;7;12;5;True
7062;0;0;0;True
7063;3;9;6;True
7064;4;9;5;True
7065;5;8;3;True
7066;4;9;5;True
7067;1;1;0;True
7068;4;12;8;True
7069;7;12;5;True
7070;6;16;10;True
7071;6;12;6;True
7072;7;12;5;True
7073;0;0;0;True
7074;0;0;0;True
7075;2;4;2;True
7076;7;9;2;True
7077;7;16;9;True
7078;1;1;0;True
7079;6;9;3;True
7080;3;9;6;True
7081;3;4;1;True
7082;3;9;6;True
7083;2;4;2;True
7084;2;4;2;True
7085;4;9;5;True
7086;3;9;6;True
7087;9;16;7;True
7088;3;6;3;True
7089;6;9;3;True
7090;8;16;8;True
7091;1;1;0;True
7092;5;12;7;True
7093;6;12;6;True
7094;8;16;8;True
7095;6;12;6;True
7096;5;12;7;True
7097;0;0;0;True
7098;5;9;4;True
7099;9;12;3;True
7100;7;12;5;True
7101;0;0;0;True
7102;8;16;8;True
7103;4;9;5;True
7104;2;4;2;True
7105;7;12;5;True
7106;10;16;6;True
7107;3;4;1;True
7108;4;9;5;True
7109;5;6;1;True
7110;2;2;0;True
7111;4;8;4;True
7112;0;0;0;True
7113;3;4;1;True
7114;5;16;11;True
7115;3;9;6;True
7116;2;4;2;True
7117;1;1;0;True
7118;4;6;2;True
7119;0;0;0;True
7120;6;12;6;True
7121;2;4;2;True
7122;6;16;10;True
7123;4;9;5;True
7124;6;12;6;True
7125;6;12;6;True
7126;2;4;2;True
7127;4;9;5;True
7128;3;4;1;True
7129;3;6;3;True
7130;4;9;5;True
7131;6;12;6;True
7132;4;9;5;True
7133;3;6;3;True
7134;2;4;2;True
7135;4;9;5;True
7136;2;4;2;True
7137;5;9;4;True
7138;3;4;1;True
7139;4;9;5;True
7140;3;9;6;True
7141;1;1;0;True
7142;2;4;2;True
7143;3;6;3;True
7144;3;6;3;True
7145;3;6;3;True
7146;1;1;0;True
7147;1;1;0;True
7148;1;1;0;True
7149;3;4;1;True
7150;3;3;0;True
7151;3;4;1;True
7152;6;12;6;True
7153;2;2;0;True
7154;11;16;5;True
7155;7;16;9;True
7156;5;12;7;True
7157;6;12;6;True
7158;3;6;3;True
7159;6;12;6;True
7160;8;12;4;True
7161;4;6;2;True
7162;6;9;3;True
7163;5;9;4;True
7164;5;12;7;True
7165;0;0;0;True
7166;2;2;0;True
7167;5;16;11;True
7168;4;9;5;True
7169;3;4;1;True
7170;3;3;0;True
7171;0;0;0;True
7172;4;9;5;True
7173;5;6;1;True
7174;4;9;5;True
7175;4;9;5;True
7176;3;9;6;True
7177;1;1;0;True
7178;7;16;9;True
7179;2;4;2;True
7180;0;0;0;True
7181;5;9;4;True
7182;2;2;0;True
7183;3;6;3;True
7184;3;6;3;True
7185;6;12;6;True
7186;1;1;0;True
7187;8;12;4;True
7188;5;12;7;True
7189;4;9;5;True
7190;3;4;1;True
7191;6;12;6;True
7192;5;12;7;True
7193;3;6;3;True
7194;4;9;5;True
7195;6;16;10;True
7196;6;16;10;True
7197;2;4;2;True
7198;5;12;7;True
7199;1;1;0;True
7200;2;4;2;True
7201;1;1;0;True
7202;0;0;0;True
7203;5;9;4;True
7204;7;16;9;True
7205;3;6;3;True
7206;6;9;3;True
7207;3;6;3;True
7208;4;6;2;True
7209;0;0;0;True
7210;9;12;3;True
7211;3;6;3;True
7212;6;12;6;True
7213;2;4;2;True
7214;6;12;6;True
7215;3;9;6;True
7216;6;12;6;True
7217;7;12;5;True
7218;1;1;0;True
7219;7;12;5;True
7220;2;4;2;True
7221;6;12;6;True
7222;4;9;5;True
7223;4;9;5;True
7224;2;4;2;True
7225;1;1;0;True
7226;0;0;0;True
7227;1;1;0;True
7228;8;12;4;True
7229;3;4;1;True
7230;4;9;5;True
7231;3;6;3;True
7232;2;4;2;True
7233;2;2;0;True
7234;9;16;7;True
7235;2;2;0;True
7236;7;16;9;True
7237;0;0;0;True
7238;2;4;2;True
7239;3;6;3;True
7240;5;6;1;True
7241;4;9;5;True
7242;7;16;9;True
7243;6;12;6;True
7244;5;8;3;True
7245;1;1;0;True
7246;7;16;9;True
7247;3;6;3;True
7248;5;16;11;True
7249;3;3;0;True
7250;7;16;9;True
7251;0;0;0;True
7252;6;9;3;True
7253;5;12;7;True
7254;4;9;5;True
7255;4;9;5;True
7256;3;4;1;True
7257;0;0;0;True
7258;1;1;0;True
7259;2;2;0;True
7260;3;9;6;True
7261;5;12;7;True
7262;8;16;8;True
7263;2;2;0;True
7264;7;16;9;True
7265;0;0;0;True
7266;8;16;8;True
7267;4;6;2;True
7268;5;12;7;True
7269;4;9;5;True
7270;3;4;1;True
7271;2;2;0;True
7272;7;12;5;True
7273;0;0;0;True
7274;5;9;4;True
7275;6;12;6;True
7276;2;4;2;True
7277;5;9;4;True
7278;3;6;3;True
7279;2;4;2;True
7280;2;4;2;True
7281;3;6;3;True
7282;5;9;4;True
7283;6;12;6;True
7284;1;1;0;True
7285;4;9;5;True
7286;4;6;2;True
7287;5;16;11;True
7288;3;4;1;True
7289;7;12;5;True
7290;3;4;1;True
7291;2;4;2;True
7292;0;0;0;True
7293;7;12;5;True
7294;6;16;10;True
7295;2;4;2;True
7296;4;9;5;True
7297;1;1;0;True
7298;4;9;5;True
7299;6;9;3;True
7300;0;0;0;True
7301;2;4;2;True
7302;6;12;6;True
7303;4;6;2;True
7304;3;6;3;True
7305;3;6;3;True
7306;10;12;2;True
7307;2;4;2;True
7308;8;12;4;True
7309;4;12;8;True
7310;3;4;1;True
7311;2;4;2;True
7312;1;1;0;True
7313;4;9;5;True
7314;7;12;5;True
7315;4;12;8;True
7316;0;0;0;True
7317;3;6;3;True
7318;2;4;2;True
7319;5;9;4;True
7320;7;12;5;True
7321;5;12;7;True
7322;7;9;2;True
7323;4;9;5;True
7324;4;9;5;True
7325;8;12;4;True
7326;3;6;3;True
7327;5;16;11;True
7328;8;16;8;True
7329;3;6;3;True
7330;6;16;10;True
7331;3;6;3;True
7332;3;6;3;True
7333;2;2;0;True
7334;6;12;6;True
7335;4;12;8;True
7336;5;12;7;True
7337;1;1;0;True
7338;5;8;3;True
7339;7;16;9;True
7340;2;2;0;True
7341;7;16;9;True
7342;3;6;3;True
7343;0;0;0;True
7344;2;4;2;True
7345;5;6;1;True
7346;4;6;2;True
7347;3;4;1;True
7348;3;6;3;True
7349;7;9;2;True
7350;4;9;5;True
7351;5;9;4;True
7352;3;6;3;True
7353;3;6;3;True
7354;3;9;6;True
7355;6;16;10;True
7356;3;9;6;True
7357;10;16;6;True
7358;1;1;0;True
7359;5;9;4;True
7360;5;9;4;True
7361;3;9;6;True
7362;2;4;2;True
7363;3;6;3;True
7364;2;2;0;True
7365;4;6;2;True
7366;0;0;0;True
7367;3;6;3;True
7368;3;9;6;True
7369;4;4;0;True
7370;4;6;2;True
7371;6;16;10;True
7372;6;9;3;True
7373;4;6;2;True
7374;5;9;4;True
7375;4;9;5;True
7376;0;0;0;True
7377;4;6;2;True
7378;6;9;3;True
7379;5;9;4;True
7380;2;2;0;True
7381;5;12;7;True
7382;4;6;2;True
7383;5;12;7;True
7384;3;6;3;True
7385;3;6;3;True
7386;1;1;0;True
7387;2;4;2;True
7388;4;8;4;True
7389;2;4;2;True
7390;4;8;4;True
7391;5;8;3;True
7392;3;9;6;True
7393;8;16;8;True
7394;7;16;9;True
7395;2;4;2;True
7396;2;4;2;True
7397;0;0;0;True
7398;2;4;2;True
7399;2;2;0;True
7400;5;12;7;True
7401;7;16;9;True
7402;1;1;0;True
7403;5;9;4;True
7404;5;9;4;True
7405;3;9;6;True
7406;10;16;6;True
7407;5;12;7;True
7408;5;9;4;True
7409;4;6;2;True
7410;4;9;5;True
7411;5;16;11;True
7412;4;6;2;True
7413;6;12;6;True
7414;1;1;0;True
7415;0;0;0;True
7416;5;12;7;True
7417;7;16;9;True
7418;6;12;6;True
7419;4;6;2;True
7420;6;9;3;True
7421;5;12;7;True
7422;8;16;8;True
7423;2;4;2;True
7424;7;12;5;True
7425;4;9;5;True
7426;5;16;11;True
7427;4;9;5;True
7428;1;1;0;True
7429;2;4;2;True
7430;7;12;5;True
7431;4;9;5;True
7432;7;16;9;True
7433;1;1;0;True
7434;6;9;3;True
7435;2;2;0;True
7436;3;6;3;True
7437;3;6;3;True
7438;3;6;3;True
7439;3;6;3;True
7440;4;9;5;True
7441;2;4;2;True
7442;4;6;2;True
7443;5;12;7;True
7444;2;4;2;True
7445;4;8;4;True
7446;3;6;3;True
7447;1;1;0;True
7448;6;12;6;True
7449;4;6;2;True
7450;7;12;5;True
7451;7;12;5;True
7452;6;12;6;True
7453;5;12;7;True
7454;0;0;0;True
7455;2;4;2;True
7456;2;2;0;True
7457;3;6;3;True
7458;3;4;1;True
7459;5;16;11;True
7460;6;16;10;True
7461;4;8;4;True
7462;11;16;5;True
7463;3;6;3;True
7464;2;2;0;True
7465;6;12;6;True
7466;4;9;5;True
7467;1;1;0;True
7468;3;4;1;True
7469;0;0;0;True
7470;3;4;1;True
7471;3;6;3;True
7472;1;1;0;True
7473;5;12;7;True
7474;4;9;5;True
7475;3;6;3;True
7476;2;4;2;True
7477;0;0;0;True
7478;3;6;3;True
7479;3;6;3;True
7480;2;2;0;True
7481;6;8;2;True
7482;5;9;4;True
7483;2;2;0;True
7484;4;9;5;True
7485;3;6;3;True
7486;7;12;5;True
7487;3;6;3;True
7488;1;1;0;True
7489;1;1;0;True
7490;3;6;3;True
7491;1;1;0;True
7492;7;16;9;True
7493;3;6;3;True
7494;5;9;4;True
7495;0;0;0;True
7496;5;9;4;True
7497;0;0;0;True
7498;2;2;0;True
7499;2;4;2;True
7500;6;12;6;True
7501;7;16;9;True
7502;6;9;3;True
7503;1;1;0;True
7504;3;6;3;True
7505;4;6;2;True
7506;1;1;0;True
7507;1;1;0;True
7508;2;2;0;True
7509;4;6;2;True
7510;7;12;5;True
7511;3;6;3;True
7512;3;9;6;True
7513;0;0;0;True
7514;2;4;2;True
7515;5;12;7;True
7516;2;2;0;True
7517;2;4;2;True
7518;5;9;4;True
7519;5;9;4;True
7520;2;4;2;True
7521;4;12;8;True
7522;2;2;0;True
7523;3;6;3;True
7524;2;2;0;True
7525;6;12;6;True
7526;5;12;7;True
7527;1;1;0;True
7528;6;12;6;True
7529;3;6;3;True
7530;7;12;5;True
7531;6;12;6;True
7532;1;1;0;True
7533;2;4;2;True
7534;2;2;0;True
7535;4;6;2;True
7536;5;12;7;True
7537;2;4;2;True
7538;2;4;2;True
7539;3;4;1;True
7540;4;8;4;True
7541;3;6;3;True
7542;4;6;2;True
7543;2;2;0;True
7544;6;9;3;True
7545;5;9;4;True
7546;2;4;2;True
7547;3;6;3;True
7548;2;4;2;True
7549;3;9;6;True
7550;5;6;1;True
7551;2;4;2;True
7552;7;16;9;True
7553;4;9;5;True
7554;0;0;0;True
7555;3;6;3;True
7556;0;0;0;True
7557;4;6;2;True
7558;2;4;2;True
7559;6;12;6;True
7560;5;12;7;True
7561;4;4;0;True
7562;1;1;0;True
7563;10;16;6;True
7564;4;12;8;True
7565;3;6;3;True
7566;5;8;3;True
7567;5;9;4;True
7568;0;0;0;True
7569;1;1;0;True
7570;2;4;2;True
7571;2;4;2;True
7572;8;16;8;True
7573;9;16;7;True
7574;3;6;3;True
7575;3;4;1;True
7576;0;0;0;True
7577;1;1;0;True
7578;3;9;6;True
7579;1;1;0;True
7580;1;1;0;True
7581;2;2;0;True
7582;5;9;4;True
7583;5;9;4;True
7584;3;6;3;True
7585;2;4;2;True
7586;4;9;5;True
7587;1;1;0;True
7588;8;16;8;True
7589;3;4;1;True
7590;5;12;7;True
7591;2;4;2;True
7592;3;6;3;True
7593;1;1;0;True
7594;5;8;3;True
7595;4;9;5;True
7596;6;9;3;True
7597;3;6;3;True
7598;1;1;0;True
7599;5;12;7;True
7600;1;1;0;True
7601;2;2;0;True
7602;5;6;1;True
7603;5;9;4;True
7604;5;12;7;True
7605;6;12;6;True
7606;4;12;8;True
7607;3;6;3;True
7608;5;9;4;True
7609;1;1;0;True
7610;9;16;7;True
7611;7;16;9;True
7612;4;9;5;True
7613;6;12;6;True
7614;6;16;10;True
7615;4;12;8;True
7616;1;1;0;True
7617;2;2;0;True
7618;4;8;4;True
7619;6;12;6;True
7620;8;16;8;True
7621;6;16;10;True
7622;2;4;2;True
7623;5;9;4;True
7624;2;4;2;True
7625;2;2;0;True
7626;3;6;3;True
7627;3;6;3;True
7628;6;16;10;True
7629;5;12;7;True
7630;8;16;8;True
7631;3;3;0;True
7632;5;12;7;True
7633;7;16;9;True
7634;7;9;2;True
7635;2;2;0;True
7636;2;2;0;True
7637;2;4;2;True
7638;3;6;3;True
7639;1;1;0;True
7640;1;1;0;True
7641;8;16;8;True
7642;4;6;2;True
7643;2;2;0;True
7644;2;4;2;True
7645;2;4;2;True
7646;5;12;7;True
7647;4;9;5;True
7648;4;4;0;True
7649;7;16;9;True
7650;3;6;3;True
7651;1;1;0;True
7652;7;16;9;True
7653;4;8;4;True
7654;4;6;2;True
7655;7;12;5;True
7656;4;6;2;True
7657;5;12;7;True
7658;9;16;7;True
7659;1;1;0;True
7660;4;8;4;True
7661;6;9;3;True
7662;7;16;9;True
7663;1;1;0;True
7664;3;4;1;True
7665;1;1;0;True
7666;2;2;0;True
7667;4;9;5;True
7668;4;12;8;True
7669;4;9;5;True
7670;6;16;10;True
7671;7;16;9;True
7672;4;9;5;True
7673;5;9;4;True
7674;8;16;8;True
7675;3;6;3;True
7676;2;2;0;True
7677;6;16;10;True
7678;4;9;5;True
7679;3;6;3;True
7680;3;6;3;True
7681;3;6;3;True
7682;3;4;1;True
7683;5;12;7;True
7684;6;12;6;True
7685;4;6;2;True
7686;4;9;5;True
7687;6;9;3;True
7688;0;0;0;True
7689;3;6;3;True
7690;3;4;1;True
7691;3;4;1;True
7692;4;9;5;True
7693;2;4;2;True
7694;7;16;9;True
7695;7;12;5;True
7696;4;6;2;True
7697;7;16;9;True
7698;2;4;2;True
7699;5;9;4;True
7700;8;16;8;True
7701;2;2;0;True
7702;5;12;7;True
7703;7;16;9;True
7704;7;16;9;True
7705;5;12;7;True
7706;7;9;2;True
7707;6;12;6;True
7708;7;16;9;True
7709;4;9;5;True
7710;5;12;7;True
7711;3;6;3;True
7712;1;1;0;True
7713;4;9;5;True
7714;0;0;0;True
7715;10;16;6;True
7716;7;16;9;True
7717;7;9;2;True
7718;8;16;8;True
7719;5;12;7;True
7720;0;0;0;True
7721;7;12;5;True
7722;2;2;0;True
7723;1;1;0;True
7724;9;16;7;True
7725;7;16;9;True
7726;1;1;0;True
7727;5;16;11;True
7728;0;0;0;True
7729;3;6;3;True
7730;5;12;7;True
7731;0;0;0;True
7732;5;9;4;True
7733;3;6;3;True
7734;9;16;7;True
7735;2;2;0;True
7736;1;1;0;True
7737;3;6;3;True
7738;0;0;0;True
7739;5;9;4;True
7740;4;9;5;True
7741;3;6;3;True
7742;6;12;6;True
7743;5;12;7;True
7744;5;9;4;True
7745;2;4;2;True
7746;4;6;2;True
7747;4;6;2;True
7748;5;9;4;True
7749;3;6;3;True
7750;3;6;3;True
7751;4;12;8;True
7752;2;4;2;True
7753;4;9;5;True
7754;4;9;5;True
7755;1;1;0;True
7756;2;4;2;True
7757;3;6;3;True
7758;6;6;0;True
7759;5;9;4;True
7760;2;4;2;True
7761;0;0;0;True
7762;1;1;0;True
7763;4;6;2;True
7764;1;1;0;True
7765;6;16;10;True
7766;9;16;7;True
7767;0;0;0;True
7768;4;9;5;True
7769;6;16;10;True
7770;7;12;5;True
7771;1;1;0;True
7772;3;6;3;True
7773;5;12;7;True
7774;5;9;4;True
7775;6;16;10;True
7776;2;4;2;True
7777;2;4;2;True
7778;3;6;3;True
7779;4;9;5;True
7780;6;16;10;True
7781;3;9;6;True
7782;2;2;0;True
7783;1;1;0;True
7784;6;16;10;True
7785;3;3;0;True
7786;1;1;0;True
7787;2;2;0;True
7788;6;12;6;True
7789;2;4;2;True
7790;7;12;5;True
7791;3;9;6;True
7792;3;6;3;True
7793;1;1;0;True
7794;2;4;2;True
7795;9;16;7;True
7796;0;0;0;True
7797;8;12;4;True
7798;1;1;0;True
7799;1;1;0;True
7800;9;16;7;True
7801;1;1;0;True
7802;8;12;4;True
7803;6;12;6;True
7804;2;4;2;True
7805;3;6;3;True
7806;4;12;8;True
7807;4;12;8;True
7808;1;1;0;True
7809;3;4;1;True
7810;6;12;6;True
7811;1;1;0;True
7812;0;0;0;True
7813;6;12;6;True
7814;3;4;1;True
7815;3;9;6;True
7816;2;4;2;True
7817;6;12;6;True
7818;1;1;0;True
7819;6;16;10;True
7820;2;4;2;True
7821;5;12;7;True
7822;1;1;0;True
7823;8;12;4;True
7824;4;9;5;True
7825;4;8;4;True
7826;4;6;2;True
7827;1;1;0;True
7828;11;16;5;True
7829;5;12;7;True
7830;3;6;3;True
7831;2;4;2;True
7832;3;6;3;True
7833;4;8;4;True
7834;5;12;7;True
7835;6;16;10;True
7836;5;6;1;True
7837;3;6;3;True
7838;2;2;0;True
7839;3;9;6;True
7840;0;0;0;True
7841;0;0;0;True
7842;1;1;0;True
7843;2;2;0;True
7844;6;12;6;True
7845;1;1;0;True
7846;0;0;0;True
7847;6;9;3;True
7848;6;12;6;True
7849;3;6;3;True
7850;3;6;3;True
7851;6;12;6;True
7852;2;2;0;True
7853;0;0;0;True
7854;11;16;5;True
7855;3;4;1;True
7856;2;4;2;True
7857;1;1;0;True
7858;1;1;0;True
7859;3;4;1;True
7860;2;4;2;True
7861;3;4;1;True
7862;9;16;7;True
7863;3;6;3;True
7864;1;1;0;True
7865;4;9;5;True
7866;1;1;0;True
7867;4;6;2;True
7868;1;1;0;True
7869;1;1;0;True
7870;2;2;0;True
7871;2;4;2;True
7872;4;9;5;True
7873;3;6;3;True
7874;1;1;0;True
7875;7;12;5;True
7876;4;9;5;True
7877;0;0;0;True
7878;6;12;6;True
7879;1;1;0;True
7880;9;16;7;True
7881;2;2;0;True
7882;1;1;0;True
7883;9;12;3;True
7884;4;6;2;True
7885;2;2;0;True
7886;2;4;2;True
7887;7;12;5;True
7888;2;2;0;True
7889;2;4;2;True
7890;0;0;0;True
7891;1;1;0;True
7892;5;12;7;True
7893;6;12;6;True
7894;3;6;3;True
7895;1;1;0;True
7896;1;1;0;True
7897;5;9;4;True
7898;5;9;4;True
7899;6;9;3;True
7900;7;12;5;True
7901;6;8;2;True
7902;4;6;2;True
7903;4;9;5;True
7904;5;9;4;True
7905;4;6;2;True
7906;6;9;3;True
7907;1;1;0;True
7908;2;4;2;True
7909;6;16;10;True
7910;5;12;7;True
7911;2;2;0;True
7912;1;1;0;True
7913;5;9;4;True
7914;2;4;2;True
7915;5;9;4;True
7916;4;9;5;True
7917;7;16;9;True
7918;1;1;0;True
7919;3;4;1;True
7920;4;12;8;True
7921;2;4;2;True
7922;1;1;0;True
7923;5;16;11;True
7924;5;8;3;True
7925;4;6;2;True
7926;4;12;8;True
7927;4;9;5;True
7928;2;2;0;True
7929;1;1;0;True
7930;4;9;5;True
7931;2;2;0;True
7932;4;9;5;True
7933;2;4;2;True
7934;5;8;3;True
7935;3;6;3;True
7936;5;9;4;True
7937;4;6;2;True
7938;5;12;7;True
7939;2;4;2;True
7940;3;6;3;True
7941;5;16;11;True
7942;5;16;11;True
7943;0;0;0;True
7944;0;0;0;True
7945;5;6;1;True
7946;1;1;0;True
7947;0;0;0;True
7948;2;4;2;True
7949;6;12;6;True
7950;3;3;0;True
7951;4;9;5;True
7952;2;4;2;True
7953;2;4;2;True
7954;3;6;3;True
7955;0;0;0;True
7956;5;12;7;True
7957;4;8;4;True
7958;1;1;0;True
7959;5;9;4;True
7960;1;1;0;True
7961;2;2;0;True
7962;5;12;7;True
7963;7;16;9;True
7964;6;9;3;True
7965;4;12;8;True
7966;1;1;0;True
7967;1;1;0;True
7968;3;6;3;True
7969;2;4;2;True
7970;0;0;0;True
7971;5;12;7;True
7972;7;16;9;True
7973;3;6;3;True
7974;6;16;10;True
7975;1;1;0;True
7976;6;16;10;True
7977;3;6;3;True
7978;3;4;1;True
7979;2;4;2;True
7980;4;6;2;True
7981;6;16;10;True
7982;3;4;1;True
7983;3;6;3;True
7984;6;16;10;True
7985;1;1;0;True
7986;3;6;3;True
7987;4;9;5;True
7988;8;12;4;True
7989;2;4;2;True
7990;2;4;2;True
7991;4;9;5;True
7992;5;8;3;True
7993;10;16;6;True
7994;3;4;1;True
7995;5;9;4;True
7996;0;0;0;True
7997;3;4;1;True
7998;4;9;5;True
7999;2;4;2;True
8000;4;12;8;True
8001;2;4;2;True
8002;4;9;5;True
8003;7;12;5;True
8004;3;4;1;True
8005;6;16;10;True
8006;3;4;1;True
8007;8;16;8;True
8008;2;4;2;True
8009;7;16;9;True
8010;4;8;4;True
8011;1;1;0;True
8012;5;12;7;True
8013;1;1;0;True
8014;5;16;11;True
8015;2;2;0;True
8016;2;4;2;True
8017;4;6;2;True
8018;3;6;3;True
8019;1;1;0;True
8020;3;6;3;True
8021;7;12;5;True
8022;2;2;0;True
8023;4;9;5;True
8024;5;6;1;True
8025;3;9;6;True
8026;10;16;6;True
8027;9;12;3;True
8028;4;9;5;True
8029;4;6;2;True
8030;6;12;6;True
8031;0;0;0;True
8032;2;2;0;True
8033;8;16;8;True
8034;4;9;5;True
8035;4;6;2;True
8036;7;12;5;True
8037;3;6;3;True
8038;4;9;5;True
8039;5;9;4;True
8040;1;1;0;True
8041;2;4;2;True
8042;1;1;0;True
8043;3;6;3;True
8044;2;4;2;True
8045;2;4;2;True
8046;3;9;6;True
8047;4;9;5;True
8048;1;1;0;True
8049;6;16;10;True
8050;3;6;3;True
8051;5;8;3;True
8052;5;8;3;True
8053;1;1;0;True
8054;0;0;0;True
8055;4;12;8;True
8056;2;4;2;True
8057;2;2;0;True
8058;2;2;0;True
8059;2;2;0;True
8060;2;2;0;True
8061;7;16;9;True
8062;4;8;4;True
8063;4;4;0;True
8064;2;2;0;True
8065;2;4;2;True
8066;5;9;4;True
8067;7;12;5;True
8068;4;6;2;True
8069;2;4;2;True
8070;9;16;7;True
8071;1;1;0;True
8072;2;4;2;True
8073;3;6;3;True
8074;3;3;0;True
8075;7;16;9;True
8076;0;0;0;True
8077;1;1;0;True
8078;0;0;0;True
8079;6;16;10;True
8080;4;9;5;True
8081;0;0;0;True
8082;1;1;0;True
8083;1;1;0;True
8084;5;12;7;True
8085;7;16;9;True
8086;1;1;0;True
8087;4;9;5;True
8088;7;16;9;True
8089;2;4;2;True
8090;6;8;2;True
8091;1;1;0;True
8092;4;6;2;True
8093;1;1;0;True
8094;5;8;3;True
8095;4;6;2;True
8096;3;4;1;True
8097;11;16;5;True
8098;9;16;7;True
8099;8;16;8;True
8100;3;9;6;True
8101;4;6;2;True
8102;4;8;4;True
8103;0;0;0;True
8104;5;16;11;True
8105;8;16;8;True
8106;2;2;0;True
8107;6;9;3;True
8108;7;12;5;True
8109;7;16;9;True
8110;1;1;0;True
8111;4;9;5;True
8112;2;2;0;True
8113;6;12;6;True
8114;0;0;0;True
8115;1;1;0;True
8116;4;6;2;True
8117;1;1;0;True
8118;5;9;4;True
8119;5;9;4;True
8120;0;0;0;True
8121;5;8;3;True
8122;4;6;2;True
8123;2;4;2;True
8124;7;16;9;True
8125;2;4;2;True
8126;7;16;9;True
8127;9;16;7;True
8128;7;12;5;True
8129;0;0;0;True
8130;3;6;3;True
8131;5;12;7;True
8132;4;9;5;True
8133;5;12;7;True
8134;7;12;5;True
8135;4;6;2;True
8136;6;16;10;True
8137;4;6;2;True
8138;5;12;7;True
8139;1;1;0;True
8140;3;4;1;True
8141;1;1;0;True
8142;5;12;7;True
8143;7;12;5;True
8144;6;16;10;True
8145;5;12;7;True
8146;5;12;7;True
8147;3;6;3;True
8148;3;9;6;True
8149;2;4;2;True
8150;0;0;0;True
8151;4;6;2;True
8152;2;2;0;True
8153;1;1;0;True
8154;1;1;0;True
8155;4;8;4;True
8156;5;9;4;True
8157;1;1;0;True
8158;3;4;1;True
8159;2;4;2;True
8160;1;1;0;True
8161;3;6;3;True
8162;5;12;7;True
8163;5;12;7;True
8164;2;2;0;True
8165;4;9;5;True
8166;7;12;5;True
8167;3;4;1;True
8168;2;4;2;True
8169;3;3;0;True
8170;7;16;9;True
8171;5;9;4;True
8172;2;2;0;True
8173;2;2;0;True
8174;0;0;0;True
8175;0;0;0;True
8176;1;1;0;True
8177;7;16;9;True
8178;7;16;9;True
8179;5;9;4;True
8180;3;4;1;True
8181;5;9;4;True
8182;2;4;2;True
8183;2;4;2;True
8184;4;6;2;True
8185;4;9;5;True
8186;2;4;2;True
8187;1;1;0;True
8188;5;9;4;True
8189;6;12;6;True
8190;4;6;2;True
8191;2;2;0;True
8192;5;12;7;True
8193;7;16;9;True
8194;4;9;5;True
8195;3;9;6;True
8196;3;4;1;True
8197;7;16;9;True
8198;5;9;4;True
8199;8;16;8;True
8200;4;6;2;True
8201;9;12;3;True
8202;2;4;2;True
8203;2;4;2;True
8204;2;4;2;True
8205;3;6;3;True
8206;1;1;0;True
8207;5;9;4;True
8208;5;9;4;True
8209;2;4;2;True
8210;4;9;5;True
8211;3;4;1;True
8212;5;9;4;True
8213;4;6;2;True
8214;6;16;10;True
8215;4;6;2;True
8216;5;9;4;True
8217;2;4;2;True
8218;6;12;6;True
8219;2;4;2;True
8220;1;1;0;True
8221;9;12;3;True
8222;6;9;3;True
8223;6;12;6;True
8224;6;16;10;True
8225;1;1;0;True
8226;2;4;2;True
8227;6;9;3;True
8228;10;16;6;True
8229;7;16;9;True
8230;4;9;5;True
8231;0;0;0;True
8232;5;9;4;True
8233;7;12;5;True
8234;6;12;6;True
8235;4;6;2;True
8236;5;12;7;True
8237;5;12;7;True
8238;7;16;9;True
8239;4;6;2;True
8240;5;12;7;True
8241;4;6;2;True
8242;6;16;10;True
8243;2;4;2;True
8244;6;12;6;True
8245;2;4;2;True
8246;4;9;5;True
8247;5;12;7;True
8248;1;1;0;True
8249;4;9;5;True
8250;6;12;6;True
8251;4;9;5;True
8252;7;16;9;True
8253;5;6;1;True
8254;6;12;6;True
8255;4;6;2;True
8256;7;16;9;True
8257;5;9;4;True
8258;0;0;0;True
8259;0;0;0;True
8260;3;6;3;True
8261;3;9;6;True
8262;3;6;3;True
8263;5;9;4;True
8264;0;0;0;True
8265;2;2;0;True
8266;8;16;8;True
8267;0;0;0;True
8268;7;16;9;True
8269;4;6;2;True
8270;1;1;0;True
8271;4;6;2;True
8272;2;2;0;True
8273;10;16;6;True
8274;0;0;0;True
8275;3;4;1;True
8276;6;16;10;True
8277;7;16;9;True
8278;2;2;0;True
8279;1;1;0;True
8280;4;9;5;True
8281;2;4;2;True
8282;0;0;0;True
8283;6;16;10;True
8284;5;12;7;True
8285;3;6;3;True
8286;3;4;1;True
8287;2;4;2;True
8288;5;12;7;True
8289;6;9;3;True
8290;8;16;8;True
8291;2;4;2;True
8292;1;1;0;True
8293;2;4;2;True
8294;3;9;6;True
8295;4;9;5;True
8296;5;9;4;True
8297;2;4;2;True
8298;2;4;2;True
8299;5;16;11;True
8300;7;16;9;True
8301;8;16;8;True
8302;2;4;2;True
8303;5;6;1;True
8304;2;4;2;True
8305;0;0;0;True
8306;1;1;0;True
8307;5;16;11;True
8308;4;9;5;True
8309;4;12;8;True
8310;4;9;5;True
8311;1;1;0;True
8312;5;12;7;True
8313;4;9;5;True
8314;6;12;6;True
8315;2;4;2;True
8316;7;12;5;True
8317;4;12;8;True
8318;0;0;0;True
8319;4;16;12;True
8320;3;6;3;True
8321;2;2;0;True
8322;5;12;7;True
8323;2;4;2;True
8324;5;12;7;True
8325;6;12;6;True
8326;7;16;9;True
8327;3;6;3;True
8328;3;6;3;True
8329;4;12;8;True
8330;3;6;3;True
8331;4;6;2;True
8332;8;16;8;True
8333;3;6;3;True
8334;4;12;8;True
8335;8;12;4;True
8336;9;16;7;True
8337;7;16;9;True
8338;2;2;0;True
8339;5;9;4;True
8340;6;9;3;True
8341;5;12;7;True
8342;5;16;11;True
8343;4;9;5;True
8344;6;9;3;True
8345;7;16;9;True
8346;3;6;3;True
8347;4;8;4;True
8348;0;0;0;True
8349;0;0;0;True
8350;1;1;0;True
8351;4;4;0;True
8352;4;8;4;True
8353;3;3;0;True
8354;3;6;3;True
8355;4;12;8;True
8356;1;1;0;True
8357;1;1;0;True
8358;1;1;0;True
8359;4;4;0;True
8360;9;16;7;True
8361;4;9;5;True
8362;12;16;4;True
8363;4;9;5;True
8364;4;9;5;True
8365;5;16;11;True
8366;1;1;0;True
8367;2;4;2;True
8368;6;16;10;True
8369;5;16;11;True
8370;9;16;7;True
8371;5;8;3;True
8372;2;4;2;True
8373;6;16;10;True
8374;2;4;2;True
8375;7;12;5;True
8376;2;4;2;True
8377;5;9;4;True
8378;5;12;7;True
8379;4;6;2;True
8380;0;0;0;True
8381;5;12;7;True
8382;3;6;3;True
8383;5;12;7;True
8384;8;16;8;True
8385;3;6;3;True
8386;4;12;8;True
8387;2;2;0;True
8388;3;6;3;True
8389;5;6;1;True
8390;1;1;0;True
8391;9;12;3;True
8392;6;12;6;True
8393;1;1;0;True
8394;0;0;0;True
8395;3;4;1;True
8396;5;9;4;True
8397;7;12;5;True
8398;4;9;5;True
8399;2;4;2;True
8400;2;2;0;True
8401;1;1;0;True
8402;9;16;7;True
8403;5;12;7;True
8404;3;6;3;True
8405;1;1;0;True
8406;3;4;1;True
8407;4;8;4;True
8408;3;9;6;True
8409;2;2;0;True
8410;3;9;6;True
8411;4;6;2;True
8412;4;12;8;True
8413;1;1;0;True
8414;2;2;0;True
8415;2;4;2;True
8416;1;1;0;True
8417;3;9;6;True
8418;6;12;6;True
8419;3;6;3;True
8420;3;4;1;True
8421;8;16;8;True
8422;1;1;0;True
8423;3;6;3;True
8424;6;12;6;True
8425;5;16;11;True
8426;2;4;2;True
8427;3;6;3;True
8428;6;12;6;True
8429;2;2;0;True
8430;4;6;2;True
8431;0;0;0;True
8432;3;6;3;True
8433;3;6;3;True
8434;2;2;0;True
8435;5;9;4;True
8436;0;0;0;True
8437;7;16;9;True
8438;7;16;9;True
8439;0;0;0;True
8440;1;1;0;True
8441;1;1;0;True
8442;8;12;4;True
8443;9;16;7;True
8444;3;4;1;True
8445;1;1;0;True
8446;2;2;0;True
8447;6;12;6;True
8448;6;12;6;True
8449;4;9;5;True
8450;2;2;0;True
8451;7;12;5;True
8452;5;12;7;True
8453;4;8;4;True
8454;3;6;3;True
8455;6;12;6;True
8456;5;9;4;True
8457;5;9;4;True
8458;5;6;1;True
8459;4;6;2;True
8460;5;9;4;True
8461;2;2;0;True
8462;4;9;5;True
8463;1;1;0;True
8464;3;3;0;True
8465;4;9;5;True
8466;5;9;4;True
8467;3;6;3;True
8468;5;16;11;True
8469;9;16;7;True
8470;2;4;2;True
8471;2;4;2;True
8472;9;16;7;True
8473;5;9;4;True
8474;5;9;4;True
8475;2;2;0;True
8476;2;2;0;True
8477;5;12;7;True
8478;5;12;7;True
8479;1;1;0;True
8480;0;0;0;True
8481;9;16;7;True
8482;7;9;2;True
8483;6;16;10;True
8484;4;8;4;True
8485;5;16;11;True
8486;3;6;3;True
8487;2;4;2;True
8488;1;1;0;True
8489;7;16;9;True
8490;3;9;6;True
8491;5;12;7;True
8492;9;16;7;True
8493;8;12;4;True
8494;4;12;8;True
8495;6;8;2;True
8496;7;12;5;True
8497;3;4;1;True
8498;5;12;7;True
8499;1;1;0;True
8500;10;16;6;True
8501;7;16;9;True
8502;4;9;5;True
8503;2;2;0;True
8504;5;12;7;True
8505;1;1;0;True
8506;2;4;2;True
8507;2;2;0;True
8508;2;4;2;True
8509;1;1;0;True
8510;4;9;5;True
8511;7;12;5;True
8512;0;0;0;True
8513;3;6;3;True
8514;4;4;0;True
8515;2;4;2;True
8516;4;4;0;True
8517;6;12;6;True
8518;2;2;0;True
8519;3;6;3;True
8520;2;2;0;True
8521;3;4;1;True
8522;10;16;6;True
8523;5;12;7;True
8524;2;4;2;True
8525;1;1;0;True
8526;3;9;6;True
8527;0;0;0;True
8528;3;6;3;True
8529;5;6;1;True
8530;2;2;0;True
8531;4;9;5;True
8532;5;12;7;True
8533;5;12;7;True
8534;2;2;0;True
8535;6;16;10;True
8536;5;12;7;True
8537;7;16;9;True
8538;6;16;10;True
8539;4;12;8;True
8540;2;2;0;True
8541;2;4;2;True
8542;5;12;7;True
8543;4;9;5;True
8544;6;12;6;True
8545;2;4;2;True
8546;2;4;2;True
8547;0;0;0;True
8548;2;4;2;True
8549;4;8;4;True
8550;7;16;9;True
8551;5;9;4;True
8552;4;9;5;True
8553;4;9;5;True
8554;9;12;3;True
8555;2;2;0;True
8556;3;9;6;True
8557;4;9;5;True
8558;5;9;4;True
8559;9;12;3;True
8560;2;4;2;True
8561;3;9;6;True
8562;6;16;10;True
8563;3;6;3;True
8564;3;4;1;True
8565;4;6;2;True
8566;3;6;3;True
8567;3;9;6;True
8568;4;6;2;True
8569;1;1;0;True
8570;1;1;0;True
8571;3;4;1;True
8572;3;4;1;True
8573;5;9;4;True
8574;6;9;3;True
8575;5;6;1;True
8576;3;6;3;True
8577;5;12;7;True
8578;3;6;3;True
8579;5;12;7;True
8580;1;1;0;True
8581;1;1;0;True
8582;5;9;4;True
8583;2;2;0;True
8584;2;4;2;True
8585;4;9;5;True
8586;3;4;1;True
8587;9;12;3;True
8588;1;1;0;True
8589;2;4;2;True
8590;6;12;6;True
8591;3;4;1;True
8592;1;1;0;True
8593;0;0;0;True
8594;3;6;3;True
8595;6;9;3;True
8596;3;9;6;True
8597;2;4;2;True
8598;6;12;6;True
8599;4;6;2;True
8600;3;6;3;True
8601;5;9;4;True
8602;2;2;0;True
8603;7;16;9;True
8604;0;0;0;True
8605;2;2;0;True
8606;5;12;7;True
8607;0;0;0;True
8608;8;16;8;True
8609;4;6;2;True
8610;5;9;4;True
8611;4;12;8;True
8612;1;1;0;True
8613;1;1;0;True
8614;1;1;0;True
8615;4;8;4;True
8616;5;9;4;True
8617;2;2;0;True
8618;2;2;0;True
8619;5;6;1;True
8620;4;9;5;True
8621;2;2;0;True
8622;4;9;5;True
8623;7;16;9;True
8624;7;12;5;True
8625;2;4;2;True
8626;1;1;0;True
8627;3;9;6;True
8628;6;9;3;True
8629;0;0;0;True
8630;8;16;8;True
8631;0;0;0;True
8632;5;9;4;True
8633;2;4;2;True
8634;2;2;0;True
8635;5;12;7;True
8636;4;9;5;True
8637;5;8;3;True
8638;3;4;1;True
8639;5;12;7;True
8640;10;16;6;True
8641;5;12;7;True
8642;4;9;5;True
8643;3;9;6;True
8644;2;4;2;True
8645;5;6;1;True
8646;1;1;0;True
8647;0;0;0;True
8648;2;2;0;True
8649;7;12;5;True
8650;6;12;6;True
8651;2;4;2;True
8652;3;6;3;True
8653;0;0;0;True
8654;7;16;9;True
8655;1;1;0;True
8656;3;4;1;True
8657;3;6;3;True
8658;2;2;0;True
8659;3;9;6;True
8660;3;6;3;True
8661;4;6;2;True
8662;1;1;0;True
8663;2;2;0;True
8664;2;4;2;True
8665;4;6;2;True
8666;2;2;0;True
8667;5;16;11;True
8668;2;2;0;True
8669;8;16;8;True
8670;7;16;9;True
8671;4;6;2;True
8672;4;6;2;True
8673;4;6;2;True
8674;1;1;0;True
8675;0;0;0;True
8676;6;9;3;True
8677;2;2;0;True
8678;3;6;3;True
8679;3;6;3;True
8680;1;1;0;True
8681;2;4;2;True
8682;2;2;0;True
8683;6;16;10;True
8684;1;1;0;True
8685;3;4;1;True
8686;4;12;8;True
8687;5;9;4;True
8688;2;2;0;True
8689;5;12;7;True
8690;6;12;6;True
8691;4;12;8;True
8692;3;6;3;True
8693;5;16;11;True
8694;2;4;2;True
8695;5;16;11;True
8696;5;16;11;True
8697;5;12;7;True
8698;3;6;3;True
8699;6;12;6;True
8700;8;16;8;True
8701;2;4;2;True
8702;1;1;0;True
8703;8;12;4;True
8704;1;1;0;True
8705;0;0;0;True
8706;5;12;7;True
8707;3;6;3;True
8708;7;16;9;True
8709;2;2;0;True
8710;2;2;0;True
8711;6;9;3;True
8712;2;4;2;True
8713;7;12;5;True
8714;6;9;3;True
8715;4;6;2;True
8716;2;2;0;True
8717;2;2;0;True
8718;2;2;0;True
8719;3;6;3;True
8720;0;0;0;True
8721;1;1;0;True
8722;3;6;3;True
8723;3;4;1;True
8724;4;9;5;True
8725;7;16;9;True
8726;2;4;2;True
8727;3;6;3;True
8728;6;12;6;True
8729;1;1;0;True
8730;6;12;6;True
8731;1;1;0;True
8732;4;9;5;True
8733;6;9;3;True
8734;8;9;1;True
8735;3;4;1;True
8736;4;9;5;True
8737;1;1;0;True
8738;3;6;3;True
8739;2;4;2;True
8740;7;16;9;True
8741;4;12;8;True
8742;6;16;10;True
8743;1;1;0;True
8744;4;6;2;True
8745;6;12;6;True
8746;6;12;6;True
8747;5;12;7;True
8748;3;6;3;True
8749;4;6;2;True
8750;3;4;1;True
8751;3;9;6;True
8752;5;8;3;True
8753;3;9;6;True
8754;4;12;8;True
8755;6;9;3;True
8756;3;6;3;True
8757;5;12;7;True
8758;0;0;0;True
8759;0;0;0;True
8760;0;0;0;True
8761;4;6;2;True
8762;6;12;6;True
8763;1;1;0;True
8764;2;4;2;True
8765;3;6;3;True
8766;7;12;5;True
8767;2;4;2;True
8768;6;12;6;True
8769;5;12;7;True
8770;6;12;6;True
8771;4;9;5;True
8772;8;16;8;True
8773;6;9;3;True
8774;5;9;4;True
8775;4;8;4;True
8776;0;0;0;True
8777;4;12;8;True
8778;2;4;2;True
8779;6;9;3;True
8780;0;0;0;True
8781;3;6;3;True
8782;3;6;3;True
8783;5;12;7;True
8784;1;1;0;True
8785;8;12;4;True
8786;4;9;5;True
8787;6;16;10;True
8788;4;6;2;True
8789;3;4;1;True
8790;7;12;5;True
8791;2;4;2;True
8792;4;9;5;True
8793;7;12;5;True
8794;6;8;2;True
8795;3;9;6;True
8796;4;9;5;True
8797;5;6;1;True
8798;2;4;2;True
8799;4;9;5;True
8800;1;1;0;True
8801;0;0;0;True
8802;4;12;8;True
8803;4;12;8;True
8804;0;0;0;True
8805;4;6;2;True
8806;4;12;8;True
8807;10;16;6;True
8808;10;16;6;True
8809;4;8;4;True
8810;0;0;0;True
8811;2;4;2;True
8812;5;8;3;True
8813;6;12;6;True
8814;5;12;7;True
8815;4;9;5;True
8816;3;6;3;True
8817;8;16;8;True
8818;2;4;2;True
8819;7;16;9;True
8820;6;16;10;True
8821;4;6;2;True
8822;5;12;7;True
8823;2;2;0;True
8824;1;1;0;True
8825;5;12;7;True
8826;8;16;8;True
8827;6;8;2;True
8828;4;6;2;True
8829;0;0;0;True
8830;5;9;4;True
8831;4;6;2;True
8832;3;4;1;True
8833;3;4;1;True
8834;3;9;6;True
8835;4;9;5;True
8836;1;1;0;True
8837;1;1;0;True
8838;4;9;5;True
8839;8;16;8;True
8840;7;16;9;True
8841;8;12;4;True
8842;6;12;6;True
8843;2;4;2;True
8844;6;12;6;True
8845;6;12;6;True
8846;3;3;0;True
8847;3;4;1;True
8848;4;12;8;True
8849;7;16;9;True
8850;3;6;3;True
8851;9;16;7;True
8852;4;4;0;True
8853;7;16;9;True
8854;1;1;0;True
8855;3;6;3;True
8856;6;12;6;True
8857;1;1;0;True
8858;1;1;0;True
8859;2;4;2;True
8860;8;12;4;True
8861;3;6;3;True
8862;1;1;0;True
8863;3;6;3;True
8864;7;12;5;True
8865;1;1;0;True
8866;4;9;5;True
8867;2;2;0;True
8868;1;1;0;True
8869;5;8;3;True
8870;3;6;3;True
8871;1;1;0;True
8872;8;16;8;True
8873;2;2;0;True
8874;3;4;1;True
8875;4;12;8;True
8876;0;0;0;True
8877;1;1;0;True
8878;2;2;0;True
8879;9;16;7;True
8880;2;2;0;True
8881;2;4;2;True
8882;6;16;10;True
8883;2;4;2;True
8884;3;4;1;True
8885;5;16;11;True
8886;5;9;4;True
8887;2;2;0;True
8888;8;12;4;True
8889;5;9;4;True
8890;6;12;6;True
8891;2;4;2;True
8892;5;12;7;True
8893;5;6;1;True
8894;5;12;7;True
8895;3;9;6;True
8896;2;4;2;True
8897;5;9;4;True
8898;5;9;4;True
8899;1;1;0;True
8900;8;16;8;True
8901;3;6;3;True
8902;6;12;6;True
8903;2;4;2;True
8904;0;0;0;True
8905;1;1;0;True
8906;2;4;2;True
8907;6;12;6;True
8908;2;2;0;True
8909;7;12;5;True
8910;1;1;0;True
8911;3;4;1;True
8912;4;6;2;True
8913;3;4;1;True
8914;5;9;4;True
8915;3;6;3;True
8916;3;3;0;True
8917;0;0;0;True
8918;6;16;10;True
8919;4;9;5;True
8920;4;12;8;True
8921;2;2;0;True
8922;0;0;0;True
8923;0;0;0;True
8924;2;2;0;True
8925;8;12;4;True
8926;8;16;8;True
8927;3;9;6;True
8928;1;1;0;True
8929;5;9;4;True
8930;7;16;9;True
8931;1;1;0;True
8932;6;12;6;True
8933;6;12;6;True
8934;1;1;0;True
8935;4;9;5;True
8936;6;16;10;True
8937;2;4;2;True
8938;7;16;9;True
8939;6;12;6;True
8940;1;1;0;True
8941;5;9;4;True
8942;2;2;0;True
8943;5;16;11;True
8944;1;1;0;True
8945;3;6;3;True
8946;5;12;7;True
8947;3;4;1;True
8948;5;6;1;True
8949;2;2;0;True
8950;2;2;0;True
8951;3;4;1;True
8952;0;0;0;True
8953;1;1;0;True
8954;3;6;3;True
8955;4;6;2;True
8956;3;4;1;True
8957;5;12;7;True
8958;4;12;8;True
8959;4;6;2;True
8960;2;4;2;True
8961;1;1;0;True
8962;6;12;6;True
8963;5;6;1;True
8964;5;8;3;True
8965;5;9;4;True
8966;0;0;0;True
8967;4;12;8;True
8968;3;6;3;True
8969;3;9;6;True
8970;1;1;0;True
8971;4;16;12;True
8972;6;12;6;True
8973;6;16;10;True
8974;6;12;6;True
8975;1;1;0;True
8976;4;4;0;True
8977;2;4;2;True
8978;4;12;8;True
8979;1;1;0;True
8980;4;12;8;True
8981;3;4;1;True
8982;1;1;0;True
8983;5;12;7;True
8984;1;1;0;True
8985;10;16;6;True
8986;4;9;5;True
8987;0;0;0;True
8988;5;12;7;True
8989;2;4;2;True
8990;0;0;0;True
8991;4;12;8;True
8992;2;2;0;True
8993;3;6;3;True
8994;6;12;6;True
8995;4;12;8;True
8996;3;4;1;True
8997;3;9;6;True
8998;3;9;6;True
8999;3;4;1;True
9000;5;12;7;True
9001;1;1;0;True
9002;4;9;5;True
9003;7;16;9;True
9004;5;6;1;True
9005;4;6;2;True
9006;7;16;9;True
9007;5;12;7;True
9008;2;4;2;True
9009;3;4;1;True
9010;4;8;4;True
9011;7;12;5;True
9012;2;4;2;True
9013;2;2;0;True
9014;2;4;2;True
9015;4;6;2;True
9016;10;16;6;True
9017;4;6;2;True
9018;2;2;0;True
9019;2;4;2;True
9020;3;6;3;True
9021;3;6;3;True
9022;4;4;0;True
9023;4;9;5;True
9024;1;1;0;True
9025;7;16;9;True
9026;4;6;2;True
9027;5;16;11;True
9028;8;16;8;True
9029;5;16;11;True
9030;5;12;7;True
9031;2;2;0;True
9032;4;4;0;True
9033;9;16;7;True
9034;3;6;3;True
9035;7;16;9;True
9036;1;1;0;True
9037;5;16;11;True
9038;4;12;8;True
9039;9;16;7;True
9040;4;9;5;True
9041;3;4;1;True
9042;9;16;7;True
9043;5;9;4;True
9044;3;6;3;True
9045;1;1;0;True
9046;3;6;3;True
9047;2;4;2;True
9048;4;9;5;True
9049;2;4;2;True
9050;7;16;9;True
9051;3;4;1;True
9052;2;4;2;True
9053;5;12;7;True
9054;3;4;1;True
9055;6;12;6;True
9056;2;4;2;True
9057;6;12;6;True
9058;2;2;0;True
9059;4;6;2;True
9060;6;16;10;True
9061;1;1;0;True
9062;10;16;6;True
9063;3;6;3;True
9064;7;12;5;True
9065;5;9;4;True
9066;9;16;7;True
9067;4;9;5;True
9068;0;0;0;True
9069;6;12;6;True
9070;6;8;2;True
9071;5;12;7;True
9072;3;6;3;True
9073;2;2;0;True
9074;4;6;2;True
9075;6;16;10;True
9076;1;1;0;True
9077;2;4;2;True
9078;4;6;2;True
9079;1;1;0;True
9080;2;4;2;True
9081;4;9;5;True
9082;2;2;0;True
9083;5;9;4;True
9084;2;2;0;True
9085;7;12;5;True
9086;6;16;10;True
9087;3;6;3;True
9088;2;2;0;True
9089;3;4;1;True
9090;4;9;5;True
9091;5;9;4;True
9092;4;6;2;True
9093;3;6;3;True
9094;2;2;0;True
9095;4;9;5;True
9096;4;6;2;True
9097;0;0;0;True
9098;6;12;6;True
9099;5;16;11;True
9100;8;12;4;True
9101;2;4;2;True
9102;2;4;2;True
9103;6;12;6;True
9104;5;6;1;True
9105;2;4;2;True
9106;4;9;5;True
9107;0;0;0;True
9108;4;6;2;True
9109;5;12;7;True
9110;3;4;1;True
9111;3;6;3;True
9112;5;12;7;True
9113;2;4;2;True
9114;3;6;3;True
9115;2;2;0;True
9116;7;12;5;True
9117;10;16;6;True
9118;0;0;0;True
9119;3;6;3;True
9120;2;2;0;True
9121;2;4;2;True
9122;4;6;2;True
9123;1;1;0;True
9124;4;6;2;True
9125;1;1;0;True
9126;4;6;2;True
9127;3;6;3;True
9128;5;12;7;True
9129;8;16;8;True
9130;7;8;1;True
9131;2;2;0;True
9132;5;12;7;True
9133;3;3;0;True
9134;7;16;9;True
9135;2;4;2;True
9136;6;16;10;True
9137;8;12;4;True
9138;3;6;3;True
9139;3;6;3;True
9140;5;16;11;True
9141;4;9;5;True
9142;1;1;0;True
9143;5;9;4;True
9144;3;4;1;True
9145;4;6;2;True
9146;2;4;2;True
9147;3;6;3;True
9148;3;4;1;True
9149;6;12;6;True
9150;1;1;0;True
9151;4;4;0;True
9152;4;12;8;True
9153;6;12;6;True
9154;2;2;0;True
9155;3;4;1;True
9156;0;0;0;True
9157;4;9;5;True
9158;6;8;2;True
9159;2;4;2;True
9160;0;0;0;True
9161;1;1;0;True
9162;0;0;0;True
9163;2;4;2;True
9164;8;16;8;True
9165;3;4;1;True
9166;6;16;10;True
9167;7;16;9;True
9168;8;16;8;True
9169;8;8;0;True
9170;4;4;0;True
9171;1;1;0;True
9172;0;0;0;True
9173;1;1;0;True
9174;1;1;0;True
9175;0;0;0;True
9176;3;6;3;True
9177;2;2;0;True
9178;9;16;7;True
9179;3;6;3;True
9180;2;4;2;True
9181;5;9;4;True
9182;2;4;2;True
9183;1;1;0;True
9184;6;12;6;True
9185;7;12;5;True
9186;7;16;9;True
9187;1;1;0;True
9188;5;12;7;True
9189;4;6;2;True
9190;3;4;1;True
9191;1;1;0;True
9192;3;9;6;True
9193;4;8;4;True
9194;5;9;4;True
9195;3;4;1;True
9196;9;16;7;True
9197;4;4;0;True
9198;2;2;0;True
9199;3;9;6;True
9200;3;6;3;True
9201;2;2;0;True
9202;3;6;3;True
9203;5;12;7;True
9204;9;16;7;True
9205;6;9;3;True
9206;1;1;0;True
9207;5;8;3;True
9208;1;1;0;True
9209;2;4;2;True
9210;2;2;0;True
9211;4;6;2;True
9212;2;4;2;True
9213;0;0;0;True
9214;4;12;8;True
9215;3;6;3;True
9216;0;0;0;True
9217;3;6;3;True
9218;6;12;6;True
9219;9;16;7;True
9220;8;16;8;True
9221;3;6;3;True
9222;4;9;5;True
9223;2;4;2;True
9224;2;4;2;True
9225;3;6;3;True
9226;2;2;0;True
9227;6;9;3;True
9228;6;9;3;True
9229;1;1;0;True
9230;4;12;8;True
9231;0;0;0;True
9232;2;4;2;True
9233;7;12;5;True
9234;4;8;4;True
9235;2;2;0;True
9236;5;9;4;True
9237;0;0;0;True
9238;9;16;7;True
9239;3;6;3;True
9240;0;0;0;True
9241;1;1;0;True
9242;5;12;7;True
9243;2;4;2;True
9244;6;12;6;True
9245;2;4;2;True
9246;4;9;5;True
9247;5;9;4;True
9248;7;16;9;True
9249;2;4;2;True
9250;7;16;9;True
9251;6;16;10;True
9252;4;6;2;True
9253;9;16;7;True
9254;3;6;3;True
9255;4;9;5;True
9256;0;0;0;True
9257;6;12;6;True
9258;6;12;6;True
9259;2;2;0;True
9260;2;2;0;True
9261;10;16;6;True
9262;1;1;0;True
9263;3;6;3;True
9264;4;4;0;True
9265;4;8;4;True
9266;1;1;0;True
9267;7;16;9;True
9268;2;2;0;True
9269;5;9;4;True
9270;0;0;0;True
9271;2;4;2;True
9272;5;8;3;True
9273;3;4;1;True
9274;6;16;10;True
9275;2;2;0;True
9276;2;2;0;True
9277;10;16;6;True
9278;4;8;4;True
9279;2;4;2;True
9280;2;2;0;True
9281;4;8;4;True
9282;5;16;11;True
9283;6;16;10;True
9284;4;6;2;True
9285;9;16;7;True
9286;2;4;2;True
9287;5;9;4;True
9288;1;1;0;True
9289;4;9;5;True
9290;2;2;0;True
9291;6;16;10;True
9292;2;4;2;True
9293;4;6;2;True
9294;5;9;4;True
9295;10;16;6;True
9296;3;6;3;True
9297;3;4;1;True
9298;4;6;2;True
9299;3;6;3;True
9300;0;0;0;True
9301;6;16;10;True
9302;5;12;7;True
9303;3;9;6;True
9304;2;4;2;True
9305;1;1;0;True
9306;7;16;9;True
9307;7;12;5;True
9308;3;4;1;True
9309;0;0;0;True
9310;3;9;6;True
9311;4;16;12;True
9312;5;6;1;True
9313;2;4;2;True
9314;5;16;11;True
9315;1;1;0;True
9316;4;12;8;True
9317;1;1;0;True
9318;2;2;0;True
9319;4;12;8;True
9320;3;4;1;True
9321;5;9;4;True
9322;6;9;3;True
9323;4;6;2;True
9324;5;12;7;True
9325;4;9;5;True
9326;5;8;3;True
9327;1;1;0;True
9328;2;4;2;True
9329;3;9;6;True
9330;2;4;2;True
9331;0;0;0;True
9332;4;6;2;True
9333;6;16;10;True
9334;5;6;1;True
9335;3;6;3;True
9336;5;8;3;True
9337;3;9;6;True
9338;6;12;6;True
9339;0;0;0;True
9340;5;9;4;True
9341;3;4;1;True
9342;5;16;11;True
9343;1;1;0;True
9344;6;12;6;True
9345;4;9;5;True
9346;4;9;5;True
9347;3;3;0;True
9348;6;9;3;True
9349;1;1;0;True
9350;4;9;5;True
9351;8;16;8;True
9352;6;16;10;True
9353;0;0;0;True
9354;5;16;11;True
9355;4;9;5;True
9356;4;6;2;True
9357;7;16;9;True
9358;1;1;0;True
9359;5;6;1;True
9360;5;16;11;True
9361;5;12;7;True
9362;9;16;7;True
9363;3;6;3;True
9364;4;8;4;True
9365;4;8;4;True
9366;3;4;1;True
9367;5;8;3;True
9368;2;4;2;True
9369;4;6;2;True
9370;2;2;0;True
9371;4;12;8;True
9372;3;6;3;True
9373;8;16;8;True
9374;5;12;7;True
9375;2;4;2;True
9376;1;1;0;True
9377;3;9;6;True
9378;1;1;0;True
9379;3;6;3;True
9380;0;0;0;True
9381;6;12;6;True
9382;3;9;6;True
9383;1;1;0;True
9384;1;1;0;True
9385;4;12;8;True
9386;4;9;5;True
9387;3;9;6;True
9388;5;9;4;True
9389;2;2;0;True
9390;5;16;11;True
9391;3;6;3;True
9392;4;6;2;True
9393;2;2;0;True
9394;5;12;7;True
9395;3;6;3;True
9396;4;6;2;True
9397;6;12;6;True
9398;6;9;3;True
9399;2;2;0;True
9400;5;12;7;True
9401;8;12;4;True
9402;2;4;2;True
9403;2;4;2;True
9404;5;9;4;True
9405;8;16;8;True
9406;1;1;0;True
9407;1;1;0;True
9408;5;12;7;True
9409;5;12;7;True
9410;2;2;0;True
9411;1;1;0;True
9412;7;12;5;True
9413;9;16;7;True
9414;6;12;6;True
9415;8;16;8;True
9416;3;6;3;True
9417;3;3;0;True
9418;6;12;6;True
9419;5;9;4;True
9420;4;6;2;True
9421;1;1;0;True
9422;4;12;8;True
9423;5;9;4;True
9424;4;12;8;True
9425;5;12;7;True
9426;3;6;3;True
9427;4;12;8;True
9428;2;2;0;True
9429;0;0;0;True
9430;4;12;8;True
9431;5;12;7;True
9432;2;2;0;True
9433;3;9;6;True
9434;7;12;5;True
9435;2;4;2;True
9436;5;12;7;True
9437;0;0;0;True
9438;5;9;4;True
9439;5;12;7;True
9440;1;1;0;True
9441;5;12;7;True
9442;2;2;0;True
9443;5;12;7;True
9444;3;3;0;True
9445;6;16;10;True
9446;2;4;2;True
9447;2;4;2;True
9448;0;0;0;True
9449;7;16;9;True
9450;2;4;2;True
9451;4;6;2;True
9452;4;9;5;True
9453;8;16;8;True
9454;2;2;0;True
9455;3;6;3;True
9456;2;4;2;True
9457;5;12;7;True
9458;4;12;8;True
9459;2;2;0;True
9460;2;4;2;True
9461;2;4;2;True
9462;2;4;2;True
9463;8;16;8;True
9464;5;12;7;True
9465;2;4;2;True
9466;2;4;2;True
9467;5;9;4;True
9468;3;9;6;True
9469;4;12;8;True
9470;2;2;0;True
9471;2;2;0;True
9472;0;0;0;True
9473;1;1;0;True
9474;9;16;7;True
9475;3;6;3;True
9476;3;4;1;True
9477;6;12;6;True
9478;7;16;9;True
9479;4;6;2;True
9480;5;9;4;True
9481;7;16;9;True
9482;2;2;0;True
9483;3;9;6;True
9484;3;6;3;True
9485;1;1;0;True
9486;3;6;3;True
9487;6;12;6;True
9488;1;1;0;True
9489;4;16;12;True
9490;5;6;1;True
9491;4;9;5;True
9492;3;6;3;True
9493;2;4;2;True
9494;1;1;0;True
9495;7;16;9;True
9496;2;4;2;True
9497;4;9;5;True
9498;2;2;0;True
9499;3;6;3;True
9500;5;9;4;True
9501;3;4;1;True
9502;5;9;4;True
9503;2;2;0;True
9504;0;0;0;True
9505;5;12;7;True
9506;3;4;1;True
9507;6;16;10;True
9508;3;4;1;True
9509;2;2;0;True
9510;10;16;6;True
9511;8;16;8;True
9512;1;1;0;True
9513;5;8;3;True
9514;2;4;2;True
9515;6;12;6;True
9516;2;4;2;True
9517;4;12;8;True
9518;0;0;0;True
9519;6;16;10;True
9520;2;4;2;True
9521;5;12;7;True
9522;2;4;2;True
9523;3;4;1;True
9524;4;8;4;True
9525;1;1;0;True
9526;7;12;5;True
9527;5;16;11;True
9528;0;0;0;True
9529;5;16;11;True
9530;7;16;9;True
9531;2;4;2;True
9532;1;1;0;True
9533;1;1;0;True
9534;3;6;3;True
9535;2;2;0;True
9536;3;6;3;True
9537;5;8;3;True
9538;1;1;0;True
9539;4;9;5;True
9540;5;12;7;True
9541;4;9;5;True
9542;1;1;0;True
9543;6;12;6;True
9544;5;9;4;True
9545;8;12;4;True
9546;2;4;2;True
9547;1;1;0;True
9548;1;1;0;True
9549;5;8;3;True
9550;2;2;0;True
9551;4;8;4;True
9552;2;2;0;True
9553;3;6;3;True
9554;3;4;1;True
9555;0;0;0;True
9556;2;2;0;True
9557;6;9;3;True
9558;4;8;4;True
9559;6;12;6;True
9560;4;9;5;True
9561;5;12;7;True
9562;3;4;1;True
9563;2;2;0;True
9564;3;9;6;True
9565;5;12;7;True
9566;2;4;2;True
9567;7;16;9;True
9568;1;1;0;True
9569;2;4;2;True
9570;6;16;10;True
9571;5;9;4;True
9572;4;9;5;True
9573;7;16;9;True
9574;5;9;4;True
9575;5;16;11;True
9576;6;12;6;True
9577;4;9;5;True
9578;4;6;2;True
9579;1;1;0;True
9580;7;16;9;True
9581;3;4;1;True
9582;8;9;1;True
9583;0;0;0;True
9584;1;1;0;True
9585;7;9;2;True
9586;2;2;0;True
9587;1;1;0;True
9588;4;9;5;True
9589;1;1;0;True
9590;0;0;0;True
9591;8;16;8;True
9592;6;8;2;True
9593;5;16;11;True
9594;5;9;4;True
9595;1;1;0;True
9596;9;16;7;True
9597;5;8;3;True
9598;0;0;0;True
9599;1;1;0;True
9600;3;4;1;True
9601;0;0;0;True
9602;2;2;0;True
9603;1;1;0;True
9604;3;6;3;True
9605;0;0;0;True
9606;6;16;10;True
9607;4;6;2;True
9608;8;16;8;True
9609;3;3;0;True
9610;4;6;2;True
9611;1;1;0;True
9612;2;2;0;True
9613;1;1;0;True
9614;0;0;0;True
9615;1;1;0;True
9616;2;4;2;True
9617;4;6;2;True
9618;1;1;0;True
9619;6;12;6;True
9620;2;4;2;True
9621;5;12;7;True
9622;0;0;0;True
9623;2;2;0;True
9624;9;16;7;True
9625;3;3;0;True
9626;3;4;1;True
9627;3;3;0;True
9628;8;16;8;True
9629;2;4;2;True
9630;1;1;0;True
9631;5;6;1;True
9632;5;12;7;True
9633;4;9;5;True
9634;1;1;0;True
9635;1;1;0;True
9636;0;0;0;True
9637;3;4;1;True
9638;1;1;0;True
9639;8;12;4;True
9640;3;6;3;True
9641;8;12;4;True
9642;3;6;3;True
9643;8;16;8;True
9644;3;4;1;True
9645;6;12;6;True
9646;8;9;1;True
9647;3;4;1;True
9648;1;1;0;True
9649;3;9;6;True
9650;1;1;0;True
9651;3;3;0;True
9652;1;1;0;True
9653;1;1;0;True
9654;1;1;0;True
9655;5;9;4;True
9656;1;1;0;True
9657;2;4;2;True
9658;8;16;8;True
9659;3;6;3;True
9660;3;6;3;True
9661;3;4;1;True
9662;8;16;8;True
9663;5;9;4;True
9664;7;12;5;True
9665;2;4;2;True
9666;1;1;0;True
9667;4;6;2;True
9668;3;4;1;True
9669;3;6;3;True
9670;3;6;3;True
9671;0;0;0;True
9672;5;12;7;True
9673;3;6;3;True
9674;2;2;0;True
9675;5;16;11;True
9676;7;16;9;True
9677;4;6;2;True
9678;2;2;0;True
9679;2;2;0;True
9680;4;9;5;True
9681;6;12;6;True
9682;3;6;3;True
9683;6;12;6;True
9684;4;9;5;True
9685;3;6;3;True
9686;3;6;3;True
9687;6;12;6;True
9688;7;8;1;True
9689;2;2;0;True
9690;1;1;0;True
9691;6;12;6;True
9692;3;6;3;True
9693;6;12;6;True
9694;3;4;1;True
9695;2;2;0;True
9696;1;1;0;True
9697;5;12;7;True
9698;9;16;7;True
9699;2;2;0;True
9700;4;6;2;True
9701;2;2;0;True
9702;5;12;7;True
9703;5;9;4;True
9704;3;6;3;True
9705;8;16;8;True
9706;6;12;6;True
9707;1;1;0;True
9708;6;16;10;True
9709;2;2;0;True
9710;0;0;0;True
9711;3;9;6;True
9712;1;1;0;True
9713;8;16;8;True
9714;2;2;0;True
9715;1;1;0;True
9716;1;1;0;True
9717;3;6;3;True
9718;2;4;2;True
9719;0;0;0;True
9720;3;9;6;True
9721;3;4;1;True
9722;5;12;7;True
9723;1;1;0;True
9724;3;6;3;True
9725;5;16;11;True
9726;5;12;7;True
9727;1;1;0;True
9728;2;4;2;True
9729;4;6;2;True
9730;6;12;6;True
9731;7;12;5;True
9732;4;9;5;True
9733;1;1;0;True
9734;4;6;2;True
9735;8;16;8;True
9736;5;6;1;True
9737;5;12;7;True
9738;6;12;6;True
9739;4;9;5;True
9740;6;6;0;True
9741;3;6;3;True
9742;1;1;0;True
9743;4;6;2;True
9744;7;9;2;True
9745;1;1;0;True
9746;5;12;7;True
9747;1;1;0;True
9748;1;1;0;True
9749;5;12;7;True
9750;3;6;3;True
9751;5;16;11;True
9752;1;1;0;True
9753;4;12;8;True
9754;4;12;8;True
9755;7;16;9;True
9756;2;4;2;True
9757;6;12;6;True
9758;4;6;2;True
9759;3;4;1;True
9760;2;2;0;True
9761;3;6;3;True
9762;3;6;3;True
9763;8;16;8;True
9764;3;6;3;True
9765;1;1;0;True
9766;4;9;5;True
9767;4;4;0;True
9768;4;9;5;True
9769;4;12;8;True
9770;5;9;4;True
9771;0;0;0;True
9772;0;0;0;True
9773;5;12;7;True
9774;0;0;0;True
9775;6;8;2;True
9776;7;16;9;True
9777;2;4;2;True
9778;6;16;10;True
9779;5;12;7;True
9780;2;2;0;True
9781;1;1;0;True
9782;2;2;0;True
9783;5;9;4;True
9784;3;6;3;True
9785;1;1;0;True
9786;1;1;0;True
9787;3;3;0;True
9788;0;0;0;True
9789;3;6;3;True
9790;2;2;0;True
9791;4;9;5;True
9792;2;2;0;True
9793;4;6;2;True
9794;6;16;10;True
9795;5;9;4;True
9796;9;16;7;True
9797;3;6;3;True
9798;1;1;0;True
9799;4;9;5;True
9800;4;6;2;True
9801;4;6;2;True
9802;1;1;0;True
9803;5;12;7;True
9804;1;1;0;True
9805;3;6;3;True
9806;5;9;4;True
9807;7;12;5;True
9808;5;9;4;True
9809;4;9;5;True
9810;3;4;1;True
9811;1;1;0;True
9812;4;9;5;True
9813;9;16;7;True
9814;5;6;1;True
9815;4;12;8;True
9816;3;6;3;True
9817;8;12;4;True
9818;3;6;3;True
9819;0;0;0;True
9820;2;4;2;True
9821;2;4;2;True
9822;8;12;4;True
9823;4;6;2;True
9824;2;4;2;True
9825;5;9;4;True
9826;4;8;4;True
9827;4;6;2;True
9828;4;4;0;True
9829;3;6;3;True
9830;2;4;2;True
9831;2;4;2;True
9832;6;12;6;True
9833;5;9;4;True
9834;4;8;4;True
9835;2;4;2;True
9836;5;16;11;True
9837;1;1;0;True
9838;4;9;5;True
9839;1;1;0;True
9840;4;6;2;True
9841;3;6;3;True
9842;4;4;0;True
9843;0;0;0;True
9844;0;0;0;True
9845;3;6;3;True
9846;4;6;2;True
9847;9;16;7;True
9848;0;0;0;True
9849;5;9;4;True
9850;5;16;11;True
9851;1;1;0;True
9852;3;6;3;True
9853;7;12;5;True
9854;5;9;4;True
9855;5;9;4;True
9856;5;8;3;True
9857;8;16;8;True
9858;7;12;5;True
9859;4;9;5;True
9860;5;12;7;True
9861;5;12;7;True
9862;2;2;0;True
9863;1;1;0;True
9864;5;16;11;True
9865;4;12;8;True
9866;0;0;0;True
9867;3;4;1;True
9868;3;6;3;True
9869;7;12;5;True
9870;4;9;5;True
9871;4;6;2;True
9872;5;12;7;True
9873;2;4;2;True
9874;2;4;2;True
9875;1;1;0;True
9876;4;12;8;True
9877;7;12;5;True
9878;3;6;3;True
9879;3;6;3;True
9880;3;6;3;True
9881;6;8;2;True
9882;2;2;0;True
9883;2;4;2;True
9884;6;12;6;True
9885;5;6;1;True
9886;1;1;0;True
9887;4;6;2;True
9888;5;9;4;True
9889;5;9;4;True
9890;6;16;10;True
9891;4;4;0;True
9892;6;8;2;True
9893;3;6;3;True
9894;4;16;12;True
9895;0;0;0;True
9896;2;2;0;True
9897;1;1;0;True
9898;2;2;0;True
9899;3;6;3;True
9900;4;9;5;True
9901;4;12;8;True
9902;2;2;0;True
9903;1;1;0;True
9904;3;6;3;True
9905;4;6;2;True
9906;0;0;0;True
9907;1;1;0;True
9908;8;9;1;True
9909;6;12;6;True
9910;5;12;7;True
9911;1;1;0;True
9912;2;4;2;True
9913;3;6;3;True
9914;1;1;0;True
9915;7;16;9;True
9916;2;4;2;True
9917;4;6;2;True
9918;1;1;0;True
9919;6;9;3;True
9920;0;0;0;True
9921;4;9;5;True
9922;1;1;0;True
9923;8;16;8;True
9924;1;1;0;True
9925;3;6;3;True
9926;1;1;0;True
9927;2;2;0;True
9928;7;16;9;True
9929;11;16;5;True
9930;2;4;2;True
9931;2;2;0;True
9932;5;9;4;True
9933;4;6;2;True
9934;2;4;2;True
9935;7;12;5;True
9936;6;12;6;True
9937;4;12;8;True
9938;5;16;11;True
9939;5;12;7;True
9940;0;0;0;True
9941;9;16;7;True
9942;3;9;6;True
9943;5;6;1;True
9944;6;16;10;True
9945;4;9;5;True
9946;4;12;8;True
9947;7;16;9;True
9948;9;16;7;True
9949;1;1;0;True
9950;7;12;5;True
9951;1;1;0;True
9952;3;9;6;True
9953;6;12;6;True
9954;4;9;5;True
9955;2;4;2;True
9956;5;12;7;True
9957;2;4;2;True
9958;2;4;2;True
9959;1;1;0;True
9960;8;16;8;True
9961;5;12;7;True
9962;5;9;4;True
9963;4;6;2;True
9964;3;6;3;True
9965;5;16;11;True
9966;2;4;2;True
9967;3;3;0;True
9968;5;9;4;True
9969;5;9;4;True
9970;4;6;2;True
9971;6;12;6;True
9972;2;4;2;True
9973;5;12;7;True
9974;1;1;0;True
9975;6;16;10;True
9976;2;4;2;True
9977;1;1;0;True
9978;8;16;8;True
9979;1;1;0;True
9980;2;4;2;True
9981;7;12;5;True
9982;5;12;7;True
9983;2;4;2;True
9984;4;9;5;True
9985;5;12;7;True
9986;8;12;4;True
9987;6;9;3;True
9988;5;6;1;True
9989;4;16;12;True
9990;3;6;3;True
9991;2;4;2;True
9992;3;6;3;True
9993;5;9;4;True
9994;0;0;0;True
9995;5;9;4;True
9996;4;6;2;True
9997;6;12;6;True
9998;2;4;2;True
9999;6;9;3;True
10000;2;2;0;True
10001;4;12;8;True
10002;3;4;1;True
10003;3;6;3;True
10004;2;4;2;True
10005;5;16;11;True
10006;5;12;7;True
10007;4;9;5;True
10008;2;4;2;True
10009;1;1;0;True
10010;4;6;2;True
10011;2;2;0;True
10012;9;16;7;True
10013;5;9;4;True
10014;0;0;0;True
10015;2;2;0;True
10016;3;6;3;True
10017;5;12;7;True
10018;8;9;1;True
10019;5;9;4;True
10020;5;9;4;True
10021;6;16;10;True
10022;2;4;2;True
10023;4;9;5;True
10024;7;16;9;True
10025;2;4;2;True
10026;0;0;0;True
10027;1;1;0;True
10028;1;1;0;True
10029;3;6;3;True
10030;7;16;9;True
10031;3;4;1;True
10032;4;6;2;True
10033;5;9;4;True
10034;6;9;3;True
10035;3;3;0;True
10036;3;6;3;True
10037;2;2;0;True
10038;4;9;5;True
10039;6;16;10;True
10040;5;12;7;True
10041;2;2;0;True
10042;8;16;8;True
10043;1;1;0;True
10044;4;8;4;True
10045;4;9;5;True
10046;1;1;0;True
10047;0;0;0;True
10048;8;16;8;True
10049;4;9;5;True
10050;5;16;11;True
10051;0;0;0;True
10052;1;1;0;True
10053;5;12;7;True
10054;5;9;4;True
10055;8;12;4;True
10056;3;4;1;True
10057;2;2;0;True
10058;4;9;5;True
10059;3;9;6;True
10060;5;12;7;True
10061;0;0;0;True
10062;5;12;7;True
10063;6;9;3;True
10064;3;9;6;True
10065;3;4;1;True
10066;3;6;3;True
10067;3;6;3;True
10068;8;16;8;True
10069;3;4;1;True
10070;7;16;9;True
10071;1;1;0;True
10072;0;0;0;True
10073;5;9;4;True
10074;7;12;5;True
10075;2;4;2;True
10076;4;6;2;True
10077;3;6;3;True
10078;5;12;7;True
10079;5;8;3;True
10080;8;12;4;True
10081;3;4;1;True
10082;4;6;2;True
10083;4;6;2;True
10084;1;1;0;True
10085;6;12;6;True
10086;4;12;8;True
10087;3;9;6;True
10088;4;9;5;True
10089;0;0;0;True
10090;2;4;2;True
10091;6;12;6;True
10092;2;4;2;True
10093;0;0;0;True
10094;3;9;6;True
10095;5;12;7;True
10096;8;16;8;True
10097;9;12;3;True
10098;1;1;0;True
10099;3;6;3;True
10100;1;1;0;True
10101;2;4;2;True
10102;3;4;1;True
10103;2;4;2;True
10104;2;2;0;True
10105;2;4;2;True
10106;5;9;4;True
10107;2;4;2;True
10108;3;6;3;True
10109;9;16;7;True
10110;1;1;0;True
10111;1;1;0;True
10112;3;6;3;True
10113;12;16;4;True
10114;3;9;6;True
10115;6;12;6;True
10116;4;12;8;True
10117;8;12;4;True
10118;5;9;4;True
10119;3;3;0;True
10120;2;4;2;True
10121;7;16;9;True
10122;4;9;5;True
10123;2;4;2;True
10124;1;1;0;True
10125;6;6;0;True
10126;5;12;7;True
10127;3;6;3;True
10128;7;12;5;True
10129;1;1;0;True
10130;6;16;10;True
10131;1;1;0;True
10132;2;4;2;True
10133;2;2;0;True
10134;4;6;2;True
10135;4;6;2;True
10136;2;2;0;True
10137;7;16;9;True
10138;9;12;3;True
10139;4;9;5;True
10140;4;6;2;True
10141;2;4;2;True
10142;6;9;3;True
10143;8;12;4;True
10144;2;4;2;True
10145;4;6;2;True
10146;3;6;3;True
10147;6;12;6;True
10148;0;0;0;True
10149;2;4;2;True
10150;4;9;5;True
10151;6;16;10;True
10152;5;12;7;True
10153;6;12;6;True
10154;1;1;0;True
10155;0;0;0;True
10156;3;6;3;True
10157;1;1;0;True
10158;5;16;11;True
10159;4;9;5;True
10160;1;1;0;True
10161;2;4;2;True
10162;6;16;10;True
10163;0;0;0;True
10164;4;6;2;True
10165;4;6;2;True
10166;5;12;7;True
10167;7;16;9;True
10168;3;9;6;True
10169;3;3;0;True
10170;2;2;0;True
10171;2;4;2;True
10172;3;6;3;True
10173;4;9;5;True
10174;9;16;7;True
10175;5;12;7;True
10176;4;6;2;True
10177;8;16;8;True
10178;8;16;8;True
10179;3;6;3;True
10180;3;4;1;True
10181;2;4;2;True
10182;3;6;3;True
10183;6;16;10;True
10184;5;9;4;True
10185;3;3;0;True
10186;4;9;5;True
10187;7;12;5;True
10188;4;9;5;True
10189;3;3;0;True
10190;3;6;3;True
10191;5;12;7;True
10192;2;2;0;True
10193;3;6;3;True
10194;2;2;0;True
10195;9;16;7;True
10196;3;9;6;True
10197;3;6;3;True
10198;1;1;0;True
10199;0;0;0;True
10200;3;6;3;True
10201;0;0;0;True
10202;4;6;2;True
10203;7;12;5;True
10204;1;1;0;True
10205;2;2;0;True
10206;1;1;0;True
10207;2;2;0;True
10208;7;16;9;True
10209;3;6;3;True
10210;3;4;1;True
10211;0;0;0;True
10212;0;0;0;True
10213;4;8;4;True
10214;4;16;12;True
10215;0;0;0;True
10216;6;16;10;True
10217;1;1;0;True
10218;3;6;3;True
10219;2;2;0;True
10220;2;2;0;True
10221;2;4;2;True
10222;5;12;7;True
10223;4;9;5;True
10224;2;2;0;True
10225;2;2;0;True
10226;3;6;3;True
10227;2;4;2;True
10228;3;6;3;True
10229;4;9;5;True
10230;3;4;1;True
10231;6;16;10;True
10232;0;0;0;True
10233;3;6;3;True
10234;3;9;6;True
10235;3;6;3;True
10236;2;4;2;True
10237;6;16;10;True
10238;3;6;3;True
10239;9;16;7;True
10240;2;4;2;True
10241;4;9;5;True
10242;7;12;5;True
10243;4;6;2;True
10244;6;12;6;True
10245;6;12;6;True
10246;2;2;0;True
10247;4;12;8;True
10248;3;3;0;True
10249;3;4;1;True
10250;6;12;6;True
10251;7;12;5;True
10252;6;12;6;True
10253;4;9;5;True
10254;2;4;2;True
10255;3;6;3;True
10256;0;0;0;True
10257;6;9;3;True
10258;2;2;0;True
10259;5;12;7;True
10260;1;1;0;True
10261;5;8;3;True
10262;3;6;3;True
10263;3;6;3;True
10264;6;16;10;True
10265;3;4;1;True
10266;1;1;0;True
10267;5;6;1;True
10268;1;1;0;True
10269;2;4;2;True
10270;5;9;4;True
10271;3;9;6;True
10272;9;16;7;True
10273;2;2;0;True
10274;8;12;4;True
10275;3;3;0;True
10276;2;2;0;True
10277;3;6;3;True
10278;4;12;8;True
10279;7;12;5;True
10280;2;2;0;True
10281;4;9;5;True
10282;3;4;1;True
10283;0;0;0;True
10284;1;1;0;True
10285;1;1;0;True
10286;8;16;8;True
10287;7;12;5;True
10288;2;4;2;True
10289;10;16;6;True
10290;1;1;0;True
10291;1;1;0;True
10292;1;1;0;True
10293;1;1;0;True
10294;6;16;10;True
10295;3;6;3;True
10296;8;12;4;True
10297;4;6;2;True
10298;4;9;5;True
10299;7;12;5;True
10300;4;16;12;True
10301;6;16;10;True
10302;5;9;4;True
10303;3;9;6;True
10304;0;0;0;True
10305;4;9;5;True
10306;6;12;6;True
10307;7;16;9;True
10308;5;16;11;True
10309;1;1;0;True
10310;4;8;4;True
10311;4;12;8;True
10312;4;6;2;True
10313;5;16;11;True
10314;8;16;8;True
10315;5;12;7;True
10316;3;6;3;True
10317;4;6;2;True
10318;1;1;0;True
10319;4;9;5;True
10320;7;16;9;True
10321;4;12;8;True
10322;5;12;7;True
10323;2;2;0;True
10324;5;12;7;True
10325;3;6;3;True
10326;7;16;9;True
10327;7;9;2;True
10328;3;4;1;True
10329;2;4;2;True
10330;5;9;4;True
10331;3;6;3;True
10332;2;4;2;True
10333;2;2;0;True
10334;3;6;3;True
10335;4;8;4;True
10336;5;12;7;True
10337;2;4;2;True
10338;2;4;2;True
10339;4;9;5;True
10340;6;12;6;True
10341;6;16;10;True
10342;2;4;2;True
10343;3;6;3;True
10344;4;9;5;True
10345;3;6;3;True
10346;4;6;2;True
10347;3;4;1;True
10348;5;9;4;True
10349;0;0;0;True
10350;3;6;3;True
10351;4;12;8;True
10352;2;2;0;True
10353;5;9;4;True
10354;3;6;3;True
10355;3;9;6;True
10356;0;0;0;True
10357;4;6;2;True
10358;3;9;6;True
10359;2;4;2;True
10360;3;9;6;True
10361;1;1;0;True
10362;7;9;2;True
10363;3;6;3;True
10364;6;12;6;True
10365;1;1;0;True
10366;3;9;6;True
10367;7;12;5;True
10368;1;1;0;True
10369;5;12;7;True
10370;5;9;4;True
10371;3;9;6;True
10372;3;6;3;True
10373;2;2;0;True
10374;3;6;3;True
10375;2;2;0;True
10376;6;12;6;True
10377;5;6;1;True
10378;6;9;3;True
10379;2;4;2;True
10380;1;1;0;True
10381;7;16;9;True
10382;1;1;0;True
10383;1;1;0;True
10384;6;12;6;True
10385;7;9;2;True
10386;0;0;0;True
10387;5;16;11;True
10388;1;1;0;True
10389;1;1;0;True
10390;1;1;0;True
10391;3;6;3;True
10392;8;16;8;True
10393;0;0;0;True
10394;8;16;8;True
10395;1;1;0;True
10396;7;12;5;True
10397;7;12;5;True
10398;4;6;2;True
10399;9;16;7;True
10400;1;1;0;True
10401;4;9;5;True
10402;3;6;3;True
10403;4;9;5;True
10404;4;9;5;True
10405;0;0;0;True
10406;3;9;6;True
10407;1;1;0;True
10408;6;16;10;True
10409;7;16;9;True
10410;2;4;2;True
10411;3;4;1;True
10412;2;2;0;True
10413;3;6;3;True
10414;5;9;4;True
10415;3;9;6;True
10416;7;16;9;True
10417;5;12;7;True
10418;3;6;3;True
10419;6;16;10;True
10420;8;12;4;True
10421;6;12;6;True
10422;1;1;0;True
10423;6;12;6;True
10424;7;16;9;True
10425;3;9;6;True
10426;8;12;4;True
10427;1;1;0;True
10428;0;0;0;True
10429;1;1;0;True
10430;3;6;3;True
10431;4;6;2;True
10432;2;4;2;True
10433;3;6;3;True
10434;4;12;8;True
10435;1;1;0;True
10436;7;12;5;True
10437;7;16;9;True
10438;3;6;3;True
10439;3;4;1;True
10440;2;4;2;True
10441;2;2;0;True
10442;3;6;3;True
10443;4;12;8;True
10444;3;9;6;True
10445;1;1;0;True
10446;5;8;3;True
10447;2;2;0;True
10448;2;2;0;True
10449;4;12;8;True
10450;3;6;3;True
10451;8;16;8;True
10452;2;2;0;True
10453;4;8;4;True
10454;3;6;3;True
10455;8;16;8;True
10456;3;6;3;True
10457;5;12;7;True
10458;3;6;3;True
10459;3;6;3;True
10460;1;1;0;True
10461;6;16;10;True
10462;1;1;0;True
10463;7;16;9;True
10464;4;9;5;True
10465;4;6;2;True
10466;4;9;5;True
10467;5;9;4;True
10468;3;3;0;True
10469;6;9;3;True
10470;1;1;0;True
10471;9;16;7;True
10472;2;4;2;True
10473;4;12;8;True
10474;2;4;2;True
10475;3;4;1;True
10476;8;16;8;True
10477;2;2;0;True
10478;0;0;0;True
10479;3;6;3;True
10480;6;12;6;True
10481;5;12;7;True
10482;6;12;6;True
10483;0;0;0;True
10484;3;6;3;True
10485;1;1;0;True
10486;2;4;2;True
10487;6;16;10;True
10488;2;4;2;True
10489;0;0;0;True
10490;3;9;6;True
10491;3;6;3;True
10492;6;6;0;True
10493;7;12;5;True
10494;5;6;1;True
10495;3;4;1;True
10496;5;12;7;True
10497;3;6;3;True
10498;2;4;2;True
10499;2;4;2;True
10500;6;16;10;True
10501;3;6;3;True
10502;3;3;0;True
10503;6;9;3;True
10504;4;12;8;True
10505;3;6;3;True
10506;7;16;9;True
10507;6;12;6;True
10508;4;9;5;True
10509;5;12;7;True
10510;3;4;1;True
10511;1;1;0;True
10512;6;9;3;True
10513;4;6;2;True
10514;9;16;7;True
10515;4;6;2;True
10516;0;0;0;True
10517;2;2;0;True
10518;0;0;0;True
10519;5;12;7;True
10520;1;1;0;True
10521;6;16;10;True
10522;6;12;6;True
10523;6;12;6;True
10524;3;4;1;True
10525;1;1;0;True
10526;4;6;2;True
10527;4;6;2;True
10528;2;4;2;True
10529;5;9;4;True
10530;4;9;5;True
10531;1;1;0;True
10532;1;1;0;True
10533;5;12;7;True
10534;4;9;5;True
10535;1;1;0;True
10536;4;12;8;True
10537;2;4;2;True
10538;4;6;2;True
10539;1;1;0;True
10540;4;12;8;True
10541;2;4;2;True
10542;3;6;3;True
10543;1;1;0;True
10544;3;4;1;True
10545;2;4;2;True
10546;3;9;6;True
10547;1;1;0;True
10548;3;6;3;True
10549;6;12;6;True
10550;3;9;6;True
10551;0;0;0;True
10552;4;8;4;True
10553;3;4;1;True
10554;2;4;2;True
10555;5;9;4;True
10556;6;8;2;True
10557;0;0;0;True
10558;5;9;4;True
10559;6;16;10;True
10560;8;12;4;True
10561;4;6;2;True
10562;5;9;4;True
10563;6;12;6;True
10564;2;4;2;True
10565;6;9;3;True
10566;6;12;6;True
10567;5;12;7;True
10568;3;9;6;True
10569;5;12;7;True
10570;5;12;7;True
10571;6;12;6;True
10572;4;9;5;True
10573;3;4;1;True
10574;7;12;5;True
10575;2;4;2;True
10576;5;12;7;True
10577;6;12;6;True
10578;5;9;4;True
10579;4;9;5;True
10580;3;6;3;True
10581;5;9;4;True
10582;4;6;2;True
10583;4;6;2;True
10584;5;9;4;True
10585;5;9;4;True
10586;9;16;7;True
10587;1;1;0;True
10588;4;6;2;True
10589;4;9;5;True
10590;4;9;5;True
10591;1;1;0;True
10592;3;4;1;True
10593;7;16;9;True
10594;2;4;2;True
10595;8;16;8;True
10596;1;1;0;True
10597;4;9;5;True
10598;0;0;0;True
10599;5;16;11;True
10600;1;1;0;True
10601;3;9;6;True
10602;4;6;2;True
10603;2;4;2;True
10604;3;4;1;True
10605;7;16;9;True
10606;0;0;0;True
10607;5;12;7;True
10608;6;16;10;True
10609;6;9;3;True
10610;2;2;0;True
10611;4;6;2;True
10612;6;16;10;True
10613;3;9;6;True
10614;6;9;3;True
10615;5;12;7;True
10616;6;9;3;True
10617;4;9;5;True
10618;3;4;1;True
10619;2;4;2;True
10620;2;4;2;True
10621;7;12;5;True
10622;3;4;1;True
10623;8;16;8;True
10624;5;9;4;True
10625;5;12;7;True
10626;0;0;0;True
10627;7;16;9;True
10628;2;4;2;True
10629;1;1;0;True
10630;6;12;6;True
10631;3;6;3;True
10632;5;12;7;True
10633;2;4;2;True
10634;3;6;3;True
10635;0;0;0;True
10636;3;4;1;True
10637;5;8;3;True
10638;5;9;4;True
10639;2;2;0;True
10640;6;9;3;True
10641;3;4;1;True
10642;3;6;3;True
10643;7;16;9;True
10644;1;1;0;True
10645;5;12;7;True
10646;6;9;3;True
10647;2;4;2;True
10648;2;2;0;True
10649;5;12;7;True
10650;7;12;5;True
10651;4;9;5;True
10652;1;1;0;True
10653;7;16;9;True
10654;3;9;6;True
10655;4;9;5;True
10656;3;9;6;True
10657;1;1;0;True
10658;3;9;6;True
10659;4;8;4;True
10660;2;2;0;True
10661;4;9;5;True
10662;6;12;6;True
10663;0;0;0;True
10664;5;12;7;True
10665;5;16;11;True
10666;0;0;0;True
10667;3;9;6;True
10668;5;9;4;True
10669;7;12;5;True
10670;0;0;0;True
10671;7;16;9;True
10672;1;1;0;True
10673;4;6;2;True
10674;6;16;10;True
10675;4;12;8;True
10676;1;1;0;True
10677;0;0;0;True
10678;5;12;7;True
10679;5;12;7;True
10680;3;4;1;True
10681;0;0;0;True
10682;4;8;4;True
10683;3;3;0;True
10684;9;16;7;True
10685;6;12;6;True
10686;5;8;3;True
10687;9;16;7;True
10688;0;0;0;True
10689;1;1;0;True
10690;5;12;7;True
10691;10;16;6;True
10692;8;16;8;True
10693;6;12;6;True
10694;6;12;6;True
10695;8;16;8;True
10696;0;0;0;True
10697;5;8;3;True
10698;2;4;2;True
10699;3;6;3;True
10700;4;9;5;True
10701;7;16;9;True
10702;5;9;4;True
10703;3;6;3;True
10704;3;4;1;True
10705;6;12;6;True
10706;1;1;0;True
10707;1;1;0;True
10708;4;12;8;True
10709;6;9;3;True
10710;3;6;3;True
10711;3;6;3;True
10712;2;4;2;True
10713;10;16;6;True
10714;4;8;4;True
10715;5;9;4;True
10716;2;2;0;True
10717;5;12;7;True
10718;3;4;1;True
10719;1;1;0;True
10720;4;8;4;True
10721;0;0;0;True
10722;6;9;3;True
10723;2;2;0;True
10724;1;1;0;True
10725;2;2;0;True
10726;4;12;8;True
10727;3;6;3;True
10728;2;4;2;True
10729;4;6;2;True
10730;8;16;8;True
10731;4;12;8;True
10732;0;0;0;True
10733;4;6;2;True
10734;3;9;6;True
10735;7;12;5;True
10736;4;6;2;True
10737;3;4;1;True
10738;4;9;5;True
10739;6;12;6;True
10740;4;6;2;True
10741;4;6;2;True
10742;4;8;4;True
10743;6;16;10;True
10744;8;16;8;True
10745;3;6;3;True
10746;5;16;11;True
10747;6;12;6;True
10748;5;16;11;True
10749;2;2;0;True
10750;4;6;2;True
10751;2;2;0;True
10752;3;6;3;True
10753;6;12;6;True
10754;0;0;0;True
10755;4;8;4;True
10756;1;1;0;True
10757;5;9;4;True
10758;1;1;0;True
10759;1;1;0;True
10760;6;8;2;True
10761;3;6;3;True
10762;1;1;0;True
10763;0;0;0;True
10764;3;6;3;True
10765;4;9;5;True
10766;0;0;0;True
10767;9;16;7;True
10768;4;12;8;True
10769;3;9;6;True
10770;1;1;0;True
10771;1;1;0;True
10772;2;4;2;True
10773;4;9;5;True
10774;4;4;0;True
10775;3;6;3;True
10776;2;4;2;True
10777;2;4;2;True
10778;2;4;2;True
10779;3;9;6;True
10780;3;3;0;True
10781;7;12;5;True
10782;1;1;0;True
10783;0;0;0;True
10784;10;16;6;True
10785;5;9;4;True
10786;2;4;2;True
10787;4;9;5;True
10788;5;16;11;True
10789;5;6;1;True
10790;3;4;1;True
10791;7;16;9;True
10792;3;6;3;True
10793;6;16;10;True
10794;1;1;0;True
10795;8;16;8;True
10796;4;9;5;True
10797;2;2;0;True
10798;2;2;0;True
10799;8;12;4;True
10800;1;1;0;True
10801;6;12;6;True
10802;2;2;0;True
10803;0;0;0;True
10804;5;12;7;True
10805;3;6;3;True
10806;5;9;4;True
10807;1;1;0;True
10808;2;2;0;True
10809;3;4;1;True
10810;3;4;1;True
10811;1;1;0;True
10812;6;16;10;True
10813;3;6;3;True
10814;1;1;0;True
10815;4;6;2;True
10816;8;16;8;True
10817;1;1;0;True
10818;4;6;2;True
10819;3;6;3;True
10820;5;9;4;True
10821;2;2;0;True
10822;9;16;7;True
10823;3;6;3;True
10824;1;1;0;True
10825;4;9;5;True
10826;1;1;0;True
10827;3;6;3;True
10828;3;6;3;True
10829;0;0;0;True
10830;3;9;6;True
10831;4;6;2;True
10832;7;16;9;True
10833;2;4;2;True
10834;5;12;7;True
10835;8;16;8;True
10836;2;4;2;True
10837;2;2;0;True
10838;7;16;9;True
10839;7;12;5;True
10840;0;0;0;True
10841;5;9;4;True
10842;6;12;6;True
10843;8;12;4;True
10844;2;2;0;True
10845;3;3;0;True
10846;6;16;10;True
10847;3;6;3;True
10848;0;0;0;True
10849;3;9;6;True
10850;3;9;6;True
10851;4;6;2;True
10852;2;4;2;True
10853;3;6;3;True
10854;3;6;3;True
10855;4;9;5;True
10856;7;16;9;True
10857;7;16;9;True
10858;3;6;3;True
10859;6;12;6;True
10860;3;6;3;True
10861;0;0;0;True
10862;2;4;2;True
10863;4;9;5;True
10864;2;2;0;True
10865;3;9;6;True
10866;10;16;6;True
10867;5;9;4;True
10868;3;6;3;True
10869;2;2;0;True
10870;2;2;0;True
10871;3;9;6;True
10872;9;16;7;True
10873;4;6;2;True
10874;4;4;0;True
10875;4;16;12;True
10876;3;4;1;True
10877;3;6;3;True
10878;3;4;1;True
10879;5;12;7;True
10880;3;4;1;True
10881;6;12;6;True
10882;7;9;2;True
10883;3;6;3;True
10884;4;9;5;True
10885;2;2;0;True
10886;6;9;3;True
10887;3;6;3;True
10888;2;2;0;True
10889;7;12;5;True
10890;4;12;8;True
10891;2;2;0;True
10892;5;12;7;True
10893;6;12;6;True
10894;2;2;0;True
10895;2;4;2;True
10896;7;12;5;True
10897;3;3;0;True
10898;3;9;6;True
10899;0;0;0;True
10900;5;8;3;True
10901;4;9;5;True
10902;6;12;6;True
10903;3;6;3;True
10904;3;9;6;True
10905;3;4;1;True
10906;1;1;0;True
10907;3;4;1;True
10908;3;3;0;True
10909;1;1;0;True
10910;3;4;1;True
10911;4;9;5;True
10912;5;12;7;True
10913;1;1;0;True
10914;3;9;6;True
10915;9;16;7;True
10916;3;6;3;True
10917;2;4;2;True
10918;5;16;11;True
10919;4;6;2;True
10920;6;12;6;True
10921;2;4;2;True
10922;4;8;4;True
10923;4;12;8;True
10924;4;6;2;True
10925;1;1;0;True
10926;6;12;6;True
10927;9;16;7;True
10928;8;12;4;True
10929;2;4;2;True
10930;0;0;0;True
10931;3;4;1;True
10932;3;6;3;True
10933;4;6;2;True
10934;0;0;0;True
10935;4;9;5;True
10936;2;2;0;True
10937;3;6;3;True
10938;3;6;3;True
10939;3;6;3;True
10940;1;1;0;True
10941;3;6;3;True
10942;3;9;6;True
10943;5;12;7;True
10944;4;8;4;True
10945;6;16;10;True
10946;5;8;3;True
10947;3;6;3;True
10948;1;1;0;True
10949;3;6;3;True
10950;5;9;4;True
10951;6;9;3;True
10952;5;8;3;True
10953;6;12;6;True
10954;7;16;9;True
10955;2;2;0;True
10956;8;16;8;True
10957;6;12;6;True
10958;2;2;0;True
10959;6;12;6;True
10960;5;9;4;True
10961;3;9;6;True
10962;3;6;3;True
10963;5;12;7;True
10964;2;4;2;True
10965;8;16;8;True
10966;1;1;0;True
10967;6;6;0;True
10968;5;9;4;True
10969;1;1;0;True
10970;5;16;11;True
10971;4;6;2;True
10972;3;6;3;True
10973;4;6;2;True
10974;5;12;7;True
10975;2;2;0;True
10976;2;2;0;True
10977;7;12;5;True
10978;4;9;5;True
10979;6;16;10;True
10980;1;1;0;True
10981;4;12;8;True
10982;1;1;0;True
10983;7;12;5;True
10984;4;9;5;True
10985;6;12;6;True
10986;6;16;10;True
10987;2;4;2;True
10988;7;16;9;True
10989;2;4;2;True
10990;1;1;0;True
10991;2;4;2;True
10992;10;16;6;True
10993;6;9;3;True
10994;3;4;1;True
10995;4;9;5;True
10996;3;9;6;True
10997;1;1;0;True
10998;1;1;0;True
10999;5;12;7;True
11000;0;0;0;True
11001;4;8;4;True
11002;2;4;2;True
11003;2;2;0;True
11004;5;6;1;True
11005;5;16;11;True
11006;0;0;0;True
11007;4;6;2;True
11008;2;4;2;True
11009;2;4;2;True
11010;5;9;4;True
11011;3;9;6;True
11012;3;6;3;True
11013;4;6;2;True
11014;5;12;7;True
11015;0;0;0;True
11016;1;1;0;True
11017;0;0;0;True
11018;1;1;0;True
11019;3;6;3;True
11020;7;16;9;True
11021;3;9;6;True
11022;5;6;1;True
11023;5;9;4;True
11024;4;6;2;True
11025;0;0;0;True
11026;1;1;0;True
11027;1;1;0;True
11028;7;12;5;True
11029;1;1;0;True
11030;5;9;4;True
11031;3;6;3;True
11032;2;2;0;True
11033;1;1;0;True
11034;0;0;0;True
11035;7;12;5;True
11036;4;9;5;True
11037;2;2;0;True
11038;2;4;2;True
11039;6;9;3;True
11040;1;1;0;True
11041;7;16;9;True
11042;1;1;0;True
11043;5;12;7;True
11044;1;1;0;True
11045;4;6;2;True
11046;2;4;2;True
11047;3;9;6;True
11048;2;2;0;True
11049;5;9;4;True
11050;5;9;4;True
11051;2;4;2;True
11052;6;16;10;True
11053;2;2;0;True
11054;5;9;4;True
11055;11;16;5;True
11056;0;0;0;True
11057;2;4;2;True
11058;7;16;9;True
11059;1;1;0;True
11060;2;4;2;True
11061;3;6;3;True
11062;5;8;3;True
11063;3;6;3;True
11064;3;6;3;True
11065;0;0;0;True
11066;2;4;2;True
11067;2;2;0;True
11068;5;9;4;True
11069;4;9;5;True
11070;2;4;2;True
11071;5;9;4;True
11072;1;1;0;True
11073;0;0;0;True
11074;3;4;1;True
11075;0;0;0;True
11076;5;16;11;True
11077;4;6;2;True
11078;8;16;8;True
11079;2;4;2;True
11080;2;2;0;True
11081;6;16;10;True
11082;4;12;8;True
11083;5;12;7;True
11084;2;4;2;True
11085;2;4;2;True
11086;6;16;10;True
11087;2;4;2;True
11088;1;1;0;True
11089;3;6;3;True
11090;1;1;0;True
11091;5;12;7;True
11092;0;0;0;True
11093;3;4;1;True
11094;0;0;0;True
11095;3;3;0;True
11096;3;9;6;True
11097;4;9;5;True
11098;0;0;0;True
11099;5;6;1;True
11100;1;1;0;True
11101;4;16;12;True
11102;6;12;6;True
11103;3;6;3;True
11104;3;6;3;True
11105;5;8;3;True
11106;2;2;0;True
11107;5;9;4;True
11108;4;6;2;True
11109;1;1;0;True
11110;2;4;2;True
11111;4;9;5;True
11112;3;6;3;True
11113;1;1;0;True
11114;1;1;0;True
11115;4;9;5;True
11116;2;4;2;True
11117;5;12;7;True
11118;6;12;6;True
11119;8;12;4;True
11120;2;2;0;True
11121;3;9;6;True
11122;1;1;0;True
11123;3;9;6;True
11124;7;12;5;True
11125;4;6;2;True
11126;0;0;0;True
11127;2;4;2;True
11128;8;16;8;True
11129;3;9;6;True
11130;5;12;7;True
11131;1;1;0;True
11132;4;8;4;True
11133;1;1;0;True
11134;3;6;3;True
11135;5;16;11;True
11136;3;6;3;True
11137;4;9;5;True
11138;8;16;8;True
11139;4;9;5;True
11140;1;1;0;True
11141;2;4;2;True
11142;5;12;7;True
11143;2;2;0;True
11144;7;12;5;True
11145;5;9;4;True
11146;7;16;9;True
11147;3;4;1;True
11148;5;16;11;True
11149;3;3;0;True
11150;2;2;0;True
11151;4;12;8;True
11152;1;1;0;True
11153;4;6;2;True
11154;4;9;5;True
11155;5;12;7;True
11156;5;12;7;True
11157;7;12;5;True
11158;8;16;8;True
11159;4;12;8;True
11160;7;12;5;True
11161;3;6;3;True
11162;2;2;0;True
11163;4;6;2;True
11164;8;12;4;True
11165;4;9;5;True
11166;13;16;3;True
11167;1;1;0;True
11168;6;12;6;True
11169;1;1;0;True
11170;8;16;8;True
11171;3;6;3;True
11172;5;9;4;True
11173;7;12;5;True
11174;3;6;3;True
11175;5;12;7;True
11176;5;12;7;True
11177;3;6;3;True
11178;7;9;2;True
11179;2;4;2;True
11180;1;1;0;True
11181;1;1;0;True
11182;1;1;0;True
11183;5;9;4;True
11184;3;4;1;True
11185;2;4;2;True
11186;5;16;11;True
11187;2;4;2;True
11188;4;6;2;True
11189;2;4;2;True
11190;1;1;0;True
11191;8;16;8;True
11192;0;0;0;True
11193;1;1;0;True
11194;2;2;0;True
11195;4;9;5;True
11196;5;12;7;True
11197;5;12;7;True
11198;4;9;5;True
11199;6;16;10;True
11200;1;1;0;True
11201;4;12;8;True
11202;5;9;4;True
11203;9;16;7;True
11204;2;2;0;True
11205;3;6;3;True
11206;1;1;0;True
11207;2;2;0;True
11208;0;0;0;True
11209;2;2;0;True
11210;4;9;5;True
11211;8;12;4;True
11212;0;0;0;True
11213;3;6;3;True
11214;5;9;4;True
11215;4;9;5;True
11216;0;0;0;True
11217;5;9;4;True
11218;4;9;5;True
11219;4;9;5;True
11220;2;4;2;True
11221;6;16;10;True
11222;3;6;3;True
11223;2;4;2;True
11224;0;0;0;True
11225;6;12;6;True
11226;7;12;5;True
11227;7;12;5;True
11228;5;9;4;True
11229;1;1;0;True
11230;2;2;0;True
11231;2;2;0;True
11232;7;12;5;True
11233;5;9;4;True
11234;3;6;3;True
11235;9;16;7;True
11236;1;1;0;True
11237;2;2;0;True
11238;4;6;2;True
11239;7;12;5;True
11240;4;12;8;True
11241;9;16;7;True
11242;3;9;6;True
11243;6;12;6;True
11244;3;6;3;True
11245;5;12;7;True
11246;10;16;6;True
11247;1;1;0;True
11248;5;6;1;True
11249;2;4;2;True
11250;5;16;11;True
11251;2;4;2;True
11252;0;0;0;True
11253;1;1;0;True
11254;4;6;2;True
11255;0;0;0;True
11256;4;9;5;True
11257;5;9;4;True
11258;1;1;0;True
11259;4;12;8;True
11260;1;1;0;True
11261;1;1;0;True
11262;5;12;7;True
11263;7;9;2;True
11264;4;6;2;True
11265;1;1;0;True
11266;5;12;7;True
11267;1;1;0;True
11268;3;6;3;True
11269;4;6;2;True
11270;4;12;8;True
11271;4;9;5;True
11272;6;12;6;True
11273;6;8;2;True
11274;3;9;6;True
11275;2;4;2;True
11276;4;9;5;True
11277;3;6;3;True
11278;4;12;8;True
11279;2;2;0;True
11280;6;12;6;True
11281;4;8;4;True
11282;0;0;0;True
11283;3;6;3;True
11284;9;16;7;True
11285;2;2;0;True
11286;3;6;3;True
11287;5;12;7;True
11288;3;9;6;True
11289;5;9;4;True
11290;3;6;3;True
11291;2;4;2;True
11292;6;12;6;True
11293;7;16;9;True
11294;3;9;6;True
11295;9;16;7;True
11296;1;1;0;True
11297;4;9;5;True
11298;2;4;2;True
11299;2;4;2;True
11300;2;4;2;True
11301;5;9;4;True
11302;9;12;3;True
11303;3;6;3;True
11304;2;4;2;True
11305;4;6;2;True
11306;3;6;3;True
11307;3;6;3;True
11308;1;1;0;True
11309;3;4;1;True
11310;1;1;0;True
11311;0;0;0;True
11312;4;9;5;True
11313;3;6;3;True
11314;3;6;3;True
11315;6;12;6;True
11316;6;16;10;True
11317;1;1;0;True
11318;8;16;8;True
11319;9;16;7;True
11320;4;12;8;True
11321;9;16;7;True
11322;4;12;8;True
11323;1;1;0;True
11324;0;0;0;True
11325;1;1;0;True
11326;3;6;3;True
11327;2;4;2;True
11328;1;1;0;True
11329;8;12;4;True
11330;4;6;2;True
11331;6;9;3;True
11332;7;16;9;True
11333;7;12;5;True
11334;4;16;12;True
11335;3;6;3;True
11336;2;2;0;True
11337;3;6;3;True
11338;2;4;2;True
11339;7;16;9;True
11340;10;16;6;True
11341;5;12;7;True
11342;1;1;0;True
11343;1;1;0;True
11344;4;12;8;True
11345;4;9;5;True
11346;1;1;0;True
11347;3;6;3;True
11348;5;9;4;True
11349;5;12;7;True
11350;2;4;2;True
11351;5;16;11;True
11352;3;9;6;True
11353;0;0;0;True
11354;4;6;2;True
11355;5;12;7;True
11356;8;16;8;True
11357;3;6;3;True
11358;1;1;0;True
11359;4;4;0;True
11360;1;1;0;True
11361;5;12;7;True
11362;1;1;0;True
11363;6;9;3;True
11364;3;6;3;True
11365;7;12;5;True
11366;2;4;2;True
11367;2;4;2;True
11368;1;1;0;True
11369;4;9;5;True
11370;7;12;5;True
11371;2;2;0;True
11372;2;4;2;True
11373;2;4;2;True
11374;4;6;2;True
11375;5;6;1;True
11376;5;8;3;True
11377;4;8;4;True
11378;5;9;4;True
11379;4;9;5;True
11380;0;0;0;True
11381;8;16;8;True
11382;2;4;2;True
11383;5;9;4;True
11384;0;0;0;True
11385;4;9;5;True
11386;7;12;5;True
11387;3;6;3;True
11388;3;6;3;True
11389;3;6;3;True
11390;9;16;7;True
11391;4;9;5;True
11392;2;2;0;True
11393;4;9;5;True
11394;1;1;0;True
11395;2;2;0;True
11396;4;12;8;True
11397;0;0;0;True
11398;8;16;8;True
11399;3;6;3;True
11400;4;9;5;True
11401;0;0;0;True
11402;4;9;5;True
11403;5;9;4;True
11404;4;9;5;True
11405;8;16;8;True
11406;2;4;2;True
11407;1;1;0;True
11408;1;1;0;True
11409;2;4;2;True
11410;2;2;0;True
11411;4;6;2;True
11412;2;4;2;True
11413;7;12;5;True
11414;1;1;0;True
11415;0;0;0;True
11416;7;16;9;True
11417;2;4;2;True
11418;6;9;3;True
11419;2;4;2;True
11420;5;9;4;True
11421;0;0;0;True
11422;4;9;5;True
11423;0;0;0;True
11424;0;0;0;True
11425;3;4;1;True
11426;2;4;2;True
11427;6;12;6;True
11428;3;6;3;True
11429;5;12;7;True
11430;2;4;2;True
11431;4;6;2;True
11432;1;1;0;True
11433;7;12;5;True
11434;4;8;4;True
11435;4;12;8;True
11436;3;6;3;True
11437;7;16;9;True
11438;3;4;1;True
11439;2;4;2;True
11440;3;9;6;True
11441;3;6;3;True
11442;4;8;4;True
11443;2;2;0;True
11444;2;4;2;True
11445;0;0;0;True
11446;2;4;2;True
11447;3;6;3;True
11448;1;1;0;True
11449;8;16;8;True
11450;5;12;7;True
11451;2;4;2;True
11452;4;12;8;True
11453;7;12;5;True
11454;2;4;2;True
11455;0;0;0;True
11456;0;0;0;True
11457;4;6;2;True
11458;1;1;0;True
11459;7;16;9;True
11460;8;16;8;True
11461;5;6;1;True
11462;5;12;7;True
11463;0;0;0;True
11464;4;6;2;True
11465;2;2;0;True
11466;3;6;3;True
11467;3;9;6;True
11468;3;6;3;True
11469;4;9;5;True
11470;4;9;5;True
11471;2;2;0;True
11472;1;1;0;True
11473;5;9;4;True
11474;8;16;8;True
11475;4;6;2;True
11476;3;6;3;True
11477;2;4;2;True
11478;10;16;6;True
11479;0;0;0;True
11480;4;6;2;True
11481;3;3;0;True
11482;3;6;3;True
11483;3;9;6;True
11484;5;9;4;True
11485;0;0;0;True
11486;5;9;4;True
11487;1;1;0;True
11488;2;4;2;True
11489;4;9;5;True
11490;4;6;2;True
11491;4;6;2;True
11492;2;4;2;True
11493;5;9;4;True
11494;7;12;5;True
11495;1;1;0;True
11496;6;16;10;True
11497;2;4;2;True
11498;6;12;6;True
11499;1;1;0;True
11500;3;6;3;True
11501;9;16;7;True
11502;5;6;1;True
11503;8;16;8;True
11504;3;6;3;True
11505;8;16;8;True
11506;2;2;0;True
11507;3;6;3;True
11508;4;9;5;True
11509;1;1;0;True
11510;3;4;1;True
11511;3;6;3;True
11512;2;4;2;True
11513;2;4;2;True
11514;0;0;0;True
11515;6;12;6;True
11516;0;0;0;True
11517;3;6;3;True
11518;2;4;2;True
11519;4;9;5;True
11520;6;6;0;True
11521;6;12;6;True
11522;1;1;0;True
11523;6;9;3;True
11524;1;1;0;True
11525;4;6;2;True
11526;4;6;2;True
11527;5;9;4;True
11528;3;6;3;True
11529;4;6;2;True
11530;8;16;8;True
11531;2;2;0;True
11532;4;9;5;True
11533;1;1;0;True
11534;4;6;2;True
11535;2;4;2;True
11536;2;4;2;True
11537;1;1;0;True
11538;2;4;2;True
11539;5;8;3;True
11540;3;9;6;True
11541;2;4;2;True
11542;3;6;3;True
11543;2;4;2;True
11544;5;9;4;True
11545;6;16;10;True
11546;1;1;0;True
11547;0;0;0;True
11548;5;12;7;True
11549;3;6;3;True
11550;2;2;0;True
11551;1;1;0;True
11552;0;0;0;True
11553;7;16;9;True
11554;6;12;6;True
11555;0;0;0;True
11556;6;9;3;True
11557;9;12;3;True
11558;1;1;0;True
11559;1;1;0;True
11560;9;16;7;True
11561;1;1;0;True
11562;0;0;0;True
11563;6;9;3;True
11564;10;16;6;True
11565;4;9;5;True
11566;4;6;2;True
11567;1;1;0;True
11568;2;2;0;True
11569;5;9;4;True
11570;3;4;1;True
11571;2;2;0;True
11572;11;16;5;True
11573;4;9;5;True
11574;6;16;10;True
11575;1;1;0;True
11576;5;6;1;True
11577;4;6;2;True
11578;4;6;2;True
11579;8;12;4;True
11580;7;12;5;True
11581;1;1;0;True
11582;3;6;3;True
11583;5;9;4;True
11584;5;12;7;True
11585;2;2;0;True
11586;4;9;5;True
11587;6;16;10;True
11588;1;1;0;True
11589;6;12;6;True
11590;2;4;2;True
11591;1;1;0;True
11592;8;16;8;True
11593;7;12;5;True
11594;6;12;6;True
11595;11;16;5;True
11596;6;9;3;True
11597;3;6;3;True
11598;7;12;5;True
11599;1;1;0;True
11600;3;6;3;True
11601;3;6;3;True
11602;3;9;6;True
11603;5;12;7;True
11604;1;1;0;True
11605;3;9;6;True
11606;2;4;2;True
11607;2;2;0;True
11608;4;9;5;True
11609;7;16;9;True
11610;7;12;5;True
11611;5;8;3;True
11612;3;6;3;True
11613;2;4;2;True
11614;4;8;4;True
11615;6;12;6;True
11616;2;4;2;True
11617;0;0;0;True
11618;6;9;3;True
11619;4;9;5;True
11620;8;16;8;True
11621;2;4;2;True
11622;6;16;10;True
11623;6;16;10;True
11624;1;1;0;True
11625;2;4;2;True
11626;3;4;1;True
11627;3;6;3;True
11628;1;1;0;True
11629;4;6;2;True
11630;2;4;2;True
11631;4;9;5;True
11632;0;0;0;True
11633;5;12;7;True
11634;5;8;3;True
11635;3;9;6;True
11636;3;9;6;True
11637;1;1;0;True
11638;6;12;6;True
11639;6;16;10;True
11640;0;0;0;True
11641;2;4;2;True
11642;1;1;0;True
11643;5;8;3;True
11644;1;1;0;True
11645;2;2;0;True
11646;9;16;7;True
11647;0;0;0;True
11648;3;6;3;True
11649;1;1;0;True
11650;4;9;5;True
11651;7;16;9;True
11652;3;4;1;True
11653;1;1;0;True
11654;3;9;6;True
11655;3;4;1;True
11656;11;16;5;True
11657;3;6;3;True
11658;4;9;5;True
11659;1;1;0;True
11660;4;9;5;True
11661;5;12;7;True
11662;0;0;0;True
11663;3;4;1;True
11664;3;3;0;True
11665;3;6;3;True
11666;4;9;5;True
11667;0;0;0;True
11668;1;1;0;True
11669;4;8;4;True
11670;0;0;0;True
11671;3;6;3;True
11672;5;12;7;True
11673;1;1;0;True
11674;5;12;7;True
11675;1;1;0;True
11676;4;6;2;True
11677;7;9;2;True
11678;5;9;4;True
11679;0;0;0;True
11680;5;8;3;True
11681;2;4;2;True
11682;2;2;0;True
11683;4;6;2;True
11684;5;12;7;True
11685;3;9;6;True
11686;9;12;3;True
11687;3;4;1;True
11688;7;16;9;True
11689;7;16;9;True
11690;5;12;7;True
11691;2;4;2;True
11692;0;0;0;True
11693;4;12;8;True
11694;2;4;2;True
11695;4;12;8;True
11696;5;12;7;True
11697;1;1;0;True
11698;4;9;5;True
11699;4;9;5;True
11700;6;12;6;True
11701;2;2;0;True
11702;3;9;6;True
11703;0;0;0;True
11704;2;4;2;True
11705;4;6;2;True
11706;1;1;0;True
11707;3;4;1;True
11708;0;0;0;True
11709;5;12;7;True
11710;3;4;1;True
11711;5;9;4;True
11712;1;1;0;True
11713;4;6;2;True
11714;4;9;5;True
11715;4;9;5;True
11716;2;4;2;True
11717;2;2;0;True
11718;5;12;7;True
11719;4;6;2;True
11720;4;12;8;True
11721;8;16;8;True
11722;2;2;0;True
11723;2;2;0;True
11724;7;16;9;True
11725;3;6;3;True
11726;6;16;10;True
11727;9;16;7;True
11728;4;9;5;True
11729;3;3;0;True
11730;4;6;2;True
11731;2;2;0;True
11732;3;4;1;True
11733;8;16;8;True
11734;6;12;6;True
11735;2;4;2;True
11736;8;16;8;True
11737;1;1;0;True
11738;2;2;0;True
11739;2;4;2;True
11740;3;4;1;True
11741;0;0;0;True
11742;6;16;10;True
11743;3;9;6;True
11744;3;6;3;True
11745;1;1;0;True
11746;2;4;2;True
11747;2;2;0;True
11748;2;2;0;True
11749;0;0;0;True
11750;3;4;1;True
11751;5;9;4;True
11752;6;9;3;True
11753;1;1;0;True
11754;2;4;2;True
11755;5;8;3;True
11756;6;9;3;True
11757;4;6;2;True
11758;1;1;0;True
11759;1;1;0;True
11760;3;3;0;True
11761;5;6;1;True
11762;3;9;6;True
11763;5;9;4;True
11764;8;16;8;True
11765;1;1;0;True
11766;1;1;0;True
11767;5;12;7;True
11768;4;9;5;True
11769;9;16;7;True
11770;5;12;7;True
11771;1;1;0;True
11772;5;9;4;True
11773;1;1;0;True
11774;5;8;3;True
11775;2;4;2;True
11776;6;12;6;True
11777;2;2;0;True
11778;6;16;10;True
11779;4;9;5;True
11780;1;1;0;True
11781;6;16;10;True
11782;2;4;2;True
11783;9;16;7;True
11784;6;12;6;True
11785;3;9;6;True
11786;4;6;2;True
11787;0;0;0;True
11788;5;9;4;True
11789;2;2;0;True
11790;2;4;2;True
11791;7;12;5;True
11792;2;2;0;True
11793;3;3;0;True
11794;4;12;8;True
11795;2;4;2;True
11796;4;6;2;True
11797;4;9;5;True
11798;0;0;0;True
11799;3;4;1;True
11800;3;6;3;True
11801;1;1;0;True
11802;3;3;0;True
11803;1;1;0;True
11804;2;2;0;True
11805;2;4;2;True
11806;4;12;8;True
11807;1;1;0;True
11808;6;16;10;True
11809;2;2;0;True
11810;5;12;7;True
11811;3;4;1;True
11812;9;16;7;True
11813;3;6;3;True
11814;8;16;8;True
11815;2;4;2;True
11816;7;16;9;True
11817;3;4;1;True
11818;4;6;2;True
11819;2;4;2;True
11820;1;1;0;True
11821;4;6;2;True
11822;4;6;2;True
11823;6;12;6;True
11824;3;6;3;True
11825;4;9;5;True
11826;7;16;9;True
11827;3;6;3;True
11828;5;16;11;True
11829;2;2;0;True
11830;3;6;3;True
11831;1;1;0;True
11832;3;6;3;True
11833;3;3;0;True
11834;2;4;2;True
11835;3;6;3;True
11836;6;12;6;True
11837;2;2;0;True
11838;1;1;0;True
11839;4;6;2;True
11840;7;16;9;True
11841;4;9;5;True
11842;2;4;2;True
11843;3;4;1;True
11844;2;4;2;True
11845;4;9;5;True
11846;4;4;0;True
11847;0;0;0;True
11848;3;9;6;True
11849;4;9;5;True
11850;3;9;6;True
11851;6;16;10;True
11852;5;9;4;True
11853;12;16;4;True
11854;4;9;5;True
11855;1;1;0;True
11856;2;2;0;True
11857;1;1;0;True
11858;3;6;3;True
11859;4;6;2;True
11860;7;9;2;True
11861;5;12;7;True
11862;8;16;8;True
11863;1;1;0;True
11864;0;0;0;True
11865;3;6;3;True
11866;6;8;2;True
11867;0;0;0;True
11868;6;12;6;True
11869;6;12;6;True
11870;5;12;7;True
11871;3;6;3;True
11872;5;9;4;True
11873;0;0;0;True
11874;6;12;6;True
11875;0;0;0;True
11876;2;2;0;True
11877;5;9;4;True
11878;6;12;6;True
11879;1;1;0;True
11880;5;9;4;True
11881;4;6;2;True
11882;6;16;10;True
11883;5;12;7;True
11884;6;9;3;True
11885;1;1;0;True
11886;6;12;6;True
11887;3;9;6;True
11888;7;16;9;True
11889;4;9;5;True
11890;0;0;0;True
11891;0;0;0;True
11892;1;1;0;True
11893;3;6;3;True
11894;3;9;6;True
11895;2;2;0;True
11896;4;6;2;True
11897;5;8;3;True
11898;3;6;3;True
11899;8;16;8;True
11900;1;1;0;True
11901;3;6;3;True
11902;2;2;0;True
11903;8;12;4;True
11904;0;0;0;True
11905;7;12;5;True
11906;6;9;3;True
11907;6;12;6;True
11908;3;9;6;True
11909;4;4;0;True
11910;2;4;2;True
11911;4;12;8;True
11912;7;16;9;True
11913;7;12;5;True
11914;1;1;0;True
11915;8;16;8;True
11916;5;9;4;True
11917;3;6;3;True
11918;2;2;0;True
11919;10;16;6;True
11920;3;6;3;True
11921;6;16;10;True
11922;4;9;5;True
11923;2;4;2;True
11924;2;4;2;True
11925;5;12;7;True
11926;1;1;0;True
11927;3;6;3;True
11928;7;9;2;True
11929;2;2;0;True
11930;5;9;4;True
11931;8;16;8;True
11932;0;0;0;True
11933;5;16;11;True
11934;3;6;3;True
11935;9;16;7;True
11936;5;6;1;True
11937;1;1;0;True
11938;4;9;5;True
11939;2;2;0;True
11940;0;0;0;True
11941;5;16;11;True
11942;3;6;3;True
11943;4;16;12;True
11944;6;9;3;True
11945;4;9;5;True
11946;3;6;3;True
11947;1;1;0;True
11948;2;4;2;True
11949;6;12;6;True
11950;0;0;0;True
11951;0;0;0;True
11952;1;1;0;True
11953;2;2;0;True
11954;6;12;6;True
11955;7;12;5;True
11956;2;4;2;True
11957;5;12;7;True
11958;0;0;0;True
11959;5;16;11;True
11960;1;1;0;True
11961;6;12;6;True
11962;0;0;0;True
11963;0;0;0;True
11964;2;4;2;True
11965;0;0;0;True
11966;3;6;3;True
11967;5;6;1;True
11968;6;16;10;True
11969;8;12;4;True
11970;2;4;2;True
11971;5;12;7;True
11972;4;8;4;True
11973;4;8;4;True
11974;5;9;4;True
11975;3;3;0;True
11976;5;9;4;True
11977;5;12;7;True
11978;5;9;4;True
11979;5;12;7;True
11980;8;16;8;True
11981;5;12;7;True
11982;3;6;3;True
11983;5;9;4;True
11984;2;4;2;True
11985;6;9;3;True
11986;1;1;0;True
11987;9;16;7;True
11988;4;6;2;True
11989;2;2;0;True
11990;8;9;1;True
11991;2;2;0;True
11992;8;16;8;True
11993;1;1;0;True
11994;1;1;0;True
11995;7;12;5;True
11996;6;12;6;True
11997;5;12;7;True
11998;7;16;9;True
11999;0;0;0;True
12000;4;9;5;True
12001;2;2;0;True
12002;0;0;0;True
12003;6;12;6;True
12004;3;4;1;True
12005;5;12;7;True
12006;4;9;5;True
12007;6;12;6;True
12008;3;6;3;True
12009;5;8;3;True
12010;1;1;0;True
12011;4;6;2;True
12012;6;9;3;True
12013;6;9;3;True
12014;5;12;7;True
12015;0;0;0;True
12016;4;9;5;True
12017;2;4;2;True
12018;1;1;0;True
12019;1;1;0;True
12020;4;9;5;True
12021;4;9;5;True
12022;5;12;7;True
12023;4;8;4;True
12024;0;0;0;True
12025;5;8;3;True
12026;6;12;6;True
12027;3;6;3;True
12028;5;12;7;True
12029;5;9;4;True
12030;2;2;0;True
12031;0;0;0;True
12032;5;12;7;True
12033;2;4;2;True
12034;6;12;6;True
12035;1;1;0;True
12036;1;1;0;True
12037;0;0;0;True
12038;3;6;3;True
12039;8;16;8;True
12040;3;6;3;True
12041;5;12;7;True
12042;3;6;3;True
12043;3;6;3;True
12044;6;12;6;True
12045;2;4;2;True
12046;5;9;4;True
12047;2;4;2;True
12048;0;0;0;True
12049;5;12;7;True
12050;2;2;0;True
12051;1;1;0;True
12052;5;12;7;True
12053;2;2;0;True
12054;3;6;3;True
12055;4;9;5;True
12056;5;12;7;True
12057;7;12;5;True
12058;3;6;3;True
12059;4;16;12;True
12060;6;12;6;True
12061;0;0;0;True
12062;1;1;0;True
12063;6;12;6;True
12064;8;16;8;True
12065;0;0;0;True
12066;5;9;4;True
12067;8;16;8;True
12068;2;4;2;True
12069;1;1;0;True
12070;7;16;9;True
12071;4;9;5;True
12072;4;6;2;True
12073;3;6;3;True
12074;1;1;0;True
12075;4;9;5;True
12076;4;8;4;True
12077;3;3;0;True
12078;2;4;2;True
12079;2;4;2;True
12080;2;4;2;True
12081;2;4;2;True
12082;5;12;7;True
12083;3;6;3;True
12084;5;9;4;True
12085;4;12;8;True
12086;4;12;8;True
12087;4;12;8;True
12088;3;6;3;True
12089;4;16;12;True
12090;2;2;0;True
12091;2;4;2;True
12092;1;1;0;True
12093;5;9;4;True
12094;0;0;0;True
12095;9;12;3;True
12096;5;12;7;True
12097;1;1;0;True
12098;2;4;2;True
12099;2;2;0;True
12100;3;9;6;True
12101;3;6;3;True
12102;4;9;5;True
12103;2;4;2;True
12104;3;6;3;True
12105;2;2;0;True
12106;7;12;5;True
12107;8;16;8;True
12108;3;6;3;True
12109;6;16;10;True
12110;6;9;3;True
12111;5;16;11;True
12112;3;4;1;True
12113;2;2;0;True
12114;8;16;8;True
12115;4;9;5;True
12116;2;4;2;True
12117;3;6;3;True
12118;4;8;4;True
12119;4;6;2;True
12120;0;0;0;True
12121;4;6;2;True
12122;3;6;3;True
12123;2;2;0;True
12124;6;12;6;True
12125;4;6;2;True
12126;6;9;3;True
12127;1;1;0;True
12128;4;4;0;True
12129;0;0;0;True
12130;0;0;0;True
12131;5;6;1;True
12132;4;12;8;True
12133;2;4;2;True
12134;4;12;8;True
12135;4;6;2;True
12136;3;9;6;True
12137;5;9;4;True
12138;3;4;1;True
12139;2;2;0;True
12140;2;4;2;True
12141;3;9;6;True
12142;4;9;5;True
12143;1;1;0;True
12144;0;0;0;True
12145;7;12;5;True
12146;2;2;0;True
12147;0;0;0;True
12148;4;6;2;True
12149;6;12;6;True
12150;8;16;8;True
12151;4;6;2;True
12152;4;9;5;True
12153;5;8;3;True
12154;1;1;0;True
12155;4;6;2;True
12156;0;0;0;True
12157;1;1;0;True
12158;4;12;8;True
12159;4;9;5;True
12160;6;16;10;True
12161;5;9;4;True
12162;5;12;7;True
12163;3;4;1;True
12164;2;2;0;True
12165;4;6;2;True
12166;0;0;0;True
12167;10;16;6;True
12168;4;9;5;True
12169;0;0;0;True
12170;8;16;8;True
12171;0;0;0;True
12172;4;9;5;True
12173;3;4;1;True
12174;4;6;2;True
12175;2;2;0;True
12176;2;4;2;True
12177;7;16;9;True
12178;6;12;6;True
12179;6;16;10;True
12180;3;6;3;True
12181;6;16;10;True
12182;4;8;4;True
12183;6;9;3;True
12184;4;6;2;True
12185;8;12;4;True
12186;1;1;0;True
12187;4;8;4;True
12188;4;9;5;True
12189;2;4;2;True
12190;1;1;0;True
12191;1;1;0;True
12192;2;2;0;True
12193;6;12;6;True
12194;2;2;0;True
12195;5;8;3;True
12196;2;4;2;True
12197;2;4;2;True
12198;4;6;2;True
12199;0;0;0;True
12200;2;2;0;True
12201;8;12;4;True
12202;2;4;2;True
12203;3;6;3;True
12204;5;12;7;True
12205;1;1;0;True
12206;3;6;3;True
12207;4;6;2;True
12208;5;6;1;True
12209;7;16;9;True
12210;5;16;11;True
12211;2;2;0;True
12212;9;16;7;True
12213;3;9;6;True
12214;6;16;10;True
12215;3;6;3;True
12216;5;12;7;True
12217;8;16;8;True
12218;4;9;5;True
12219;0;0;0;True
12220;3;6;3;True
12221;1;1;0;True
12222;5;8;3;True
12223;3;6;3;True
12224;3;3;0;True
12225;1;1;0;True
12226;2;2;0;True
12227;1;1;0;True
12228;3;9;6;True
12229;5;9;4;True
12230;4;9;5;True
12231;0;0;0;True
12232;6;12;6;True
12233;5;8;3;True
12234;3;9;6;True
12235;6;16;10;True
12236;4;9;5;True
12237;3;6;3;True
12238;1;1;0;True
12239;8;12;4;True
12240;1;1;0;True
12241;6;9;3;True
12242;3;4;1;True
12243;6;12;6;True
12244;5;9;4;True
12245;2;4;2;True
12246;9;16;7;True
12247;3;6;3;True
12248;2;4;2;True
12249;1;1;0;True
12250;4;9;5;True
12251;6;12;6;True
12252;1;1;0;True
12253;4;12;8;True
12254;6;12;6;True
12255;3;9;6;True
12256;7;12;5;True
12257;6;16;10;True
12258;4;12;8;True
12259;7;12;5;True
12260;4;9;5;True
12261;4;4;0;True
12262;3;4;1;True
12263;3;6;3;True
12264;2;4;2;True
12265;7;16;9;True
12266;5;12;7;True
12267;7;16;9;True
12268;2;4;2;True
12269;4;6;2;True
12270;3;6;3;True
12271;3;6;3;True
12272;1;1;0;True
12273;4;9;5;True
12274;1;1;0;True
12275;8;16;8;True
12276;3;6;3;True
12277;6;16;10;True
12278;2;2;0;True
12279;1;1;0;True
12280;2;4;2;True
12281;5;6;1;True
12282;0;0;0;True
12283;3;6;3;True
12284;4;9;5;True
12285;3;6;3;True
12286;3;4;1;True
12287;8;16;8;True
12288;3;4;1;True
12289;7;16;9;True
12290;9;12;3;True
12291;2;4;2;True
12292;3;4;1;True
12293;6;12;6;True
12294;4;9;5;True
12295;5;12;7;True
12296;3;9;6;True
12297;5;16;11;True
12298;2;4;2;True
12299;5;12;7;True
12300;5;9;4;True
12301;5;9;4;True
12302;7;12;5;True
12303;2;4;2;True
12304;3;3;0;True
12305;5;9;4;True
12306;2;2;0;True
12307;1;1;0;True
12308;4;9;5;True
12309;1;1;0;True
12310;6;9;3;True
12311;5;12;7;True
12312;0;0;0;True
12313;2;4;2;True
12314;3;9;6;True
12315;4;9;5;True
12316;9;16;7;True
12317;4;9;5;True
12318;0;0;0;True
12319;5;8;3;True
12320;2;4;2;True
12321;3;9;6;True
12322;6;12;6;True
12323;7;12;5;True
12324;8;12;4;True
12325;4;9;5;True
12326;0;0;0;True
12327;3;4;1;True
12328;4;9;5;True
12329;2;4;2;True
12330;2;2;0;True
12331;4;12;8;True
12332;8;16;8;True
12333;1;1;0;True
12334;1;1;0;True
12335;3;6;3;True
12336;1;1;0;True
12337;5;16;11;True
12338;8;16;8;True
12339;5;9;4;True
12340;1;1;0;True
12341;3;6;3;True
12342;3;4;1;True
12343;2;2;0;True
12344;4;6;2;True
12345;4;6;2;True
12346;5;12;7;True
12347;4;6;2;True
12348;3;6;3;True
12349;10;16;6;True
12350;6;16;10;True
12351;2;4;2;True
12352;6;12;6;True
12353;2;4;2;True
12354;5;12;7;True
12355;4;4;0;True
12356;5;8;3;True
12357;0;0;0;True
12358;6;16;10;True
12359;2;4;2;True
12360;3;6;3;True
12361;3;6;3;True
12362;3;4;1;True
12363;4;9;5;True
12364;3;6;3;True
12365;6;12;6;True
12366;4;6;2;True
12367;3;6;3;True
12368;4;6;2;True
12369;6;12;6;True
12370;3;6;3;True
12371;5;12;7;True
12372;6;12;6;True
12373;3;6;3;True
12374;4;8;4;True
12375;3;6;3;True
12376;7;16;9;True
12377;5;12;7;True
12378;4;6;2;True
12379;3;3;0;True
12380;4;9;5;True
12381;1;1;0;True
12382;2;4;2;True
12383;2;4;2;True
12384;2;2;0;True
12385;1;1;0;True
12386;4;6;2;True
12387;8;12;4;True
12388;5;8;3;True
12389;4;6;2;True
12390;3;6;3;True
12391;7;16;9;True
12392;2;2;0;True
12393;4;6;2;True
12394;3;3;0;True
12395;5;9;4;True
12396;6;9;3;True
12397;3;6;3;True
12398;2;4;2;True
12399;1;1;0;True
12400;5;8;3;True
12401;5;9;4;True
12402;3;9;6;True
12403;6;12;6;True
12404;4;12;8;True
12405;1;1;0;True
12406;3;4;1;True
12407;8;12;4;True
12408;7;16;9;True
12409;7;12;5;True
12410;2;4;2;True
12411;2;2;0;True
12412;4;6;2;True
12413;2;4;2;True
12414;4;9;5;True
12415;2;4;2;True
12416;0;0;0;True
12417;4;9;5;True
12418;7;12;5;True
12419;1;1;0;True
12420;1;1;0;True
12421;6;12;6;True
12422;4;6;2;True
12423;1;1;0;True
12424;0;0;0;True
12425;3;3;0;True
12426;7;16;9;True
12427;4;9;5;True
12428;1;1;0;True
12429;3;9;6;True
12430;6;12;6;True
12431;4;9;5;True
12432;6;16;10;True
12433;6;12;6;True
12434;2;2;0;True
12435;0;0;0;True
12436;2;2;0;True
12437;4;6;2;True
12438;4;6;2;True
12439;9;16;7;True
12440;6;12;6;True
12441;6;12;6;True
12442;5;8;3;True
12443;7;16;9;True
12444;0;0;0;True
12445;4;6;2;True
12446;3;6;3;True
12447;1;1;0;True
12448;1;1;0;True
12449;10;16;6;True
12450;3;6;3;True
12451;3;6;3;True
12452;8;16;8;True
12453;4;6;2;True
12454;4;9;5;True
12455;3;6;3;True
12456;5;8;3;True
12457;4;9;5;True
12458;4;12;8;True
12459;6;12;6;True
12460;6;16;10;True
12461;1;1;0;True
12462;4;6;2;True
12463;7;12;5;True
12464;3;6;3;True
12465;8;12;4;True
12466;2;2;0;True
12467;4;12;8;True
12468;1;1;0;True
12469;7;16;9;True
12470;2;2;0;True
12471;5;16;11;True
12472;2;2;0;True
12473;2;4;2;True
12474;5;9;4;True
12475;4;6;2;True
12476;0;0;0;True
12477;2;4;2;True
12478;3;4;1;True
12479;7;16;9;True
12480;2;4;2;True
12481;1;1;0;True
12482;6;9;3;True
12483;4;9;5;True
12484;4;6;2;True
12485;8;12;4;True
12486;4;6;2;True
12487;4;9;5;True
12488;0;0;0;True
12489;4;6;2;True
12490;4;12;8;True
12491;6;16;10;True
12492;3;4;1;True
12493;2;4;2;True
12494;3;6;3;True
12495;0;0;0;True
12496;2;4;2;True
12497;6;16;10;True
12498;3;6;3;True
12499;1;1;0;True
12500;5;12;7;True
12501;7;16;9;True
12502;3;4;1;True
12503;5;8;3;True
12504;4;6;2;True
12505;3;3;0;True
12506;3;6;3;True
12507;7;12;5;True
12508;6;16;10;True
12509;5;9;4;True
12510;4;12;8;True
12511;6;12;6;True
12512;1;1;0;True
12513;8;16;8;True
12514;4;6;2;True
12515;4;12;8;True
12516;6;12;6;True
12517;11;16;5;True
12518;9;16;7;True
12519;7;16;9;True
12520;3;9;6;True
12521;4;12;8;True
12522;4;6;2;True
12523;0;0;0;True
12524;4;8;4;True
12525;2;4;2;True
12526;5;8;3;True
12527;12;16;4;True
12528;10;16;6;True
12529;6;12;6;True
12530;1;1;0;True
12531;1;1;0;True
12532;2;2;0;True
12533;3;6;3;True
12534;5;8;3;True
12535;4;12;8;True
12536;3;6;3;True
12537;4;12;8;True
12538;7;12;5;True
12539;1;1;0;True
12540;1;1;0;True
12541;3;9;6;True
12542;5;12;7;True
12543;5;8;3;True
12544;1;1;0;True
12545;3;6;3;True
12546;2;4;2;True
12547;3;6;3;True
12548;8;16;8;True
12549;3;4;1;True
12550;3;9;6;True
12551;4;12;8;True
12552;4;6;2;True
12553;5;9;4;True
12554;10;16;6;True
12555;2;2;0;True
12556;6;9;3;True
12557;3;4;1;True
12558;1;1;0;True
12559;7;16;9;True
12560;3;6;3;True
12561;2;4;2;True
12562;1;1;0;True
12563;5;16;11;True
12564;2;4;2;True
12565;4;6;2;True
12566;4;12;8;True
12567;5;16;11;True
12568;2;4;2;True
12569;4;4;0;True
12570;3;6;3;True
12571;2;4;2;True
12572;3;4;1;True
12573;1;1;0;True
12574;2;2;0;True
12575;1;1;0;True
12576;5;12;7;True
12577;1;1;0;True
12578;3;6;3;True
12579;7;16;9;True
12580;5;9;4;True
12581;4;12;8;True
12582;2;2;0;True
12583;1;1;0;True
12584;2;4;2;True
12585;1;1;0;True
12586;0;0;0;True
12587;3;9;6;True
12588;8;16;8;True
12589;6;9;3;True
12590;5;12;7;True
12591;1;1;0;True
12592;2;2;0;True
12593;7;12;5;True
12594;0;0;0;True
12595;6;12;6;True
12596;2;2;0;True
12597;1;1;0;True
12598;3;4;1;True
12599;5;12;7;True
12600;6;12;6;True
12601;4;9;5;True
12602;5;8;3;True
12603;2;4;2;True
12604;1;1;0;True
12605;7;16;9;True
12606;5;12;7;True
12607;4;9;5;True
12608;3;4;1;True
12609;5;12;7;True
12610;8;12;4;True
12611;3;6;3;True
12612;1;1;0;True
12613;4;9;5;True
12614;1;1;0;True
12615;4;6;2;True
12616;5;9;4;True
12617;5;16;11;True
12618;7;16;9;True
12619;3;4;1;True
12620;5;9;4;True
12621;6;16;10;True
12622;1;1;0;True
12623;5;12;7;True
12624;6;12;6;True
12625;2;2;0;True
12626;2;2;0;True
12627;1;1;0;True
12628;4;8;4;True
12629;6;8;2;True
12630;2;4;2;True
12631;2;4;2;True
12632;4;12;8;True
12633;1;1;0;True
12634;1;1;0;True
12635;3;6;3;True
12636;6;9;3;True
12637;3;4;1;True
12638;3;6;3;True
12639;5;9;4;True
12640;10;16;6;True
12641;2;4;2;True
12642;6;16;10;True
12643;3;9;6;True
12644;2;2;0;True
12645;4;9;5;True
12646;3;3;0;True
12647;0;0;0;True
12648;6;16;10;True
12649;2;4;2;True
12650;4;12;8;True
12651;0;0;0;True
12652;5;9;4;True
12653;3;6;3;True
12654;2;2;0;True
12655;5;9;4;True
12656;2;4;2;True
12657;1;1;0;True
12658;7;16;9;True
12659;3;6;3;True
12660;6;9;3;True
12661;1;1;0;True
12662;6;16;10;True
12663;9;16;7;True
12664;5;12;7;True
12665;3;4;1;True
12666;5;12;7;True
12667;7;16;9;True
12668;3;9;6;True
12669;6;12;6;True
12670;0;0;0;True
12671;5;16;11;True
12672;3;6;3;True
12673;0;0;0;True
12674;2;2;0;True
12675;4;6;2;True
12676;6;12;6;True
12677;6;16;10;True
12678;5;9;4;True
12679;2;4;2;True
12680;2;2;0;True
12681;1;1;0;True
12682;2;2;0;True
12683;5;9;4;True
12684;5;16;11;True
12685;2;2;0;True
12686;1;1;0;True
12687;6;12;6;True
12688;3;9;6;True
12689;5;12;7;True
12690;1;1;0;True
12691;5;9;4;True
12692;1;1;0;True
12693;3;6;3;True
12694;3;6;3;True
12695;2;2;0;True
12696;4;6;2;True
12697;8;16;8;True
12698;1;1;0;True
12699;4;12;8;True
12700;5;16;11;True
12701;1;1;0;True
12702;2;2;0;True
12703;6;12;6;True
12704;2;4;2;True
12705;2;2;0;True
12706;3;4;1;True
12707;2;2;0;True
12708;1;1;0;True
12709;7;9;2;True
12710;5;9;4;True
12711;2;4;2;True
12712;2;4;2;True
12713;5;12;7;True
12714;2;4;2;True
12715;1;1;0;True
12716;4;6;2;True
12717;1;1;0;True
12718;11;16;5;True
12719;2;2;0;True
12720;1;1;0;True
12721;4;6;2;True
12722;4;9;5;True
12723;4;9;5;True
12724;9;12;3;True
12725;2;4;2;True
12726;4;9;5;True
12727;2;4;2;True
12728;7;16;9;True
12729;2;4;2;True
12730;2;4;2;True
12731;4;6;2;True
12732;2;4;2;True
12733;3;6;3;True
12734;5;9;4;True
12735;3;4;1;True
12736;6;12;6;True
12737;3;4;1;True
12738;3;6;3;True
12739;3;6;3;True
12740;3;4;1;True
12741;6;9;3;True
12742;2;2;0;True
12743;3;6;3;True
12744;1;1;0;True
12745;1;1;0;True
12746;1;1;0;True
12747;4;12;8;True
12748;0;0;0;True
12749;1;1;0;True
12750;1;1;0;True
12751;3;4;1;True
12752;0;0;0;True
12753;2;4;2;True
12754;4;9;5;True
12755;11;16;5;True
12756;5;12;7;True
12757;5;6;1;True
12758;6;12;6;True
12759;7;9;2;True
12760;4;9;5;True
12761;6;12;6;True
12762;3;6;3;True
12763;2;2;0;True
12764;6;12;6;True
12765;4;12;8;True
12766;3;4;1;True
12767;6;9;3;True
12768;2;2;0;True
12769;5;12;7;True
12770;4;9;5;True
12771;5;8;3;True
12772;3;6;3;True
12773;1;1;0;True
12774;4;6;2;True
12775;8;16;8;True
12776;1;1;0;True
12777;6;16;10;True
12778;7;16;9;True
12779;8;16;8;True
12780;3;9;6;True
12781;9;16;7;True
12782;3;4;1;True
12783;2;2;0;True
12784;8;12;4;True
12785;1;1;0;True
12786;4;12;8;True
12787;3;6;3;True
12788;7;16;9;True
12789;9;16;7;True
12790;4;9;5;True
12791;3;6;3;True
12792;5;9;4;True
12793;3;6;3;True
12794;0;0;0;True
12795;1;1;0;True
12796;5;12;7;True
12797;3;6;3;True
12798;1;1;0;True
12799;8;16;8;True
12800;2;2;0;True
12801;5;9;4;True
12802;6;16;10;True
12803;3;6;3;True
12804;3;6;3;True
12805;4;8;4;True
12806;3;4;1;True
12807;4;9;5;True
12808;1;1;0;True
12809;3;9;6;True
12810;3;4;1;True
12811;7;16;9;True
12812;1;1;0;True
12813;5;16;11;True
12814;3;4;1;True
12815;8;16;8;True
12816;3;6;3;True
12817;3;4;1;True
12818;6;12;6;True
12819;3;9;6;True
12820;3;6;3;True
12821;1;1;0;True
12822;3;6;3;True
12823;1;1;0;True
12824;3;6;3;True
12825;2;4;2;True
12826;8;12;4;True
12827;5;12;7;True
12828;2;2;0;True
12829;6;9;3;True
12830;6;16;10;True
12831;4;9;5;True
12832;6;9;3;True
12833;6;12;6;True
12834;2;2;0;True
12835;4;12;8;True
12836;3;6;3;True
12837;5;16;11;True
12838;7;16;9;True
12839;9;16;7;True
12840;1;1;0;True
12841;6;12;6;True
12842;1;1;0;True
12843;5;9;4;True
12844;4;12;8;True
12845;3;6;3;True
12846;5;8;3;True
12847;3;4;1;True
12848;5;9;4;True
12849;6;12;6;True
12850;3;6;3;True
12851;5;16;11;True
12852;4;9;5;True
12853;4;12;8;True
12854;2;4;2;True
12855;5;9;4;True
12856;2;2;0;True
12857;3;6;3;True
12858;2;2;0;True
12859;5;16;11;True
12860;5;9;4;True
12861;2;4;2;True
12862;6;9;3;True
12863;5;9;4;True
12864;1;1;0;True
12865;1;1;0;True
12866;0;0;0;True
12867;2;2;0;True
12868;1;1;0;True
12869;4;12;8;True
12870;4;4;0;True
12871;6;16;10;True
12872;1;1;0;True
12873;5;9;4;True
12874;2;4;2;True
12875;4;9;5;True
12876;4;9;5;True
12877;6;12;6;True
12878;6;16;10;True
12879;6;16;10;True
12880;2;4;2;True
12881;6;12;6;True
12882;1;1;0;True
12883;7;16;9;True
12884;8;12;4;True
12885;5;16;11;True
12886;5;12;7;True
12887;10;16;6;True
12888;6;12;6;True
12889;0;0;0;True
12890;1;1;0;True
12891;5;9;4;True
12892;3;6;3;True
12893;5;9;4;True
12894;5;9;4;True
12895;3;4;1;True
12896;3;4;1;True
12897;1;1;0;True
12898;8;16;8;True
12899;6;8;2;True
12900;0;0;0;True
12901;4;6;2;True
12902;3;6;3;True
12903;6;12;6;True
12904;0;0;0;True
12905;1;1;0;True
12906;1;1;0;True
12907;0;0;0;True
12908;7;16;9;True
12909;2;4;2;True
12910;6;16;10;True
12911;4;6;2;True
12912;5;9;4;True
12913;4;12;8;True
12914;6;12;6;True
12915;3;6;3;True
12916;7;16;9;True
12917;7;16;9;True
12918;7;12;5;True
12919;6;12;6;True
12920;4;9;5;True
12921;0;0;0;True
12922;1;1;0;True
12923;3;6;3;True
12924;4;9;5;True
12925;7;12;5;True
12926;4;9;5;True
12927;0;0;0;True
12928;1;1;0;True
12929;4;9;5;True
12930;2;4;2;True
12931;6;12;6;True
12932;5;12;7;True
12933;6;9;3;True
12934;3;4;1;True
12935;5;16;11;True
12936;6;16;10;True
12937;5;9;4;True
12938;3;6;3;True
12939;6;16;10;True
12940;7;12;5;True
12941;0;0;0;True
12942;3;9;6;True
12943;2;4;2;True
12944;3;6;3;True
12945;5;9;4;True
12946;4;6;2;True
12947;9;12;3;True
12948;3;6;3;True
12949;3;3;0;True
12950;5;9;4;True
12951;7;16;9;True
12952;4;6;2;True
12953;3;9;6;True
12954;4;9;5;True
12955;4;9;5;True
12956;0;0;0;True
12957;3;4;1;True
12958;4;6;2;True
12959;1;1;0;True
12960;5;9;4;True
12961;1;1;0;True
12962;5;8;3;True
12963;2;4;2;True
12964;6;16;10;True
12965;6;16;10;True
12966;4;9;5;True
12967;4;8;4;True
12968;4;6;2;True
12969;8;16;8;True
12970;2;4;2;True
12971;0;0;0;True
12972;2;4;2;True
12973;3;9;6;True
12974;6;9;3;True
12975;5;12;7;True
12976;8;9;1;True
12977;2;4;2;True
12978;1;1;0;True
12979;3;6;3;True
12980;1;1;0;True
12981;6;9;3;True
12982;3;4;1;True
12983;5;9;4;True
12984;3;6;3;True
12985;5;16;11;True
12986;7;16;9;True
12987;3;9;6;True
12988;0;0;0;True
12989;8;16;8;True
12990;1;1;0;True
12991;8;16;8;True
12992;5;12;7;True
12993;5;9;4;True
12994;5;12;7;True
12995;8;12;4;True
12996;3;6;3;True
12997;1;1;0;True
12998;5;12;7;True
12999;9;16;7;True
13000;4;9;5;True
13001;1;1;0;True
13002;7;16;9;True
13003;4;6;2;True
13004;5;6;1;True
13005;2;4;2;True
13006;2;4;2;True
13007;5;16;11;True
13008;5;12;7;True
13009;1;1;0;True
13010;3;9;6;True
13011;3;6;3;True
13012;2;2;0;True
13013;5;9;4;True
13014;2;4;2;True
13015;2;4;2;True
13016;4;9;5;True
13017;2;2;0;True
13018;5;12;7;True
13019;7;12;5;True
13020;6;12;6;True
13021;3;6;3;True
13022;7;12;5;True
13023;2;2;0;True
13024;3;6;3;True
13025;3;9;6;True
13026;2;4;2;True
13027;2;4;2;True
13028;0;0;0;True
13029;4;6;2;True
13030;3;6;3;True
13031;4;9;5;True
13032;2;4;2;True
13033;1;1;0;True
13034;1;1;0;True
13035;5;9;4;True
13036;2;4;2;True
13037;5;9;4;True
13038;0;0;0;True
13039;2;4;2;True
13040;3;3;0;True
13041;2;4;2;True
13042;9;12;3;True
13043;1;1;0;True
13044;6;16;10;True
13045;2;2;0;True
13046;7;16;9;True
13047;4;9;5;True
13048;3;6;3;True
13049;5;9;4;True
13050;1;1;0;True
13051;0;0;0;True
13052;5;12;7;True
13053;7;16;9;True
13054;6;16;10;True
13055;2;4;2;True
13056;3;4;1;True
13057;5;9;4;True
13058;8;16;8;True
13059;1;1;0;True
13060;6;12;6;True
13061;3;9;6;True
13062;4;6;2;True
13063;5;12;7;True
13064;1;1;0;True
13065;2;2;0;True
13066;4;9;5;True
13067;4;9;5;True
13068;2;2;0;True
13069;1;1;0;True
13070;8;16;8;True
13071;2;4;2;True
13072;2;4;2;True
13073;4;9;5;True
13074;5;9;4;True
13075;4;6;2;True
13076;2;4;2;True
13077;7;12;5;True
13078;1;1;0;True
13079;1;1;0;True
13080;1;1;0;True
13081;1;1;0;True
13082;2;2;0;True
13083;3;6;3;True
13084;3;9;6;True
13085;10;16;6;True
13086;5;6;1;True
13087;5;12;7;True
13088;7;12;5;True
13089;2;4;2;True
13090;5;12;7;True
13091;6;16;10;True
13092;1;1;0;True
13093;1;1;0;True
13094;5;6;1;True
13095;1;1;0;True
13096;4;6;2;True
13097;1;1;0;True
13098;5;12;7;True
13099;1;1;0;True
13100;3;4;1;True
13101;2;4;2;True
13102;5;9;4;True
13103;2;2;0;True
13104;4;12;8;True
13105;1;1;0;True
13106;8;12;4;True
13107;5;12;7;True
13108;6;16;10;True
13109;3;6;3;True
13110;7;16;9;True
13111;0;0;0;True
13112;0;0;0;True
13113;8;12;4;True
13114;0;0;0;True
13115;1;1;0;True
13116;5;16;11;True
13117;4;8;4;True
13118;2;2;0;True
13119;1;1;0;True
13120;2;4;2;True
13121;3;9;6;True
13122;7;12;5;True
13123;5;6;1;True
13124;5;16;11;True
13125;4;9;5;True
13126;1;1;0;True
13127;5;12;7;True
13128;1;1;0;True
13129;6;12;6;True
13130;4;9;5;True
13131;0;0;0;True
13132;8;16;8;True
13133;7;12;5;True
13134;4;12;8;True
13135;2;4;2;True
13136;3;6;3;True
13137;6;16;10;True
13138;7;12;5;True
13139;2;4;2;True
13140;4;6;2;True
13141;5;9;4;True
13142;5;8;3;True
13143;1;1;0;True
13144;5;12;7;True
13145;5;12;7;True
13146;6;12;6;True
13147;1;1;0;True
13148;4;9;5;True
13149;2;2;0;True
13150;5;9;4;True
13151;1;1;0;True
13152;2;2;0;True
13153;4;9;5;True
13154;1;1;0;True
13155;5;9;4;True
13156;1;1;0;True
13157;8;16;8;True
13158;0;0;0;True
13159;4;9;5;True
13160;7;16;9;True
13161;2;2;0;True
13162;2;2;0;True
13163;6;12;6;True
13164;0;0;0;True
13165;5;12;7;True
13166;4;4;0;True
13167;6;12;6;True
13168;2;4;2;True
13169;4;9;5;True
13170;3;6;3;True
13171;1;1;0;True
13172;3;6;3;True
13173;3;9;6;True
13174;0;0;0;True
13175;6;12;6;True
13176;1;1;0;True
13177;6;12;6;True
13178;4;12;8;True
13179;1;1;0;True
13180;3;6;3;True
13181;3;4;1;True
13182;4;6;2;True
13183;8;16;8;True
13184;1;1;0;True
13185;3;6;3;True
13186;4;6;2;True
13187;1;1;0;True
13188;4;9;5;True
13189;2;2;0;True
13190;3;6;3;True
13191;5;12;7;True
13192;5;12;7;True
13193;7;16;9;True
13194;4;6;2;True
13195;5;9;4;True
13196;7;16;9;True
13197;4;9;5;True
13198;1;1;0;True
13199;8;12;4;True
13200;3;6;3;True
13201;5;9;4;True
13202;7;12;5;True
13203;1;1;0;True
13204;5;9;4;True
13205;1;1;0;True
13206;1;1;0;True
13207;3;9;6;True
13208;4;6;2;True
13209;4;6;2;True
13210;3;9;6;True
13211;7;16;9;True
13212;0;0;0;True
13213;7;16;9;True
13214;2;2;0;True
13215;1;1;0;True
13216;5;12;7;True
13217;4;9;5;True
13218;8;12;4;True
13219;6;9;3;True
13220;3;6;3;True
13221;3;6;3;True
13222;2;2;0;True
13223;4;6;2;True
13224;6;8;2;True
13225;4;9;5;True
13226;6;12;6;True
13227;1;1;0;True
13228;3;9;6;True
13229;2;2;0;True
13230;3;6;3;True
13231;6;12;6;True
13232;3;6;3;True
13233;2;4;2;True
13234;3;6;3;True
13235;6;8;2;True
13236;2;2;0;True
13237;1;1;0;True
13238;1;1;0;True
13239;4;12;8;True
13240;3;6;3;True
13241;4;9;5;True
13242;4;6;2;True
13243;4;9;5;True
13244;3;6;3;True
13245;7;12;5;True
13246;4;8;4;True
13247;3;9;6;True
13248;0;0;0;True
13249;6;12;6;True
13250;0;0;0;True
13251;3;4;1;True
13252;2;4;2;True
13253;5;8;3;True
13254;2;2;0;True
13255;6;16;10;True
13256;4;8;4;True
13257;7;9;2;True
13258;2;4;2;True
13259;4;8;4;True
13260;3;6;3;True
13261;5;9;4;True
13262;3;3;0;True
13263;0;0;0;True
13264;2;2;0;True
13265;5;12;7;True
13266;2;2;0;True
13267;2;4;2;True
13268;5;9;4;True
13269;4;6;2;True
13270;0;0;0;True
13271;4;9;5;True
13272;6;12;6;True
13273;0;0;0;True
13274;8;12;4;True
13275;3;6;3;True
13276;0;0;0;True
13277;4;8;4;True
13278;1;1;0;True
13279;4;9;5;True
13280;2;4;2;True
13281;6;12;6;True
13282;2;4;2;True
13283;6;12;6;True
13284;4;6;2;True
13285;2;2;0;True
13286;3;6;3;True
13287;5;9;4;True
13288;10;16;6;True
13289;3;6;3;True
13290;7;12;5;True
13291;3;6;3;True
13292;4;9;5;True
13293;12;16;4;True
13294;1;1;0;True
13295;6;12;6;True
13296;6;12;6;True
13297;2;4;2;True
13298;4;9;5;True
13299;6;12;6;True
13300;4;6;2;True
13301;4;9;5;True
13302;4;12;8;True
13303;5;8;3;True
13304;1;1;0;True
13305;5;6;1;True
13306;4;9;5;True
13307;5;12;7;True
13308;4;9;5;True
13309;0;0;0;True
13310;5;9;4;True
13311;5;12;7;True
13312;2;4;2;True
13313;4;9;5;True
13314;3;6;3;True
13315;2;4;2;True
13316;1;1;0;True
13317;0;0;0;True
13318;5;9;4;True
13319;5;12;7;True
13320;1;1;0;True
13321;7;16;9;True
13322;5;12;7;True
13323;1;1;0;True
13324;6;12;6;True
13325;7;16;9;True
13326;6;16;10;True
13327;2;4;2;True
13328;2;4;2;True
13329;3;6;3;True
13330;1;1;0;True
13331;5;6;1;True
13332;2;2;0;True
13333;3;6;3;True
13334;4;9;5;True
13335;6;16;10;True
13336;2;2;0;True
13337;1;1;0;True
13338;6;16;10;True
13339;4;9;5;True
13340;2;2;0;True
13341;5;9;4;True
13342;5;9;4;True
13343;5;9;4;True
13344;3;6;3;True
13345;5;9;4;True
13346;5;9;4;True
13347;4;8;4;True
13348;1;1;0;True
13349;8;16;8;True
13350;3;3;0;True
13351;0;0;0;True
13352;3;9;6;True
13353;8;12;4;True
13354;4;6;2;True
13355;2;2;0;True
13356;1;1;0;True
13357;3;9;6;True
13358;5;9;4;True
13359;5;8;3;True
13360;2;4;2;True
13361;9;16;7;True
13362;6;12;6;True
13363;4;6;2;True
13364;3;6;3;True
13365;4;9;5;True
13366;5;9;4;True
13367;5;8;3;True
13368;6;12;6;True
13369;5;9;4;True
13370;2;4;2;True
13371;7;16;9;True
13372;9;16;7;True
13373;4;9;5;True
13374;3;6;3;True
13375;3;4;1;True
13376;0;0;0;True
13377;1;1;0;True
13378;4;8;4;True
13379;3;6;3;True
13380;7;12;5;True
13381;5;9;4;True
13382;8;16;8;True
13383;1;1;0;True
13384;3;6;3;True
13385;1;1;0;True
13386;6;12;6;True
13387;2;4;2;True
13388;2;4;2;True
13389;1;1;0;True
13390;2;4;2;True
13391;6;8;2;True
13392;2;4;2;True
13393;8;16;8;True
13394;4;6;2;True
13395;5;12;7;True
13396;3;6;3;True
13397;0;0;0;True
13398;4;9;5;True
13399;3;4;1;True
13400;1;1;0;True
13401;4;9;5;True
13402;1;1;0;True
13403;3;9;6;True
13404;6;12;6;True
13405;0;0;0;True
13406;4;12;8;True
13407;4;9;5;True
13408;2;2;0;True
13409;0;0;0;True
13410;1;1;0;True
13411;3;3;0;True
13412;4;9;5;True
13413;10;16;6;True
13414;5;9;4;True
13415;6;9;3;True
13416;0;0;0;True
13417;7;16;9;True
13418;3;6;3;True
13419;1;1;0;True
13420;2;4;2;True
13421;5;12;7;True
13422;3;6;3;True
13423;1;1;0;True
13424;2;4;2;True
13425;5;16;11;True
13426;3;6;3;True
13427;1;1;0;True
13428;7;12;5;True
13429;0;0;0;True
13430;4;12;8;True
13431;0;0;0;True
13432;5;9;4;True
13433;1;1;0;True
13434;4;4;0;True
13435;6;16;10;True
13436;3;9;6;True
13437;5;9;4;True
13438;3;6;3;True
13439;5;12;7;True
13440;4;6;2;True
13441;4;9;5;True
13442;7;12;5;True
13443;3;4;1;True
13444;9;16;7;True
13445;3;6;3;True
13446;5;9;4;True
13447;7;12;5;True
13448;5;8;3;True
13449;6;16;10;True
13450;5;9;4;True
13451;3;4;1;True
13452;1;1;0;True
13453;7;9;2;True
13454;3;6;3;True
13455;5;9;4;True
13456;7;12;5;True
13457;2;4;2;True
13458;6;12;6;True
13459;3;4;1;True
13460;2;4;2;True
13461;4;9;5;True
13462;4;6;2;True
13463;3;9;6;True
13464;2;4;2;True
13465;7;16;9;True
13466;1;1;0;True
13467;5;9;4;True
13468;3;6;3;True
13469;2;4;2;True
13470;6;12;6;True
13471;7;12;5;True
13472;3;6;3;True
13473;1;1;0;True
13474;5;12;7;True
13475;2;2;0;True
13476;9;16;7;True
13477;2;4;2;True
13478;5;12;7;True
13479;1;1;0;True
13480;10;16;6;True
13481;2;4;2;True
13482;3;9;6;True
13483;0;0;0;True
13484;6;12;6;True
13485;1;1;0;True
13486;3;6;3;True
13487;9;16;7;True
13488;1;1;0;True
13489;2;4;2;True
13490;4;9;5;True
13491;5;8;3;True
13492;1;1;0;True
13493;5;9;4;True
13494;2;4;2;True
13495;2;4;2;True
13496;1;1;0;True
13497;2;2;0;True
13498;4;8;4;True
13499;3;4;1;True
13500;7;12;5;True
13501;8;16;8;True
13502;3;4;1;True
13503;3;4;1;True
13504;5;9;4;True
13505;0;0;0;True
13506;8;16;8;True
13507;5;12;7;True
13508;4;9;5;True
13509;4;12;8;True
13510;1;1;0;True
13511;0;0;0;True
13512;4;9;5;True
13513;6;9;3;True
13514;3;4;1;True
13515;1;1;0;True
13516;4;12;8;True
13517;3;6;3;True
13518;2;2;0;True
13519;3;4;1;True
13520;2;4;2;True
13521;6;12;6;True
13522;4;6;2;True
13523;4;6;2;True
13524;4;8;4;True
13525;4;8;4;True
13526;3;4;1;True
13527;2;2;0;True
13528;4;8;4;True
13529;1;1;0;True
13530;4;9;5;True
13531;3;6;3;True
13532;1;1;0;True
13533;3;4;1;True
13534;5;9;4;True
13535;6;9;3;True
13536;4;9;5;True
13537;2;4;2;True
13538;6;9;3;True
13539;1;1;0;True
13540;0;0;0;True
13541;3;6;3;True
13542;5;9;4;True
13543;2;4;2;True
13544;4;9;5;True
13545;7;12;5;True
13546;3;6;3;True
13547;2;2;0;True
13548;5;9;4;True
13549;1;1;0;True
13550;5;9;4;True
13551;8;16;8;True
13552;3;6;3;True
13553;4;9;5;True
13554;5;12;7;True
13555;4;9;5;True
13556;3;9;6;True
13557;3;4;1;True
13558;2;4;2;True
13559;3;6;3;True
13560;2;4;2;True
13561;1;1;0;True
13562;2;2;0;True
13563;3;6;3;True
13564;5;12;7;True
13565;1;1;0;True
13566;4;9;5;True
13567;4;6;2;True
13568;2;4;2;True
13569;8;9;1;True
13570;3;6;3;True
13571;1;1;0;True
13572;3;6;3;True
13573;2;4;2;True
13574;7;16;9;True
13575;1;1;0;True
13576;3;4;1;True
13577;5;16;11;True
13578;3;6;3;True
13579;3;9;6;True
13580;3;6;3;True
13581;2;2;0;True
13582;1;1;0;True
13583;8;16;8;True
13584;3;9;6;True
13585;3;6;3;True
13586;0;0;0;True
13587;1;1;0;True
13588;3;6;3;True
13589;1;1;0;True
13590;1;1;0;True
13591;1;1;0;True
13592;2;4;2;True
13593;2;2;0;True
13594;5;9;4;True
13595;6;12;6;True
13596;0;0;0;True
13597;1;1;0;True
13598;1;1;0;True
13599;5;16;11;True
13600;4;9;5;True
13601;6;12;6;True
13602;3;9;6;True
13603;5;12;7;True
13604;5;12;7;True
13605;4;9;5;True
13606;4;6;2;True
13607;5;16;11;True
13608;4;16;12;True
13609;3;6;3;True
13610;2;4;2;True
13611;2;2;0;True
13612;7;12;5;True
13613;9;16;7;True
13614;6;12;6;True
13615;4;4;0;True
13616;4;8;4;True
13617;5;6;1;True
13618;8;12;4;True
13619;10;16;6;True
13620;3;4;1;True
13621;4;12;8;True
13622;5;6;1;True
13623;2;4;2;True
13624;1;1;0;True
13625;0;0;0;True
13626;2;4;2;True
13627;4;6;2;True
13628;4;9;5;True
13629;1;1;0;True
13630;2;2;0;True
13631;5;9;4;True
13632;4;9;5;True
13633;2;2;0;True
13634;3;3;0;True
13635;1;1;0;True
13636;4;8;4;True
13637;0;0;0;True
13638;1;1;0;True
13639;6;9;3;True
13640;6;16;10;True
13641;6;12;6;True
13642;7;12;5;True
13643;4;9;5;True
13644;4;6;2;True
13645;3;6;3;True
13646;8;16;8;True
13647;9;16;7;True
13648;7;9;2;True
13649;0;0;0;True
13650;1;1;0;True
13651;6;12;6;True
13652;2;2;0;True
13653;3;6;3;True
13654;8;16;8;True
13655;5;8;3;True
13656;8;16;8;True
13657;4;6;2;True
13658;4;12;8;True
13659;4;8;4;True
13660;4;12;8;True
13661;2;2;0;True
13662;3;6;3;True
13663;1;1;0;True
13664;6;8;2;True
13665;3;6;3;True
13666;1;1;0;True
13667;3;6;3;True
13668;3;6;3;True
13669;5;9;4;True
13670;7;12;5;True
13671;5;12;7;True
13672;4;12;8;True
13673;5;9;4;True
13674;1;1;0;True
13675;3;6;3;True
13676;4;12;8;True
13677;0;0;0;True
13678;8;16;8;True
13679;1;1;0;True
13680;2;2;0;True
13681;2;2;0;True
13682;0;0;0;True
13683;4;6;2;True
13684;4;9;5;True
13685;1;1;0;True
13686;1;1;0;True
13687;1;1;0;True
13688;5;6;1;True
13689;2;2;0;True
13690;2;4;2;True
13691;10;16;6;True
13692;4;6;2;True
13693;0;0;0;True
13694;9;16;7;True
13695;2;4;2;True
13696;8;12;4;True
13697;3;3;0;True
13698;2;2;0;True
13699;4;6;2;True
13700;3;9;6;True
13701;2;4;2;True
13702;3;6;3;True
13703;7;16;9;True
13704;0;0;0;True
13705;5;9;4;True
13706;2;2;0;True
13707;1;1;0;True
13708;4;9;5;True
13709;8;16;8;True
13710;4;8;4;True
13711;2;4;2;True
13712;2;2;0;True
13713;0;0;0;True
13714;4;9;5;True
13715;2;2;0;True
13716;4;12;8;True
13717;2;4;2;True
13718;3;9;6;True
13719;2;4;2;True
13720;0;0;0;True
13721;2;2;0;True
13722;0;0;0;True
13723;4;12;8;True
13724;1;1;0;True
13725;0;0;0;True
13726;1;1;0;True
13727;5;9;4;True
13728;6;9;3;True
13729;4;12;8;True
13730;2;2;0;True
13731;4;9;5;True
13732;4;6;2;True
13733;7;16;9;True
13734;4;16;12;True
13735;1;1;0;True
13736;4;6;2;True
13737;4;9;5;True
13738;3;6;3;True
13739;3;6;3;True
13740;3;3;0;True
13741;7;16;9;True
13742;4;8;4;True
13743;2;4;2;True
13744;6;16;10;True
13745;8;16;8;True
13746;5;9;4;True
13747;2;2;0;True
13748;3;4;1;True
13749;4;6;2;True
13750;0;0;0;True
13751;10;16;6;True
13752;1;1;0;True
13753;1;1;0;True
13754;5;9;4;True
13755;5;12;7;True
13756;7;16;9;True
13757;6;12;6;True
13758;2;4;2;True
13759;5;9;4;True
13760;5;9;4;True
13761;2;4;2;True
13762;1;1;0;True
13763;3;4;1;True
13764;1;1;0;True
13765;0;0;0;True
13766;0;0;0;True
13767;3;4;1;True
13768;10;16;6;True
13769;5;12;7;True
13770;3;6;3;True
13771;2;2;0;True
13772;2;4;2;True
13773;1;1;0;True
13774;2;4;2;True
13775;6;9;3;True
13776;5;9;4;True
13777;5;6;1;True
13778;4;6;2;True
13779;9;12;3;True
13780;7;16;9;True
13781;7;12;5;True
13782;2;2;0;True
13783;1;1;0;True
13784;3;4;1;True
13785;8;12;4;True
13786;5;6;1;True
13787;1;1;0;True
13788;6;16;10;True
13789;4;9;5;True
13790;1;1;0;True
13791;5;9;4;True
13792;4;6;2;True
13793;4;6;2;True
13794;2;2;0;True
13795;5;12;7;True
13796;4;6;2;True
13797;3;4;1;True
13798;1;1;0;True
13799;10;16;6;True
13800;0;0;0;True
13801;4;6;2;True
13802;5;12;7;True
13803;6;16;10;True
13804;2;4;2;True
13805;4;9;5;True
13806;3;6;3;True
13807;6;12;6;True
13808;4;16;12;True
13809;4;9;5;True
13810;4;12;8;True
13811;9;16;7;True
13812;5;8;3;True
13813;9;16;7;True
13814;7;12;5;True
13815;6;16;10;True
13816;4;4;0;True
13817;5;12;7;True
13818;4;9;5;True
13819;0;0;0;True
13820;5;12;7;True
13821;0;0;0;True
13822;5;9;4;True
13823;2;4;2;True
13824;6;16;10;True
13825;3;4;1;True
13826;5;9;4;True
13827;7;12;5;True
13828;4;12;8;True
13829;0;0;0;True
13830;2;4;2;True
13831;4;12;8;True
13832;2;2;0;True
13833;4;12;8;True
13834;3;6;3;True
13835;6;12;6;True
13836;10;16;6;True
13837;6;12;6;True
13838;1;1;0;True
13839;8;16;8;True
13840;5;16;11;True
13841;0;0;0;True
13842;8;16;8;True
13843;3;6;3;True
13844;2;4;2;True
13845;4;9;5;True
13846;1;1;0;True
13847;4;6;2;True
13848;5;12;7;True
13849;3;4;1;True
13850;3;4;1;True
13851;7;16;9;True
13852;5;9;4;True
13853;3;6;3;True
13854;8;16;8;True
13855;4;16;12;True
13856;4;4;0;True
13857;3;6;3;True
13858;3;4;1;True
13859;3;3;0;True
13860;5;9;4;True
13861;0;0;0;True
13862;5;9;4;True
13863;4;6;2;True
13864;0;0;0;True
13865;2;2;0;True
13866;5;8;3;True
13867;0;0;0;True
13868;4;12;8;True
13869;3;4;1;True
13870;5;9;4;True
13871;4;8;4;True
13872;10;16;6;True
13873;0;0;0;True
13874;2;2;0;True
13875;4;12;8;True
13876;6;6;0;True
13877;1;1;0;True
13878;2;4;2;True
13879;8;16;8;True
13880;4;9;5;True
13881;5;12;7;True
13882;0;0;0;True
13883;5;12;7;True
13884;9;16;7;True
13885;8;16;8;True
13886;2;4;2;True
13887;5;16;11;True
13888;7;16;9;True
13889;0;0;0;True
13890;8;16;8;True
13891;3;9;6;True
13892;1;1;0;True
13893;4;9;5;True
13894;1;1;0;True
13895;0;0;0;True
13896;0;0;0;True
13897;2;4;2;True
13898;1;1;0;True
13899;2;2;0;True
13900;5;16;11;True
13901;2;4;2;True
13902;0;0;0;True
13903;2;4;2;True
13904;1;1;0;True
13905;0;0;0;True
13906;4;12;8;True
13907;1;1;0;True
13908;3;4;1;True
13909;1;1;0;True
13910;2;4;2;True
13911;4;8;4;True
13912;0;0;0;True
13913;3;6;3;True
13914;1;1;0;True
13915;3;9;6;True
13916;7;16;9;True
13917;3;9;6;True
13918;4;6;2;True
13919;0;0;0;True
13920;1;1;0;True
13921;0;0;0;True
13922;4;9;5;True
13923;5;12;7;True
13924;1;1;0;True
13925;5;16;11;True
13926;2;4;2;True
13927;5;9;4;True
13928;1;1;0;True
13929;3;4;1;True
13930;4;6;2;True
13931;3;6;3;True
13932;6;9;3;True
13933;5;9;4;True
13934;4;9;5;True
13935;2;2;0;True
13936;5;9;4;True
13937;2;2;0;True
13938;8;16;8;True
13939;3;9;6;True
13940;6;8;2;True
13941;6;16;10;True
13942;1;1;0;True
13943;5;8;3;True
13944;2;4;2;True
13945;0;0;0;True
13946;3;6;3;True
13947;5;8;3;True
13948;1;1;0;True
13949;3;6;3;True
13950;4;9;5;True
13951;0;0;0;True
13952;2;4;2;True
13953;2;2;0;True
13954;4;6;2;True
13955;3;6;3;True
13956;0;0;0;True
13957;3;6;3;True
13958;2;2;0;True
13959;9;16;7;True
13960;1;1;0;True
13961;2;2;0;True
13962;7;16;9;True
13963;2;4;2;True
13964;0;0;0;True
13965;10;16;6;True
13966;2;2;0;True
13967;0;0;0;True
13968;0;0;0;True
13969;7;16;9;True
13970;6;16;10;True
13971;5;12;7;True
13972;1;1;0;True
13973;4;9;5;True
13974;4;8;4;True
13975;1;1;0;True
13976;6;9;3;True
13977;1;1;0;True
13978;5;12;7;True
13979;5;12;7;True
13980;5;12;7;True
13981;2;2;0;True
13982;6;12;6;True
13983;0;0;0;True
13984;2;2;0;True
13985;6;16;10;True
13986;8;12;4;True
13987;2;4;2;True
13988;8;16;8;True
13989;2;2;0;True
13990;2;2;0;True
13991;0;0;0;True
13992;3;3;0;True
13993;7;12;5;True
13994;1;1;0;True
13995;3;6;3;True
13996;5;9;4;True
13997;4;9;5;True
13998;5;8;3;True
13999;5;16;11;True
14000;0;0;0;True
14001;2;2;0;True
14002;4;9;5;True
14003;7;16;9;True
14004;1;1;0;True
14005;1;1;0;True
14006;2;2;0;True
14007;2;2;0;True
14008;5;9;4;True
14009;1;1;0;True
14010;4;12;8;True
14011;9;16;7;True
14012;2;2;0;True
14013;1;1;0;True
14014;0;0;0;True
14015;3;6;3;True
14016;3;6;3;True
14017;2;4;2;True
14018;3;9;6;True
14019;5;12;7;True
14020;5;8;3;True
14021;5;12;7;True
14022;4;9;5;True
14023;11;16;5;True
14024;3;6;3;True
14025;2;2;0;True
14026;2;2;0;True
14027;2;4;2;True
14028;2;2;0;True
14029;1;1;0;True
14030;3;6;3;True
14031;0;0;0;True
14032;6;12;6;True
14033;7;12;5;True
14034;8;16;8;True
14035;2;4;2;True
14036;2;2;0;True
14037;9;16;7;True
14038;0;0;0;True
14039;9;16;7;True
14040;1;1;0;True
14041;1;1;0;True
14042;5;9;4;True
14043;5;12;7;True
14044;1;1;0;True
14045;5;9;4;True
14046;3;6;3;True
14047;2;4;2;True
14048;3;6;3;True
14049;0;0;0;True
14050;4;12;8;True
14051;2;2;0;True
14052;0;0;0;True
14053;2;4;2;True
14054;2;4;2;True
14055;8;16;8;True
14056;3;4;1;True
14057;3;3;0;True
14058;5;9;4;True
14059;5;6;1;True
14060;5;16;11;True
14061;3;4;1;True
14062;1;1;0;True
14063;4;9;5;True
14064;1;1;0;True
14065;8;16;8;True
14066;4;12;8;True
14067;4;6;2;True
14068;6;16;10;True
14069;2;2;0;True
14070;6;16;10;True
14071;3;9;6;True
14072;1;1;0;True
14073;4;9;5;True
14074;1;1;0;True
14075;2;4;2;True
14076;3;9;6;True
14077;6;16;10;True
14078;1;1;0;True
14079;7;16;9;True
14080;5;12;7;True
14081;7;16;9;True
14082;8;16;8;True
14083;3;9;6;True
14084;2;4;2;True
14085;2;2;0;True
14086;3;4;1;True
14087;2;4;2;True
14088;0;0;0;True
14089;6;16;10;True
14090;5;12;7;True
14091;2;2;0;True
14092;5;16;11;True
14093;5;12;7;True
14094;1;1;0;True
14095;1;1;0;True
14096;5;12;7;True
14097;5;16;11;True
14098;10;16;6;True
14099;3;4;1;True
14100;7;12;5;True
14101;3;4;1;True
14102;0;0;0;True
14103;3;6;3;True
14104;6;12;6;True
14105;6;16;10;True
14106;6;12;6;True
14107;5;8;3;True
14108;5;12;7;True
14109;3;4;1;True
14110;7;16;9;True
14111;0;0;0;True
14112;3;4;1;True
14113;3;6;3;True
14114;2;2;0;True
14115;8;12;4;True
14116;2;2;0;True
14117;4;9;5;True
14118;6;9;3;True
14119;0;0;0;True
14120;0;0;0;True
14121;2;4;2;True
14122;3;6;3;True
14123;2;4;2;True
14124;6;16;10;True
14125;6;12;6;True
14126;3;6;3;True
14127;3;4;1;True
14128;0;0;0;True
14129;3;4;1;True
14130;7;16;9;True
14131;2;2;0;True
14132;6;12;6;True
14133;2;4;2;True
14134;4;6;2;True
14135;3;4;1;True
14136;2;4;2;True
14137;6;12;6;True
14138;6;12;6;True
14139;2;4;2;True
14140;2;4;2;True
14141;7;16;9;True
14142;3;3;0;True
14143;2;2;0;True
14144;6;16;10;True
14145;5;12;7;True
14146;1;1;0;True
14147;6;16;10;True
14148;1;1;0;True
14149;4;9;5;True
14150;0;0;0;True
14151;0;0;0;True
14152;6;16;10;True
14153;0;0;0;True
14154;3;6;3;True
14155;1;1;0;True
14156;5;12;7;True
14157;1;1;0;True
14158;2;4;2;True
14159;5;12;7;True
14160;8;16;8;True
14161;3;9;6;True
14162;6;12;6;True
14163;2;4;2;True
14164;3;6;3;True
14165;0;0;0;True
14166;0;0;0;True
14167;8;16;8;True
14168;2;4;2;True
14169;4;12;8;True
14170;1;1;0;True
14171;5;9;4;True
14172;9;16;7;True
14173;5;8;3;True
14174;5;9;4;True
14175;1;1;0;True
14176;2;4;2;True
14177;3;6;3;True
14178;7;16;9;True
14179;6;16;10;True
14180;7;16;9;True
14181;4;9;5;True
14182;5;12;7;True
14183;2;2;0;True
14184;4;9;5;True
14185;3;4;1;True
14186;5;12;7;True
14187;0;0;0;True
14188;0;0;0;True
14189;2;4;2;True
14190;1;1;0;True
14191;3;6;3;True
14192;3;9;6;True
14193;8;12;4;True
14194;1;1;0;True
14195;4;6;2;True
14196;9;12;3;True
14197;4;12;8;True
14198;5;9;4;True
14199;1;1;0;True
14200;4;8;4;True
14201;0;0;0;True
14202;3;9;6;True
14203;4;12;8;True
14204;2;4;2;True
14205;0;0;0;True
14206;4;9;5;True
14207;5;16;11;True
14208;1;1;0;True
14209;4;9;5;True
14210;2;4;2;True
14211;5;12;7;True
14212;4;9;5;True
14213;8;16;8;True
14214;4;6;2;True
14215;3;6;3;True
14216;1;1;0;True
14217;1;1;0;True
14218;1;1;0;True
14219;1;1;0;True
14220;1;1;0;True
14221;3;6;3;True
14222;4;9;5;True
14223;3;3;0;True
14224;4;6;2;True
14225;5;12;7;True
14226;0;0;0;True
14227;6;12;6;True
14228;3;9;6;True
14229;3;4;1;True
14230;5;6;1;True
14231;2;4;2;True
14232;2;4;2;True
14233;0;0;0;True
14234;4;6;2;True
14235;4;6;2;True
14236;7;16;9;True
14237;0;0;0;True
14238;8;12;4;True
14239;5;9;4;True
14240;1;1;0;True
14241;0;0;0;True
14242;0;0;0;True
14243;1;1;0;True
14244;2;4;2;True
14245;6;12;6;True
14246;1;1;0;True
14247;5;6;1;True
14248;3;4;1;True
14249;5;6;1;True
14250;2;2;0;True
14251;6;9;3;True
14252;2;2;0;True
14253;5;8;3;True
14254;5;9;4;True
14255;5;9;4;True
14256;11;16;5;True
14257;0;0;0;True
14258;9;12;3;True
14259;4;6;2;True
14260;3;6;3;True
14261;2;4;2;True
14262;3;6;3;True
14263;1;1;0;True
14264;1;1;0;True
14265;4;6;2;True
14266;2;4;2;True
14267;6;16;10;True
14268;5;12;7;True
14269;3;6;3;True
14270;2;4;2;True
14271;3;6;3;True
14272;5;9;4;True
14273;2;4;2;True
14274;3;9;6;True
14275;0;0;0;True
14276;5;8;3;True
14277;4;9;5;True
14278;2;2;0;True
14279;0;0;0;True
14280;5;16;11;True
14281;2;2;0;True
14282;1;1;0;True
14283;4;6;2;True
14284;4;9;5;True
14285;2;4;2;True
14286;1;1;0;True
14287;2;4;2;True
14288;3;6;3;True
14289;4;8;4;True
14290;7;16;9;True
14291;6;12;6;True
14292;4;6;2;True
14293;0;0;0;True
14294;0;0;0;True
14295;6;12;6;True
14296;4;9;5;True
14297;1;1;0;True
14298;3;6;3;True
14299;2;4;2;True
14300;0;0;0;True
14301;5;12;7;True
14302;3;6;3;True
14303;2;4;2;True
14304;2;2;0;True
14305;4;9;5;True
14306;4;4;0;True
14307;0;0;0;True
14308;2;4;2;True
14309;7;16;9;True
14310;3;6;3;True
14311;0;0;0;True
14312;1;1;0;True
14313;0;0;0;True
14314;4;9;5;True
14315;3;9;6;True
14316;4;12;8;True
14317;8;16;8;True
14318;1;1;0;True
14319;5;6;1;True
14320;9;16;7;True
14321;1;1;0;True
14322;3;9;6;True
14323;7;12;5;True
14324;7;12;5;True
14325;4;9;5;True
14326;4;6;2;True
14327;0;0;0;True
14328;5;12;7;True
14329;3;9;6;True
14330;5;12;7;True
14331;2;4;2;True
14332;2;2;0;True
14333;2;2;0;True
14334;1;1;0;True
14335;4;9;5;True
14336;5;6;1;True
14337;3;9;6;True
14338;3;9;6;True
14339;2;4;2;True
14340;0;0;0;True
14341;6;12;6;True
14342;2;4;2;True
14343;3;4;1;True
14344;2;4;2;True
14345;6;12;6;True
14346;6;9;3;True
14347;4;6;2;True
14348;4;12;8;True
14349;3;6;3;True
14350;1;1;0;True
14351;3;9;6;True
14352;3;4;1;True
14353;8;16;8;True
14354;3;6;3;True
14355;6;9;3;True
14356;2;4;2;True
14357;4;9;5;True
14358;4;9;5;True
14359;0;0;0;True
14360;1;1;0;True
14361;4;9;5;True
14362;1;1;0;True
14363;6;12;6;True
14364;4;6;2;True
14365;6;12;6;True
14366;2;4;2;True
14367;3;4;1;True
14368;1;1;0;True
14369;4;12;8;True
14370;5;12;7;True
14371;4;9;5;True
14372;1;1;0;True
14373;0;0;0;True
14374;7;12;5;True
14375;4;6;2;True
14376;7;12;5;True
14377;3;9;6;True
14378;4;9;5;True
14379;1;1;0;True
14380;7;16;9;True
14381;2;2;0;True
14382;3;6;3;True
14383;6;12;6;True
14384;5;9;4;True
14385;1;1;0;True
14386;5;12;7;True
14387;1;1;0;True
14388;7;16;9;True
14389;5;8;3;True
14390;3;6;3;True
14391;3;6;3;True
14392;2;2;0;True
14393;3;6;3;True
14394;0;0;0;True
14395;8;16;8;True
14396;3;6;3;True
14397;2;4;2;True
14398;3;4;1;True
14399;6;12;6;True
14400;6;16;10;True
14401;3;6;3;True
14402;1;1;0;True
14403;7;16;9;True
14404;7;16;9;True
14405;3;3;0;True
14406;5;6;1;True
14407;2;2;0;True
14408;4;9;5;True
14409;4;6;2;True
14410;1;1;0;True
14411;7;16;9;True
14412;0;0;0;True
14413;9;12;3;True
14414;4;9;5;True
14415;4;6;2;True
14416;1;1;0;True
14417;4;6;2;True
14418;4;9;5;True
14419;3;6;3;True
14420;7;8;1;True
14421;3;6;3;True
14422;0;0;0;True
14423;4;6;2;True
14424;0;0;0;True
14425;3;6;3;True
14426;5;12;7;True
14427;9;16;7;True
14428;5;9;4;True
14429;7;16;9;True
14430;2;4;2;True
14431;3;4;1;True
14432;6;12;6;True
14433;3;6;3;True
14434;5;12;7;True
14435;2;4;2;True
14436;2;4;2;True
14437;4;6;2;True
14438;7;16;9;True
14439;5;12;7;True
14440;0;0;0;True
14441;4;12;8;True
14442;0;0;0;True
14443;4;12;8;True
14444;8;16;8;True
14445;6;12;6;True
14446;5;9;4;True
14447;7;16;9;True
14448;4;8;4;True
14449;0;0;0;True
14450;1;1;0;True
14451;3;6;3;True
14452;2;4;2;True
14453;4;12;8;True
14454;3;6;3;True
14455;5;12;7;True
14456;2;4;2;True
14457;4;8;4;True
14458;3;4;1;True
14459;1;1;0;True
14460;3;6;3;True
14461;5;12;7;True
14462;6;12;6;True
14463;6;16;10;True
14464;2;2;0;True
14465;6;16;10;True
14466;2;4;2;True
14467;5;12;7;True
14468;2;4;2;True
14469;0;0;0;True
14470;1;1;0;True
14471;7;12;5;True
14472;2;2;0;True
14473;8;16;8;True
14474;11;16;5;True
14475;5;9;4;True
14476;3;9;6;True
14477;7;16;9;True
14478;1;1;0;True
14479;2;2;0;True
14480;2;4;2;True
14481;6;12;6;True
14482;7;9;2;True
14483;0;0;0;True
14484;3;6;3;True
14485;2;2;0;True
14486;6;9;3;True
14487;3;4;1;True
14488;4;9;5;True
14489;6;16;10;True
14490;2;4;2;True
14491;3;9;6;True
14492;3;3;0;True
14493;1;1;0;True
14494;4;6;2;True
14495;2;4;2;True
14496;3;6;3;True
14497;3;6;3;True
14498;5;8;3;True
14499;1;1;0;True
14500;1;1;0;True
14501;3;6;3;True
14502;1;1;0;True
14503;7;9;2;True
14504;7;12;5;True
14505;6;12;6;True
14506;3;6;3;True
14507;2;4;2;True
14508;4;9;5;True
14509;3;4;1;True
14510;1;1;0;True
14511;3;3;0;True
14512;6;16;10;True
14513;1;1;0;True
14514;3;6;3;True
14515;6;16;10;True
14516;1;1;0;True
14517;0;0;0;True
14518;1;1;0;True
14519;5;12;7;True
14520;6;12;6;True
14521;7;12;5;True
14522;4;8;4;True
14523;6;12;6;True
14524;2;4;2;True
14525;4;9;5;True
14526;2;4;2;True
14527;3;9;6;True
14528;5;9;4;True
14529;4;9;5;True
14530;5;12;7;True
14531;0;0;0;True
14532;4;6;2;True
14533;5;12;7;True
14534;5;12;7;True
14535;4;9;5;True
14536;5;12;7;True
14537;2;4;2;True
14538;5;16;11;True
14539;1;1;0;True
14540;2;2;0;True
14541;4;9;5;True
14542;9;16;7;True
14543;1;1;0;True
14544;4;6;2;True
14545;4;9;5;True
14546;2;2;0;True
14547;3;4;1;True
14548;4;12;8;True
14549;5;12;7;True
14550;3;6;3;True
14551;7;12;5;True
14552;4;6;2;True
14553;2;4;2;True
14554;1;1;0;True
14555;8;16;8;True
14556;7;16;9;True
14557;8;16;8;True
14558;4;6;2;True
14559;3;9;6;True
14560;3;6;3;True
14561;3;6;3;True
14562;3;6;3;True
14563;2;2;0;True
14564;7;12;5;True
14565;4;6;2;True
14566;2;2;0;True
14567;2;2;0;True
14568;3;6;3;True
14569;7;16;9;True
14570;3;9;6;True
14571;7;16;9;True
14572;1;1;0;True
14573;0;0;0;True
14574;0;0;0;True
14575;2;2;0;True
14576;1;1;0;True
14577;0;0;0;True
14578;5;16;11;True
14579;1;1;0;True
14580;3;6;3;True
14581;2;4;2;True
14582;6;12;6;True
14583;1;1;0;True
14584;5;9;4;True
14585;5;9;4;True
14586;0;0;0;True
14587;4;9;5;True
14588;5;9;4;True
14589;6;12;6;True
14590;5;9;4;True
14591;5;12;7;True
14592;1;1;0;True
14593;6;16;10;True
14594;3;4;1;True
14595;7;16;9;True
14596;5;9;4;True
14597;2;4;2;True
14598;5;9;4;True
14599;5;12;7;True
14600;2;4;2;True
14601;4;6;2;True
14602;4;6;2;True
14603;2;4;2;True
14604;1;1;0;True
14605;10;16;6;True
14606;1;1;0;True
14607;1;1;0;True
14608;2;2;0;True
14609;4;8;4;True
14610;2;2;0;True
14611;2;2;0;True
14612;5;16;11;True
14613;1;1;0;True
14614;4;6;2;True
14615;9;16;7;True
14616;5;12;7;True
14617;6;12;6;True
14618;3;4;1;True
14619;5;9;4;True
14620;4;9;5;True
14621;4;12;8;True
14622;6;12;6;True
14623;3;6;3;True
14624;4;9;5;True
14625;5;6;1;True
14626;2;2;0;True
14627;6;12;6;True
14628;5;12;7;True
14629;3;3;0;True
14630;3;6;3;True
14631;4;9;5;True
14632;2;4;2;True
14633;2;2;0;True
14634;0;0;0;True
14635;4;9;5;True
14636;6;9;3;True
14637;7;16;9;True
14638;4;9;5;True
14639;4;12;8;True
14640;1;1;0;True
14641;6;9;3;True
14642;3;6;3;True
14643;2;4;2;True
14644;3;6;3;True
14645;4;6;2;True
14646;1;1;0;True
14647;2;4;2;True
14648;6;12;6;True
14649;2;4;2;True
14650;1;1;0;True
14651;0;0;0;True
14652;4;12;8;True
14653;3;4;1;True
14654;1;1;0;True
14655;2;2;0;True
14656;2;2;0;True
14657;6;16;10;True
14658;1;1;0;True
14659;2;4;2;True
14660;1;1;0;True
14661;2;4;2;True
14662;5;12;7;True
14663;1;1;0;True
14664;3;6;3;True
14665;6;16;10;True
14666;3;6;3;True
14667;0;0;0;True
14668;2;4;2;True
14669;5;12;7;True
14670;8;12;4;True
14671;1;1;0;True
14672;3;9;6;True
14673;7;16;9;True
14674;1;1;0;True
14675;5;9;4;True
14676;7;12;5;True
14677;7;12;5;True
14678;2;4;2;True
14679;4;9;5;True
14680;5;16;11;True
14681;7;16;9;True
14682;3;9;6;True
14683;1;1;0;True
14684;4;9;5;True
14685;1;1;0;True
14686;6;16;10;True
14687;1;1;0;True
14688;3;6;3;True
14689;4;6;2;True
14690;0;0;0;True
14691;3;9;6;True
14692;2;4;2;True
14693;1;1;0;True
14694;3;6;3;True
14695;2;4;2;True
14696;4;12;8;True
14697;4;9;5;True
14698;3;6;3;True
14699;4;9;5;True
14700;5;9;4;True
14701;2;4;2;True
14702;5;9;4;True
14703;0;0;0;True
14704;5;12;7;True
14705;3;6;3;True
14706;2;2;0;True
14707;0;0;0;True
14708;4;9;5;True
14709;1;1;0;True
14710;4;9;5;True
14711;1;1;0;True
14712;5;9;4;True
14713;4;9;5;True
14714;6;12;6;True
14715;1;1;0;True
14716;1;1;0;True
14717;4;9;5;True
14718;4;8;4;True
14719;3;6;3;True
14720;3;9;6;True
14721;3;9;6;True
14722;6;16;10;True
14723;4;6;2;True
14724;6;16;10;True
14725;2;4;2;True
14726;4;6;2;True
14727;1;1;0;True
14728;7;16;9;True
14729;6;12;6;True
14730;4;8;4;True
14731;4;6;2;True
14732;6;12;6;True
14733;7;12;5;True
14734;7;12;5;True
14735;3;6;3;True
14736;3;9;6;True
14737;5;9;4;True
14738;3;9;6;True
14739;5;9;4;True
14740;4;9;5;True
14741;3;4;1;True
14742;5;6;1;True
14743;4;9;5;True
14744;5;12;7;True
14745;5;9;4;True
14746;3;9;6;True
14747;2;2;0;True
14748;6;16;10;True
14749;6;12;6;True
14750;3;6;3;True
14751;2;4;2;True
14752;2;2;0;True
14753;1;1;0;True
14754;3;4;1;True
14755;2;2;0;True
14756;6;12;6;True
14757;1;1;0;True
14758;5;9;4;True
14759;6;12;6;True
14760;4;9;5;True
14761;7;12;5;True
14762;3;4;1;True
14763;5;8;3;True
14764;5;8;3;True
14765;2;2;0;True
14766;0;0;0;True
14767;3;6;3;True
14768;0;0;0;True
14769;6;12;6;True
14770;2;2;0;True
14771;4;9;5;True
14772;3;9;6;True
14773;2;4;2;True
14774;3;6;3;True
14775;6;12;6;True
14776;4;9;5;True
14777;1;1;0;True
14778;2;4;2;True
14779;7;16;9;True
14780;2;4;2;True
14781;2;4;2;True
14782;7;12;5;True
14783;6;12;6;True
14784;3;4;1;True
14785;5;16;11;True
14786;1;1;0;True
14787;6;12;6;True
14788;0;0;0;True
14789;4;6;2;True
14790;5;12;7;True
14791;1;1;0;True
14792;0;0;0;True
14793;2;2;0;True
14794;3;6;3;True
14795;2;4;2;True
14796;8;16;8;True
14797;1;1;0;True
14798;6;12;6;True
14799;2;2;0;True
14800;2;4;2;True
14801;5;12;7;True
14802;4;9;5;True
14803;9;16;7;True
14804;5;12;7;True
14805;6;16;10;True
14806;3;4;1;True
14807;5;12;7;True
14808;9;16;7;True
14809;7;16;9;True
14810;1;1;0;True
14811;10;16;6;True
14812;7;12;5;True
14813;6;9;3;True
14814;5;9;4;True
14815;0;0;0;True
14816;4;9;5;True
14817;3;3;0;True
14818;6;16;10;True
14819;7;12;5;True
14820;8;16;8;True
14821;1;1;0;True
14822;0;0;0;True
14823;6;8;2;True
14824;5;9;4;True
14825;1;1;0;True
14826;0;0;0;True
14827;5;9;4;True
14828;8;16;8;True
14829;1;1;0;True
14830;2;2;0;True
14831;6;12;6;True
14832;3;4;1;True
14833;8;16;8;True
14834;6;16;10;True
14835;3;4;1;True
14836;3;6;3;True
14837;4;9;5;True
14838;7;16;9;True
14839;0;0;0;True
14840;1;1;0;True
14841;3;4;1;True
14842;1;1;0;True
14843;5;9;4;True
14844;8;12;4;True
14845;6;9;3;True
14846;4;12;8;True
14847;1;1;0;True
14848;3;3;0;True
14849;2;2;0;True
14850;7;12;5;True
14851;3;3;0;True
14852;2;4;2;True
14853;2;4;2;True
14854;3;9;6;True
14855;1;1;0;True
14856;3;3;0;True
14857;3;6;3;True
14858;8;16;8;True
14859;3;9;6;True
14860;3;6;3;True
14861;6;12;6;True
14862;0;0;0;True
14863;0;0;0;True
14864;2;4;2;True
14865;4;9;5;True
14866;6;12;6;True
14867;5;16;11;True
14868;2;4;2;True
14869;2;4;2;True
14870;9;16;7;True
14871;4;6;2;True
14872;5;16;11;True
14873;5;16;11;True
14874;0;0;0;True
14875;3;6;3;True
14876;5;9;4;True
14877;7;16;9;True
14878;4;6;2;True
14879;4;12;8;True
14880;2;4;2;True
14881;0;0;0;True
14882;4;9;5;True
14883;2;4;2;True
14884;7;12;5;True
14885;4;9;5;True
14886;2;2;0;True
14887;9;16;7;True
14888;1;1;0;True
14889;2;4;2;True
14890;2;2;0;True
14891;4;4;0;True
14892;2;2;0;True
14893;3;9;6;True
14894;4;12;8;True
14895;5;16;11;True
14896;5;8;3;True
14897;5;9;4;True
14898;2;2;0;True
14899;1;1;0;True
14900;2;2;0;True
14901;2;2;0;True
14902;2;4;2;True
14903;2;2;0;True
14904;1;1;0;True
14905;1;1;0;True
14906;5;12;7;True
14907;5;9;4;True
14908;6;16;10;True
14909;4;9;5;True
14910;3;6;3;True
14911;4;9;5;True
14912;2;2;0;True
14913;7;12;5;True
14914;4;6;2;True
14915;6;9;3;True
14916;1;1;0;True
14917;4;16;12;True
14918;1;1;0;True
14919;0;0;0;True
14920;3;6;3;True
14921;1;1;0;True
14922;2;2;0;True
14923;2;4;2;True
14924;2;4;2;True
14925;0;0;0;True
14926;5;9;4;True
14927;0;0;0;True
14928;5;9;4;True
14929;1;1;0;True
14930;3;6;3;True
14931;5;9;4;True
14932;1;1;0;True
14933;3;4;1;True
14934;1;1;0;True
14935;4;9;5;True
14936;3;6;3;True
14937;5;12;7;True
14938;1;1;0;True
14939;0;0;0;True
14940;4;8;4;True
14941;5;16;11;True
14942;4;9;5;True
14943;3;4;1;True
14944;1;1;0;True
14945;2;4;2;True
14946;5;9;4;True
14947;3;6;3;True
14948;3;4;1;True
14949;3;6;3;True
14950;4;6;2;True
14951;2;4;2;True
14952;2;2;0;True
14953;0;0;0;True
14954;3;6;3;True
14955;6;8;2;True
14956;0;0;0;True
14957;4;9;5;True
14958;0;0;0;True
14959;3;6;3;True
14960;3;4;1;True
14961;4;9;5;True
14962;1;1;0;True
14963;2;4;2;True
14964;5;12;7;True
14965;1;1;0;True
14966;3;6;3;True
14967;3;6;3;True
14968;1;1;0;True
14969;5;12;7;True
14970;2;2;0;True
14971;0;0;0;True
14972;2;4;2;True
14973;3;3;0;True
14974;4;8;4;True
14975;3;6;3;True
14976;4;12;8;True
14977;2;4;2;True
14978;5;8;3;True
14979;6;8;2;True
14980;1;1;0;True
14981;0;0;0;True
14982;2;4;2;True
14983;7;16;9;True
14984;4;6;2;True
14985;5;12;7;True
14986;1;1;0;True
14987;4;12;8;True
14988;5;12;7;True
14989;1;1;0;True
14990;4;9;5;True
14991;0;0;0;True
14992;3;3;0;True
14993;3;6;3;True
14994;4;9;5;True
14995;2;4;2;True
14996;3;6;3;True
14997;4;9;5;True
14998;4;6;2;True
14999;3;6;3;True
15000;2;4;2;True
15001;7;16;9;True
15002;4;9;5;True
15003;5;9;4;True
15004;6;12;6;True
15005;4;9;5;True
15006;1;1;0;True
15007;3;4;1;True
15008;5;12;7;True
15009;4;9;5;True
15010;5;9;4;True
15011;3;6;3;True
15012;5;12;7;True
15013;1;1;0;True
15014;2;4;2;True
15015;2;4;2;True
15016;4;9;5;True
15017;4;9;5;True
15018;6;16;10;True
15019;3;3;0;True
15020;2;4;2;True
15021;7;16;9;True
15022;3;6;3;True
15023;2;4;2;True
15024;6;9;3;True
15025;4;9;5;True
15026;7;16;9;True
15027;6;9;3;True
15028;8;16;8;True
15029;3;4;1;True
15030;2;2;0;True
15031;1;1;0;True
15032;4;6;2;True
15033;2;2;0;True
15034;4;4;0;True
15035;5;9;4;True
15036;2;4;2;True
15037;4;6;2;True
15038;4;6;2;True
15039;7;12;5;True
15040;4;9;5;True
15041;2;4;2;True
15042;1;1;0;True
15043;9;16;7;True
15044;7;12;5;True
15045;6;12;6;True
15046;4;9;5;True
15047;3;9;6;True
15048;5;12;7;True
15049;5;9;4;True
15050;3;4;1;True
15051;9;16;7;True
15052;1;1;0;True
15053;2;2;0;True
15054;3;6;3;True
15055;7;12;5;True
15056;0;0;0;True
15057;1;1;0;True
15058;3;6;3;True
15059;3;6;3;True
15060;3;3;0;True
15061;0;0;0;True
15062;10;16;6;True
15063;0;0;0;True
15064;7;16;9;True
15065;2;4;2;True
15066;4;4;0;True
15067;2;2;0;True
15068;0;0;0;True
15069;1;1;0;True
15070;9;16;7;True
15071;4;4;0;True
15072;1;1;0;True
15073;3;4;1;True
15074;4;9;5;True
15075;5;12;7;True
15076;3;4;1;True
15077;2;2;0;True
15078;3;9;6;True
15079;2;2;0;True
15080;4;6;2;True
15081;1;1;0;True
15082;7;16;9;True
15083;3;9;6;True
15084;6;16;10;True
15085;5;12;7;True
15086;1;1;0;True
15087;4;8;4;True
15088;3;4;1;True
15089;6;9;3;True
15090;3;4;1;True
15091;1;1;0;True
15092;1;1;0;True
15093;4;12;8;True
15094;4;9;5;True
15095;2;2;0;True
15096;3;6;3;True
15097;6;9;3;True
15098;1;1;0;True
15099;1;1;0;True
15100;2;4;2;True
15101;2;4;2;True
15102;7;9;2;True
15103;4;9;5;True
15104;8;16;8;True
15105;6;12;6;True
15106;1;1;0;True
15107;8;16;8;True
15108;0;0;0;True
15109;1;1;0;True
15110;1;1;0;True
15111;2;2;0;True
15112;1;1;0;True
15113;3;6;3;True
15114;5;9;4;True
15115;2;4;2;True
15116;4;4;0;True
15117;2;2;0;True
15118;1;1;0;True
15119;1;1;0;True
15120;4;12;8;True
15121;0;0;0;True
15122;2;4;2;True
15123;10;16;6;True
15124;2;4;2;True
15125;4;6;2;True
15126;5;12;7;True
15127;2;4;2;True
15128;3;6;3;True
15129;3;6;3;True
15130;5;12;7;True
15131;1;1;0;True
15132;5;12;7;True
15133;2;2;0;True
15134;3;4;1;True
15135;2;4;2;True
15136;2;4;2;True
15137;0;0;0;True
15138;8;12;4;True
15139;2;2;0;True
15140;4;6;2;True
15141;4;8;4;True
15142;1;1;0;True
15143;2;2;0;True
15144;3;6;3;True
15145;1;1;0;True
15146;9;12;3;True
15147;2;4;2;True
15148;6;9;3;True
15149;3;9;6;True
15150;7;9;2;True
15151;2;4;2;True
15152;2;4;2;True
15153;1;1;0;True
15154;2;4;2;True
15155;3;6;3;True
15156;2;4;2;True
15157;3;4;1;True
15158;4;12;8;True
15159;3;4;1;True
15160;1;1;0;True
15161;0;0;0;True
15162;2;2;0;True
15163;1;1;0;True
15164;1;1;0;True
15165;2;4;2;True
15166;5;6;1;True
15167;0;0;0;True
15168;1;1;0;True
15169;6;16;10;True
15170;0;0;0;True
15171;1;1;0;True
15172;9;16;7;True
15173;2;4;2;True
15174;4;6;2;True
15175;3;4;1;True
15176;3;6;3;True
15177;1;1;0;True
15178;1;1;0;True
15179;3;6;3;True
15180;5;9;4;True
15181;3;6;3;True
15182;9;16;7;True
15183;4;12;8;True
15184;6;9;3;True
15185;6;9;3;True
15186;8;12;4;True
15187;2;4;2;True
15188;0;0;0;True
15189;4;6;2;True
15190;4;12;8;True
15191;2;4;2;True
15192;7;16;9;True
15193;6;12;6;True
15194;3;6;3;True
15195;2;2;0;True
15196;6;9;3;True
15197;3;6;3;True
15198;3;6;3;True
15199;4;6;2;True
15200;0;0;0;True
15201;2;2;0;True
15202;9;16;7;True
15203;3;6;3;True
15204;2;4;2;True
15205;6;12;6;True
15206;1;1;0;True
15207;3;9;6;True
15208;2;2;0;True
15209;2;2;0;True
15210;1;1;0;True
15211;9;12;3;True
15212;6;16;10;True
15213;1;1;0;True
15214;8;16;8;True
15215;7;16;9;True
15216;4;9;5;True
15217;3;6;3;True
15218;4;4;0;True
15219;4;9;5;True
15220;4;9;5;True
15221;2;4;2;True
15222;8;16;8;True
15223;3;6;3;True
15224;4;9;5;True
15225;2;2;0;True
15226;7;16;9;True
15227;5;12;7;True
15228;2;4;2;True
15229;0;0;0;True
15230;2;4;2;True
15231;4;9;5;True
15232;3;6;3;True
15233;8;16;8;True
15234;1;1;0;True
15235;1;1;0;True
15236;1;1;0;True
15237;6;12;6;True
15238;3;9;6;True
15239;5;12;7;True
15240;1;1;0;True
15241;0;0;0;True
15242;5;9;4;True
15243;4;9;5;True
15244;7;16;9;True
15245;6;12;6;True
15246;4;9;5;True
15247;3;9;6;True
15248;2;2;0;True
15249;3;6;3;True
15250;5;9;4;True
15251;3;9;6;True
15252;3;6;3;True
15253;5;9;4;True
15254;1;1;0;True
15255;4;9;5;True
15256;5;6;1;True
15257;4;12;8;True
15258;4;6;2;True
15259;2;2;0;True
15260;4;6;2;True
15261;2;2;0;True
15262;7;12;5;True
15263;3;6;3;True
15264;1;1;0;True
15265;2;2;0;True
15266;0;0;0;True
15267;3;9;6;True
15268;10;16;6;True
15269;4;6;2;True
15270;3;4;1;True
15271;6;12;6;True
15272;4;9;5;True
15273;4;6;2;True
15274;7;12;5;True
15275;4;9;5;True
15276;2;4;2;True
15277;5;12;7;True
15278;0;0;0;True
15279;0;0;0;True
15280;2;4;2;True
15281;2;4;2;True
15282;2;2;0;True
15283;6;16;10;True
15284;0;0;0;True
15285;4;6;2;True
15286;7;16;9;True
15287;2;2;0;True
15288;5;12;7;True
15289;2;4;2;True
15290;9;16;7;True
15291;5;9;4;True
15292;6;9;3;True
15293;1;1;0;True
15294;7;12;5;True
15295;3;9;6;True
15296;6;12;6;True
15297;1;1;0;True
15298;7;16;9;True
15299;6;12;6;True
15300;3;6;3;True
15301;2;2;0;True
15302;3;4;1;True
15303;4;6;2;True
15304;5;6;1;True
15305;6;16;10;True
15306;2;2;0;True
15307;4;12;8;True
15308;0;0;0;True
15309;7;12;5;True
15310;1;1;0;True
15311;4;9;5;True
15312;5;8;3;True
15313;5;9;4;True
15314;4;12;8;True
15315;5;12;7;True
15316;3;9;6;True
15317;2;4;2;True
15318;4;9;5;True
15319;3;6;3;True
15320;4;9;5;True
15321;3;6;3;True
15322;2;2;0;True
15323;3;6;3;True
15324;4;6;2;True
15325;2;4;2;True
15326;8;16;8;True
15327;1;1;0;True
15328;2;4;2;True
15329;3;6;3;True
15330;5;16;11;True
15331;4;8;4;True
15332;5;9;4;True
15333;1;1;0;True
15334;3;3;0;True
15335;1;1;0;True
15336;2;4;2;True
15337;6;12;6;True
15338;4;9;5;True
15339;2;4;2;True
15340;6;9;3;True
15341;1;1;0;True
15342;2;4;2;True
15343;7;12;5;True
15344;1;1;0;True
15345;4;6;2;True
15346;0;0;0;True
15347;3;3;0;True
15348;3;6;3;True
15349;6;16;10;True
15350;6;12;6;True
15351;2;2;0;True
15352;3;6;3;True
15353;2;4;2;True
15354;1;1;0;True
15355;1;1;0;True
15356;3;4;1;True
15357;6;9;3;True
15358;6;12;6;True
15359;5;9;4;True
15360;4;9;5;True
15361;6;12;6;True
15362;5;9;4;True
15363;2;4;2;True
15364;1;1;0;True
15365;2;4;2;True
15366;1;1;0;True
15367;5;12;7;True
15368;5;12;7;True
15369;6;8;2;True
15370;2;4;2;True
15371;3;4;1;True
15372;4;6;2;True
15373;3;6;3;True
15374;4;6;2;True
15375;1;1;0;True
15376;1;1;0;True
15377;4;9;5;True
15378;2;2;0;True
15379;4;12;8;True
15380;2;4;2;True
15381;2;2;0;True
15382;6;12;6;True
15383;2;4;2;True
15384;1;1;0;True
15385;3;6;3;True
15386;2;4;2;True
15387;3;6;3;True
15388;6;9;3;True
15389;10;16;6;True
15390;8;12;4;True
15391;5;16;11;True
15392;5;9;4;True
15393;0;0;0;True
15394;7;12;5;True
15395;1;1;0;True
15396;6;12;6;True
15397;5;9;4;True
15398;3;6;3;True
15399;2;4;2;True
15400;7;9;2;True
15401;5;9;4;True
15402;3;4;1;True
15403;1;1;0;True
15404;10;16;6;True
15405;7;16;9;True
15406;6;12;6;True
15407;3;6;3;True
15408;0;0;0;True
15409;5;9;4;True
15410;2;4;2;True
15411;5;12;7;True
15412;3;4;1;True
15413;2;2;0;True
15414;3;6;3;True
15415;6;9;3;True
15416;0;0;0;True
15417;4;8;4;True
15418;2;2;0;True
15419;0;0;0;True
15420;0;0;0;True
15421;6;16;10;True
15422;6;12;6;True
15423;2;4;2;True
15424;6;12;6;True
15425;7;16;9;True
15426;4;6;2;True
15427;8;12;4;True
15428;5;12;7;True
15429;6;9;3;True
15430;0;0;0;True
15431;3;6;3;True
15432;7;12;5;True
15433;5;12;7;True
15434;6;12;6;True
15435;9;16;7;True
15436;1;1;0;True
15437;2;4;2;True
15438;5;16;11;True
15439;1;1;0;True
15440;1;1;0;True
15441;1;1;0;True
15442;5;6;1;True
15443;4;12;8;True
15444;5;9;4;True
15445;3;4;1;True
15446;6;12;6;True
15447;3;6;3;True
15448;4;12;8;True
15449;4;9;5;True
15450;5;12;7;True
15451;5;12;7;True
15452;2;2;0;True
15453;1;1;0;True
15454;2;2;0;True
15455;7;16;9;True
15456;4;6;2;True
15457;4;9;5;True
15458;3;6;3;True
15459;6;12;6;True
15460;5;9;4;True
15461;2;4;2;True
15462;3;6;3;True
15463;2;2;0;True
15464;0;0;0;True
15465;4;6;2;True
15466;4;6;2;True
15467;3;6;3;True
15468;4;9;5;True
15469;3;6;3;True
15470;3;4;1;True
15471;3;6;3;True
15472;1;1;0;True
15473;1;1;0;True
15474;8;12;4;True
15475;6;16;10;True
15476;11;16;5;True
15477;5;9;4;True
15478;10;16;6;True
15479;4;8;4;True
15480;4;9;5;True
15481;7;16;9;True
15482;7;16;9;True
15483;1;1;0;True
15484;4;9;5;True
15485;4;6;2;True
15486;2;4;2;True
15487;4;9;5;True
15488;4;9;5;True
15489;1;1;0;True
15490;0;0;0;True
15491;3;6;3;True
15492;2;2;0;True
15493;1;1;0;True
15494;2;4;2;True
15495;2;2;0;True
15496;3;6;3;True
15497;8;16;8;True
15498;1;1;0;True
15499;4;8;4;True
15500;4;6;2;True
15501;6;12;6;True
15502;10;16;6;True
15503;6;12;6;True
15504;8;16;8;True
15505;5;12;7;True
15506;2;4;2;True
15507;5;12;7;True
15508;3;9;6;True
15509;1;1;0;True
15510;1;1;0;True
15511;5;9;4;True
15512;1;1;0;True
15513;5;8;3;True
15514;1;1;0;True
15515;8;12;4;True
15516;6;12;6;True
15517;2;4;2;True
15518;5;9;4;True
15519;1;1;0;True
15520;3;9;6;True
15521;2;2;0;True
15522;4;9;5;True
15523;4;6;2;True
15524;5;12;7;True
15525;3;6;3;True
15526;3;6;3;True
15527;5;9;4;True
15528;3;6;3;True
15529;4;9;5;True
15530;4;6;2;True
15531;5;9;4;True
15532;4;9;5;True
15533;1;1;0;True
15534;1;1;0;True
15535;2;4;2;True
15536;6;12;6;True
15537;5;9;4;True
15538;1;1;0;True
15539;7;12;5;True
15540;4;12;8;True
15541;5;6;1;True
15542;5;12;7;True
15543;3;6;3;True
15544;5;8;3;True
15545;4;6;2;True
15546;4;6;2;True
15547;7;9;2;True
15548;5;12;7;True
15549;5;6;1;True
15550;7;9;2;True
15551;5;9;4;True
15552;1;1;0;True
15553;3;9;6;True
15554;2;2;0;True
15555;5;12;7;True
15556;3;6;3;True
15557;9;16;7;True
15558;3;9;6;True
15559;2;4;2;True
15560;5;9;4;True
15561;0;0;0;True
15562;3;6;3;True
15563;5;16;11;True
15564;9;16;7;True
15565;6;16;10;True
15566;2;2;0;True
15567;2;2;0;True
15568;1;1;0;True
15569;2;4;2;True
15570;7;12;5;True
15571;5;12;7;True
15572;9;16;7;True
15573;0;0;0;True
15574;0;0;0;True
15575;2;2;0;True
15576;3;6;3;True
15577;1;1;0;True
15578;1;1;0;True
15579;5;12;7;True
15580;3;6;3;True
15581;4;12;8;True
15582;2;4;2;True
15583;6;12;6;True
15584;3;9;6;True
15585;3;6;3;True
15586;3;6;3;True
15587;6;9;3;True
15588;4;6;2;True
15589;4;9;5;True
15590;2;4;2;True
15591;2;4;2;True
15592;2;2;0;True
15593;4;8;4;True
15594;5;12;7;True
15595;3;4;1;True
15596;1;1;0;True
15597;3;4;1;True
15598;0;0;0;True
15599;6;12;6;True
15600;3;4;1;True
15601;3;6;3;True
15602;5;9;4;True
15603;3;6;3;True
15604;1;1;0;True
15605;3;6;3;True
15606;3;6;3;True
15607;4;6;2;True
15608;5;9;4;True
15609;5;12;7;True
15610;5;9;4;True
15611;9;16;7;True
15612;5;9;4;True
15613;6;9;3;True
15614;3;6;3;True
15615;4;6;2;True
15616;5;9;4;True
15617;4;6;2;True
15618;2;4;2;True
15619;8;16;8;True
15620;7;12;5;True
15621;7;12;5;True
15622;7;9;2;True
15623;4;6;2;True
15624;6;12;6;True
15625;3;4;1;True
15626;1;1;0;True
15627;5;9;4;True
15628;4;9;5;True
15629;3;6;3;True
15630;3;4;1;True
15631;2;4;2;True
15632;1;1;0;True
15633;3;9;6;True
15634;2;2;0;True
15635;2;4;2;True
15636;2;2;0;True
15637;3;6;3;True
15638;4;6;2;True
15639;0;0;0;True
15640;8;16;8;True
15641;3;6;3;True
15642;3;6;3;True
15643;2;2;0;True
15644;2;2;0;True
15645;0;0;0;True
15646;2;4;2;True
15647;2;4;2;True
15648;2;2;0;True
15649;5;12;7;True
15650;2;2;0;True
15651;3;6;3;True
15652;2;4;2;True
15653;7;16;9;True
15654;0;0;0;True
15655;5;12;7;True
15656;1;1;0;True
15657;5;12;7;True
15658;3;6;3;True
15659;1;1;0;True
15660;1;1;0;True
15661;6;16;10;True
15662;0;0;0;True
15663;0;0;0;True
15664;5;9;4;True
15665;6;12;6;True
15666;7;12;5;True
15667;4;6;2;True
15668;4;6;2;True
15669;6;12;6;True
15670;5;9;4;True
15671;0;0;0;True
15672;2;4;2;True
15673;7;9;2;True
15674;7;16;9;True
15675;9;16;7;True
15676;1;1;0;True
15677;2;4;2;True
15678;2;4;2;True
15679;7;12;5;True
15680;1;1;0;True
15681;7;12;5;True
15682;3;6;3;True
15683;3;6;3;True
15684;8;12;4;True
15685;1;1;0;True
15686;6;16;10;True
15687;4;6;2;True
15688;0;0;0;True
15689;3;9;6;True
15690;5;9;4;True
15691;0;0;0;True
15692;8;16;8;True
15693;6;12;6;True
15694;3;4;1;True
15695;2;4;2;True
15696;3;9;6;True
15697;3;3;0;True
15698;6;8;2;True
15699;9;16;7;True
15700;3;6;3;True
15701;7;16;9;True
15702;6;9;3;True
15703;1;1;0;True
15704;2;4;2;True
15705;2;4;2;True
15706;7;12;5;True
15707;6;12;6;True
15708;2;4;2;True
15709;4;6;2;True
15710;2;4;2;True
15711;5;12;7;True
15712;2;4;2;True
15713;3;6;3;True
15714;4;9;5;True
15715;4;6;2;True
15716;2;4;2;True
15717;5;9;4;True
15718;4;6;2;True
15719;5;12;7;True
15720;2;4;2;True
15721;5;8;3;True
15722;5;12;7;True
15723;1;1;0;True
15724;3;6;3;True
15725;5;8;3;True
15726;1;1;0;True
15727;5;6;1;True
15728;4;12;8;True
15729;2;2;0;True
15730;5;6;1;True
15731;8;12;4;True
15732;2;2;0;True
15733;7;12;5;True
15734;4;6;2;True
15735;1;1;0;True
15736;6;16;10;True
15737;3;4;1;True
15738;3;9;6;True
15739;7;12;5;True
15740;5;9;4;True
15741;2;4;2;True
15742;1;1;0;True
15743;1;1;0;True
15744;3;4;1;True
15745;5;16;11;True
15746;4;9;5;True
15747;1;1;0;True
15748;4;6;2;True
15749;3;9;6;True
15750;3;6;3;True
15751;3;6;3;True
15752;4;6;2;True
15753;2;2;0;True
15754;1;1;0;True
15755;4;9;5;True
15756;2;2;0;True
15757;5;16;11;True
15758;0;0;0;True
15759;2;4;2;True
15760;3;9;6;True
15761;4;6;2;True
15762;7;12;5;True
15763;4;6;2;True
15764;4;9;5;True
15765;4;9;5;True
15766;7;12;5;True
15767;6;12;6;True
15768;5;12;7;True
15769;2;4;2;True
15770;6;12;6;True
15771;9;16;7;True
15772;0;0;0;True
15773;3;6;3;True
15774;1;1;0;True
15775;2;2;0;True
15776;0;0;0;True
15777;2;4;2;True
15778;2;4;2;True
15779;2;4;2;True
15780;4;6;2;True
15781;4;6;2;True
15782;0;0;0;True
15783;3;6;3;True
15784;1;1;0;True
15785;4;9;5;True
15786;4;12;8;True
15787;4;12;8;True
15788;0;0;0;True
15789;5;9;4;True
15790;9;16;7;True
15791;2;4;2;True
15792;6;12;6;True
15793;2;4;2;True
15794;4;9;5;True
15795;2;4;2;True
15796;2;2;0;True
15797;8;16;8;True
15798;2;4;2;True
15799;2;4;2;True
15800;1;1;0;True
15801;3;9;6;True
15802;6;12;6;True
15803;4;9;5;True
15804;2;2;0;True
15805;0;0;0;True
15806;1;1;0;True
15807;2;2;0;True
15808;2;4;2;True
15809;8;16;8;True
15810;6;16;10;True
15811;11;16;5;True
15812;1;1;0;True
15813;6;12;6;True
15814;0;0;0;True
15815;7;12;5;True
15816;11;16;5;True
15817;6;12;6;True
15818;9;16;7;True
15819;4;8;4;True
15820;6;16;10;True
15821;7;12;5;True
15822;4;9;5;True
15823;5;6;1;True
15824;3;6;3;True
15825;3;4;1;True
15826;1;1;0;True
15827;7;16;9;True
15828;9;16;7;True
15829;6;16;10;True
15830;5;16;11;True
15831;8;16;8;True
15832;9;16;7;True
15833;4;6;2;True
15834;4;9;5;True
15835;5;12;7;True
15836;6;6;0;True
15837;6;16;10;True
15838;4;12;8;True
15839;4;9;5;True
15840;5;9;4;True
15841;0;0;0;True
15842;5;12;7;True
15843;4;8;4;True
15844;3;9;6;True
15845;1;1;0;True
15846;8;16;8;True
15847;4;9;5;True
15848;3;3;0;True
15849;7;16;9;True
15850;3;6;3;True
15851;4;9;5;True
15852;1;1;0;True
15853;0;0;0;True
15854;0;0;0;True
15855;0;0;0;True
15856;6;12;6;True
15857;0;0;0;True
15858;7;12;5;True
15859;5;16;11;True
15860;2;4;2;True
15861;2;4;2;True
15862;3;6;3;True
15863;3;9;6;True
15864;4;9;5;True
15865;0;0;0;True
15866;3;9;6;True
15867;1;1;0;True
15868;2;4;2;True
15869;0;0;0;True
15870;6;12;6;True
15871;1;1;0;True
15872;2;2;0;True
15873;7;16;9;True
15874;1;1;0;True
15875;7;16;9;True
15876;4;6;2;True
15877;5;9;4;True
15878;3;6;3;True
15879;6;8;2;True
15880;2;2;0;True
15881;4;6;2;True
15882;3;4;1;True
15883;6;12;6;True
15884;5;9;4;True
15885;5;9;4;True
15886;4;8;4;True
15887;1;1;0;True
15888;4;6;2;True
15889;1;1;0;True
15890;1;1;0;True
15891;0;0;0;True
15892;6;9;3;True
15893;9;16;7;True
15894;5;16;11;True
15895;5;9;4;True
15896;1;1;0;True
15897;4;8;4;True
15898;4;9;5;True
15899;2;4;2;True
15900;3;4;1;True
15901;5;12;7;True
15902;4;6;2;True
15903;5;12;7;True
15904;3;3;0;True
15905;5;9;4;True
15906;8;16;8;True
15907;3;3;0;True
15908;4;12;8;True
15909;5;16;11;True
15910;5;9;4;True
15911;3;9;6;True
15912;7;16;9;True
15913;0;0;0;True
15914;3;4;1;True
15915;1;1;0;True
15916;9;16;7;True
15917;7;16;9;True
15918;5;12;7;True
15919;2;2;0;True
15920;1;1;0;True
15921;5;9;4;True
15922;4;12;8;True
15923;6;12;6;True
15924;5;6;1;True
15925;8;12;4;True
15926;2;2;0;True
15927;2;4;2;True
15928;5;12;7;True
15929;4;6;2;True
15930;5;6;1;True
15931;2;4;2;True
15932;4;9;5;True
15933;3;9;6;True
15934;6;16;10;True
15935;9;16;7;True
15936;3;6;3;True
15937;3;6;3;True
15938;2;2;0;True
15939;9;12;3;True
15940;10;16;6;True
15941;4;9;5;True
15942;2;2;0;True
15943;1;1;0;True
15944;3;9;6;True
15945;2;4;2;True
15946;3;6;3;True
15947;3;6;3;True
15948;1;1;0;True
15949;5;9;4;True
15950;0;0;0;True
15951;0;0;0;True
15952;6;16;10;True
15953;2;4;2;True
15954;4;9;5;True
15955;0;0;0;True
15956;1;1;0;True
15957;5;6;1;True
15958;1;1;0;True
15959;4;9;5;True
15960;4;4;0;True
15961;2;4;2;True
15962;3;9;6;True
15963;1;1;0;True
15964;3;4;1;True
15965;2;4;2;True
15966;6;16;10;True
15967;4;6;2;True
15968;2;4;2;True
15969;3;9;6;True
15970;4;12;8;True
15971;4;6;2;True
15972;4;6;2;True
15973;5;12;7;True
15974;7;12;5;True
15975;3;6;3;True
15976;6;12;6;True
15977;6;12;6;True
15978;2;2;0;True
15979;5;16;11;True
15980;2;2;0;True
15981;4;9;5;True
15982;0;0;0;True
15983;5;9;4;True
15984;0;0;0;True
15985;6;16;10;True
15986;2;4;2;True
15987;3;6;3;True
15988;1;1;0;True
15989;0;0;0;True
15990;7;12;5;True
15991;4;9;5;True
15992;0;0;0;True
15993;2;2;0;True
15994;3;9;6;True
15995;6;12;6;True
15996;5;9;4;True
15997;1;1;0;True
15998;9;16;7;True
15999;2;4;2;True
16000;4;9;5;True
16001;5;9;4;True
16002;4;8;4;True
16003;3;4;1;True
16004;2;4;2;True
16005;9;16;7;True
16006;2;2;0;True
16007;5;8;3;True
16008;4;9;5;True
16009;3;6;3;True
16010;3;9;6;True
16011;4;8;4;True
16012;3;6;3;True
16013;10;16;6;True
16014;4;4;0;True
16015;4;6;2;True
16016;5;12;7;True
16017;7;12;5;True
16018;0;0;0;True
16019;2;2;0;True
16020;7;16;9;True
16021;4;9;5;True
16022;3;6;3;True
16023;5;9;4;True
16024;6;12;6;True
16025;3;9;6;True
16026;2;4;2;True
16027;8;12;4;True
16028;7;16;9;True
16029;10;16;6;True
16030;8;16;8;True
16031;7;16;9;True
16032;7;16;9;True
16033;7;16;9;True
16034;2;4;2;True
16035;5;9;4;True
16036;0;0;0;True
16037;9;16;7;True
16038;1;1;0;True
16039;5;12;7;True
16040;8;12;4;True
16041;5;9;4;True
16042;5;12;7;True
16043;0;0;0;True
16044;7;16;9;True
16045;3;4;1;True
16046;5;12;7;True
16047;3;6;3;True
16048;5;9;4;True
16049;9;16;7;True
16050;5;9;4;True
16051;3;9;6;True
16052;4;6;2;True
16053;3;4;1;True
16054;2;2;0;True
16055;5;12;7;True
16056;4;8;4;True
16057;2;4;2;True
16058;8;16;8;True
16059;3;6;3;True
16060;5;12;7;True
16061;5;12;7;True
16062;3;4;1;True
16063;1;1;0;True
16064;4;9;5;True
16065;3;4;1;True
16066;2;4;2;True
16067;1;1;0;True
16068;7;16;9;True
16069;6;12;6;True
16070;3;4;1;True
16071;2;2;0;True
16072;5;12;7;True
16073;6;9;3;True
16074;2;2;0;True
16075;5;6;1;True
16076;9;12;3;True
16077;8;12;4;True
16078;3;4;1;True
16079;4;9;5;True
16080;3;3;0;True
16081;3;9;6;True
16082;4;9;5;True
16083;1;1;0;True
16084;1;1;0;True
16085;2;4;2;True
16086;4;9;5;True
16087;3;4;1;True
16088;0;0;0;True
16089;3;6;3;True
16090;1;1;0;True
16091;5;12;7;True
16092;5;12;7;True
16093;4;9;5;True
16094;4;9;5;True
16095;2;2;0;True
16096;8;12;4;True
16097;5;12;7;True
16098;4;6;2;True
16099;7;12;5;True
16100;2;4;2;True
16101;3;4;1;True
16102;2;2;0;True
16103;7;12;5;True
16104;4;6;2;True
16105;4;9;5;True
16106;2;4;2;True
16107;6;12;6;True
16108;5;9;4;True
16109;5;16;11;True
16110;1;1;0;True
16111;5;9;4;True
16112;4;9;5;True
16113;0;0;0;True
16114;5;12;7;True
16115;3;6;3;True
16116;5;9;4;True
16117;3;9;6;True
16118;1;1;0;True
16119;1;1;0;True
16120;5;12;7;True
16121;1;1;0;True
16122;5;8;3;True
16123;3;4;1;True
16124;4;9;5;True
16125;9;16;7;True
16126;3;6;3;True
16127;4;6;2;True
16128;2;2;0;True
16129;5;12;7;True
16130;5;12;7;True
16131;5;16;11;True
16132;2;2;0;True
16133;4;6;2;True
16134;3;6;3;True
16135;5;8;3;True
16136;3;4;1;True
16137;8;16;8;True
16138;5;12;7;True
16139;3;6;3;True
16140;7;16;9;True
16141;2;2;0;True
16142;3;9;6;True
16143;6;12;6;True
16144;7;16;9;True
16145;4;12;8;True
16146;4;9;5;True
16147;2;4;2;True
16148;5;12;7;True
16149;4;9;5;True
16150;0;0;0;True
16151;4;6;2;True
16152;11;16;5;True
16153;9;16;7;True
16154;5;9;4;True
16155;8;16;8;True
16156;3;6;3;True
16157;5;9;4;True
16158;8;16;8;True
16159;1;1;0;True
16160;5;12;7;True
16161;4;9;5;True
16162;5;16;11;True
16163;2;4;2;True
16164;7;16;9;True
16165;3;6;3;True
16166;2;2;0;True
16167;0;0;0;True
16168;1;1;0;True
16169;5;12;7;True
16170;0;0;0;True
16171;7;12;5;True
16172;4;9;5;True
16173;3;6;3;True
16174;2;4;2;True
16175;2;4;2;True
16176;4;9;5;True
16177;1;1;0;True
16178;0;0;0;True
16179;0;0;0;True
16180;6;12;6;True
16181;1;1;0;True
16182;7;12;5;True
16183;1;1;0;True
16184;6;12;6;True
16185;4;6;2;True
16186;3;4;1;True
16187;2;4;2;True
16188;1;1;0;True
16189;4;6;2;True
16190;1;1;0;True
16191;4;9;5;True
16192;3;6;3;True
16193;3;6;3;True
16194;6;12;6;True
16195;7;16;9;True
16196;0;0;0;True
16197;1;1;0;True
16198;5;9;4;True
16199;6;12;6;True
16200;5;12;7;True
16201;2;2;0;True
16202;3;6;3;True
16203;4;9;5;True
16204;0;0;0;True
16205;7;16;9;True
16206;1;1;0;True
16207;3;9;6;True
16208;0;0;0;True
16209;4;6;2;True
16210;6;12;6;True
16211;0;0;0;True
16212;7;16;9;True
16213;4;6;2;True
16214;6;8;2;True
16215;5;9;4;True
16216;5;12;7;True
16217;3;6;3;True
16218;6;12;6;True
16219;3;6;3;True
16220;1;1;0;True
16221;3;3;0;True
16222;3;4;1;True
16223;3;9;6;True
16224;2;4;2;True
16225;2;4;2;True
16226;8;16;8;True
16227;8;16;8;True
16228;1;1;0;True
16229;5;12;7;True
16230;4;6;2;True
16231;2;2;0;True
16232;4;6;2;True
16233;5;9;4;True
16234;1;1;0;True
16235;8;12;4;True
16236;9;16;7;True
16237;2;2;0;True
16238;2;4;2;True
16239;2;2;0;True
16240;4;16;12;True
16241;3;6;3;True
16242;3;4;1;True
16243;6;12;6;True
16244;4;6;2;True
16245;3;4;1;True
16246;3;6;3;True
16247;7;12;5;True
16248;4;6;2;True
16249;4;9;5;True
16250;4;9;5;True
16251;5;8;3;True
16252;6;12;6;True
16253;6;9;3;True
16254;10;12;2;True
16255;1;1;0;True
16256;1;1;0;True
16257;7;12;5;True
16258;6;16;10;True
16259;2;2;0;True
16260;3;9;6;True
16261;1;1;0;True
16262;0;0;0;True
16263;6;16;10;True
16264;6;16;10;True
16265;2;4;2;True
16266;7;16;9;True
16267;6;12;6;True
16268;5;6;1;True
16269;6;12;6;True
16270;5;12;7;True
16271;2;4;2;True
16272;4;6;2;True
16273;4;12;8;True
16274;7;16;9;True
16275;7;16;9;True
16276;1;1;0;True
16277;1;1;0;True
16278;3;4;1;True
16279;0;0;0;True
16280;3;6;3;True
16281;2;4;2;True
16282;10;16;6;True
16283;1;1;0;True
16284;6;12;6;True
16285;5;9;4;True
16286;3;6;3;True
16287;2;2;0;True
16288;9;16;7;True
16289;0;0;0;True
16290;3;9;6;True
16291;1;1;0;True
16292;1;1;0;True
16293;7;16;9;True
16294;3;6;3;True
16295;3;4;1;True
16296;0;0;0;True
16297;7;12;5;True
16298;6;16;10;True
16299;7;16;9;True
16300;7;16;9;True
16301;8;16;8;True
16302;3;6;3;True
16303;5;6;1;True
16304;6;16;10;True
16305;8;16;8;True
16306;7;16;9;True
16307;5;8;3;True
16308;7;16;9;True
16309;3;6;3;True
16310;6;12;6;True
16311;4;9;5;True
16312;5;9;4;True
16313;5;16;11;True
16314;2;4;2;True
16315;1;1;0;True
16316;2;2;0;True
16317;2;2;0;True
16318;2;4;2;True
16319;4;8;4;True
16320;3;6;3;True
16321;0;0;0;True
16322;1;1;0;True
16323;2;2;0;True
16324;1;1;0;True
16325;4;9;5;True
16326;1;1;0;True
16327;1;1;0;True
16328;0;0;0;True
16329;3;9;6;True
16330;3;4;1;True
16331;2;4;2;True
16332;0;0;0;True
16333;7;12;5;True
16334;2;4;2;True
16335;2;2;0;True
16336;2;2;0;True
16337;4;6;2;True
16338;5;16;11;True
16339;6;9;3;True
16340;1;1;0;True
16341;3;6;3;True
16342;2;4;2;True
16343;3;4;1;True
16344;1;1;0;True
16345;5;12;7;True
16346;4;6;2;True
16347;11;16;5;True
16348;7;12;5;True
16349;6;12;6;True
16350;1;1;0;True
16351;5;9;4;True
16352;2;4;2;True
16353;4;9;5;True
16354;4;6;2;True
16355;2;4;2;True
16356;1;1;0;True
16357;5;9;4;True
16358;3;4;1;True
16359;8;16;8;True
16360;1;1;0;True
16361;3;6;3;True
16362;4;9;5;True
16363;4;9;5;True
16364;9;12;3;True
16365;6;12;6;True
16366;4;6;2;True
16367;0;0;0;True
16368;5;9;4;True
16369;3;4;1;True
16370;6;9;3;True
16371;4;9;5;True
16372;6;9;3;True
16373;6;8;2;True
16374;1;1;0;True
16375;2;2;0;True
16376;0;0;0;True
16377;5;12;7;True
16378;2;2;0;True
16379;2;4;2;True
16380;9;16;7;True
16381;1;1;0;True
16382;4;12;8;True
16383;1;1;0;True
16384;4;8;4;True
16385;0;0;0;True
16386;2;4;2;True
16387;4;4;0;True
16388;1;1;0;True
16389;4;9;5;True
16390;1;1;0;True
16391;5;9;4;True
16392;4;8;4;True
16393;2;2;0;True
16394;4;6;2;True
16395;3;6;3;True
16396;4;9;5;True
16397;6;12;6;True
16398;5;12;7;True
16399;2;4;2;True
16400;5;9;4;True
16401;2;2;0;True
16402;2;2;0;True
16403;13;16;3;True
16404;5;9;4;True
16405;1;1;0;True
16406;2;2;0;True
16407;6;9;3;True
16408;4;6;2;True
16409;4;16;12;True
16410;3;6;3;True
16411;5;12;7;True
16412;3;4;1;True
16413;2;4;2;True
16414;5;9;4;True
16415;7;16;9;True
16416;1;1;0;True
16417;2;2;0;True
16418;6;12;6;True
16419;7;12;5;True
16420;3;6;3;True
16421;2;4;2;True
16422;8;16;8;True
16423;4;9;5;True
16424;3;6;3;True
16425;1;1;0;True
16426;3;6;3;True
16427;5;16;11;True
16428;2;4;2;True
16429;11;16;5;True
16430;1;1;0;True
16431;7;12;5;True
16432;5;9;4;True
16433;2;2;0;True
16434;7;16;9;True
16435;4;9;5;True
16436;3;6;3;True
16437;4;6;2;True
16438;7;12;5;True
16439;2;4;2;True
16440;5;8;3;True
16441;6;12;6;True
16442;0;0;0;True
16443;0;0;0;True
16444;4;9;5;True
16445;4;6;2;True
16446;5;12;7;True
16447;2;2;0;True
16448;3;6;3;True
16449;8;16;8;True
16450;3;9;6;True
16451;4;8;4;True
16452;5;9;4;True
16453;5;12;7;True
16454;9;16;7;True
16455;5;12;7;True
16456;2;2;0;True
16457;3;9;6;True
16458;6;9;3;True
16459;8;16;8;True
16460;2;4;2;True
16461;5;9;4;True
16462;2;4;2;True
16463;6;16;10;True
16464;2;4;2;True
16465;3;6;3;True
16466;2;2;0;True
16467;2;4;2;True
16468;3;6;3;True
16469;3;3;0;True
16470;2;2;0;True
16471;7;9;2;True
16472;1;1;0;True
16473;4;9;5;True
16474;4;16;12;True
16475;0;0;0;True
16476;2;2;0;True
16477;2;2;0;True
16478;5;9;4;True
16479;4;6;2;True
16480;5;12;7;True
16481;3;6;3;True
16482;2;2;0;True
16483;5;12;7;True
16484;2;2;0;True
16485;0;0;0;True
16486;0;0;0;True
16487;8;12;4;True
16488;7;16;9;True
16489;4;6;2;True
16490;2;4;2;True
16491;1;1;0;True
16492;7;12;5;True
16493;6;12;6;True
16494;2;4;2;True
16495;6;12;6;True
16496;6;16;10;True
16497;2;4;2;True
16498;6;9;3;True
16499;3;6;3;True
16500;4;9;5;True
16501;5;8;3;True
16502;4;9;5;True
16503;5;12;7;True
16504;1;1;0;True
16505;3;4;1;True
16506;8;16;8;True
16507;5;12;7;True
16508;5;9;4;True
16509;6;12;6;True
16510;2;2;0;True
16511;6;8;2;True
16512;5;8;3;True
16513;6;12;6;True
16514;5;9;4;True
16515;3;3;0;True
16516;8;12;4;True
16517;3;4;1;True
16518;5;6;1;True
16519;6;12;6;True
16520;2;2;0;True
16521;1;1;0;True
16522;7;12;5;True
16523;4;9;5;True
16524;1;1;0;True
16525;1;1;0;True
16526;6;12;6;True
16527;6;16;10;True
16528;0;0;0;True
16529;5;16;11;True
16530;4;6;2;True
16531;2;4;2;True
16532;3;6;3;True
16533;6;16;10;True
16534;6;12;6;True
16535;2;2;0;True
16536;4;6;2;True
16537;2;4;2;True
16538;4;8;4;True
16539;2;2;0;True
16540;3;6;3;True
16541;0;0;0;True
16542;8;16;8;True
16543;5;12;7;True
16544;3;6;3;True
16545;1;1;0;True
16546;3;3;0;True
16547;8;12;4;True
16548;1;1;0;True
16549;2;4;2;True
16550;0;0;0;True
16551;0;0;0;True
16552;3;4;1;True
16553;3;9;6;True
16554;3;4;1;True
16555;6;12;6;True
16556;2;4;2;True
16557;5;9;4;True
16558;0;0;0;True
16559;2;4;2;True
16560;4;9;5;True
16561;4;9;5;True
16562;6;9;3;True
16563;1;1;0;True
16564;4;9;5;True
16565;3;6;3;True
16566;2;4;2;True
16567;3;4;1;True
16568;4;6;2;True
16569;2;4;2;True
16570;2;4;2;True
16571;1;1;0;True
16572;3;6;3;True
16573;4;6;2;True
16574;1;1;0;True
16575;2;4;2;True
16576;3;6;3;True
16577;4;12;8;True
16578;5;9;4;True
16579;5;9;4;True
16580;3;9;6;True
16581;4;9;5;True
16582;0;0;0;True
16583;3;6;3;True
16584;5;12;7;True
16585;1;1;0;True
16586;5;12;7;True
16587;4;8;4;True
16588;4;12;8;True
16589;3;6;3;True
16590;8;16;8;True
16591;5;12;7;True
16592;13;16;3;True
16593;2;2;0;True
16594;2;4;2;True
16595;6;12;6;True
16596;5;12;7;True
16597;2;4;2;True
16598;3;9;6;True
16599;4;6;2;True
16600;6;12;6;True
16601;7;16;9;True
16602;4;9;5;True
16603;4;8;4;True
16604;2;4;2;True
16605;3;4;1;True
16606;2;4;2;True
16607;1;1;0;True
16608;4;6;2;True
16609;5;9;4;True
16610;1;1;0;True
16611;7;12;5;True
16612;6;12;6;True
16613;5;9;4;True
16614;2;2;0;True
16615;2;4;2;True
16616;4;8;4;True
16617;5;12;7;True
16618;10;16;6;True
16619;6;16;10;True
16620;2;4;2;True
16621;0;0;0;True
16622;3;4;1;True
16623;3;6;3;True
16624;2;4;2;True
16625;6;12;6;True
16626;2;4;2;True
16627;1;1;0;True
16628;4;8;4;True
16629;5;12;7;True
16630;6;16;10;True
16631;10;16;6;True
16632;1;1;0;True
16633;8;16;8;True
16634;4;6;2;True
16635;0;0;0;True
16636;5;8;3;True
16637;4;9;5;True
16638;2;2;0;True
16639;7;12;5;True
16640;7;9;2;True
16641;7;9;2;True
16642;6;12;6;True
16643;3;9;6;True
16644;5;9;4;True
16645;1;1;0;True
16646;0;0;0;True
16647;2;2;0;True
16648;4;6;2;True
16649;5;16;11;True
16650;4;6;2;True
16651;4;9;5;True
16652;7;16;9;True
16653;4;9;5;True
16654;2;2;0;True
16655;7;12;5;True
16656;4;12;8;True
16657;2;2;0;True
16658;3;4;1;True
16659;5;12;7;True
16660;3;6;3;True
16661;6;12;6;True
16662;5;12;7;True
16663;2;4;2;True
16664;0;0;0;True
16665;6;12;6;True
16666;4;12;8;True
16667;3;4;1;True
16668;6;12;6;True
16669;4;6;2;True
16670;1;1;0;True
16671;1;1;0;True
16672;4;12;8;True
16673;3;3;0;True
16674;7;12;5;True
16675;5;8;3;True
16676;4;9;5;True
16677;6;16;10;True
16678;7;9;2;True
16679;4;12;8;True
16680;3;6;3;True
16681;2;2;0;True
16682;3;6;3;True
16683;4;12;8;True
16684;6;12;6;True
16685;4;4;0;True
16686;8;16;8;True
16687;8;16;8;True
16688;5;6;1;True
16689;4;9;5;True
16690;3;6;3;True
16691;4;9;5;True
16692;5;9;4;True
16693;3;6;3;True
16694;7;16;9;True
16695;1;1;0;True
16696;8;12;4;True
16697;0;0;0;True
16698;5;16;11;True
16699;2;4;2;True
16700;0;0;0;True
16701;1;1;0;True
16702;1;1;0;True
16703;2;2;0;True
16704;2;4;2;True
16705;5;12;7;True
16706;1;1;0;True
16707;3;6;3;True
16708;1;1;0;True
16709;2;2;0;True
16710;2;2;0;True
16711;6;16;10;True
16712;1;1;0;True
16713;0;0;0;True
16714;3;3;0;True
16715;4;6;2;True
16716;2;4;2;True
16717;4;6;2;True
16718;2;4;2;True
16719;2;4;2;True
16720;6;16;10;True
16721;3;6;3;True
16722;2;4;2;True
16723;0;0;0;True
16724;4;8;4;True
16725;5;9;4;True
16726;3;6;3;True
16727;4;6;2;True
16728;2;2;0;True
16729;5;12;7;True
16730;3;4;1;True
16731;0;0;0;True
16732;2;4;2;True
16733;3;6;3;True
16734;2;4;2;True
16735;4;12;8;True
16736;4;6;2;True
16737;1;1;0;True
16738;2;2;0;True
16739;1;1;0;True
16740;8;16;8;True
16741;7;12;5;True
16742;3;6;3;True
16743;2;4;2;True
16744;1;1;0;True
16745;7;12;5;True
16746;2;4;2;True
16747;5;8;3;True
16748;1;1;0;True
16749;3;6;3;True
16750;5;9;4;True
16751;0;0;0;True
16752;2;4;2;True
16753;2;4;2;True
16754;3;6;3;True
16755;0;0;0;True
16756;1;1;0;True
16757;2;2;0;True
16758;8;16;8;True
16759;5;6;1;True
16760;1;1;0;True
16761;2;4;2;True
16762;5;8;3;True
16763;1;1;0;True
16764;0;0;0;True
16765;4;9;5;True
16766;3;9;6;True
16767;3;6;3;True
16768;8;16;8;True
16769;3;9;6;True
16770;8;12;4;True
16771;3;9;6;True
16772;2;4;2;True
16773;2;4;2;True
16774;2;4;2;True
16775;1;1;0;True
16776;1;1;0;True
16777;5;16;11;True
16778;5;12;7;True
16779;6;12;6;True
16780;1;1;0;True
16781;4;6;2;True
16782;4;6;2;True
16783;7;12;5;True
16784;5;9;4;True
16785;3;3;0;True
16786;6;12;6;True
16787;0;0;0;True
16788;3;4;1;True
16789;6;12;6;True
16790;3;4;1;True
16791;0;0;0;True
16792;2;4;2;True
16793;8;16;8;True
16794;2;4;2;True
16795;8;16;8;True
16796;7;16;9;True
16797;2;2;0;True
16798;0;0;0;True
16799;0;0;0;True
16800;7;12;5;True
16801;3;4;1;True
16802;4;8;4;True
16803;5;9;4;True
16804;2;4;2;True
16805;7;16;9;True
16806;1;1;0;True
16807;3;4;1;True
16808;1;1;0;True
16809;2;4;2;True
16810;0;0;0;True
16811;3;4;1;True
16812;1;1;0;True
16813;2;4;2;True
16814;0;0;0;True
16815;10;16;6;True
16816;0;0;0;True
16817;4;6;2;True
16818;5;6;1;True
16819;3;6;3;True
16820;4;9;5;True
16821;4;9;5;True
16822;9;16;7;True
16823;4;6;2;True
16824;3;6;3;True
16825;5;12;7;True
16826;2;4;2;True
16827;4;6;2;True
16828;6;16;10;True
16829;7;12;5;True
16830;5;12;7;True
16831;3;6;3;True
16832;3;3;0;True
16833;0;0;0;True
16834;4;16;12;True
16835;4;9;5;True
16836;6;9;3;True
16837;5;8;3;True
16838;2;2;0;True
16839;5;12;7;True
16840;5;8;3;True
16841;3;4;1;True
16842;2;4;2;True
16843;1;1;0;True
16844;2;4;2;True
16845;5;12;7;True
16846;3;4;1;True
16847;5;12;7;True
16848;1;1;0;True
16849;3;6;3;True
16850;3;6;3;True
16851;5;12;7;True
16852;5;12;7;True
16853;2;2;0;True
16854;3;4;1;True
16855;0;0;0;True
16856;8;16;8;True
16857;6;8;2;True
16858;8;16;8;True
16859;4;9;5;True
16860;4;6;2;True
16861;1;1;0;True
16862;5;12;7;True
16863;1;1;0;True
16864;0;0;0;True
16865;2;4;2;True
16866;6;16;10;True
16867;4;9;5;True
16868;9;16;7;True
16869;4;9;5;True
16870;0;0;0;True
16871;4;6;2;True
16872;1;1;0;True
16873;3;6;3;True
16874;2;2;0;True
16875;4;9;5;True
16876;7;12;5;True
16877;3;6;3;True
16878;0;0;0;True
16879;3;6;3;True
16880;6;12;6;True
16881;2;4;2;True
16882;11;16;5;True
16883;4;9;5;True
16884;6;9;3;True
16885;3;9;6;True
16886;3;9;6;True
16887;6;12;6;True
16888;7;12;5;True
16889;2;4;2;True
16890;4;9;5;True
16891;2;2;0;True
16892;4;9;5;True
16893;7;12;5;True
16894;6;12;6;True
16895;4;6;2;True
16896;2;2;0;True
16897;3;4;1;True
16898;2;4;2;True
16899;2;2;0;True
16900;6;16;10;True
16901;8;12;4;True
16902;3;6;3;True
16903;3;4;1;True
16904;0;0;0;True
16905;2;2;0;True
16906;4;9;5;True
16907;7;12;5;True
16908;3;6;3;True
16909;5;12;7;True
16910;5;9;4;True
16911;0;0;0;True
16912;8;16;8;True
16913;1;1;0;True
16914;4;12;8;True
16915;6;16;10;True
16916;2;2;0;True
16917;0;0;0;True
16918;4;9;5;True
16919;1;1;0;True
16920;7;12;5;True
16921;5;8;3;True
16922;6;12;6;True
16923;0;0;0;True
16924;4;9;5;True
16925;6;12;6;True
16926;4;6;2;True
16927;3;9;6;True
16928;4;6;2;True
16929;3;6;3;True
16930;1;1;0;True
16931;1;1;0;True
16932;3;6;3;True
16933;3;9;6;True
16934;3;9;6;True
16935;6;12;6;True
16936;2;2;0;True
16937;3;9;6;True
16938;3;9;6;True
16939;8;16;8;True
16940;2;4;2;True
16941;0;0;0;True
16942;8;12;4;True
16943;2;4;2;True
16944;4;12;8;True
16945;4;6;2;True
16946;1;1;0;True
16947;6;8;2;True
16948;4;6;2;True
16949;8;16;8;True
16950;4;6;2;True
16951;3;4;1;True
16952;6;12;6;True
16953;3;6;3;True
16954;8;16;8;True
16955;2;4;2;True
16956;2;4;2;True
16957;3;9;6;True
16958;5;12;7;True
16959;1;1;0;True
16960;0;0;0;True
16961;1;1;0;True
16962;0;0;0;True
16963;7;16;9;True
16964;2;4;2;True
16965;4;9;5;True
16966;5;16;11;True
16967;7;12;5;True
16968;7;12;5;True
16969;3;9;6;True
16970;5;9;4;True
16971;5;12;7;True
16972;5;12;7;True
16973;0;0;0;True
16974;4;6;2;True
16975;2;2;0;True
16976;3;6;3;True
16977;4;9;5;True
16978;8;16;8;True
16979;3;4;1;True
16980;4;12;8;True
16981;7;16;9;True
16982;8;16;8;True
16983;5;9;4;True
16984;5;12;7;True
16985;5;16;11;True
16986;2;2;0;True
16987;4;12;8;True
16988;2;2;0;True
16989;2;2;0;True
16990;2;4;2;True
16991;3;4;1;True
16992;7;12;5;True
16993;4;12;8;True
16994;6;16;10;True
16995;6;16;10;True
16996;2;2;0;True
16997;4;6;2;True
16998;4;9;5;True
16999;3;4;1;True
17000;0;0;0;True
17001;3;4;1;True
17002;3;9;6;True
17003;5;9;4;True
17004;2;4;2;True
17005;1;1;0;True
17006;7;16;9;True
17007;1;1;0;True
17008;4;6;2;True
17009;4;9;5;True
17010;9;16;7;True
17011;3;6;3;True
17012;7;16;9;True
17013;3;3;0;True
17014;7;12;5;True
17015;4;12;8;True
17016;2;4;2;True
17017;3;6;3;True
17018;8;16;8;True
17019;4;9;5;True
17020;5;12;7;True
17021;5;16;11;True
17022;5;16;11;True
17023;0;0;0;True
17024;0;0;0;True
17025;6;12;6;True
17026;3;4;1;True
17027;2;4;2;True
17028;6;12;6;True
17029;5;12;7;True
17030;4;9;5;True
17031;1;1;0;True
17032;2;2;0;True
17033;7;12;5;True
17034;2;4;2;True
17035;2;4;2;True
17036;6;12;6;True
17037;4;9;5;True
17038;0;0;0;True
17039;2;2;0;True
17040;5;9;4;True
17041;3;3;0;True
17042;4;6;2;True
17043;5;8;3;True
17044;2;4;2;True
17045;4;9;5;True
17046;8;12;4;True
17047;5;9;4;True
17048;5;12;7;True
17049;3;6;3;True
17050;4;8;4;True
17051;5;8;3;True
17052;4;9;5;True
17053;4;6;2;True
17054;0;0;0;True
17055;1;1;0;True
17056;2;4;2;True
17057;3;6;3;True
17058;2;4;2;True
17059;5;12;7;True
17060;4;9;5;True
17061;5;9;4;True
17062;4;6;2;True
17063;1;1;0;True
17064;1;1;0;True
17065;9;16;7;True
17066;3;6;3;True
17067;6;9;3;True
17068;4;6;2;True
17069;3;9;6;True
17070;3;6;3;True
17071;4;9;5;True
17072;5;16;11;True
17073;7;16;9;True
17074;4;9;5;True
17075;1;1;0;True
17076;1;1;0;True
17077;6;9;3;True
17078;2;2;0;True
17079;5;12;7;True
17080;1;1;0;True
17081;5;9;4;True
17082;3;4;1;True
17083;6;12;6;True
17084;0;0;0;True
17085;6;12;6;True
17086;3;4;1;True
17087;9;16;7;True
17088;6;16;10;True
17089;1;1;0;True
17090;7;16;9;True
17091;3;9;6;True
17092;4;9;5;True
17093;2;4;2;True
17094;1;1;0;True
17095;0;0;0;True
17096;5;9;4;True
17097;5;12;7;True
17098;7;16;9;True
17099;1;1;0;True
17100;3;6;3;True
17101;5;9;4;True
17102;5;8;3;True
17103;3;9;6;True
17104;4;9;5;True
17105;3;4;1;True
17106;6;9;3;True
17107;0;0;0;True
17108;2;4;2;True
17109;3;9;6;True
17110;4;8;4;True
17111;5;9;4;True
17112;1;1;0;True
17113;1;1;0;True
17114;9;16;7;True
17115;5;12;7;True
17116;3;6;3;True
17117;5;12;7;True
17118;5;9;4;True
17119;4;9;5;True
17120;3;6;3;True
17121;2;2;0;True
17122;4;9;5;True
17123;2;4;2;True
17124;1;1;0;True
17125;4;9;5;True
17126;3;4;1;True
17127;1;1;0;True
17128;12;16;4;True
17129;0;0;0;True
17130;3;4;1;True
17131;4;6;2;True
17132;1;1;0;True
17133;1;1;0;True
17134;2;4;2;True
17135;5;12;7;True
17136;0;0;0;True
17137;2;2;0;True
17138;5;9;4;True
17139;2;2;0;True
17140;4;12;8;True
17141;2;2;0;True
17142;3;6;3;True
17143;3;6;3;True
17144;4;9;5;True
17145;4;8;4;True
17146;3;6;3;True
17147;1;1;0;True
17148;6;16;10;True
17149;4;9;5;True
17150;0;0;0;True
17151;5;12;7;True
17152;5;6;1;True
17153;9;16;7;True
17154;4;12;8;True
17155;1;1;0;True
17156;0;0;0;True
17157;6;12;6;True
17158;1;1;0;True
17159;1;1;0;True
17160;3;6;3;True
17161;4;12;8;True
17162;4;6;2;True
17163;2;4;2;True
17164;5;9;4;True
17165;7;16;9;True
17166;2;4;2;True
17167;1;1;0;True
17168;5;8;3;True
17169;9;16;7;True
17170;6;9;3;True
17171;3;9;6;True
17172;3;6;3;True
17173;5;6;1;True
17174;5;16;11;True
17175;0;0;0;True
17176;3;6;3;True
17177;1;1;0;True
17178;4;9;5;True
17179;1;1;0;True
17180;2;4;2;True
17181;3;6;3;True
17182;6;12;6;True
17183;0;0;0;True
17184;4;9;5;True
17185;5;12;7;True
17186;4;12;8;True
17187;1;1;0;True
17188;4;9;5;True
17189;2;2;0;True
17190;5;9;4;True
17191;5;12;7;True
17192;1;1;0;True
17193;2;2;0;True
17194;6;16;10;True
17195;1;1;0;True
17196;0;0;0;True
17197;1;1;0;True
17198;1;1;0;True
17199;1;1;0;True
17200;5;12;7;True
17201;2;4;2;True
17202;3;6;3;True
17203;0;0;0;True
17204;0;0;0;True
17205;4;9;5;True
17206;2;4;2;True
17207;2;4;2;True
17208;7;16;9;True
17209;1;1;0;True
17210;5;12;7;True
17211;0;0;0;True
17212;1;1;0;True
17213;4;6;2;True
17214;2;4;2;True
17215;2;2;0;True
17216;1;1;0;True
17217;2;2;0;True
17218;2;4;2;True
17219;6;16;10;True
17220;2;4;2;True
17221;4;8;4;True
17222;4;9;5;True
17223;4;6;2;True
17224;3;9;6;True
17225;3;6;3;True
17226;5;9;4;True
17227;3;6;3;True
17228;4;9;5;True
17229;2;4;2;True
17230;5;12;7;True
17231;4;9;5;True
17232;2;4;2;True
17233;2;4;2;True
17234;5;9;4;True
17235;8;16;8;True
17236;2;2;0;True
17237;2;2;0;True
17238;0;0;0;True
17239;5;16;11;True
17240;1;1;0;True
17241;6;12;6;True
17242;4;9;5;True
17243;2;2;0;True
17244;2;4;2;True
17245;3;6;3;True
17246;4;6;2;True
17247;7;16;9;True
17248;6;12;6;True
17249;0;0;0;True
17250;1;1;0;True
17251;4;9;5;True
17252;0;0;0;True
17253;2;4;2;True
17254;4;12;8;True
17255;2;4;2;True
17256;4;9;5;True
17257;5;9;4;True
17258;0;0;0;True
17259;3;9;6;True
17260;3;4;1;True
17261;4;9;5;True
17262;0;0;0;True
17263;1;1;0;True
17264;2;4;2;True
17265;2;4;2;True
17266;6;12;6;True
17267;2;4;2;True
17268;3;6;3;True
17269;6;12;6;True
17270;4;9;5;True
17271;8;16;8;True
17272;0;0;0;True
17273;5;12;7;True
17274;8;12;4;True
17275;5;12;7;True
17276;5;9;4;True
17277;4;6;2;True
17278;8;12;4;True
17279;2;4;2;True
17280;2;4;2;True
17281;1;1;0;True
17282;0;0;0;True
17283;3;6;3;True
17284;3;6;3;True
17285;5;9;4;True
17286;5;12;7;True
17287;2;4;2;True
17288;0;0;0;True
17289;6;9;3;True
17290;6;9;3;True
17291;2;2;0;True
17292;4;9;5;True
17293;1;1;0;True
17294;2;4;2;True
17295;1;1;0;True
17296;7;16;9;True
17297;10;16;6;True
17298;4;12;8;True
17299;1;1;0;True
17300;4;9;5;True
17301;3;6;3;True
17302;7;12;5;True
17303;3;4;1;True
17304;5;9;4;True
17305;7;12;5;True
17306;4;9;5;True
17307;7;16;9;True
17308;9;16;7;True
17309;3;6;3;True
17310;0;0;0;True
17311;1;1;0;True
17312;4;6;2;True
17313;4;9;5;True
17314;1;1;0;True
17315;2;4;2;True
17316;6;9;3;True
17317;0;0;0;True
17318;3;4;1;True
17319;4;9;5;True
17320;2;4;2;True
17321;5;6;1;True
17322;5;12;7;True
17323;4;9;5;True
17324;2;2;0;True
17325;0;0;0;True
17326;2;4;2;True
17327;2;4;2;True
17328;7;16;9;True
17329;3;6;3;True
17330;2;2;0;True
17331;2;2;0;True
17332;4;9;5;True
17333;4;9;5;True
17334;5;12;7;True
17335;6;16;10;True
17336;5;9;4;True
17337;4;8;4;True
17338;3;4;1;True
17339;2;2;0;True
17340;2;4;2;True
17341;4;6;2;True
17342;6;9;3;True
17343;7;9;2;True
17344;4;9;5;True
17345;2;2;0;True
17346;1;1;0;True
17347;6;16;10;True
17348;3;6;3;True
17349;0;0;0;True
17350;3;6;3;True
17351;3;6;3;True
17352;1;1;0;True
17353;4;6;2;True
17354;4;12;8;True
17355;6;12;6;True
17356;3;9;6;True
17357;4;9;5;True
17358;2;4;2;True
17359;0;0;0;True
17360;6;16;10;True
17361;2;4;2;True
17362;3;6;3;True
17363;5;12;7;True
17364;0;0;0;True
17365;8;12;4;True
17366;6;9;3;True
17367;5;8;3;True
17368;9;12;3;True
17369;3;6;3;True
17370;1;1;0;True
17371;6;12;6;True
17372;1;1;0;True
17373;2;4;2;True
17374;2;4;2;True
17375;1;1;0;True
17376;1;1;0;True
17377;4;9;5;True
17378;0;0;0;True
17379;2;4;2;True
17380;4;6;2;True
17381;4;6;2;True
17382;3;4;1;True
17383;1;1;0;True
17384;2;2;0;True
17385;6;12;6;True
17386;4;9;5;True
17387;4;9;5;True
17388;6;12;6;True
17389;4;6;2;True
17390;7;12;5;True
17391;5;6;1;True
17392;6;16;10;True
17393;0;0;0;True
17394;1;1;0;True
17395;1;1;0;True
17396;1;1;0;True
17397;6;16;10;True
17398;2;4;2;True
17399;0;0;0;True
17400;6;12;6;True
17401;3;6;3;True
17402;7;12;5;True
17403;2;2;0;True
17404;6;12;6;True
17405;5;12;7;True
17406;6;9;3;True
17407;7;9;2;True
17408;5;9;4;True
17409;0;0;0;True
17410;4;12;8;True
17411;5;16;11;True
17412;3;6;3;True
17413;7;12;5;True
17414;4;9;5;True
17415;4;9;5;True
17416;2;4;2;True
17417;2;4;2;True
17418;0;0;0;True
17419;3;6;3;True
17420;6;12;6;True
17421;3;9;6;True
17422;4;6;2;True
17423;3;4;1;True
17424;1;1;0;True
17425;7;16;9;True
17426;4;9;5;True
17427;1;1;0;True
17428;4;6;2;True
17429;2;2;0;True
17430;1;1;0;True
17431;2;4;2;True
17432;0;0;0;True
17433;5;12;7;True
17434;2;4;2;True
17435;5;12;7;True
17436;4;16;12;True
17437;5;8;3;True
17438;4;12;8;True
17439;8;9;1;True
17440;6;9;3;True
17441;9;12;3;True
17442;4;9;5;True
17443;0;0;0;True
17444;7;16;9;True
17445;0;0;0;True
17446;1;1;0;True
17447;3;4;1;True
17448;3;9;6;True
17449;2;4;2;True
17450;3;6;3;True
17451;5;9;4;True
17452;4;9;5;True
17453;5;9;4;True
17454;6;12;6;True
17455;4;9;5;True
17456;2;4;2;True
17457;4;8;4;True
17458;7;16;9;True
17459;1;1;0;True
17460;8;12;4;True
17461;2;4;2;True
17462;4;8;4;True
17463;6;12;6;True
17464;5;12;7;True
17465;6;16;10;True
17466;7;16;9;True
17467;5;8;3;True
17468;1;1;0;True
17469;6;9;3;True
17470;2;4;2;True
17471;3;6;3;True
17472;0;0;0;True
17473;4;9;5;True
17474;1;1;0;True
17475;3;6;3;True
17476;4;9;5;True
17477;6;12;6;True
17478;1;1;0;True
17479;8;12;4;True
17480;2;4;2;True
17481;1;1;0;True
17482;5;12;7;True
17483;1;1;0;True
17484;3;6;3;True
17485;2;2;0;True
17486;5;16;11;True
17487;3;6;3;True
17488;4;12;8;True
17489;4;6;2;True
17490;3;6;3;True
17491;3;6;3;True
17492;2;2;0;True
17493;3;3;0;True
17494;5;12;7;True
17495;0;0;0;True
17496;7;12;5;True
17497;5;9;4;True
17498;2;4;2;True
17499;2;4;2;True
17500;1;1;0;True
17501;5;9;4;True
17502;0;0;0;True
17503;3;4;1;True
17504;4;6;2;True
17505;6;16;10;True
17506;4;6;2;True
17507;2;2;0;True
17508;6;16;10;True
17509;5;9;4;True
17510;6;9;3;True
17511;2;2;0;True
17512;1;1;0;True
17513;5;9;4;True
17514;7;12;5;True
17515;1;1;0;True
17516;1;1;0;True
17517;4;12;8;True
17518;3;6;3;True
17519;1;1;0;True
17520;2;4;2;True
17521;5;12;7;True
17522;2;2;0;True
17523;5;12;7;True
17524;4;9;5;True
17525;3;9;6;True
17526;4;9;5;True
17527;4;12;8;True
17528;0;0;0;True
17529;4;4;0;True
17530;1;1;0;True
17531;2;2;0;True
17532;3;9;6;True
17533;4;8;4;True
17534;1;1;0;True
17535;2;4;2;True
17536;1;1;0;True
17537;5;8;3;True
17538;0;0;0;True
17539;4;6;2;True
17540;5;12;7;True
17541;0;0;0;True
17542;0;0;0;True
17543;3;6;3;True
17544;4;12;8;True
17545;2;2;0;True
17546;5;9;4;True
17547;3;6;3;True
17548;3;6;3;True
17549;3;4;1;True
17550;2;2;0;True
17551;5;12;7;True
17552;6;12;6;True
17553;2;4;2;True
17554;4;16;12;True
17555;2;4;2;True
17556;4;6;2;True
17557;3;4;1;True
17558;1;1;0;True
17559;3;4;1;True
17560;3;4;1;True
17561;1;1;0;True
17562;2;4;2;True
17563;5;6;1;True
17564;5;12;7;True
17565;4;6;2;True
17566;2;4;2;True
17567;1;1;0;True
17568;3;4;1;True
17569;4;6;2;True
17570;5;12;7;True
17571;0;0;0;True
17572;6;9;3;True
17573;0;0;0;True
17574;1;1;0;True
17575;4;4;0;True
17576;3;6;3;True
17577;8;16;8;True
17578;3;6;3;True
17579;5;12;7;True
17580;0;0;0;True
17581;5;6;1;True
17582;1;1;0;True
17583;4;6;2;True
17584;0;0;0;True
17585;5;16;11;True
17586;7;16;9;True
17587;3;9;6;True
17588;8;12;4;True
17589;4;6;2;True
17590;0;0;0;True
17591;3;4;1;True
17592;4;6;2;True
17593;2;2;0;True
17594;6;9;3;True
17595;4;12;8;True
17596;2;4;2;True
17597;3;3;0;True
17598;2;2;0;True
17599;6;12;6;True
17600;8;12;4;True
17601;1;1;0;True
17602;4;12;8;True
17603;3;6;3;True
17604;3;4;1;True
17605;4;12;8;True
17606;3;6;3;True
17607;2;4;2;True
17608;2;4;2;True
17609;5;16;11;True
17610;5;9;4;True
17611;1;1;0;True
17612;0;0;0;True
17613;2;2;0;True
17614;3;9;6;True
17615;2;2;0;True
17616;3;6;3;True
17617;8;16;8;True
17618;3;4;1;True
17619;0;0;0;True
17620;5;8;3;True
17621;1;1;0;True
17622;3;9;6;True
17623;5;12;7;True
17624;3;3;0;True
17625;5;9;4;True
17626;7;16;9;True
17627;0;0;0;True
17628;4;9;5;True
17629;7;16;9;True
17630;1;1;0;True
17631;0;0;0;True
17632;9;16;7;True
17633;8;16;8;True
17634;2;4;2;True
17635;0;0;0;True
17636;6;16;10;True
17637;4;9;5;True
17638;3;6;3;True
17639;3;6;3;True
17640;4;6;2;True
17641;3;6;3;True
17642;5;12;7;True
17643;0;0;0;True
17644;2;4;2;True
17645;3;4;1;True
17646;9;12;3;True
17647;0;0;0;True
17648;4;4;0;True
17649;5;9;4;True
17650;3;6;3;True
17651;2;4;2;True
17652;4;8;4;True
17653;6;12;6;True
17654;5;9;4;True
17655;8;16;8;True
17656;2;2;0;True
17657;3;9;6;True
17658;2;4;2;True
17659;4;6;2;True
17660;5;12;7;True
17661;5;9;4;True
17662;4;6;2;True
17663;5;8;3;True
17664;0;0;0;True
17665;2;4;2;True
17666;0;0;0;True
17667;4;9;5;True
17668;3;6;3;True
17669;7;12;5;True
17670;4;4;0;True
17671;3;9;6;True
17672;1;1;0;True
17673;1;1;0;True
17674;5;9;4;True
17675;5;12;7;True
17676;5;16;11;True
17677;5;8;3;True
17678;0;0;0;True
17679;8;16;8;True
17680;2;2;0;True
17681;4;6;2;True
17682;7;16;9;True
17683;11;16;5;True
17684;5;9;4;True
17685;3;6;3;True
17686;1;1;0;True
17687;7;16;9;True
17688;2;4;2;True
17689;3;6;3;True
17690;3;3;0;True
17691;4;8;4;True
17692;5;6;1;True
17693;4;6;2;True
17694;2;2;0;True
17695;3;6;3;True
17696;4;9;5;True
17697;2;2;0;True
17698;4;6;2;True
17699;3;6;3;True
17700;3;6;3;True
17701;3;4;1;True
17702;8;12;4;True
17703;1;1;0;True
17704;5;6;1;True
17705;1;1;0;True
17706;3;6;3;True
17707;2;2;0;True
17708;7;16;9;True
17709;3;6;3;True
17710;6;12;6;True
17711;5;12;7;True
17712;7;12;5;True
17713;5;12;7;True
17714;3;6;3;True
17715;4;6;2;True
17716;1;1;0;True
17717;5;12;7;True
17718;3;6;3;True
17719;0;0;0;True
17720;1;1;0;True
17721;5;12;7;True
17722;3;6;3;True
17723;6;9;3;True
17724;3;4;1;True
17725;3;6;3;True
17726;0;0;0;True
17727;1;1;0;True
17728;0;0;0;True
17729;8;16;8;True
17730;3;9;6;True
17731;4;6;2;True
17732;3;6;3;True
17733;4;6;2;True
17734;3;6;3;True
17735;4;6;2;True
17736;1;1;0;True
17737;3;4;1;True
17738;8;16;8;True
17739;3;4;1;True
17740;8;12;4;True
17741;3;4;1;True
17742;10;16;6;True
17743;4;6;2;True
17744;4;8;4;True
17745;8;12;4;True
17746;5;9;4;True
17747;2;2;0;True
17748;3;6;3;True
17749;2;4;2;True
17750;4;12;8;True
17751;8;16;8;True
17752;7;12;5;True
17753;0;0;0;True
17754;1;1;0;True
17755;1;1;0;True
17756;6;12;6;True
17757;2;2;0;True
17758;0;0;0;True
17759;4;6;2;True
17760;5;9;4;True
17761;6;12;6;True
17762;2;4;2;True
17763;3;6;3;True
17764;5;12;7;True
17765;3;3;0;True
17766;1;1;0;True
17767;2;2;0;True
17768;2;2;0;True
17769;8;16;8;True
17770;0;0;0;True
17771;5;12;7;True
17772;2;4;2;True
17773;6;9;3;True
17774;4;9;5;True
17775;6;12;6;True
17776;6;16;10;True
17777;5;16;11;True
17778;8;12;4;True
17779;7;12;5;True
17780;4;8;4;True
17781;7;16;9;True
17782;2;4;2;True
17783;2;4;2;True
17784;3;3;0;True
17785;3;6;3;True
17786;2;4;2;True
17787;4;12;8;True
17788;9;12;3;True
17789;2;4;2;True
17790;9;16;7;True
17791;2;2;0;True
17792;2;2;0;True
17793;1;1;0;True
17794;1;1;0;True
17795;4;12;8;True
17796;10;16;6;True
17797;1;1;0;True
17798;3;6;3;True
17799;3;6;3;True
17800;6;16;10;True
17801;2;4;2;True
17802;5;16;11;True
17803;5;12;7;True
17804;6;12;6;True
17805;1;1;0;True
17806;2;4;2;True
17807;4;9;5;True
17808;6;16;10;True
17809;4;9;5;True
17810;6;12;6;True
17811;2;4;2;True
17812;4;9;5;True
17813;7;12;5;True
17814;4;9;5;True
17815;3;6;3;True
17816;1;1;0;True
17817;4;6;2;True
17818;2;4;2;True
17819;4;8;4;True
17820;1;1;0;True
17821;3;9;6;True
17822;4;6;2;True
17823;3;4;1;True
17824;3;6;3;True
17825;1;1;0;True
17826;4;12;8;True
17827;3;6;3;True
17828;1;1;0;True
17829;2;2;0;True
17830;2;2;0;True
17831;5;9;4;True
17832;4;9;5;True
17833;12;16;4;True
17834;8;16;8;True
17835;4;9;5;True
17836;1;1;0;True
17837;3;4;1;True
17838;0;0;0;True
17839;2;4;2;True
17840;2;4;2;True
17841;1;1;0;True
17842;4;9;5;True
17843;0;0;0;True
17844;2;4;2;True
17845;2;4;2;True
17846;3;6;3;True
17847;5;8;3;True
17848;4;12;8;True
17849;0;0;0;True
17850;3;4;1;True
17851;1;1;0;True
17852;2;2;0;True
17853;6;12;6;True
17854;2;4;2;True
17855;4;9;5;True
17856;4;9;5;True
17857;4;6;2;True
17858;7;12;5;True
17859;1;1;0;True
17860;4;9;5;True
17861;2;2;0;True
17862;4;9;5;True
17863;4;6;2;True
17864;6;12;6;True
17865;9;16;7;True
17866;2;4;2;True
17867;2;2;0;True
17868;0;0;0;True
17869;2;4;2;True
17870;4;9;5;True
17871;2;4;2;True
17872;3;9;6;True
17873;6;16;10;True
17874;2;4;2;True
17875;1;1;0;True
17876;1;1;0;True
17877;5;6;1;True
17878;10;16;6;True
17879;4;8;4;True
17880;2;2;0;True
17881;1;1;0;True
17882;0;0;0;True
17883;6;12;6;True
17884;2;4;2;True
17885;4;6;2;True
17886;3;6;3;True
17887;11;16;5;True
17888;2;4;2;True
17889;2;2;0;True
17890;2;4;2;True
17891;7;12;5;True
17892;5;12;7;True
17893;6;9;3;True
17894;3;4;1;True
17895;2;2;0;True
17896;2;2;0;True
17897;6;12;6;True
17898;1;1;0;True
17899;5;12;7;True
17900;3;9;6;True
17901;7;16;9;True
17902;3;6;3;True
17903;6;12;6;True
17904;6;9;3;True
17905;3;6;3;True
17906;1;1;0;True
17907;4;6;2;True
17908;8;16;8;True
17909;1;1;0;True
17910;8;16;8;True
17911;5;12;7;True
17912;6;16;10;True
17913;4;6;2;True
17914;4;12;8;True
17915;0;0;0;True
17916;3;6;3;True
17917;7;16;9;True
17918;0;0;0;True
17919;7;16;9;True
17920;3;4;1;True
17921;1;1;0;True
17922;4;4;0;True
17923;6;16;10;True
17924;7;16;9;True
17925;6;9;3;True
17926;4;6;2;True
17927;5;9;4;True
17928;2;2;0;True
17929;1;1;0;True
17930;1;1;0;True
17931;5;12;7;True
17932;4;9;5;True
17933;7;12;5;True
17934;6;6;0;True
17935;6;12;6;True
17936;7;12;5;True
17937;0;0;0;True
17938;7;16;9;True
17939;7;12;5;True
17940;7;16;9;True
17941;4;6;2;True
17942;5;8;3;True
17943;4;8;4;True
17944;5;8;3;True
17945;4;6;2;True
17946;6;16;10;True
17947;5;12;7;True
17948;0;0;0;True
17949;2;2;0;True
17950;3;6;3;True
17951;1;1;0;True
17952;4;8;4;True
17953;6;12;6;True
17954;7;16;9;True
17955;1;1;0;True
17956;1;1;0;True
17957;5;12;7;True
17958;4;6;2;True
17959;4;8;4;True
17960;3;6;3;True
17961;4;6;2;True
17962;3;6;3;True
17963;2;2;0;True
17964;3;6;3;True
17965;3;4;1;True
17966;4;12;8;True
17967;4;9;5;True
17968;5;6;1;True
17969;5;12;7;True
17970;2;4;2;True
17971;7;12;5;True
17972;2;2;0;True
17973;3;6;3;True
17974;7;12;5;True
17975;2;4;2;True
17976;3;4;1;True
17977;6;12;6;True
17978;4;16;12;True
17979;2;4;2;True
17980;5;16;11;True
17981;3;4;1;True
17982;6;16;10;True
17983;0;0;0;True
17984;8;12;4;True
17985;4;6;2;True
17986;4;9;5;True
17987;5;12;7;True
17988;1;1;0;True
17989;2;2;0;True
17990;3;4;1;True
17991;0;0;0;True
17992;2;4;2;True
17993;4;6;2;True
17994;2;4;2;True
17995;3;4;1;True
17996;2;4;2;True
17997;2;4;2;True
17998;2;4;2;True
17999;1;1;0;True
18000;3;6;3;True
18001;2;2;0;True
18002;4;9;5;True
18003;7;12;5;True
18004;3;6;3;True
18005;6;12;6;True
18006;4;6;2;True
18007;2;2;0;True
18008;5;12;7;True
18009;5;12;7;True
18010;6;9;3;True
18011;9;16;7;True
18012;4;9;5;True
18013;1;1;0;True
18014;1;1;0;True
18015;7;12;5;True
18016;3;9;6;True
18017;4;12;8;True
18018;1;1;0;True
18019;2;2;0;True
18020;3;4;1;True
18021;5;9;4;True
18022;4;9;5;True
18023;3;4;1;True
18024;3;6;3;True
18025;4;6;2;True
18026;8;12;4;True
18027;5;8;3;True
18028;4;6;2;True
18029;1;1;0;True
18030;4;8;4;True
18031;8;16;8;True
18032;7;12;5;True
18033;2;4;2;True
18034;7;16;9;True
18035;5;9;4;True
18036;4;12;8;True
18037;4;6;2;True
18038;1;1;0;True
18039;2;2;0;True
18040;0;0;0;True
18041;3;4;1;True
18042;6;12;6;True
18043;4;9;5;True
18044;5;12;7;True
18045;3;9;6;True
18046;2;4;2;True
18047;1;1;0;True
18048;8;16;8;True
18049;7;16;9;True
18050;3;6;3;True
18051;5;12;7;True
18052;2;4;2;True
18053;3;9;6;True
18054;5;6;1;True
18055;3;4;1;True
18056;2;4;2;True
18057;4;6;2;True
18058;7;12;5;True
18059;2;4;2;True
18060;3;6;3;True
18061;1;1;0;True
18062;2;2;0;True
18063;3;6;3;True
18064;2;4;2;True
18065;1;1;0;True
18066;4;12;8;True
18067;2;2;0;True
18068;6;16;10;True
18069;5;12;7;True
18070;2;2;0;True
18071;5;8;3;True
18072;4;9;5;True
18073;1;1;0;True
18074;6;16;10;True
18075;7;12;5;True
18076;3;6;3;True
18077;1;1;0;True
18078;0;0;0;True
18079;4;8;4;True
18080;9;16;7;True
18081;0;0;0;True
18082;0;0;0;True
18083;9;16;7;True
18084;3;6;3;True
18085;4;9;5;True
18086;5;12;7;True
18087;2;4;2;True
18088;2;2;0;True
18089;2;4;2;True
18090;3;6;3;True
18091;2;2;0;True
18092;2;4;2;True
18093;3;6;3;True
18094;5;9;4;True
18095;1;1;0;True
18096;4;9;5;True
18097;5;12;7;True
18098;3;4;1;True
18099;2;4;2;True
18100;4;9;5;True
18101;4;6;2;True
18102;3;6;3;True
18103;9;16;7;True
18104;9;16;7;True
18105;4;6;2;True
18106;4;8;4;True
18107;2;4;2;True
18108;0;0;0;True
18109;4;9;5;True
18110;6;12;6;True
18111;4;8;4;True
18112;2;2;0;True
18113;1;1;0;True
18114;5;12;7;True
18115;5;8;3;True
18116;3;6;3;True
18117;5;9;4;True
18118;2;4;2;True
18119;5;12;7;True
18120;1;1;0;True
18121;5;6;1;True
18122;5;16;11;True
18123;3;6;3;True
18124;3;4;1;True
18125;1;1;0;True
18126;3;6;3;True
18127;4;6;2;True
18128;1;1;0;True
18129;5;9;4;True
18130;1;1;0;True
18131;3;6;3;True
18132;5;9;4;True
18133;4;4;0;True
18134;1;1;0;True
18135;2;4;2;True
18136;2;4;2;True
18137;8;16;8;True
18138;7;16;9;True
18139;8;16;8;True
18140;2;2;0;True
18141;5;12;7;True
18142;5;9;4;True
18143;8;12;4;True
18144;2;4;2;True
18145;2;4;2;True
18146;4;9;5;True
18147;5;6;1;True
18148;6;12;6;True
18149;2;2;0;True
18150;0;0;0;True
18151;2;2;0;True
18152;6;12;6;True
18153;4;6;2;True
18154;1;1;0;True
18155;2;4;2;True
18156;4;12;8;True
18157;4;9;5;True
18158;3;4;1;True
18159;1;1;0;True
18160;5;8;3;True
18161;3;6;3;True
18162;5;9;4;True
18163;1;1;0;True
18164;2;2;0;True
18165;1;1;0;True
18166;11;16;5;True
18167;2;2;0;True
18168;6;12;6;True
18169;3;4;1;True
18170;4;9;5;True
18171;3;9;6;True
18172;0;0;0;True
18173;2;4;2;True
18174;1;1;0;True
18175;1;1;0;True
18176;1;1;0;True
18177;3;3;0;True
18178;0;0;0;True
18179;4;16;12;True
18180;4;9;5;True
18181;2;2;0;True
18182;7;16;9;True
18183;2;4;2;True
18184;7;16;9;True
18185;6;12;6;True
18186;4;12;8;True
18187;4;9;5;True
18188;0;0;0;True
18189;5;12;7;True
18190;3;6;3;True
18191;3;6;3;True
18192;1;1;0;True
18193;1;1;0;True
18194;4;9;5;True
18195;6;12;6;True
18196;2;2;0;True
18197;2;4;2;True
18198;6;12;6;True
18199;2;4;2;True
18200;9;16;7;True
18201;6;9;3;True
18202;6;12;6;True
18203;5;8;3;True
18204;0;0;0;True
18205;5;12;7;True
18206;4;9;5;True
18207;3;6;3;True
18208;3;4;1;True
18209;1;1;0;True
18210;6;16;10;True
18211;6;9;3;True
18212;0;0;0;True
18213;3;9;6;True
18214;2;2;0;True
18215;4;6;2;True
18216;6;12;6;True
18217;0;0;0;True
18218;3;9;6;True
18219;5;12;7;True
18220;4;12;8;True
18221;4;9;5;True
18222;3;6;3;True
18223;3;6;3;True
18224;3;4;1;True
18225;7;16;9;True
18226;2;4;2;True
18227;2;2;0;True
18228;4;6;2;True
18229;2;2;0;True
18230;2;4;2;True
18231;1;1;0;True
18232;4;9;5;True
18233;7;12;5;True
18234;4;6;2;True
18235;3;6;3;True
18236;3;6;3;True
18237;0;0;0;True
18238;1;1;0;True
18239;4;6;2;True
18240;0;0;0;True
18241;5;12;7;True
18242;5;12;7;True
18243;3;3;0;True
18244;3;3;0;True
18245;7;16;9;True
18246;0;0;0;True
18247;2;4;2;True
18248;5;9;4;True
18249;0;0;0;True
18250;3;9;6;True
18251;3;6;3;True
18252;4;9;5;True
18253;3;4;1;True
18254;1;1;0;True
18255;4;6;2;True
18256;4;12;8;True
18257;2;2;0;True
18258;4;9;5;True
18259;2;2;0;True
18260;6;12;6;True
18261;1;1;0;True
18262;1;1;0;True
18263;4;9;5;True
18264;7;12;5;True
18265;8;16;8;True
18266;3;9;6;True
18267;3;9;6;True
18268;3;4;1;True
18269;4;6;2;True
18270;2;2;0;True
18271;2;4;2;True
18272;2;4;2;True
18273;8;16;8;True
18274;1;1;0;True
18275;0;0;0;True
18276;8;12;4;True
18277;5;9;4;True
18278;2;2;0;True
18279;0;0;0;True
18280;2;4;2;True
18281;5;12;7;True
18282;3;6;3;True
18283;3;6;3;True
18284;5;9;4;True
18285;9;16;7;True
18286;2;4;2;True
18287;1;1;0;True
18288;1;1;0;True
18289;4;8;4;True
18290;0;0;0;True
18291;3;6;3;True
18292;8;16;8;True
18293;4;9;5;True
18294;3;4;1;True
18295;0;0;0;True
18296;6;16;10;True
18297;2;4;2;True
18298;4;9;5;True
18299;1;1;0;True
18300;3;6;3;True
18301;1;1;0;True
18302;3;4;1;True
18303;2;4;2;True
18304;5;12;7;True
18305;0;0;0;True
18306;5;9;4;True
18307;3;6;3;True
18308;0;0;0;True
18309;6;12;6;True
18310;3;6;3;True
18311;6;12;6;True
18312;0;0;0;True
18313;9;12;3;True
18314;8;16;8;True
18315;2;4;2;True
18316;4;12;8;True
18317;5;6;1;True
18318;5;9;4;True
18319;3;6;3;True
18320;4;9;5;True
18321;4;8;4;True
18322;3;9;6;True
18323;6;12;6;True
18324;5;12;7;True
18325;1;1;0;True
18326;3;6;3;True
18327;2;2;0;True
18328;2;4;2;True
18329;3;3;0;True
18330;5;12;7;True
18331;1;1;0;True
18332;5;16;11;True
18333;7;12;5;True
18334;5;9;4;True
18335;5;16;11;True
18336;2;2;0;True
18337;8;16;8;True
18338;5;12;7;True
18339;6;16;10;True
18340;2;4;2;True
18341;1;1;0;True
18342;2;4;2;True
18343;3;4;1;True
18344;5;9;4;True
18345;2;2;0;True
18346;4;6;2;True
18347;6;12;6;True
18348;5;12;7;True
18349;6;12;6;True
18350;6;12;6;True
18351;6;9;3;True
18352;4;6;2;True
18353;6;12;6;True
18354;2;2;0;True
18355;3;6;3;True
18356;4;8;4;True
18357;3;6;3;True
18358;5;9;4;True
18359;6;12;6;True
18360;5;16;11;True
18361;1;1;0;True
18362;1;1;0;True
18363;6;16;10;True
18364;8;16;8;True
18365;1;1;0;True
18366;5;12;7;True
18367;2;2;0;True
18368;5;12;7;True
18369;3;6;3;True
18370;1;1;0;True
18371;2;2;0;True
18372;3;6;3;True
18373;6;12;6;True
18374;5;16;11;True
18375;9;16;7;True
18376;5;9;4;True
18377;5;9;4;True
18378;7;12;5;True
18379;6;12;6;True
18380;5;9;4;True
18381;3;4;1;True
18382;3;6;3;True
18383;5;9;4;True
18384;5;12;7;True
18385;5;12;7;True
18386;5;12;7;True
18387;6;9;3;True
18388;5;12;7;True
18389;3;4;1;True
18390;1;1;0;True
18391;3;9;6;True
18392;5;12;7;True
18393;3;4;1;True
18394;0;0;0;True
18395;1;1;0;True
18396;3;9;6;True
18397;1;1;0;True
18398;2;2;0;True
18399;6;12;6;True
18400;4;6;2;True
18401;4;6;2;True
18402;4;9;5;True
18403;1;1;0;True
18404;0;0;0;True
18405;4;9;5;True
18406;5;12;7;True
18407;2;4;2;True
18408;4;9;5;True
18409;1;1;0;True
18410;2;4;2;True
18411;1;1;0;True
18412;5;16;11;True
18413;3;6;3;True
18414;3;6;3;True
18415;3;4;1;True
18416;6;12;6;True
18417;4;9;5;True
18418;7;16;9;True
18419;4;12;8;True
18420;4;9;5;True
18421;4;9;5;True
18422;6;12;6;True
18423;9;16;7;True
18424;2;2;0;True
18425;6;12;6;True
18426;6;12;6;True
18427;2;2;0;True
18428;3;6;3;True
18429;0;0;0;True
18430;3;6;3;True
18431;4;9;5;True
18432;2;2;0;True
18433;4;6;2;True
18434;0;0;0;True
18435;5;6;1;True
18436;7;12;5;True
18437;3;6;3;True
18438;3;6;3;True
18439;5;16;11;True
18440;3;6;3;True
18441;7;12;5;True
18442;7;16;9;True
18443;4;9;5;True
18444;2;4;2;True
18445;9;16;7;True
18446;7;16;9;True
18447;4;9;5;True
18448;3;6;3;True
18449;4;6;2;True
18450;2;4;2;True
18451;6;16;10;True
18452;6;16;10;True
18453;3;6;3;True
18454;3;4;1;True
18455;2;2;0;True
18456;1;1;0;True
18457;9;16;7;True
18458;7;12;5;True
18459;5;9;4;True
18460;4;9;5;True
18461;1;1;0;True
18462;3;6;3;True
18463;0;0;0;True
18464;2;4;2;True
18465;1;1;0;True
18466;6;12;6;True
18467;4;9;5;True
18468;5;16;11;True
18469;3;4;1;True
18470;4;8;4;True
18471;6;12;6;True
18472;2;4;2;True
18473;3;6;3;True
18474;7;12;5;True
18475;4;6;2;True
18476;6;16;10;True
18477;4;9;5;True
18478;1;1;0;True
18479;9;12;3;True
18480;5;9;4;True
18481;10;16;6;True
18482;6;12;6;True
18483;6;12;6;True
18484;3;4;1;True
18485;4;12;8;True
18486;0;0;0;True
18487;5;12;7;True
18488;6;12;6;True
18489;8;16;8;True
18490;4;12;8;True
18491;4;9;5;True
18492;5;9;4;True
18493;6;9;3;True
18494;4;6;2;True
18495;2;2;0;True
18496;9;12;3;True
18497;1;1;0;True
18498;1;1;0;True
18499;3;4;1;True
18500;2;2;0;True
18501;4;6;2;True
18502;1;1;0;True
18503;4;9;5;True
18504;2;4;2;True
18505;3;9;6;True
18506;3;9;6;True
18507;5;12;7;True
18508;9;16;7;True
18509;1;1;0;True
18510;5;12;7;True
18511;3;6;3;True
18512;5;12;7;True
18513;3;9;6;True
18514;7;9;2;True
18515;3;6;3;True
18516;3;6;3;True
18517;2;2;0;True
18518;6;9;3;True
18519;2;2;0;True
18520;7;12;5;True
18521;4;6;2;True
18522;11;16;5;True
18523;4;6;2;True
18524;2;4;2;True
18525;5;12;7;True
18526;6;12;6;True
18527;2;2;0;True
18528;1;1;0;True
18529;0;0;0;True
18530;5;9;4;True
18531;3;9;6;True
18532;1;1;0;True
18533;2;2;0;True
18534;1;1;0;True
18535;7;12;5;True
18536;2;2;0;True
18537;3;6;3;True
18538;4;12;8;True
18539;3;4;1;True
18540;0;0;0;True
18541;5;12;7;True
18542;4;9;5;True
18543;5;9;4;True
18544;3;9;6;True
18545;3;6;3;True
18546;3;4;1;True
18547;1;1;0;True
18548;1;1;0;True
18549;2;4;2;True
18550;8;16;8;True
18551;1;1;0;True
18552;7;12;5;True
18553;0;0;0;True
18554;5;12;7;True
18555;6;16;10;True
18556;3;4;1;True
18557;2;4;2;True
18558;3;6;3;True
18559;5;9;4;True
18560;1;1;0;True
18561;2;2;0;True
18562;5;16;11;True
18563;5;9;4;True
18564;4;9;5;True
18565;1;1;0;True
18566;2;4;2;True
18567;2;4;2;True
18568;1;1;0;True
18569;0;0;0;True
18570;2;2;0;True
18571;4;9;5;True
18572;3;9;6;True
18573;2;4;2;True
18574;0;0;0;True
18575;7;12;5;True
18576;6;12;6;True
18577;1;1;0;True
18578;4;9;5;True
18579;1;1;0;True
18580;5;9;4;True
18581;6;12;6;True
18582;1;1;0;True
18583;1;1;0;True
18584;3;6;3;True
18585;3;3;0;True
18586;5;12;7;True
18587;1;1;0;True
18588;1;1;0;True
18589;4;8;4;True
18590;1;1;0;True
18591;1;1;0;True
18592;5;9;4;True
18593;4;9;5;True
18594;6;8;2;True
18595;4;9;5;True
18596;4;6;2;True
18597;5;16;11;True
18598;8;16;8;True
18599;5;9;4;True
18600;0;0;0;True
18601;4;9;5;True
18602;2;4;2;True
18603;8;16;8;True
18604;3;4;1;True
18605;4;8;4;True
18606;8;12;4;True
18607;4;6;2;True
18608;2;4;2;True
18609;4;9;5;True
18610;6;12;6;True
18611;3;9;6;True
18612;6;16;10;True
18613;3;4;1;True
18614;4;9;5;True
18615;4;12;8;True
18616;6;9;3;True
18617;2;4;2;True
18618;5;8;3;True
18619;2;2;0;True
18620;3;6;3;True
18621;3;4;1;True
18622;4;12;8;True
18623;8;12;4;True
18624;4;9;5;True
18625;10;16;6;True
18626;6;9;3;True
18627;0;0;0;True
18628;3;9;6;True
18629;8;16;8;True
18630;3;4;1;True
18631;5;9;4;True
18632;7;16;9;True
18633;7;16;9;True
18634;5;12;7;True
18635;5;12;7;True
18636;5;16;11;True
18637;8;12;4;True
18638;8;12;4;True
18639;5;9;4;True
18640;6;12;6;True
18641;5;9;4;True
18642;2;2;0;True
18643;6;12;6;True
18644;2;2;0;True
18645;3;6;3;True
18646;1;1;0;True
18647;3;6;3;True
18648;3;4;1;True
18649;3;9;6;True
18650;1;1;0;True
18651;6;9;3;True
18652;2;4;2;True
18653;3;9;6;True
18654;5;12;7;True
18655;2;4;2;True
18656;7;16;9;True
18657;3;9;6;True
18658;1;1;0;True
18659;3;4;1;True
18660;1;1;0;True
18661;3;6;3;True
18662;3;6;3;True
18663;2;2;0;True
18664;1;1;0;True
18665;3;4;1;True
18666;3;6;3;True
18667;5;12;7;True
18668;3;6;3;True
18669;1;1;0;True
18670;1;1;0;True
18671;2;2;0;True
18672;5;8;3;True
18673;3;4;1;True
18674;1;1;0;True
18675;4;8;4;True
18676;5;9;4;True
18677;3;6;3;True
18678;7;16;9;True
18679;6;12;6;True
18680;9;12;3;True
18681;3;6;3;True
18682;5;9;4;True
18683;0;0;0;True
18684;4;6;2;True
18685;3;9;6;True
18686;3;6;3;True
18687;5;9;4;True
18688;4;9;5;True
18689;3;4;1;True
18690;7;12;5;True
18691;2;4;2;True
18692;4;9;5;True
18693;3;3;0;True
18694;2;2;0;True
18695;3;6;3;True
18696;3;4;1;True
18697;7;16;9;True
18698;1;1;0;True
18699;5;12;7;True
18700;5;12;7;True
18701;6;16;10;True
18702;3;6;3;True
18703;2;2;0;True
18704;2;4;2;True
18705;6;12;6;True
18706;4;9;5;True
18707;5;6;1;True
18708;1;1;0;True
18709;1;1;0;True
18710;3;9;6;True
18711;4;6;2;True
18712;1;1;0;True
18713;1;1;0;True
18714;4;9;5;True
18715;3;9;6;True
18716;4;16;12;True
18717;3;4;1;True
18718;0;0;0;True
18719;0;0;0;True
18720;2;4;2;True
18721;8;16;8;True
18722;5;9;4;True
18723;5;16;11;True
18724;0;0;0;True
18725;7;16;9;True
18726;2;2;0;True
18727;3;6;3;True
18728;8;16;8;True
18729;1;1;0;True
18730;3;6;3;True
18731;4;6;2;True
18732;7;16;9;True
18733;7;16;9;True
18734;1;1;0;True
18735;1;1;0;True
18736;7;16;9;True
18737;5;12;7;True
18738;4;9;5;True
18739;4;6;2;True
18740;7;9;2;True
18741;1;1;0;True
18742;7;16;9;True
18743;7;12;5;True
18744;5;9;4;True
18745;4;9;5;True
18746;1;1;0;True
18747;5;12;7;True
18748;4;9;5;True
18749;5;8;3;True
18750;6;16;10;True
18751;7;12;5;True
18752;0;0;0;True
18753;4;6;2;True
18754;4;9;5;True
18755;3;4;1;True
18756;7;9;2;True
18757;3;3;0;True
18758;1;1;0;True
18759;6;16;10;True
18760;3;4;1;True
18761;4;9;5;True
18762;4;9;5;True
18763;6;16;10;True
18764;0;0;0;True
18765;4;6;2;True
18766;5;9;4;True
18767;5;9;4;True
18768;9;16;7;True
18769;1;1;0;True
18770;2;2;0;True
18771;1;1;0;True
18772;4;6;2;True
18773;3;6;3;True
18774;2;4;2;True
18775;2;4;2;True
18776;4;9;5;True
18777;6;12;6;True
18778;4;6;2;True
18779;2;4;2;True
18780;2;4;2;True
18781;9;16;7;True
18782;1;1;0;True
18783;3;6;3;True
18784;7;12;5;True
18785;0;0;0;True
18786;0;0;0;True
18787;2;2;0;True
18788;2;2;0;True
18789;3;6;3;True
18790;11;16;5;True
18791;3;6;3;True
18792;7;16;9;True
18793;0;0;0;True
18794;4;9;5;True
18795;4;12;8;True
18796;4;12;8;True
18797;7;12;5;True
18798;6;12;6;True
18799;3;6;3;True
18800;10;16;6;True
18801;4;9;5;True
18802;3;6;3;True
18803;3;6;3;True
18804;5;16;11;True
18805;2;2;0;True
18806;1;1;0;True
18807;0;0;0;True
18808;3;6;3;True
18809;1;1;0;True
18810;10;16;6;True
18811;7;12;5;True
18812;2;2;0;True
18813;4;8;4;True
18814;4;9;5;True
18815;8;16;8;True
18816;5;6;1;True
18817;7;12;5;True
18818;10;16;6;True
18819;2;4;2;True
18820;3;9;6;True
18821;8;16;8;True
18822;3;4;1;True
18823;3;6;3;True
18824;8;16;8;True
18825;6;16;10;True
18826;0;0;0;True
18827;6;12;6;True
18828;7;16;9;True
18829;5;8;3;True
18830;3;9;6;True
18831;1;1;0;True
18832;2;2;0;True
18833;5;6;1;True
18834;4;9;5;True
18835;5;9;4;True
18836;3;6;3;True
18837;4;12;8;True
18838;4;12;8;True
18839;11;16;5;True
18840;5;12;7;True
18841;2;2;0;True
18842;3;6;3;True
18843;2;2;0;True
18844;3;6;3;True
18845;3;4;1;True
18846;1;1;0;True
18847;7;16;9;True
18848;4;12;8;True
18849;1;1;0;True
18850;1;1;0;True
18851;3;6;3;True
18852;6;12;6;True
18853;3;6;3;True
18854;5;6;1;True
18855;6;12;6;True
18856;4;6;2;True
18857;2;4;2;True
18858;0;0;0;True
18859;6;16;10;True
18860;2;2;0;True
18861;5;12;7;True
18862;1;1;0;True
18863;5;12;7;True
18864;3;6;3;True
18865;7;16;9;True
18866;2;4;2;True
18867;0;0;0;True
18868;4;12;8;True
18869;4;9;5;True
18870;6;16;10;True
18871;3;6;3;True
18872;6;12;6;True
18873;3;9;6;True
18874;7;12;5;True
18875;4;6;2;True
18876;3;4;1;True
18877;4;12;8;True
18878;6;12;6;True
18879;9;12;3;True
18880;7;12;5;True
18881;4;6;2;True
18882;7;16;9;True
18883;6;16;10;True
18884;6;9;3;True
18885;0;0;0;True
18886;3;6;3;True
18887;2;4;2;True
18888;1;1;0;True
18889;5;12;7;True
18890;0;0;0;True
18891;5;12;7;True
18892;5;16;11;True
18893;4;9;5;True
18894;1;1;0;True
18895;0;0;0;True
18896;5;12;7;True
18897;8;16;8;True
18898;7;12;5;True
18899;5;9;4;True
18900;4;9;5;True
18901;4;8;4;True
18902;9;16;7;True
18903;3;9;6;True
18904;3;9;6;True
18905;3;9;6;True
18906;3;6;3;True
18907;4;9;5;True
18908;3;4;1;True
18909;3;9;6;True
18910;2;2;0;True
18911;6;12;6;True
18912;3;3;0;True
18913;1;1;0;True
18914;8;16;8;True
18915;4;9;5;True
18916;6;12;6;True
18917;5;9;4;True
18918;6;12;6;True
18919;3;9;6;True
18920;0;0;0;True
18921;5;12;7;True
18922;1;1;0;True
18923;4;9;5;True
18924;1;1;0;True
18925;10;16;6;True
18926;1;1;0;True
18927;4;8;4;True
18928;3;6;3;True
18929;5;12;7;True
18930;3;6;3;True
18931;4;6;2;True
18932;1;1;0;True
18933;2;4;2;True
18934;5;9;4;True
18935;5;12;7;True
18936;4;9;5;True
18937;2;4;2;True
18938;3;6;3;True
18939;2;4;2;True
18940;2;4;2;True
18941;6;16;10;True
18942;0;0;0;True
18943;7;16;9;True
18944;4;8;4;True
18945;5;12;7;True
18946;3;6;3;True
18947;4;6;2;True
18948;1;1;0;True
18949;0;0;0;True
18950;0;0;0;True
18951;5;16;11;True
18952;2;4;2;True
18953;1;1;0;True
18954;3;3;0;True
18955;2;4;2;True
18956;5;12;7;True
18957;3;4;1;True
18958;2;4;2;True
18959;9;16;7;True
18960;3;6;3;True
18961;8;16;8;True
18962;2;2;0;True
18963;1;1;0;True
18964;2;2;0;True
18965;5;9;4;True
18966;7;16;9;True
18967;0;0;0;True
18968;1;1;0;True
18969;0;0;0;True
18970;4;6;2;True
18971;0;0;0;True
18972;5;8;3;True
18973;7;16;9;True
18974;8;12;4;True
18975;2;4;2;True
18976;6;12;6;True
18977;6;12;6;True
18978;2;2;0;True
18979;7;12;5;True
18980;0;0;0;True
18981;3;6;3;True
18982;2;4;2;True
18983;1;1;0;True
18984;7;16;9;True
18985;6;12;6;True
18986;3;6;3;True
18987;1;1;0;True
18988;3;6;3;True
18989;4;6;2;True
18990;2;4;2;True
18991;4;12;8;True
18992;2;4;2;True
18993;4;8;4;True
18994;0;0;0;True
18995;2;2;0;True
18996;4;6;2;True
18997;3;6;3;True
18998;4;6;2;True
18999;2;4;2;True
19000;9;16;7;True
19001;1;1;0;True
19002;1;1;0;True
19003;0;0;0;True
19004;1;1;0;True
19005;0;0;0;True
19006;3;4;1;True
19007;3;9;6;True
19008;8;12;4;True
19009;8;12;4;True
19010;3;4;1;True
19011;3;6;3;True
19012;8;16;8;True
19013;7;12;5;True
19014;3;4;1;True
19015;6;12;6;True
19016;2;2;0;True
19017;5;12;7;True
19018;4;6;2;True
19019;1;1;0;True
19020;1;1;0;True
19021;3;6;3;True
19022;2;4;2;True
19023;2;4;2;True
19024;3;4;1;True
19025;2;4;2;True
19026;5;9;4;True
19027;3;4;1;True
19028;6;12;6;True
19029;0;0;0;True
19030;3;4;1;True
19031;3;6;3;True
19032;4;12;8;True
19033;1;1;0;True
19034;3;4;1;True
19035;5;9;4;True
19036;6;9;3;True
19037;8;16;8;True
19038;3;4;1;True
19039;5;16;11;True
19040;6;12;6;True
19041;2;2;0;True
19042;6;16;10;True
19043;2;2;0;True
19044;3;9;6;True
19045;6;8;2;True
19046;1;1;0;True
19047;4;6;2;True
19048;4;12;8;True
19049;0;0;0;True
19050;1;1;0;True
19051;3;6;3;True
19052;2;4;2;True
19053;1;1;0;True
19054;2;4;2;True
19055;5;9;4;True
19056;1;1;0;True
19057;3;6;3;True
19058;2;4;2;True
19059;6;12;6;True
19060;5;9;4;True
19061;4;16;12;True
19062;8;16;8;True
19063;3;6;3;True
19064;4;9;5;True
19065;5;9;4;True
19066;6;16;10;True
19067;5;12;7;True
19068;2;4;2;True
19069;5;16;11;True
19070;1;1;0;True
19071;8;16;8;True
19072;5;8;3;True
19073;4;9;5;True
19074;3;4;1;True
19075;1;1;0;True
19076;6;9;3;True
19077;1;1;0;True
19078;3;6;3;True
19079;3;6;3;True
19080;8;12;4;True
19081;2;4;2;True
19082;3;6;3;True
19083;1;1;0;True
19084;4;9;5;True
19085;3;6;3;True
19086;3;4;1;True
19087;5;16;11;True
19088;1;1;0;True
19089;4;6;2;True
19090;2;4;2;True
19091;2;4;2;True
19092;2;2;0;True
19093;3;6;3;True
19094;2;4;2;True
19095;3;6;3;True
19096;3;3;0;True
19097;7;16;9;True
19098;2;2;0;True
19099;6;12;6;True
19100;6;12;6;True
19101;4;9;5;True
19102;5;12;7;True
19103;7;12;5;True
19104;0;0;0;True
19105;3;9;6;True
19106;3;3;0;True
19107;5;9;4;True
19108;2;4;2;True
19109;2;4;2;True
19110;7;16;9;True
19111;5;9;4;True
19112;8;12;4;True
19113;4;6;2;True
19114;2;2;0;True
19115;6;9;3;True
19116;3;4;1;True
19117;0;0;0;True
19118;9;16;7;True
19119;4;9;5;True
19120;3;9;6;True
19121;0;0;0;True
19122;6;6;0;True
19123;2;4;2;True
19124;2;4;2;True
19125;3;6;3;True
19126;6;16;10;True
19127;8;12;4;True
19128;6;12;6;True
19129;3;4;1;True
19130;5;12;7;True
19131;5;12;7;True
19132;5;12;7;True
19133;4;6;2;True
19134;4;6;2;True
19135;1;1;0;True
19136;11;16;5;True
19137;4;9;5;True
19138;3;6;3;True
19139;8;16;8;True
19140;3;4;1;True
19141;1;1;0;True
19142;4;8;4;True
19143;4;9;5;True
19144;1;1;0;True
19145;1;1;0;True
19146;4;16;12;True
19147;3;6;3;True
19148;3;6;3;True
19149;5;16;11;True
19150;5;6;1;True
19151;3;4;1;True
19152;6;12;6;True
19153;3;9;6;True
19154;4;8;4;True
19155;5;8;3;True
19156;1;1;0;True
19157;8;16;8;True
19158;4;6;2;True
19159;3;6;3;True
19160;6;9;3;True
19161;3;6;3;True
19162;1;1;0;True
19163;3;6;3;True
19164;2;4;2;True
19165;4;6;2;True
19166;1;1;0;True
19167;4;9;5;True
19168;3;6;3;True
19169;2;4;2;True
19170;1;1;0;True
19171;4;6;2;True
19172;3;6;3;True
19173;2;2;0;True
19174;3;9;6;True
19175;2;2;0;True
19176;4;12;8;True
19177;7;12;5;True
19178;7;16;9;True
19179;0;0;0;True
19180;2;4;2;True
19181;10;16;6;True
19182;3;6;3;True
19183;9;16;7;True
19184;4;9;5;True
19185;3;4;1;True
19186;6;9;3;True
19187;2;4;2;True
19188;4;12;8;True
19189;2;2;0;True
19190;9;16;7;True
19191;4;6;2;True
19192;0;0;0;True
19193;4;9;5;True
19194;1;1;0;True
19195;3;6;3;True
19196;0;0;0;True
19197;4;6;2;True
19198;2;4;2;True
19199;2;4;2;True
19200;5;12;7;True
19201;4;6;2;True
19202;2;2;0;True
19203;3;9;6;True
19204;6;9;3;True
19205;8;16;8;True
19206;1;1;0;True
19207;3;4;1;True
19208;7;12;5;True
19209;5;9;4;True
19210;1;1;0;True
19211;6;12;6;True
19212;6;16;10;True
19213;1;1;0;True
19214;6;9;3;True
19215;1;1;0;True
19216;5;12;7;True
19217;4;9;5;True
19218;2;4;2;True
19219;1;1;0;True
19220;2;4;2;True
19221;3;6;3;True
19222;2;2;0;True
19223;2;2;0;True
19224;0;0;0;True
19225;1;1;0;True
19226;4;9;5;True
19227;2;4;2;True
19228;4;9;5;True
19229;3;6;3;True
19230;6;12;6;True
19231;3;6;3;True
19232;2;4;2;True
19233;6;12;6;True
19234;5;16;11;True
19235;0;0;0;True
19236;2;4;2;True
19237;1;1;0;True
19238;1;1;0;True
19239;2;4;2;True
19240;5;8;3;True
19241;8;12;4;True
19242;2;2;0;True
19243;3;6;3;True
19244;5;16;11;True
19245;5;9;4;True
19246;3;4;1;True
19247;9;16;7;True
19248;5;12;7;True
19249;7;16;9;True
19250;7;12;5;True
19251;7;12;5;True
19252;5;12;7;True
19253;3;9;6;True
19254;2;2;0;True
19255;5;12;7;True
19256;4;8;4;True
19257;4;9;5;True
19258;4;4;0;True
19259;4;6;2;True
19260;1;1;0;True
19261;7;12;5;True
19262;5;9;4;True
19263;9;16;7;True
19264;5;9;4;True
19265;6;16;10;True
19266;2;4;2;True
19267;3;4;1;True
19268;2;4;2;True
19269;4;9;5;True
19270;3;4;1;True
19271;3;9;6;True
19272;4;6;2;True
19273;2;4;2;True
19274;4;9;5;True
19275;4;12;8;True
19276;3;6;3;True
19277;4;9;5;True
19278;6;9;3;True
19279;8;16;8;True
19280;3;4;1;True
19281;5;9;4;True
19282;6;16;10;True
19283;5;8;3;True
19284;2;4;2;True
19285;2;4;2;True
19286;5;12;7;True
19287;3;6;3;True
19288;4;6;2;True
19289;5;9;4;True
19290;0;0;0;True
19291;4;9;5;True
19292;1;1;0;True
19293;2;4;2;True
19294;2;2;0;True
19295;6;12;6;True
19296;3;9;6;True
19297;1;1;0;True
19298;4;8;4;True
19299;3;6;3;True
19300;4;9;5;True
19301;1;1;0;True
19302;7;12;5;True
19303;2;4;2;True
19304;5;16;11;True
19305;3;9;6;True
19306;3;4;1;True
19307;4;9;5;True
19308;6;12;6;True
19309;4;12;8;True
19310;12;16;4;True
19311;6;9;3;True
19312;3;9;6;True
19313;0;0;0;True
19314;7;12;5;True
19315;1;1;0;True
19316;7;16;9;True
19317;1;1;0;True
19318;3;6;3;True
19319;3;6;3;True
19320;4;9;5;True
19321;6;12;6;True
19322;2;4;2;True
19323;4;9;5;True
19324;0;0;0;True
19325;6;16;10;True
19326;1;1;0;True
19327;4;8;4;True
19328;6;12;6;True
19329;6;12;6;True
19330;4;12;8;True
19331;6;8;2;True
19332;2;4;2;True
19333;3;6;3;True
19334;3;6;3;True
19335;3;6;3;True
19336;0;0;0;True
19337;2;4;2;True
19338;1;1;0;True
19339;3;6;3;True
19340;2;2;0;True
19341;1;1;0;True
19342;3;6;3;True
19343;3;6;3;True
19344;2;2;0;True
19345;2;4;2;True
19346;5;9;4;True
19347;1;1;0;True
19348;5;12;7;True
19349;4;9;5;True
19350;7;12;5;True
19351;7;16;9;True
19352;3;4;1;True
19353;7;16;9;True
19354;7;12;5;True
19355;3;4;1;True
19356;5;8;3;True
19357;5;12;7;True
19358;6;12;6;True
19359;4;6;2;True
19360;7;16;9;True
19361;1;1;0;True
19362;4;12;8;True
19363;4;9;5;True
19364;2;2;0;True
19365;7;12;5;True
19366;7;12;5;True
19367;3;6;3;True
19368;6;9;3;True
19369;6;12;6;True
19370;6;16;10;True
19371;3;6;3;True
19372;2;4;2;True
19373;1;1;0;True
19374;4;6;2;True
19375;3;9;6;True
19376;9;16;7;True
19377;2;4;2;True
19378;5;8;3;True
19379;3;3;0;True
19380;5;12;7;True
19381;1;1;0;True
19382;1;1;0;True
19383;5;9;4;True
19384;2;4;2;True
19385;5;12;7;True
19386;5;12;7;True
19387;1;1;0;True
19388;3;6;3;True
19389;4;12;8;True
19390;0;0;0;True
19391;3;6;3;True
19392;2;4;2;True
19393;3;6;3;True
19394;0;0;0;True
19395;2;4;2;True
19396;1;1;0;True
19397;2;2;0;True
19398;2;2;0;True
19399;5;16;11;True
19400;1;1;0;True
19401;6;12;6;True
19402;3;6;3;True
19403;4;9;5;True
19404;8;12;4;True
19405;4;9;5;True
19406;6;16;10;True
19407;5;9;4;True
19408;1;1;0;True
19409;3;6;3;True
19410;3;6;3;True
19411;2;2;0;True
19412;4;9;5;True
19413;6;16;10;True
19414;8;16;8;True
19415;4;8;4;True
19416;4;12;8;True
19417;4;9;5;True
19418;7;16;9;True
19419;4;6;2;True
19420;5;9;4;True
19421;0;0;0;True
19422;1;1;0;True
19423;1;1;0;True
19424;4;12;8;True
19425;4;6;2;True
19426;5;8;3;True
19427;5;8;3;True
19428;4;9;5;True
19429;3;4;1;True
19430;3;6;3;True
19431;2;4;2;True
19432;4;8;4;True
19433;0;0;0;True
19434;3;6;3;True
19435;4;6;2;True
19436;4;9;5;True
19437;0;0;0;True
19438;5;12;7;True
19439;1;1;0;True
19440;2;4;2;True
19441;3;9;6;True
19442;1;1;0;True
19443;2;2;0;True
19444;3;4;1;True
19445;3;9;6;True
19446;0;0;0;True
19447;4;9;5;True
19448;4;6;2;True
19449;1;1;0;True
19450;4;9;5;True
19451;2;4;2;True
19452;7;12;5;True
19453;6;9;3;True
19454;0;0;0;True
19455;5;12;7;True
19456;8;16;8;True
19457;1;1;0;True
19458;1;1;0;True
19459;7;16;9;True
19460;5;9;4;True
19461;3;6;3;True
19462;3;4;1;True
19463;3;6;3;True
19464;5;9;4;True
19465;2;4;2;True
19466;6;12;6;True
19467;6;16;10;True
19468;1;1;0;True
19469;0;0;0;True
19470;7;16;9;True
19471;3;6;3;True
19472;2;2;0;True
19473;3;6;3;True
19474;1;1;0;True
19475;5;12;7;True
19476;6;16;10;True
19477;0;0;0;True
19478;2;4;2;True
19479;4;8;4;True
19480;1;1;0;True
19481;6;12;6;True
19482;5;8;3;True
19483;2;2;0;True
19484;3;6;3;True
19485;6;12;6;True
19486;5;12;7;True
19487;3;4;1;True
19488;7;12;5;True
19489;5;12;7;True
19490;6;9;3;True
19491;6;12;6;True
19492;3;6;3;True
19493;2;2;0;True
19494;7;16;9;True
19495;0;0;0;True
19496;3;4;1;True
19497;4;12;8;True
19498;4;9;5;True
19499;2;4;2;True
19500;2;4;2;True
19501;6;9;3;True
19502;1;1;0;True
19503;3;9;6;True
19504;4;9;5;True
19505;5;9;4;True
19506;6;12;6;True
19507;2;2;0;True
19508;3;4;1;True
19509;4;9;5;True
19510;5;12;7;True
19511;7;12;5;True
19512;1;1;0;True
19513;8;12;4;True
19514;4;6;2;True
19515;3;9;6;True
19516;5;12;7;True
19517;3;4;1;True
19518;2;2;0;True
19519;6;12;6;True
19520;1;1;0;True
19521;2;2;0;True
19522;5;9;4;True
19523;2;2;0;True
19524;2;2;0;True
19525;1;1;0;True
19526;4;9;5;True
19527;7;12;5;True
19528;4;6;2;True
19529;5;12;7;True
19530;1;1;0;True
19531;5;9;4;True
19532;6;9;3;True
19533;1;1;0;True
19534;0;0;0;True
19535;3;4;1;True
19536;2;4;2;True
19537;7;16;9;True
19538;5;12;7;True
19539;3;6;3;True
19540;5;9;4;True
19541;3;6;3;True
19542;4;9;5;True
19543;2;4;2;True
19544;1;1;0;True
19545;6;12;6;True
19546;4;9;5;True
19547;7;16;9;True
19548;5;16;11;True
19549;1;1;0;True
19550;5;12;7;True
19551;4;12;8;True
19552;3;6;3;True
19553;6;16;10;True
19554;7;12;5;True
19555;0;0;0;True
19556;3;9;6;True
19557;2;4;2;True
19558;4;8;4;True
19559;2;4;2;True
19560;5;12;7;True
19561;7;12;5;True
19562;2;2;0;True
19563;4;9;5;True
19564;3;6;3;True
19565;2;2;0;True
19566;5;9;4;True
19567;3;6;3;True
19568;2;4;2;True
19569;1;1;0;True
19570;3;9;6;True
19571;1;1;0;True
19572;3;6;3;True
19573;5;12;7;True
19574;2;2;0;True
19575;1;1;0;True
19576;6;16;10;True
19577;1;1;0;True
19578;4;9;5;True
19579;0;0;0;True
19580;5;9;4;True
19581;9;16;7;True
19582;3;6;3;True
19583;3;3;0;True
19584;7;16;9;True
19585;1;1;0;True
19586;1;1;0;True
19587;3;4;1;True
19588;1;1;0;True
19589;6;12;6;True
19590;2;4;2;True
19591;3;4;1;True
19592;1;1;0;True
19593;4;9;5;True
19594;0;0;0;True
19595;3;6;3;True
19596;5;9;4;True
19597;5;16;11;True
19598;2;2;0;True
19599;5;12;7;True
19600;3;6;3;True
19601;1;1;0;True
19602;4;8;4;True
19603;7;16;9;True
19604;1;1;0;True
19605;5;9;4;True
19606;3;4;1;True
19607;7;16;9;True
19608;5;6;1;True
19609;6;16;10;True
19610;3;6;3;True
19611;4;8;4;True
19612;6;16;10;True
19613;5;8;3;True
19614;3;9;6;True
19615;2;4;2;True
19616;3;4;1;True
19617;8;12;4;True
19618;4;9;5;True
19619;4;12;8;True
19620;1;1;0;True
19621;3;9;6;True
19622;2;4;2;True
19623;7;16;9;True
19624;2;4;2;True
19625;1;1;0;True
19626;1;1;0;True
19627;2;4;2;True
19628;5;12;7;True
19629;0;0;0;True
19630;2;4;2;True
19631;2;2;0;True
19632;4;12;8;True
19633;3;6;3;True
19634;5;9;4;True
19635;5;16;11;True
19636;4;9;5;True
19637;2;2;0;True
19638;2;4;2;True
19639;3;6;3;True
19640;4;12;8;True
19641;2;2;0;True
19642;0;0;0;True
19643;4;6;2;True
19644;3;6;3;True
19645;1;1;0;True
19646;5;12;7;True
19647;1;1;0;True
19648;2;4;2;True
19649;3;6;3;True
19650;4;12;8;True
19651;8;16;8;True
19652;4;9;5;True
19653;4;12;8;True
19654;4;6;2;True
19655;2;2;0;True
19656;4;12;8;True
19657;0;0;0;True
19658;3;4;1;True
19659;2;4;2;True
19660;2;2;0;True
19661;3;4;1;True
19662;6;12;6;True
19663;3;6;3;True
19664;7;9;2;True
19665;7;12;5;True
19666;1;1;0;True
19667;4;9;5;True
19668;6;16;10;True
19669;2;2;0;True
19670;8;16;8;True
19671;3;3;0;True
19672;3;4;1;True
19673;0;0;0;True
19674;3;4;1;True
19675;4;6;2;True
19676;1;1;0;True
19677;1;1;0;True
19678;2;2;0;True
19679;1;1;0;True
19680;6;16;10;True
19681;1;1;0;True
19682;4;9;5;True
19683;3;6;3;True
19684;7;16;9;True
19685;4;9;5;True
19686;0;0;0;True
19687;1;1;0;True
19688;3;6;3;True
19689;2;4;2;True
19690;7;16;9;True
19691;5;9;4;True
19692;2;2;0;True
19693;2;2;0;True
19694;5;12;7;True
19695;7;9;2;True
19696;10;16;6;True
19697;7;8;1;True
19698;5;9;4;True
19699;5;12;7;True
19700;4;9;5;True
19701;0;0;0;True
19702;2;4;2;True
19703;7;16;9;True
19704;2;4;2;True
19705;2;4;2;True
19706;2;2;0;True
19707;2;4;2;True
19708;4;9;5;True
19709;1;1;0;True
19710;7;8;1;True
19711;6;16;10;True
19712;9;16;7;True
19713;5;12;7;True
19714;1;1;0;True
19715;5;12;7;True
19716;5;16;11;True
19717;8;12;4;True
19718;2;4;2;True
19719;1;1;0;True
19720;3;4;1;True
19721;5;12;7;True
19722;6;12;6;True
19723;1;1;0;True
19724;5;12;7;True
19725;1;1;0;True
19726;5;12;7;True
19727;7;12;5;True
19728;8;12;4;True
19729;6;12;6;True
19730;3;4;1;True
19731;5;12;7;True
19732;5;12;7;True
19733;1;1;0;True
19734;4;6;2;True
19735;8;12;4;True
19736;8;16;8;True
19737;1;1;0;True
19738;3;6;3;True
19739;5;16;11;True
19740;3;9;6;True
19741;5;12;7;True
19742;4;12;8;True
19743;3;6;3;True
19744;6;16;10;True
19745;2;4;2;True
19746;9;16;7;True
19747;4;12;8;True
19748;6;12;6;True
19749;3;9;6;True
19750;2;4;2;True
19751;4;6;2;True
19752;5;16;11;True
19753;3;9;6;True
19754;4;6;2;True
19755;4;16;12;True
19756;6;16;10;True
19757;4;6;2;True
19758;0;0;0;True
19759;7;9;2;True
19760;1;1;0;True
19761;7;16;9;True
19762;2;4;2;True
19763;0;0;0;True
19764;7;12;5;True
19765;2;4;2;True
19766;2;2;0;True
19767;6;16;10;True
19768;3;4;1;True
19769;1;1;0;True
19770;1;1;0;True
19771;10;16;6;True
19772;3;9;6;True
19773;4;6;2;True
19774;5;8;3;True
19775;3;6;3;True
19776;7;16;9;True
19777;4;9;5;True
19778;7;16;9;True
19779;0;0;0;True
19780;1;1;0;True
19781;6;16;10;True
19782;1;1;0;True
19783;3;9;6;True
19784;3;6;3;True
19785;1;1;0;True
19786;4;6;2;True
19787;6;12;6;True
19788;7;9;2;True
19789;3;3;0;True
19790;4;9;5;True
19791;8;16;8;True
19792;4;8;4;True
19793;2;4;2;True
19794;5;12;7;True
19795;9;16;7;True
19796;5;6;1;True
19797;5;12;7;True
19798;3;4;1;True
19799;2;2;0;True
19800;1;1;0;True
19801;6;12;6;True
19802;5;9;4;True
19803;5;16;11;True
19804;4;9;5;True
19805;3;4;1;True
19806;5;12;7;True
19807;4;12;8;True
19808;4;8;4;True
19809;2;4;2;True
19810;7;16;9;True
19811;3;6;3;True
19812;7;12;5;True
19813;1;1;0;True
19814;4;9;5;True
19815;6;6;0;True
19816;4;16;12;True
19817;4;6;2;True
19818;5;9;4;True
19819;6;12;6;True
19820;4;6;2;True
19821;2;4;2;True
19822;2;4;2;True
19823;3;6;3;True
19824;1;1;0;True
19825;5;12;7;True
19826;3;6;3;True
19827;1;1;0;True
19828;3;9;6;True
19829;1;1;0;True
19830;2;4;2;True
19831;8;16;8;True
19832;6;16;10;True
19833;4;6;2;True
19834;4;12;8;True
19835;3;6;3;True
19836;4;12;8;True
19837;2;4;2;True
19838;5;9;4;True
19839;2;4;2;True
19840;8;16;8;True
19841;6;12;6;True
19842;2;2;0;True
19843;1;1;0;True
19844;4;4;0;True
19845;2;4;2;True
19846;2;2;0;True
19847;1;1;0;True
19848;2;4;2;True
19849;2;4;2;True
19850;5;12;7;True
19851;1;1;0;True
19852;4;6;2;True
19853;3;6;3;True
19854;1;1;0;True
19855;1;1;0;True
19856;3;9;6;True
19857;2;4;2;True
19858;4;9;5;True
19859;4;6;2;True
19860;6;12;6;True
19861;6;12;6;True
19862;1;1;0;True
19863;5;9;4;True
19864;3;6;3;True
19865;7;9;2;True
19866;7;16;9;True
19867;6;16;10;True
19868;2;2;0;True
19869;2;4;2;True
19870;6;9;3;True
19871;2;4;2;True
19872;6;12;6;True
19873;2;2;0;True
19874;4;12;8;True
19875;3;6;3;True
19876;4;6;2;True
19877;2;2;0;True
19878;0;0;0;True
19879;7;16;9;True
19880;4;9;5;True
19881;0;0;0;True
19882;4;9;5;True
19883;3;6;3;True
19884;5;9;4;True
19885;3;3;0;True
19886;6;12;6;True
19887;3;6;3;True
19888;3;6;3;True
19889;4;9;5;True
19890;5;9;4;True
19891;1;1;0;True
19892;1;1;0;True
19893;3;6;3;True
19894;4;6;2;True
19895;1;1;0;True
19896;3;4;1;True
19897;3;6;3;True
19898;1;1;0;True
19899;8;12;4;True
19900;2;2;0;True
19901;3;9;6;True
19902;3;4;1;True
19903;5;9;4;True
19904;0;0;0;True
19905;5;12;7;True
19906;1;1;0;True
19907;5;16;11;True
19908;2;4;2;True
19909;3;9;6;True
19910;3;4;1;True
19911;3;9;6;True
19912;5;12;7;True
19913;5;12;7;True
19914;4;6;2;True
19915;2;4;2;True
19916;9;16;7;True
19917;8;12;4;True
19918;3;6;3;True
19919;3;4;1;True
19920;4;6;2;True
19921;6;12;6;True
19922;1;1;0;True
19923;2;4;2;True
19924;6;16;10;True
19925;2;4;2;True
19926;4;6;2;True
19927;3;9;6;True
19928;6;16;10;True
19929;3;4;1;True
19930;3;9;6;True
19931;4;9;5;True
19932;3;6;3;True
19933;1;1;0;True
19934;2;2;0;True
19935;3;6;3;True
19936;7;12;5;True
19937;4;6;2;True
19938;3;6;3;True
19939;0;0;0;True
19940;2;4;2;True
19941;4;9;5;True
19942;2;4;2;True
19943;1;1;0;True
19944;1;1;0;True
19945;4;9;5;True
19946;1;1;0;True
19947;0;0;0;True
19948;1;1;0;True
19949;2;2;0;True
19950;4;4;0;True
19951;3;3;0;True
19952;4;12;8;True
19953;0;0;0;True
19954;2;4;2;True
19955;4;9;5;True
19956;5;16;11;True
19957;1;1;0;True
19958;2;2;0;True
19959;2;4;2;True
19960;3;3;0;True
19961;0;0;0;True
19962;9;16;7;True
19963;2;4;2;True
19964;1;1;0;True
19965;2;2;0;True
19966;8;16;8;True
19967;2;4;2;True
19968;2;4;2;True
19969;0;0;0;True
19970;2;2;0;True
19971;5;9;4;True
19972;3;6;3;True
19973;3;4;1;True
19974;1;1;0;True
19975;3;9;6;True
19976;4;9;5;True
19977;1;1;0;True
19978;2;4;2;True
19979;4;4;0;True
19980;5;9;4;True
19981;7;12;5;True
19982;3;6;3;True
19983;5;9;4;True
19984;5;8;3;True
19985;5;6;1;True
19986;6;16;10;True
19987;6;12;6;True
19988;10;16;6;True
19989;6;16;10;True
19990;4;8;4;True
19991;5;9;4;True
19992;1;1;0;True
19993;5;9;4;True
19994;6;12;6;True
19995;3;6;3;True
19996;6;12;6;True
19997;5;9;4;True
19998;2;4;2;True
19999;4;6;2;True
20000;0;0;0;True
20001;8;16;8;True
20002;4;9;5;True
20003;11;16;5;True
20004;9;16;7;True
20005;5;8;3;True
20006;2;4;2;True
20007;8;12;4;True
20008;4;9;5;True
20009;5;16;11;True
20010;2;4;2;True
20011;5;16;11;True
20012;8;16;8;True
20013;5;6;1;True
20014;2;4;2;True
20015;3;6;3;True
20016;3;6;3;True
20017;3;4;1;True
20018;2;2;0;True
20019;2;2;0;True
20020;4;6;2;True
20021;4;9;5;True
20022;5;12;7;True
20023;2;2;0;True
20024;2;4;2;True
20025;5;9;4;True
20026;0;0;0;True
20027;4;9;5;True
20028;5;16;11;True
20029;3;6;3;True
20030;1;1;0;True
20031;3;4;1;True
20032;6;12;6;True
20033;1;1;0;True
20034;9;16;7;True
20035;2;2;0;True
20036;6;12;6;True
20037;3;4;1;True
20038;10;16;6;True
20039;5;16;11;True
20040;3;4;1;True
20041;5;9;4;True
20042;5;12;7;True
20043;5;9;4;True
20044;5;9;4;True
20045;4;6;2;True
20046;2;2;0;True
20047;2;4;2;True
20048;4;6;2;True
20049;4;9;5;True
20050;1;1;0;True
20051;7;16;9;True
20052;10;16;6;True
20053;9;16;7;True
20054;2;2;0;True
20055;6;16;10;True
20056;3;6;3;True
20057;4;9;5;True
20058;3;6;3;True
20059;0;0;0;True
20060;3;4;1;True
20061;4;6;2;True
20062;6;12;6;True
20063;5;9;4;True
20064;5;12;7;True
20065;6;9;3;True
20066;1;1;0;True
20067;3;4;1;True
20068;4;8;4;True
20069;3;9;6;True
20070;4;9;5;True
20071;3;6;3;True
20072;7;12;5;True
20073;7;16;9;True
20074;1;1;0;True
20075;7;16;9;True
20076;5;9;4;True
20077;10;16;6;True
20078;7;12;5;True
20079;4;9;5;True
20080;1;1;0;True
20081;6;9;3;True
20082;7;12;5;True
20083;5;9;4;True
20084;3;6;3;True
20085;3;6;3;True
20086;4;12;8;True
20087;5;8;3;True
20088;0;0;0;True
20089;6;16;10;True
20090;1;1;0;True
20091;1;1;0;True
20092;3;3;0;True
20093;3;9;6;True
20094;1;1;0;True
20095;3;9;6;True
20096;2;2;0;True
20097;1;1;0;True
20098;2;2;0;True
20099;3;9;6;True
20100;6;12;6;True
20101;9;16;7;True
20102;6;12;6;True
20103;4;6;2;True
20104;1;1;0;True
20105;1;1;0;True
20106;0;0;0;True
20107;1;1;0;True
20108;4;9;5;True
20109;2;4;2;True
20110;6;12;6;True
20111;3;9;6;True
20112;1;1;0;True
20113;3;6;3;True
20114;2;2;0;True
20115;6;9;3;True
20116;7;16;9;True
20117;3;6;3;True
20118;0;0;0;True
20119;4;12;8;True
20120;7;16;9;True
20121;3;6;3;True
20122;1;1;0;True
20123;5;12;7;True
20124;0;0;0;True
20125;1;1;0;True
20126;1;1;0;True
20127;5;12;7;True
20128;6;12;6;True
20129;6;12;6;True
20130;3;6;3;True
20131;1;1;0;True
20132;8;16;8;True
20133;9;16;7;True
20134;6;12;6;True
20135;6;12;6;True
20136;0;0;0;True
20137;2;2;0;True
20138;3;4;1;True
20139;0;0;0;True
20140;3;4;1;True
20141;2;4;2;True
20142;1;1;0;True
20143;2;4;2;True
20144;0;0;0;True
20145;4;9;5;True
20146;6;9;3;True
20147;5;12;7;True
20148;3;6;3;True
20149;1;1;0;True
20150;4;6;2;True
20151;4;9;5;True
20152;1;1;0;True
20153;2;4;2;True
20154;7;12;5;True
20155;2;4;2;True
20156;3;6;3;True
20157;3;6;3;True
20158;3;6;3;True
20159;3;9;6;True
20160;6;12;6;True
20161;7;12;5;True
20162;3;4;1;True
20163;3;4;1;True
20164;0;0;0;True
20165;4;6;2;True
20166;1;1;0;True
20167;4;4;0;True
20168;6;9;3;True
20169;7;16;9;True
20170;7;12;5;True
20171;5;12;7;True
20172;2;2;0;True
20173;4;9;5;True
20174;2;2;0;True
20175;4;12;8;True
20176;5;12;7;True
20177;6;16;10;True
20178;0;0;0;True
20179;5;12;7;True
20180;1;1;0;True
20181;2;2;0;True
20182;2;4;2;True
20183;0;0;0;True
20184;7;16;9;True
20185;5;9;4;True
20186;2;4;2;True
20187;6;12;6;True
20188;2;4;2;True
20189;4;12;8;True
20190;1;1;0;True
20191;3;6;3;True
20192;3;6;3;True
20193;1;1;0;True
20194;1;1;0;True
20195;4;6;2;True
20196;4;9;5;True
20197;3;4;1;True
20198;8;16;8;True
20199;2;2;0;True
20200;0;0;0;True
20201;0;0;0;True
20202;9;16;7;True
20203;2;2;0;True
20204;9;16;7;True
20205;3;6;3;True
20206;3;6;3;True
20207;5;9;4;True
20208;6;12;6;True
20209;3;3;0;True
20210;6;12;6;True
20211;1;1;0;True
20212;2;2;0;True
20213;3;3;0;True
20214;6;12;6;True
20215;10;16;6;True
20216;3;4;1;True
20217;5;9;4;True
20218;6;8;2;True
20219;6;12;6;True
20220;1;1;0;True
20221;5;12;7;True
20222;4;9;5;True
20223;3;4;1;True
20224;8;16;8;True
20225;2;4;2;True
20226;3;6;3;True
20227;4;6;2;True
20228;2;4;2;True
20229;6;16;10;True
20230;0;0;0;True
20231;6;16;10;True
20232;7;16;9;True
20233;3;9;6;True
20234;0;0;0;True
20235;4;9;5;True
20236;4;6;2;True
20237;4;9;5;True
20238;7;16;9;True
20239;6;12;6;True
20240;2;4;2;True
20241;5;12;7;True
20242;1;1;0;True
20243;4;6;2;True
20244;5;9;4;True
20245;3;6;3;True
20246;2;4;2;True
20247;4;9;5;True
20248;2;2;0;True
20249;6;6;0;True
20250;2;2;0;True
20251;4;9;5;True
20252;6;9;3;True
20253;7;9;2;True
20254;9;16;7;True
20255;4;9;5;True
20256;2;2;0;True
20257;3;4;1;True
20258;3;4;1;True
20259;3;6;3;True
20260;4;9;5;True
20261;4;8;4;True
20262;3;6;3;True
20263;0;0;0;True
20264;1;1;0;True
20265;6;9;3;True
20266;10;16;6;True
20267;7;12;5;True
20268;12;16;4;True
20269;5;8;3;True
20270;4;9;5;True
20271;4;6;2;True
20272;2;4;2;True
20273;1;1;0;True
20274;3;6;3;True
20275;3;9;6;True
20276;4;6;2;True
20277;2;4;2;True
20278;4;16;12;True
20279;6;12;6;True
20280;0;0;0;True
20281;2;4;2;True
20282;3;6;3;True
20283;2;4;2;True
20284;2;4;2;True
20285;3;4;1;True
20286;1;1;0;True
20287;0;0;0;True
20288;8;16;8;True
20289;1;1;0;True
20290;2;4;2;True
20291;7;12;5;True
20292;6;9;3;True
20293;6;12;6;True
20294;11;12;1;True
20295;7;16;9;True
20296;2;4;2;True
20297;2;4;2;True
20298;4;9;5;True
20299;3;4;1;True
20300;4;12;8;True
20301;3;4;1;True
20302;6;9;3;True
20303;3;6;3;True
20304;7;16;9;True
20305;2;4;2;True
20306;4;12;8;True
20307;5;12;7;True
20308;4;9;5;True
20309;5;9;4;True
20310;2;4;2;True
20311;4;9;5;True
20312;2;4;2;True
20313;4;6;2;True
20314;0;0;0;True
20315;1;1;0;True
20316;2;4;2;True
20317;4;6;2;True
20318;8;16;8;True
20319;2;4;2;True
20320;6;12;6;True
20321;2;2;0;True
20322;5;12;7;True
20323;5;12;7;True
20324;3;4;1;True
20325;5;9;4;True
20326;3;6;3;True
20327;4;4;0;True
20328;6;9;3;True
20329;10;16;6;True
20330;10;16;6;True
20331;4;9;5;True
20332;1;1;0;True
20333;2;4;2;True
20334;7;16;9;True
20335;3;6;3;True
20336;7;12;5;True
20337;3;6;3;True
20338;4;9;5;True
20339;3;4;1;True
20340;2;4;2;True
20341;2;4;2;True
20342;7;16;9;True
20343;3;6;3;True
20344;5;6;1;True
20345;6;12;6;True
20346;4;4;0;True
20347;5;12;7;True
20348;2;2;0;True
20349;4;6;2;True
20350;2;4;2;True
20351;5;9;4;True
20352;1;1;0;True
20353;3;6;3;True
20354;4;6;2;True
20355;2;4;2;True
20356;2;2;0;True
20357;5;12;7;True
20358;8;12;4;True
20359;6;16;10;True
20360;1;1;0;True
20361;4;9;5;True
20362;4;8;4;True
20363;3;6;3;True
20364;2;2;0;True
20365;2;2;0;True
20366;4;9;5;True
20367;4;9;5;True
20368;2;4;2;True
20369;4;12;8;True
20370;9;16;7;True
20371;5;8;3;True
20372;0;0;0;True
20373;4;6;2;True
20374;7;16;9;True
20375;4;9;5;True
20376;10;16;6;True
20377;1;1;0;True
20378;2;4;2;True
20379;3;4;1;True
20380;8;16;8;True
20381;1;1;0;True
20382;5;6;1;True
20383;4;9;5;True
20384;7;16;9;True
20385;1;1;0;True
20386;5;9;4;True
20387;2;2;0;True
20388;3;9;6;True
20389;5;9;4;True
20390;0;0;0;True
20391;2;2;0;True
20392;2;2;0;True
20393;3;9;6;True
20394;10;16;6;True
20395;2;4;2;True
20396;8;12;4;True
20397;4;9;5;True
20398;8;16;8;True
20399;8;12;4;True
20400;2;4;2;True
20401;3;4;1;True
20402;2;4;2;True
20403;4;12;8;True
20404;6;12;6;True
20405;3;6;3;True
20406;3;6;3;True
20407;8;16;8;True
20408;8;16;8;True
20409;4;9;5;True
20410;8;16;8;True
20411;2;4;2;True
20412;5;12;7;True
20413;2;4;2;True
20414;3;6;3;True
20415;2;2;0;True
20416;6;12;6;True
20417;3;3;0;True
20418;6;16;10;True
20419;1;1;0;True
20420;2;4;2;True
20421;7;12;5;True
20422;8;16;8;True
20423;7;12;5;True
20424;1;1;0;True
20425;5;12;7;True
20426;9;16;7;True
20427;3;6;3;True
20428;0;0;0;True
20429;7;16;9;True
20430;7;12;5;True
20431;5;9;4;True
20432;4;12;8;True
20433;2;4;2;True
20434;4;6;2;True
20435;1;1;0;True
20436;4;9;5;True
20437;8;16;8;True
20438;3;6;3;True
20439;4;9;5;True
20440;2;4;2;True
20441;8;12;4;True
20442;3;6;3;True
20443;3;9;6;True
20444;6;12;6;True
20445;5;12;7;True
20446;5;16;11;True
20447;7;12;5;True
20448;7;12;5;True
20449;6;16;10;True
20450;5;12;7;True
20451;7;8;1;True
20452;3;4;1;True
20453;1;1;0;True
20454;6;12;6;True
20455;3;6;3;True
20456;2;4;2;True
20457;4;12;8;True
20458;5;9;4;True
20459;1;1;0;True
20460;6;16;10;True
20461;5;12;7;True
20462;3;6;3;True
20463;2;4;2;True
20464;1;1;0;True
20465;4;9;5;True
20466;5;6;1;True
20467;7;16;9;True
20468;2;4;2;True
20469;3;6;3;True
20470;3;6;3;True
20471;5;12;7;True
20472;3;4;1;True
20473;5;12;7;True
20474;7;16;9;True
20475;6;16;10;True
20476;0;0;0;True
20477;3;6;3;True
20478;1;1;0;True
20479;6;9;3;True
20480;6;16;10;True
20481;3;6;3;True
20482;5;6;1;True
20483;4;9;5;True
20484;7;9;2;True
20485;1;1;0;True
20486;3;6;3;True
20487;3;4;1;True
20488;3;4;1;True
20489;6;12;6;True
20490;4;9;5;True
20491;5;9;4;True
20492;0;0;0;True
20493;6;16;10;True
20494;4;12;8;True
20495;2;4;2;True
20496;2;2;0;True
20497;6;9;3;True
20498;2;4;2;True
20499;1;1;0;True
20500;3;4;1;True
20501;2;2;0;True
20502;5;9;4;True
20503;3;4;1;True
20504;1;1;0;True
20505;7;12;5;True
20506;8;16;8;True
20507;4;9;5;True
20508;4;6;2;True
20509;6;9;3;True
20510;6;9;3;True
20511;6;9;3;True
20512;4;9;5;True
20513;2;4;2;True
20514;4;6;2;True
20515;2;2;0;True
20516;2;4;2;True
20517;4;4;0;True
20518;1;1;0;True
20519;4;6;2;True
20520;3;6;3;True
20521;1;1;0;True
20522;4;12;8;True
20523;8;12;4;True
20524;6;9;3;True
20525;6;12;6;True
20526;2;4;2;True
20527;5;12;7;True
20528;6;12;6;True
20529;5;12;7;True
20530;4;9;5;True
20531;3;4;1;True
20532;5;9;4;True
20533;7;12;5;True
20534;3;6;3;True
20535;5;6;1;True
20536;5;12;7;True
20537;0;0;0;True
20538;2;4;2;True
20539;8;16;8;True
20540;8;16;8;True
20541;4;9;5;True
20542;1;1;0;True
20543;8;16;8;True
20544;4;9;5;True
20545;2;4;2;True
20546;3;6;3;True
20547;7;9;2;True
20548;4;6;2;True
20549;2;2;0;True
20550;1;1;0;True
20551;1;1;0;True
20552;3;6;3;True
20553;8;12;4;True
20554;0;0;0;True
20555;2;2;0;True
20556;5;9;4;True
20557;0;0;0;True
20558;5;16;11;True
20559;10;16;6;True
20560;5;6;1;True
20561;2;2;0;True
20562;2;2;0;True
20563;1;1;0;True
20564;4;9;5;True
20565;4;16;12;True
20566;2;2;0;True
20567;0;0;0;True
20568;7;16;9;True
20569;8;12;4;True
20570;6;16;10;True
20571;6;12;6;True
20572;3;3;0;True
20573;5;12;7;True
20574;3;4;1;True
20575;6;9;3;True
20576;5;9;4;True
20577;4;12;8;True
20578;2;2;0;True
20579;1;1;0;True
20580;5;16;11;True
20581;6;12;6;True
20582;2;4;2;True
20583;5;9;4;True
20584;5;9;4;True
20585;3;6;3;True
20586;6;12;6;True
20587;3;4;1;True
20588;4;9;5;True
20589;2;4;2;True
20590;2;4;2;True
20591;1;1;0;True
20592;10;16;6;True
20593;2;4;2;True
20594;6;12;6;True
20595;2;2;0;True
20596;5;9;4;True
20597;8;16;8;True
20598;3;4;1;True
20599;0;0;0;True
20600;1;1;0;True
20601;3;4;1;True
20602;2;4;2;True
20603;1;1;0;True
20604;2;4;2;True
20605;6;16;10;True
20606;1;1;0;True
20607;4;6;2;True
20608;3;6;3;True
20609;3;9;6;True
20610;1;1;0;True
20611;2;2;0;True
20612;4;6;2;True
20613;7;16;9;True
20614;6;16;10;True
20615;1;1;0;True
20616;3;6;3;True
20617;5;6;1;True
20618;8;12;4;True
20619;1;1;0;True
20620;5;6;1;True
20621;9;12;3;True
20622;6;12;6;True
20623;4;6;2;True
20624;6;12;6;True
20625;5;12;7;True
20626;2;2;0;True
20627;1;1;0;True
20628;1;1;0;True
20629;2;2;0;True
20630;8;16;8;True
20631;4;9;5;True
20632;8;16;8;True
20633;5;9;4;True
20634;2;4;2;True
20635;5;9;4;True
20636;3;6;3;True
20637;1;1;0;True
20638;7;12;5;True
20639;4;9;5;True
20640;2;4;2;True
20641;2;4;2;True
20642;4;6;2;True
20643;0;0;0;True
20644;4;12;8;True
20645;4;12;8;True
20646;8;16;8;True
20647;4;12;8;True
20648;10;12;2;True
20649;1;1;0;True
20650;1;1;0;True
20651;1;1;0;True
20652;8;16;8;True
20653;4;6;2;True
20654;5;12;7;True
20655;0;0;0;True
20656;1;1;0;True
20657;5;8;3;True
20658;3;4;1;True
20659;5;12;7;True
20660;2;4;2;True
20661;1;1;0;True
20662;5;12;7;True
20663;6;12;6;True
20664;1;1;0;True
20665;4;6;2;True
20666;2;4;2;True
20667;3;3;0;True
20668;3;4;1;True
20669;6;16;10;True
20670;3;6;3;True
20671;8;16;8;True
20672;2;4;2;True
20673;6;12;6;True
20674;2;4;2;True
20675;3;6;3;True
20676;3;3;0;True
20677;7;16;9;True
20678;8;16;8;True
20679;3;4;1;True
20680;1;1;0;True
20681;4;8;4;True
20682;5;6;1;True
20683;6;12;6;True
20684;2;4;2;True
20685;0;0;0;True
20686;4;6;2;True
20687;3;6;3;True
20688;1;1;0;True
20689;6;12;6;True
20690;3;4;1;True
20691;5;9;4;True
20692;5;9;4;True
20693;7;16;9;True
20694;5;9;4;True
20695;3;6;3;True
20696;5;9;4;True
20697;3;3;0;True
20698;1;1;0;True
20699;7;9;2;True
20700;10;12;2;True
20701;5;12;7;True
20702;0;0;0;True
20703;3;9;6;True
20704;3;3;0;True
20705;3;6;3;True
20706;4;9;5;True
20707;3;9;6;True
20708;5;16;11;True
20709;1;1;0;True
20710;7;16;9;True
20711;2;4;2;True
20712;7;12;5;True
20713;1;1;0;True
20714;7;12;5;True
20715;2;2;0;True
20716;3;9;6;True
20717;7;16;9;True
20718;6;9;3;True
20719;7;12;5;True
20720;2;4;2;True
20721;7;12;5;True
20722;6;12;6;True
20723;4;9;5;True
20724;4;6;2;True
20725;4;9;5;True
20726;6;12;6;True
20727;6;12;6;True
20728;3;6;3;True
20729;3;4;1;True
20730;6;12;6;True
20731;5;9;4;True
20732;6;12;6;True
20733;4;9;5;True
20734;1;1;0;True
20735;1;1;0;True
20736;2;4;2;True
20737;2;4;2;True
20738;6;12;6;True
20739;5;9;4;True
20740;7;12;5;True
20741;4;12;8;True
20742;7;16;9;True
20743;7;12;5;True
20744;2;4;2;True
20745;1;1;0;True
20746;2;2;0;True
20747;5;12;7;True
20748;4;9;5;True
20749;3;9;6;True
20750;4;12;8;True
20751;1;1;0;True
20752;0;0;0;True
20753;4;6;2;True
20754;5;12;7;True
20755;3;6;3;True
20756;3;6;3;True
20757;1;1;0;True
20758;5;12;7;True
20759;4;8;4;True
20760;0;0;0;True
20761;5;12;7;True
20762;3;9;6;True
20763;2;4;2;True
20764;1;1;0;True
20765;1;1;0;True
20766;3;4;1;True
20767;6;16;10;True
20768;5;9;4;True
20769;6;16;10;True
20770;4;9;5;True
20771;0;0;0;True
20772;4;8;4;True
20773;2;2;0;True
20774;2;2;0;True
20775;2;4;2;True
20776;1;1;0;True
20777;2;2;0;True
20778;9;16;7;True
20779;4;9;5;True
20780;4;12;8;True
20781;3;4;1;True
20782;4;6;2;True
20783;5;12;7;True
20784;1;1;0;True
20785;2;4;2;True
20786;2;2;0;True
20787;1;1;0;True
20788;3;6;3;True
20789;4;6;2;True
20790;4;6;2;True
20791;3;6;3;True
20792;4;6;2;True
20793;5;8;3;True
20794;4;4;0;True
20795;4;6;2;True
20796;4;6;2;True
20797;2;4;2;True
20798;9;16;7;True
20799;4;6;2;True
20800;9;16;7;True
20801;6;12;6;True
20802;4;6;2;True
20803;2;2;0;True
20804;5;9;4;True
20805;4;9;5;True
20806;8;16;8;True
20807;4;9;5;True
20808;0;0;0;True
20809;5;12;7;True
20810;2;4;2;True
20811;8;12;4;True
20812;3;4;1;True
20813;3;4;1;True
20814;2;2;0;True
20815;2;4;2;True
20816;7;12;5;True
20817;2;2;0;True
20818;7;12;5;True
20819;1;1;0;True
20820;4;6;2;True
20821;1;1;0;True
20822;0;0;0;True
20823;4;6;2;True
20824;3;9;6;True
20825;7;16;9;True
20826;8;16;8;True
20827;3;9;6;True
20828;8;12;4;True
20829;3;9;6;True
20830;6;16;10;True
20831;2;4;2;True
20832;1;1;0;True
20833;5;12;7;True
20834;2;4;2;True
20835;1;1;0;True
20836;4;6;2;True
20837;0;0;0;True
20838;2;2;0;True
20839;4;6;2;True
20840;3;6;3;True
20841;6;12;6;True
20842;4;9;5;True
20843;2;4;2;True
20844;5;12;7;True
20845;5;8;3;True
20846;7;16;9;True
20847;1;1;0;True
20848;1;1;0;True
20849;5;9;4;True
20850;1;1;0;True
20851;4;6;2;True
20852;1;1;0;True
20853;4;12;8;True
20854;4;6;2;True
20855;2;2;0;True
20856;3;4;1;True
20857;9;16;7;True
20858;7;12;5;True
20859;8;16;8;True
20860;0;0;0;True
20861;8;16;8;True
20862;5;12;7;True
20863;6;12;6;True
20864;1;1;0;True
20865;5;9;4;True
20866;5;12;7;True
20867;4;12;8;True
20868;2;4;2;True
20869;3;6;3;True
20870;2;4;2;True
20871;2;2;0;True
20872;5;12;7;True
20873;7;12;5;True
20874;3;6;3;True
20875;4;6;2;True
20876;2;4;2;True
20877;4;6;2;True
20878;1;1;0;True
20879;0;0;0;True
20880;3;9;6;True
20881;6;16;10;True
20882;2;2;0;True
20883;2;2;0;True
20884;0;0;0;True
20885;6;16;10;True
20886;4;6;2;True
20887;4;9;5;True
20888;3;6;3;True
20889;0;0;0;True
20890;5;12;7;True
20891;5;8;3;True
20892;4;6;2;True
20893;6;16;10;True
20894;1;1;0;True
20895;5;12;7;True
20896;1;1;0;True
20897;7;16;9;True
20898;4;6;2;True
20899;8;16;8;True
20900;7;16;9;True
20901;5;9;4;True
20902;3;6;3;True
20903;5;9;4;True
20904;0;0;0;True
20905;2;2;0;True
20906;4;8;4;True
20907;3;6;3;True
20908;7;9;2;True
20909;3;4;1;True
20910;6;16;10;True
20911;4;9;5;True
20912;6;9;3;True
20913;2;4;2;True
20914;3;6;3;True
20915;2;2;0;True
20916;5;9;4;True
20917;3;6;3;True
20918;0;0;0;True
20919;1;1;0;True
20920;3;6;3;True
20921;3;4;1;True
20922;2;4;2;True
20923;4;6;2;True
20924;5;16;11;True
20925;9;16;7;True
20926;3;6;3;True
20927;2;2;0;True
20928;5;12;7;True
20929;4;9;5;True
20930;0;0;0;True
20931;2;2;0;True
20932;3;4;1;True
20933;5;9;4;True
20934;1;1;0;True
20935;5;16;11;True
20936;6;9;3;True
20937;1;1;0;True
20938;3;9;6;True
20939;7;9;2;True
20940;4;6;2;True
20941;1;1;0;True
20942;7;16;9;True
20943;7;16;9;True
20944;5;9;4;True
20945;9;16;7;True
20946;0;0;0;True
20947;3;4;1;True
20948;4;8;4;True
20949;3;6;3;True
20950;1;1;0;True
20951;4;8;4;True
20952;4;9;5;True
20953;5;12;7;True
20954;4;9;5;True
20955;4;8;4;True
20956;1;1;0;True
20957;6;16;10;True
20958;6;16;10;True
20959;4;9;5;True
20960;5;9;4;True
20961;2;4;2;True
20962;5;9;4;True
20963;4;9;5;True
20964;4;9;5;True
20965;0;0;0;True
20966;8;16;8;True
20967;9;12;3;True
20968;3;6;3;True
20969;7;12;5;True
20970;6;12;6;True
20971;6;9;3;True
20972;4;9;5;True
20973;1;1;0;True
20974;3;6;3;True
20975;2;4;2;True
20976;4;6;2;True
20977;1;1;0;True
20978;2;4;2;True
20979;7;16;9;True
20980;6;9;3;True
20981;9;16;7;True
20982;0;0;0;True
20983;5;12;7;True
20984;6;12;6;True
20985;4;9;5;True
20986;2;2;0;True
20987;7;16;9;True
20988;3;4;1;True
20989;3;4;1;True
20990;5;16;11;True
20991;4;9;5;True
20992;2;2;0;True
20993;4;9;5;True
20994;5;9;4;True
20995;6;12;6;True
20996;0;0;0;True
20997;4;6;2;True
20998;4;9;5;True
20999;4;6;2;True
21000;5;12;7;True
21001;7;16;9;True
21002;1;1;0;True
21003;2;4;2;True
21004;5;12;7;True
21005;3;4;1;True
21006;4;9;5;True
21007;4;8;4;True
21008;3;9;6;True
21009;3;6;3;True
21010;3;4;1;True
21011;3;4;1;True
21012;5;12;7;True
21013;5;12;7;True
21014;4;9;5;True
21015;5;8;3;True
21016;2;2;0;True
21017;1;1;0;True
21018;4;12;8;True
21019;5;12;7;True
21020;6;12;6;True
21021;1;1;0;True
21022;6;12;6;True
21023;2;2;0;True
21024;0;0;0;True
21025;6;12;6;True
21026;5;12;7;True
21027;1;1;0;True
21028;2;4;2;True
21029;5;9;4;True
21030;2;2;0;True
21031;2;4;2;True
21032;1;1;0;True
21033;2;4;2;True
21034;5;12;7;True
21035;0;0;0;True
21036;0;0;0;True
21037;3;6;3;True
21038;4;6;2;True
21039;3;4;1;True
21040;8;16;8;True
21041;6;12;6;True
21042;3;6;3;True
21043;8;16;8;True
21044;1;1;0;True
21045;3;9;6;True
21046;0;0;0;True
21047;5;12;7;True
21048;3;9;6;True
21049;4;9;5;True
21050;1;1;0;True
21051;3;6;3;True
21052;1;1;0;True
21053;6;12;6;True
21054;4;6;2;True
21055;2;2;0;True
21056;11;16;5;True
21057;3;6;3;True
21058;9;16;7;True
21059;6;16;10;True
21060;3;9;6;True
21061;1;1;0;True
21062;4;8;4;True
21063;8;12;4;True
21064;6;16;10;True
21065;7;16;9;True
21066;3;9;6;True
21067;1;1;0;True
21068;3;9;6;True
21069;3;6;3;True
21070;4;9;5;True
21071;1;1;0;True
21072;4;12;8;True
21073;3;4;1;True
21074;7;12;5;True
21075;2;2;0;True
21076;0;0;0;True
21077;3;6;3;True
21078;5;12;7;True
21079;6;16;10;True
21080;4;16;12;True
21081;11;16;5;True
21082;4;9;5;True
21083;1;1;0;True
21084;2;2;0;True
21085;7;16;9;True
21086;4;12;8;True
21087;2;2;0;True
21088;0;0;0;True
21089;3;6;3;True
21090;6;12;6;True
21091;8;16;8;True
21092;3;6;3;True
21093;0;0;0;True
21094;1;1;0;True
21095;0;0;0;True
21096;6;12;6;True
21097;1;1;0;True
21098;2;4;2;True
21099;8;16;8;True
21100;5;16;11;True
21101;7;16;9;True
21102;3;6;3;True
21103;8;12;4;True
21104;3;6;3;True
21105;2;4;2;True
21106;3;9;6;True
21107;3;4;1;True
21108;0;0;0;True
21109;0;0;0;True
21110;4;9;5;True
21111;2;2;0;True
21112;2;4;2;True
21113;0;0;0;True
21114;0;0;0;True
21115;5;16;11;True
21116;4;12;8;True
21117;5;12;7;True
21118;5;12;7;True
21119;0;0;0;True
21120;7;16;9;True
21121;4;9;5;True
21122;3;6;3;True
21123;2;2;0;True
21124;6;9;3;True
21125;4;9;5;True
21126;2;4;2;True
21127;2;4;2;True
21128;0;0;0;True
21129;4;12;8;True
21130;1;1;0;True
21131;9;12;3;True
21132;2;4;2;True
21133;10;16;6;True
21134;4;9;5;True
21135;5;9;4;True
21136;2;2;0;True
21137;5;9;4;True
21138;6;16;10;True
21139;9;16;7;True
21140;3;4;1;True
21141;9;16;7;True
21142;4;9;5;True
21143;4;12;8;True
21144;1;1;0;True
21145;7;16;9;True
21146;4;9;5;True
21147;3;6;3;True
21148;2;4;2;True
21149;8;12;4;True
21150;2;4;2;True
21151;1;1;0;True
21152;3;4;1;True
21153;1;1;0;True
21154;4;6;2;True
21155;4;9;5;True
21156;7;16;9;True
21157;2;2;0;True
21158;1;1;0;True
21159;5;12;7;True
21160;1;1;0;True
21161;2;2;0;True
21162;2;4;2;True
21163;2;4;2;True
21164;5;6;1;True
21165;2;2;0;True
21166;4;6;2;True
21167;7;16;9;True
21168;1;1;0;True
21169;1;1;0;True
21170;1;1;0;True
21171;3;9;6;True
21172;1;1;0;True
21173;5;9;4;True
21174;4;6;2;True
21175;2;4;2;True
21176;2;4;2;True
21177;3;6;3;True
21178;2;4;2;True
21179;2;4;2;True
21180;2;4;2;True
21181;6;12;6;True
21182;2;4;2;True
21183;3;6;3;True
21184;4;9;5;True
21185;3;9;6;True
21186;4;12;8;True
21187;4;6;2;True
21188;7;16;9;True
21189;6;12;6;True
21190;1;1;0;True
21191;3;6;3;True
21192;2;4;2;True
21193;4;6;2;True
21194;3;6;3;True
21195;4;9;5;True
21196;3;4;1;True
21197;4;6;2;True
21198;0;0;0;True
21199;9;16;7;True
21200;5;8;3;True
21201;4;9;5;True
21202;5;9;4;True
21203;6;12;6;True
21204;6;16;10;True
21205;6;16;10;True
21206;3;6;3;True
21207;7;12;5;True
21208;0;0;0;True
21209;8;16;8;True
21210;9;16;7;True
21211;7;16;9;True
21212;2;4;2;True
21213;4;9;5;True
21214;5;9;4;True
21215;4;12;8;True
21216;3;9;6;True
21217;0;0;0;True
21218;6;16;10;True
21219;2;4;2;True
21220;1;1;0;True
21221;12;16;4;True
21222;8;12;4;True
21223;2;2;0;True
21224;1;1;0;True
21225;1;1;0;True
21226;3;6;3;True
21227;7;16;9;True
21228;5;8;3;True
21229;10;16;6;True
21230;1;1;0;True
21231;3;6;3;True
21232;2;4;2;True
21233;5;9;4;True
21234;1;1;0;True
21235;5;9;4;True
21236;1;1;0;True
21237;5;9;4;True
21238;0;0;0;True
21239;0;0;0;True
21240;6;9;3;True
21241;4;6;2;True
21242;2;2;0;True
21243;1;1;0;True
21244;2;4;2;True
21245;5;12;7;True
21246;0;0;0;True
21247;3;3;0;True
21248;4;6;2;True
21249;2;4;2;True
21250;8;16;8;True
21251;9;16;7;True
21252;1;1;0;True
21253;4;12;8;True
21254;5;9;4;True
21255;7;12;5;True
21256;2;4;2;True
21257;2;4;2;True
21258;2;4;2;True
21259;6;12;6;True
21260;3;6;3;True
21261;6;12;6;True
21262;2;4;2;True
21263;1;1;0;True
21264;3;9;6;True
21265;7;16;9;True
21266;5;12;7;True
21267;0;0;0;True
21268;1;1;0;True
21269;6;12;6;True
21270;5;9;4;True
21271;5;16;11;True
21272;2;4;2;True
21273;2;4;2;True
21274;9;12;3;True
21275;4;12;8;True
21276;6;16;10;True
21277;2;4;2;True
21278;8;16;8;True
21279;3;6;3;True
21280;1;1;0;True
21281;5;9;4;True
21282;5;12;7;True
21283;3;6;3;True
21284;1;1;0;True
21285;3;4;1;True
21286;4;9;5;True
21287;1;1;0;True
21288;1;1;0;True
21289;1;1;0;True
21290;0;0;0;True
21291;1;1;0;True
21292;3;9;6;True
21293;9;12;3;True
21294;4;9;5;True
21295;2;4;2;True
21296;0;0;0;True
21297;4;9;5;True
21298;1;1;0;True
21299;6;12;6;True
21300;3;9;6;True
21301;5;8;3;True
21302;8;12;4;True
21303;4;9;5;True
21304;7;16;9;True
21305;2;4;2;True
21306;5;12;7;True
21307;3;4;1;True
21308;4;9;5;True
21309;3;6;3;True
21310;7;16;9;True
21311;5;12;7;True
21312;4;6;2;True
21313;3;6;3;True
21314;5;12;7;True
21315;5;12;7;True
21316;2;2;0;True
21317;5;9;4;True
21318;2;4;2;True
21319;2;4;2;True
21320;2;2;0;True
21321;6;12;6;True
21322;0;0;0;True
21323;2;4;2;True
21324;2;4;2;True
21325;3;3;0;True
21326;1;1;0;True
21327;3;6;3;True
21328;0;0;0;True
21329;2;2;0;True
21330;4;6;2;True
21331;3;6;3;True
21332;3;6;3;True
21333;3;4;1;True
21334;6;12;6;True
21335;5;8;3;True
21336;1;1;0;True
21337;1;1;0;True
21338;3;9;6;True
21339;3;6;3;True
21340;6;16;10;True
21341;1;1;0;True
21342;7;9;2;True
21343;1;1;0;True
21344;1;1;0;True
21345;1;1;0;True
21346;1;1;0;True
21347;5;12;7;True
21348;2;4;2;True
21349;2;4;2;True
21350;5;9;4;True
21351;1;1;0;True
21352;2;2;0;True
21353;4;8;4;True
21354;2;4;2;True
21355;1;1;0;True
21356;3;6;3;True
21357;2;2;0;True
21358;9;16;7;True
21359;8;16;8;True
21360;1;1;0;True
21361;2;2;0;True
21362;5;12;7;True
21363;2;4;2;True
21364;6;16;10;True
21365;6;9;3;True
21366;1;1;0;True
21367;5;12;7;True
21368;0;0;0;True
21369;4;9;5;True
21370;2;4;2;True
21371;1;1;0;True
21372;7;16;9;True
21373;4;6;2;True
21374;0;0;0;True
21375;7;16;9;True
21376;1;1;0;True
21377;4;9;5;True
21378;7;12;5;True
21379;4;9;5;True
21380;9;16;7;True
21381;2;4;2;True
21382;8;16;8;True
21383;3;6;3;True
21384;3;3;0;True
21385;2;4;2;True
21386;2;2;0;True
21387;4;9;5;True
21388;3;9;6;True
21389;0;0;0;True
21390;4;6;2;True
21391;6;8;2;True
21392;0;0;0;True
21393;1;1;0;True
21394;7;16;9;True
21395;3;3;0;True
21396;5;12;7;True
21397;0;0;0;True
21398;6;12;6;True
21399;2;2;0;True
21400;1;1;0;True
21401;3;4;1;True
21402;1;1;0;True
21403;9;16;7;True
21404;6;12;6;True
21405;2;4;2;True
21406;3;9;6;True
21407;1;1;0;True
21408;8;12;4;True
21409;5;16;11;True
21410;8;16;8;True
21411;1;1;0;True
21412;2;4;2;True
21413;3;4;1;True
21414;5;12;7;True
21415;1;1;0;True
21416;7;16;9;True
21417;1;1;0;True
21418;3;4;1;True
21419;2;2;0;True
21420;4;6;2;True
21421;2;2;0;True
21422;4;6;2;True
21423;3;6;3;True
21424;1;1;0;True
21425;4;9;5;True
21426;5;12;7;True
21427;6;16;10;True
21428;3;6;3;True
21429;3;4;1;True
21430;2;4;2;True
21431;2;2;0;True
21432;4;6;2;True
21433;3;4;1;True
21434;3;6;3;True
21435;11;16;5;True
21436;2;4;2;True
21437;4;6;2;True
21438;1;1;0;True
21439;7;16;9;True
21440;4;8;4;True
21441;3;4;1;True
21442;2;2;0;True
21443;7;16;9;True
21444;3;4;1;True
21445;7;16;9;True
21446;6;12;6;True
21447;4;12;8;True
21448;5;12;7;True
21449;4;9;5;True
21450;5;12;7;True
21451;5;12;7;True
21452;2;4;2;True
21453;1;1;0;True
21454;0;0;0;True
21455;6;9;3;True
21456;2;4;2;True
21457;4;9;5;True
21458;4;12;8;True
21459;5;9;4;True
21460;1;1;0;True
21461;4;6;2;True
21462;5;9;4;True
21463;6;12;6;True
21464;1;1;0;True
21465;6;16;10;True
21466;7;16;9;True
21467;2;4;2;True
21468;2;4;2;True
21469;0;0;0;True
21470;3;6;3;True
21471;0;0;0;True
21472;9;16;7;True
21473;4;6;2;True
21474;3;6;3;True
21475;5;9;4;True
21476;6;12;6;True
21477;4;6;2;True
21478;3;6;3;True
21479;6;12;6;True
21480;6;9;3;True
21481;7;12;5;True
21482;6;12;6;True
21483;6;12;6;True
21484;4;9;5;True
21485;2;4;2;True
21486;3;9;6;True
21487;4;12;8;True
21488;1;1;0;True
21489;1;1;0;True
21490;2;4;2;True
21491;5;12;7;True
21492;3;6;3;True
21493;0;0;0;True
21494;3;6;3;True
21495;4;6;2;True
21496;4;9;5;True
21497;6;12;6;True
21498;0;0;0;True
21499;3;4;1;True
21500;5;9;4;True
21501;2;2;0;True
21502;1;1;0;True
21503;7;9;2;True
21504;4;6;2;True
21505;2;4;2;True
21506;3;3;0;True
21507;3;9;6;True
21508;7;9;2;True
21509;3;9;6;True
21510;8;16;8;True
21511;9;16;7;True
21512;1;1;0;True
21513;0;0;0;True
21514;6;16;10;True
21515;5;12;7;True
21516;6;16;10;True
21517;1;1;0;True
21518;3;4;1;True
21519;1;1;0;True
21520;4;12;8;True
21521;0;0;0;True
21522;4;6;2;True
21523;8;16;8;True
21524;5;9;4;True
21525;2;2;0;True
21526;0;0;0;True
21527;3;6;3;True
21528;7;16;9;True
21529;2;4;2;True
21530;4;12;8;True
21531;7;12;5;True
21532;5;9;4;True
21533;7;16;9;True
21534;1;1;0;True
21535;2;2;0;True
21536;1;1;0;True
21537;4;6;2;True
21538;1;1;0;True
21539;5;12;7;True
21540;4;9;5;True
21541;3;9;6;True
21542;0;0;0;True
21543;6;12;6;True
21544;4;9;5;True
21545;7;12;5;True
21546;4;6;2;True
21547;2;4;2;True
21548;7;12;5;True
21549;8;16;8;True
21550;3;6;3;True
21551;4;6;2;True
21552;1;1;0;True
21553;4;12;8;True
21554;2;4;2;True
21555;4;9;5;True
21556;2;4;2;True
21557;2;4;2;True
21558;2;2;0;True
21559;6;16;10;True
21560;5;9;4;True
21561;1;1;0;True
21562;2;2;0;True
21563;1;1;0;True
21564;1;1;0;True
21565;4;6;2;True
21566;9;16;7;True
21567;2;4;2;True
21568;2;4;2;True
21569;3;6;3;True
21570;2;4;2;True
21571;5;9;4;True
21572;7;9;2;True
21573;3;9;6;True
21574;1;1;0;True
21575;0;0;0;True
21576;2;4;2;True
21577;3;9;6;True
21578;1;1;0;True
21579;6;12;6;True
21580;0;0;0;True
21581;4;6;2;True
21582;7;12;5;True
21583;1;1;0;True
21584;4;9;5;True
21585;3;6;3;True
21586;6;12;6;True
21587;8;16;8;True
21588;3;6;3;True
21589;5;9;4;True
21590;9;16;7;True
21591;2;2;0;True
21592;3;9;6;True
21593;2;4;2;True
21594;5;9;4;True
21595;3;9;6;True
21596;0;0;0;True
21597;1;1;0;True
21598;2;4;2;True
21599;0;0;0;True
21600;4;6;2;True
21601;1;1;0;True
21602;7;9;2;True
21603;4;12;8;True
21604;6;16;10;True
21605;3;4;1;True
21606;5;6;1;True
21607;4;6;2;True
21608;3;6;3;True
21609;11;16;5;True
21610;1;1;0;True
21611;3;4;1;True
21612;4;6;2;True
21613;1;1;0;True
21614;6;9;3;True
21615;6;12;6;True
21616;1;1;0;True
21617;5;12;7;True
21618;3;6;3;True
21619;3;9;6;True
21620;2;4;2;True
21621;5;9;4;True
21622;4;9;5;True
21623;3;4;1;True
21624;5;9;4;True
21625;2;2;0;True
21626;5;9;4;True
21627;4;16;12;True
21628;5;12;7;True
21629;3;9;6;True
21630;6;12;6;True
21631;7;12;5;True
21632;1;1;0;True
21633;4;9;5;True
21634;8;12;4;True
21635;6;12;6;True
21636;0;0;0;True
21637;6;8;2;True
21638;4;6;2;True
21639;7;12;5;True
21640;2;2;0;True
21641;5;9;4;True
21642;2;4;2;True
21643;7;16;9;True
21644;2;4;2;True
21645;11;16;5;True
21646;7;12;5;True
21647;2;4;2;True
21648;4;16;12;True
21649;2;2;0;True
21650;1;1;0;True
21651;0;0;0;True
21652;1;1;0;True
21653;1;1;0;True
21654;2;4;2;True
21655;6;16;10;True
21656;5;12;7;True
21657;6;12;6;True
21658;8;16;8;True
21659;5;9;4;True
21660;4;6;2;True
21661;6;16;10;True
21662;2;4;2;True
21663;5;12;7;True
21664;1;1;0;True
21665;4;9;5;True
21666;5;9;4;True
21667;7;12;5;True
21668;4;12;8;True
21669;2;4;2;True
21670;3;6;3;True
21671;5;9;4;True
21672;6;9;3;True
21673;2;2;0;True
21674;4;9;5;True
21675;6;16;10;True
21676;10;16;6;True
21677;5;9;4;True
21678;2;4;2;True
21679;5;12;7;True
21680;5;9;4;True
21681;7;16;9;True
21682;0;0;0;True
21683;5;9;4;True
21684;5;12;7;True
21685;0;0;0;True
21686;2;4;2;True
21687;4;6;2;True
21688;3;6;3;True
21689;6;16;10;True
21690;1;1;0;True
21691;3;6;3;True
21692;1;1;0;True
21693;1;1;0;True
21694;5;9;4;True
21695;3;6;3;True
21696;2;2;0;True
21697;4;9;5;True
21698;2;4;2;True
21699;3;9;6;True
21700;6;9;3;True
21701;3;6;3;True
21702;5;16;11;True
21703;1;1;0;True
21704;6;12;6;True
21705;5;8;3;True
21706;7;12;5;True
21707;0;0;0;True
21708;8;16;8;True
21709;4;6;2;True
21710;2;2;0;True
21711;3;6;3;True
21712;9;16;7;True
21713;4;6;2;True
21714;6;9;3;True
21715;7;12;5;True
21716;9;16;7;True
21717;3;4;1;True
21718;8;12;4;True
21719;3;6;3;True
21720;3;9;6;True
21721;5;12;7;True
21722;2;4;2;True
21723;6;8;2;True
21724;0;0;0;True
21725;1;1;0;True
21726;5;9;4;True
21727;8;16;8;True
21728;2;2;0;True
21729;5;12;7;True
21730;6;9;3;True
21731;5;12;7;True
21732;2;4;2;True
21733;7;9;2;True
21734;6;12;6;True
21735;7;9;2;True
21736;1;1;0;True
21737;1;1;0;True
21738;5;8;3;True
21739;7;16;9;True
21740;3;3;0;True
21741;0;0;0;True
21742;4;12;8;True
21743;6;9;3;True
21744;3;3;0;True
21745;3;4;1;True
21746;6;12;6;True
21747;4;12;8;True
21748;1;1;0;True
21749;0;0;0;True
21750;2;4;2;True
21751;1;1;0;True
21752;2;4;2;True
21753;5;12;7;True
21754;1;1;0;True
21755;5;12;7;True
21756;5;9;4;True
21757;4;6;2;True
21758;1;1;0;True
21759;2;4;2;True
21760;6;12;6;True
21761;2;4;2;True
21762;3;6;3;True
21763;4;9;5;True
21764;8;16;8;True
21765;2;2;0;True
21766;3;6;3;True
21767;1;1;0;True
21768;3;4;1;True
21769;4;9;5;True
21770;4;6;2;True
21771;3;6;3;True
21772;1;1;0;True
21773;8;12;4;True
21774;5;12;7;True
21775;4;4;0;True
21776;4;6;2;True
21777;4;6;2;True
21778;2;4;2;True
21779;7;16;9;True
21780;3;9;6;True
21781;6;12;6;True
21782;5;12;7;True
21783;7;12;5;True
21784;5;12;7;True
21785;1;1;0;True
21786;2;4;2;True
21787;6;12;6;True
21788;2;4;2;True
21789;4;12;8;True
21790;5;12;7;True
21791;3;9;6;True
21792;6;12;6;True
21793;3;6;3;True
21794;3;4;1;True
21795;5;9;4;True
21796;1;1;0;True
21797;5;9;4;True
21798;2;4;2;True
21799;2;4;2;True
21800;1;1;0;True
21801;8;16;8;True
21802;1;1;0;True
21803;4;9;5;True
21804;3;6;3;True
21805;4;9;5;True
21806;8;16;8;True
21807;6;12;6;True
21808;7;16;9;True
21809;7;12;5;True
21810;1;1;0;True
21811;1;1;0;True
21812;5;12;7;True
21813;4;6;2;True
21814;2;4;2;True
21815;2;4;2;True
21816;4;6;2;True
21817;7;16;9;True
21818;1;1;0;True
21819;4;12;8;True
21820;5;12;7;True
21821;3;4;1;True
21822;4;6;2;True
21823;0;0;0;True
21824;6;12;6;True
21825;1;1;0;True
21826;3;6;3;True
21827;5;9;4;True
21828;1;1;0;True
21829;4;6;2;True
21830;6;16;10;True
21831;2;4;2;True
21832;6;12;6;True
21833;4;6;2;True
21834;0;0;0;True
21835;9;16;7;True
21836;1;1;0;True
21837;2;2;0;True
21838;8;16;8;True
21839;6;12;6;True
21840;6;12;6;True
21841;1;1;0;True
21842;4;9;5;True
21843;5;16;11;True
21844;4;8;4;True
21845;3;3;0;True
21846;0;0;0;True
21847;5;12;7;True
21848;6;12;6;True
21849;7;16;9;True
21850;3;6;3;True
21851;6;12;6;True
21852;2;4;2;True
21853;6;9;3;True
21854;2;2;0;True
21855;5;12;7;True
21856;2;2;0;True
21857;2;2;0;True
21858;1;1;0;True
21859;0;0;0;True
21860;3;6;3;True
21861;3;6;3;True
21862;7;16;9;True
21863;6;12;6;True
21864;5;8;3;True
21865;6;9;3;True
21866;3;3;0;True
21867;3;3;0;True
21868;3;6;3;True
21869;4;8;4;True
21870;8;16;8;True
21871;1;1;0;True
21872;6;16;10;True
21873;4;9;5;True
21874;3;6;3;True
21875;1;1;0;True
21876;3;9;6;True
21877;5;9;4;True
21878;5;6;1;True
21879;2;4;2;True
21880;5;8;3;True
21881;5;12;7;True
21882;5;9;4;True
21883;6;12;6;True
21884;2;2;0;True
21885;4;6;2;True
21886;1;1;0;True
21887;0;0;0;True
21888;7;16;9;True
21889;6;12;6;True
21890;8;16;8;True
21891;5;8;3;True
21892;5;12;7;True
21893;5;9;4;True
21894;5;12;7;True
21895;3;6;3;True
21896;5;12;7;True
21897;0;0;0;True
21898;3;9;6;True
21899;4;6;2;True
21900;2;2;0;True
21901;5;12;7;True
21902;4;12;8;True
21903;8;12;4;True
21904;2;4;2;True
21905;0;0;0;True
21906;1;1;0;True
21907;4;6;2;True
21908;1;1;0;True
21909;2;4;2;True
21910;2;4;2;True
21911;1;1;0;True
21912;0;0;0;True
21913;4;9;5;True
21914;1;1;0;True
21915;10;16;6;True
21916;5;12;7;True
21917;3;9;6;True
21918;4;9;5;True
21919;1;1;0;True
21920;2;4;2;True
21921;2;4;2;True
21922;2;2;0;True
21923;9;16;7;True
21924;6;16;10;True
21925;6;9;3;True
21926;6;12;6;True
21927;1;1;0;True
21928;5;12;7;True
21929;4;6;2;True
21930;6;12;6;True
21931;4;6;2;True
21932;5;9;4;True
21933;2;2;0;True
21934;4;9;5;True
21935;6;12;6;True
21936;5;9;4;True
21937;6;12;6;True
21938;0;0;0;True
21939;2;2;0;True
21940;3;6;3;True
21941;7;16;9;True
21942;9;16;7;True
21943;4;9;5;True
21944;7;16;9;True
21945;5;12;7;True
21946;4;12;8;True
21947;3;6;3;True
21948;1;1;0;True
21949;4;4;0;True
21950;8;12;4;True
21951;4;12;8;True
21952;1;1;0;True
21953;5;12;7;True
21954;7;16;9;True
21955;6;16;10;True
21956;2;2;0;True
21957;2;2;0;True
21958;5;6;1;True
21959;10;16;6;True
21960;0;0;0;True
21961;2;4;2;True
21962;0;0;0;True
21963;5;12;7;True
21964;4;8;4;True
21965;2;2;0;True
21966;3;4;1;True
21967;5;8;3;True
21968;3;4;1;True
21969;3;6;3;True
21970;4;6;2;True
21971;4;9;5;True
21972;4;6;2;True
21973;4;9;5;True
21974;5;6;1;True
21975;3;6;3;True
21976;2;4;2;True
21977;4;9;5;True
21978;8;16;8;True
21979;1;1;0;True
21980;6;9;3;True
21981;9;16;7;True
21982;5;9;4;True
21983;4;9;5;True
21984;4;9;5;True
21985;4;9;5;True
21986;2;2;0;True
21987;4;8;4;True
21988;4;6;2;True
21989;5;12;7;True
21990;1;1;0;True
21991;0;0;0;True
21992;6;16;10;True
21993;6;12;6;True
21994;0;0;0;True
21995;2;4;2;True
21996;3;9;6;True
21997;1;1;0;True
21998;1;1;0;True
21999;3;4;1;True
22000;5;16;11;True
22001;8;16;8;True
22002;1;1;0;True
22003;7;16;9;True
22004;1;1;0;True
22005;2;4;2;True
22006;1;1;0;True
22007;5;9;4;True
22008;5;12;7;True
22009;2;4;2;True
22010;7;16;9;True
22011;6;12;6;True
22012;3;9;6;True
22013;2;2;0;True
22014;5;6;1;True
22015;0;0;0;True
22016;3;6;3;True
22017;7;12;5;True
22018;0;0;0;True
22019;6;12;6;True
22020;0;0;0;True
22021;4;9;5;True
22022;4;9;5;True
22023;1;1;0;True
22024;0;0;0;True
22025;2;2;0;True
22026;0;0;0;True
22027;7;16;9;True
22028;1;1;0;True
22029;7;12;5;True
22030;5;12;7;True
22031;3;4;1;True
22032;3;6;3;True
22033;5;12;7;True
22034;6;9;3;True
22035;3;9;6;True
22036;6;12;6;True
22037;4;4;0;True
22038;4;6;2;True
22039;8;16;8;True
22040;6;9;3;True
22041;0;0;0;True
22042;4;9;5;True
22043;3;4;1;True
22044;3;9;6;True
22045;1;1;0;True
22046;5;9;4;True
22047;3;3;0;True
22048;2;4;2;True
22049;7;12;5;True
22050;7;16;9;True
22051;3;6;3;True
22052;4;12;8;True
22053;10;16;6;True
22054;0;0;0;True
22055;1;1;0;True
22056;0;0;0;True
22057;3;6;3;True
22058;0;0;0;True
22059;8;16;8;True
22060;7;16;9;True
22061;4;9;5;True
22062;1;1;0;True
22063;2;4;2;True
22064;3;6;3;True
22065;1;1;0;True
22066;3;6;3;True
22067;7;9;2;True
22068;6;16;10;True
22069;3;4;1;True
22070;1;1;0;True
22071;8;12;4;True
22072;4;9;5;True
22073;9;16;7;True
22074;4;6;2;True
22075;4;6;2;True
22076;1;1;0;True
22077;4;9;5;True
22078;4;8;4;True
22079;0;0;0;True
22080;3;6;3;True
22081;0;0;0;True
22082;1;1;0;True
22083;7;16;9;True
22084;7;12;5;True
22085;2;2;0;True
22086;7;9;2;True
22087;0;0;0;True
22088;3;6;3;True
22089;5;9;4;True
22090;5;9;4;True
22091;4;9;5;True
22092;5;12;7;True
22093;5;9;4;True
22094;2;4;2;True
22095;1;1;0;True
22096;5;16;11;True
22097;6;9;3;True
22098;3;6;3;True
22099;5;8;3;True
22100;3;6;3;True
22101;1;1;0;True
22102;1;1;0;True
22103;5;12;7;True
22104;3;6;3;True
22105;8;12;4;True
22106;7;16;9;True
22107;2;2;0;True
22108;1;1;0;True
22109;5;16;11;True
22110;5;8;3;True
22111;5;12;7;True
22112;3;6;3;True
22113;6;16;10;True
22114;2;4;2;True
22115;0;0;0;True
22116;6;12;6;True
22117;7;9;2;True
22118;4;8;4;True
22119;1;1;0;True
22120;4;6;2;True
22121;3;6;3;True
22122;8;16;8;True
22123;6;12;6;True
22124;1;1;0;True
22125;3;4;1;True
22126;2;4;2;True
22127;1;1;0;True
22128;4;6;2;True
22129;2;2;0;True
22130;1;1;0;True
22131;5;12;7;True
22132;5;9;4;True
22133;4;9;5;True
22134;6;9;3;True
22135;3;9;6;True
22136;4;8;4;True
22137;9;16;7;True
22138;3;6;3;True
22139;3;4;1;True
22140;2;2;0;True
22141;1;1;0;True
22142;2;2;0;True
22143;0;0;0;True
22144;5;8;3;True
22145;8;16;8;True
22146;0;0;0;True
22147;8;12;4;True
22148;7;12;5;True
22149;3;4;1;True
22150;1;1;0;True
22151;5;12;7;True
22152;5;12;7;True
22153;3;6;3;True
22154;3;6;3;True
22155;5;12;7;True
22156;2;4;2;True
22157;6;12;6;True
22158;1;1;0;True
22159;7;16;9;True
22160;3;3;0;True
22161;6;12;6;True
22162;8;16;8;True
22163;5;12;7;True
22164;2;2;0;True
22165;1;1;0;True
22166;2;2;0;True
22167;6;12;6;True
22168;2;2;0;True
22169;3;6;3;True
22170;5;9;4;True
22171;4;4;0;True
22172;3;3;0;True
22173;3;6;3;True
22174;4;9;5;True
22175;0;0;0;True
22176;3;3;0;True
22177;2;4;2;True
22178;1;1;0;True
22179;1;1;0;True
22180;0;0;0;True
22181;2;4;2;True
22182;4;6;2;True
22183;4;9;5;True
22184;10;16;6;True
22185;0;0;0;True
22186;3;6;3;True
22187;5;9;4;True
22188;1;1;0;True
22189;4;9;5;True
22190;5;6;1;True
22191;2;4;2;True
22192;5;12;7;True
22193;3;9;6;True
22194;0;0;0;True
22195;8;12;4;True
22196;7;16;9;True
22197;6;16;10;True
22198;5;12;7;True
22199;1;1;0;True
22200;3;6;3;True
22201;4;8;4;True
22202;1;1;0;True
22203;4;9;5;True
22204;8;12;4;True
22205;3;6;3;True
22206;2;2;0;True
22207;2;2;0;True
22208;2;2;0;True
22209;8;16;8;True
22210;5;12;7;True
22211;3;4;1;True
22212;6;16;10;True
22213;6;12;6;True
22214;1;1;0;True
22215;3;6;3;True
22216;5;12;7;True
22217;3;6;3;True
22218;7;9;2;True
22219;1;1;0;True
22220;0;0;0;True
22221;2;4;2;True
22222;6;16;10;True
22223;2;2;0;True
22224;2;4;2;True
22225;1;1;0;True
22226;7;12;5;True
22227;1;1;0;True
22228;5;9;4;True
22229;1;1;0;True
22230;3;4;1;True
22231;1;1;0;True
22232;8;16;8;True
22233;6;9;3;True
22234;7;12;5;True
22235;4;12;8;True
22236;4;6;2;True
22237;0;0;0;True
22238;1;1;0;True
22239;3;6;3;True
22240;3;6;3;True
22241;4;6;2;True
22242;3;6;3;True
22243;5;12;7;True
22244;6;16;10;True
22245;1;1;0;True
22246;7;12;5;True
22247;2;2;0;True
22248;5;9;4;True
22249;6;12;6;True
22250;3;6;3;True
22251;2;2;0;True
22252;0;0;0;True
22253;4;9;5;True
22254;3;6;3;True
22255;2;2;0;True
22256;7;16;9;True
22257;9;16;7;True
22258;1;1;0;True
22259;5;12;7;True
22260;2;4;2;True
22261;6;16;10;True
22262;2;4;2;True
22263;1;1;0;True
22264;6;12;6;True
22265;4;6;2;True
22266;5;12;7;True
22267;2;4;2;True
22268;2;4;2;True
22269;1;1;0;True
22270;2;4;2;True
22271;6;16;10;True
22272;3;6;3;True
22273;5;9;4;True
22274;6;12;6;True
22275;4;9;5;True
22276;2;4;2;True
22277;0;0;0;True
22278;2;4;2;True
22279;4;6;2;True
22280;5;16;11;True
22281;2;2;0;True
22282;5;9;4;True
22283;5;12;7;True
22284;7;12;5;True
22285;5;8;3;True
22286;1;1;0;True
22287;2;2;0;True
22288;4;8;4;True
22289;3;4;1;True
22290;3;6;3;True
22291;1;1;0;True
22292;8;16;8;True
22293;3;4;1;True
22294;2;2;0;True
22295;0;0;0;True
22296;5;12;7;True
22297;4;9;5;True
22298;0;0;0;True
22299;3;9;6;True
22300;4;6;2;True
22301;5;12;7;True
22302;3;6;3;True
22303;2;4;2;True
22304;4;12;8;True
22305;4;6;2;True
22306;7;12;5;True
22307;4;6;2;True
22308;4;8;4;True
22309;1;1;0;True
22310;7;16;9;True
22311;5;9;4;True
22312;4;9;5;True
22313;1;1;0;True
22314;3;6;3;True
22315;7;16;9;True
22316;1;1;0;True
22317;2;4;2;True
22318;2;2;0;True
22319;4;6;2;True
22320;1;1;0;True
22321;1;1;0;True
22322;4;6;2;True
22323;6;9;3;True
22324;0;0;0;True
22325;2;4;2;True
22326;4;9;5;True
22327;5;12;7;True
22328;3;6;3;True
22329;1;1;0;True
22330;4;9;5;True
22331;3;6;3;True
22332;3;9;6;True
22333;8;12;4;True
22334;5;9;4;True
22335;6;9;3;True
22336;5;9;4;True
22337;2;2;0;True
22338;6;16;10;True
22339;5;12;7;True
22340;1;1;0;True
22341;1;1;0;True
22342;6;12;6;True
22343;0;0;0;True
22344;5;9;4;True
22345;5;6;1;True
22346;7;16;9;True
22347;3;4;1;True
22348;3;4;1;True
22349;3;9;6;True
22350;3;6;3;True
22351;5;12;7;True
22352;5;6;1;True
22353;2;4;2;True
22354;3;6;3;True
22355;3;9;6;True
22356;2;2;0;True
22357;2;4;2;True
22358;4;6;2;True
22359;0;0;0;True
22360;2;2;0;True
22361;7;16;9;True
22362;2;4;2;True
22363;8;12;4;True
22364;4;6;2;True
22365;0;0;0;True
22366;1;1;0;True
22367;3;9;6;True
22368;5;12;7;True
22369;1;1;0;True
22370;7;12;5;True
22371;4;9;5;True
22372;4;6;2;True
22373;6;9;3;True
22374;5;12;7;True
22375;2;2;0;True
22376;1;1;0;True
22377;7;12;5;True
22378;4;12;8;True
22379;4;12;8;True
22380;6;12;6;True
22381;7;16;9;True
22382;4;6;2;True
22383;5;12;7;True
22384;2;4;2;True
22385;7;16;9;True
22386;3;6;3;True
22387;7;16;9;True
22388;4;6;2;True
22389;4;9;5;True
22390;1;1;0;True
22391;4;9;5;True
22392;3;6;3;True
22393;2;4;2;True
22394;4;9;5;True
22395;6;8;2;True
22396;2;2;0;True
22397;4;9;5;True
22398;5;12;7;True
22399;3;4;1;True
22400;2;2;0;True
22401;3;6;3;True
22402;1;1;0;True
22403;2;4;2;True
22404;3;6;3;True
22405;3;9;6;True
22406;5;12;7;True
22407;0;0;0;True
22408;3;6;3;True
22409;8;16;8;True
22410;6;16;10;True
22411;6;12;6;True
22412;3;4;1;True
22413;5;6;1;True
22414;4;6;2;True
22415;7;16;9;True
22416;0;0;0;True
22417;1;1;0;True
22418;3;4;1;True
22419;7;16;9;True
22420;6;9;3;True
22421;3;4;1;True
22422;3;4;1;True
22423;5;8;3;True
22424;1;1;0;True
22425;3;6;3;True
22426;5;12;7;True
22427;7;16;9;True
22428;3;4;1;True
22429;3;6;3;True
22430;4;12;8;True
22431;2;4;2;True
22432;4;9;5;True
22433;4;9;5;True
22434;2;2;0;True
22435;0;0;0;True
22436;6;9;3;True
22437;5;8;3;True
22438;6;12;6;True
22439;8;12;4;True
22440;6;12;6;True
22441;1;1;0;True
22442;7;16;9;True
22443;6;12;6;True
22444;4;12;8;True
22445;3;4;1;True
22446;2;2;0;True
22447;5;9;4;True
22448;4;9;5;True
22449;1;1;0;True
22450;2;4;2;True
22451;0;0;0;True
22452;7;9;2;True
22453;2;2;0;True
22454;10;16;6;True
22455;4;9;5;True
22456;3;6;3;True
22457;3;6;3;True
22458;10;16;6;True
22459;0;0;0;True
22460;5;9;4;True
22461;3;6;3;True
22462;5;12;7;True
22463;6;9;3;True
22464;0;0;0;True
22465;5;12;7;True
22466;5;6;1;True
22467;0;0;0;True
22468;5;12;7;True
22469;1;1;0;True
22470;6;12;6;True
22471;4;6;2;True
22472;6;16;10;True
22473;2;4;2;True
22474;6;12;6;True
22475;3;6;3;True
22476;4;12;8;True
22477;1;1;0;True
22478;3;6;3;True
22479;3;4;1;True
22480;5;12;7;True
22481;3;6;3;True
22482;2;2;0;True
22483;1;1;0;True
22484;6;12;6;True
22485;5;16;11;True
22486;5;12;7;True
22487;3;4;1;True
22488;9;16;7;True
22489;5;9;4;True
22490;0;0;0;True
22491;2;4;2;True
22492;2;4;2;True
22493;4;6;2;True
22494;5;12;7;True
22495;0;0;0;True
22496;2;4;2;True
22497;2;4;2;True
22498;6;12;6;True
22499;3;6;3;True
22500;6;9;3;True
22501;3;4;1;True
22502;4;12;8;True
22503;5;12;7;True
22504;2;4;2;True
22505;8;16;8;True
22506;3;6;3;True
22507;4;12;8;True
22508;1;1;0;True
22509;0;0;0;True
22510;1;1;0;True
22511;1;1;0;True
22512;0;0;0;True
22513;1;1;0;True
22514;1;1;0;True
22515;10;16;6;True
22516;5;9;4;True
22517;5;8;3;True
22518;5;12;7;True
22519;5;16;11;True
22520;1;1;0;True
22521;1;1;0;True
22522;4;6;2;True
22523;5;9;4;True
22524;3;4;1;True
22525;1;1;0;True
22526;6;16;10;True
22527;6;9;3;True
22528;1;1;0;True
22529;0;0;0;True
22530;9;16;7;True
22531;4;8;4;True
22532;4;6;2;True
22533;3;6;3;True
22534;2;2;0;True
22535;1;1;0;True
22536;2;4;2;True
22537;5;9;4;True
22538;4;12;8;True
22539;1;1;0;True
22540;4;9;5;True
22541;2;4;2;True
22542;1;1;0;True
22543;1;1;0;True
22544;5;12;7;True
22545;1;1;0;True
22546;5;12;7;True
22547;2;4;2;True
22548;4;9;5;True
22549;3;6;3;True
22550;3;6;3;True
22551;2;4;2;True
22552;2;4;2;True
22553;11;16;5;True
22554;2;2;0;True
22555;8;16;8;True
22556;3;9;6;True
22557;0;0;0;True
22558;3;9;6;True
22559;3;6;3;True
22560;5;9;4;True
22561;4;4;0;True
22562;1;1;0;True
22563;7;16;9;True
22564;1;1;0;True
22565;2;2;0;True
22566;0;0;0;True
22567;3;6;3;True
22568;3;4;1;True
22569;3;9;6;True
22570;4;8;4;True
22571;3;9;6;True
22572;2;2;0;True
22573;1;1;0;True
22574;0;0;0;True
22575;5;12;7;True
22576;3;6;3;True
22577;2;4;2;True
22578;3;4;1;True
22579;3;9;6;True
22580;6;16;10;True
22581;3;9;6;True
22582;2;4;2;True
22583;2;4;2;True
22584;3;9;6;True
22585;6;12;6;True
22586;0;0;0;True
22587;5;16;11;True
22588;4;9;5;True
22589;6;16;10;True
22590;1;1;0;True
22591;3;6;3;True
22592;0;0;0;True
22593;2;4;2;True
22594;3;6;3;True
22595;0;0;0;True
22596;3;3;0;True
22597;4;9;5;True
22598;7;16;9;True
22599;5;8;3;True
22600;0;0;0;True
22601;7;16;9;True
22602;6;9;3;True
22603;5;9;4;True
22604;2;4;2;True
22605;2;2;0;True
22606;4;8;4;True
22607;6;16;10;True
22608;4;8;4;True
22609;6;12;6;True
22610;3;4;1;True
22611;5;12;7;True
22612;3;6;3;True
22613;2;2;0;True
22614;6;12;6;True
22615;3;9;6;True
22616;6;9;3;True
22617;1;1;0;True
22618;4;9;5;True
22619;0;0;0;True
22620;5;12;7;True
22621;5;9;4;True
22622;1;1;0;True
22623;8;16;8;True
22624;5;12;7;True
22625;0;0;0;True
22626;1;1;0;True
22627;5;9;4;True
22628;3;6;3;True
22629;7;9;2;True
22630;4;6;2;True
22631;5;12;7;True
22632;4;6;2;True
22633;8;16;8;True
22634;4;9;5;True
22635;5;12;7;True
22636;4;9;5;True
22637;2;2;0;True
22638;1;1;0;True
22639;3;4;1;True
22640;2;4;2;True
22641;2;4;2;True
22642;1;1;0;True
22643;4;9;5;True
22644;4;9;5;True
22645;6;16;10;True
22646;2;2;0;True
22647;6;9;3;True
22648;7;16;9;True
22649;3;9;6;True
22650;4;9;5;True
22651;4;9;5;True
22652;8;16;8;True
22653;7;16;9;True
22654;6;16;10;True
22655;5;9;4;True
22656;1;1;0;True
22657;3;4;1;True
22658;3;4;1;True
22659;10;16;6;True
22660;9;16;7;True
22661;4;6;2;True
22662;2;2;0;True
22663;1;1;0;True
22664;4;12;8;True
22665;1;1;0;True
22666;3;9;6;True
22667;1;1;0;True
22668;2;2;0;True
22669;0;0;0;True
22670;7;16;9;True
22671;5;6;1;True
22672;3;6;3;True
22673;1;1;0;True
22674;3;4;1;True
22675;4;6;2;True
22676;5;12;7;True
22677;1;1;0;True
22678;0;0;0;True
22679;1;1;0;True
22680;1;1;0;True
22681;8;16;8;True
22682;2;4;2;True
22683;1;1;0;True
22684;4;6;2;True
22685;7;9;2;True
22686;3;6;3;True
22687;3;9;6;True
22688;1;1;0;True
22689;2;2;0;True
22690;3;6;3;True
22691;1;1;0;True
22692;1;1;0;True
22693;3;6;3;True
22694;6;12;6;True
22695;6;12;6;True
22696;5;12;7;True
22697;7;16;9;True
22698;1;1;0;True
22699;6;12;6;True
22700;2;4;2;True
22701;7;12;5;True
22702;2;2;0;True
22703;2;4;2;True
22704;4;9;5;True
22705;6;12;6;True
22706;1;1;0;True
22707;2;2;0;True
22708;7;16;9;True
22709;2;4;2;True
22710;2;2;0;True
22711;5;12;7;True
22712;4;12;8;True
22713;2;2;0;True
22714;9;16;7;True
22715;4;12;8;True
22716;4;6;2;True
22717;3;6;3;True
22718;5;16;11;True
22719;3;4;1;True
22720;1;1;0;True
22721;3;4;1;True
22722;4;12;8;True
22723;1;1;0;True
22724;2;4;2;True
22725;10;16;6;True
22726;1;1;0;True
22727;2;4;2;True
22728;3;4;1;True
22729;0;0;0;True
22730;7;16;9;True
22731;4;9;5;True
22732;1;1;0;True
22733;5;12;7;True
22734;11;16;5;True
22735;1;1;0;True
22736;5;12;7;True
22737;4;9;5;True
22738;3;9;6;True
22739;5;9;4;True
22740;0;0;0;True
22741;2;4;2;True
22742;3;6;3;True
22743;6;16;10;True
22744;5;9;4;True
22745;2;4;2;True
22746;3;4;1;True
22747;7;12;5;True
22748;2;2;0;True
22749;2;2;0;True
22750;0;0;0;True
22751;2;4;2;True
22752;5;12;7;True
22753;2;4;2;True
22754;3;4;1;True
22755;1;1;0;True
22756;1;1;0;True
22757;5;16;11;True
22758;3;9;6;True
22759;0;0;0;True
22760;8;16;8;True
22761;1;1;0;True
22762;4;12;8;True
22763;2;2;0;True
22764;6;16;10;True
22765;4;9;5;True
22766;4;8;4;True
22767;4;12;8;True
22768;3;4;1;True
22769;4;12;8;True
22770;2;4;2;True
22771;1;1;0;True
22772;8;16;8;True
22773;3;6;3;True
22774;3;9;6;True
22775;5;8;3;True
22776;1;1;0;True
22777;4;6;2;True
22778;4;8;4;True
22779;5;6;1;True
22780;6;9;3;True
22781;7;12;5;True
22782;2;2;0;True
22783;5;12;7;True
22784;6;12;6;True
22785;7;12;5;True
22786;2;2;0;True
22787;4;6;2;True
22788;2;4;2;True
22789;2;4;2;True
22790;4;9;5;True
22791;5;12;7;True
22792;2;4;2;True
22793;5;9;4;True
22794;6;9;3;True
22795;1;1;0;True
22796;8;16;8;True
22797;2;2;0;True
22798;4;9;5;True
22799;5;16;11;True
22800;1;1;0;True
22801;3;6;3;True
22802;4;12;8;True
22803;4;9;5;True
22804;3;6;3;True
22805;5;8;3;True
22806;3;9;6;True
22807;0;0;0;True
22808;5;12;7;True
22809;2;2;0;True
22810;4;6;2;True
22811;7;16;9;True
22812;5;12;7;True
22813;7;16;9;True
22814;4;9;5;True
22815;3;6;3;True
22816;4;12;8;True
22817;1;1;0;True
22818;5;12;7;True
22819;3;6;3;True
22820;2;4;2;True
22821;4;9;5;True
22822;0;0;0;True
22823;5;12;7;True
22824;4;9;5;True
22825;4;9;5;True
22826;4;9;5;True
22827;9;16;7;True
22828;3;3;0;True
22829;4;12;8;True
22830;3;4;1;True
22831;1;1;0;True
22832;6;12;6;True
22833;4;9;5;True
22834;1;1;0;True
22835;7;16;9;True
22836;7;12;5;True
22837;1;1;0;True
22838;5;16;11;True
22839;0;0;0;True
22840;1;1;0;True
22841;8;12;4;True
22842;6;16;10;True
22843;7;12;5;True
22844;1;1;0;True
22845;1;1;0;True
22846;3;6;3;True
22847;3;9;6;True
22848;4;6;2;True
22849;4;6;2;True
22850;3;9;6;True
22851;8;16;8;True
22852;6;8;2;True
22853;4;6;2;True
22854;3;4;1;True
22855;5;9;4;True
22856;5;12;7;True
22857;2;4;2;True
22858;6;12;6;True
22859;7;9;2;True
22860;4;12;8;True
22861;2;4;2;True
22862;0;0;0;True
22863;3;4;1;True
22864;4;9;5;True
22865;0;0;0;True
22866;4;6;2;True
22867;3;4;1;True
22868;1;1;0;True
22869;0;0;0;True
22870;8;16;8;True
22871;2;2;0;True
22872;2;2;0;True
22873;2;4;2;True
22874;3;6;3;True
22875;6;12;6;True
22876;3;4;1;True
22877;1;1;0;True
22878;0;0;0;True
22879;6;12;6;True
22880;6;16;10;True
22881;4;6;2;True
22882;6;9;3;True
22883;6;12;6;True
22884;5;16;11;True
22885;5;12;7;True
22886;2;4;2;True
22887;6;12;6;True
22888;7;16;9;True
22889;5;12;7;True
22890;6;16;10;True
22891;4;9;5;True
22892;1;1;0;True
22893;1;1;0;True
22894;5;12;7;True
22895;1;1;0;True
22896;2;4;2;True
22897;5;9;4;True
22898;4;8;4;True
22899;5;12;7;True
22900;3;4;1;True
22901;9;16;7;True
22902;1;1;0;True
22903;4;9;5;True
22904;2;4;2;True
22905;3;6;3;True
22906;5;12;7;True
22907;9;16;7;True
22908;3;4;1;True
22909;2;4;2;True
22910;3;6;3;True
22911;5;9;4;True
22912;6;8;2;True
22913;2;4;2;True
22914;3;6;3;True
22915;3;6;3;True
22916;10;16;6;True
22917;1;1;0;True
22918;3;4;1;True
22919;1;1;0;True
22920;4;9;5;True
22921;7;9;2;True
22922;6;12;6;True
22923;6;9;3;True
22924;3;6;3;True
22925;7;16;9;True
22926;2;2;0;True
22927;2;2;0;True
22928;7;12;5;True
22929;4;9;5;True
22930;0;0;0;True
22931;7;12;5;True
22932;3;4;1;True
22933;0;0;0;True
22934;8;16;8;True
22935;7;12;5;True
22936;3;4;1;True
22937;2;4;2;True
22938;6;12;6;True
22939;4;9;5;True
22940;0;0;0;True
22941;1;1;0;True
22942;2;4;2;True
22943;3;4;1;True
22944;5;6;1;True
22945;5;12;7;True
22946;5;16;11;True
22947;4;12;8;True
22948;4;6;2;True
22949;1;1;0;True
22950;6;12;6;True
22951;3;6;3;True
22952;4;9;5;True
22953;1;1;0;True
22954;5;9;4;True
22955;2;2;0;True
22956;2;4;2;True
22957;1;1;0;True
22958;3;6;3;True
22959;3;6;3;True
22960;2;4;2;True
22961;3;4;1;True
22962;2;4;2;True
22963;5;9;4;True
22964;3;6;3;True
22965;4;6;2;True
22966;3;6;3;True
22967;5;12;7;True
22968;2;4;2;True
22969;1;1;0;True
22970;4;12;8;True
22971;3;6;3;True
22972;0;0;0;True
22973;4;12;8;True
22974;1;1;0;True
22975;3;6;3;True
22976;0;0;0;True
22977;4;12;8;True
22978;4;9;5;True
22979;10;16;6;True
22980;3;6;3;True
22981;4;8;4;True
22982;0;0;0;True
22983;5;9;4;True
22984;0;0;0;True
22985;5;9;4;True
22986;2;2;0;True
22987;5;8;3;True
22988;8;12;4;True
22989;0;0;0;True
22990;2;2;0;True
22991;4;12;8;True
22992;5;12;7;True
22993;3;4;1;True
22994;5;8;3;True
22995;2;2;0;True
22996;5;12;7;True
22997;6;12;6;True
22998;2;4;2;True
22999;9;16;7;True
23000;1;1;0;True
23001;6;12;6;True
23002;3;6;3;True
23003;6;12;6;True
23004;6;12;6;True
23005;3;4;1;True
23006;3;4;1;True
23007;3;6;3;True
23008;1;1;0;True
23009;3;4;1;True
23010;8;12;4;True
23011;0;0;0;True
23012;4;6;2;True
23013;5;12;7;True
23014;3;6;3;True
23015;5;12;7;True
23016;3;4;1;True
23017;6;16;10;True
23018;1;1;0;True
23019;8;16;8;True
23020;3;4;1;True
23021;7;16;9;True
23022;1;1;0;True
23023;4;9;5;True
23024;3;6;3;True
23025;6;16;10;True
23026;3;6;3;True
23027;2;2;0;True
23028;5;12;7;True
23029;5;6;1;True
23030;1;1;0;True
23031;2;4;2;True
23032;5;9;4;True
23033;1;1;0;True
23034;3;6;3;True
23035;4;9;5;True
23036;2;4;2;True
23037;2;2;0;True
23038;1;1;0;True
23039;1;1;0;True
23040;2;4;2;True
23041;5;12;7;True
23042;4;9;5;True
23043;4;9;5;True
23044;4;9;5;True
23045;2;2;0;True
23046;4;9;5;True
23047;2;2;0;True
23048;4;6;2;True
23049;9;16;7;True
23050;5;9;4;True
23051;2;4;2;True
23052;8;16;8;True
23053;3;6;3;True
23054;3;6;3;True
23055;3;9;6;True
23056;7;8;1;True
23057;1;1;0;True
23058;6;16;10;True
23059;4;9;5;True
23060;2;2;0;True
23061;1;1;0;True
23062;5;6;1;True
23063;5;8;3;True
23064;1;1;0;True
23065;8;16;8;True
23066;8;16;8;True
23067;3;6;3;True
23068;3;4;1;True
23069;7;16;9;True
23070;4;9;5;True
23071;1;1;0;True
23072;4;16;12;True
23073;2;2;0;True
23074;0;0;0;True
23075;0;0;0;True
23076;5;9;4;True
23077;5;6;1;True
23078;7;12;5;True
23079;4;9;5;True
23080;6;9;3;True
23081;1;1;0;True
23082;8;16;8;True
23083;1;1;0;True
23084;5;12;7;True
23085;0;0;0;True
23086;3;6;3;True
23087;0;0;0;True
23088;3;6;3;True
23089;7;16;9;True
23090;3;4;1;True
23091;6;12;6;True
23092;4;6;2;True
23093;8;16;8;True
23094;4;8;4;True
23095;3;9;6;True
23096;6;12;6;True
23097;2;4;2;True
23098;3;6;3;True
23099;2;4;2;True
23100;3;6;3;True
23101;4;9;5;True
23102;9;16;7;True
23103;8;16;8;True
23104;6;12;6;True
23105;5;9;4;True
23106;2;4;2;True
23107;3;6;3;True
23108;2;4;2;True
23109;6;12;6;True
23110;1;1;0;True
23111;3;4;1;True
23112;0;0;0;True
23113;7;12;5;True
23114;2;4;2;True
23115;0;0;0;True
23116;3;6;3;True
23117;3;6;3;True
23118;1;1;0;True
23119;4;12;8;True
23120;5;16;11;True
23121;4;9;5;True
23122;1;1;0;True
23123;4;4;0;True
23124;1;1;0;True
23125;2;4;2;True
23126;5;12;7;True
23127;6;16;10;True
23128;4;12;8;True
23129;5;8;3;True
23130;2;2;0;True
23131;2;2;0;True
23132;8;9;1;True
23133;4;9;5;True
23134;3;9;6;True
23135;6;16;10;True
23136;2;2;0;True
23137;3;9;6;True
23138;8;16;8;True
23139;3;3;0;True
23140;4;9;5;True
23141;2;4;2;True
23142;1;1;0;True
23143;6;12;6;True
23144;2;4;2;True
23145;4;6;2;True
23146;6;16;10;True
23147;2;2;0;True
23148;2;2;0;True
23149;4;9;5;True
23150;4;9;5;True
23151;1;1;0;True
23152;3;3;0;True
23153;4;6;2;True
23154;6;16;10;True
23155;1;1;0;True
23156;2;2;0;True
23157;2;2;0;True
23158;5;9;4;True
23159;5;12;7;True
23160;1;1;0;True
23161;5;12;7;True
23162;2;4;2;True
23163;3;6;3;True
23164;0;0;0;True
23165;6;9;3;True
23166;7;9;2;True
23167;1;1;0;True
23168;5;8;3;True
23169;2;4;2;True
23170;1;1;0;True
23171;5;9;4;True
23172;1;1;0;True
23173;2;4;2;True
23174;3;6;3;True
23175;3;6;3;True
23176;0;0;0;True
23177;0;0;0;True
23178;3;6;3;True
23179;1;1;0;True
23180;8;16;8;True
23181;5;9;4;True
23182;4;9;5;True
23183;5;12;7;True
23184;1;1;0;True
23185;6;9;3;True
23186;1;1;0;True
23187;3;4;1;True
23188;5;8;3;True
23189;2;4;2;True
23190;6;16;10;True
23191;5;12;7;True
23192;6;9;3;True
23193;4;6;2;True
23194;4;12;8;True
23195;1;1;0;True
23196;4;9;5;True
23197;6;12;6;True
23198;3;9;6;True
23199;3;9;6;True
23200;3;6;3;True
23201;7;16;9;True
23202;6;12;6;True
23203;0;0;0;True
23204;2;2;0;True
23205;3;4;1;True
23206;4;6;2;True
23207;5;6;1;True
23208;3;9;6;True
23209;1;1;0;True
23210;8;16;8;True
23211;11;16;5;True
23212;2;4;2;True
23213;5;9;4;True
23214;6;16;10;True
23215;1;1;0;True
23216;2;2;0;True
23217;5;12;7;True
23218;5;9;4;True
23219;5;12;7;True
23220;2;2;0;True
23221;5;9;4;True
23222;6;16;10;True
23223;0;0;0;True
23224;2;4;2;True
23225;6;9;3;True
23226;5;12;7;True
23227;1;1;0;True
23228;0;0;0;True
23229;3;4;1;True
23230;2;4;2;True
23231;10;16;6;True
23232;7;12;5;True
23233;1;1;0;True
23234;8;16;8;True
23235;4;6;2;True
23236;4;6;2;True
23237;7;12;5;True
23238;2;2;0;True
23239;1;1;0;True
23240;1;1;0;True
23241;6;9;3;True
23242;6;16;10;True
23243;9;16;7;True
23244;0;0;0;True
23245;8;16;8;True
23246;3;6;3;True
23247;8;16;8;True
23248;5;12;7;True
23249;6;9;3;True
23250;6;12;6;True
23251;3;6;3;True
23252;1;1;0;True
23253;8;16;8;True
23254;3;6;3;True
23255;5;9;4;True
23256;4;8;4;True
23257;2;4;2;True
23258;8;16;8;True
23259;0;0;0;True
23260;6;12;6;True
23261;3;3;0;True
23262;6;16;10;True
23263;5;8;3;True
23264;4;9;5;True
23265;6;16;10;True
23266;4;9;5;True
23267;2;4;2;True
23268;2;4;2;True
23269;5;16;11;True
23270;4;9;5;True
23271;4;9;5;True
23272;3;3;0;True
23273;2;4;2;True
23274;3;4;1;True
23275;2;2;0;True
23276;3;9;6;True
23277;3;6;3;True
23278;3;9;6;True
23279;6;8;2;True
23280;7;16;9;True
23281;3;9;6;True
23282;6;12;6;True
23283;6;8;2;True
23284;1;1;0;True
23285;5;12;7;True
23286;9;12;3;True
23287;3;3;0;True
23288;4;6;2;True
23289;2;4;2;True
23290;3;3;0;True
23291;5;9;4;True
23292;8;16;8;True
23293;4;6;2;True
23294;6;9;3;True
23295;1;1;0;True
23296;5;12;7;True
23297;4;8;4;True
23298;1;1;0;True
23299;2;4;2;True
23300;4;9;5;True
23301;5;16;11;True
23302;2;4;2;True
23303;7;12;5;True
23304;1;1;0;True
23305;5;12;7;True
23306;5;9;4;True
23307;7;16;9;True
23308;5;12;7;True
23309;8;12;4;True
23310;3;4;1;True
23311;5;12;7;True
23312;3;6;3;True
23313;3;6;3;True
23314;2;4;2;True
23315;5;12;7;True
23316;4;4;0;True
23317;4;12;8;True
23318;0;0;0;True
23319;0;0;0;True
23320;4;9;5;True
23321;2;4;2;True
23322;4;12;8;True
23323;0;0;0;True
23324;3;6;3;True
23325;5;9;4;True
23326;5;12;7;True
23327;2;4;2;True
23328;5;12;7;True
23329;1;1;0;True
23330;6;16;10;True
23331;3;4;1;True
23332;1;1;0;True
23333;0;0;0;True
23334;8;16;8;True
23335;4;6;2;True
23336;3;6;3;True
23337;2;4;2;True
23338;1;1;0;True
23339;3;3;0;True
23340;7;12;5;True
23341;8;12;4;True
23342;4;6;2;True
23343;6;12;6;True
23344;1;1;0;True
23345;2;4;2;True
23346;3;6;3;True
23347;1;1;0;True
23348;1;1;0;True
23349;6;12;6;True
23350;6;8;2;True
23351;7;16;9;True
23352;3;6;3;True
23353;0;0;0;True
23354;5;12;7;True
23355;5;16;11;True
23356;4;6;2;True
23357;5;12;7;True
23358;3;9;6;True
23359;2;4;2;True
23360;0;0;0;True
23361;0;0;0;True
23362;5;9;4;True
23363;2;2;0;True
23364;4;9;5;True
23365;4;9;5;True
23366;3;9;6;True
23367;5;6;1;True
23368;1;1;0;True
23369;3;6;3;True
23370;7;16;9;True
23371;2;2;0;True
23372;4;6;2;True
23373;5;8;3;True
23374;0;0;0;True
23375;4;6;2;True
23376;2;2;0;True
23377;0;0;0;True
23378;2;4;2;True
23379;1;1;0;True
23380;1;1;0;True
23381;6;16;10;True
23382;5;12;7;True
23383;3;9;6;True
23384;5;12;7;True
23385;4;6;2;True
23386;2;2;0;True
23387;3;4;1;True
23388;4;6;2;True
23389;6;16;10;True
23390;5;9;4;True
23391;2;4;2;True
23392;3;6;3;True
23393;5;12;7;True
23394;4;9;5;True
23395;6;9;3;True
23396;4;6;2;True
23397;1;1;0;True
23398;2;4;2;True
23399;2;2;0;True
23400;4;12;8;True
23401;3;6;3;True
23402;7;16;9;True
23403;0;0;0;True
23404;4;6;2;True
23405;4;9;5;True
23406;8;16;8;True
23407;11;16;5;True
23408;4;9;5;True
23409;2;2;0;True
23410;1;1;0;True
23411;6;12;6;True
23412;2;2;0;True
23413;6;9;3;True
23414;5;9;4;True
23415;1;1;0;True
23416;7;12;5;True
23417;2;4;2;True
23418;2;4;2;True
23419;7;16;9;True
23420;6;12;6;True
23421;1;1;0;True
23422;4;9;5;True
23423;3;4;1;True
23424;4;12;8;True
23425;3;6;3;True
23426;0;0;0;True
23427;1;1;0;True
23428;0;0;0;True
23429;2;4;2;True
23430;8;16;8;True
23431;0;0;0;True
23432;5;12;7;True
23433;1;1;0;True
23434;6;9;3;True
23435;0;0;0;True
23436;3;9;6;True
23437;2;2;0;True
23438;2;2;0;True
23439;3;4;1;True
23440;4;9;5;True
23441;1;1;0;True
23442;6;8;2;True
23443;2;4;2;True
23444;10;16;6;True
23445;4;9;5;True
23446;1;1;0;True
23447;6;9;3;True
23448;7;16;9;True
23449;4;6;2;True
23450;4;6;2;True
23451;2;4;2;True
23452;7;12;5;True
23453;3;6;3;True
23454;5;12;7;True
23455;1;1;0;True
23456;4;9;5;True
23457;8;16;8;True
23458;6;16;10;True
23459;5;12;7;True
23460;4;6;2;True
23461;5;12;7;True
23462;3;9;6;True
23463;3;9;6;True
23464;5;12;7;True
23465;2;4;2;True
23466;4;9;5;True
23467;4;9;5;True
23468;5;9;4;True
23469;0;0;0;True
23470;3;4;1;True
23471;11;16;5;True
23472;4;9;5;True
23473;4;4;0;True
23474;3;6;3;True
23475;4;9;5;True
23476;4;8;4;True
23477;2;2;0;True
23478;4;9;5;True
23479;2;2;0;True
23480;7;12;5;True
23481;1;1;0;True
23482;2;4;2;True
23483;2;4;2;True
23484;5;9;4;True
23485;6;9;3;True
23486;2;4;2;True
23487;2;2;0;True
23488;0;0;0;True
23489;0;0;0;True
23490;1;1;0;True
23491;3;4;1;True
23492;5;9;4;True
23493;2;4;2;True
23494;6;12;6;True
23495;2;4;2;True
23496;4;6;2;True
23497;6;9;3;True
23498;4;9;5;True
23499;8;16;8;True
23500;3;6;3;True
23501;1;1;0;True
23502;8;12;4;True
23503;8;16;8;True
23504;4;6;2;True
23505;3;6;3;True
23506;2;4;2;True
23507;9;16;7;True
23508;8;16;8;True
23509;9;16;7;True
23510;5;8;3;True
23511;6;16;10;True
23512;6;16;10;True
23513;0;0;0;True
23514;1;1;0;True
23515;3;9;6;True
23516;9;16;7;True
23517;3;6;3;True
23518;5;12;7;True
23519;3;6;3;True
23520;5;12;7;True
23521;5;8;3;True
23522;3;4;1;True
23523;0;0;0;True
23524;6;16;10;True
23525;1;1;0;True
23526;2;2;0;True
23527;3;6;3;True
23528;3;9;6;True
23529;4;8;4;True
23530;1;1;0;True
23531;1;1;0;True
23532;2;4;2;True
23533;2;2;0;True
23534;6;12;6;True
23535;3;4;1;True
23536;3;6;3;True
23537;4;9;5;True
23538;1;1;0;True
23539;3;6;3;True
23540;5;9;4;True
23541;7;12;5;True
23542;1;1;0;True
23543;5;8;3;True
23544;2;2;0;True
23545;5;8;3;True
23546;5;12;7;True
23547;0;0;0;True
23548;3;9;6;True
23549;6;12;6;True
23550;4;9;5;True
23551;4;8;4;True
23552;6;12;6;True
23553;6;12;6;True
23554;0;0;0;True
23555;0;0;0;True
23556;10;16;6;True
23557;4;12;8;True
23558;3;4;1;True
23559;3;9;6;True
23560;6;12;6;True
23561;3;4;1;True
23562;1;1;0;True
23563;2;4;2;True
23564;1;1;0;True
23565;4;9;5;True
23566;3;9;6;True
23567;4;9;5;True
23568;3;6;3;True
23569;1;1;0;True
23570;2;4;2;True
23571;1;1;0;True
23572;3;4;1;True
23573;0;0;0;True
23574;10;16;6;True
23575;2;4;2;True
23576;0;0;0;True
23577;1;1;0;True
23578;7;16;9;True
23579;4;9;5;True
23580;5;9;4;True
23581;4;9;5;True
23582;0;0;0;True
23583;5;12;7;True
23584;4;8;4;True
23585;3;4;1;True
23586;0;0;0;True
23587;3;6;3;True
23588;9;16;7;True
23589;8;12;4;True
23590;6;16;10;True
23591;0;0;0;True
23592;5;9;4;True
23593;6;16;10;True
23594;2;4;2;True
23595;4;6;2;True
23596;7;12;5;True
23597;10;16;6;True
23598;5;12;7;True
23599;5;16;11;True
23600;8;12;4;True
23601;5;9;4;True
23602;7;12;5;True
23603;4;9;5;True
23604;4;6;2;True
23605;0;0;0;True
23606;0;0;0;True
23607;7;16;9;True
23608;4;6;2;True
23609;4;6;2;True
23610;3;6;3;True
23611;1;1;0;True
23612;2;4;2;True
23613;1;1;0;True
23614;3;6;3;True
23615;3;3;0;True
23616;3;6;3;True
23617;4;9;5;True
23618;1;1;0;True
23619;5;9;4;True
23620;1;1;0;True
23621;9;16;7;True
23622;2;2;0;True
23623;1;1;0;True
23624;6;8;2;True
23625;7;16;9;True
23626;5;12;7;True
23627;2;2;0;True
23628;2;2;0;True
23629;2;4;2;True
23630;4;6;2;True
23631;11;16;5;True
23632;3;6;3;True
23633;6;12;6;True
23634;5;8;3;True
23635;4;12;8;True
23636;2;2;0;True
23637;9;12;3;True
23638;3;6;3;True
23639;4;9;5;True
23640;3;6;3;True
23641;2;4;2;True
23642;0;0;0;True
23643;4;6;2;True
23644;3;6;3;True
23645;4;4;0;True
23646;2;4;2;True
23647;2;2;0;True
23648;3;6;3;True
23649;1;1;0;True
23650;5;9;4;True
23651;3;6;3;True
23652;2;2;0;True
23653;5;9;4;True
23654;6;12;6;True
23655;8;16;8;True
23656;1;1;0;True
23657;4;6;2;True
23658;4;16;12;True
23659;4;6;2;True
23660;2;4;2;True
23661;0;0;0;True
23662;7;16;9;True
23663;0;0;0;True
23664;9;16;7;True
23665;8;16;8;True
23666;3;6;3;True
23667;4;9;5;True
23668;3;4;1;True
23669;2;4;2;True
23670;7;12;5;True
23671;0;0;0;True
23672;3;4;1;True
23673;9;16;7;True
23674;7;16;9;True
23675;2;2;0;True
23676;6;16;10;True
23677;2;4;2;True
23678;0;0;0;True
23679;5;16;11;True
23680;2;2;0;True
23681;6;8;2;True
23682;1;1;0;True
23683;4;12;8;True
23684;6;12;6;True
23685;3;4;1;True
23686;2;4;2;True
23687;2;4;2;True
23688;2;4;2;True
23689;1;1;0;True
23690;0;0;0;True
23691;2;4;2;True
23692;5;12;7;True
23693;3;6;3;True
23694;11;16;5;True
23695;1;1;0;True
23696;3;6;3;True
23697;9;16;7;True
23698;4;12;8;True
23699;3;9;6;True
23700;3;6;3;True
23701;6;9;3;True
23702;7;12;5;True
23703;6;16;10;True
23704;7;9;2;True
23705;5;9;4;True
23706;6;16;10;True
23707;4;9;5;True
23708;10;16;6;True
23709;4;9;5;True
23710;4;9;5;True
23711;4;16;12;True
23712;3;6;3;True
23713;6;12;6;True
23714;1;1;0;True
23715;3;9;6;True
23716;5;6;1;True
23717;3;6;3;True
23718;3;6;3;True
23719;5;9;4;True
23720;8;12;4;True
23721;7;12;5;True
23722;2;2;0;True
23723;3;4;1;True
23724;6;16;10;True
23725;9;16;7;True
23726;4;9;5;True
23727;4;9;5;True
23728;4;6;2;True
23729;4;4;0;True
23730;3;6;3;True
23731;7;16;9;True
23732;7;9;2;True
23733;6;12;6;True
23734;3;6;3;True
23735;9;16;7;True
23736;4;9;5;True
23737;3;9;6;True
23738;5;9;4;True
23739;6;12;6;True
23740;3;4;1;True
23741;4;12;8;True
23742;7;12;5;True
23743;4;12;8;True
23744;3;9;6;True
23745;0;0;0;True
23746;1;1;0;True
23747;1;1;0;True
23748;6;8;2;True
23749;2;4;2;True
23750;2;2;0;True
23751;0;0;0;True
23752;0;0;0;True
23753;3;9;6;True
23754;4;9;5;True
23755;5;16;11;True
23756;1;1;0;True
23757;3;6;3;True
23758;2;4;2;True
23759;3;4;1;True
23760;2;2;0;True
23761;3;3;0;True
23762;3;4;1;True
23763;4;12;8;True
23764;6;12;6;True
23765;1;1;0;True
23766;4;12;8;True
23767;6;12;6;True
23768;4;9;5;True
23769;5;12;7;True
23770;2;2;0;True
23771;4;9;5;True
23772;7;12;5;True
23773;1;1;0;True
23774;10;16;6;True
23775;0;0;0;True
23776;3;3;0;True
23777;5;9;4;True
23778;6;12;6;True
23779;8;16;8;True
23780;8;16;8;True
23781;5;8;3;True
23782;4;6;2;True
23783;5;12;7;True
23784;2;4;2;True
23785;3;6;3;True
23786;9;12;3;True
23787;4;12;8;True
23788;3;6;3;True
23789;2;4;2;True
23790;0;0;0;True
23791;2;2;0;True
23792;5;12;7;True
23793;3;6;3;True
23794;6;12;6;True
23795;7;16;9;True
23796;2;2;0;True
23797;1;1;0;True
23798;8;16;8;True
23799;3;3;0;True
23800;1;1;0;True
23801;7;12;5;True
23802;4;6;2;True
23803;4;16;12;True
23804;0;0;0;True
23805;0;0;0;True
23806;4;9;5;True
23807;4;9;5;True
23808;2;4;2;True
23809;1;1;0;True
23810;1;1;0;True
23811;1;1;0;True
23812;5;9;4;True
23813;3;6;3;True
23814;3;6;3;True
23815;0;0;0;True
23816;5;9;4;True
23817;5;12;7;True
23818;2;4;2;True
23819;0;0;0;True
23820;2;4;2;True
23821;4;12;8;True
23822;3;4;1;True
23823;8;16;8;True
23824;2;4;2;True
23825;4;9;5;True
23826;1;1;0;True
23827;3;4;1;True
23828;5;12;7;True
23829;2;4;2;True
23830;0;0;0;True
23831;4;9;5;True
23832;6;12;6;True
23833;5;9;4;True
23834;1;1;0;True
23835;3;6;3;True
23836;4;6;2;True
23837;1;1;0;True
23838;6;12;6;True
23839;0;0;0;True
23840;3;6;3;True
23841;4;9;5;True
23842;0;0;0;True
23843;1;1;0;True
23844;0;0;0;True
23845;3;6;3;True
23846;4;6;2;True
23847;7;12;5;True
23848;4;9;5;True
23849;2;4;2;True
23850;3;6;3;True
23851;4;9;5;True
23852;4;9;5;True
23853;2;4;2;True
23854;3;4;1;True
23855;3;4;1;True
23856;5;12;7;True
23857;4;12;8;True
23858;5;12;7;True
23859;4;9;5;True
23860;2;4;2;True
23861;4;6;2;True
23862;3;3;0;True
23863;8;12;4;True
23864;4;9;5;True
23865;2;4;2;True
23866;6;16;10;True
23867;5;12;7;True
23868;6;9;3;True
23869;6;16;10;True
23870;6;16;10;True
23871;2;4;2;True
23872;2;2;0;True
23873;8;16;8;True
23874;2;4;2;True
23875;5;9;4;True
23876;1;1;0;True
23877;1;1;0;True
23878;4;8;4;True
23879;4;6;2;True
23880;4;9;5;True
23881;3;6;3;True
23882;3;6;3;True
23883;7;12;5;True
23884;1;1;0;True
23885;1;1;0;True
23886;1;1;0;True
23887;5;9;4;True
23888;1;1;0;True
23889;7;16;9;True
23890;0;0;0;True
23891;4;6;2;True
23892;2;2;0;True
23893;7;12;5;True
23894;5;16;11;True
23895;3;6;3;True
23896;2;4;2;True
23897;0;0;0;True
23898;3;9;6;True
23899;2;4;2;True
23900;3;9;6;True
23901;1;1;0;True
23902;1;1;0;True
23903;3;4;1;True
23904;2;4;2;True
23905;3;6;3;True
23906;8;12;4;True
23907;2;4;2;True
23908;4;12;8;True
23909;5;12;7;True
23910;8;16;8;True
23911;8;16;8;True
23912;0;0;0;True
23913;3;4;1;True
23914;4;9;5;True
23915;3;3;0;True
23916;5;9;4;True
23917;7;16;9;True
23918;4;12;8;True
23919;3;4;1;True
23920;2;4;2;True
23921;0;0;0;True
23922;3;9;6;True
23923;4;9;5;True
23924;4;9;5;True
23925;0;0;0;True
23926;9;16;7;True
23927;5;12;7;True
23928;4;9;5;True
23929;5;9;4;True
23930;3;6;3;True
23931;3;3;0;True
23932;3;4;1;True
23933;5;12;7;True
23934;4;9;5;True
23935;10;16;6;True
23936;3;3;0;True
23937;5;8;3;True
23938;6;12;6;True
23939;3;4;1;True
23940;4;9;5;True
23941;2;2;0;True
23942;5;12;7;True
23943;1;1;0;True
23944;0;0;0;True
23945;2;2;0;True
23946;7;16;9;True
23947;4;9;5;True
23948;7;12;5;True
23949;4;12;8;True
23950;2;4;2;True
23951;1;1;0;True
23952;4;9;5;True
23953;5;12;7;True
23954;2;4;2;True
23955;4;6;2;True
23956;4;9;5;True
23957;4;9;5;True
23958;4;12;8;True
23959;7;16;9;True
23960;3;6;3;True
23961;6;12;6;True
23962;4;9;5;True
23963;6;12;6;True
23964;4;6;2;True
23965;6;16;10;True
23966;1;1;0;True
23967;5;9;4;True
23968;1;1;0;True
23969;2;4;2;True
23970;4;6;2;True
23971;2;2;0;True
23972;1;1;0;True
23973;3;9;6;True
23974;4;6;2;True
23975;4;9;5;True
23976;1;1;0;True
23977;4;12;8;True
23978;2;4;2;True
23979;4;9;5;True
23980;1;1;0;True
23981;3;6;3;True
23982;3;6;3;True
23983;2;4;2;True
23984;4;8;4;True
23985;4;9;5;True
23986;2;4;2;True
23987;0;0;0;True
23988;1;1;0;True
23989;2;4;2;True
23990;3;4;1;True
23991;1;1;0;True
23992;8;12;4;True
23993;9;16;7;True
23994;6;9;3;True
23995;4;6;2;True
23996;3;9;6;True
23997;3;6;3;True
23998;6;16;10;True
23999;0;0;0;True
24000;3;6;3;True
24001;6;9;3;True
24002;8;16;8;True
24003;4;8;4;True
24004;3;4;1;True
24005;9;16;7;True
24006;4;9;5;True
24007;1;1;0;True
24008;4;9;5;True
24009;3;4;1;True
24010;2;4;2;True
24011;6;12;6;True
24012;5;12;7;True
24013;4;6;2;True
24014;0;0;0;True
24015;2;4;2;True
24016;4;6;2;True
24017;6;12;6;True
24018;8;12;4;True
24019;1;1;0;True
24020;5;12;7;True
24021;2;4;2;True
24022;2;2;0;True
24023;5;9;4;True
24024;2;4;2;True
24025;1;1;0;True
24026;1;1;0;True
24027;2;2;0;True
24028;4;6;2;True
24029;2;4;2;True
24030;0;0;0;True
24031;1;1;0;True
24032;3;3;0;True
24033;4;9;5;True
24034;1;1;0;True
24035;0;0;0;True
24036;4;9;5;True
24037;1;1;0;True
24038;1;1;0;True
24039;3;4;1;True
24040;6;12;6;True
24041;6;12;6;True
24042;2;2;0;True
24043;1;1;0;True
24044;10;16;6;True
24045;1;1;0;True
24046;7;12;5;True
24047;5;9;4;True
24048;3;9;6;True
24049;0;0;0;True
24050;1;1;0;True
24051;3;6;3;True
24052;2;4;2;True
24053;5;9;4;True
24054;4;6;2;True
24055;2;2;0;True
24056;5;9;4;True
24057;6;12;6;True
24058;5;12;7;True
24059;5;9;4;True
24060;2;4;2;True
24061;2;4;2;True
24062;5;9;4;True
24063;5;16;11;True
24064;2;2;0;True
24065;3;6;3;True
24066;3;6;3;True
24067;3;4;1;True
24068;2;2;0;True
24069;6;16;10;True
24070;8;16;8;True
24071;3;4;1;True
24072;2;2;0;True
24073;3;4;1;True
24074;4;9;5;True
24075;3;4;1;True
24076;6;16;10;True
24077;1;1;0;True
24078;4;9;5;True
24079;3;9;6;True
24080;4;12;8;True
24081;1;1;0;True
24082;2;4;2;True
24083;2;2;0;True
24084;5;9;4;True
24085;0;0;0;True
24086;1;1;0;True
24087;5;12;7;True
24088;4;8;4;True
24089;4;8;4;True
24090;2;4;2;True
24091;7;16;9;True
24092;7;16;9;True
24093;5;8;3;True
24094;7;16;9;True
24095;5;9;4;True
24096;4;12;8;True
24097;3;3;0;True
24098;2;2;0;True
24099;3;6;3;True
24100;6;16;10;True
24101;2;2;0;True
24102;8;16;8;True
24103;6;12;6;True
24104;4;6;2;True
24105;2;4;2;True
24106;1;1;0;True
24107;2;4;2;True
24108;4;12;8;True
24109;5;9;4;True
24110;3;6;3;True
24111;2;4;2;True
24112;2;2;0;True
24113;4;4;0;True
24114;2;2;0;True
24115;3;9;6;True
24116;3;4;1;True
24117;5;8;3;True
24118;2;4;2;True
24119;5;9;4;True
24120;5;12;7;True
24121;2;4;2;True
24122;2;2;0;True
24123;5;12;7;True
24124;2;2;0;True
24125;1;1;0;True
24126;6;12;6;True
24127;4;9;5;True
24128;9;16;7;True
24129;1;1;0;True
24130;0;0;0;True
24131;2;4;2;True
24132;2;4;2;True
24133;5;12;7;True
24134;1;1;0;True
24135;6;16;10;True
24136;3;3;0;True
24137;10;16;6;True
24138;1;1;0;True
24139;0;0;0;True
24140;6;12;6;True
24141;7;16;9;True
24142;6;16;10;True
24143;2;4;2;True
24144;5;16;11;True
24145;6;12;6;True
24146;2;4;2;True
24147;4;9;5;True
24148;8;16;8;True
24149;3;6;3;True
24150;11;16;5;True
24151;1;1;0;True
24152;1;1;0;True
24153;7;16;9;True
24154;2;2;0;True
24155;8;16;8;True
24156;2;4;2;True
24157;3;6;3;True
24158;0;0;0;True
24159;2;2;0;True
24160;4;12;8;True
24161;1;1;0;True
24162;6;16;10;True
24163;0;0;0;True
24164;1;1;0;True
24165;5;12;7;True
24166;1;1;0;True
24167;1;1;0;True
24168;0;0;0;True
24169;7;16;9;True
24170;7;16;9;True
24171;5;12;7;True
24172;1;1;0;True
24173;0;0;0;True
24174;6;16;10;True
24175;2;4;2;True
24176;0;0;0;True
24177;0;0;0;True
24178;0;0;0;True
24179;2;4;2;True
24180;2;4;2;True
24181;1;1;0;True
24182;4;9;5;True
24183;7;12;5;True
24184;4;9;5;True
24185;2;4;2;True
24186;1;1;0;True
24187;2;2;0;True
24188;0;0;0;True
24189;3;3;0;True
24190;7;12;5;True
24191;1;1;0;True
24192;5;16;11;True
24193;1;1;0;True
24194;6;12;6;True
24195;4;9;5;True
24196;6;12;6;True
24197;0;0;0;True
24198;3;9;6;True
24199;5;9;4;True
24200;1;1;0;True
24201;3;6;3;True
24202;0;0;0;True
24203;5;8;3;True
24204;3;6;3;True
24205;5;12;7;True
24206;3;4;1;True
24207;4;6;2;True
24208;0;0;0;True
24209;5;12;7;True
24210;2;4;2;True
24211;5;9;4;True
24212;7;12;5;True
24213;4;6;2;True
24214;5;6;1;True
24215;1;1;0;True
24216;3;6;3;True
24217;4;6;2;True
24218;2;4;2;True
24219;3;4;1;True
24220;6;16;10;True
24221;0;0;0;True
24222;4;9;5;True
24223;6;12;6;True
24224;3;6;3;True
24225;4;12;8;True
24226;0;0;0;True
24227;6;12;6;True
24228;6;12;6;True
24229;6;9;3;True
24230;0;0;0;True
24231;5;12;7;True
24232;5;6;1;True
24233;2;2;0;True
24234;2;4;2;True
24235;9;16;7;True
24236;4;9;5;True
24237;8;12;4;True
24238;6;12;6;True
24239;3;6;3;True
24240;4;16;12;True
24241;3;6;3;True
24242;7;12;5;True
24243;3;6;3;True
24244;0;0;0;True
24245;3;6;3;True
24246;5;12;7;True
24247;2;2;0;True
24248;0;0;0;True
24249;4;9;5;True
24250;5;9;4;True
24251;2;4;2;True
24252;1;1;0;True
24253;10;16;6;True
24254;6;16;10;True
24255;7;16;9;True
24256;1;1;0;True
24257;1;1;0;True
24258;5;16;11;True
24259;9;16;7;True
24260;5;9;4;True
24261;8;16;8;True
24262;6;12;6;True
24263;5;9;4;True
24264;3;6;3;True
24265;7;16;9;True
24266;4;9;5;True
24267;4;8;4;True
24268;0;0;0;True
24269;3;9;6;True
24270;7;12;5;True
24271;4;9;5;True
24272;7;16;9;True
24273;3;4;1;True
24274;1;1;0;True
24275;2;2;0;True
24276;4;6;2;True
24277;7;16;9;True
24278;0;0;0;True
24279;4;9;5;True
24280;2;4;2;True
24281;3;9;6;True
24282;8;16;8;True
24283;4;12;8;True
24284;3;4;1;True
24285;4;9;5;True
24286;9;12;3;True
24287;2;2;0;True
24288;3;6;3;True
24289;3;6;3;True
24290;3;6;3;True
24291;4;6;2;True
24292;3;6;3;True
24293;4;9;5;True
24294;0;0;0;True
24295;4;12;8;True
24296;5;9;4;True
24297;5;9;4;True
24298;3;6;3;True
24299;2;4;2;True
24300;2;4;2;True
24301;3;6;3;True
24302;5;12;7;True
24303;4;12;8;True
24304;2;2;0;True
24305;10;16;6;True
24306;4;12;8;True
24307;0;0;0;True
24308;4;6;2;True
24309;7;16;9;True
24310;2;2;0;True
24311;5;6;1;True
24312;1;1;0;True
24313;5;9;4;True
24314;6;9;3;True
24315;3;4;1;True
24316;1;1;0;True
24317;0;0;0;True
24318;1;1;0;True
24319;1;1;0;True
24320;5;12;7;True
24321;4;9;5;True
24322;7;12;5;True
24323;7;12;5;True
24324;3;6;3;True
24325;0;0;0;True
24326;3;6;3;True
24327;10;16;6;True
24328;5;12;7;True
24329;9;16;7;True
24330;6;16;10;True
24331;4;9;5;True
24332;0;0;0;True
24333;4;16;12;True
24334;5;16;11;True
24335;1;1;0;True
24336;6;16;10;True
24337;5;12;7;True
24338;7;16;9;True
24339;3;4;1;True
24340;6;8;2;True
24341;5;12;7;True
24342;5;6;1;True
24343;3;6;3;True
24344;5;12;7;True
24345;5;12;7;True
24346;3;4;1;True
24347;3;6;3;True
24348;11;16;5;True
24349;5;12;7;True
24350;5;9;4;True
24351;3;6;3;True
24352;4;9;5;True
24353;2;2;0;True
24354;7;12;5;True
24355;1;1;0;True
24356;8;16;8;True
24357;4;9;5;True
24358;5;6;1;True
24359;1;1;0;True
24360;5;12;7;True
24361;6;16;10;True
24362;4;8;4;True
24363;5;9;4;True
24364;10;16;6;True
24365;5;8;3;True
24366;2;4;2;True
24367;0;0;0;True
24368;3;6;3;True
24369;3;6;3;True
24370;9;16;7;True
24371;4;6;2;True
24372;2;2;0;True
24373;3;6;3;True
24374;1;1;0;True
24375;1;1;0;True
24376;4;12;8;True
24377;3;6;3;True
24378;5;12;7;True
24379;1;1;0;True
24380;4;16;12;True
24381;3;9;6;True
24382;9;12;3;True
24383;4;9;5;True
24384;4;9;5;True
24385;2;2;0;True
24386;0;0;0;True
24387;6;12;6;True
24388;7;9;2;True
24389;0;0;0;True
24390;5;12;7;True
24391;3;9;6;True
24392;6;12;6;True
24393;1;1;0;True
24394;3;9;6;True
24395;3;4;1;True
24396;3;4;1;True
24397;0;0;0;True
24398;3;6;3;True
24399;4;4;0;True
24400;5;12;7;True
24401;4;9;5;True
24402;9;16;7;True
24403;1;1;0;True
24404;2;4;2;True
24405;4;8;4;True
24406;4;12;8;True
24407;9;16;7;True
24408;7;16;9;True
24409;5;9;4;True
24410;0;0;0;True
24411;4;6;2;True
24412;4;6;2;True
24413;4;9;5;True
24414;5;8;3;True
24415;2;4;2;True
24416;2;4;2;True
24417;7;8;1;True
24418;3;4;1;True
24419;4;9;5;True
24420;3;4;1;True
24421;1;1;0;True
24422;8;16;8;True
24423;0;0;0;True
24424;5;9;4;True
24425;6;16;10;True
24426;6;12;6;True
24427;0;0;0;True
24428;1;1;0;True
24429;2;4;2;True
24430;4;6;2;True
24431;10;16;6;True
24432;0;0;0;True
24433;4;6;2;True
24434;3;6;3;True
24435;4;6;2;True
24436;3;6;3;True
24437;5;9;4;True
24438;3;6;3;True
24439;4;6;2;True
24440;1;1;0;True
24441;7;12;5;True
24442;5;16;11;True
24443;5;12;7;True
24444;4;12;8;True
24445;6;12;6;True
24446;3;6;3;True
24447;1;1;0;True
24448;6;12;6;True
24449;8;16;8;True
24450;7;12;5;True
24451;2;4;2;True
24452;3;4;1;True
24453;2;2;0;True
24454;6;12;6;True
24455;3;4;1;True
24456;3;6;3;True
24457;5;12;7;True
24458;4;6;2;True
24459;3;6;3;True
24460;0;0;0;True
24461;1;1;0;True
24462;5;8;3;True
24463;6;12;6;True
24464;6;16;10;True
24465;4;9;5;True
24466;4;6;2;True
24467;6;12;6;True
24468;8;16;8;True
24469;2;4;2;True
24470;3;4;1;True
24471;1;1;0;True
24472;5;6;1;True
24473;2;4;2;True
24474;5;12;7;True
24475;0;0;0;True
24476;6;12;6;True
24477;2;2;0;True
24478;8;16;8;True
24479;8;16;8;True
24480;1;1;0;True
24481;4;9;5;True
24482;5;16;11;True
24483;7;16;9;True
24484;7;16;9;True
24485;1;1;0;True
24486;1;1;0;True
24487;6;12;6;True
24488;3;9;6;True
24489;2;2;0;True
24490;4;12;8;True
24491;4;8;4;True
24492;2;2;0;True
24493;4;6;2;True
24494;0;0;0;True
24495;4;9;5;True
24496;3;4;1;True
24497;3;6;3;True
24498;1;1;0;True
24499;2;4;2;True
24500;1;1;0;True
24501;3;6;3;True
24502;8;16;8;True
24503;3;4;1;True
24504;6;12;6;True
24505;1;1;0;True
24506;1;1;0;True
24507;2;4;2;True
24508;0;0;0;True
24509;6;12;6;True
24510;0;0;0;True
24511;4;8;4;True
24512;5;12;7;True
24513;5;12;7;True
24514;5;9;4;True
24515;2;4;2;True
24516;8;16;8;True
24517;4;9;5;True
24518;5;8;3;True
24519;1;1;0;True
24520;3;6;3;True
24521;1;1;0;True
24522;4;12;8;True
24523;4;6;2;True
24524;5;6;1;True
24525;1;1;0;True
24526;3;9;6;True
24527;5;12;7;True
24528;4;12;8;True
24529;3;4;1;True
24530;6;8;2;True
24531;1;1;0;True
24532;1;1;0;True
24533;1;1;0;True
24534;2;4;2;True
24535;1;1;0;True
24536;4;6;2;True
24537;4;9;5;True
24538;1;1;0;True
24539;6;12;6;True
24540;7;16;9;True
24541;5;9;4;True
24542;0;0;0;True
24543;3;4;1;True
24544;6;12;6;True
24545;5;12;7;True
24546;7;16;9;True
24547;4;8;4;True
24548;5;12;7;True
24549;5;8;3;True
24550;4;9;5;True
24551;8;12;4;True
24552;4;9;5;True
24553;2;4;2;True
24554;4;8;4;True
24555;5;8;3;True
24556;2;4;2;True
24557;1;1;0;True
24558;5;12;7;True
24559;2;2;0;True
24560;4;6;2;True
24561;6;12;6;True
24562;1;1;0;True
24563;0;0;0;True
24564;0;0;0;True
24565;3;4;1;True
24566;5;12;7;True
24567;0;0;0;True
24568;5;12;7;True
24569;3;4;1;True
24570;1;1;0;True
24571;4;6;2;True
24572;5;12;7;True
24573;4;6;2;True
24574;0;0;0;True
24575;6;16;10;True
24576;6;9;3;True
24577;2;4;2;True
24578;2;4;2;True
24579;0;0;0;True
24580;4;9;5;True
24581;5;12;7;True
24582;5;9;4;True
24583;6;12;6;True
24584;1;1;0;True
24585;4;6;2;True
24586;1;1;0;True
24587;0;0;0;True
24588;2;4;2;True
24589;5;16;11;True
24590;3;6;3;True
24591;2;2;0;True
24592;2;4;2;True
24593;5;12;7;True
24594;10;16;6;True
24595;4;9;5;True
24596;4;6;2;True
24597;2;4;2;True
24598;2;2;0;True
24599;3;9;6;True
24600;3;4;1;True
24601;8;16;8;True
24602;7;16;9;True
24603;2;2;0;True
24604;4;6;2;True
24605;6;12;6;True
24606;2;4;2;True
24607;4;8;4;True
24608;3;4;1;True
24609;8;16;8;True
24610;4;9;5;True
24611;1;1;0;True
24612;3;6;3;True
24613;3;4;1;True
24614;4;9;5;True
24615;0;0;0;True
24616;2;2;0;True
24617;2;2;0;True
24618;6;16;10;True
24619;5;16;11;True
24620;9;16;7;True
24621;0;0;0;True
24622;5;6;1;True
24623;2;4;2;True
24624;1;1;0;True
24625;2;2;0;True
24626;6;9;3;True
24627;0;0;0;True
24628;2;4;2;True
24629;3;9;6;True
24630;3;4;1;True
24631;3;4;1;True
24632;0;0;0;True
24633;5;9;4;True
24634;3;6;3;True
24635;1;1;0;True
24636;7;12;5;True
24637;7;12;5;True
24638;3;6;3;True
24639;2;4;2;True
24640;4;9;5;True
24641;5;12;7;True
24642;1;1;0;True
24643;2;2;0;True
24644;3;4;1;True
24645;0;0;0;True
24646;4;12;8;True
24647;4;9;5;True
24648;3;6;3;True
24649;5;9;4;True
24650;2;2;0;True
24651;2;4;2;True
24652;1;1;0;True
24653;7;12;5;True
24654;3;6;3;True
24655;4;9;5;True
24656;7;12;5;True
24657;2;4;2;True
24658;0;0;0;True
24659;1;1;0;True
24660;6;16;10;True
24661;4;9;5;True
24662;4;6;2;True
24663;7;12;5;True
24664;1;1;0;True
24665;7;12;5;True
24666;7;12;5;True
24667;4;9;5;True
24668;5;12;7;True
24669;1;1;0;True
24670;5;12;7;True
24671;3;4;1;True
24672;9;16;7;True
24673;1;1;0;True
24674;4;6;2;True
24675;5;9;4;True
24676;1;1;0;True
24677;5;12;7;True
24678;4;9;5;True
24679;1;1;0;True
24680;2;2;0;True
24681;5;9;4;True
24682;9;16;7;True
24683;2;4;2;True
24684;1;1;0;True
24685;8;16;8;True
24686;4;9;5;True
24687;3;6;3;True
24688;0;0;0;True
24689;9;16;7;True
24690;1;1;0;True
24691;2;2;0;True
24692;5;16;11;True
24693;4;9;5;True
24694;6;16;10;True
24695;2;2;0;True
24696;3;6;3;True
24697;1;1;0;True
24698;3;6;3;True
24699;1;1;0;True
24700;0;0;0;True
24701;3;4;1;True
24702;2;4;2;True
24703;2;2;0;True
24704;4;9;5;True
24705;2;4;2;True
24706;1;1;0;True
24707;5;12;7;True
24708;2;2;0;True
24709;2;4;2;True
24710;1;1;0;True
24711;4;12;8;True
24712;6;16;10;True
24713;1;1;0;True
24714;1;1;0;True
24715;2;4;2;True
24716;6;16;10;True
24717;4;9;5;True
24718;1;1;0;True
24719;6;16;10;True
24720;5;9;4;True
24721;3;6;3;True
24722;1;1;0;True
24723;6;9;3;True
24724;5;16;11;True
24725;6;12;6;True
24726;0;0;0;True
24727;8;16;8;True
24728;2;4;2;True
24729;5;12;7;True
24730;0;0;0;True
24731;1;1;0;True
24732;2;2;0;True
24733;5;12;7;True
24734;2;2;0;True
24735;4;4;0;True
24736;3;6;3;True
24737;4;9;5;True
24738;1;1;0;True
24739;1;1;0;True
24740;8;16;8;True
24741;4;6;2;True
24742;1;1;0;True
24743;2;4;2;True
24744;8;16;8;True
24745;3;9;6;True
24746;4;9;5;True
24747;2;4;2;True
24748;6;12;6;True
24749;7;16;9;True
24750;5;12;7;True
24751;2;4;2;True
24752;1;1;0;True
24753;5;8;3;True
24754;3;4;1;True
24755;2;2;0;True
24756;1;1;0;True
24757;0;0;0;True
24758;5;12;7;True
24759;1;1;0;True
24760;3;9;6;True
24761;4;12;8;True
24762;9;16;7;True
24763;0;0;0;True
24764;3;4;1;True
24765;3;6;3;True
24766;5;12;7;True
24767;2;2;0;True
24768;4;6;2;True
24769;5;12;7;True
24770;5;8;3;True
24771;0;0;0;True
24772;1;1;0;True
24773;1;1;0;True
24774;5;9;4;True
24775;3;4;1;True
24776;3;6;3;True
24777;4;9;5;True
24778;1;1;0;True
24779;0;0;0;True
24780;1;1;0;True
24781;2;4;2;True
24782;4;6;2;True
24783;6;16;10;True
24784;5;12;7;True
24785;0;0;0;True
24786;1;1;0;True
24787;3;3;0;True
24788;3;6;3;True
24789;9;16;7;True
24790;4;12;8;True
24791;8;16;8;True
24792;4;6;2;True
24793;0;0;0;True
24794;8;16;8;True
24795;2;4;2;True
24796;6;12;6;True
24797;4;12;8;True
24798;1;1;0;True
24799;2;4;2;True
24800;5;12;7;True
24801;2;4;2;True
24802;5;12;7;True
24803;5;12;7;True
24804;7;16;9;True
24805;3;6;3;True
24806;4;9;5;True
24807;3;6;3;True
24808;3;6;3;True
24809;6;8;2;True
24810;3;4;1;True
24811;7;12;5;True
24812;5;12;7;True
24813;5;9;4;True
24814;4;9;5;True
24815;6;8;2;True
24816;5;12;7;True
24817;4;9;5;True
24818;2;2;0;True
24819;1;1;0;True
24820;0;0;0;True
24821;7;12;5;True
24822;2;4;2;True
24823;4;9;5;True
24824;3;9;6;True
24825;1;1;0;True
24826;8;12;4;True
24827;1;1;0;True
24828;4;9;5;True
24829;4;9;5;True
24830;6;12;6;True
24831;1;1;0;True
24832;3;6;3;True
24833;3;6;3;True
24834;5;12;7;True
24835;0;0;0;True
24836;2;4;2;True
24837;7;16;9;True
24838;2;2;0;True
24839;2;4;2;True
24840;2;2;0;True
24841;2;4;2;True
24842;4;12;8;True
24843;5;12;7;True
24844;3;9;6;True
24845;0;0;0;True
24846;1;1;0;True
24847;5;9;4;True
24848;2;4;2;True
24849;4;8;4;True
24850;5;12;7;True
24851;4;9;5;True
24852;2;2;0;True
24853;5;9;4;True
24854;3;6;3;True
24855;1;1;0;True
24856;0;0;0;True
24857;0;0;0;True
24858;1;1;0;True
24859;5;12;7;True
24860;3;6;3;True
24861;6;12;6;True
24862;2;4;2;True
24863;0;0;0;True
24864;4;9;5;True
24865;1;1;0;True
24866;4;6;2;True
24867;0;0;0;True
24868;4;6;2;True
24869;2;4;2;True
24870;5;8;3;True
24871;4;8;4;True
24872;3;4;1;True
24873;7;12;5;True
24874;2;4;2;True
24875;2;4;2;True
24876;1;1;0;True
24877;2;4;2;True
24878;5;6;1;True
24879;6;12;6;True
24880;4;6;2;True
24881;3;6;3;True
24882;5;12;7;True
24883;5;9;4;True
24884;7;12;5;True
24885;8;16;8;True
24886;3;4;1;True
24887;2;2;0;True
24888;3;4;1;True
24889;5;9;4;True
24890;5;12;7;True
24891;7;12;5;True
24892;4;6;2;True
24893;3;6;3;True
24894;3;6;3;True
24895;5;9;4;True
24896;0;0;0;True
24897;3;9;6;True
24898;0;0;0;True
24899;1;1;0;True
24900;5;9;4;True
24901;1;1;0;True
24902;0;0;0;True
24903;1;1;0;True
24904;0;0;0;True
24905;2;2;0;True
24906;8;12;4;True
24907;3;6;3;True
24908;3;9;6;True
24909;6;12;6;True
24910;2;4;2;True
24911;2;4;2;True
24912;5;8;3;True
24913;7;12;5;True
24914;2;4;2;True
24915;2;4;2;True
24916;0;0;0;True
24917;6;16;10;True
24918;5;8;3;True
24919;8;12;4;True
24920;2;4;2;True
24921;6;9;3;True
24922;3;6;3;True
24923;5;9;4;True
24924;2;4;2;True
24925;4;8;4;True
24926;3;6;3;True
24927;6;9;3;True
24928;6;9;3;True
24929;3;4;1;True
24930;1;1;0;True
24931;3;6;3;True
24932;3;3;0;True
24933;4;6;2;True
24934;2;2;0;True
24935;2;4;2;True
24936;5;8;3;True
24937;2;2;0;True
24938;3;6;3;True
24939;5;9;4;True
24940;4;9;5;True
24941;5;12;7;True
24942;9;16;7;True
24943;2;4;2;True
24944;3;4;1;True
24945;4;12;8;True
24946;5;12;7;True
24947;4;6;2;True
24948;4;6;2;True
24949;3;4;1;True
24950;3;4;1;True
24951;3;4;1;True
24952;1;1;0;True
24953;4;4;0;True
24954;4;6;2;True
24955;0;0;0;True
24956;3;6;3;True
24957;4;8;4;True
24958;6;12;6;True
24959;5;6;1;True
24960;7;16;9;True
24961;2;2;0;True
24962;3;9;6;True
24963;0;0;0;True
24964;8;12;4;True
24965;5;12;7;True
24966;4;9;5;True
24967;0;0;0;True
24968;5;9;4;True
24969;8;12;4;True
24970;1;1;0;True
24971;1;1;0;True
24972;5;12;7;True
24973;6;12;6;True
24974;5;12;7;True
24975;5;8;3;True
24976;5;16;11;True
24977;5;9;4;True
24978;6;12;6;True
24979;2;4;2;True
24980;3;6;3;True
24981;10;16;6;True
24982;5;6;1;True
24983;9;16;7;True
24984;7;16;9;True
24985;5;9;4;True
24986;2;4;2;True
24987;1;1;0;True
24988;3;6;3;True
24989;3;4;1;True
24990;1;1;0;True
24991;3;9;6;True
24992;3;6;3;True
24993;1;1;0;True
24994;6;12;6;True
24995;0;0;0;True
24996;2;2;0;True
24997;3;6;3;True
24998;4;9;5;True
24999;5;12;7;True
25000;12;16;4;True
25001;6;16;10;True
25002;1;1;0;True
25003;0;0;0;True
25004;4;9;5;True
25005;2;4;2;True
25006;6;12;6;True
25007;4;9;5;True
25008;6;12;6;True
25009;4;8;4;True
25010;3;4;1;True
25011;4;8;4;True
25012;2;2;0;True
25013;8;16;8;True
25014;1;1;0;True
25015;11;16;5;True
25016;8;16;8;True
25017;1;1;0;True
25018;2;4;2;True
25019;5;9;4;True
25020;0;0;0;True
25021;1;1;0;True
25022;2;4;2;True
25023;6;16;10;True
25024;6;9;3;True
25025;0;0;0;True
25026;3;4;1;True
25027;3;6;3;True
25028;1;1;0;True
25029;2;2;0;True
25030;5;12;7;True
25031;3;9;6;True
25032;2;2;0;True
25033;1;1;0;True
25034;4;12;8;True
25035;0;0;0;True
25036;6;8;2;True
25037;0;0;0;True
25038;5;12;7;True
25039;4;8;4;True
25040;0;0;0;True
25041;7;12;5;True
25042;0;0;0;True
25043;6;12;6;True
25044;5;9;4;True
25045;5;12;7;True
25046;3;4;1;True
25047;3;6;3;True
25048;0;0;0;True
25049;4;6;2;True
25050;1;1;0;True
25051;3;4;1;True
25052;3;6;3;True
25053;4;9;5;True
25054;5;9;4;True
25055;0;0;0;True
25056;4;12;8;True
25057;5;12;7;True
25058;10;16;6;True
25059;3;6;3;True
25060;3;4;1;True
25061;3;6;3;True
25062;6;16;10;True
25063;5;12;7;True
25064;3;6;3;True
25065;9;16;7;True
25066;2;4;2;True
25067;5;8;3;True
25068;0;0;0;True
25069;5;9;4;True
25070;4;12;8;True
25071;2;4;2;True
25072;3;4;1;True
25073;3;3;0;True
25074;5;8;3;True
25075;2;2;0;True
25076;5;12;7;True
25077;6;16;10;True
25078;2;4;2;True
25079;2;4;2;True
25080;7;9;2;True
25081;1;1;0;True
25082;0;0;0;True
25083;0;0;0;True
25084;5;9;4;True
25085;4;9;5;True
25086;4;16;12;True
25087;7;12;5;True
25088;7;9;2;True
25089;3;4;1;True
25090;2;2;0;True
25091;4;12;8;True
25092;1;1;0;True
25093;4;16;12;True
25094;7;9;2;True
25095;5;9;4;True
25096;2;4;2;True
25097;2;2;0;True
25098;4;6;2;True
25099;1;1;0;True
25100;5;12;7;True
25101;2;4;2;True
25102;0;0;0;True
25103;4;9;5;True
25104;1;1;0;True
25105;2;2;0;True
25106;3;9;6;True
25107;4;8;4;True
25108;2;2;0;True
25109;1;1;0;True
25110;5;12;7;True
25111;2;4;2;True
25112;4;9;5;True
25113;2;4;2;True
25114;2;4;2;True
25115;3;4;1;True
25116;5;16;11;True
25117;5;12;7;True
25118;2;4;2;True
25119;5;9;4;True
25120;5;8;3;True
25121;3;4;1;True
25122;6;12;6;True
25123;2;4;2;True
25124;2;2;0;True
25125;6;12;6;True
25126;5;9;4;True
25127;1;1;0;True
25128;5;12;7;True
25129;0;0;0;True
25130;5;6;1;True
25131;4;9;5;True
25132;6;12;6;True
25133;5;6;1;True
25134;2;4;2;True
25135;4;9;5;True
25136;1;1;0;True
25137;6;12;6;True
25138;7;12;5;True
25139;4;8;4;True
25140;0;0;0;True
25141;3;4;1;True
25142;7;9;2;True
25143;6;12;6;True
25144;3;6;3;True
25145;6;16;10;True
25146;4;6;2;True
25147;2;2;0;True
25148;4;6;2;True
25149;2;2;0;True
25150;0;0;0;True
25151;5;9;4;True
25152;5;9;4;True
25153;6;16;10;True
25154;8;16;8;True
25155;5;8;3;True
25156;4;6;2;True
25157;2;2;0;True
25158;4;8;4;True
25159;4;12;8;True
25160;4;8;4;True
25161;5;12;7;True
25162;2;4;2;True
25163;2;2;0;True
25164;3;4;1;True
25165;8;16;8;True
25166;3;4;1;True
25167;2;4;2;True
25168;2;2;0;True
25169;4;6;2;True
25170;3;6;3;True
25171;2;2;0;True
25172;2;4;2;True
25173;5;12;7;True
25174;2;2;0;True
25175;3;4;1;True
25176;4;6;2;True
25177;3;6;3;True
25178;5;9;4;True
25179;2;2;0;True
25180;3;3;0;True
25181;4;12;8;True
25182;0;0;0;True
25183;3;6;3;True
25184;2;4;2;True
25185;6;9;3;True
25186;4;12;8;True
25187;8;16;8;True
25188;3;9;6;True
25189;4;6;2;True
25190;4;9;5;True
25191;1;1;0;True
25192;3;6;3;True
25193;1;1;0;True
25194;8;16;8;True
25195;8;16;8;True
25196;1;1;0;True
25197;1;1;0;True
25198;5;12;7;True
25199;7;16;9;True
25200;3;6;3;True
25201;1;1;0;True
25202;2;2;0;True
25203;3;9;6;True
25204;2;2;0;True
25205;4;6;2;True
25206;7;16;9;True
25207;1;1;0;True
25208;3;4;1;True
25209;9;16;7;True
25210;3;6;3;True
25211;1;1;0;True
25212;1;1;0;True
25213;0;0;0;True
25214;0;0;0;True
25215;3;6;3;True
25216;7;12;5;True
25217;2;4;2;True
25218;3;6;3;True
25219;3;3;0;True
25220;1;1;0;True
25221;4;6;2;True
25222;2;4;2;True
25223;1;1;0;True
25224;4;9;5;True
25225;4;12;8;True
25226;2;2;0;True
25227;4;9;5;True
25228;4;8;4;True
25229;1;1;0;True
25230;3;6;3;True
25231;7;12;5;True
25232;10;16;6;True
25233;7;12;5;True
25234;8;16;8;True
25235;6;16;10;True
25236;6;16;10;True
25237;2;4;2;True
25238;2;4;2;True
25239;2;4;2;True
25240;3;6;3;True
25241;3;6;3;True
25242;5;6;1;True
25243;3;4;1;True
25244;3;6;3;True
25245;2;4;2;True
25246;0;0;0;True
25247;6;8;2;True
25248;3;9;6;True
25249;2;4;2;True
25250;1;1;0;True
25251;4;9;5;True
25252;3;4;1;True
25253;1;1;0;True
25254;1;1;0;True
25255;5;9;4;True
25256;1;1;0;True
25257;1;1;0;True
25258;9;16;7;True
25259;3;9;6;True
25260;1;1;0;True
25261;7;16;9;True
25262;3;6;3;True
25263;1;1;0;True
25264;4;12;8;True
25265;0;0;0;True
25266;4;6;2;True
25267;3;6;3;True
25268;5;9;4;True
25269;3;6;3;True
25270;5;12;7;True
25271;2;4;2;True
25272;4;9;5;True
25273;5;12;7;True
25274;1;1;0;True
25275;1;1;0;True
25276;4;9;5;True
25277;5;16;11;True
25278;4;9;5;True
25279;5;16;11;True
25280;3;4;1;True
25281;3;4;1;True
25282;6;12;6;True
25283;1;1;0;True
25284;6;12;6;True
25285;4;6;2;True
25286;5;8;3;True
25287;1;1;0;True
25288;4;9;5;True
25289;1;1;0;True
25290;5;16;11;True
25291;7;12;5;True
25292;2;4;2;True
25293;0;0;0;True
25294;5;9;4;True
25295;0;0;0;True
25296;3;6;3;True
25297;2;2;0;True
25298;4;6;2;True
25299;2;2;0;True
25300;7;12;5;True
25301;6;9;3;True
25302;2;4;2;True
25303;3;4;1;True
25304;4;12;8;True
25305;3;4;1;True
25306;0;0;0;True
25307;1;1;0;True
25308;1;1;0;True
25309;4;8;4;True
25310;2;4;2;True
25311;4;9;5;True
25312;8;16;8;True
25313;5;9;4;True
25314;1;1;0;True
25315;4;9;5;True
25316;6;16;10;True
25317;3;6;3;True
25318;1;1;0;True
25319;2;2;0;True
25320;5;9;4;True
25321;2;4;2;True
25322;6;9;3;True
25323;4;12;8;True
25324;2;2;0;True
25325;4;9;5;True
25326;2;2;0;True
25327;7;12;5;True
25328;3;6;3;True
25329;3;6;3;True
25330;3;6;3;True
25331;3;9;6;True
25332;8;12;4;True
25333;6;9;3;True
25334;4;9;5;True
25335;5;12;7;True
25336;3;6;3;True
25337;0;0;0;True
25338;3;6;3;True
25339;0;0;0;True
25340;9;16;7;True
25341;0;0;0;True
25342;6;16;10;True
25343;6;16;10;True
25344;2;4;2;True
25345;4;6;2;True
25346;5;12;7;True
25347;4;9;5;True
25348;7;16;9;True
25349;2;4;2;True
25350;3;6;3;True
25351;2;2;0;True
25352;4;9;5;True
25353;1;1;0;True
25354;4;6;2;True
25355;2;2;0;True
25356;4;9;5;True
25357;5;12;7;True
25358;4;8;4;True
25359;1;1;0;True
25360;0;0;0;True
25361;6;16;10;True
25362;9;16;7;True
25363;6;12;6;True
25364;0;0;0;True
25365;1;1;0;True
25366;1;1;0;True
25367;5;12;7;True
25368;5;12;7;True
25369;2;4;2;True
25370;7;12;5;True
25371;2;4;2;True
25372;5;12;7;True
25373;3;4;1;True
25374;3;6;3;True
25375;4;6;2;True
25376;11;16;5;True
25377;3;6;3;True
25378;5;9;4;True
25379;3;6;3;True
25380;4;9;5;True
25381;2;4;2;True
25382;6;9;3;True
25383;6;12;6;True
25384;6;12;6;True
25385;6;12;6;True
25386;4;9;5;True
25387;4;6;2;True
25388;3;6;3;True
25389;4;8;4;True
25390;4;6;2;True
25391;7;12;5;True
25392;7;16;9;True
25393;3;9;6;True
25394;0;0;0;True
25395;2;4;2;True
25396;0;0;0;True
25397;1;1;0;True
25398;5;12;7;True
25399;2;4;2;True
25400;2;4;2;True
25401;2;4;2;True
25402;0;0;0;True
25403;5;12;7;True
25404;7;16;9;True
25405;3;3;0;True
25406;6;12;6;True
25407;1;1;0;True
25408;2;4;2;True
25409;3;6;3;True
25410;2;4;2;True
25411;3;6;3;True
25412;3;9;6;True
25413;2;4;2;True
25414;5;12;7;True
25415;3;4;1;True
25416;5;9;4;True
25417;1;1;0;True
25418;2;2;0;True
25419;1;1;0;True
25420;4;9;5;True
25421;3;6;3;True
25422;0;0;0;True
25423;0;0;0;True
25424;2;2;0;True
25425;1;1;0;True
25426;5;12;7;True
25427;4;12;8;True
25428;4;12;8;True
25429;5;12;7;True
25430;2;2;0;True
25431;1;1;0;True
25432;4;9;5;True
25433;1;1;0;True
25434;4;9;5;True
25435;3;4;1;True
25436;5;12;7;True
25437;2;2;0;True
25438;5;9;4;True
25439;5;8;3;True
25440;2;4;2;True
25441;5;6;1;True
25442;2;4;2;True
25443;3;6;3;True
25444;4;9;5;True
25445;0;0;0;True
25446;7;12;5;True
25447;1;1;0;True
25448;6;16;10;True
25449;3;4;1;True
25450;3;6;3;True
25451;5;9;4;True
25452;7;16;9;True
25453;4;6;2;True
25454;7;16;9;True
25455;3;6;3;True
25456;3;6;3;True
25457;7;16;9;True
25458;2;4;2;True
25459;7;16;9;True
25460;4;9;5;True
25461;2;4;2;True
25462;1;1;0;True
25463;2;4;2;True
25464;2;2;0;True
25465;2;4;2;True
25466;5;12;7;True
25467;7;12;5;True
25468;3;6;3;True
25469;6;9;3;True
25470;3;6;3;True
25471;3;9;6;True
25472;1;1;0;True
25473;4;6;2;True
25474;1;1;0;True
25475;2;2;0;True
25476;5;12;7;True
25477;7;12;5;True
25478;6;12;6;True
25479;3;4;1;True
25480;5;9;4;True
25481;8;16;8;True
25482;10;16;6;True
25483;9;16;7;True
25484;2;4;2;True
25485;4;8;4;True
25486;6;12;6;True
25487;1;1;0;True
25488;2;4;2;True
25489;0;0;0;True
25490;2;2;0;True
25491;6;12;6;True
25492;1;1;0;True
25493;4;9;5;True
25494;3;4;1;True
25495;0;0;0;True
25496;6;12;6;True
25497;3;6;3;True
25498;3;6;3;True
25499;2;2;0;True
25500;2;2;0;True
25501;5;12;7;True
25502;1;1;0;True
25503;7;12;5;True
25504;3;9;6;True
25505;6;16;10;True
25506;1;1;0;True
25507;5;12;7;True
25508;3;9;6;True
25509;11;16;5;True
25510;5;16;11;True
25511;2;4;2;True
25512;3;6;3;True
25513;2;2;0;True
25514;2;2;0;True
25515;5;12;7;True
25516;3;9;6;True
25517;2;4;2;True
25518;6;12;6;True
25519;2;2;0;True
25520;1;1;0;True
25521;2;4;2;True
25522;6;16;10;True
25523;3;4;1;True
25524;4;9;5;True
25525;3;6;3;True
25526;1;1;0;True
25527;1;1;0;True
25528;2;4;2;True
25529;4;6;2;True
25530;2;4;2;True
25531;4;9;5;True
25532;2;2;0;True
25533;2;4;2;True
25534;2;4;2;True
25535;8;12;4;True
25536;6;12;6;True
25537;5;12;7;True
25538;1;1;0;True
25539;7;16;9;True
25540;6;16;10;True
25541;6;16;10;True
25542;6;12;6;True
25543;7;16;9;True
25544;0;0;0;True
25545;3;6;3;True
25546;8;16;8;True
25547;2;4;2;True
25548;5;9;4;True
25549;4;12;8;True
25550;2;4;2;True
25551;1;1;0;True
25552;4;9;5;True
25553;5;9;4;True
25554;3;3;0;True
25555;3;6;3;True
25556;5;12;7;True
25557;6;16;10;True
25558;3;9;6;True
25559;2;4;2;True
25560;1;1;0;True
25561;2;4;2;True
25562;9;16;7;True
25563;2;2;0;True
25564;3;6;3;True
25565;3;9;6;True
25566;4;9;5;True
25567;5;8;3;True
25568;2;2;0;True
25569;5;9;4;True
25570;0;0;0;True
25571;2;2;0;True
25572;2;2;0;True
25573;4;9;5;True
25574;4;12;8;True
25575;10;16;6;True
25576;6;12;6;True
25577;1;1;0;True
25578;4;6;2;True
25579;6;12;6;True
25580;1;1;0;True
25581;1;1;0;True
25582;6;12;6;True
25583;1;1;0;True
25584;7;16;9;True
25585;4;9;5;True
25586;5;9;4;True
25587;3;6;3;True
25588;0;0;0;True
25589;4;6;2;True
25590;6;12;6;True
25591;7;12;5;True
25592;5;16;11;True
25593;4;6;2;True
25594;4;6;2;True
25595;6;12;6;True
25596;3;6;3;True
25597;3;6;3;True
25598;5;9;4;True
25599;2;2;0;True
25600;7;16;9;True
25601;2;2;0;True
25602;2;4;2;True
25603;7;16;9;True
25604;3;6;3;True
25605;6;12;6;True
25606;4;6;2;True
25607;5;9;4;True
25608;0;0;0;True
25609;3;9;6;True
25610;3;3;0;True
25611;0;0;0;True
25612;1;1;0;True
25613;4;6;2;True
25614;1;1;0;True
25615;3;4;1;True
25616;6;9;3;True
25617;9;16;7;True
25618;0;0;0;True
25619;3;6;3;True
25620;1;1;0;True
25621;6;12;6;True
25622;2;4;2;True
25623;6;12;6;True
25624;4;6;2;True
25625;1;1;0;True
25626;3;4;1;True
25627;0;0;0;True
25628;4;6;2;True
25629;7;16;9;True
25630;1;1;0;True
25631;4;9;5;True
25632;4;9;5;True
25633;3;4;1;True
25634;1;1;0;True
25635;2;2;0;True
25636;9;16;7;True
25637;3;6;3;True
25638;6;12;6;True
25639;2;4;2;True
25640;4;6;2;True
25641;2;2;0;True
25642;0;0;0;True
25643;3;6;3;True
25644;4;6;2;True
25645;0;0;0;True
25646;9;16;7;True
25647;2;2;0;True
25648;4;6;2;True
25649;2;4;2;True
25650;8;16;8;True
25651;3;4;1;True
25652;6;16;10;True
25653;6;12;6;True
25654;5;9;4;True
25655;1;1;0;True
25656;5;9;4;True
25657;7;16;9;True
25658;4;8;4;True
25659;5;12;7;True
25660;3;6;3;True
25661;9;12;3;True
25662;9;12;3;True
25663;7;16;9;True
25664;7;16;9;True
25665;5;12;7;True
25666;6;12;6;True
25667;1;1;0;True
25668;3;4;1;True
25669;5;12;7;True
25670;2;4;2;True
25671;6;9;3;True
25672;1;1;0;True
25673;6;16;10;True
25674;6;12;6;True
25675;8;12;4;True
25676;2;2;0;True
25677;5;12;7;True
25678;0;0;0;True
25679;0;0;0;True
25680;6;12;6;True
25681;0;0;0;True
25682;4;12;8;True
25683;2;2;0;True
25684;3;4;1;True
25685;1;1;0;True
25686;4;9;5;True
25687;4;8;4;True
25688;3;4;1;True
25689;1;1;0;True
25690;6;12;6;True
25691;4;6;2;True
25692;8;16;8;True
25693;5;9;4;True
25694;4;6;2;True
25695;2;2;0;True
25696;4;12;8;True
25697;4;12;8;True
25698;4;9;5;True
25699;9;16;7;True
25700;7;16;9;True
25701;1;1;0;True
25702;0;0;0;True
25703;7;8;1;True
25704;4;9;5;True
25705;3;9;6;True
25706;5;8;3;True
25707;3;4;1;True
25708;5;12;7;True
25709;3;9;6;True
25710;5;12;7;True
25711;3;6;3;True
25712;4;9;5;True
25713;2;4;2;True
25714;6;12;6;True
25715;5;12;7;True
25716;8;16;8;True
25717;6;12;6;True
25718;6;12;6;True
25719;7;16;9;True
25720;7;12;5;True
25721;2;2;0;True
25722;2;4;2;True
25723;3;4;1;True
25724;3;6;3;True
25725;1;1;0;True
25726;2;4;2;True
25727;4;6;2;True
25728;5;9;4;True
25729;5;9;4;True
25730;8;12;4;True
25731;7;9;2;True
25732;5;8;3;True
25733;5;16;11;True
25734;1;1;0;True
25735;4;12;8;True
25736;0;0;0;True
25737;4;9;5;True
25738;7;12;5;True
25739;5;9;4;True
25740;1;1;0;True
25741;4;9;5;True
25742;6;12;6;True
25743;3;3;0;True
25744;9;16;7;True
25745;5;12;7;True
25746;0;0;0;True
25747;0;0;0;True
25748;3;4;1;True
25749;4;6;2;True
25750;4;9;5;True
25751;2;4;2;True
25752;6;12;6;True
25753;3;3;0;True
25754;3;6;3;True
25755;0;0;0;True
25756;6;16;10;True
25757;0;0;0;True
25758;1;1;0;True
25759;5;9;4;True
25760;1;1;0;True
25761;4;9;5;True
25762;3;4;1;True
25763;9;12;3;True
25764;5;8;3;True
25765;2;4;2;True
25766;1;1;0;True
25767;9;16;7;True
25768;7;16;9;True
25769;1;1;0;True
25770;1;1;0;True
25771;6;9;3;True
25772;5;12;7;True
25773;2;4;2;True
25774;1;1;0;True
25775;3;6;3;True
25776;6;9;3;True
25777;4;9;5;True
25778;4;6;2;True
25779;8;16;8;True
25780;7;12;5;True
25781;7;16;9;True
25782;3;6;3;True
25783;5;9;4;True
25784;1;1;0;True
25785;7;12;5;True
25786;2;2;0;True
25787;6;16;10;True
25788;3;6;3;True
25789;8;12;4;True
25790;4;12;8;True
25791;4;9;5;True
25792;2;2;0;True
25793;4;12;8;True
25794;3;3;0;True
25795;2;2;0;True
25796;5;9;4;True
25797;3;6;3;True
25798;0;0;0;True
25799;0;0;0;True
25800;7;16;9;True
25801;3;4;1;True
25802;5;9;4;True
25803;1;1;0;True
25804;2;2;0;True
25805;4;9;5;True
25806;1;1;0;True
25807;4;12;8;True
25808;5;9;4;True
25809;1;1;0;True
25810;0;0;0;True
25811;4;9;5;True
25812;2;2;0;True
25813;4;9;5;True
25814;2;2;0;True
25815;2;2;0;True
25816;3;6;3;True
25817;4;12;8;True
25818;3;4;1;True
25819;2;2;0;True
25820;0;0;0;True
25821;10;16;6;True
25822;5;12;7;True
25823;3;6;3;True
25824;1;1;0;True
25825;1;1;0;True
25826;7;16;9;True
25827;5;12;7;True
25828;7;16;9;True
25829;6;12;6;True
25830;2;2;0;True
25831;2;2;0;True
25832;1;1;0;True
25833;4;16;12;True
25834;4;12;8;True
25835;6;12;6;True
25836;6;12;6;True
25837;3;6;3;True
25838;4;6;2;True
25839;3;4;1;True
25840;4;8;4;True
25841;9;16;7;True
25842;6;16;10;True
25843;0;0;0;True
25844;1;1;0;True
25845;4;9;5;True
25846;5;8;3;True
25847;4;9;5;True
25848;5;16;11;True
25849;0;0;0;True
25850;4;6;2;True
25851;3;6;3;True
25852;2;4;2;True
25853;8;16;8;True
25854;5;12;7;True
25855;0;0;0;True
25856;9;16;7;True
25857;1;1;0;True
25858;2;2;0;True
25859;1;1;0;True
25860;3;4;1;True
25861;8;16;8;True
25862;2;4;2;True
25863;3;6;3;True
25864;6;16;10;True
25865;2;4;2;True
25866;1;1;0;True
25867;5;8;3;True
25868;7;12;5;True
25869;3;4;1;True
25870;2;4;2;True
25871;3;6;3;True
25872;1;1;0;True
25873;4;6;2;True
25874;6;12;6;True
25875;4;6;2;True
25876;3;6;3;True
25877;5;6;1;True
25878;4;12;8;True
25879;9;12;3;True
25880;3;9;6;True
25881;4;6;2;True
25882;4;12;8;True
25883;4;6;2;True
25884;4;9;5;True
25885;5;12;7;True
25886;2;4;2;True
25887;0;0;0;True
25888;3;6;3;True
25889;5;16;11;True
25890;2;4;2;True
25891;4;6;2;True
25892;4;6;2;True
25893;3;4;1;True
25894;7;12;5;True
25895;0;0;0;True
25896;4;9;5;True
25897;3;4;1;True
25898;5;9;4;True
25899;6;9;3;True
25900;5;12;7;True
25901;3;6;3;True
25902;5;9;4;True
25903;2;2;0;True
25904;2;4;2;True
25905;3;6;3;True
25906;1;1;0;True
25907;7;12;5;True
25908;9;16;7;True
25909;6;12;6;True
25910;6;12;6;True
25911;3;9;6;True
25912;8;12;4;True
25913;1;1;0;True
25914;3;4;1;True
25915;6;9;3;True
25916;4;12;8;True
25917;5;6;1;True
25918;5;16;11;True
25919;3;6;3;True
25920;0;0;0;True
25921;8;16;8;True
25922;7;16;9;True
25923;3;6;3;True
25924;6;16;10;True
25925;2;4;2;True
25926;2;2;0;True
25927;2;2;0;True
25928;8;16;8;True
25929;1;1;0;True
25930;3;6;3;True
25931;2;4;2;True
25932;4;9;5;True
25933;3;6;3;True
25934;3;4;1;True
25935;2;2;0;True
25936;0;0;0;True
25937;1;1;0;True
25938;7;16;9;True
25939;6;16;10;True
25940;3;3;0;True
25941;0;0;0;True
25942;3;4;1;True
25943;2;4;2;True
25944;4;12;8;True
25945;6;16;10;True
25946;2;2;0;True
25947;7;12;5;True
25948;2;4;2;True
25949;8;12;4;True
25950;4;6;2;True
25951;2;4;2;True
25952;4;9;5;True
25953;10;16;6;True
25954;2;4;2;True
25955;6;9;3;True
25956;5;9;4;True
25957;1;1;0;True
25958;5;9;4;True
25959;8;16;8;True
25960;5;12;7;True
25961;1;1;0;True
25962;1;1;0;True
25963;0;0;0;True
25964;5;9;4;True
25965;2;4;2;True
25966;5;12;7;True
25967;3;6;3;True
25968;5;8;3;True
25969;7;16;9;True
25970;2;2;0;True
25971;2;4;2;True
25972;7;12;5;True
25973;5;12;7;True
25974;0;0;0;True
25975;3;4;1;True
25976;5;16;11;True
25977;5;12;7;True
25978;5;12;7;True
25979;2;4;2;True
25980;5;6;1;True
25981;3;3;0;True
25982;3;6;3;True
25983;4;9;5;True
25984;3;4;1;True
25985;4;12;8;True
25986;6;9;3;True
25987;2;4;2;True
25988;6;12;6;True
25989;3;9;6;True
25990;7;16;9;True
25991;4;16;12;True
25992;3;6;3;True
25993;1;1;0;True
25994;2;4;2;True
25995;3;3;0;True
25996;4;6;2;True
25997;6;12;6;True
25998;4;9;5;True
25999;2;2;0;True
26000;0;0;0;True
26001;0;0;0;True
26002;5;12;7;True
26003;3;9;6;True
26004;2;4;2;True
26005;4;6;2;True
26006;3;6;3;True
26007;2;4;2;True
26008;2;4;2;True
26009;0;0;0;True
26010;2;4;2;True
26011;3;6;3;True
26012;3;6;3;True
26013;4;6;2;True
26014;5;12;7;True
26015;8;16;8;True
26016;1;1;0;True
26017;2;2;0;True
26018;0;0;0;True
26019;3;6;3;True
26020;0;0;0;True
26021;2;4;2;True
26022;4;6;2;True
26023;1;1;0;True
26024;5;16;11;True
26025;5;12;7;True
26026;3;6;3;True
26027;3;6;3;True
26028;2;4;2;True
26029;1;1;0;True
26030;6;12;6;True
26031;4;6;2;True
26032;1;1;0;True
26033;7;16;9;True
26034;8;16;8;True
26035;1;1;0;True
26036;8;12;4;True
26037;2;2;0;True
26038;4;12;8;True
26039;5;9;4;True
26040;4;6;2;True
26041;1;1;0;True
26042;5;12;7;True
26043;3;6;3;True
26044;2;4;2;True
26045;3;6;3;True
26046;6;12;6;True
26047;0;0;0;True
26048;9;16;7;True
26049;1;1;0;True
26050;6;8;2;True
26051;5;9;4;True
26052;6;16;10;True
26053;0;0;0;True
26054;7;16;9;True
26055;1;1;0;True
26056;3;3;0;True
26057;3;4;1;True
26058;8;16;8;True
26059;5;12;7;True
26060;8;12;4;True
26061;5;12;7;True
26062;3;6;3;True
26063;5;9;4;True
26064;7;12;5;True
26065;1;1;0;True
26066;4;16;12;True
26067;3;6;3;True
26068;6;9;3;True
26069;3;9;6;True
26070;3;9;6;True
26071;7;16;9;True
26072;0;0;0;True
26073;1;1;0;True
26074;4;6;2;True
26075;3;6;3;True
26076;3;4;1;True
26077;0;0;0;True
26078;3;6;3;True
26079;7;12;5;True
26080;2;4;2;True
26081;3;4;1;True
26082;2;4;2;True
26083;10;16;6;True
26084;1;1;0;True
26085;5;8;3;True
26086;2;2;0;True
26087;8;16;8;True
26088;2;4;2;True
26089;0;0;0;True
26090;4;12;8;True
26091;1;1;0;True
26092;5;12;7;True
26093;2;2;0;True
26094;0;0;0;True
26095;4;6;2;True
26096;7;16;9;True
26097;6;12;6;True
26098;6;16;10;True
26099;3;4;1;True
26100;2;4;2;True
26101;3;4;1;True
26102;2;2;0;True
26103;6;9;3;True
26104;7;16;9;True
26105;2;4;2;True
26106;5;12;7;True
26107;2;2;0;True
26108;3;4;1;True
26109;5;9;4;True
26110;4;6;2;True
26111;4;9;5;True
26112;3;6;3;True
26113;5;16;11;True
26114;5;9;4;True
26115;1;1;0;True
26116;4;9;5;True
26117;4;6;2;True
26118;1;1;0;True
26119;8;9;1;True
26120;7;16;9;True
26121;7;16;9;True
26122;6;12;6;True
26123;5;12;7;True
26124;2;4;2;True
26125;3;6;3;True
26126;3;4;1;True
26127;5;9;4;True
26128;7;16;9;True
26129;0;0;0;True
26130;6;8;2;True
26131;7;12;5;True
26132;5;6;1;True
26133;7;12;5;True
26134;5;12;7;True
26135;8;16;8;True
26136;2;4;2;True
26137;5;16;11;True
26138;3;6;3;True
26139;4;9;5;True
26140;1;1;0;True
26141;8;12;4;True
26142;8;16;8;True
26143;2;4;2;True
26144;3;6;3;True
26145;5;12;7;True
26146;5;8;3;True
26147;4;9;5;True
26148;4;9;5;True
26149;4;9;5;True
26150;1;1;0;True
26151;2;4;2;True
26152;1;1;0;True
26153;4;8;4;True
26154;5;9;4;True
26155;0;0;0;True
26156;2;4;2;True
26157;1;1;0;True
26158;0;0;0;True
26159;1;1;0;True
26160;4;9;5;True
26161;1;1;0;True
26162;4;9;5;True
26163;0;0;0;True
26164;1;1;0;True
26165;3;6;3;True
26166;1;1;0;True
26167;2;4;2;True
26168;7;16;9;True
26169;8;16;8;True
26170;3;6;3;True
26171;3;4;1;True
26172;3;6;3;True
26173;8;16;8;True
26174;0;0;0;True
26175;1;1;0;True
26176;2;4;2;True
26177;4;12;8;True
26178;6;16;10;True
26179;1;1;0;True
26180;4;9;5;True
26181;5;16;11;True
26182;2;4;2;True
26183;4;6;2;True
26184;4;9;5;True
26185;2;4;2;True
26186;1;1;0;True
26187;3;6;3;True
26188;1;1;0;True
26189;4;9;5;True
26190;4;9;5;True
26191;6;12;6;True
26192;3;6;3;True
26193;4;6;2;True
26194;1;1;0;True
26195;4;16;12;True
26196;8;16;8;True
26197;4;12;8;True
26198;2;2;0;True
26199;2;4;2;True
26200;0;0;0;True
26201;2;2;0;True
26202;2;4;2;True
26203;5;16;11;True
26204;1;1;0;True
26205;7;12;5;True
26206;0;0;0;True
26207;3;9;6;True
26208;3;6;3;True
26209;2;4;2;True
26210;2;2;0;True
26211;2;2;0;True
26212;4;9;5;True
26213;6;12;6;True
26214;2;4;2;True
26215;1;1;0;True
26216;2;2;0;True
26217;8;16;8;True
26218;5;12;7;True
26219;8;16;8;True
26220;1;1;0;True
26221;5;6;1;True
26222;7;12;5;True
26223;2;4;2;True
26224;6;9;3;True
26225;2;4;2;True
26226;4;6;2;True
26227;6;12;6;True
26228;0;0;0;True
26229;2;2;0;True
26230;4;6;2;True
26231;2;4;2;True
26232;5;16;11;True
26233;2;2;0;True
26234;6;16;10;True
26235;2;2;0;True
26236;4;12;8;True
26237;4;9;5;True
26238;6;16;10;True
26239;2;2;0;True
26240;5;16;11;True
26241;0;0;0;True
26242;3;4;1;True
26243;6;16;10;True
26244;2;2;0;True
26245;2;2;0;True
26246;3;6;3;True
26247;1;1;0;True
26248;1;1;0;True
26249;0;0;0;True
26250;1;1;0;True
26251;6;9;3;True
26252;7;9;2;True
26253;2;4;2;True
26254;4;12;8;True
26255;0;0;0;True
26256;5;8;3;True
26257;3;6;3;True
26258;3;6;3;True
26259;3;4;1;True
26260;8;16;8;True
26261;0;0;0;True
26262;2;4;2;True
26263;3;6;3;True
26264;4;9;5;True
26265;2;2;0;True
26266;3;6;3;True
26267;2;4;2;True
26268;5;16;11;True
26269;8;16;8;True
26270;3;9;6;True
26271;7;12;5;True
26272;6;12;6;True
26273;4;9;5;True
26274;2;2;0;True
26275;6;9;3;True
26276;5;9;4;True
26277;3;9;6;True
26278;2;2;0;True
26279;6;16;10;True
26280;3;6;3;True
26281;1;1;0;True
26282;3;4;1;True
26283;0;0;0;True
26284;4;9;5;True
26285;8;16;8;True
26286;4;6;2;True
26287;4;9;5;True
26288;2;2;0;True
26289;5;9;4;True
26290;5;12;7;True
26291;1;1;0;True
26292;3;3;0;True
26293;6;12;6;True
26294;0;0;0;True
26295;0;0;0;True
26296;5;8;3;True
26297;2;2;0;True
26298;1;1;0;True
26299;5;12;7;True
26300;4;6;2;True
26301;2;2;0;True
26302;3;6;3;True
26303;2;4;2;True
26304;5;16;11;True
26305;4;6;2;True
26306;4;6;2;True
26307;6;16;10;True
26308;2;4;2;True
26309;1;1;0;True
26310;4;9;5;True
26311;1;1;0;True
26312;2;4;2;True
26313;9;16;7;True
26314;6;12;6;True
26315;1;1;0;True
26316;4;8;4;True
26317;2;4;2;True
26318;2;4;2;True
26319;5;12;7;True
26320;3;6;3;True
26321;4;6;2;True
26322;7;12;5;True
26323;0;0;0;True
26324;6;12;6;True
26325;2;4;2;True
26326;3;6;3;True
26327;5;12;7;True
26328;1;1;0;True
26329;3;6;3;True
26330;6;8;2;True
26331;0;0;0;True
26332;2;4;2;True
26333;2;2;0;True
26334;3;4;1;True
26335;6;16;10;True
26336;6;12;6;True
26337;2;4;2;True
26338;5;9;4;True
26339;1;1;0;True
26340;4;12;8;True
26341;3;6;3;True
26342;2;2;0;True
26343;2;2;0;True
26344;7;12;5;True
26345;1;1;0;True
26346;5;12;7;True
26347;3;9;6;True
26348;6;16;10;True
26349;5;9;4;True
26350;5;12;7;True
26351;2;4;2;True
26352;6;12;6;True
26353;5;9;4;True
26354;2;4;2;True
26355;1;1;0;True
26356;1;1;0;True
26357;7;9;2;True
26358;2;2;0;True
26359;3;6;3;True
26360;2;4;2;True
26361;5;12;7;True
26362;1;1;0;True
26363;4;12;8;True
26364;5;12;7;True
26365;2;4;2;True
26366;3;6;3;True
26367;5;12;7;True
26368;5;12;7;True
26369;6;9;3;True
26370;6;12;6;True
26371;1;1;0;True
26372;2;4;2;True
26373;2;2;0;True
26374;5;8;3;True
26375;5;12;7;True
26376;4;4;0;True
26377;6;12;6;True
26378;3;9;6;True
26379;1;1;0;True
26380;5;9;4;True
26381;3;6;3;True
26382;4;6;2;True
26383;2;2;0;True
26384;3;6;3;True
26385;4;12;8;True
26386;7;12;5;True
26387;3;6;3;True
26388;3;6;3;True
26389;5;12;7;True
26390;1;1;0;True
26391;6;9;3;True
26392;2;2;0;True
26393;4;12;8;True
26394;4;4;0;True
26395;7;16;9;True
26396;4;6;2;True
26397;2;2;0;True
26398;7;12;5;True
26399;4;12;8;True
26400;5;9;4;True
26401;2;4;2;True
26402;4;9;5;True
26403;6;12;6;True
26404;4;9;5;True
26405;8;12;4;True
26406;7;12;5;True
26407;5;8;3;True
26408;2;4;2;True
26409;0;0;0;True
26410;5;12;7;True
26411;3;6;3;True
26412;4;12;8;True
26413;6;12;6;True
26414;4;8;4;True
26415;6;12;6;True
26416;2;4;2;True
26417;3;6;3;True
26418;3;6;3;True
26419;1;1;0;True
26420;3;6;3;True
26421;1;1;0;True
26422;1;1;0;True
26423;6;12;6;True
26424;4;12;8;True
26425;1;1;0;True
26426;1;1;0;True
26427;1;1;0;True
26428;5;6;1;True
26429;6;9;3;True
26430;6;12;6;True
26431;4;9;5;True
26432;3;4;1;True
26433;2;2;0;True
26434;0;0;0;True
26435;4;12;8;True
26436;8;16;8;True
26437;4;9;5;True
26438;4;9;5;True
26439;3;9;6;True
26440;4;9;5;True
26441;6;16;10;True
26442;3;4;1;True
26443;2;4;2;True
26444;6;9;3;True
26445;3;6;3;True
26446;4;6;2;True
26447;5;9;4;True
26448;3;6;3;True
26449;8;16;8;True
26450;5;9;4;True
26451;2;2;0;True
26452;6;16;10;True
26453;6;12;6;True
26454;5;12;7;True
26455;2;4;2;True
26456;1;1;0;True
26457;6;12;6;True
26458;0;0;0;True
26459;3;4;1;True
26460;4;12;8;True
26461;8;16;8;True
26462;6;12;6;True
26463;4;6;2;True
26464;5;12;7;True
26465;1;1;0;True
26466;0;0;0;True
26467;4;6;2;True
26468;3;6;3;True
26469;2;2;0;True
26470;3;6;3;True
26471;3;9;6;True
26472;4;9;5;True
26473;1;1;0;True
26474;3;3;0;True
26475;2;4;2;True
26476;4;9;5;True
26477;3;4;1;True
26478;3;6;3;True
26479;2;4;2;True
26480;1;1;0;True
26481;3;6;3;True
26482;3;4;1;True
26483;4;9;5;True
26484;5;6;1;True
26485;4;6;2;True
26486;4;6;2;True
26487;3;6;3;True
26488;8;16;8;True
26489;2;4;2;True
26490;2;2;0;True
26491;3;6;3;True
26492;1;1;0;True
26493;1;1;0;True
26494;3;4;1;True
26495;3;4;1;True
26496;7;16;9;True
26497;1;1;0;True
26498;3;6;3;True
26499;7;16;9;True
26500;2;4;2;True
26501;6;12;6;True
26502;3;4;1;True
26503;0;0;0;True
26504;7;12;5;True
26505;6;12;6;True
26506;4;9;5;True
26507;3;6;3;True
26508;1;1;0;True
26509;4;12;8;True
26510;0;0;0;True
26511;4;9;5;True
26512;7;12;5;True
26513;6;12;6;True
26514;1;1;0;True
26515;2;4;2;True
26516;4;9;5;True
26517;7;12;5;True
26518;4;6;2;True
26519;8;12;4;True
26520;2;2;0;True
26521;5;9;4;True
26522;10;16;6;True
26523;2;4;2;True
26524;1;1;0;True
26525;3;4;1;True
26526;4;6;2;True
26527;4;6;2;True
26528;0;0;0;True
26529;7;12;5;True
26530;6;12;6;True
26531;8;16;8;True
26532;6;16;10;True
26533;2;4;2;True
26534;5;12;7;True
26535;6;12;6;True
26536;8;16;8;True
26537;5;12;7;True
26538;2;2;0;True
26539;2;4;2;True
26540;2;4;2;True
26541;4;9;5;True
26542;3;6;3;True
26543;4;12;8;True
26544;2;4;2;True
26545;3;6;3;True
26546;4;12;8;True
26547;0;0;0;True
26548;4;6;2;True
26549;7;12;5;True
26550;7;16;9;True
26551;4;4;0;True
26552;6;12;6;True
26553;1;1;0;True
26554;6;12;6;True
26555;1;1;0;True
26556;4;9;5;True
26557;2;4;2;True
26558;4;12;8;True
26559;2;2;0;True
26560;2;4;2;True
26561;1;1;0;True
26562;9;16;7;True
26563;6;16;10;True
26564;6;12;6;True
26565;6;9;3;True
26566;3;3;0;True
26567;2;4;2;True
26568;2;2;0;True
26569;3;6;3;True
26570;1;1;0;True
26571;1;1;0;True
26572;7;16;9;True
26573;3;9;6;True
26574;1;1;0;True
26575;6;9;3;True
26576;1;1;0;True
26577;4;6;2;True
26578;1;1;0;True
26579;3;4;1;True
26580;2;2;0;True
26581;8;16;8;True
26582;6;12;6;True
26583;3;4;1;True
26584;7;12;5;True
26585;4;9;5;True
26586;4;12;8;True
26587;1;1;0;True
26588;0;0;0;True
26589;3;6;3;True
26590;2;2;0;True
26591;7;12;5;True
26592;2;4;2;True
26593;5;9;4;True
26594;6;12;6;True
26595;1;1;0;True
26596;1;1;0;True
26597;2;4;2;True
26598;1;1;0;True
26599;4;6;2;True
26600;3;9;6;True
26601;4;9;5;True
26602;6;16;10;True
26603;2;2;0;True
26604;3;4;1;True
26605;1;1;0;True
26606;7;12;5;True
26607;4;6;2;True
26608;3;6;3;True
26609;5;9;4;True
26610;3;6;3;True
26611;5;12;7;True
26612;7;16;9;True
26613;1;1;0;True
26614;3;4;1;True
26615;9;12;3;True
26616;3;6;3;True
26617;4;9;5;True
26618;0;0;0;True
26619;9;16;7;True
26620;8;16;8;True
26621;4;9;5;True
26622;3;6;3;True
26623;7;12;5;True
26624;9;16;7;True
26625;2;2;0;True
26626;2;4;2;True
26627;5;9;4;True
26628;0;0;0;True
26629;2;4;2;True
26630;6;12;6;True
26631;4;9;5;True
26632;2;4;2;True
26633;1;1;0;True
26634;5;6;1;True
26635;3;9;6;True
26636;6;12;6;True
26637;1;1;0;True
26638;1;1;0;True
26639;2;4;2;True
26640;1;1;0;True
26641;1;1;0;True
26642;1;1;0;True
26643;6;16;10;True
26644;4;9;5;True
26645;3;4;1;True
26646;3;9;6;True
26647;4;12;8;True
26648;2;2;0;True
26649;6;16;10;True
26650;3;6;3;True
26651;6;12;6;True
26652;4;8;4;True
26653;5;9;4;True
26654;2;2;0;True
26655;0;0;0;True
26656;5;12;7;True
26657;5;12;7;True
26658;5;16;11;True
26659;4;6;2;True
26660;6;12;6;True
26661;2;4;2;True
26662;10;16;6;True
26663;3;4;1;True
26664;5;12;7;True
26665;2;2;0;True
26666;5;12;7;True
26667;2;4;2;True
26668;4;12;8;True
26669;1;1;0;True
26670;5;16;11;True
26671;1;1;0;True
26672;2;4;2;True
26673;7;16;9;True
26674;8;16;8;True
26675;1;1;0;True
26676;1;1;0;True
26677;2;2;0;True
26678;6;12;6;True
26679;5;9;4;True
26680;0;0;0;True
26681;3;6;3;True
26682;4;9;5;True
26683;1;1;0;True
26684;4;9;5;True
26685;4;9;5;True
26686;4;9;5;True
26687;1;1;0;True
26688;1;1;0;True
26689;5;8;3;True
26690;0;0;0;True
26691;1;1;0;True
26692;5;12;7;True
26693;1;1;0;True
26694;4;9;5;True
26695;4;16;12;True
26696;4;6;2;True
26697;7;16;9;True
26698;4;9;5;True
26699;7;12;5;True
26700;1;1;0;True
26701;4;9;5;True
26702;9;16;7;True
26703;1;1;0;True
26704;9;16;7;True
26705;7;12;5;True
26706;5;9;4;True
26707;5;12;7;True
26708;2;4;2;True
26709;7;12;5;True
26710;2;4;2;True
26711;2;4;2;True
26712;4;6;2;True
26713;3;6;3;True
26714;3;6;3;True
26715;4;8;4;True
26716;2;4;2;True
26717;4;4;0;True
26718;1;1;0;True
26719;6;16;10;True
26720;7;12;5;True
26721;0;0;0;True
26722;1;1;0;True
26723;0;0;0;True
26724;0;0;0;True
26725;2;4;2;True
26726;7;12;5;True
26727;5;16;11;True
26728;8;16;8;True
26729;6;9;3;True
26730;6;9;3;True
26731;1;1;0;True
26732;9;16;7;True
26733;3;4;1;True
26734;5;6;1;True
26735;2;2;0;True
26736;1;1;0;True
26737;3;6;3;True
26738;6;12;6;True
26739;3;4;1;True
26740;5;9;4;True
26741;1;1;0;True
26742;5;12;7;True
26743;2;4;2;True
26744;4;6;2;True
26745;3;6;3;True
26746;3;9;6;True
26747;3;6;3;True
26748;7;16;9;True
26749;7;16;9;True
26750;6;9;3;True
26751;2;4;2;True
26752;6;9;3;True
26753;7;12;5;True
26754;0;0;0;True
26755;4;6;2;True
26756;3;4;1;True
26757;7;12;5;True
26758;4;6;2;True
26759;3;6;3;True
26760;6;8;2;True
26761;3;6;3;True
26762;4;6;2;True
26763;2;2;0;True
26764;3;4;1;True
26765;1;1;0;True
26766;3;6;3;True
26767;3;6;3;True
26768;2;4;2;True
26769;2;2;0;True
26770;1;1;0;True
26771;6;9;3;True
26772;6;12;6;True
26773;3;6;3;True
26774;3;9;6;True
26775;6;16;10;True
26776;5;16;11;True
26777;9;16;7;True
26778;2;4;2;True
26779;4;9;5;True
26780;3;3;0;True
26781;1;1;0;True
26782;2;2;0;True
26783;1;1;0;True
26784;3;6;3;True
26785;9;16;7;True
26786;0;0;0;True
26787;3;6;3;True
26788;1;1;0;True
26789;6;12;6;True
26790;4;8;4;True
26791;4;6;2;True
26792;0;0;0;True
26793;6;9;3;True
26794;8;16;8;True
26795;6;9;3;True
26796;0;0;0;True
26797;3;3;0;True
26798;0;0;0;True
26799;1;1;0;True
26800;2;4;2;True
26801;5;6;1;True
26802;1;1;0;True
26803;4;6;2;True
26804;0;0;0;True
26805;5;9;4;True
26806;1;1;0;True
26807;2;2;0;True
26808;7;9;2;True
26809;2;4;2;True
26810;0;0;0;True
26811;2;2;0;True
26812;3;6;3;True
26813;3;9;6;True
26814;5;9;4;True
26815;1;1;0;True
26816;5;12;7;True
26817;5;8;3;True
26818;2;4;2;True
26819;7;12;5;True
26820;6;9;3;True
26821;5;12;7;True
26822;3;6;3;True
26823;2;2;0;True
26824;4;9;5;True
26825;2;2;0;True
26826;5;16;11;True
26827;5;16;11;True
26828;4;9;5;True
26829;5;12;7;True
26830;7;12;5;True
26831;1;1;0;True
26832;0;0;0;True
26833;4;9;5;True
26834;4;9;5;True
26835;4;9;5;True
26836;6;12;6;True
26837;4;12;8;True
26838;2;4;2;True
26839;4;9;5;True
26840;0;0;0;True
26841;7;16;9;True
26842;5;16;11;True
26843;4;6;2;True
26844;5;9;4;True
26845;6;12;6;True
26846;1;1;0;True
26847;8;16;8;True
26848;0;0;0;True
26849;4;12;8;True
26850;8;16;8;True
26851;4;6;2;True
26852;0;0;0;True
26853;3;6;3;True
26854;0;0;0;True
26855;4;4;0;True
26856;10;16;6;True
26857;4;9;5;True
26858;1;1;0;True
26859;4;9;5;True
26860;6;16;10;True
26861;6;12;6;True
26862;3;4;1;True
26863;4;9;5;True
26864;5;9;4;True
26865;1;1;0;True
26866;6;8;2;True
26867;6;9;3;True
26868;2;4;2;True
26869;4;9;5;True
26870;4;12;8;True
26871;3;9;6;True
26872;3;4;1;True
26873;2;4;2;True
26874;7;12;5;True
26875;1;1;0;True
26876;4;6;2;True
26877;4;4;0;True
26878;1;1;0;True
26879;5;12;7;True
26880;0;0;0;True
26881;0;0;0;True
26882;1;1;0;True
26883;7;16;9;True
26884;4;12;8;True
26885;6;9;3;True
26886;5;9;4;True
26887;5;12;7;True
26888;4;6;2;True
26889;5;8;3;True
26890;9;16;7;True
26891;10;16;6;True
26892;0;0;0;True
26893;3;9;6;True
26894;4;12;8;True
26895;2;2;0;True
26896;3;6;3;True
26897;3;4;1;True
26898;2;2;0;True
26899;2;4;2;True
26900;4;6;2;True
26901;5;12;7;True
26902;5;6;1;True
26903;7;16;9;True
26904;3;3;0;True
26905;2;4;2;True
26906;6;16;10;True
26907;0;0;0;True
26908;5;8;3;True
26909;4;9;5;True
26910;6;12;6;True
26911;3;9;6;True
26912;1;1;0;True
26913;3;3;0;True
26914;1;1;0;True
26915;2;4;2;True
26916;3;6;3;True
26917;11;16;5;True
26918;1;1;0;True
26919;3;3;0;True
26920;6;12;6;True
26921;5;12;7;True
26922;4;6;2;True
26923;2;2;0;True
26924;1;1;0;True
26925;3;6;3;True
26926;6;9;3;True
26927;0;0;0;True
26928;0;0;0;True
26929;3;4;1;True
26930;4;6;2;True
26931;5;12;7;True
26932;5;9;4;True
26933;4;12;8;True
26934;0;0;0;True
26935;2;4;2;True
26936;2;4;2;True
26937;1;1;0;True
26938;2;4;2;True
26939;3;3;0;True
26940;4;9;5;True
26941;3;9;6;True
26942;3;6;3;True
26943;4;12;8;True
26944;8;16;8;True
26945;0;0;0;True
26946;5;12;7;True
26947;4;12;8;True
26948;9;16;7;True
26949;7;16;9;True
26950;2;4;2;True
26951;3;6;3;True
26952;7;12;5;True
26953;2;4;2;True
26954;3;3;0;True
26955;4;9;5;True
26956;3;6;3;True
26957;5;12;7;True
26958;5;12;7;True
26959;4;9;5;True
26960;2;4;2;True
26961;3;6;3;True
26962;1;1;0;True
26963;5;12;7;True
26964;4;12;8;True
26965;1;1;0;True
26966;7;16;9;True
26967;8;12;4;True
26968;4;6;2;True
26969;4;9;5;True
26970;1;1;0;True
26971;4;9;5;True
26972;3;9;6;True
26973;2;4;2;True
26974;0;0;0;True
26975;2;4;2;True
26976;7;12;5;True
26977;3;4;1;True
26978;2;2;0;True
26979;2;2;0;True
26980;8;12;4;True
26981;5;12;7;True
26982;4;6;2;True
26983;2;4;2;True
26984;4;8;4;True
26985;0;0;0;True
26986;1;1;0;True
26987;4;12;8;True
26988;4;6;2;True
26989;4;9;5;True
26990;7;12;5;True
26991;3;6;3;True
26992;0;0;0;True
26993;3;4;1;True
26994;4;9;5;True
26995;3;3;0;True
26996;4;6;2;True
26997;3;4;1;True
26998;6;12;6;True
26999;2;2;0;True
27000;4;6;2;True
27001;5;9;4;True
27002;3;6;3;True
27003;9;16;7;True
27004;8;16;8;True
27005;5;16;11;True
27006;4;6;2;True
27007;1;1;0;True
27008;3;4;1;True
27009;1;1;0;True
27010;3;4;1;True
27011;3;9;6;True
27012;5;9;4;True
27013;4;12;8;True
27014;4;9;5;True
27015;2;2;0;True
27016;0;0;0;True
27017;4;4;0;True
27018;2;2;0;True
27019;2;2;0;True
27020;4;9;5;True
27021;5;12;7;True
27022;4;12;8;True
27023;5;9;4;True
27024;3;4;1;True
27025;0;0;0;True
27026;6;16;10;True
27027;5;12;7;True
27028;0;0;0;True
27029;4;12;8;True
27030;7;16;9;True
27031;7;16;9;True
27032;1;1;0;True
27033;3;9;6;True
27034;4;9;5;True
27035;6;12;6;True
27036;0;0;0;True
27037;5;9;4;True
27038;6;12;6;True
27039;7;16;9;True
27040;4;12;8;True
27041;2;2;0;True
27042;3;6;3;True
27043;4;9;5;True
27044;1;1;0;True
27045;6;12;6;True
27046;4;6;2;True
27047;4;9;5;True
27048;5;12;7;True
27049;4;8;4;True
27050;1;1;0;True
27051;2;4;2;True
27052;4;8;4;True
27053;4;12;8;True
27054;9;16;7;True
27055;6;9;3;True
27056;1;1;0;True
27057;3;4;1;True
27058;0;0;0;True
27059;8;12;4;True
27060;5;12;7;True
27061;8;16;8;True
27062;5;12;7;True
27063;0;0;0;True
27064;2;4;2;True
27065;2;4;2;True
27066;1;1;0;True
27067;7;12;5;True
27068;7;12;5;True
27069;1;1;0;True
27070;5;12;7;True
27071;4;9;5;True
27072;3;6;3;True
27073;3;4;1;True
27074;6;16;10;True
27075;2;2;0;True
27076;5;12;7;True
27077;4;6;2;True
27078;6;16;10;True
27079;3;4;1;True
27080;5;16;11;True
27081;5;6;1;True
27082;2;4;2;True
27083;5;12;7;True
27084;3;6;3;True
27085;6;12;6;True
27086;6;12;6;True
27087;4;9;5;True
27088;2;4;2;True
27089;3;9;6;True
27090;4;6;2;True
27091;7;16;9;True
27092;1;1;0;True
27093;7;16;9;True
27094;3;6;3;True
27095;8;16;8;True
27096;5;8;3;True
27097;3;9;6;True
27098;1;1;0;True
27099;0;0;0;True
27100;4;6;2;True
27101;5;9;4;True
27102;3;6;3;True
27103;2;2;0;True
27104;0;0;0;True
27105;0;0;0;True
27106;0;0;0;True
27107;5;12;7;True
27108;2;2;0;True
27109;4;8;4;True
27110;2;4;2;True
27111;0;0;0;True
27112;4;6;2;True
27113;3;6;3;True
27114;7;12;5;True
27115;4;9;5;True
27116;6;12;6;True
27117;1;1;0;True
27118;0;0;0;True
27119;6;9;3;True
27120;3;9;6;True
27121;1;1;0;True
27122;2;4;2;True
27123;7;16;9;True
27124;6;12;6;True
27125;6;8;2;True
27126;5;9;4;True
27127;3;6;3;True
27128;4;8;4;True
27129;0;0;0;True
27130;4;9;5;True
27131;2;4;2;True
27132;3;6;3;True
27133;3;6;3;True
27134;3;4;1;True
27135;1;1;0;True
27136;3;6;3;True
27137;3;6;3;True
27138;5;9;4;True
27139;0;0;0;True
27140;7;9;2;True
27141;2;4;2;True
27142;0;0;0;True
27143;3;6;3;True
27144;0;0;0;True
27145;3;4;1;True
27146;2;4;2;True
27147;4;9;5;True
27148;5;12;7;True
27149;3;6;3;True
27150;4;8;4;True
27151;2;4;2;True
27152;1;1;0;True
27153;5;16;11;True
27154;5;9;4;True
27155;2;2;0;True
27156;6;12;6;True
27157;5;12;7;True
27158;3;4;1;True
27159;2;2;0;True
27160;5;12;7;True
27161;3;9;6;True
27162;5;9;4;True
27163;4;6;2;True
27164;4;9;5;True
27165;2;4;2;True
27166;4;9;5;True
27167;2;4;2;True
27168;4;8;4;True
27169;6;16;10;True
27170;4;9;5;True
27171;3;6;3;True
27172;2;4;2;True
27173;8;16;8;True
27174;1;1;0;True
27175;2;4;2;True
27176;3;4;1;True
27177;5;9;4;True
27178;7;16;9;True
27179;5;9;4;True
27180;4;8;4;True
27181;2;4;2;True
27182;4;9;5;True
27183;4;9;5;True
27184;5;16;11;True
27185;3;6;3;True
27186;4;9;5;True
27187;2;4;2;True
27188;3;4;1;True
27189;3;4;1;True
27190;5;9;4;True
27191;4;8;4;True
27192;7;16;9;True
27193;2;4;2;True
27194;4;9;5;True
27195;6;12;6;True
27196;2;2;0;True
27197;4;12;8;True
27198;4;9;5;True
27199;5;9;4;True
27200;3;6;3;True
27201;5;12;7;True
27202;9;16;7;True
27203;4;12;8;True
27204;6;16;10;True
27205;3;3;0;True
27206;2;2;0;True
27207;1;1;0;True
27208;2;2;0;True
27209;5;9;4;True
27210;7;12;5;True
27211;3;6;3;True
27212;3;9;6;True
27213;3;6;3;True
27214;2;4;2;True
27215;3;6;3;True
27216;1;1;0;True
27217;1;1;0;True
27218;0;0;0;True
27219;3;6;3;True
27220;8;16;8;True
27221;3;6;3;True
27222;2;4;2;True
27223;6;12;6;True
27224;1;1;0;True
27225;1;1;0;True
27226;5;9;4;True
27227;6;9;3;True
27228;0;0;0;True
27229;4;9;5;True
27230;6;16;10;True
27231;6;6;0;True
27232;9;16;7;True
27233;3;6;3;True
27234;2;2;0;True
27235;3;6;3;True
27236;5;9;4;True
27237;0;0;0;True
27238;4;9;5;True
27239;2;4;2;True
27240;3;6;3;True
27241;7;16;9;True
27242;6;12;6;True
27243;0;0;0;True
27244;6;16;10;True
27245;4;6;2;True
27246;5;12;7;True
27247;6;12;6;True
27248;1;1;0;True
27249;8;16;8;True
27250;9;16;7;True
27251;0;0;0;True
27252;6;16;10;True
27253;5;9;4;True
27254;6;8;2;True
27255;0;0;0;True
27256;1;1;0;True
27257;0;0;0;True
27258;1;1;0;True
27259;2;2;0;True
27260;6;9;3;True
27261;5;9;4;True
27262;5;12;7;True
27263;1;1;0;True
27264;6;16;10;True
27265;1;1;0;True
27266;2;2;0;True
27267;2;4;2;True
27268;6;9;3;True
27269;5;8;3;True
27270;3;6;3;True
27271;5;12;7;True
27272;5;12;7;True
27273;7;16;9;True
27274;5;12;7;True
27275;7;12;5;True
27276;7;16;9;True
27277;2;2;0;True
27278;7;12;5;True
27279;6;12;6;True
27280;2;4;2;True
27281;6;9;3;True
27282;3;3;0;True
27283;2;4;2;True
27284;1;1;0;True
27285;5;12;7;True
27286;7;16;9;True
27287;4;12;8;True
27288;3;6;3;True
27289;6;9;3;True
27290;1;1;0;True
27291;6;12;6;True
27292;2;4;2;True
27293;1;1;0;True
27294;2;2;0;True
27295;5;9;4;True
27296;4;9;5;True
27297;6;9;3;True
27298;4;12;8;True
27299;4;9;5;True
27300;3;6;3;True
27301;4;12;8;True
27302;4;6;2;True
27303;5;12;7;True
27304;5;12;7;True
27305;4;9;5;True
27306;10;12;2;True
27307;0;0;0;True
27308;9;16;7;True
27309;6;12;6;True
27310;2;4;2;True
27311;1;1;0;True
27312;2;4;2;True
27313;3;9;6;True
27314;3;6;3;True
27315;5;9;4;True
27316;4;8;4;True
27317;1;1;0;True
27318;4;12;8;True
27319;0;0;0;True
27320;2;4;2;True
27321;1;1;0;True
27322;5;12;7;True
27323;2;4;2;True
27324;2;2;0;True
27325;5;12;7;True
27326;3;4;1;True
27327;4;9;5;True
27328;2;4;2;True
27329;3;6;3;True
27330;1;1;0;True
27331;4;9;5;True
27332;2;4;2;True
27333;3;4;1;True
27334;4;6;2;True
27335;3;6;3;True
27336;1;1;0;True
27337;4;12;8;True
27338;4;6;2;True
27339;4;6;2;True
27340;1;1;0;True
27341;4;9;5;True
27342;5;9;4;True
27343;6;12;6;True
27344;2;2;0;True
27345;7;12;5;True
27346;1;1;0;True
27347;1;1;0;True
27348;2;4;2;True
27349;3;9;6;True
27350;5;12;7;True
27351;4;6;2;True
27352;2;4;2;True
27353;3;6;3;True
27354;5;12;7;True
27355;2;2;0;True
27356;2;4;2;True
27357;6;12;6;True
27358;4;6;2;True
27359;4;8;4;True
27360;1;1;0;True
27361;0;0;0;True
27362;6;12;6;True
27363;3;6;3;True
27364;6;16;10;True
27365;5;12;7;True
27366;5;12;7;True
27367;0;0;0;True
27368;5;12;7;True
27369;9;16;7;True
27370;2;4;2;True
27371;8;12;4;True
27372;5;9;4;True
27373;2;4;2;True
27374;3;4;1;True
27375;2;2;0;True
27376;4;6;2;True
27377;5;9;4;True
27378;3;4;1;True
27379;7;12;5;True
27380;3;4;1;True
27381;5;12;7;True
27382;1;1;0;True
27383;2;2;0;True
27384;4;6;2;True
27385;3;9;6;True
27386;1;1;0;True
27387;4;6;2;True
27388;3;4;1;True
27389;5;9;4;True
27390;2;2;0;True
27391;2;2;0;True
27392;4;6;2;True
27393;1;1;0;True
27394;3;6;3;True
27395;2;2;0;True
27396;6;9;3;True
27397;5;12;7;True
27398;0;0;0;True
27399;1;1;0;True
27400;6;16;10;True
27401;9;12;3;True
27402;4;4;0;True
27403;4;8;4;True
27404;3;6;3;True
27405;3;4;1;True
27406;2;4;2;True
27407;6;12;6;True
27408;0;0;0;True
27409;6;16;10;True
27410;0;0;0;True
27411;1;1;0;True
27412;5;12;7;True
27413;2;2;0;True
27414;4;6;2;True
27415;5;9;4;True
27416;2;4;2;True
27417;4;8;4;True
27418;7;16;9;True
27419;3;6;3;True
27420;1;1;0;True
27421;3;9;6;True
27422;4;8;4;True
27423;4;4;0;True
27424;2;2;0;True
27425;0;0;0;True
27426;3;6;3;True
27427;4;12;8;True
27428;1;1;0;True
27429;1;1;0;True
27430;2;4;2;True
27431;2;2;0;True
27432;6;16;10;True
27433;4;6;2;True
27434;0;0;0;True
27435;3;6;3;True
27436;2;4;2;True
27437;2;4;2;True
27438;2;2;0;True
27439;5;12;7;True
27440;3;4;1;True
27441;7;12;5;True
27442;5;9;4;True
27443;5;9;4;True
27444;6;9;3;True
27445;6;16;10;True
27446;4;9;5;True
27447;2;2;0;True
27448;2;4;2;True
27449;3;9;6;True
27450;6;16;10;True
27451;3;6;3;True
27452;1;1;0;True
27453;1;1;0;True
27454;6;12;6;True
27455;0;0;0;True
27456;4;9;5;True
27457;2;2;0;True
27458;6;9;3;True
27459;5;6;1;True
27460;4;6;2;True
27461;4;8;4;True
27462;6;12;6;True
27463;4;9;5;True
27464;7;12;5;True
27465;2;4;2;True
27466;5;12;7;True
27467;4;8;4;True
27468;1;1;0;True
27469;8;16;8;True
27470;3;6;3;True
27471;3;6;3;True
27472;1;1;0;True
27473;9;16;7;True
27474;1;1;0;True
27475;3;4;1;True
27476;1;1;0;True
27477;1;1;0;True
27478;4;6;2;True
27479;4;8;4;True
27480;1;1;0;True
27481;2;2;0;True
27482;2;4;2;True
27483;3;6;3;True
27484;6;16;10;True
27485;3;4;1;True
27486;5;12;7;True
27487;2;4;2;True
27488;3;3;0;True
27489;4;6;2;True
27490;0;0;0;True
27491;1;1;0;True
27492;2;4;2;True
27493;5;8;3;True
27494;0;0;0;True
27495;7;9;2;True
27496;2;4;2;True
27497;2;4;2;True
27498;4;9;5;True
27499;6;16;10;True
27500;3;6;3;True
27501;4;9;5;True
27502;5;12;7;True
27503;0;0;0;True
27504;2;4;2;True
27505;5;12;7;True
27506;3;6;3;True
27507;4;6;2;True
27508;7;16;9;True
27509;1;1;0;True
27510;1;1;0;True
27511;1;1;0;True
27512;3;9;6;True
27513;1;1;0;True
27514;2;4;2;True
27515;4;12;8;True
27516;3;6;3;True
27517;0;0;0;True
27518;0;0;0;True
27519;3;4;1;True
27520;6;16;10;True
27521;3;6;3;True
27522;1;1;0;True
27523;2;2;0;True
27524;7;12;5;True
27525;4;6;2;True
27526;3;6;3;True
27527;3;9;6;True
27528;7;12;5;True
27529;0;0;0;True
27530;1;1;0;True
27531;4;8;4;True
27532;3;9;6;True
27533;2;2;0;True
27534;0;0;0;True
27535;2;4;2;True
27536;6;16;10;True
27537;1;1;0;True
27538;6;12;6;True
27539;3;6;3;True
27540;5;12;7;True
27541;3;6;3;True
27542;1;1;0;True
27543;3;6;3;True
27544;3;6;3;True
27545;5;8;3;True
27546;4;6;2;True
27547;4;6;2;True
27548;5;6;1;True
27549;3;4;1;True
27550;6;9;3;True
27551;8;16;8;True
27552;7;12;5;True
27553;4;6;2;True
27554;0;0;0;True
27555;4;9;5;True
27556;3;4;1;True
27557;5;9;4;True
27558;5;6;1;True
27559;5;16;11;True
27560;2;4;2;True
27561;0;0;0;True
27562;6;12;6;True
27563;3;6;3;True
27564;3;6;3;True
27565;5;12;7;True
27566;3;6;3;True
27567;2;4;2;True
27568;1;1;0;True
27569;2;2;0;True
27570;6;12;6;True
27571;4;6;2;True
27572;6;12;6;True
27573;9;16;7;True
27574;2;2;0;True
27575;4;12;8;True
27576;7;16;9;True
27577;6;16;10;True
27578;10;16;6;True
27579;2;4;2;True
27580;1;1;0;True
27581;5;9;4;True
27582;3;6;3;True
27583;1;1;0;True
27584;6;16;10;True
27585;4;9;5;True
27586;3;6;3;True
27587;5;9;4;True
27588;5;9;4;True
27589;4;9;5;True
27590;7;16;9;True
27591;3;4;1;True
27592;0;0;0;True
27593;2;2;0;True
27594;1;1;0;True
27595;3;9;6;True
27596;7;12;5;True
27597;7;16;9;True
27598;5;9;4;True
27599;1;1;0;True
27600;1;1;0;True
27601;3;4;1;True
27602;2;4;2;True
27603;5;12;7;True
27604;3;6;3;True
27605;3;9;6;True
27606;1;1;0;True
27607;0;0;0;True
27608;5;12;7;True
27609;3;9;6;True
27610;3;3;0;True
27611;4;9;5;True
27612;1;1;0;True
27613;10;16;6;True
27614;2;4;2;True
27615;4;8;4;True
27616;2;2;0;True
27617;2;2;0;True
27618;2;4;2;True
27619;1;1;0;True
27620;5;12;7;True
27621;7;12;5;True
27622;2;4;2;True
27623;3;4;1;True
27624;8;12;4;True
27625;2;4;2;True
27626;7;12;5;True
27627;4;12;8;True
27628;2;2;0;True
27629;7;16;9;True
27630;0;0;0;True
27631;6;16;10;True
27632;2;2;0;True
27633;3;6;3;True
27634;4;8;4;True
27635;8;16;8;True
27636;4;6;2;True
27637;2;2;0;True
27638;1;1;0;True
27639;2;2;0;True
27640;8;12;4;True
27641;1;1;0;True
27642;2;4;2;True
27643;5;16;11;True
27644;4;8;4;True
27645;5;12;7;True
27646;3;9;6;True
27647;3;6;3;True
27648;6;16;10;True
27649;5;12;7;True
27650;1;1;0;True
27651;5;9;4;True
27652;6;12;6;True
27653;3;6;3;True
27654;7;12;5;True
27655;3;9;6;True
27656;3;9;6;True
27657;4;12;8;True
27658;2;2;0;True
27659;7;12;5;True
27660;1;1;0;True
27661;3;9;6;True
27662;2;4;2;True
27663;7;16;9;True
27664;4;9;5;True
27665;4;6;2;True
27666;2;2;0;True
27667;3;4;1;True
27668;2;2;0;True
27669;1;1;0;True
27670;1;1;0;True
27671;4;9;5;True
27672;5;8;3;True
27673;6;16;10;True
27674;1;1;0;True
27675;5;9;4;True
27676;4;12;8;True
27677;1;1;0;True
27678;2;4;2;True
27679;3;6;3;True
27680;8;16;8;True
27681;3;4;1;True
27682;1;1;0;True
27683;7;16;9;True
27684;3;6;3;True
27685;1;1;0;True
27686;4;9;5;True
27687;7;16;9;True
27688;5;9;4;True
27689;6;16;10;True
27690;2;4;2;True
27691;7;12;5;True
27692;2;2;0;True
27693;4;9;5;True
27694;5;9;4;True
27695;4;9;5;True
27696;2;4;2;True
27697;3;4;1;True
27698;6;12;6;True
27699;3;6;3;True
27700;6;16;10;True
27701;4;9;5;True
27702;7;12;5;True
27703;2;4;2;True
27704;4;8;4;True
27705;3;6;3;True
27706;6;12;6;True
27707;4;12;8;True
27708;2;4;2;True
27709;6;16;10;True
27710;8;16;8;True
27711;4;6;2;True
27712;1;1;0;True
27713;2;2;0;True
27714;4;6;2;True
27715;2;4;2;True
27716;4;9;5;True
27717;5;12;7;True
27718;2;4;2;True
27719;2;2;0;True
27720;2;4;2;True
27721;2;4;2;True
27722;2;2;0;True
27723;5;8;3;True
27724;3;6;3;True
27725;6;12;6;True
27726;3;9;6;True
27727;7;12;5;True
27728;2;4;2;True
27729;1;1;0;True
27730;3;6;3;True
27731;6;12;6;True
27732;1;1;0;True
27733;4;16;12;True
27734;2;4;2;True
27735;0;0;0;True
27736;8;12;4;True
27737;5;8;3;True
27738;8;12;4;True
27739;7;16;9;True
27740;2;4;2;True
27741;4;6;2;True
27742;3;4;1;True
27743;2;2;0;True
27744;5;8;3;True
27745;6;16;10;True
27746;7;16;9;True
27747;4;12;8;True
27748;6;12;6;True
27749;2;2;0;True
27750;4;12;8;True
27751;5;12;7;True
27752;3;4;1;True
27753;1;1;0;True
27754;2;4;2;True
27755;2;2;0;True
27756;6;12;6;True
27757;2;4;2;True
27758;5;12;7;True
27759;3;4;1;True
27760;0;0;0;True
27761;3;6;3;True
27762;3;6;3;True
27763;3;3;0;True
27764;0;0;0;True
27765;1;1;0;True
27766;1;1;0;True
27767;3;6;3;True
27768;2;2;0;True
27769;5;9;4;True
27770;4;6;2;True
27771;8;16;8;True
27772;2;4;2;True
27773;5;8;3;True
27774;1;1;0;True
27775;3;6;3;True
27776;3;4;1;True
27777;4;6;2;True
27778;2;2;0;True
27779;3;6;3;True
27780;3;9;6;True
27781;6;9;3;True
27782;6;12;6;True
27783;4;4;0;True
27784;3;9;6;True
27785;5;8;3;True
27786;6;12;6;True
27787;6;12;6;True
27788;3;6;3;True
27789;1;1;0;True
27790;5;9;4;True
27791;4;6;2;True
27792;2;2;0;True
27793;4;8;4;True
27794;5;12;7;True
27795;4;9;5;True
27796;1;1;0;True
27797;2;4;2;True
27798;1;1;0;True
27799;1;1;0;True
27800;7;9;2;True
27801;4;9;5;True
27802;4;6;2;True
27803;1;1;0;True
27804;3;6;3;True
27805;1;1;0;True
27806;7;12;5;True
27807;6;12;6;True
27808;4;6;2;True
27809;2;2;0;True
27810;3;6;3;True
27811;2;2;0;True
27812;3;6;3;True
27813;0;0;0;True
27814;6;12;6;True
27815;3;4;1;True
27816;2;4;2;True
27817;7;16;9;True
27818;6;12;6;True
27819;4;4;0;True
27820;4;9;5;True
27821;3;6;3;True
27822;6;12;6;True
27823;1;1;0;True
27824;2;4;2;True
27825;10;16;6;True
27826;5;9;4;True
27827;0;0;0;True
27828;3;6;3;True
27829;3;6;3;True
27830;5;6;1;True
27831;5;9;4;True
27832;5;12;7;True
27833;3;9;6;True
27834;0;0;0;True
27835;5;8;3;True
27836;3;4;1;True
27837;6;12;6;True
27838;2;2;0;True
27839;7;12;5;True
27840;2;4;2;True
27841;2;4;2;True
27842;1;1;0;True
27843;6;12;6;True
27844;4;9;5;True
27845;9;16;7;True
27846;5;9;4;True
27847;4;9;5;True
27848;11;16;5;True
27849;6;12;6;True
27850;0;0;0;True
27851;5;9;4;True
27852;2;4;2;True
27853;5;8;3;True
27854;5;12;7;True
27855;3;4;1;True
27856;4;6;2;True
27857;2;4;2;True
27858;4;12;8;True
27859;3;6;3;True
27860;4;6;2;True
27861;1;1;0;True
27862;5;9;4;True
27863;4;9;5;True
27864;1;1;0;True
27865;2;4;2;True
27866;3;6;3;True
27867;3;6;3;True
27868;2;4;2;True
27869;8;12;4;True
27870;9;16;7;True
27871;0;0;0;True
27872;3;9;6;True
27873;1;1;0;True
27874;8;12;4;True
27875;0;0;0;True
27876;1;1;0;True
27877;3;9;6;True
27878;1;1;0;True
27879;0;0;0;True
27880;3;6;3;True
27881;3;6;3;True
27882;3;6;3;True
27883;6;16;10;True
27884;2;2;0;True
27885;5;8;3;True
27886;5;9;4;True
27887;4;8;4;True
27888;3;6;3;True
27889;4;9;5;True
27890;5;9;4;True
27891;3;6;3;True
27892;1;1;0;True
27893;2;4;2;True
27894;2;2;0;True
27895;0;0;0;True
27896;1;1;0;True
27897;3;9;6;True
27898;4;9;5;True
27899;3;6;3;True
27900;1;1;0;True
27901;1;1;0;True
27902;7;16;9;True
27903;3;6;3;True
27904;4;9;5;True
27905;0;0;0;True
27906;3;6;3;True
27907;2;4;2;True
27908;1;1;0;True
27909;4;9;5;True
27910;8;16;8;True
27911;1;1;0;True
27912;5;9;4;True
27913;4;12;8;True
27914;4;9;5;True
27915;6;12;6;True
27916;3;6;3;True
27917;3;6;3;True
27918;3;6;3;True
27919;3;6;3;True
27920;5;9;4;True
27921;3;6;3;True
27922;6;12;6;True
27923;6;12;6;True
27924;8;12;4;True
27925;2;2;0;True
27926;4;6;2;True
27927;4;4;0;True
27928;2;4;2;True
27929;1;1;0;True
27930;1;1;0;True
27931;8;16;8;True
27932;2;4;2;True
27933;5;9;4;True
27934;1;1;0;True
27935;7;16;9;True
27936;2;2;0;True
27937;6;12;6;True
27938;3;6;3;True
27939;4;6;2;True
27940;2;4;2;True
27941;0;0;0;True
27942;5;9;4;True
27943;5;9;4;True
27944;5;9;4;True
27945;1;1;0;True
27946;5;8;3;True
27947;2;2;0;True
27948;2;4;2;True
27949;2;2;0;True
27950;9;16;7;True
27951;3;6;3;True
27952;2;2;0;True
27953;3;6;3;True
27954;4;9;5;True
27955;2;4;2;True
27956;5;12;7;True
27957;5;12;7;True
27958;8;16;8;True
27959;9;16;7;True
27960;2;2;0;True
27961;3;9;6;True
27962;3;3;0;True
27963;10;16;6;True
27964;4;9;5;True
27965;6;8;2;True
27966;1;1;0;True
27967;5;12;7;True
27968;1;1;0;True
27969;5;9;4;True
27970;3;4;1;True
27971;6;16;10;True
27972;5;12;7;True
27973;4;9;5;True
27974;6;9;3;True
27975;5;6;1;True
27976;4;6;2;True
27977;4;6;2;True
27978;4;9;5;True
27979;4;9;5;True
27980;4;9;5;True
27981;4;6;2;True
27982;2;2;0;True
27983;4;9;5;True
27984;1;1;0;True
27985;2;2;0;True
27986;3;6;3;True
27987;2;2;0;True
27988;5;9;4;True
27989;5;12;7;True
27990;2;4;2;True
27991;4;12;8;True
27992;1;1;0;True
27993;2;4;2;True
27994;2;2;0;True
27995;6;16;10;True
27996;5;12;7;True
27997;4;6;2;True
27998;1;1;0;True
27999;4;9;5;True
28000;0;0;0;True
28001;2;4;2;True
28002;4;6;2;True
28003;5;9;4;True
28004;2;4;2;True
28005;7;16;9;True
28006;6;16;10;True
28007;4;9;5;True
28008;1;1;0;True
28009;3;4;1;True
28010;4;9;5;True
28011;2;4;2;True
28012;3;6;3;True
28013;3;6;3;True
28014;7;12;5;True
28015;2;4;2;True
28016;4;12;8;True
28017;6;12;6;True
28018;2;4;2;True
28019;8;16;8;True
28020;3;9;6;True
28021;7;12;5;True
28022;5;9;4;True
28023;4;9;5;True
28024;3;4;1;True
28025;3;9;6;True
28026;4;6;2;True
28027;3;4;1;True
28028;0;0;0;True
28029;3;9;6;True
28030;2;4;2;True
28031;9;16;7;True
28032;3;6;3;True
28033;6;12;6;True
28034;4;6;2;True
28035;1;1;0;True
28036;2;4;2;True
28037;3;6;3;True
28038;4;6;2;True
28039;6;12;6;True
28040;4;6;2;True
28041;3;6;3;True
28042;2;2;0;True
28043;6;9;3;True
28044;9;16;7;True
28045;2;2;0;True
28046;4;6;2;True
28047;4;9;5;True
28048;2;2;0;True
28049;6;12;6;True
28050;8;12;4;True
28051;4;9;5;True
28052;2;2;0;True
28053;3;9;6;True
28054;4;9;5;True
28055;4;6;2;True
28056;5;16;11;True
28057;0;0;0;True
28058;2;4;2;True
28059;1;1;0;True
28060;3;6;3;True
28061;3;4;1;True
28062;6;16;10;True
28063;2;4;2;True
28064;7;12;5;True
28065;2;2;0;True
28066;9;16;7;True
28067;4;9;5;True
28068;2;4;2;True
28069;2;2;0;True
28070;4;9;5;True
28071;2;4;2;True
28072;2;4;2;True
28073;7;16;9;True
28074;5;9;4;True
28075;5;9;4;True
28076;1;1;0;True
28077;0;0;0;True
28078;8;12;4;True
28079;4;12;8;True
28080;5;8;3;True
28081;4;12;8;True
28082;2;2;0;True
28083;2;4;2;True
28084;5;12;7;True
28085;5;16;11;True
28086;8;16;8;True
28087;4;9;5;True
28088;3;6;3;True
28089;5;12;7;True
28090;6;12;6;True
28091;2;4;2;True
28092;3;4;1;True
28093;4;6;2;True
28094;1;1;0;True
28095;5;9;4;True
28096;6;12;6;True
28097;0;0;0;True
28098;0;0;0;True
28099;1;1;0;True
28100;5;9;4;True
28101;3;4;1;True
28102;6;16;10;True
28103;5;8;3;True
28104;3;6;3;True
28105;1;1;0;True
28106;2;4;2;True
28107;2;2;0;True
28108;1;1;0;True
28109;2;2;0;True
28110;6;12;6;True
28111;4;6;2;True
28112;7;9;2;True
28113;4;9;5;True
28114;1;1;0;True
28115;5;9;4;True
28116;4;8;4;True
28117;3;6;3;True
28118;3;6;3;True
28119;0;0;0;True
28120;7;16;9;True
28121;7;12;5;True
28122;0;0;0;True
28123;5;16;11;True
28124;2;4;2;True
28125;6;12;6;True
28126;1;1;0;True
28127;1;1;0;True
28128;2;4;2;True
28129;6;16;10;True
28130;7;16;9;True
28131;3;4;1;True
28132;1;1;0;True
28133;1;1;0;True
28134;2;4;2;True
28135;6;16;10;True
28136;7;16;9;True
28137;2;4;2;True
28138;5;9;4;True
28139;4;8;4;True
28140;1;1;0;True
28141;0;0;0;True
28142;5;12;7;True
28143;0;0;0;True
28144;2;2;0;True
28145;2;4;2;True
28146;7;16;9;True
28147;0;0;0;True
28148;7;12;5;True
28149;0;0;0;True
28150;0;0;0;True
28151;0;0;0;True
28152;0;0;0;True
28153;1;1;0;True
28154;3;6;3;True
28155;1;1;0;True
28156;2;2;0;True
28157;8;12;4;True
28158;5;12;7;True
28159;1;1;0;True
28160;7;16;9;True
28161;6;16;10;True
28162;9;12;3;True
28163;1;1;0;True
28164;5;8;3;True
28165;2;4;2;True
28166;4;9;5;True
28167;4;6;2;True
28168;3;6;3;True
28169;7;16;9;True
28170;3;6;3;True
28171;2;4;2;True
28172;2;2;0;True
28173;5;9;4;True
28174;1;1;0;True
28175;6;9;3;True
28176;4;12;8;True
28177;1;1;0;True
28178;5;12;7;True
28179;3;4;1;True
28180;3;6;3;True
28181;6;12;6;True
28182;3;6;3;True
28183;5;12;7;True
28184;3;9;6;True
28185;5;8;3;True
28186;5;12;7;True
28187;2;2;0;True
28188;4;12;8;True
28189;2;4;2;True
28190;2;4;2;True
28191;1;1;0;True
28192;7;16;9;True
28193;5;12;7;True
28194;6;9;3;True
28195;0;0;0;True
28196;7;16;9;True
28197;6;16;10;True
28198;4;8;4;True
28199;7;16;9;True
28200;4;12;8;True
28201;0;0;0;True
28202;4;6;2;True
28203;6;16;10;True
28204;5;6;1;True
28205;3;4;1;True
28206;4;6;2;True
28207;2;2;0;True
28208;4;4;0;True
28209;4;6;2;True
28210;8;12;4;True
28211;2;4;2;True
28212;1;1;0;True
28213;2;4;2;True
28214;2;2;0;True
28215;3;4;1;True
28216;6;9;3;True
28217;1;1;0;True
28218;0;0;0;True
28219;4;9;5;True
28220;5;8;3;True
28221;2;4;2;True
28222;5;9;4;True
28223;6;12;6;True
28224;5;12;7;True
28225;3;6;3;True
28226;2;4;2;True
28227;4;9;5;True
28228;3;9;6;True
28229;2;2;0;True
28230;5;12;7;True
28231;4;9;5;True
28232;1;1;0;True
28233;2;2;0;True
28234;4;4;0;True
28235;5;12;7;True
28236;5;8;3;True
28237;2;2;0;True
28238;4;16;12;True
28239;3;6;3;True
28240;7;16;9;True
28241;7;12;5;True
28242;1;1;0;True
28243;1;1;0;True
28244;9;12;3;True
28245;7;12;5;True
28246;3;6;3;True
28247;5;12;7;True
28248;8;16;8;True
28249;3;9;6;True
28250;4;12;8;True
28251;2;2;0;True
28252;5;9;4;True
28253;5;12;7;True
28254;7;12;5;True
28255;5;8;3;True
28256;1;1;0;True
28257;4;6;2;True
28258;2;4;2;True
28259;4;6;2;True
28260;4;9;5;True
28261;5;9;4;True
28262;1;1;0;True
28263;6;16;10;True
28264;2;4;2;True
28265;4;9;5;True
28266;2;2;0;True
28267;6;12;6;True
28268;1;1;0;True
28269;3;6;3;True
28270;2;4;2;True
28271;0;0;0;True
28272;4;9;5;True
28273;4;6;2;True
28274;1;1;0;True
28275;3;4;1;True
28276;3;6;3;True
28277;3;6;3;True
28278;4;12;8;True
28279;3;6;3;True
28280;0;0;0;True
28281;2;4;2;True
28282;8;16;8;True
28283;1;1;0;True
28284;7;12;5;True
28285;0;0;0;True
28286;4;9;5;True
28287;5;9;4;True
28288;4;6;2;True
28289;5;8;3;True
28290;0;0;0;True
28291;4;12;8;True
28292;5;8;3;True
28293;1;1;0;True
28294;3;3;0;True
28295;3;6;3;True
28296;2;4;2;True
28297;1;1;0;True
28298;9;16;7;True
28299;2;2;0;True
28300;0;0;0;True
28301;1;1;0;True
28302;7;16;9;True
28303;4;12;8;True
28304;5;16;11;True
28305;4;6;2;True
28306;4;9;5;True
28307;5;12;7;True
28308;3;3;0;True
28309;7;9;2;True
28310;7;12;5;True
28311;4;6;2;True
28312;2;2;0;True
28313;4;9;5;True
28314;1;1;0;True
28315;6;12;6;True
28316;1;1;0;True
28317;7;16;9;True
28318;3;6;3;True
28319;2;4;2;True
28320;4;16;12;True
28321;4;12;8;True
28322;3;6;3;True
28323;6;12;6;True
28324;2;4;2;True
28325;1;1;0;True
28326;5;6;1;True
28327;5;9;4;True
28328;0;0;0;True
28329;2;4;2;True
28330;2;4;2;True
28331;4;9;5;True
28332;2;4;2;True
28333;0;0;0;True
28334;5;8;3;True
28335;1;1;0;True
28336;3;6;3;True
28337;3;6;3;True
28338;3;6;3;True
28339;3;6;3;True
28340;4;9;5;True
28341;6;9;3;True
28342;1;1;0;True
28343;1;1;0;True
28344;0;0;0;True
28345;3;4;1;True
28346;4;9;5;True
28347;4;9;5;True
28348;11;16;5;True
28349;4;9;5;True
28350;2;2;0;True
28351;7;12;5;True
28352;6;12;6;True
28353;8;12;4;True
28354;3;6;3;True
28355;5;9;4;True
28356;2;2;0;True
28357;4;16;12;True
28358;7;8;1;True
28359;4;9;5;True
28360;1;1;0;True
28361;2;4;2;True
28362;1;1;0;True
28363;2;4;2;True
28364;5;9;4;True
28365;3;9;6;True
28366;8;16;8;True
28367;1;1;0;True
28368;7;12;5;True
28369;2;4;2;True
28370;1;1;0;True
28371;4;9;5;True
28372;3;6;3;True
28373;1;1;0;True
28374;4;9;5;True
28375;4;6;2;True
28376;6;16;10;True
28377;6;16;10;True
28378;7;16;9;True
28379;2;2;0;True
28380;0;0;0;True
28381;3;9;6;True
28382;4;6;2;True
28383;4;6;2;True
28384;1;1;0;True
28385;3;6;3;True
28386;1;1;0;True
28387;2;4;2;True
28388;6;12;6;True
28389;4;9;5;True
28390;5;12;7;True
28391;4;9;5;True
28392;6;9;3;True
28393;8;16;8;True
28394;4;6;2;True
28395;7;16;9;True
28396;5;9;4;True
28397;0;0;0;True
28398;7;12;5;True
28399;1;1;0;True
28400;6;16;10;True
28401;9;16;7;True
28402;1;1;0;True
28403;7;16;9;True
28404;4;16;12;True
28405;3;4;1;True
28406;3;6;3;True
28407;4;6;2;True
28408;6;16;10;True
28409;2;4;2;True
28410;4;9;5;True
28411;6;12;6;True
28412;3;4;1;True
28413;6;12;6;True
28414;2;4;2;True
28415;3;6;3;True
28416;4;12;8;True
28417;0;0;0;True
28418;5;12;7;True
28419;6;16;10;True
28420;9;12;3;True
28421;5;9;4;True
28422;5;8;3;True
28423;4;9;5;True
28424;7;12;5;True
28425;2;4;2;True
28426;5;12;7;True
28427;7;12;5;True
28428;8;16;8;True
28429;4;9;5;True
28430;3;6;3;True
28431;1;1;0;True
28432;7;12;5;True
28433;6;16;10;True
28434;5;6;1;True
28435;3;6;3;True
28436;2;4;2;True
28437;6;12;6;True
28438;8;12;4;True
28439;1;1;0;True
28440;6;16;10;True
28441;5;16;11;True
28442;4;12;8;True
28443;1;1;0;True
28444;4;9;5;True
28445;9;16;7;True
28446;1;1;0;True
28447;2;2;0;True
28448;2;4;2;True
28449;5;9;4;True
28450;0;0;0;True
28451;7;12;5;True
28452;1;1;0;True
28453;4;6;2;True
28454;3;6;3;True
28455;6;12;6;True
28456;3;4;1;True
28457;6;12;6;True
28458;4;9;5;True
28459;5;12;7;True
28460;2;4;2;True
28461;6;9;3;True
28462;5;12;7;True
28463;4;9;5;True
28464;1;1;0;True
28465;5;8;3;True
28466;2;2;0;True
28467;0;0;0;True
28468;3;6;3;True
28469;2;4;2;True
28470;1;1;0;True
28471;3;3;0;True
28472;2;4;2;True
28473;2;2;0;True
28474;6;9;3;True
28475;6;16;10;True
28476;4;9;5;True
28477;2;4;2;True
28478;2;4;2;True
28479;7;16;9;True
28480;6;12;6;True
28481;7;16;9;True
28482;1;1;0;True
28483;9;16;7;True
28484;3;3;0;True
28485;3;9;6;True
28486;5;12;7;True
28487;1;1;0;True
28488;4;9;5;True
28489;2;4;2;True
28490;2;2;0;True
28491;7;16;9;True
28492;2;2;0;True
28493;3;9;6;True
28494;1;1;0;True
28495;2;2;0;True
28496;4;6;2;True
28497;2;4;2;True
28498;7;16;9;True
28499;1;1;0;True
28500;4;6;2;True
28501;3;6;3;True
28502;3;6;3;True
28503;2;4;2;True
28504;5;12;7;True
28505;5;16;11;True
28506;5;12;7;True
28507;8;16;8;True
28508;2;4;2;True
28509;8;16;8;True
28510;6;12;6;True
28511;0;0;0;True
28512;0;0;0;True
28513;4;6;2;True
28514;4;12;8;True
28515;6;12;6;True
28516;7;16;9;True
28517;10;16;6;True
28518;6;16;10;True
28519;2;2;0;True
28520;3;6;3;True
28521;7;16;9;True
28522;4;6;2;True
28523;3;3;0;True
28524;4;9;5;True
28525;4;9;5;True
28526;3;9;6;True
28527;3;3;0;True
28528;4;9;5;True
28529;5;9;4;True
28530;1;1;0;True
28531;6;8;2;True
28532;5;12;7;True
28533;6;12;6;True
28534;2;2;0;True
28535;6;9;3;True
28536;2;4;2;True
28537;5;8;3;True
28538;2;4;2;True
28539;3;4;1;True
28540;1;1;0;True
28541;6;12;6;True
28542;5;8;3;True
28543;2;2;0;True
28544;6;12;6;True
28545;4;9;5;True
28546;1;1;0;True
28547;1;1;0;True
28548;2;2;0;True
28549;1;1;0;True
28550;0;0;0;True
28551;4;6;2;True
28552;2;4;2;True
28553;5;9;4;True
28554;2;4;2;True
28555;6;9;3;True
28556;8;16;8;True
28557;6;16;10;True
28558;2;2;0;True
28559;0;0;0;True
28560;8;16;8;True
28561;6;12;6;True
28562;4;9;5;True
28563;1;1;0;True
28564;4;12;8;True
28565;9;12;3;True
28566;8;16;8;True
28567;8;12;4;True
28568;5;16;11;True
28569;6;16;10;True
28570;3;6;3;True
28571;0;0;0;True
28572;7;12;5;True
28573;4;8;4;True
28574;0;0;0;True
28575;1;1;0;True
28576;3;6;3;True
28577;5;12;7;True
28578;3;6;3;True
28579;6;16;10;True
28580;2;4;2;True
28581;3;6;3;True
28582;0;0;0;True
28583;4;9;5;True
28584;2;4;2;True
28585;8;16;8;True
28586;4;6;2;True
28587;2;4;2;True
28588;6;12;6;True
28589;5;9;4;True
28590;4;6;2;True
28591;4;6;2;True
28592;0;0;0;True
28593;5;6;1;True
28594;2;2;0;True
28595;6;8;2;True
28596;4;8;4;True
28597;9;16;7;True
28598;4;9;5;True
28599;1;1;0;True
28600;9;16;7;True
28601;1;1;0;True
28602;5;9;4;True
28603;8;12;4;True
28604;3;6;3;True
28605;7;16;9;True
28606;4;9;5;True
28607;4;6;2;True
28608;7;16;9;True
28609;4;9;5;True
28610;4;9;5;True
28611;0;0;0;True
28612;3;9;6;True
28613;2;4;2;True
28614;1;1;0;True
28615;2;2;0;True
28616;5;6;1;True
28617;6;16;10;True
28618;2;4;2;True
28619;4;6;2;True
28620;4;12;8;True
28621;6;9;3;True
28622;3;4;1;True
28623;4;6;2;True
28624;3;6;3;True
28625;5;9;4;True
28626;2;2;0;True
28627;1;1;0;True
28628;3;4;1;True
28629;5;12;7;True
28630;4;9;5;True
28631;4;12;8;True
28632;1;1;0;True
28633;5;16;11;True
28634;1;1;0;True
28635;7;12;5;True
28636;3;6;3;True
28637;5;12;7;True
28638;3;4;1;True
28639;3;6;3;True
28640;3;9;6;True
28641;8;16;8;True
28642;5;9;4;True
28643;5;12;7;True
28644;0;0;0;True
28645;6;12;6;True
28646;1;1;0;True
28647;7;12;5;True
28648;4;9;5;True
28649;5;8;3;True
28650;2;4;2;True
28651;2;4;2;True
28652;3;6;3;True
28653;7;9;2;True
28654;5;12;7;True
28655;2;4;2;True
28656;4;12;8;True
28657;6;9;3;True
28658;1;1;0;True
28659;6;12;6;True
28660;5;9;4;True
28661;3;6;3;True
28662;6;12;6;True
28663;3;9;6;True
28664;4;6;2;True
28665;5;9;4;True
28666;5;12;7;True
28667;5;9;4;True
28668;4;6;2;True
28669;6;12;6;True
28670;9;16;7;True
28671;5;12;7;True
28672;1;1;0;True
28673;6;12;6;True
28674;3;6;3;True
28675;3;6;3;True
28676;9;16;7;True
28677;2;4;2;True
28678;9;16;7;True
28679;3;6;3;True
28680;3;9;6;True
28681;4;12;8;True
28682;3;6;3;True
28683;0;0;0;True
28684;7;12;5;True
28685;1;1;0;True
28686;7;12;5;True
28687;6;12;6;True
28688;4;9;5;True
28689;4;9;5;True
28690;1;1;0;True
28691;1;1;0;True
28692;4;6;2;True
28693;3;4;1;True
28694;3;6;3;True
28695;4;12;8;True
28696;5;12;7;True
28697;0;0;0;True
28698;1;1;0;True
28699;7;16;9;True
28700;6;9;3;True
28701;2;4;2;True
28702;1;1;0;True
28703;3;4;1;True
28704;0;0;0;True
28705;2;4;2;True
28706;0;0;0;True
28707;6;16;10;True
28708;2;4;2;True
28709;4;12;8;True
28710;4;6;2;True
28711;5;9;4;True
28712;6;16;10;True
28713;3;4;1;True
28714;5;9;4;True
28715;2;4;2;True
28716;8;16;8;True
28717;3;3;0;True
28718;3;6;3;True
28719;4;12;8;True
28720;3;4;1;True
28721;5;12;7;True
28722;7;16;9;True
28723;2;4;2;True
28724;3;9;6;True
28725;2;4;2;True
28726;2;4;2;True
28727;1;1;0;True
28728;7;12;5;True
28729;4;12;8;True
28730;2;4;2;True
28731;3;6;3;True
28732;5;6;1;True
28733;5;6;1;True
28734;7;16;9;True
28735;0;0;0;True
28736;7;16;9;True
28737;3;4;1;True
28738;1;1;0;True
28739;2;2;0;True
28740;5;12;7;True
28741;4;9;5;True
28742;9;16;7;True
28743;4;12;8;True
28744;1;1;0;True
28745;7;16;9;True
28746;5;8;3;True
28747;2;4;2;True
28748;1;1;0;True
28749;3;6;3;True
28750;3;6;3;True
28751;1;1;0;True
28752;6;16;10;True
28753;1;1;0;True
28754;7;16;9;True
28755;9;16;7;True
28756;0;0;0;True
28757;4;9;5;True
28758;0;0;0;True
28759;8;16;8;True
28760;5;16;11;True
28761;2;4;2;True
28762;4;9;5;True
28763;3;6;3;True
28764;6;12;6;True
28765;5;9;4;True
28766;2;2;0;True
28767;6;16;10;True
28768;1;1;0;True
28769;4;9;5;True
28770;3;6;3;True
28771;1;1;0;True
28772;1;1;0;True
28773;4;9;5;True
28774;3;6;3;True
28775;9;12;3;True
28776;2;4;2;True
28777;6;12;6;True
28778;7;16;9;True
28779;1;1;0;True
28780;1;1;0;True
28781;5;9;4;True
28782;6;9;3;True
28783;0;0;0;True
28784;2;4;2;True
28785;5;12;7;True
28786;3;6;3;True
28787;1;1;0;True
28788;4;9;5;True
28789;7;16;9;True
28790;7;16;9;True
28791;0;0;0;True
28792;6;12;6;True
28793;2;2;0;True
28794;2;2;0;True
28795;0;0;0;True
28796;4;6;2;True
28797;4;12;8;True
28798;4;9;5;True
28799;4;6;2;True
28800;6;16;10;True
28801;1;1;0;True
28802;3;9;6;True
28803;8;16;8;True
28804;4;8;4;True
28805;4;9;5;True
28806;1;1;0;True
28807;0;0;0;True
28808;6;16;10;True
28809;4;6;2;True
28810;5;9;4;True
28811;1;1;0;True
28812;0;0;0;True
28813;4;9;5;True
28814;7;16;9;True
28815;4;6;2;True
28816;3;4;1;True
28817;6;12;6;True
28818;2;4;2;True
28819;2;4;2;True
28820;2;4;2;True
28821;0;0;0;True
28822;3;4;1;True
28823;6;8;2;True
28824;7;12;5;True
28825;5;9;4;True
28826;7;16;9;True
28827;5;9;4;True
28828;0;0;0;True
28829;4;6;2;True
28830;5;8;3;True
28831;5;12;7;True
28832;9;16;7;True
28833;3;9;6;True
28834;1;1;0;True
28835;8;16;8;True
28836;5;16;11;True
28837;8;12;4;True
28838;0;0;0;True
28839;3;6;3;True
28840;2;2;0;True
28841;4;9;5;True
28842;3;6;3;True
28843;4;8;4;True
28844;5;12;7;True
28845;9;16;7;True
28846;3;6;3;True
28847;5;9;4;True
28848;6;16;10;True
28849;8;12;4;True
28850;8;16;8;True
28851;5;9;4;True
28852;9;16;7;True
28853;3;6;3;True
28854;3;6;3;True
28855;3;9;6;True
28856;5;12;7;True
28857;7;12;5;True
28858;6;9;3;True
28859;7;16;9;True
28860;1;1;0;True
28861;5;12;7;True
28862;3;6;3;True
28863;5;12;7;True
28864;2;4;2;True
28865;2;2;0;True
28866;3;9;6;True
28867;3;6;3;True
28868;4;12;8;True
28869;2;2;0;True
28870;1;1;0;True
28871;7;16;9;True
28872;2;4;2;True
28873;2;2;0;True
28874;1;1;0;True
28875;2;4;2;True
28876;4;9;5;True
28877;3;6;3;True
28878;1;1;0;True
28879;1;1;0;True
28880;3;4;1;True
28881;1;1;0;True
28882;5;12;7;True
28883;2;2;0;True
28884;3;4;1;True
28885;1;1;0;True
28886;6;16;10;True
28887;2;4;2;True
28888;1;1;0;True
28889;2;2;0;True
28890;4;6;2;True
28891;8;16;8;True
28892;8;16;8;True
28893;3;9;6;True
28894;6;12;6;True
28895;1;1;0;True
28896;4;9;5;True
28897;4;6;2;True
28898;0;0;0;True
28899;2;2;0;True
28900;6;16;10;True
28901;1;1;0;True
28902;5;12;7;True
28903;3;3;0;True
28904;1;1;0;True
28905;3;9;6;True
28906;3;9;6;True
28907;10;16;6;True
28908;7;12;5;True
28909;2;2;0;True
28910;3;6;3;True
28911;0;0;0;True
28912;0;0;0;True
28913;4;9;5;True
28914;3;9;6;True
28915;0;0;0;True
28916;1;1;0;True
28917;5;12;7;True
28918;6;9;3;True
28919;10;16;6;True
28920;3;4;1;True
28921;3;6;3;True
28922;4;9;5;True
28923;3;6;3;True
28924;4;8;4;True
28925;1;1;0;True
28926;9;16;7;True
28927;5;12;7;True
28928;3;3;0;True
28929;5;12;7;True
28930;2;2;0;True
28931;5;9;4;True
28932;3;9;6;True
28933;2;4;2;True
28934;2;2;0;True
28935;2;4;2;True
28936;3;4;1;True
28937;3;6;3;True
28938;3;6;3;True
28939;6;16;10;True
28940;0;0;0;True
28941;6;12;6;True
28942;2;2;0;True
28943;7;12;5;True
28944;8;16;8;True
28945;5;9;4;True
28946;5;8;3;True
28947;2;2;0;True
28948;1;1;0;True
28949;4;9;5;True
28950;1;1;0;True
28951;5;12;7;True
28952;3;4;1;True
28953;4;9;5;True
28954;2;4;2;True
28955;1;1;0;True
28956;9;16;7;True
28957;2;4;2;True
28958;3;6;3;True
28959;2;4;2;True
28960;1;1;0;True
28961;1;1;0;True
28962;1;1;0;True
28963;7;16;9;True
28964;3;9;6;True
28965;3;4;1;True
28966;0;0;0;True
28967;4;9;5;True
28968;3;4;1;True
28969;4;6;2;True
28970;3;4;1;True
28971;0;0;0;True
28972;5;12;7;True
28973;5;16;11;True
28974;7;12;5;True
28975;1;1;0;True
28976;5;9;4;True
28977;1;1;0;True
28978;4;9;5;True
28979;4;6;2;True
28980;4;9;5;True
28981;2;2;0;True
28982;2;4;2;True
28983;4;9;5;True
28984;3;9;6;True
28985;6;12;6;True
28986;5;12;7;True
28987;4;9;5;True
28988;2;4;2;True
28989;5;9;4;True
28990;5;8;3;True
28991;4;8;4;True
28992;0;0;0;True
28993;5;16;11;True
28994;3;4;1;True
28995;3;6;3;True
28996;0;0;0;True
28997;0;0;0;True
28998;0;0;0;True
28999;9;16;7;True
29000;5;12;7;True
29001;5;12;7;True
29002;3;9;6;True
29003;3;4;1;True
29004;2;4;2;True
29005;1;1;0;True
29006;8;16;8;True
29007;4;6;2;True
29008;7;16;9;True
29009;5;9;4;True
29010;3;4;1;True
29011;0;0;0;True
29012;1;1;0;True
29013;6;16;10;True
29014;1;1;0;True
29015;3;4;1;True
29016;5;12;7;True
29017;1;1;0;True
29018;3;4;1;True
29019;2;4;2;True
29020;1;1;0;True
29021;5;9;4;True
29022;2;4;2;True
29023;6;9;3;True
29024;2;4;2;True
29025;7;16;9;True
29026;3;4;1;True
29027;3;4;1;True
29028;1;1;0;True
29029;7;9;2;True
29030;1;1;0;True
29031;2;4;2;True
29032;1;1;0;True
29033;3;3;0;True
29034;4;9;5;True
29035;4;9;5;True
29036;3;4;1;True
29037;9;16;7;True
29038;4;6;2;True
29039;4;6;2;True
29040;7;12;5;True
29041;4;6;2;True
29042;7;8;1;True
29043;3;6;3;True
29044;0;0;0;True
29045;6;9;3;True
29046;4;8;4;True
29047;8;16;8;True
29048;2;4;2;True
29049;6;16;10;True
29050;3;4;1;True
29051;8;16;8;True
29052;3;4;1;True
29053;2;4;2;True
29054;4;9;5;True
29055;6;12;6;True
29056;5;12;7;True
29057;4;9;5;True
29058;4;9;5;True
29059;0;0;0;True
29060;6;12;6;True
29061;9;16;7;True
29062;0;0;0;True
29063;5;8;3;True
29064;3;9;6;True
29065;7;16;9;True
29066;5;9;4;True
29067;7;16;9;True
29068;3;6;3;True
29069;5;12;7;True
29070;11;16;5;True
29071;8;12;4;True
29072;2;2;0;True
29073;6;16;10;True
29074;4;9;5;True
29075;1;1;0;True
29076;7;16;9;True
29077;1;1;0;True
29078;7;16;9;True
29079;2;2;0;True
29080;8;12;4;True
29081;1;1;0;True
29082;5;9;4;True
29083;4;9;5;True
29084;6;9;3;True
29085;3;3;0;True
29086;4;9;5;True
29087;3;9;6;True
29088;5;9;4;True
29089;5;12;7;True
29090;0;0;0;True
29091;1;1;0;True
29092;1;1;0;True
29093;3;4;1;True
29094;9;16;7;True
29095;6;12;6;True
29096;0;0;0;True
29097;3;6;3;True
29098;10;16;6;True
29099;3;4;1;True
29100;7;8;1;True
29101;4;6;2;True
29102;1;1;0;True
29103;3;4;1;True
29104;8;16;8;True
29105;0;0;0;True
29106;2;4;2;True
29107;1;1;0;True
29108;4;6;2;True
29109;4;12;8;True
29110;5;9;4;True
29111;1;1;0;True
29112;4;9;5;True
29113;0;0;0;True
29114;2;2;0;True
29115;0;0;0;True
29116;3;6;3;True
29117;3;6;3;True
29118;5;16;11;True
29119;2;2;0;True
29120;8;16;8;True
29121;4;12;8;True
29122;6;6;0;True
29123;2;4;2;True
29124;6;12;6;True
29125;4;9;5;True
29126;1;1;0;True
29127;2;2;0;True
29128;6;12;6;True
29129;0;0;0;True
29130;5;12;7;True
29131;3;3;0;True
29132;3;4;1;True
29133;1;1;0;True
29134;3;9;6;True
29135;6;12;6;True
29136;2;4;2;True
29137;4;12;8;True
29138;3;6;3;True
29139;3;6;3;True
29140;4;6;2;True
29141;1;1;0;True
29142;6;8;2;True
29143;2;2;0;True
29144;3;4;1;True
29145;4;12;8;True
29146;4;9;5;True
29147;7;16;9;True
29148;2;4;2;True
29149;4;9;5;True
29150;4;9;5;True
29151;4;6;2;True
29152;4;6;2;True
29153;6;12;6;True
29154;2;4;2;True
29155;2;4;2;True
29156;3;6;3;True
29157;9;12;3;True
29158;8;16;8;True
29159;4;6;2;True
29160;1;1;0;True
29161;6;9;3;True
29162;6;12;6;True
29163;8;16;8;True
29164;5;9;4;True
29165;6;12;6;True
29166;5;8;3;True
29167;5;9;4;True
29168;1;1;0;True
29169;7;12;5;True
29170;5;9;4;True
29171;3;6;3;True
29172;4;6;2;True
29173;4;6;2;True
29174;3;3;0;True
29175;0;0;0;True
29176;4;6;2;True
29177;7;16;9;True
29178;4;12;8;True
29179;9;16;7;True
29180;0;0;0;True
29181;6;12;6;True
29182;5;12;7;True
29183;5;9;4;True
29184;4;6;2;True
29185;3;6;3;True
29186;7;12;5;True
29187;9;16;7;True
29188;5;12;7;True
29189;8;16;8;True
29190;5;16;11;True
29191;10;16;6;True
29192;1;1;0;True
29193;5;9;4;True
29194;6;12;6;True
29195;4;9;5;True
29196;8;16;8;True
29197;1;1;0;True
29198;3;6;3;True
29199;4;9;5;True
29200;4;8;4;True
29201;2;2;0;True
29202;3;6;3;True
29203;2;2;0;True
29204;5;12;7;True
29205;3;6;3;True
29206;3;6;3;True
29207;0;0;0;True
29208;3;6;3;True
29209;4;8;4;True
29210;9;16;7;True
29211;4;6;2;True
29212;4;9;5;True
29213;5;12;7;True
29214;7;16;9;True
29215;6;12;6;True
29216;7;9;2;True
29217;3;4;1;True
29218;5;6;1;True
29219;6;9;3;True
29220;6;9;3;True
29221;4;6;2;True
29222;2;2;0;True
29223;2;2;0;True
29224;3;6;3;True
29225;1;1;0;True
29226;8;16;8;True
29227;5;12;7;True
29228;6;9;3;True
29229;4;9;5;True
29230;7;8;1;True
29231;5;9;4;True
29232;4;9;5;True
29233;3;6;3;True
29234;6;9;3;True
29235;4;12;8;True
29236;5;9;4;True
29237;2;4;2;True
29238;3;4;1;True
29239;2;4;2;True
29240;3;6;3;True
29241;7;12;5;True
29242;3;6;3;True
29243;8;12;4;True
29244;4;9;5;True
29245;1;1;0;True
29246;8;16;8;True
29247;5;8;3;True
29248;6;12;6;True
29249;3;6;3;True
29250;4;9;5;True
29251;3;9;6;True
29252;1;1;0;True
29253;5;8;3;True
29254;5;9;4;True
29255;2;4;2;True
29256;7;16;9;True
29257;4;12;8;True
29258;2;2;0;True
29259;0;0;0;True
29260;4;8;4;True
29261;7;16;9;True
29262;2;4;2;True
29263;0;0;0;True
29264;0;0;0;True
29265;6;12;6;True
29266;7;16;9;True
29267;8;16;8;True
29268;1;1;0;True
29269;7;16;9;True
29270;9;12;3;True
29271;5;9;4;True
29272;5;12;7;True
29273;4;9;5;True
29274;1;1;0;True
29275;2;2;0;True
29276;5;6;1;True
29277;2;4;2;True
29278;6;12;6;True
29279;1;1;0;True
29280;2;4;2;True
29281;4;6;2;True
29282;1;1;0;True
29283;0;0;0;True
29284;2;2;0;True
29285;4;4;0;True
29286;6;12;6;True
29287;6;9;3;True
29288;4;9;5;True
29289;1;1;0;True
29290;1;1;0;True
29291;7;12;5;True
29292;4;12;8;True
29293;1;1;0;True
29294;2;4;2;True
29295;0;0;0;True
29296;3;6;3;True
29297;4;6;2;True
29298;1;1;0;True
29299;2;4;2;True
29300;4;12;8;True
29301;1;1;0;True
29302;0;0;0;True
29303;4;9;5;True
29304;2;2;0;True
29305;4;12;8;True
29306;3;9;6;True
29307;3;9;6;True
29308;1;1;0;True
29309;4;6;2;True
29310;3;6;3;True
29311;6;9;3;True
29312;1;1;0;True
29313;2;2;0;True
29314;4;12;8;True
29315;6;16;10;True
29316;3;6;3;True
29317;1;1;0;True
29318;4;12;8;True
29319;7;12;5;True
29320;6;12;6;True
29321;5;9;4;True
29322;5;12;7;True
29323;1;1;0;True
29324;2;2;0;True
29325;5;12;7;True
29326;2;2;0;True
29327;1;1;0;True
29328;3;4;1;True
29329;1;1;0;True
29330;3;6;3;True
29331;1;1;0;True
29332;3;6;3;True
29333;4;6;2;True
29334;3;4;1;True
29335;1;1;0;True
29336;2;2;0;True
29337;3;3;0;True
29338;6;12;6;True
29339;6;12;6;True
29340;4;6;2;True
29341;4;8;4;True
29342;3;6;3;True
29343;6;12;6;True
29344;5;9;4;True
29345;0;0;0;True
29346;1;1;0;True
29347;6;12;6;True
29348;4;6;2;True
29349;2;2;0;True
29350;1;1;0;True
29351;1;1;0;True
29352;3;4;1;True
29353;6;9;3;True
29354;5;12;7;True
29355;1;1;0;True
29356;8;16;8;True
29357;4;9;5;True
29358;1;1;0;True
29359;3;6;3;True
29360;6;12;6;True
29361;4;6;2;True
29362;5;9;4;True
29363;2;2;0;True
29364;5;6;1;True
29365;7;16;9;True
29366;6;8;2;True
29367;2;4;2;True
29368;4;6;2;True
29369;4;9;5;True
29370;10;16;6;True
29371;1;1;0;True
29372;7;12;5;True
29373;4;6;2;True
29374;4;6;2;True
29375;5;12;7;True
29376;4;12;8;True
29377;6;12;6;True
29378;3;6;3;True
29379;3;4;1;True
29380;1;1;0;True
29381;4;6;2;True
29382;3;4;1;True
29383;4;9;5;True
29384;6;9;3;True
29385;4;6;2;True
29386;6;16;10;True
29387;3;4;1;True
29388;1;1;0;True
29389;4;6;2;True
29390;1;1;0;True
29391;3;9;6;True
29392;0;0;0;True
29393;3;9;6;True
29394;2;4;2;True
29395;1;1;0;True
29396;2;4;2;True
29397;9;16;7;True
29398;4;6;2;True
29399;2;4;2;True
29400;4;12;8;True
29401;2;4;2;True
29402;5;9;4;True
29403;3;3;0;True
29404;3;6;3;True
29405;4;12;8;True
29406;5;12;7;True
29407;9;16;7;True
29408;6;12;6;True
29409;1;1;0;True
29410;8;12;4;True
29411;11;16;5;True
29412;4;6;2;True
29413;2;2;0;True
29414;4;8;4;True
29415;7;12;5;True
29416;2;2;0;True
29417;5;12;7;True
29418;5;12;7;True
29419;6;12;6;True
29420;6;12;6;True
29421;8;12;4;True
29422;5;12;7;True
29423;4;9;5;True
29424;3;4;1;True
29425;0;0;0;True
29426;0;0;0;True
29427;3;6;3;True
29428;5;12;7;True
29429;6;12;6;True
29430;5;12;7;True
29431;4;12;8;True
29432;7;12;5;True
29433;4;6;2;True
29434;2;2;0;True
29435;5;12;7;True
29436;4;8;4;True
29437;4;9;5;True
29438;1;1;0;True
29439;7;12;5;True
29440;4;6;2;True
29441;2;4;2;True
29442;7;16;9;True
29443;1;1;0;True
29444;7;16;9;True
29445;4;6;2;True
29446;6;9;3;True
29447;1;1;0;True
29448;6;8;2;True
29449;3;6;3;True
29450;6;16;10;True
29451;4;6;2;True
29452;4;6;2;True
29453;5;12;7;True
29454;8;12;4;True
29455;3;4;1;True
29456;2;4;2;True
29457;1;1;0;True
29458;5;6;1;True
29459;2;4;2;True
29460;3;6;3;True
29461;6;12;6;True
29462;4;6;2;True
29463;5;12;7;True
29464;3;6;3;True
29465;3;6;3;True
29466;6;12;6;True
29467;4;9;5;True
29468;2;2;0;True
29469;7;12;5;True
29470;8;16;8;True
29471;5;16;11;True
29472;2;2;0;True
29473;6;16;10;True
29474;5;16;11;True
29475;8;16;8;True
29476;5;12;7;True
29477;3;6;3;True
29478;2;2;0;True
29479;4;12;8;True
29480;3;6;3;True
29481;7;12;5;True
29482;1;1;0;True
29483;6;16;10;True
29484;3;4;1;True
29485;4;6;2;True
29486;2;4;2;True
29487;6;12;6;True
29488;4;6;2;True
29489;4;6;2;True
29490;7;12;5;True
29491;2;2;0;True
29492;4;9;5;True
29493;1;1;0;True
29494;1;1;0;True
29495;2;4;2;True
29496;0;0;0;True
29497;4;9;5;True
29498;9;16;7;True
29499;9;12;3;True
29500;9;16;7;True
29501;1;1;0;True
29502;2;4;2;True
29503;3;9;6;True
29504;4;6;2;True
29505;1;1;0;True
29506;6;16;10;True
29507;6;12;6;True
29508;6;12;6;True
29509;7;12;5;True
29510;8;16;8;True
29511;3;6;3;True
29512;4;12;8;True
29513;4;6;2;True
29514;1;1;0;True
29515;0;0;0;True
29516;8;12;4;True
29517;3;4;1;True
29518;4;9;5;True
29519;0;0;0;True
29520;3;6;3;True
29521;1;1;0;True
29522;4;6;2;True
29523;5;12;7;True
29524;1;1;0;True
29525;7;16;9;True
29526;5;12;7;True
29527;6;8;2;True
29528;6;8;2;True
29529;1;1;0;True
29530;5;12;7;True
29531;0;0;0;True
29532;6;12;6;True
29533;3;6;3;True
29534;3;4;1;True
29535;2;4;2;True
29536;4;9;5;True
29537;4;6;2;True
29538;2;4;2;True
29539;7;16;9;True
29540;0;0;0;True
29541;9;12;3;True
29542;3;3;0;True
29543;3;6;3;True
29544;4;6;2;True
29545;3;6;3;True
29546;11;16;5;True
29547;1;1;0;True
29548;4;8;4;True
29549;2;4;2;True
29550;3;9;6;True
29551;2;2;0;True
29552;3;4;1;True
29553;6;12;6;True
29554;1;1;0;True
29555;4;9;5;True
29556;1;1;0;True
29557;4;12;8;True
29558;1;1;0;True
29559;3;4;1;True
29560;4;6;2;True
29561;6;12;6;True
29562;2;2;0;True
29563;6;16;10;True
29564;2;4;2;True
29565;4;6;2;True
29566;4;12;8;True
29567;3;6;3;True
29568;3;6;3;True
29569;3;6;3;True
29570;8;12;4;True
29571;11;16;5;True
29572;2;4;2;True
29573;2;4;2;True
29574;3;4;1;True
29575;7;12;5;True
29576;1;1;0;True
29577;7;16;9;True
29578;2;2;0;True
29579;1;1;0;True
29580;1;1;0;True
29581;4;9;5;True
29582;9;16;7;True
29583;5;8;3;True
29584;7;16;9;True
29585;5;9;4;True
29586;5;9;4;True
29587;1;1;0;True
29588;5;12;7;True
29589;3;4;1;True
29590;2;4;2;True
29591;3;6;3;True
29592;6;16;10;True
29593;2;4;2;True
29594;8;16;8;True
29595;2;4;2;True
29596;2;4;2;True
29597;0;0;0;True
29598;3;9;6;True
29599;1;1;0;True
29600;2;4;2;True
29601;2;4;2;True
29602;5;9;4;True
29603;4;9;5;True
29604;3;4;1;True
29605;0;0;0;True
29606;0;0;0;True
29607;7;16;9;True
29608;3;6;3;True
29609;7;16;9;True
29610;5;16;11;True
29611;2;2;0;True
29612;3;4;1;True
29613;4;8;4;True
29614;5;9;4;True
29615;5;12;7;True
29616;3;4;1;True
29617;2;2;0;True
29618;3;4;1;True
29619;8;16;8;True
29620;3;6;3;True
29621;1;1;0;True
29622;3;4;1;True
29623;3;4;1;True
29624;6;12;6;True
29625;1;1;0;True
29626;3;6;3;True
29627;4;6;2;True
29628;6;16;10;True
29629;0;0;0;True
29630;5;9;4;True
29631;4;6;2;True
29632;3;4;1;True
29633;6;12;6;True
29634;4;8;4;True
29635;5;16;11;True
29636;3;6;3;True
29637;2;4;2;True
29638;2;4;2;True
29639;7;12;5;True
29640;8;16;8;True
29641;2;2;0;True
29642;7;9;2;True
29643;5;9;4;True
29644;7;16;9;True
29645;4;9;5;True
29646;5;16;11;True
29647;5;16;11;True
29648;9;12;3;True
29649;3;6;3;True
29650;5;12;7;True
29651;3;4;1;True
29652;2;4;2;True
29653;3;4;1;True
29654;1;1;0;True
29655;2;4;2;True
29656;2;4;2;True
29657;1;1;0;True
29658;5;12;7;True
29659;3;4;1;True
29660;6;12;6;True
29661;3;6;3;True
29662;4;6;2;True
29663;4;12;8;True
29664;4;8;4;True
29665;7;9;2;True
29666;2;4;2;True
29667;6;12;6;True
29668;2;4;2;True
29669;3;6;3;True
29670;3;3;0;True
29671;6;12;6;True
29672;6;16;10;True
29673;0;0;0;True
29674;2;2;0;True
29675;4;12;8;True
29676;3;6;3;True
29677;4;12;8;True
29678;1;1;0;True
29679;4;6;2;True
29680;5;6;1;True
29681;1;1;0;True
29682;10;16;6;True
29683;1;1;0;True
29684;3;9;6;True
29685;5;9;4;True
29686;6;12;6;True
29687;6;16;10;True
29688;2;2;0;True
29689;1;1;0;True
29690;1;1;0;True
29691;4;9;5;True
29692;0;0;0;True
29693;3;3;0;True
29694;5;12;7;True
29695;0;0;0;True
29696;1;1;0;True
29697;6;12;6;True
29698;7;12;5;True
29699;4;8;4;True
29700;1;1;0;True
29701;6;16;10;True
29702;1;1;0;True
29703;3;6;3;True
29704;2;4;2;True
29705;4;6;2;True
29706;6;12;6;True
29707;6;16;10;True
29708;2;2;0;True
29709;6;16;10;True
29710;0;0;0;True
29711;1;1;0;True
29712;3;6;3;True
29713;1;1;0;True
29714;7;16;9;True
29715;7;16;9;True
29716;3;6;3;True
29717;5;8;3;True
29718;1;1;0;True
29719;7;16;9;True
29720;3;4;1;True
29721;6;16;10;True
29722;1;1;0;True
29723;4;9;5;True
29724;4;6;2;True
29725;4;12;8;True
29726;7;12;5;True
29727;7;16;9;True
29728;0;0;0;True
29729;5;6;1;True
29730;0;0;0;True
29731;8;12;4;True
29732;5;16;11;True
29733;6;9;3;True
29734;1;1;0;True
29735;0;0;0;True
29736;6;12;6;True
29737;5;8;3;True
29738;4;8;4;True
29739;3;4;1;True
29740;1;1;0;True
29741;10;16;6;True
29742;7;12;5;True
29743;3;6;3;True
29744;2;4;2;True
29745;2;4;2;True
29746;4;9;5;True
29747;2;4;2;True
29748;1;1;0;True
29749;2;4;2;True
29750;0;0;0;True
29751;1;1;0;True
29752;3;6;3;True
29753;5;9;4;True
29754;4;6;2;True
29755;5;12;7;True
29756;4;8;4;True
29757;1;1;0;True
29758;0;0;0;True
29759;2;4;2;True
29760;4;6;2;True
29761;7;12;5;True
29762;2;4;2;True
29763;0;0;0;True
29764;0;0;0;True
29765;2;4;2;True
29766;7;12;5;True
29767;3;6;3;True
29768;6;12;6;True
29769;0;0;0;True
29770;5;12;7;True
29771;3;6;3;True
29772;4;6;2;True
29773;8;16;8;True
29774;3;6;3;True
29775;3;9;6;True
29776;4;6;2;True
29777;5;9;4;True
29778;2;4;2;True
29779;5;12;7;True
29780;8;12;4;True
29781;5;12;7;True
29782;7;16;9;True
29783;6;12;6;True
29784;2;2;0;True
29785;4;8;4;True
29786;1;1;0;True
29787;3;4;1;True
29788;5;12;7;True
29789;9;16;7;True
29790;3;6;3;True
29791;2;4;2;True
29792;3;9;6;True
29793;2;2;0;True
29794;4;12;8;True
29795;0;0;0;True
29796;8;16;8;True
29797;10;16;6;True
29798;0;0;0;True
29799;1;1;0;True
29800;2;2;0;True
29801;6;12;6;True
29802;5;9;4;True
29803;5;12;7;True
29804;4;9;5;True
29805;6;9;3;True
29806;3;4;1;True
29807;2;2;0;True
29808;5;12;7;True
29809;1;1;0;True
29810;5;16;11;True
29811;3;6;3;True
29812;6;12;6;True
29813;0;0;0;True
29814;3;3;0;True
29815;6;12;6;True
29816;3;6;3;True
29817;7;16;9;True
29818;7;12;5;True
29819;4;9;5;True
29820;5;12;7;True
29821;8;12;4;True
29822;5;12;7;True
29823;8;16;8;True
29824;4;9;5;True
29825;2;4;2;True
29826;5;8;3;True
29827;7;12;5;True
29828;6;8;2;True
29829;6;12;6;True
29830;5;6;1;True
29831;6;16;10;True
29832;3;3;0;True
29833;1;1;0;True
29834;2;4;2;True
29835;0;0;0;True
29836;1;1;0;True
29837;5;8;3;True
29838;5;9;4;True
29839;6;12;6;True
29840;4;9;5;True
29841;9;16;7;True
29842;6;8;2;True
29843;5;12;7;True
29844;4;6;2;True
29845;6;16;10;True
29846;4;8;4;True
29847;4;9;5;True
29848;0;0;0;True
29849;2;2;0;True
29850;3;6;3;True
29851;5;12;7;True
29852;1;1;0;True
29853;3;4;1;True
29854;5;9;4;True
29855;2;4;2;True
29856;4;9;5;True
29857;0;0;0;True
29858;8;12;4;True
29859;2;2;0;True
29860;5;9;4;True
29861;4;6;2;True
29862;9;16;7;True
29863;2;2;0;True
29864;6;8;2;True
29865;9;16;7;True
29866;9;16;7;True
29867;3;4;1;True
29868;4;9;5;True
29869;5;9;4;True
29870;1;1;0;True
29871;3;6;3;True
29872;5;9;4;True
29873;2;2;0;True
29874;5;16;11;True
29875;8;16;8;True
29876;4;4;0;True
29877;5;9;4;True
29878;1;1;0;True
29879;8;16;8;True
29880;7;12;5;True
29881;6;12;6;True
29882;4;12;8;True
29883;3;6;3;True
29884;0;0;0;True
29885;3;4;1;True
29886;1;1;0;True
29887;4;6;2;True
29888;3;4;1;True
29889;4;12;8;True
29890;1;1;0;True
29891;0;0;0;True
29892;4;9;5;True
29893;5;16;11;True
29894;0;0;0;True
29895;8;16;8;True
29896;2;2;0;True
29897;5;8;3;True
29898;2;2;0;True
29899;1;1;0;True
29900;8;16;8;True
29901;5;9;4;True
29902;1;1;0;True
29903;0;0;0;True
29904;6;16;10;True
29905;3;9;6;True
29906;5;9;4;True
29907;1;1;0;True
29908;6;12;6;True
29909;4;6;2;True
29910;6;12;6;True
29911;1;1;0;True
29912;4;6;2;True
29913;4;9;5;True
29914;4;12;8;True
29915;4;9;5;True
29916;6;8;2;True
29917;3;6;3;True
29918;5;8;3;True
29919;4;6;2;True
29920;2;2;0;True
29921;0;0;0;True
29922;4;9;5;True
29923;3;9;6;True
29924;3;6;3;True
29925;3;9;6;True
29926;10;16;6;True
29927;4;12;8;True
29928;3;4;1;True
29929;0;0;0;True
29930;6;12;6;True
29931;1;1;0;True
29932;1;1;0;True
29933;4;12;8;True
29934;3;4;1;True
29935;1;1;0;True
29936;0;0;0;True
29937;1;1;0;True
29938;6;12;6;True
29939;2;2;0;True
29940;5;16;11;True
29941;4;4;0;True
29942;2;2;0;True
29943;2;2;0;True
29944;9;16;7;True
29945;5;9;4;True
29946;3;3;0;True
29947;4;6;2;True
29948;9;16;7;True
29949;3;6;3;True
29950;8;16;8;True
29951;4;9;5;True
29952;1;1;0;True
29953;3;4;1;True
29954;3;4;1;True
29955;5;12;7;True
29956;2;4;2;True
29957;2;2;0;True
29958;7;16;9;True
29959;1;1;0;True
29960;5;9;4;True
29961;5;9;4;True
29962;7;9;2;True
29963;6;12;6;True
29964;4;8;4;True
29965;0;0;0;True
29966;3;6;3;True
29967;2;4;2;True
29968;5;12;7;True
29969;4;9;5;True
29970;9;16;7;True
29971;8;16;8;True
29972;2;2;0;True
29973;3;9;6;True
29974;2;4;2;True
29975;3;9;6;True
29976;1;1;0;True
29977;3;4;1;True
29978;5;9;4;True
29979;6;9;3;True
29980;4;8;4;True
29981;3;4;1;True
29982;3;6;3;True
29983;5;12;7;True
29984;2;2;0;True
29985;2;4;2;True
29986;5;16;11;True
29987;3;4;1;True
29988;8;12;4;True
29989;4;12;8;True
29990;5;6;1;True
29991;2;2;0;True
29992;4;9;5;True
29993;2;2;0;True
29994;1;1;0;True
29995;3;6;3;True
29996;3;6;3;True
29997;5;12;7;True
29998;1;1;0;True
29999;8;16;8;True
30000;2;2;0;True
30001;5;12;7;True
30002;5;9;4;True
30003;2;4;2;True
30004;4;9;5;True
30005;4;9;5;True
30006;3;6;3;True
30007;3;6;3;True
30008;4;12;8;True
30009;4;9;5;True
30010;4;9;5;True
30011;5;12;7;True
30012;4;6;2;True
30013;2;2;0;True
30014;4;8;4;True
30015;7;16;9;True
30016;2;2;0;True
30017;7;16;9;True
30018;3;6;3;True
30019;8;16;8;True
30020;3;4;1;True
30021;1;1;0;True
30022;0;0;0;True
30023;5;16;11;True
30024;6;16;10;True
30025;1;1;0;True
30026;2;4;2;True
30027;4;6;2;True
30028;5;12;7;True
30029;6;16;10;True
30030;6;9;3;True
30031;6;12;6;True
30032;5;12;7;True
30033;4;6;2;True
30034;3;6;3;True
30035;1;1;0;True
30036;3;4;1;True
30037;3;6;3;True
30038;6;9;3;True
30039;4;9;5;True
30040;3;6;3;True
30041;2;2;0;True
30042;3;6;3;True
30043;6;16;10;True
30044;1;1;0;True
30045;2;4;2;True
30046;2;4;2;True
30047;2;2;0;True
30048;4;6;2;True
30049;3;4;1;True
30050;1;1;0;True
30051;4;12;8;True
30052;4;8;4;True
30053;0;0;0;True
30054;4;12;8;True
30055;2;4;2;True
30056;7;12;5;True
30057;4;9;5;True
30058;2;4;2;True
30059;6;8;2;True
30060;0;0;0;True
30061;3;4;1;True
30062;3;4;1;True
30063;5;9;4;True
30064;3;6;3;True
30065;0;0;0;True
30066;2;2;0;True
30067;6;9;3;True
30068;3;9;6;True
30069;5;9;4;True
30070;4;9;5;True
30071;6;12;6;True
30072;5;12;7;True
30073;0;0;0;True
30074;0;0;0;True
30075;4;9;5;True
30076;6;9;3;True
30077;3;6;3;True
30078;0;0;0;True
30079;4;12;8;True
30080;6;8;2;True
30081;5;9;4;True
30082;13;16;3;True
30083;2;2;0;True
30084;5;9;4;True
30085;1;1;0;True
30086;2;2;0;True
30087;6;12;6;True
30088;7;12;5;True
30089;4;6;2;True
30090;6;12;6;True
30091;1;1;0;True
30092;8;16;8;True
30093;2;4;2;True
30094;4;9;5;True
30095;3;6;3;True
30096;7;16;9;True
30097;3;4;1;True
30098;1;1;0;True
30099;0;0;0;True
30100;1;1;0;True
30101;1;1;0;True
30102;8;16;8;True
30103;3;9;6;True
30104;2;4;2;True
30105;8;16;8;True
30106;5;9;4;True
30107;1;1;0;True
30108;4;9;5;True
30109;1;1;0;True
30110;4;12;8;True
30111;1;1;0;True
30112;0;0;0;True
30113;6;12;6;True
30114;2;4;2;True
30115;1;1;0;True
30116;0;0;0;True
30117;6;12;6;True
30118;3;4;1;True
30119;4;12;8;True
30120;2;2;0;True
30121;2;2;0;True
30122;1;1;0;True
30123;1;1;0;True
30124;6;12;6;True
30125;9;16;7;True
30126;0;0;0;True
30127;5;6;1;True
30128;1;1;0;True
30129;8;16;8;True
30130;7;16;9;True
30131;1;1;0;True
30132;7;12;5;True
30133;7;12;5;True
30134;1;1;0;True
30135;6;16;10;True
30136;2;4;2;True
30137;2;2;0;True
30138;1;1;0;True
30139;0;0;0;True
30140;2;4;2;True
30141;3;6;3;True
30142;4;9;5;True
30143;4;9;5;True
30144;4;9;5;True
30145;1;1;0;True
30146;6;12;6;True
30147;0;0;0;True
30148;10;16;6;True
30149;1;1;0;True
30150;5;12;7;True
30151;2;4;2;True
30152;0;0;0;True
30153;7;16;9;True
30154;3;6;3;True
30155;2;4;2;True
30156;3;6;3;True
30157;2;2;0;True
30158;2;4;2;True
30159;5;12;7;True
30160;4;9;5;True
30161;3;3;0;True
30162;3;6;3;True
30163;0;0;0;True
30164;2;2;0;True
30165;4;12;8;True
30166;0;0;0;True
30167;1;1;0;True
30168;4;9;5;True
30169;2;2;0;True
30170;5;9;4;True
30171;5;12;7;True
30172;7;16;9;True
30173;0;0;0;True
30174;3;6;3;True
30175;2;2;0;True
30176;1;1;0;True
30177;5;16;11;True
30178;3;6;3;True
30179;2;2;0;True
30180;4;12;8;True
30181;4;9;5;True
30182;4;8;4;True
30183;5;12;7;True
30184;1;1;0;True
30185;6;12;6;True
30186;3;4;1;True
30187;1;1;0;True
30188;4;6;2;True
30189;3;4;1;True
30190;1;1;0;True
30191;2;4;2;True
30192;0;0;0;True
30193;3;6;3;True
30194;4;9;5;True
30195;3;6;3;True
30196;2;2;0;True
30197;6;16;10;True
30198;3;6;3;True
30199;5;8;3;True
30200;5;9;4;True
30201;3;6;3;True
30202;3;9;6;True
30203;1;1;0;True
30204;1;1;0;True
30205;6;9;3;True
30206;4;6;2;True
30207;2;2;0;True
30208;3;6;3;True
30209;4;6;2;True
30210;3;6;3;True
30211;4;6;2;True
30212;1;1;0;True
30213;5;16;11;True
30214;2;4;2;True
30215;4;9;5;True
30216;2;4;2;True
30217;4;6;2;True
30218;5;12;7;True
30219;8;9;1;True
30220;4;12;8;True
30221;3;6;3;True
30222;6;16;10;True
30223;4;12;8;True
30224;7;16;9;True
30225;4;6;2;True
30226;0;0;0;True
30227;0;0;0;True
30228;8;16;8;True
30229;1;1;0;True
30230;3;9;6;True
30231;1;1;0;True
30232;3;6;3;True
30233;6;9;3;True
30234;5;16;11;True
30235;5;9;4;True
30236;2;4;2;True
30237;2;4;2;True
30238;4;9;5;True
30239;3;4;1;True
30240;5;12;7;True
30241;2;2;0;True
30242;1;1;0;True
30243;0;0;0;True
30244;2;4;2;True
30245;4;9;5;True
30246;6;16;10;True
30247;8;16;8;True
30248;4;8;4;True
30249;6;16;10;True
30250;3;6;3;True
30251;6;16;10;True
30252;4;12;8;True
30253;6;16;10;True
30254;4;12;8;True
30255;7;12;5;True
30256;2;2;0;True
30257;3;6;3;True
30258;1;1;0;True
30259;6;16;10;True
30260;4;6;2;True
30261;5;9;4;True
30262;2;4;2;True
30263;3;9;6;True
30264;6;12;6;True
30265;5;9;4;True
30266;8;16;8;True
30267;4;8;4;True
30268;4;6;2;True
30269;3;6;3;True
30270;5;6;1;True
30271;5;12;7;True
30272;0;0;0;True
30273;4;12;8;True
30274;6;16;10;True
30275;1;1;0;True
30276;5;8;3;True
30277;9;16;7;True
30278;4;6;2;True
30279;5;12;7;True
30280;0;0;0;True
30281;4;9;5;True
30282;1;1;0;True
30283;2;4;2;True
30284;5;9;4;True
30285;5;9;4;True
30286;4;9;5;True
30287;8;16;8;True
30288;6;16;10;True
30289;8;16;8;True
30290;7;16;9;True
30291;0;0;0;True
30292;7;16;9;True
30293;2;4;2;True
30294;3;4;1;True
30295;8;16;8;True
30296;2;2;0;True
30297;7;12;5;True
30298;2;2;0;True
30299;4;9;5;True
30300;4;12;8;True
30301;5;12;7;True
30302;4;6;2;True
30303;5;9;4;True
30304;1;1;0;True
30305;3;6;3;True
30306;4;9;5;True
30307;2;4;2;True
30308;3;6;3;True
30309;6;9;3;True
30310;2;2;0;True
30311;4;4;0;True
30312;3;4;1;True
30313;2;2;0;True
30314;7;16;9;True
30315;3;6;3;True
30316;5;9;4;True
30317;1;1;0;True
30318;2;2;0;True
30319;8;16;8;True
30320;4;6;2;True
30321;7;12;5;True
30322;6;12;6;True
30323;4;9;5;True
30324;1;1;0;True
30325;6;16;10;True
30326;2;4;2;True
30327;2;2;0;True
30328;0;0;0;True
30329;3;6;3;True
30330;2;2;0;True
30331;12;16;4;True
30332;4;6;2;True
30333;1;1;0;True
30334;5;8;3;True
30335;4;6;2;True
30336;6;12;6;True
30337;0;0;0;True
30338;2;2;0;True
30339;3;6;3;True
30340;2;4;2;True
30341;5;8;3;True
30342;3;3;0;True
30343;1;1;0;True
30344;4;6;2;True
30345;5;9;4;True
30346;6;12;6;True
30347;0;0;0;True
30348;7;12;5;True
30349;5;12;7;True
30350;5;12;7;True
30351;11;16;5;True
30352;3;4;1;True
30353;2;4;2;True
30354;4;9;5;True
30355;2;2;0;True
30356;6;16;10;True
30357;3;6;3;True
30358;2;2;0;True
30359;2;4;2;True
30360;3;6;3;True
30361;1;1;0;True
30362;3;6;3;True
30363;0;0;0;True
30364;0;0;0;True
30365;3;4;1;True
30366;4;9;5;True
30367;4;6;2;True
30368;3;4;1;True
30369;2;4;2;True
30370;3;6;3;True
30371;1;1;0;True
30372;11;16;5;True
30373;3;6;3;True
30374;6;12;6;True
30375;2;2;0;True
30376;6;8;2;True
30377;5;8;3;True
30378;3;6;3;True
30379;2;4;2;True
30380;5;12;7;True
30381;2;2;0;True
30382;3;9;6;True
30383;1;1;0;True
30384;3;9;6;True
30385;4;9;5;True
30386;3;6;3;True
30387;5;12;7;True
30388;7;16;9;True
30389;6;16;10;True
30390;3;6;3;True
30391;1;1;0;True
30392;3;9;6;True
30393;9;16;7;True
30394;3;4;1;True
30395;4;6;2;True
30396;4;12;8;True
30397;6;12;6;True
30398;6;16;10;True
30399;4;6;2;True
30400;5;8;3;True
30401;6;12;6;True
30402;4;9;5;True
30403;2;2;0;True
30404;6;16;10;True
30405;4;6;2;True
30406;3;6;3;True
30407;4;9;5;True
30408;3;6;3;True
30409;6;12;6;True
30410;3;4;1;True
30411;2;2;0;True
30412;1;1;0;True
30413;4;6;2;True
30414;3;6;3;True
30415;2;4;2;True
30416;1;1;0;True
30417;2;2;0;True
30418;4;6;2;True
30419;3;9;6;True
30420;1;1;0;True
30421;3;6;3;True
30422;1;1;0;True
30423;0;0;0;True
30424;2;2;0;True
30425;1;1;0;True
30426;2;4;2;True
30427;3;6;3;True
30428;3;6;3;True
30429;5;12;7;True
30430;5;12;7;True
30431;0;0;0;True
30432;5;12;7;True
30433;3;4;1;True
30434;3;6;3;True
30435;4;9;5;True
30436;1;1;0;True
30437;1;1;0;True
30438;4;9;5;True
30439;6;12;6;True
30440;5;12;7;True
30441;2;4;2;True
30442;2;4;2;True
30443;4;9;5;True
30444;5;8;3;True
30445;2;4;2;True
30446;4;9;5;True
30447;5;12;7;True
30448;6;12;6;True
30449;6;12;6;True
30450;1;1;0;True
30451;4;12;8;True
30452;2;4;2;True
30453;4;9;5;True
30454;9;16;7;True
30455;5;9;4;True
30456;1;1;0;True
30457;6;16;10;True
30458;6;12;6;True
30459;0;0;0;True
30460;1;1;0;True
30461;7;16;9;True
30462;2;4;2;True
30463;2;2;0;True
30464;9;16;7;True
30465;3;4;1;True
30466;6;12;6;True
30467;2;4;2;True
30468;3;3;0;True
30469;4;6;2;True
30470;6;16;10;True
30471;4;9;5;True
30472;4;6;2;True
30473;6;12;6;True
30474;2;4;2;True
30475;3;4;1;True
30476;5;12;7;True
30477;2;4;2;True
30478;1;1;0;True
30479;5;9;4;True
30480;6;9;3;True
30481;2;4;2;True
30482;3;6;3;True
30483;9;12;3;True
30484;1;1;0;True
30485;7;16;9;True
30486;5;12;7;True
30487;4;9;5;True
30488;6;9;3;True
30489;6;12;6;True
30490;1;1;0;True
30491;4;4;0;True
30492;2;4;2;True
30493;0;0;0;True
30494;3;6;3;True
30495;5;9;4;True
30496;4;6;2;True
30497;2;2;0;True
30498;1;1;0;True
30499;0;0;0;True
30500;4;9;5;True
30501;3;6;3;True
30502;4;6;2;True
30503;2;4;2;True
30504;3;9;6;True
30505;2;4;2;True
30506;4;12;8;True
30507;3;9;6;True
30508;3;6;3;True
30509;2;4;2;True
30510;3;6;3;True
30511;4;12;8;True
30512;3;4;1;True
30513;8;16;8;True
30514;6;12;6;True
30515;8;16;8;True
30516;4;6;2;True
30517;0;0;0;True
30518;2;4;2;True
30519;6;12;6;True
30520;4;9;5;True
30521;6;12;6;True
30522;2;4;2;True
30523;9;16;7;True
30524;6;16;10;True
30525;2;2;0;True
30526;0;0;0;True
30527;4;6;2;True
30528;1;1;0;True
30529;1;1;0;True
30530;0;0;0;True
30531;4;12;8;True
30532;3;4;1;True
30533;4;12;8;True
30534;6;12;6;True
30535;4;12;8;True
30536;4;9;5;True
30537;2;2;0;True
30538;2;2;0;True
30539;4;6;2;True
30540;1;1;0;True
30541;5;12;7;True
30542;3;6;3;True
30543;3;4;1;True
30544;2;4;2;True
30545;4;8;4;True
30546;5;9;4;True
30547;1;1;0;True
30548;3;4;1;True
30549;0;0;0;True
30550;4;9;5;True
30551;6;8;2;True
30552;3;9;6;True
30553;6;12;6;True
30554;8;16;8;True
30555;5;12;7;True
30556;1;1;0;True
30557;3;6;3;True
30558;3;6;3;True
30559;3;6;3;True
30560;5;16;11;True
30561;2;4;2;True
30562;2;2;0;True
30563;8;16;8;True
30564;10;16;6;True
30565;4;8;4;True
30566;1;1;0;True
30567;5;6;1;True
30568;4;9;5;True
30569;3;6;3;True
30570;5;8;3;True
30571;6;12;6;True
30572;0;0;0;True
30573;3;4;1;True
30574;4;6;2;True
30575;2;4;2;True
30576;5;12;7;True
30577;2;2;0;True
30578;5;12;7;True
30579;4;12;8;True
30580;3;6;3;True
30581;5;12;7;True
30582;7;12;5;True
30583;5;8;3;True
30584;8;16;8;True
30585;4;8;4;True
30586;7;16;9;True
30587;3;9;6;True
30588;5;9;4;True
30589;4;8;4;True
30590;1;1;0;True
30591;2;4;2;True
30592;4;9;5;True
30593;4;9;5;True
30594;5;12;7;True
30595;8;16;8;True
30596;1;1;0;True
30597;4;12;8;True
30598;6;12;6;True
30599;9;16;7;True
30600;3;3;0;True
30601;5;9;4;True
30602;8;16;8;True
30603;1;1;0;True
30604;8;16;8;True
30605;1;1;0;True
30606;7;12;5;True
30607;5;16;11;True
30608;4;12;8;True
30609;5;12;7;True
30610;4;6;2;True
30611;3;4;1;True
30612;2;2;0;True
30613;5;12;7;True
30614;4;9;5;True
30615;4;9;5;True
30616;4;9;5;True
30617;4;8;4;True
30618;1;1;0;True
30619;0;0;0;True
30620;3;9;6;True
30621;2;2;0;True
30622;5;9;4;True
30623;4;12;8;True
30624;3;4;1;True
30625;9;16;7;True
30626;4;9;5;True
30627;3;6;3;True
30628;3;6;3;True
30629;3;6;3;True
30630;1;1;0;True
30631;0;0;0;True
30632;4;9;5;True
30633;4;9;5;True
30634;4;12;8;True
30635;6;9;3;True
30636;6;9;3;True
30637;4;9;5;True
30638;4;9;5;True
30639;2;4;2;True
30640;4;9;5;True
30641;0;0;0;True
30642;1;1;0;True
30643;3;3;0;True
30644;4;12;8;True
30645;8;12;4;True
30646;7;16;9;True
30647;6;16;10;True
30648;6;9;3;True
30649;5;16;11;True
30650;3;6;3;True
30651;1;1;0;True
30652;2;2;0;True
30653;8;16;8;True
30654;1;1;0;True
30655;3;6;3;True
30656;0;0;0;True
30657;2;2;0;True
30658;3;6;3;True
30659;3;9;6;True
30660;2;4;2;True
30661;1;1;0;True
30662;1;1;0;True
30663;5;9;4;True
30664;2;4;2;True
30665;6;8;2;True
30666;1;1;0;True
30667;0;0;0;True
30668;0;0;0;True
30669;1;1;0;True
30670;4;6;2;True
30671;3;9;6;True
30672;0;0;0;True
30673;0;0;0;True
30674;4;9;5;True
30675;0;0;0;True
30676;4;8;4;True
30677;5;12;7;True
30678;5;16;11;True
30679;7;12;5;True
30680;2;4;2;True
30681;7;16;9;True
30682;2;4;2;True
30683;4;6;2;True
30684;2;2;0;True
30685;2;2;0;True
30686;7;12;5;True
30687;3;6;3;True
30688;3;6;3;True
30689;4;6;2;True
30690;2;4;2;True
30691;5;12;7;True
30692;4;12;8;True
30693;4;9;5;True
30694;5;12;7;True
30695;4;6;2;True
30696;2;4;2;True
30697;4;6;2;True
30698;3;6;3;True
30699;4;9;5;True
30700;4;6;2;True
30701;6;12;6;True
30702;5;12;7;True
30703;4;6;2;True
30704;1;1;0;True
30705;3;9;6;True
30706;4;6;2;True
30707;3;6;3;True
30708;4;9;5;True
30709;7;9;2;True
30710;0;0;0;True
30711;5;9;4;True
30712;4;9;5;True
30713;2;2;0;True
30714;8;16;8;True
30715;2;4;2;True
30716;2;4;2;True
30717;3;4;1;True
30718;4;12;8;True
30719;8;16;8;True
30720;3;4;1;True
30721;6;16;10;True
30722;3;4;1;True
30723;3;6;3;True
30724;5;9;4;True
30725;4;6;2;True
30726;4;9;5;True
30727;5;9;4;True
30728;1;1;0;True
30729;2;2;0;True
30730;5;6;1;True
30731;7;12;5;True
30732;4;9;5;True
30733;2;4;2;True
30734;7;9;2;True
30735;4;6;2;True
30736;4;9;5;True
30737;1;1;0;True
30738;5;8;3;True
30739;4;9;5;True
30740;3;6;3;True
30741;1;1;0;True
30742;0;0;0;True
30743;1;1;0;True
30744;1;1;0;True
30745;2;4;2;True
30746;1;1;0;True
30747;2;4;2;True
30748;7;16;9;True
30749;7;16;9;True
30750;8;16;8;True
30751;7;16;9;True
30752;7;16;9;True
30753;8;12;4;True
30754;5;9;4;True
30755;0;0;0;True
30756;3;6;3;True
30757;6;12;6;True
30758;4;6;2;True
30759;1;1;0;True
30760;6;9;3;True
30761;4;9;5;True
30762;2;2;0;True
30763;4;8;4;True
30764;5;12;7;True
30765;5;9;4;True
30766;0;0;0;True
30767;5;6;1;True
30768;4;6;2;True
30769;6;9;3;True
30770;8;16;8;True
30771;4;9;5;True
30772;6;16;10;True
30773;4;6;2;True
30774;1;1;0;True
30775;5;12;7;True
30776;4;9;5;True
30777;9;16;7;True
30778;6;12;6;True
30779;8;16;8;True
30780;3;6;3;True
30781;5;9;4;True
30782;5;9;4;True
30783;3;3;0;True
30784;4;9;5;True
30785;7;12;5;True
30786;6;12;6;True
30787;0;0;0;True
30788;5;16;11;True
30789;6;12;6;True
30790;1;1;0;True
30791;2;2;0;True
30792;1;1;0;True
30793;2;4;2;True
30794;4;4;0;True
30795;1;1;0;True
30796;3;6;3;True
30797;3;4;1;True
30798;0;0;0;True
30799;3;6;3;True
30800;6;12;6;True
30801;0;0;0;True
30802;6;9;3;True
30803;3;6;3;True
30804;4;9;5;True
30805;1;1;0;True
30806;2;4;2;True
30807;2;4;2;True
30808;1;1;0;True
30809;7;12;5;True
30810;1;1;0;True
30811;3;6;3;True
30812;4;6;2;True
30813;2;4;2;True
30814;5;12;7;True
30815;7;9;2;True
30816;4;6;2;True
30817;3;6;3;True
30818;5;8;3;True
30819;4;12;8;True
30820;4;9;5;True
30821;3;6;3;True
30822;4;9;5;True
30823;4;12;8;True
30824;1;1;0;True
30825;1;1;0;True
30826;4;16;12;True
30827;5;9;4;True
30828;2;2;0;True
30829;5;9;4;True
30830;2;2;0;True
30831;2;4;2;True
30832;3;6;3;True
30833;5;9;4;True
30834;1;1;0;True
30835;7;12;5;True
30836;6;12;6;True
30837;0;0;0;True
30838;2;4;2;True
30839;5;12;7;True
30840;5;12;7;True
30841;1;1;0;True
30842;5;12;7;True
30843;3;6;3;True
30844;2;2;0;True
30845;2;4;2;True
30846;3;6;3;True
30847;6;12;6;True
30848;4;9;5;True
30849;3;9;6;True
30850;2;4;2;True
30851;4;9;5;True
30852;5;12;7;True
30853;8;16;8;True
30854;2;4;2;True
30855;3;4;1;True
30856;8;16;8;True
30857;6;12;6;True
30858;5;12;7;True
30859;2;4;2;True
30860;0;0;0;True
30861;6;16;10;True
30862;1;1;0;True
30863;8;16;8;True
30864;3;6;3;True
30865;5;12;7;True
30866;2;4;2;True
30867;4;6;2;True
30868;3;3;0;True
30869;0;0;0;True
30870;2;4;2;True
30871;2;4;2;True
30872;4;8;4;True
30873;3;4;1;True
30874;1;1;0;True
30875;0;0;0;True
30876;3;6;3;True
30877;2;4;2;True
30878;4;9;5;True
30879;4;12;8;True
30880;8;16;8;True
30881;2;4;2;True
30882;6;12;6;True
30883;3;4;1;True
30884;6;12;6;True
30885;1;1;0;True
30886;5;9;4;True
30887;3;4;1;True
30888;4;9;5;True
30889;0;0;0;True
30890;7;12;5;True
30891;3;3;0;True
30892;3;9;6;True
30893;3;6;3;True
30894;4;12;8;True
30895;2;4;2;True
30896;1;1;0;True
30897;2;4;2;True
30898;2;2;0;True
30899;5;9;4;True
30900;7;16;9;True
30901;7;16;9;True
30902;7;12;5;True
30903;6;12;6;True
30904;7;16;9;True
30905;3;9;6;True
30906;5;12;7;True
30907;1;1;0;True
30908;0;0;0;True
30909;5;12;7;True
30910;3;6;3;True
30911;1;1;0;True
30912;2;4;2;True
30913;1;1;0;True
30914;5;9;4;True
30915;6;12;6;True
30916;3;6;3;True
30917;8;12;4;True
30918;6;16;10;True
30919;3;9;6;True
30920;1;1;0;True
30921;3;4;1;True
30922;4;4;0;True
30923;4;9;5;True
30924;8;16;8;True
30925;8;16;8;True
30926;4;9;5;True
30927;3;4;1;True
30928;5;12;7;True
30929;3;9;6;True
30930;1;1;0;True
30931;5;12;7;True
30932;2;2;0;True
30933;5;12;7;True
30934;4;6;2;True
30935;2;2;0;True
30936;5;12;7;True
30937;1;1;0;True
30938;4;9;5;True
30939;5;12;7;True
30940;5;9;4;True
30941;4;9;5;True
30942;5;9;4;True
30943;4;12;8;True
30944;3;4;1;True
30945;8;16;8;True
30946;6;16;10;True
30947;5;6;1;True
30948;3;6;3;True
30949;1;1;0;True
30950;3;9;6;True
30951;3;9;6;True
30952;3;6;3;True
30953;10;16;6;True
30954;2;2;0;True
30955;5;9;4;True
30956;7;16;9;True
30957;5;16;11;True
30958;8;16;8;True
30959;4;6;2;True
30960;5;9;4;True
30961;2;4;2;True
30962;3;4;1;True
30963;3;6;3;True
30964;4;12;8;True
30965;2;4;2;True
30966;6;12;6;True
30967;1;1;0;True
30968;7;12;5;True
30969;3;9;6;True
30970;6;16;10;True
30971;5;9;4;True
30972;3;6;3;True
30973;3;6;3;True
30974;6;9;3;True
30975;6;16;10;True
30976;3;6;3;True
30977;3;9;6;True
30978;8;16;8;True
30979;3;6;3;True
30980;9;9;0;True
30981;5;12;7;True
30982;6;9;3;True
30983;6;9;3;True
30984;6;16;10;True
30985;5;12;7;True
30986;7;12;5;True
30987;3;9;6;True
30988;7;16;9;True
30989;5;9;4;True
30990;0;0;0;True
30991;2;2;0;True
30992;3;4;1;True
30993;8;16;8;True
30994;5;9;4;True
30995;7;12;5;True
30996;1;1;0;True
30997;4;9;5;True
30998;8;12;4;True
30999;4;9;5;True
31000;2;4;2;True
31001;1;1;0;True
31002;6;9;3;True
31003;3;3;0;True
31004;7;12;5;True
31005;4;6;2;True
31006;5;12;7;True
31007;2;4;2;True
31008;2;4;2;True
31009;5;8;3;True
31010;6;12;6;True
31011;5;9;4;True
31012;2;2;0;True
31013;2;2;0;True
31014;4;4;0;True
31015;2;4;2;True
31016;3;6;3;True
31017;4;6;2;True
31018;2;4;2;True
31019;7;16;9;True
31020;3;6;3;True
31021;7;16;9;True
31022;3;6;3;True
31023;3;6;3;True
31024;0;0;0;True
31025;4;9;5;True
31026;3;6;3;True
31027;3;6;3;True
31028;1;1;0;True
31029;3;6;3;True
31030;2;4;2;True
31031;5;12;7;True
31032;2;4;2;True
31033;8;16;8;True
31034;8;16;8;True
31035;0;0;0;True
31036;3;6;3;True
31037;5;12;7;True
31038;6;16;10;True
31039;3;6;3;True
31040;6;12;6;True
31041;5;12;7;True
31042;3;9;6;True
31043;2;4;2;True
31044;5;9;4;True
31045;1;1;0;True
31046;7;12;5;True
31047;5;12;7;True
31048;5;16;11;True
31049;4;9;5;True
31050;3;6;3;True
31051;6;16;10;True
31052;1;1;0;True
31053;1;1;0;True
31054;3;6;3;True
31055;4;6;2;True
31056;2;4;2;True
31057;4;9;5;True
31058;5;12;7;True
31059;2;4;2;True
31060;3;4;1;True
31061;2;2;0;True
31062;0;0;0;True
31063;3;6;3;True
31064;7;12;5;True
31065;2;4;2;True
31066;5;9;4;True
31067;4;12;8;True
31068;7;12;5;True
31069;8;16;8;True
31070;3;9;6;True
31071;3;4;1;True
31072;2;4;2;True
31073;11;16;5;True
31074;2;4;2;True
31075;2;2;0;True
31076;6;12;6;True
31077;7;16;9;True
31078;2;4;2;True
31079;5;12;7;True
31080;3;6;3;True
31081;6;16;10;True
31082;5;8;3;True
31083;2;4;2;True
31084;8;16;8;True
31085;4;9;5;True
31086;5;16;11;True
31087;2;2;0;True
31088;2;4;2;True
31089;2;2;0;True
31090;2;2;0;True
31091;7;12;5;True
31092;3;4;1;True
31093;4;6;2;True
31094;5;9;4;True
31095;3;4;1;True
31096;7;16;9;True
31097;3;6;3;True
31098;4;6;2;True
31099;4;9;5;True
31100;3;9;6;True
31101;8;12;4;True
31102;8;12;4;True
31103;6;12;6;True
31104;2;2;0;True
31105;0;0;0;True
31106;2;2;0;True
31107;5;12;7;True
31108;1;1;0;True
31109;5;16;11;True
31110;9;16;7;True
31111;1;1;0;True
31112;4;6;2;True
31113;6;16;10;True
31114;7;16;9;True
31115;3;4;1;True
31116;5;9;4;True
31117;3;3;0;True
31118;3;3;0;True
31119;6;16;10;True
31120;2;4;2;True
31121;0;0;0;True
31122;1;1;0;True
31123;0;0;0;True
31124;0;0;0;True
31125;6;16;10;True
31126;3;6;3;True
31127;4;9;5;True
31128;5;9;4;True
31129;3;4;1;True
31130;1;1;0;True
31131;3;4;1;True
31132;1;1;0;True
31133;3;4;1;True
31134;3;9;6;True
31135;2;2;0;True
31136;2;4;2;True
31137;3;6;3;True
31138;0;0;0;True
31139;4;6;2;True
31140;2;4;2;True
31141;9;16;7;True
31142;5;16;11;True
31143;6;12;6;True
31144;8;12;4;True
31145;4;8;4;True
31146;5;9;4;True
31147;6;12;6;True
31148;8;16;8;True
31149;2;2;0;True
31150;1;1;0;True
31151;3;6;3;True
31152;7;12;5;True
31153;6;12;6;True
31154;4;9;5;True
31155;3;9;6;True
31156;4;9;5;True
31157;5;9;4;True
31158;5;8;3;True
31159;3;6;3;True
31160;3;9;6;True
31161;2;2;0;True
31162;5;9;4;True
31163;3;6;3;True
31164;6;12;6;True
31165;5;9;4;True
31166;5;16;11;True
31167;2;2;0;True
31168;3;9;6;True
31169;3;6;3;True
31170;4;8;4;True
31171;2;4;2;True
31172;0;0;0;True
31173;9;16;7;True
31174;1;1;0;True
31175;0;0;0;True
31176;2;2;0;True
31177;4;6;2;True
31178;5;12;7;True
31179;5;12;7;True
31180;0;0;0;True
31181;1;1;0;True
31182;6;12;6;True
31183;5;9;4;True
31184;2;4;2;True
31185;4;9;5;True
31186;5;9;4;True
31187;4;6;2;True
31188;1;1;0;True
31189;7;16;9;True
31190;1;1;0;True
31191;6;8;2;True
31192;3;6;3;True
31193;3;6;3;True
31194;3;4;1;True
31195;1;1;0;True
31196;0;0;0;True
31197;4;9;5;True
31198;7;12;5;True
31199;7;12;5;True
31200;6;12;6;True
31201;3;6;3;True
31202;0;0;0;True
31203;4;6;2;True
31204;1;1;0;True
31205;6;12;6;True
31206;1;1;0;True
31207;2;4;2;True
31208;4;6;2;True
31209;9;16;7;True
31210;6;12;6;True
31211;4;8;4;True
31212;1;1;0;True
31213;3;4;1;True
31214;8;16;8;True
31215;2;2;0;True
31216;0;0;0;True
31217;3;4;1;True
31218;2;2;0;True
31219;2;4;2;True
31220;2;4;2;True
31221;6;9;3;True
31222;4;8;4;True
31223;4;6;2;True
31224;4;6;2;True
31225;5;9;4;True
31226;3;9;6;True
31227;2;2;0;True
31228;0;0;0;True
31229;1;1;0;True
31230;5;9;4;True
31231;4;12;8;True
31232;4;6;2;True
31233;0;0;0;True
31234;2;4;2;True
31235;5;12;7;True
31236;3;4;1;True
31237;6;12;6;True
31238;2;2;0;True
31239;2;4;2;True
31240;10;16;6;True
31241;2;4;2;True
31242;4;9;5;True
31243;4;6;2;True
31244;2;4;2;True
31245;7;12;5;True
31246;6;12;6;True
31247;4;12;8;True
31248;0;0;0;True
31249;2;2;0;True
31250;2;2;0;True
31251;7;16;9;True
31252;5;9;4;True
31253;2;4;2;True
31254;3;4;1;True
31255;2;4;2;True
31256;2;2;0;True
31257;3;6;3;True
31258;2;4;2;True
31259;4;6;2;True
31260;4;9;5;True
31261;1;1;0;True
31262;4;6;2;True
31263;2;2;0;True
31264;2;2;0;True
31265;8;12;4;True
31266;4;6;2;True
31267;7;12;5;True
31268;3;9;6;True
31269;7;16;9;True
31270;5;16;11;True
31271;6;12;6;True
31272;5;8;3;True
31273;2;4;2;True
31274;2;4;2;True
31275;6;12;6;True
31276;1;1;0;True
31277;4;12;8;True
31278;6;16;10;True
31279;3;4;1;True
31280;1;1;0;True
31281;4;6;2;True
31282;4;8;4;True
31283;5;16;11;True
31284;7;16;9;True
31285;1;1;0;True
31286;0;0;0;True
31287;3;6;3;True
31288;2;2;0;True
31289;5;16;11;True
31290;3;6;3;True
31291;3;4;1;True
31292;2;2;0;True
31293;6;12;6;True
31294;5;12;7;True
31295;6;16;10;True
31296;4;9;5;True
31297;1;1;0;True
31298;0;0;0;True
31299;8;12;4;True
31300;6;9;3;True
31301;2;2;0;True
31302;8;12;4;True
31303;0;0;0;True
31304;1;1;0;True
31305;8;16;8;True
31306;5;12;7;True
31307;6;12;6;True
31308;4;12;8;True
31309;4;6;2;True
31310;9;16;7;True
31311;6;12;6;True
31312;1;1;0;True
31313;7;16;9;True
31314;5;12;7;True
31315;9;16;7;True
31316;5;12;7;True
31317;5;9;4;True
31318;2;2;0;True
31319;2;4;2;True
31320;8;16;8;True
31321;3;9;6;True
31322;3;6;3;True
31323;5;12;7;True
31324;1;1;0;True
31325;6;12;6;True
31326;4;9;5;True
31327;8;16;8;True
31328;1;1;0;True
31329;6;12;6;True
31330;2;4;2;True
31331;4;4;0;True
31332;6;12;6;True
31333;1;1;0;True
31334;3;4;1;True
31335;0;0;0;True
31336;2;4;2;True
31337;0;0;0;True
31338;6;12;6;True
31339;2;4;2;True
31340;3;6;3;True
31341;3;4;1;True
31342;2;4;2;True
31343;5;12;7;True
31344;4;6;2;True
31345;5;12;7;True
31346;5;6;1;True
31347;6;12;6;True
31348;1;1;0;True
31349;4;6;2;True
31350;3;6;3;True
31351;3;9;6;True
31352;2;4;2;True
31353;6;16;10;True
31354;8;12;4;True
31355;2;4;2;True
31356;5;9;4;True
31357;3;4;1;True
31358;5;16;11;True
31359;10;16;6;True
31360;7;12;5;True
31361;5;12;7;True
31362;7;12;5;True
31363;1;1;0;True
31364;1;1;0;True
31365;4;9;5;True
31366;4;16;12;True
31367;2;2;0;True
31368;2;4;2;True
31369;5;16;11;True
31370;0;0;0;True
31371;2;4;2;True
31372;4;6;2;True
31373;2;4;2;True
31374;1;1;0;True
31375;5;12;7;True
31376;1;1;0;True
31377;2;4;2;True
31378;3;3;0;True
31379;5;12;7;True
31380;4;12;8;True
31381;4;9;5;True
31382;1;1;0;True
31383;5;9;4;True
31384;3;6;3;True
31385;5;12;7;True
31386;3;6;3;True
31387;2;4;2;True
31388;3;6;3;True
31389;1;1;0;True
31390;1;1;0;True
31391;4;12;8;True
31392;0;0;0;True
31393;4;9;5;True
31394;7;12;5;True
31395;4;8;4;True
31396;3;6;3;True
31397;7;16;9;True
31398;3;4;1;True
31399;3;6;3;True
31400;7;12;5;True
31401;2;4;2;True
31402;2;2;0;True
31403;3;6;3;True
31404;5;6;1;True
31405;1;1;0;True
31406;0;0;0;True
31407;5;12;7;True
31408;2;2;0;True
31409;3;3;0;True
31410;3;4;1;True
31411;5;12;7;True
31412;2;4;2;True
31413;3;9;6;True
31414;1;1;0;True
31415;5;12;7;True
31416;2;2;0;True
31417;6;12;6;True
31418;7;16;9;True
31419;3;4;1;True
31420;1;1;0;True
31421;3;6;3;True
31422;2;4;2;True
31423;1;1;0;True
31424;5;9;4;True
31425;4;6;2;True
31426;3;4;1;True
31427;3;4;1;True
31428;3;4;1;True
31429;3;6;3;True
31430;4;6;2;True
31431;6;12;6;True
31432;2;4;2;True
31433;0;0;0;True
31434;4;9;5;True
31435;0;0;0;True
31436;5;12;7;True
31437;4;6;2;True
31438;5;12;7;True
31439;3;3;0;True
31440;7;9;2;True
31441;4;9;5;True
31442;6;12;6;True
31443;5;9;4;True
31444;2;2;0;True
31445;9;16;7;True
31446;7;12;5;True
31447;3;4;1;True
31448;6;9;3;True
31449;4;9;5;True
31450;4;6;2;True
31451;2;4;2;True
31452;5;12;7;True
31453;4;9;5;True
31454;5;12;7;True
31455;2;2;0;True
31456;2;4;2;True
31457;5;9;4;True
31458;9;16;7;True
31459;3;6;3;True
31460;4;12;8;True
31461;3;6;3;True
31462;2;2;0;True
31463;3;4;1;True
31464;2;4;2;True
31465;5;12;7;True
31466;5;12;7;True
31467;5;9;4;True
31468;4;9;5;True
31469;9;16;7;True
31470;1;1;0;True
31471;4;6;2;True
31472;0;0;0;True
31473;1;1;0;True
31474;4;9;5;True
31475;6;12;6;True
31476;1;1;0;True
31477;5;9;4;True
31478;2;4;2;True
31479;2;4;2;True
31480;5;12;7;True
31481;2;2;0;True
31482;1;1;0;True
31483;1;1;0;True
31484;0;0;0;True
31485;7;12;5;True
31486;3;6;3;True
31487;4;6;2;True
31488;6;16;10;True
31489;0;0;0;True
31490;5;9;4;True
31491;2;4;2;True
31492;3;4;1;True
31493;5;9;4;True
31494;5;9;4;True
31495;4;12;8;True
31496;3;6;3;True
31497;5;6;1;True
31498;11;16;5;True
31499;4;6;2;True
31500;0;0;0;True
31501;10;16;6;True
31502;3;6;3;True
31503;7;12;5;True
31504;3;4;1;True
31505;3;6;3;True
31506;3;4;1;True
31507;3;6;3;True
31508;1;1;0;True
31509;3;4;1;True
31510;3;6;3;True
31511;4;6;2;True
31512;4;6;2;True
31513;3;4;1;True
31514;7;12;5;True
31515;4;9;5;True
31516;2;4;2;True
31517;6;9;3;True
31518;7;16;9;True
31519;2;4;2;True
31520;3;9;6;True
31521;2;4;2;True
31522;3;4;1;True
31523;3;6;3;True
31524;4;9;5;True
31525;0;0;0;True
31526;4;9;5;True
31527;6;12;6;True
31528;9;16;7;True
31529;8;16;8;True
31530;3;3;0;True
31531;4;9;5;True
31532;0;0;0;True
31533;5;9;4;True
31534;3;9;6;True
31535;5;12;7;True
31536;5;12;7;True
31537;4;9;5;True
31538;5;12;7;True
31539;3;9;6;True
31540;1;1;0;True
31541;7;16;9;True
31542;2;4;2;True
31543;5;16;11;True
31544;2;2;0;True
31545;4;9;5;True
31546;2;2;0;True
31547;2;4;2;True
31548;6;12;6;True
31549;2;2;0;True
31550;3;9;6;True
31551;6;12;6;True
31552;1;1;0;True
31553;4;16;12;True
31554;0;0;0;True
31555;1;1;0;True
31556;1;1;0;True
31557;3;6;3;True
31558;4;6;2;True
31559;6;12;6;True
31560;3;4;1;True
31561;4;6;2;True
31562;1;1;0;True
31563;3;9;6;True
31564;1;1;0;True
31565;4;9;5;True
31566;0;0;0;True
31567;4;9;5;True
31568;0;0;0;True
31569;4;8;4;True
31570;3;4;1;True
31571;4;9;5;True
31572;2;2;0;True
31573;3;4;1;True
31574;5;9;4;True
31575;8;16;8;True
31576;3;6;3;True
31577;1;1;0;True
31578;3;6;3;True
31579;4;6;2;True
31580;7;12;5;True
31581;5;12;7;True
31582;1;1;0;True
31583;2;2;0;True
31584;4;6;2;True
31585;4;6;2;True
31586;1;1;0;True
31587;1;1;0;True
31588;3;3;0;True
31589;2;4;2;True
31590;6;12;6;True
31591;0;0;0;True
31592;0;0;0;True
31593;5;9;4;True
31594;3;4;1;True
31595;3;6;3;True
31596;2;2;0;True
31597;1;1;0;True
31598;0;0;0;True
31599;6;9;3;True
31600;5;12;7;True
31601;3;6;3;True
31602;5;12;7;True
31603;1;1;0;True
31604;1;1;0;True
31605;7;12;5;True
31606;3;6;3;True
31607;3;6;3;True
31608;3;9;6;True
31609;6;9;3;True
31610;1;1;0;True
31611;2;4;2;True
31612;9;16;7;True
31613;4;12;8;True
31614;7;16;9;True
31615;2;4;2;True
31616;5;12;7;True
31617;3;6;3;True
31618;2;2;0;True
31619;2;4;2;True
31620;3;4;1;True
31621;5;16;11;True
31622;6;12;6;True
31623;5;9;4;True
31624;4;6;2;True
31625;5;12;7;True
31626;4;12;8;True
31627;3;6;3;True
31628;1;1;0;True
31629;4;9;5;True
31630;7;12;5;True
31631;3;6;3;True
31632;0;0;0;True
31633;5;6;1;True
31634;2;4;2;True
31635;4;12;8;True
31636;1;1;0;True
31637;2;4;2;True
31638;2;4;2;True
31639;3;6;3;True
31640;1;1;0;True
31641;2;4;2;True
31642;3;4;1;True
31643;6;12;6;True
31644;7;16;9;True
31645;4;9;5;True
31646;2;4;2;True
31647;0;0;0;True
31648;7;16;9;True
31649;4;6;2;True
31650;3;6;3;True
31651;7;16;9;True
31652;4;12;8;True
31653;5;9;4;True
31654;0;0;0;True
31655;5;9;4;True
31656;5;12;7;True
31657;6;9;3;True
31658;2;4;2;True
31659;4;12;8;True
31660;4;9;5;True
31661;4;9;5;True
31662;10;16;6;True
31663;5;9;4;True
31664;5;12;7;True
31665;2;4;2;True
31666;1;1;0;True
31667;4;6;2;True
31668;2;4;2;True
31669;0;0;0;True
31670;0;0;0;True
31671;3;9;6;True
31672;1;1;0;True
31673;4;12;8;True
31674;5;9;4;True
31675;7;12;5;True
31676;8;16;8;True
31677;4;6;2;True
31678;1;1;0;True
31679;5;8;3;True
31680;2;4;2;True
31681;9;12;3;True
31682;4;9;5;True
31683;2;4;2;True
31684;4;6;2;True
31685;4;9;5;True
31686;1;1;0;True
31687;2;4;2;True
31688;4;6;2;True
31689;6;12;6;True
31690;1;1;0;True
31691;2;4;2;True
31692;3;4;1;True
31693;4;9;5;True
31694;1;1;0;True
31695;7;12;5;True
31696;0;0;0;True
31697;5;12;7;True
31698;2;4;2;True
31699;1;1;0;True
31700;4;9;5;True
31701;1;1;0;True
31702;5;12;7;True
31703;0;0;0;True
31704;2;4;2;True
31705;2;2;0;True
31706;6;12;6;True
31707;5;9;4;True
31708;1;1;0;True
31709;8;12;4;True
31710;5;16;11;True
31711;7;16;9;True
31712;4;8;4;True
31713;4;6;2;True
31714;7;9;2;True
31715;3;4;1;True
31716;5;12;7;True
31717;5;8;3;True
31718;7;16;9;True
31719;9;12;3;True
31720;3;4;1;True
31721;2;4;2;True
31722;5;8;3;True
31723;3;4;1;True
31724;4;6;2;True
31725;3;6;3;True
31726;3;6;3;True
31727;5;12;7;True
31728;9;16;7;True
31729;4;9;5;True
31730;2;2;0;True
31731;5;12;7;True
31732;1;1;0;True
31733;2;4;2;True
31734;2;4;2;True
31735;6;12;6;True
31736;5;8;3;True
31737;1;1;0;True
31738;2;4;2;True
31739;5;8;3;True
31740;2;2;0;True
31741;5;12;7;True
31742;2;4;2;True
31743;3;9;6;True
31744;7;16;9;True
31745;3;9;6;True
31746;1;1;0;True
31747;1;1;0;True
31748;7;16;9;True
31749;4;4;0;True
31750;2;2;0;True
31751;6;12;6;True
31752;0;0;0;True
31753;8;16;8;True
31754;4;6;2;True
31755;4;9;5;True
31756;6;12;6;True
31757;4;9;5;True
31758;3;3;0;True
31759;3;3;0;True
31760;8;16;8;True
31761;0;0;0;True
31762;6;16;10;True
31763;4;12;8;True
31764;3;3;0;True
31765;7;16;9;True
31766;1;1;0;True
31767;2;4;2;True
31768;5;12;7;True
31769;3;9;6;True
31770;2;2;0;True
31771;4;9;5;True
31772;3;6;3;True
31773;5;12;7;True
31774;3;6;3;True
31775;2;4;2;True
31776;2;2;0;True
31777;11;16;5;True
31778;7;16;9;True
31779;2;2;0;True
31780;1;1;0;True
31781;0;0;0;True
31782;6;12;6;True
31783;3;6;3;True
31784;4;9;5;True
31785;6;16;10;True
31786;1;1;0;True
31787;3;6;3;True
31788;2;4;2;True
31789;1;1;0;True
31790;3;6;3;True
31791;0;0;0;True
31792;5;12;7;True
31793;5;6;1;True
31794;6;16;10;True
31795;4;9;5;True
31796;2;2;0;True
31797;1;1;0;True
31798;4;6;2;True
31799;1;1;0;True
31800;1;1;0;True
31801;4;9;5;True
31802;1;1;0;True
31803;1;1;0;True
31804;6;16;10;True
31805;2;4;2;True
31806;1;1;0;True
31807;6;12;6;True
31808;3;6;3;True
31809;1;1;0;True
31810;2;4;2;True
31811;2;4;2;True
31812;6;16;10;True
31813;7;12;5;True
31814;7;12;5;True
31815;7;12;5;True
31816;6;12;6;True
31817;1;1;0;True
31818;1;1;0;True
31819;5;9;4;True
31820;1;1;0;True
31821;4;8;4;True
31822;5;12;7;True
31823;6;12;6;True
31824;4;9;5;True
31825;6;9;3;True
31826;4;6;2;True
31827;1;1;0;True
31828;2;4;2;True
31829;6;12;6;True
31830;4;12;8;True
31831;0;0;0;True
31832;4;6;2;True
31833;0;0;0;True
31834;2;4;2;True
31835;4;6;2;True
31836;3;6;3;True
31837;5;16;11;True
31838;2;4;2;True
31839;1;1;0;True
31840;1;1;0;True
31841;1;1;0;True
31842;7;9;2;True
31843;1;1;0;True
31844;2;4;2;True
31845;3;6;3;True
31846;4;8;4;True
31847;4;8;4;True
31848;4;9;5;True
31849;4;9;5;True
31850;4;6;2;True
31851;3;6;3;True
31852;7;12;5;True
31853;2;4;2;True
31854;5;12;7;True
31855;5;12;7;True
31856;2;4;2;True
31857;4;12;8;True
31858;3;6;3;True
31859;4;8;4;True
31860;2;2;0;True
31861;8;16;8;True
31862;0;0;0;True
31863;0;0;0;True
31864;6;12;6;True
31865;3;4;1;True
31866;1;1;0;True
31867;7;12;5;True
31868;2;4;2;True
31869;3;6;3;True
31870;4;9;5;True
31871;7;16;9;True
31872;4;6;2;True
31873;3;6;3;True
31874;7;16;9;True
31875;4;8;4;True
31876;4;12;8;True
31877;2;4;2;True
31878;5;9;4;True
31879;7;16;9;True
31880;7;12;5;True
31881;4;8;4;True
31882;7;12;5;True
31883;5;12;7;True
31884;4;9;5;True
31885;0;0;0;True
31886;1;1;0;True
31887;6;12;6;True
31888;4;9;5;True
31889;4;9;5;True
31890;0;0;0;True
31891;2;2;0;True
31892;4;6;2;True
31893;2;4;2;True
31894;2;4;2;True
31895;4;6;2;True
31896;4;6;2;True
31897;5;8;3;True
31898;3;6;3;True
31899;2;4;2;True
31900;2;2;0;True
31901;1;1;0;True
31902;2;2;0;True
31903;3;9;6;True
31904;2;2;0;True
31905;4;6;2;True
31906;2;4;2;True
31907;4;9;5;True
31908;5;12;7;True
31909;1;1;0;True
31910;5;12;7;True
31911;6;12;6;True
31912;6;12;6;True
31913;1;1;0;True
31914;2;4;2;True
31915;3;6;3;True
31916;2;4;2;True
31917;0;0;0;True
31918;3;6;3;True
31919;3;6;3;True
31920;8;16;8;True
31921;4;9;5;True
31922;7;12;5;True
31923;7;16;9;True
31924;4;6;2;True
31925;3;6;3;True
31926;5;12;7;True
31927;2;4;2;True
31928;8;12;4;True
31929;2;4;2;True
31930;0;0;0;True
31931;5;12;7;True
31932;0;0;0;True
31933;2;2;0;True
31934;1;1;0;True
31935;5;12;7;True
31936;2;4;2;True
31937;3;6;3;True
31938;1;1;0;True
31939;0;0;0;True
31940;2;4;2;True
31941;7;16;9;True
31942;5;9;4;True
31943;2;2;0;True
31944;8;16;8;True
31945;4;9;5;True
31946;6;16;10;True
31947;9;16;7;True
31948;6;12;6;True
31949;2;4;2;True
31950;0;0;0;True
31951;0;0;0;True
31952;2;2;0;True
31953;0;0;0;True
31954;4;9;5;True
31955;5;12;7;True
31956;6;16;10;True
31957;6;12;6;True
31958;1;1;0;True
31959;3;6;3;True
31960;1;1;0;True
31961;2;4;2;True
31962;8;16;8;True
31963;7;9;2;True
31964;2;2;0;True
31965;5;8;3;True
31966;0;0;0;True
31967;6;12;6;True
31968;4;6;2;True
31969;3;4;1;True
31970;4;6;2;True
31971;3;6;3;True
31972;2;2;0;True
31973;3;6;3;True
31974;5;16;11;True
31975;4;12;8;True
31976;1;1;0;True
31977;8;16;8;True
31978;2;2;0;True
31979;4;6;2;True
31980;2;4;2;True
31981;3;9;6;True
31982;6;16;10;True
31983;3;6;3;True
31984;5;16;11;True
31985;3;9;6;True
31986;6;9;3;True
31987;10;12;2;True
31988;4;9;5;True
31989;7;12;5;True
31990;4;9;5;True
31991;4;12;8;True
31992;6;12;6;True
31993;4;6;2;True
31994;0;0;0;True
31995;4;8;4;True
31996;4;12;8;True
31997;1;1;0;True
31998;2;4;2;True
31999;5;9;4;True
32000;1;1;0;True
32001;6;9;3;True
32002;1;1;0;True
32003;9;12;3;True
32004;5;16;11;True
32005;3;6;3;True
32006;2;2;0;True
32007;0;0;0;True
32008;5;12;7;True
32009;10;16;6;True
32010;1;1;0;True
32011;7;16;9;True
32012;4;6;2;True
32013;3;9;6;True
32014;6;16;10;True
32015;4;8;4;True
32016;4;9;5;True
32017;5;12;7;True
32018;2;4;2;True
32019;2;4;2;True
32020;6;16;10;True
32021;6;9;3;True
32022;3;6;3;True
32023;3;3;0;True
32024;5;9;4;True
32025;1;1;0;True
32026;1;1;0;True
32027;2;4;2;True
32028;4;9;5;True
32029;4;6;2;True
32030;4;9;5;True
32031;2;4;2;True
32032;7;16;9;True
32033;6;12;6;True
32034;2;4;2;True
32035;5;12;7;True
32036;6;12;6;True
32037;2;4;2;True
32038;1;1;0;True
32039;7;12;5;True
32040;3;6;3;True
32041;2;4;2;True
32042;0;0;0;True
32043;8;16;8;True
32044;6;6;0;True
32045;3;4;1;True
32046;4;9;5;True
32047;4;6;2;True
32048;2;2;0;True
32049;4;9;5;True
32050;3;6;3;True
32051;3;4;1;True
32052;3;6;3;True
32053;4;6;2;True
32054;4;12;8;True
32055;1;1;0;True
32056;3;4;1;True
32057;6;12;6;True
32058;1;1;0;True
32059;7;9;2;True
32060;1;1;0;True
32061;8;12;4;True
32062;3;6;3;True
32063;6;16;10;True
32064;4;9;5;True
32065;4;9;5;True
32066;5;9;4;True
32067;2;4;2;True
32068;3;6;3;True
32069;6;12;6;True
32070;2;4;2;True
32071;6;12;6;True
32072;2;2;0;True
32073;7;16;9;True
32074;5;6;1;True
32075;2;4;2;True
32076;2;4;2;True
32077;2;4;2;True
32078;9;12;3;True
32079;5;9;4;True
32080;1;1;0;True
32081;5;12;7;True
32082;1;1;0;True
32083;2;4;2;True
32084;3;6;3;True
32085;5;12;7;True
32086;5;12;7;True
32087;3;6;3;True
32088;2;4;2;True
32089;1;1;0;True
32090;3;6;3;True
32091;2;2;0;True
32092;4;9;5;True
32093;5;12;7;True
32094;4;6;2;True
32095;2;4;2;True
32096;4;12;8;True
32097;7;12;5;True
32098;6;12;6;True
32099;1;1;0;True
32100;4;9;5;True
32101;5;8;3;True
32102;1;1;0;True
32103;2;2;0;True
32104;2;4;2;True
32105;1;1;0;True
32106;1;1;0;True
32107;0;0;0;True
32108;2;4;2;True
32109;7;16;9;True
32110;2;4;2;True
32111;0;0;0;True
32112;1;1;0;True
32113;1;1;0;True
32114;5;9;4;True
32115;8;12;4;True
32116;3;6;3;True
32117;4;8;4;True
32118;1;1;0;True
32119;3;4;1;True
32120;6;12;6;True
32121;0;0;0;True
32122;7;12;5;True
32123;6;16;10;True
32124;4;12;8;True
32125;7;12;5;True
32126;0;0;0;True
32127;2;4;2;True
32128;3;9;6;True
32129;5;12;7;True
32130;5;12;7;True
32131;2;4;2;True
32132;1;1;0;True
32133;5;12;7;True
32134;4;16;12;True
32135;0;0;0;True
32136;2;4;2;True
32137;5;9;4;True
32138;5;12;7;True
32139;1;1;0;True
32140;5;12;7;True
32141;5;12;7;True
32142;0;0;0;True
32143;1;1;0;True
32144;1;1;0;True
32145;5;16;11;True
32146;1;1;0;True
32147;2;4;2;True
32148;6;12;6;True
32149;2;4;2;True
32150;4;8;4;True
32151;1;1;0;True
32152;3;6;3;True
32153;0;0;0;True
32154;5;16;11;True
32155;6;12;6;True
32156;3;4;1;True
32157;2;2;0;True
32158;3;4;1;True
32159;1;1;0;True
32160;0;0;0;True
32161;2;2;0;True
32162;4;8;4;True
32163;4;8;4;True
32164;3;6;3;True
32165;4;6;2;True
32166;3;9;6;True
32167;7;16;9;True
32168;5;16;11;True
32169;4;12;8;True
32170;8;16;8;True
32171;3;6;3;True
32172;5;12;7;True
32173;2;4;2;True
32174;5;12;7;True
32175;1;1;0;True
32176;2;4;2;True
32177;4;9;5;True
32178;2;2;0;True
32179;3;9;6;True
32180;2;4;2;True
32181;6;12;6;True
32182;4;9;5;True
32183;2;2;0;True
32184;2;2;0;True
32185;4;12;8;True
32186;2;4;2;True
32187;4;6;2;True
32188;6;12;6;True
32189;4;6;2;True
32190;5;12;7;True
32191;2;2;0;True
32192;5;9;4;True
32193;6;8;2;True
32194;4;9;5;True
32195;1;1;0;True
32196;2;4;2;True
32197;11;16;5;True
32198;3;6;3;True
32199;3;6;3;True
32200;2;4;2;True
32201;3;6;3;True
32202;1;1;0;True
32203;5;9;4;True
32204;8;16;8;True
32205;0;0;0;True
32206;3;9;6;True
32207;8;16;8;True
32208;3;6;3;True
32209;5;6;1;True
32210;5;12;7;True
32211;5;8;3;True
32212;6;16;10;True
32213;0;0;0;True
32214;6;9;3;True
32215;0;0;0;True
32216;0;0;0;True
32217;5;12;7;True
32218;9;16;7;True
32219;2;4;2;True
32220;6;16;10;True
32221;6;12;6;True
32222;0;0;0;True
32223;3;4;1;True
32224;2;4;2;True
32225;1;1;0;True
32226;5;12;7;True
32227;3;9;6;True
32228;7;12;5;True
32229;2;4;2;True
32230;7;12;5;True
32231;6;16;10;True
32232;2;4;2;True
32233;6;16;10;True
32234;4;6;2;True
32235;6;16;10;True
32236;2;4;2;True
32237;6;12;6;True
32238;4;9;5;True
32239;5;9;4;True
32240;3;4;1;True
32241;4;8;4;True
32242;4;12;8;True
32243;3;6;3;True
32244;2;4;2;True
32245;0;0;0;True
32246;7;12;5;True
32247;4;6;2;True
32248;7;16;9;True
32249;6;12;6;True
32250;1;1;0;True
32251;4;9;5;True
32252;2;4;2;True
32253;1;1;0;True
32254;3;6;3;True
32255;2;2;0;True
32256;5;8;3;True
32257;5;12;7;True
32258;5;12;7;True
32259;2;4;2;True
32260;1;1;0;True
32261;7;16;9;True
32262;3;6;3;True
32263;6;12;6;True
32264;0;0;0;True
32265;7;12;5;True
32266;2;2;0;True
32267;3;6;3;True
32268;6;12;6;True
32269;3;4;1;True
32270;2;4;2;True
32271;4;12;8;True
32272;0;0;0;True
32273;7;16;9;True
32274;6;16;10;True
32275;2;4;2;True
32276;1;1;0;True
32277;3;6;3;True
32278;1;1;0;True
32279;7;16;9;True
32280;2;4;2;True
32281;3;4;1;True
32282;7;12;5;True
32283;5;9;4;True
32284;6;12;6;True
32285;8;16;8;True
32286;1;1;0;True
32287;4;6;2;True
32288;6;8;2;True
32289;4;9;5;True
32290;3;6;3;True
32291;4;6;2;True
32292;1;1;0;True
32293;4;8;4;True
32294;1;1;0;True
32295;3;4;1;True
32296;7;12;5;True
32297;1;1;0;True
32298;4;9;5;True
32299;2;4;2;True
32300;1;1;0;True
32301;4;8;4;True
32302;3;6;3;True
32303;4;9;5;True
32304;7;12;5;True
32305;5;12;7;True
32306;2;2;0;True
32307;3;6;3;True
32308;6;9;3;True
32309;3;6;3;True
32310;1;1;0;True
32311;5;12;7;True
32312;5;9;4;True
32313;3;6;3;True
32314;3;6;3;True
32315;5;9;4;True
32316;2;4;2;True
32317;2;2;0;True
32318;3;9;6;True
32319;5;12;7;True
32320;6;12;6;True
32321;3;6;3;True
32322;0;0;0;True
32323;3;9;6;True
32324;6;16;10;True
32325;7;16;9;True
32326;3;6;3;True
32327;5;6;1;True
32328;5;9;4;True
32329;2;2;0;True
32330;4;12;8;True
32331;4;6;2;True
32332;4;8;4;True
32333;2;4;2;True
32334;3;6;3;True
32335;4;9;5;True
32336;8;12;4;True
32337;2;4;2;True
32338;0;0;0;True
32339;1;1;0;True
32340;5;16;11;True
32341;1;1;0;True
32342;0;0;0;True
32343;1;1;0;True
32344;2;2;0;True
32345;6;9;3;True
32346;5;8;3;True
32347;2;2;0;True
32348;4;6;2;True
32349;1;1;0;True
32350;4;9;5;True
32351;4;6;2;True
32352;3;6;3;True
32353;1;1;0;True
32354;2;2;0;True
32355;10;16;6;True
32356;2;2;0;True
32357;7;16;9;True
32358;3;6;3;True
32359;6;12;6;True
32360;6;9;3;True
32361;1;1;0;True
32362;1;1;0;True
32363;2;2;0;True
32364;6;16;10;True
32365;4;6;2;True
32366;6;12;6;True
32367;4;9;5;True
32368;7;16;9;True
32369;2;4;2;True
32370;2;2;0;True
32371;1;1;0;True
32372;1;1;0;True
32373;3;6;3;True
32374;5;12;7;True
32375;1;1;0;True
32376;6;16;10;True
32377;0;0;0;True
32378;3;9;6;True
32379;6;16;10;True
32380;1;1;0;True
32381;6;9;3;True
32382;3;3;0;True
32383;7;16;9;True
32384;1;1;0;True
32385;3;9;6;True
32386;9;16;7;True
32387;1;1;0;True
32388;0;0;0;True
32389;5;8;3;True
32390;1;1;0;True
32391;5;9;4;True
32392;3;6;3;True
32393;3;4;1;True
32394;3;6;3;True
32395;2;4;2;True
32396;1;1;0;True
32397;5;9;4;True
32398;2;2;0;True
32399;2;2;0;True
32400;5;9;4;True
32401;3;4;1;True
32402;9;16;7;True
32403;1;1;0;True
32404;1;1;0;True
32405;1;1;0;True
32406;6;16;10;True
32407;4;4;0;True
32408;5;6;1;True
32409;3;6;3;True
32410;0;0;0;True
32411;5;16;11;True
32412;3;9;6;True
32413;4;6;2;True
32414;2;4;2;True
32415;5;9;4;True
32416;2;2;0;True
32417;2;4;2;True
32418;5;12;7;True
32419;1;1;0;True
32420;8;16;8;True
32421;2;2;0;True
32422;1;1;0;True
32423;10;16;6;True
32424;0;0;0;True
32425;4;12;8;True
32426;5;12;7;True
32427;1;1;0;True
32428;4;9;5;True
32429;5;16;11;True
32430;4;9;5;True
32431;5;9;4;True
32432;1;1;0;True
32433;6;12;6;True
32434;3;9;6;True
32435;5;12;7;True
32436;8;12;4;True
32437;3;4;1;True
32438;6;9;3;True
32439;5;9;4;True
32440;4;8;4;True
32441;1;1;0;True
32442;6;8;2;True
32443;1;1;0;True
32444;5;12;7;True
32445;5;12;7;True
32446;1;1;0;True
32447;8;16;8;True
32448;2;2;0;True
32449;2;4;2;True
32450;5;8;3;True
32451;6;12;6;True
32452;2;4;2;True
32453;2;4;2;True
32454;0;0;0;True
32455;5;8;3;True
32456;0;0;0;True
32457;2;4;2;True
32458;4;9;5;True
32459;4;9;5;True
32460;0;0;0;True
32461;4;9;5;True
32462;7;16;9;True
32463;3;6;3;True
32464;3;4;1;True
32465;5;12;7;True
32466;1;1;0;True
32467;10;16;6;True
32468;1;1;0;True
32469;2;4;2;True
32470;12;16;4;True
32471;8;16;8;True
32472;8;16;8;True
32473;3;9;6;True
32474;1;1;0;True
32475;7;12;5;True
32476;4;9;5;True
32477;2;4;2;True
32478;9;16;7;True
32479;6;12;6;True
32480;2;4;2;True
32481;7;12;5;True
32482;4;9;5;True
32483;7;12;5;True
32484;3;6;3;True
32485;3;9;6;True
32486;3;4;1;True
32487;2;2;0;True
32488;3;9;6;True
32489;6;12;6;True
32490;0;0;0;True
32491;3;6;3;True
32492;0;0;0;True
32493;2;4;2;True
32494;2;4;2;True
32495;2;2;0;True
32496;3;6;3;True
32497;9;16;7;True
32498;5;9;4;True
32499;3;4;1;True
32500;5;16;11;True
32501;0;0;0;True
32502;2;2;0;True
32503;9;16;7;True
32504;4;9;5;True
32505;5;12;7;True
32506;1;1;0;True
32507;6;12;6;True
32508;4;6;2;True
32509;0;0;0;True
32510;4;8;4;True
32511;3;4;1;True
32512;5;12;7;True
32513;3;6;3;True
32514;1;1;0;True
32515;3;4;1;True
32516;2;2;0;True
32517;4;8;4;True
32518;4;9;5;True
32519;4;6;2;True
32520;2;2;0;True
32521;5;12;7;True
32522;7;16;9;True
32523;3;4;1;True
32524;1;1;0;True
32525;5;9;4;True
32526;3;6;3;True
32527;3;4;1;True
32528;3;6;3;True
32529;3;9;6;True
32530;8;16;8;True
32531;11;16;5;True
32532;3;9;6;True
32533;2;2;0;True
32534;1;1;0;True
32535;5;9;4;True
32536;4;6;2;True
32537;5;12;7;True
32538;5;12;7;True
32539;0;0;0;True
32540;2;2;0;True
32541;2;4;2;True
32542;4;6;2;True
32543;3;4;1;True
32544;2;4;2;True
32545;1;1;0;True
32546;1;1;0;True
32547;3;9;6;True
32548;2;4;2;True
32549;1;1;0;True
32550;4;6;2;True
32551;2;4;2;True
32552;2;2;0;True
32553;3;6;3;True
32554;2;4;2;True
32555;7;16;9;True
32556;3;6;3;True
32557;4;12;8;True
32558;3;3;0;True
32559;2;2;0;True
32560;0;0;0;True
32561;4;6;2;True
32562;3;6;3;True
32563;5;9;4;True
32564;2;4;2;True
32565;8;16;8;True
32566;1;1;0;True
32567;6;16;10;True
32568;7;16;9;True
32569;4;8;4;True
32570;3;6;3;True
32571;4;12;8;True
32572;3;6;3;True
32573;5;9;4;True
32574;1;1;0;True
32575;5;9;4;True
32576;6;12;6;True
32577;8;16;8;True
32578;3;6;3;True
32579;1;1;0;True
32580;2;2;0;True
32581;7;12;5;True
32582;7;16;9;True
32583;3;4;1;True
32584;4;6;2;True
32585;6;12;6;True
32586;6;12;6;True
32587;5;12;7;True
32588;5;12;7;True
32589;0;0;0;True
32590;2;4;2;True
32591;6;9;3;True
32592;1;1;0;True
32593;3;6;3;True
32594;4;6;2;True
32595;3;6;3;True
32596;7;16;9;True
32597;0;0;0;True
32598;1;1;0;True
32599;2;4;2;True
32600;7;16;9;True
32601;0;0;0;True
32602;6;16;10;True
32603;2;4;2;True
32604;2;4;2;True
32605;7;12;5;True
32606;5;9;4;True
32607;4;6;2;True
32608;4;6;2;True
32609;2;4;2;True
32610;7;9;2;True
32611;0;0;0;True
32612;6;12;6;True
32613;0;0;0;True
32614;5;12;7;True
32615;6;16;10;True
32616;3;6;3;True
32617;6;9;3;True
32618;0;0;0;True
32619;5;12;7;True
32620;10;16;6;True
32621;4;6;2;True
32622;4;9;5;True
32623;2;4;2;True
32624;0;0;0;True
32625;2;2;0;True
32626;8;16;8;True
32627;1;1;0;True
32628;1;1;0;True
32629;0;0;0;True
32630;5;9;4;True
32631;7;16;9;True
32632;1;1;0;True
32633;2;4;2;True
32634;2;4;2;True
32635;1;1;0;True
32636;5;8;3;True
32637;6;12;6;True
32638;2;4;2;True
32639;2;2;0;True
32640;6;12;6;True
32641;4;12;8;True
32642;3;6;3;True
32643;1;1;0;True
32644;5;9;4;True
32645;3;4;1;True
32646;4;9;5;True
32647;7;12;5;True
32648;7;12;5;True
32649;4;9;5;True
32650;4;12;8;True
32651;4;12;8;True
32652;1;1;0;True
32653;5;6;1;True
32654;1;1;0;True
32655;10;16;6;True
32656;6;12;6;True
32657;8;12;4;True
32658;4;9;5;True
32659;2;2;0;True
32660;10;16;6;True
32661;6;9;3;True
32662;8;16;8;True
32663;0;0;0;True
32664;3;6;3;True
32665;1;1;0;True
32666;3;6;3;True
32667;7;12;5;True
32668;0;0;0;True
32669;4;8;4;True
32670;6;12;6;True
32671;4;9;5;True
32672;3;6;3;True
32673;3;6;3;True
32674;2;2;0;True
32675;1;1;0;True
32676;1;1;0;True
32677;0;0;0;True
32678;5;9;4;True
32679;2;2;0;True
32680;4;9;5;True
32681;2;2;0;True
32682;5;12;7;True
32683;4;6;2;True
32684;1;1;0;True
32685;3;6;3;True
32686;7;12;5;True
32687;5;9;4;True
32688;2;4;2;True
32689;4;6;2;True
32690;3;6;3;True
32691;9;16;7;True
32692;4;12;8;True
32693;10;16;6;True
32694;4;8;4;True
32695;1;1;0;True
32696;2;2;0;True
32697;0;0;0;True
32698;7;12;5;True
32699;4;9;5;True
32700;3;3;0;True
32701;2;4;2;True
32702;3;6;3;True
32703;1;1;0;True
32704;5;8;3;True
32705;1;1;0;True
32706;0;0;0;True
32707;2;2;0;True
32708;0;0;0;True
32709;3;4;1;True
32710;6;9;3;True
32711;6;12;6;True
32712;3;4;1;True
32713;1;1;0;True
32714;5;12;7;True
32715;3;6;3;True
32716;3;4;1;True
32717;2;4;2;True
32718;1;1;0;True
32719;4;8;4;True
32720;1;1;0;True
32721;5;8;3;True
32722;1;1;0;True
32723;5;12;7;True
32724;8;12;4;True
32725;6;9;3;True
32726;2;2;0;True
32727;4;12;8;True
32728;8;12;4;True
32729;2;4;2;True
32730;3;9;6;True
32731;5;9;4;True
32732;2;4;2;True
32733;8;16;8;True
32734;0;0;0;True
32735;6;12;6;True
32736;3;9;6;True
32737;3;6;3;True
32738;1;1;0;True
32739;2;4;2;True
32740;4;9;5;True
32741;7;16;9;True
32742;9;16;7;True
32743;1;1;0;True
32744;3;6;3;True
32745;2;4;2;True
32746;3;6;3;True
32747;7;16;9;True
32748;5;12;7;True
32749;1;1;0;True
32750;4;12;8;True
32751;7;12;5;True
32752;5;16;11;True
32753;5;12;7;True
32754;3;9;6;True
32755;8;16;8;True
32756;6;12;6;True
32757;7;16;9;True
32758;8;12;4;True
32759;6;12;6;True
32760;3;6;3;True
32761;3;6;3;True
32762;2;4;2;True
32763;3;9;6;True
32764;10;16;6;True
32765;3;6;3;True
32766;3;4;1;True
32767;3;6;3;True
32768;6;16;10;True
32769;3;6;3;True
32770;4;12;8;True
32771;3;6;3;True
32772;2;4;2;True
32773;3;9;6;True
32774;3;6;3;True
32775;2;4;2;True
32776;2;2;0;True
32777;6;12;6;True
32778;2;2;0;True
32779;5;8;3;True
32780;1;1;0;True
32781;5;12;7;True
32782;4;6;2;True
32783;2;2;0;True
32784;6;12;6;True
32785;1;1;0;True
32786;6;12;6;True
32787;1;1;0;True
32788;1;1;0;True
32789;1;1;0;True
32790;0;0;0;True
32791;2;4;2;True
32792;5;9;4;True
32793;4;12;8;True
32794;8;16;8;True
32795;5;9;4;True
32796;3;6;3;True
32797;3;4;1;True
32798;3;6;3;True
32799;5;12;7;True
32800;1;1;0;True
32801;2;2;0;True
32802;6;12;6;True
32803;6;12;6;True
32804;2;4;2;True
32805;3;4;1;True
32806;2;4;2;True
32807;0;0;0;True
32808;2;2;0;True
32809;0;0;0;True
32810;2;2;0;True
32811;5;12;7;True
32812;1;1;0;True
32813;6;12;6;True
32814;0;0;0;True
32815;7;12;5;True
32816;6;12;6;True
32817;1;1;0;True
32818;6;12;6;True
32819;3;3;0;True
32820;6;16;10;True
32821;2;2;0;True
32822;4;12;8;True
32823;1;1;0;True
32824;3;6;3;True
32825;2;2;0;True
32826;2;4;2;True
32827;5;8;3;True
32828;4;6;2;True
32829;10;16;6;True
32830;7;12;5;True
32831;0;0;0;True
32832;5;9;4;True
32833;2;4;2;True
32834;2;2;0;True
32835;5;9;4;True
32836;0;0;0;True
32837;2;2;0;True
32838;3;4;1;True
32839;3;9;6;True
32840;3;6;3;True
32841;7;12;5;True
32842;3;6;3;True
32843;2;4;2;True
32844;3;4;1;True
32845;5;16;11;True
32846;1;1;0;True
32847;8;12;4;True
32848;3;9;6;True
32849;4;8;4;True
32850;8;12;4;True
32851;2;2;0;True
32852;4;9;5;True
32853;4;9;5;True
32854;2;2;0;True
32855;7;12;5;True
32856;6;16;10;True
32857;6;12;6;True
32858;3;6;3;True
32859;3;9;6;True
32860;9;16;7;True
32861;11;16;5;True
32862;7;16;9;True
32863;5;9;4;True
32864;0;0;0;True
32865;7;16;9;True
32866;6;12;6;True
32867;5;9;4;True
32868;3;6;3;True
32869;1;1;0;True
32870;7;12;5;True
32871;3;6;3;True
32872;4;9;5;True
32873;5;9;4;True
32874;5;12;7;True
32875;5;9;4;True
32876;1;1;0;True
32877;2;2;0;True
32878;1;1;0;True
32879;5;12;7;True
32880;7;12;5;True
32881;2;4;2;True
32882;4;6;2;True
32883;0;0;0;True
32884;7;16;9;True
32885;7;16;9;True
32886;3;6;3;True
32887;4;6;2;True
32888;3;4;1;True
32889;1;1;0;True
32890;3;4;1;True
32891;2;4;2;True
32892;3;9;6;True
32893;4;9;5;True
32894;5;9;4;True
32895;3;6;3;True
32896;4;9;5;True
32897;1;1;0;True
32898;3;4;1;True
32899;6;8;2;True
32900;1;1;0;True
32901;9;16;7;True
32902;5;9;4;True
32903;6;16;10;True
32904;5;16;11;True
32905;1;1;0;True
32906;5;12;7;True
32907;3;6;3;True
32908;1;1;0;True
32909;9;16;7;True
32910;6;16;10;True
32911;3;3;0;True
32912;0;0;0;True
32913;1;1;0;True
32914;2;4;2;True
32915;7;16;9;True
32916;4;6;2;True
32917;4;12;8;True
32918;4;8;4;True
32919;1;1;0;True
32920;0;0;0;True
32921;2;4;2;True
32922;1;1;0;True
32923;7;9;2;True
32924;5;12;7;True
32925;0;0;0;True
32926;2;4;2;True
32927;4;9;5;True
32928;2;2;0;True
32929;4;6;2;True
32930;8;16;8;True
32931;3;4;1;True
32932;5;8;3;True
32933;5;9;4;True
32934;8;16;8;True
32935;2;2;0;True
32936;0;0;0;True
32937;4;12;8;True
32938;6;12;6;True
32939;3;9;6;True
32940;3;4;1;True
32941;7;16;9;True
32942;1;1;0;True
32943;0;0;0;True
32944;3;4;1;True
32945;4;9;5;True
32946;8;16;8;True
32947;3;6;3;True
32948;8;16;8;True
32949;4;6;2;True
32950;2;4;2;True
32951;3;6;3;True
32952;2;2;0;True
32953;9;16;7;True
32954;2;4;2;True
32955;5;9;4;True
32956;6;12;6;True
32957;3;9;6;True
32958;0;0;0;True
32959;4;12;8;True
32960;5;16;11;True
32961;3;4;1;True
32962;3;4;1;True
32963;6;9;3;True
32964;3;3;0;True
32965;7;12;5;True
32966;3;9;6;True
32967;4;9;5;True
32968;1;1;0;True
32969;4;8;4;True
32970;4;12;8;True
32971;0;0;0;True
32972;4;9;5;True
32973;10;16;6;True
32974;1;1;0;True
32975;6;16;10;True
32976;0;0;0;True
32977;5;16;11;True
32978;1;1;0;True
32979;2;4;2;True
32980;6;16;10;True
32981;1;1;0;True
32982;2;2;0;True
32983;4;6;2;True
32984;8;16;8;True
32985;6;16;10;True
32986;4;9;5;True
32987;3;6;3;True
32988;7;12;5;True
32989;2;4;2;True
32990;7;12;5;True
32991;2;2;0;True
32992;5;9;4;True
32993;4;8;4;True
32994;5;12;7;True
32995;4;9;5;True
32996;5;9;4;True
32997;3;6;3;True
32998;1;1;0;True
32999;1;1;0;True
33000;2;4;2;True
33001;3;6;3;True
33002;2;4;2;True
33003;1;1;0;True
33004;8;16;8;True
33005;5;12;7;True
33006;2;4;2;True
33007;4;9;5;True
33008;1;1;0;True
33009;0;0;0;True
33010;1;1;0;True
33011;2;2;0;True
33012;5;12;7;True
33013;5;12;7;True
33014;5;9;4;True
33015;3;4;1;True
33016;1;1;0;True
33017;8;16;8;True
33018;9;12;3;True
33019;7;12;5;True
33020;2;4;2;True
33021;4;9;5;True
33022;1;1;0;True
33023;4;12;8;True
33024;3;6;3;True
33025;2;2;0;True
33026;1;1;0;True
33027;3;9;6;True
33028;2;2;0;True
33029;0;0;0;True
33030;2;2;0;True
33031;6;12;6;True
33032;4;9;5;True
33033;4;12;8;True
33034;2;2;0;True
33035;3;9;6;True
33036;5;12;7;True
33037;2;4;2;True
33038;1;1;0;True
33039;2;4;2;True
33040;0;0;0;True
33041;3;6;3;True
33042;3;6;3;True
33043;3;4;1;True
33044;6;12;6;True
33045;5;9;4;True
33046;6;12;6;True
33047;1;1;0;True
33048;2;4;2;True
33049;4;8;4;True
33050;3;6;3;True
33051;4;12;8;True
33052;5;12;7;True
33053;0;0;0;True
33054;5;12;7;True
33055;4;9;5;True
33056;1;1;0;True
33057;1;1;0;True
33058;1;1;0;True
33059;1;1;0;True
33060;0;0;0;True
33061;1;1;0;True
33062;4;4;0;True
33063;0;0;0;True
33064;2;4;2;True
33065;3;9;6;True
33066;6;16;10;True
33067;4;6;2;True
33068;3;6;3;True
33069;3;6;3;True
33070;7;16;9;True
33071;4;12;8;True
33072;1;1;0;True
33073;8;16;8;True
33074;3;6;3;True
33075;2;4;2;True
33076;9;16;7;True
33077;3;6;3;True
33078;1;1;0;True
33079;8;16;8;True
33080;3;6;3;True
33081;4;9;5;True
33082;3;6;3;True
33083;4;8;4;True
33084;5;16;11;True
33085;9;16;7;True
33086;4;9;5;True
33087;7;16;9;True
33088;3;9;6;True
33089;1;1;0;True
33090;2;4;2;True
33091;0;0;0;True
33092;6;12;6;True
33093;6;8;2;True
33094;0;0;0;True
33095;4;9;5;True
33096;4;9;5;True
33097;0;0;0;True
33098;4;16;12;True
33099;2;4;2;True
33100;3;6;3;True
33101;1;1;0;True
33102;0;0;0;True
33103;1;1;0;True
33104;4;6;2;True
33105;6;12;6;True
33106;3;6;3;True
33107;1;1;0;True
33108;3;4;1;True
33109;3;9;6;True
33110;1;1;0;True
33111;0;0;0;True
33112;2;2;0;True
33113;5;16;11;True
33114;6;12;6;True
33115;1;1;0;True
33116;5;12;7;True
33117;7;16;9;True
33118;6;9;3;True
33119;3;6;3;True
33120;3;6;3;True
33121;5;12;7;True
33122;2;2;0;True
33123;2;4;2;True
33124;4;9;5;True
33125;4;9;5;True
33126;5;12;7;True
33127;2;2;0;True
33128;5;9;4;True
33129;1;1;0;True
33130;3;6;3;True
33131;2;4;2;True
33132;3;6;3;True
33133;4;9;5;True
33134;3;3;0;True
33135;1;1;0;True
33136;2;4;2;True
33137;4;6;2;True
33138;6;12;6;True
33139;6;9;3;True
33140;1;1;0;True
33141;3;6;3;True
33142;7;12;5;True
33143;4;6;2;True
33144;5;16;11;True
33145;5;9;4;True
33146;3;4;1;True
33147;2;4;2;True
33148;4;9;5;True
33149;2;2;0;True
33150;3;6;3;True
33151;4;8;4;True
33152;2;2;0;True
33153;2;4;2;True
33154;2;4;2;True
33155;3;9;6;True
33156;2;4;2;True
33157;3;4;1;True
33158;3;4;1;True
33159;0;0;0;True
33160;0;0;0;True
33161;3;4;1;True
33162;5;9;4;True
33163;1;1;0;True
33164;6;12;6;True
33165;5;12;7;True
33166;6;12;6;True
33167;0;0;0;True
33168;7;16;9;True
33169;4;9;5;True
33170;3;6;3;True
33171;6;8;2;True
33172;3;4;1;True
33173;1;1;0;True
33174;6;16;10;True
33175;5;9;4;True
33176;5;12;7;True
33177;0;0;0;True
33178;1;1;0;True
33179;2;4;2;True
33180;5;12;7;True
33181;8;16;8;True
33182;5;8;3;True
33183;6;12;6;True
33184;2;4;2;True
33185;2;2;0;True
33186;1;1;0;True
33187;4;9;5;True
33188;0;0;0;True
33189;0;0;0;True
33190;0;0;0;True
33191;6;9;3;True
33192;6;16;10;True
33193;6;12;6;True
33194;5;9;4;True
33195;1;1;0;True
33196;1;1;0;True
33197;4;6;2;True
33198;3;6;3;True
33199;2;4;2;True
33200;3;4;1;True
33201;4;12;8;True
33202;4;9;5;True
33203;3;3;0;True
33204;3;3;0;True
33205;8;16;8;True
33206;9;16;7;True
33207;3;6;3;True
33208;2;4;2;True
33209;0;0;0;True
33210;8;12;4;True
33211;5;9;4;True
33212;2;4;2;True
33213;3;6;3;True
33214;3;4;1;True
33215;3;4;1;True
33216;1;1;0;True
33217;0;0;0;True
33218;1;1;0;True
33219;0;0;0;True
33220;2;2;0;True
33221;4;9;5;True
33222;1;1;0;True
33223;4;6;2;True
33224;5;16;11;True
33225;2;4;2;True
33226;5;12;7;True
33227;6;12;6;True
33228;0;0;0;True
33229;2;4;2;True
33230;1;1;0;True
33231;3;6;3;True
33232;1;1;0;True
33233;7;16;9;True
33234;10;16;6;True
33235;9;16;7;True
33236;3;6;3;True
33237;5;12;7;True
33238;3;6;3;True
33239;7;12;5;True
33240;6;9;3;True
33241;8;12;4;True
33242;8;16;8;True
33243;5;9;4;True
33244;2;2;0;True
33245;7;16;9;True
33246;9;12;3;True
33247;1;1;0;True
33248;5;12;7;True
33249;4;8;4;True
33250;3;6;3;True
33251;3;6;3;True
33252;7;12;5;True
33253;3;6;3;True
33254;1;1;0;True
33255;2;2;0;True
33256;4;6;2;True
33257;3;6;3;True
33258;9;16;7;True
33259;2;2;0;True
33260;3;6;3;True
33261;2;4;2;True
33262;0;0;0;True
33263;4;12;8;True
33264;9;16;7;True
33265;2;4;2;True
33266;1;1;0;True
33267;0;0;0;True
33268;4;9;5;True
33269;2;2;0;True
33270;3;4;1;True
33271;2;2;0;True
33272;3;6;3;True
33273;3;6;3;True
33274;5;16;11;True
33275;3;4;1;True
33276;7;12;5;True
33277;7;12;5;True
33278;3;9;6;True
33279;5;6;1;True
33280;5;9;4;True
33281;2;4;2;True
33282;3;6;3;True
33283;3;6;3;True
33284;6;9;3;True
33285;5;12;7;True
33286;0;0;0;True
33287;2;4;2;True
33288;5;9;4;True
33289;2;4;2;True
33290;0;0;0;True
33291;7;16;9;True
33292;2;2;0;True
33293;0;0;0;True
33294;3;9;6;True
33295;3;4;1;True
33296;4;6;2;True
33297;3;4;1;True
33298;6;12;6;True
33299;6;12;6;True
33300;4;6;2;True
33301;3;9;6;True
33302;7;12;5;True
33303;6;12;6;True
33304;2;4;2;True
33305;4;8;4;True
33306;9;16;7;True
33307;4;6;2;True
33308;1;1;0;True
33309;1;1;0;True
33310;0;0;0;True
33311;7;12;5;True
33312;5;12;7;True
33313;6;16;10;True
33314;0;0;0;True
33315;5;12;7;True
33316;1;1;0;True
33317;1;1;0;True
33318;0;0;0;True
33319;4;9;5;True
33320;4;6;2;True
33321;3;6;3;True
33322;3;6;3;True
33323;3;4;1;True
33324;5;12;7;True
33325;3;6;3;True
33326;2;4;2;True
33327;3;4;1;True
33328;1;1;0;True
33329;1;1;0;True
33330;7;16;9;True
33331;0;0;0;True
33332;2;4;2;True
33333;9;16;7;True
33334;5;9;4;True
33335;4;4;0;True
33336;3;3;0;True
33337;0;0;0;True
33338;5;8;3;True
33339;2;2;0;True
33340;0;0;0;True
33341;1;1;0;True
33342;2;4;2;True
33343;0;0;0;True
33344;6;9;3;True
33345;4;12;8;True
33346;0;0;0;True
33347;9;16;7;True
33348;5;12;7;True
33349;7;16;9;True
33350;3;6;3;True
33351;1;1;0;True
33352;2;4;2;True
33353;6;12;6;True
33354;3;6;3;True
33355;3;3;0;True
33356;4;6;2;True
33357;0;0;0;True
33358;5;16;11;True
33359;1;1;0;True
33360;2;2;0;True
33361;2;4;2;True
33362;2;4;2;True
33363;5;12;7;True
33364;3;6;3;True
33365;1;1;0;True
33366;4;6;2;True
33367;0;0;0;True
33368;7;16;9;True
33369;8;16;8;True
33370;5;12;7;True
33371;4;9;5;True
33372;9;16;7;True
33373;6;12;6;True
33374;8;16;8;True
33375;5;12;7;True
33376;4;6;2;True
33377;2;4;2;True
33378;3;6;3;True
33379;5;12;7;True
33380;1;1;0;True
33381;1;1;0;True
33382;2;2;0;True
33383;6;16;10;True
33384;2;2;0;True
33385;4;6;2;True
33386;3;4;1;True
33387;4;8;4;True
33388;3;9;6;True
33389;10;16;6;True
33390;2;2;0;True
33391;3;6;3;True
33392;2;4;2;True
33393;5;12;7;True
33394;2;4;2;True
33395;5;16;11;True
33396;2;4;2;True
33397;1;1;0;True
33398;5;12;7;True
33399;3;4;1;True
33400;1;1;0;True
33401;4;9;5;True
33402;1;1;0;True
33403;4;9;5;True
33404;1;1;0;True
33405;3;9;6;True
33406;0;0;0;True
33407;5;12;7;True
33408;3;6;3;True
33409;3;4;1;True
33410;2;4;2;True
33411;10;16;6;True
33412;1;1;0;True
33413;3;6;3;True
33414;2;4;2;True
33415;8;12;4;True
33416;5;16;11;True
33417;2;2;0;True
33418;4;9;5;True
33419;5;12;7;True
33420;0;0;0;True
33421;6;12;6;True
33422;2;4;2;True
33423;4;9;5;True
33424;2;4;2;True
33425;6;16;10;True
33426;2;4;2;True
33427;2;2;0;True
33428;9;12;3;True
33429;5;12;7;True
33430;5;9;4;True
33431;1;1;0;True
33432;4;6;2;True
33433;2;4;2;True
33434;0;0;0;True
33435;5;9;4;True
33436;2;2;0;True
33437;3;6;3;True
33438;7;16;9;True
33439;4;6;2;True
33440;8;16;8;True
33441;2;4;2;True
33442;6;16;10;True
33443;1;1;0;True
33444;0;0;0;True
33445;4;9;5;True
33446;2;4;2;True
33447;4;6;2;True
33448;4;9;5;True
33449;6;16;10;True
33450;1;1;0;True
33451;4;6;2;True
33452;5;6;1;True
33453;3;6;3;True
33454;6;12;6;True
33455;4;12;8;True
33456;5;9;4;True
33457;0;0;0;True
33458;8;12;4;True
33459;2;4;2;True
33460;4;9;5;True
33461;4;6;2;True
33462;6;12;6;True
33463;4;6;2;True
33464;5;16;11;True
33465;2;2;0;True
33466;1;1;0;True
33467;3;4;1;True
33468;6;12;6;True
33469;8;16;8;True
33470;2;2;0;True
33471;7;16;9;True
33472;2;2;0;True
33473;4;6;2;True
33474;6;12;6;True
33475;1;1;0;True
33476;3;9;6;True
33477;3;9;6;True
33478;0;0;0;True
33479;3;9;6;True
33480;2;2;0;True
33481;3;4;1;True
33482;4;9;5;True
33483;7;16;9;True
33484;2;2;0;True
33485;6;9;3;True
33486;2;4;2;True
33487;6;12;6;True
33488;6;12;6;True
33489;8;16;8;True
33490;4;9;5;True
33491;2;4;2;True
33492;8;16;8;True
33493;6;9;3;True
33494;6;9;3;True
33495;3;6;3;True
33496;4;9;5;True
33497;7;12;5;True
33498;1;1;0;True
33499;5;12;7;True
33500;1;1;0;True
33501;6;16;10;True
33502;6;12;6;True
33503;2;4;2;True
33504;1;1;0;True
33505;4;9;5;True
33506;1;1;0;True
33507;2;2;0;True
33508;2;2;0;True
33509;2;4;2;True
33510;2;2;0;True
33511;4;6;2;True
33512;5;16;11;True
33513;8;16;8;True
33514;9;12;3;True
33515;8;16;8;True
33516;2;2;0;True
33517;3;9;6;True
33518;0;0;0;True
33519;3;9;6;True
33520;3;4;1;True
33521;2;4;2;True
33522;5;12;7;True
33523;3;4;1;True
33524;0;0;0;True
33525;3;6;3;True
33526;3;4;1;True
33527;1;1;0;True
33528;6;16;10;True
33529;4;4;0;True
33530;1;1;0;True
33531;2;4;2;True
33532;1;1;0;True
33533;2;2;0;True
33534;3;6;3;True
33535;6;12;6;True
33536;8;16;8;True
33537;5;12;7;True
33538;1;1;0;True
33539;9;16;7;True
33540;9;16;7;True
33541;3;3;0;True
33542;2;4;2;True
33543;3;6;3;True
33544;4;6;2;True
33545;7;16;9;True
33546;0;0;0;True
33547;3;6;3;True
33548;5;12;7;True
33549;1;1;0;True
33550;4;9;5;True
33551;8;16;8;True
33552;5;9;4;True
33553;4;12;8;True
33554;2;4;2;True
33555;5;12;7;True
33556;0;0;0;True
33557;10;16;6;True
33558;8;16;8;True
33559;3;9;6;True
33560;3;6;3;True
33561;1;1;0;True
33562;6;12;6;True
33563;6;9;3;True
33564;6;12;6;True
33565;3;9;6;True
33566;2;2;0;True
33567;5;12;7;True
33568;5;9;4;True
33569;4;9;5;True
33570;2;4;2;True
33571;7;16;9;True
33572;6;12;6;True
33573;5;9;4;True
33574;5;12;7;True
33575;6;12;6;True
33576;4;6;2;True
33577;5;12;7;True
33578;5;12;7;True
33579;0;0;0;True
33580;1;1;0;True
33581;1;1;0;True
33582;5;12;7;True
33583;3;6;3;True
33584;5;9;4;True
33585;0;0;0;True
33586;6;12;6;True
33587;7;16;9;True
33588;5;12;7;True
33589;3;6;3;True
33590;2;4;2;True
33591;3;9;6;True
33592;4;9;5;True
33593;3;4;1;True
33594;4;6;2;True
33595;7;12;5;True
33596;2;2;0;True
33597;6;16;10;True
33598;5;8;3;True
33599;2;2;0;True
33600;2;4;2;True
33601;2;2;0;True
33602;5;12;7;True
33603;5;8;3;True
33604;7;16;9;True
33605;6;12;6;True
33606;2;2;0;True
33607;9;16;7;True
33608;6;12;6;True
33609;4;6;2;True
33610;7;16;9;True
33611;3;4;1;True
33612;4;12;8;True
33613;3;6;3;True
33614;5;12;7;True
33615;3;4;1;True
33616;6;16;10;True
33617;3;9;6;True
33618;2;4;2;True
33619;5;12;7;True
33620;2;4;2;True
33621;2;2;0;True
33622;2;2;0;True
33623;5;16;11;True
33624;4;9;5;True
33625;4;9;5;True
33626;1;1;0;True
33627;4;4;0;True
33628;2;2;0;True
33629;4;12;8;True
33630;0;0;0;True
33631;4;6;2;True
33632;6;12;6;True
33633;6;12;6;True
33634;4;6;2;True
33635;4;9;5;True
33636;1;1;0;True
33637;5;12;7;True
33638;2;4;2;True
33639;3;6;3;True
33640;7;12;5;True
33641;1;1;0;True
33642;4;6;2;True
33643;1;1;0;True
33644;3;6;3;True
33645;4;8;4;True
33646;4;9;5;True
33647;4;8;4;True
33648;1;1;0;True
33649;3;9;6;True
33650;5;16;11;True
33651;2;2;0;True
33652;2;4;2;True
33653;2;4;2;True
33654;4;12;8;True
33655;6;8;2;True
33656;5;16;11;True
33657;0;0;0;True
33658;0;0;0;True
33659;1;1;0;True
33660;1;1;0;True
33661;3;4;1;True
33662;3;6;3;True
33663;7;16;9;True
33664;4;9;5;True
33665;3;4;1;True
33666;4;6;2;True
33667;3;9;6;True
33668;7;12;5;True
33669;2;2;0;True
33670;5;9;4;True
33671;1;1;0;True
33672;6;12;6;True
33673;5;9;4;True
33674;4;6;2;True
33675;5;8;3;True
33676;1;1;0;True
33677;1;1;0;True
33678;0;0;0;True
33679;8;16;8;True
33680;7;12;5;True
33681;6;9;3;True
33682;1;1;0;True
33683;1;1;0;True
33684;5;12;7;True
33685;0;0;0;True
33686;3;6;3;True
33687;3;6;3;True
33688;6;12;6;True
33689;5;9;4;True
33690;5;12;7;True
33691;3;9;6;True
33692;5;8;3;True
33693;3;6;3;True
33694;5;12;7;True
33695;4;6;2;True
33696;4;9;5;True
33697;8;16;8;True
33698;3;4;1;True
33699;3;4;1;True
33700;6;12;6;True
33701;5;12;7;True
33702;1;1;0;True
33703;6;12;6;True
33704;5;12;7;True
33705;5;9;4;True
33706;6;12;6;True
33707;3;4;1;True
33708;3;3;0;True
33709;8;16;8;True
33710;2;2;0;True
33711;7;9;2;True
33712;2;2;0;True
33713;5;12;7;True
33714;3;6;3;True
33715;6;12;6;True
33716;8;12;4;True
33717;2;4;2;True
33718;2;4;2;True
33719;0;0;0;True
33720;4;6;2;True
33721;2;2;0;True
33722;4;9;5;True
33723;2;2;0;True
33724;0;0;0;True
33725;5;9;4;True
33726;4;9;5;True
33727;9;16;7;True
33728;8;16;8;True
33729;1;1;0;True
33730;2;4;2;True
33731;3;4;1;True
33732;5;12;7;True
33733;8;12;4;True
33734;4;9;5;True
33735;5;12;7;True
33736;6;12;6;True
33737;6;16;10;True
33738;4;6;2;True
33739;6;16;10;True
33740;0;0;0;True
33741;5;12;7;True
33742;5;9;4;True
33743;3;6;3;True
33744;2;2;0;True
33745;4;9;5;True
33746;5;12;7;True
33747;0;0;0;True
33748;5;12;7;True
33749;8;16;8;True
33750;3;6;3;True
33751;3;4;1;True
33752;1;1;0;True
33753;6;12;6;True
33754;6;12;6;True
33755;4;6;2;True
33756;3;4;1;True
33757;0;0;0;True
33758;2;4;2;True
33759;3;4;1;True
33760;5;12;7;True
33761;5;12;7;True
33762;4;9;5;True
33763;3;4;1;True
33764;5;12;7;True
33765;6;12;6;True
33766;1;1;0;True
33767;4;9;5;True
33768;2;4;2;True
33769;1;1;0;True
33770;5;9;4;True
33771;2;4;2;True
33772;4;9;5;True
33773;4;9;5;True
33774;7;12;5;True
33775;5;9;4;True
33776;1;1;0;True
33777;4;9;5;True
33778;2;4;2;True
33779;1;1;0;True
33780;2;4;2;True
33781;11;16;5;True
33782;11;16;5;True
33783;1;1;0;True
33784;0;0;0;True
33785;5;9;4;True
33786;1;1;0;True
33787;2;2;0;True
33788;6;12;6;True
33789;3;6;3;True
33790;4;9;5;True
33791;3;3;0;True
33792;1;1;0;True
33793;1;1;0;True
33794;5;16;11;True
33795;3;6;3;True
33796;7;12;5;True
33797;0;0;0;True
33798;2;4;2;True
33799;6;12;6;True
33800;7;16;9;True
33801;5;12;7;True
33802;6;16;10;True
33803;3;4;1;True
33804;0;0;0;True
33805;1;1;0;True
33806;2;4;2;True
33807;4;9;5;True
33808;3;6;3;True
33809;2;4;2;True
33810;4;12;8;True
33811;3;9;6;True
33812;5;12;7;True
33813;2;4;2;True
33814;0;0;0;True
33815;2;4;2;True
33816;3;4;1;True
33817;6;12;6;True
33818;4;12;8;True
33819;1;1;0;True
33820;5;12;7;True
33821;1;1;0;True
33822;7;16;9;True
33823;3;6;3;True
33824;0;0;0;True
33825;0;0;0;True
33826;2;2;0;True
33827;1;1;0;True
33828;3;6;3;True
33829;4;8;4;True
33830;2;4;2;True
33831;4;6;2;True
33832;2;2;0;True
33833;1;1;0;True
33834;2;4;2;True
33835;0;0;0;True
33836;3;4;1;True
33837;7;16;9;True
33838;5;9;4;True
33839;1;1;0;True
33840;3;9;6;True
33841;2;4;2;True
33842;2;4;2;True
33843;7;16;9;True
33844;7;16;9;True
33845;10;16;6;True
33846;8;16;8;True
33847;5;8;3;True
33848;7;12;5;True
33849;5;12;7;True
33850;8;16;8;True
33851;6;12;6;True
33852;3;6;3;True
33853;5;16;11;True
33854;3;6;3;True
33855;5;9;4;True
33856;6;12;6;True
33857;6;9;3;True
33858;2;4;2;True
33859;7;12;5;True
33860;6;12;6;True
33861;10;16;6;True
33862;2;4;2;True
33863;2;4;2;True
33864;5;12;7;True
33865;5;16;11;True
33866;6;12;6;True
33867;2;2;0;True
33868;6;12;6;True
33869;4;6;2;True
33870;2;4;2;True
33871;1;1;0;True
33872;7;12;5;True
33873;4;9;5;True
33874;4;12;8;True
33875;2;4;2;True
33876;0;0;0;True
33877;0;0;0;True
33878;1;1;0;True
33879;3;9;6;True
33880;4;6;2;True
33881;1;1;0;True
33882;3;4;1;True
33883;9;16;7;True
33884;0;0;0;True
33885;7;12;5;True
33886;3;6;3;True
33887;2;2;0;True
33888;4;9;5;True
33889;2;4;2;True
33890;4;9;5;True
33891;4;9;5;True
33892;4;12;8;True
33893;5;9;4;True
33894;0;0;0;True
33895;4;6;2;True
33896;5;9;4;True
33897;5;6;1;True
33898;4;6;2;True
33899;6;16;10;True
33900;6;12;6;True
33901;1;1;0;True
33902;4;12;8;True
33903;5;9;4;True
33904;2;4;2;True
33905;3;4;1;True
33906;1;1;0;True
33907;9;16;7;True
33908;6;12;6;True
33909;8;16;8;True
33910;7;16;9;True
33911;5;8;3;True
33912;6;9;3;True
33913;4;8;4;True
33914;2;4;2;True
33915;4;6;2;True
33916;5;6;1;True
33917;8;16;8;True
33918;3;6;3;True
33919;8;16;8;True
33920;1;1;0;True
33921;4;9;5;True
33922;3;6;3;True
33923;1;1;0;True
33924;3;6;3;True
33925;4;9;5;True
33926;1;1;0;True
33927;2;4;2;True
33928;2;4;2;True
33929;2;4;2;True
33930;0;0;0;True
33931;3;4;1;True
33932;2;4;2;True
33933;4;16;12;True
33934;2;2;0;True
33935;4;6;2;True
33936;0;0;0;True
33937;7;16;9;True
33938;1;1;0;True
33939;6;12;6;True
33940;8;16;8;True
33941;5;12;7;True
33942;1;1;0;True
33943;3;4;1;True
33944;5;16;11;True
33945;3;6;3;True
33946;3;6;3;True
33947;3;6;3;True
33948;2;4;2;True
33949;3;4;1;True
33950;4;6;2;True
33951;3;4;1;True
33952;3;6;3;True
33953;4;9;5;True
33954;1;1;0;True
33955;2;2;0;True
33956;6;12;6;True
33957;7;16;9;True
33958;1;1;0;True
33959;0;0;0;True
33960;2;2;0;True
33961;2;2;0;True
33962;4;9;5;True
33963;8;16;8;True
33964;8;16;8;True
33965;5;16;11;True
33966;2;2;0;True
33967;8;16;8;True
33968;2;2;0;True
33969;5;9;4;True
33970;3;4;1;True
33971;1;1;0;True
33972;5;8;3;True
33973;0;0;0;True
33974;3;9;6;True
33975;2;4;2;True
33976;3;4;1;True
33977;6;9;3;True
33978;3;4;1;True
33979;1;1;0;True
33980;4;8;4;True
33981;3;3;0;True
33982;4;6;2;True
33983;4;6;2;True
33984;7;12;5;True
33985;5;12;7;True
33986;1;1;0;True
33987;4;6;2;True
33988;2;4;2;True
33989;5;12;7;True
33990;6;12;6;True
33991;4;4;0;True
33992;9;16;7;True
33993;3;6;3;True
33994;6;9;3;True
33995;6;12;6;True
33996;2;4;2;True
33997;4;6;2;True
33998;4;12;8;True
33999;3;9;6;True
34000;2;4;2;True
34001;2;4;2;True
34002;7;16;9;True
34003;3;4;1;True
34004;3;4;1;True
34005;5;9;4;True
34006;1;1;0;True
34007;2;4;2;True
34008;5;9;4;True
34009;3;4;1;True
34010;2;4;2;True
34011;2;4;2;True
34012;5;6;1;True
34013;2;4;2;True
34014;1;1;0;True
34015;8;16;8;True
34016;2;2;0;True
34017;3;6;3;True
34018;2;2;0;True
34019;2;2;0;True
34020;4;8;4;True
34021;5;9;4;True
34022;2;4;2;True
34023;3;9;6;True
34024;2;4;2;True
34025;3;4;1;True
34026;1;1;0;True
34027;7;16;9;True
34028;3;6;3;True
34029;3;6;3;True
34030;2;2;0;True
34031;7;12;5;True
34032;2;2;0;True
34033;3;9;6;True
34034;4;9;5;True
34035;5;9;4;True
34036;3;6;3;True
34037;5;9;4;True
34038;3;6;3;True
34039;7;16;9;True
34040;5;12;7;True
34041;0;0;0;True
34042;2;4;2;True
34043;3;6;3;True
34044;5;12;7;True
34045;1;1;0;True
34046;0;0;0;True
34047;5;6;1;True
34048;3;6;3;True
34049;6;12;6;True
34050;3;9;6;True
34051;1;1;0;True
34052;5;12;7;True
34053;2;4;2;True
34054;1;1;0;True
34055;0;0;0;True
34056;7;16;9;True
34057;1;1;0;True
34058;3;6;3;True
34059;4;6;2;True
34060;7;16;9;True
34061;4;6;2;True
34062;0;0;0;True
34063;4;6;2;True
34064;5;9;4;True
34065;5;12;7;True
34066;3;9;6;True
34067;5;12;7;True
34068;8;16;8;True
34069;5;6;1;True
34070;4;12;8;True
34071;8;16;8;True
34072;4;8;4;True
34073;7;12;5;True
34074;9;16;7;True
34075;1;1;0;True
34076;0;0;0;True
34077;3;6;3;True
34078;6;12;6;True
34079;4;9;5;True
34080;0;0;0;True
34081;4;12;8;True
34082;1;1;0;True
34083;5;12;7;True
34084;8;16;8;True
34085;6;16;10;True
34086;5;9;4;True
34087;3;6;3;True
34088;2;4;2;True
34089;7;12;5;True
34090;3;6;3;True
34091;9;16;7;True
34092;7;12;5;True
34093;4;9;5;True
34094;5;12;7;True
34095;9;16;7;True
34096;0;0;0;True
34097;2;2;0;True
34098;3;6;3;True
34099;3;6;3;True
34100;8;16;8;True
34101;5;12;7;True
34102;3;6;3;True
34103;2;4;2;True
34104;4;12;8;True
34105;3;4;1;True
34106;6;9;3;True
34107;4;12;8;True
34108;2;4;2;True
34109;7;16;9;True
34110;3;9;6;True
34111;2;4;2;True
34112;3;4;1;True
34113;3;6;3;True
34114;0;0;0;True
34115;0;0;0;True
34116;6;12;6;True
34117;3;6;3;True
34118;5;16;11;True
34119;0;0;0;True
34120;5;12;7;True
34121;3;9;6;True
34122;2;2;0;True
34123;3;4;1;True
34124;6;8;2;True
34125;5;9;4;True
34126;4;6;2;True
34127;8;12;4;True
34128;3;6;3;True
34129;1;1;0;True
34130;4;16;12;True
34131;3;6;3;True
34132;8;16;8;True
34133;6;16;10;True
34134;6;16;10;True
34135;4;9;5;True
34136;7;12;5;True
34137;4;4;0;True
34138;9;12;3;True
34139;3;3;0;True
34140;4;12;8;True
34141;4;6;2;True
34142;1;1;0;True
34143;2;2;0;True
34144;6;9;3;True
34145;2;2;0;True
34146;1;1;0;True
34147;2;2;0;True
34148;2;2;0;True
34149;5;16;11;True
34150;2;2;0;True
34151;1;1;0;True
34152;6;12;6;True
34153;9;16;7;True
34154;3;6;3;True
34155;0;0;0;True
34156;8;16;8;True
34157;3;6;3;True
34158;1;1;0;True
34159;4;9;5;True
34160;4;9;5;True
34161;2;2;0;True
34162;3;3;0;True
34163;3;9;6;True
34164;3;6;3;True
34165;9;16;7;True
34166;1;1;0;True
34167;3;6;3;True
34168;6;12;6;True
34169;3;6;3;True
34170;2;4;2;True
34171;3;9;6;True
34172;3;9;6;True
34173;1;1;0;True
34174;3;4;1;True
34175;4;8;4;True
34176;2;2;0;True
34177;1;1;0;True
34178;8;16;8;True
34179;2;4;2;True
34180;3;6;3;True
34181;2;2;0;True
34182;2;4;2;True
34183;2;4;2;True
34184;4;6;2;True
34185;7;12;5;True
34186;2;2;0;True
34187;4;6;2;True
34188;0;0;0;True
34189;2;2;0;True
34190;6;9;3;True
34191;8;16;8;True
34192;2;2;0;True
34193;2;2;0;True
34194;2;4;2;True
34195;1;1;0;True
34196;5;12;7;True
34197;5;9;4;True
34198;4;12;8;True
34199;6;9;3;True
34200;6;12;6;True
34201;3;6;3;True
34202;3;3;0;True
34203;3;3;0;True
34204;2;2;0;True
34205;4;8;4;True
34206;6;8;2;True
34207;7;16;9;True
34208;4;6;2;True
34209;2;2;0;True
34210;4;8;4;True
34211;3;6;3;True
34212;5;9;4;True
34213;3;4;1;True
34214;4;6;2;True
34215;8;16;8;True
34216;2;4;2;True
34217;8;16;8;True
34218;6;12;6;True
34219;1;1;0;True
34220;8;16;8;True
34221;4;12;8;True
34222;4;9;5;True
34223;5;8;3;True
34224;4;6;2;True
34225;1;1;0;True
34226;5;12;7;True
34227;2;2;0;True
34228;5;8;3;True
34229;4;9;5;True
34230;6;12;6;True
34231;7;12;5;True
34232;10;12;2;True
34233;7;16;9;True
34234;2;2;0;True
34235;9;16;7;True
34236;7;12;5;True
34237;1;1;0;True
34238;2;4;2;True
34239;5;12;7;True
34240;7;16;9;True
34241;2;4;2;True
34242;1;1;0;True
34243;4;9;5;True
34244;8;16;8;True
34245;4;12;8;True
34246;3;3;0;True
34247;5;12;7;True
34248;4;8;4;True
34249;7;16;9;True
34250;6;16;10;True
34251;4;12;8;True
34252;5;12;7;True
34253;1;1;0;True
34254;1;1;0;True
34255;3;6;3;True
34256;7;12;5;True
34257;2;2;0;True
34258;3;4;1;True
34259;4;9;5;True
34260;5;12;7;True
34261;5;12;7;True
34262;8;12;4;True
34263;6;12;6;True
34264;4;6;2;True
34265;3;4;1;True
34266;5;9;4;True
34267;2;4;2;True
34268;4;9;5;True
34269;1;1;0;True
34270;4;12;8;True
34271;1;1;0;True
34272;6;12;6;True
34273;2;4;2;True
34274;3;6;3;True
34275;1;1;0;True
34276;3;6;3;True
34277;5;12;7;True
34278;5;6;1;True
34279;3;4;1;True
34280;5;9;4;True
34281;1;1;0;True
34282;2;4;2;True
34283;5;12;7;True
34284;4;12;8;True
34285;1;1;0;True
34286;3;9;6;True
34287;2;4;2;True
34288;3;6;3;True
34289;2;4;2;True
34290;5;16;11;True
34291;1;1;0;True
34292;2;4;2;True
34293;6;12;6;True
34294;6;12;6;True
34295;1;1;0;True
34296;6;12;6;True
34297;2;2;0;True
34298;3;4;1;True
34299;2;4;2;True
34300;4;6;2;True
34301;4;9;5;True
34302;4;8;4;True
34303;5;9;4;True
34304;1;1;0;True
34305;5;16;11;True
34306;9;16;7;True
34307;1;1;0;True
34308;8;16;8;True
34309;8;12;4;True
34310;8;16;8;True
34311;2;4;2;True
34312;0;0;0;True
34313;5;12;7;True
34314;4;9;5;True
34315;1;1;0;True
34316;2;4;2;True
34317;6;16;10;True
34318;1;1;0;True
34319;3;3;0;True
34320;1;1;0;True
34321;4;9;5;True
34322;2;4;2;True
34323;1;1;0;True
34324;3;4;1;True
34325;1;1;0;True
34326;3;4;1;True
34327;1;1;0;True
34328;4;9;5;True
34329;4;6;2;True
34330;4;9;5;True
34331;6;12;6;True
34332;4;6;2;True
34333;3;6;3;True
34334;6;16;10;True
34335;5;9;4;True
34336;3;6;3;True
34337;1;1;0;True
34338;6;16;10;True
34339;5;12;7;True
34340;3;6;3;True
34341;1;1;0;True
34342;2;4;2;True
34343;5;8;3;True
34344;1;1;0;True
34345;6;12;6;True
34346;6;12;6;True
34347;5;9;4;True
34348;5;9;4;True
34349;4;9;5;True
34350;2;4;2;True
34351;6;12;6;True
34352;6;9;3;True
34353;7;12;5;True
34354;6;16;10;True
34355;5;12;7;True
34356;2;2;0;True
34357;3;3;0;True
34358;7;12;5;True
34359;3;6;3;True
34360;7;16;9;True
34361;6;16;10;True
34362;4;8;4;True
34363;1;1;0;True
34364;0;0;0;True
34365;6;12;6;True
34366;1;1;0;True
34367;2;4;2;True
34368;3;6;3;True
34369;5;12;7;True
34370;4;9;5;True
34371;4;6;2;True
34372;6;16;10;True
34373;3;6;3;True
34374;8;16;8;True
34375;3;3;0;True
34376;4;8;4;True
34377;0;0;0;True
34378;4;9;5;True
34379;5;12;7;True
34380;2;2;0;True
34381;5;12;7;True
34382;2;2;0;True
34383;3;3;0;True
34384;4;12;8;True
34385;5;8;3;True
34386;6;9;3;True
34387;4;9;5;True
34388;2;2;0;True
34389;3;6;3;True
34390;3;6;3;True
34391;3;6;3;True
34392;4;9;5;True
34393;3;6;3;True
34394;5;6;1;True
34395;4;8;4;True
34396;7;16;9;True
34397;4;9;5;True
34398;5;9;4;True
34399;2;2;0;True
34400;1;1;0;True
34401;3;3;0;True
34402;9;16;7;True
34403;5;9;4;True
34404;7;16;9;True
34405;2;4;2;True
34406;3;6;3;True
34407;6;9;3;True
34408;3;6;3;True
34409;5;9;4;True
34410;3;6;3;True
34411;3;6;3;True
34412;3;4;1;True
34413;4;9;5;True
34414;3;6;3;True
34415;0;0;0;True
34416;8;16;8;True
34417;3;9;6;True
34418;3;6;3;True
34419;3;6;3;True
34420;1;1;0;True
34421;5;6;1;True
34422;6;12;6;True
34423;5;12;7;True
34424;4;6;2;True
34425;3;4;1;True
34426;0;0;0;True
34427;1;1;0;True
34428;4;9;5;True
34429;5;6;1;True
34430;2;2;0;True
34431;4;6;2;True
34432;3;6;3;True
34433;9;16;7;True
34434;6;16;10;True
34435;1;1;0;True
34436;6;12;6;True
34437;4;9;5;True
34438;0;0;0;True
34439;5;9;4;True
34440;1;1;0;True
34441;2;4;2;True
34442;5;12;7;True
34443;9;16;7;True
34444;3;4;1;True
34445;3;4;1;True
34446;0;0;0;True
34447;1;1;0;True
34448;0;0;0;True
34449;2;2;0;True
34450;2;2;0;True
34451;6;12;6;True
34452;3;4;1;True
34453;2;4;2;True
34454;0;0;0;True
34455;6;9;3;True
34456;2;4;2;True
34457;7;12;5;True
34458;3;4;1;True
34459;7;16;9;True
34460;6;12;6;True
34461;0;0;0;True
34462;7;16;9;True
34463;5;16;11;True
34464;3;6;3;True
34465;0;0;0;True
34466;6;12;6;True
34467;3;6;3;True
34468;0;0;0;True
34469;6;12;6;True
34470;4;9;5;True
34471;1;1;0;True
34472;8;12;4;True
34473;3;6;3;True
34474;2;2;0;True
34475;2;4;2;True
34476;0;0;0;True
34477;4;9;5;True
34478;5;12;7;True
34479;1;1;0;True
34480;4;12;8;True
34481;4;6;2;True
34482;2;2;0;True
34483;4;12;8;True
34484;3;6;3;True
34485;4;12;8;True
34486;6;9;3;True
34487;1;1;0;True
34488;7;12;5;True
34489;1;1;0;True
34490;3;6;3;True
34491;4;9;5;True
34492;8;12;4;True
34493;2;4;2;True
34494;1;1;0;True
34495;5;9;4;True
34496;3;9;6;True
34497;3;6;3;True
34498;2;2;0;True
34499;4;12;8;True
34500;6;9;3;True
34501;3;9;6;True
34502;7;16;9;True
34503;2;2;0;True
34504;4;6;2;True
34505;1;1;0;True
34506;4;6;2;True
34507;5;9;4;True
34508;1;1;0;True
34509;2;2;0;True
34510;2;4;2;True
34511;3;6;3;True
34512;4;9;5;True
34513;4;9;5;True
34514;2;4;2;True
34515;5;16;11;True
34516;3;9;6;True
34517;6;16;10;True
34518;2;4;2;True
34519;0;0;0;True
34520;1;1;0;True
34521;7;16;9;True
34522;6;12;6;True
34523;1;1;0;True
34524;1;1;0;True
34525;0;0;0;True
34526;0;0;0;True
34527;1;1;0;True
34528;5;12;7;True
34529;6;12;6;True
34530;5;6;1;True
34531;1;1;0;True
34532;2;2;0;True
34533;2;4;2;True
34534;5;16;11;True
34535;1;1;0;True
34536;5;12;7;True
34537;2;4;2;True
34538;7;9;2;True
34539;2;4;2;True
34540;3;3;0;True
34541;4;9;5;True
34542;7;12;5;True
34543;2;4;2;True
34544;3;6;3;True
34545;11;16;5;True
34546;3;6;3;True
34547;7;16;9;True
34548;3;6;3;True
34549;3;6;3;True
34550;9;16;7;True
34551;3;6;3;True
34552;1;1;0;True
34553;3;6;3;True
34554;1;1;0;True
34555;3;6;3;True
34556;4;12;8;True
34557;2;2;0;True
34558;1;1;0;True
34559;2;2;0;True
34560;9;12;3;True
34561;6;12;6;True
34562;3;9;6;True
34563;2;2;0;True
34564;2;2;0;True
34565;5;9;4;True
34566;4;9;5;True
34567;3;4;1;True
34568;8;16;8;True
34569;3;3;0;True
34570;3;9;6;True
34571;1;1;0;True
34572;2;2;0;True
34573;4;9;5;True
34574;3;9;6;True
34575;5;12;7;True
34576;4;4;0;True
34577;1;1;0;True
34578;7;16;9;True
34579;8;12;4;True
34580;2;2;0;True
34581;9;16;7;True
34582;3;6;3;True
34583;0;0;0;True
34584;0;0;0;True
34585;6;12;6;True
34586;1;1;0;True
34587;7;16;9;True
34588;5;6;1;True
34589;3;6;3;True
34590;9;16;7;True
34591;0;0;0;True
34592;9;16;7;True
34593;4;4;0;True
34594;3;6;3;True
34595;2;2;0;True
34596;4;6;2;True
34597;0;0;0;True
34598;5;12;7;True
34599;4;9;5;True
34600;5;12;7;True
34601;4;12;8;True
34602;3;6;3;True
34603;7;16;9;True
34604;6;9;3;True
34605;6;9;3;True
34606;2;4;2;True
34607;4;6;2;True
34608;3;4;1;True
34609;3;9;6;True
34610;3;6;3;True
34611;5;12;7;True
34612;5;9;4;True
34613;8;12;4;True
34614;6;9;3;True
34615;1;1;0;True
34616;5;9;4;True
34617;4;6;2;True
34618;2;4;2;True
34619;3;6;3;True
34620;3;9;6;True
34621;0;0;0;True
34622;3;9;6;True
34623;4;9;5;True
34624;2;4;2;True
34625;1;1;0;True
34626;5;8;3;True
34627;6;9;3;True
34628;6;12;6;True
34629;6;12;6;True
34630;0;0;0;True
34631;6;16;10;True
34632;3;6;3;True
34633;6;16;10;True
34634;2;2;0;True
34635;6;12;6;True
34636;5;9;4;True
34637;4;8;4;True
34638;3;6;3;True
34639;6;12;6;True
34640;3;6;3;True
34641;2;2;0;True
34642;3;6;3;True
34643;2;2;0;True
34644;11;16;5;True
34645;2;4;2;True
34646;7;12;5;True
34647;7;16;9;True
34648;6;16;10;True
34649;2;2;0;True
34650;0;0;0;True
34651;3;6;3;True
34652;2;4;2;True
34653;1;1;0;True
34654;2;2;0;True
34655;3;9;6;True
34656;3;3;0;True
34657;5;12;7;True
34658;4;6;2;True
34659;6;16;10;True
34660;9;16;7;True
34661;5;12;7;True
34662;12;16;4;True
34663;4;6;2;True
34664;7;9;2;True
34665;6;12;6;True
34666;3;6;3;True
34667;3;4;1;True
34668;7;12;5;True
34669;6;16;10;True
34670;4;9;5;True
34671;2;4;2;True
34672;3;6;3;True
34673;2;4;2;True
34674;5;9;4;True
34675;4;9;5;True
34676;6;9;3;True
34677;4;9;5;True
34678;2;2;0;True
34679;8;16;8;True
34680;1;1;0;True
34681;4;9;5;True
34682;5;12;7;True
34683;2;2;0;True
34684;0;0;0;True
34685;7;16;9;True
34686;4;12;8;True
34687;3;6;3;True
34688;4;6;2;True
34689;7;16;9;True
34690;4;6;2;True
34691;9;12;3;True
34692;1;1;0;True
34693;5;12;7;True
34694;2;2;0;True
34695;6;12;6;True
34696;9;16;7;True
34697;3;4;1;True
34698;3;6;3;True
34699;3;4;1;True
34700;4;8;4;True
34701;5;9;4;True
34702;8;16;8;True
34703;3;6;3;True
34704;1;1;0;True
34705;4;9;5;True
34706;1;1;0;True
34707;1;1;0;True
34708;4;8;4;True
34709;6;12;6;True
34710;7;12;5;True
34711;3;3;0;True
34712;3;6;3;True
34713;4;9;5;True
34714;2;2;0;True
34715;10;16;6;True
34716;3;6;3;True
34717;5;9;4;True
34718;1;1;0;True
34719;2;2;0;True
34720;6;12;6;True
34721;4;8;4;True
34722;3;6;3;True
34723;2;2;0;True
34724;3;6;3;True
34725;4;9;5;True
34726;5;12;7;True
34727;5;9;4;True
34728;2;4;2;True
34729;1;1;0;True
34730;5;12;7;True
34731;1;1;0;True
34732;4;6;2;True
34733;3;6;3;True
34734;4;9;5;True
34735;5;6;1;True
34736;7;12;5;True
34737;4;8;4;True
34738;6;12;6;True
34739;3;3;0;True
34740;6;12;6;True
34741;1;1;0;True
34742;2;4;2;True
34743;2;4;2;True
34744;6;12;6;True
34745;2;2;0;True
34746;8;16;8;True
34747;4;6;2;True
34748;6;16;10;True
34749;4;12;8;True
34750;3;3;0;True
34751;2;4;2;True
34752;4;9;5;True
34753;7;12;5;True
34754;4;6;2;True
34755;3;6;3;True
34756;7;12;5;True
34757;2;2;0;True
34758;3;4;1;True
34759;3;6;3;True
34760;4;9;5;True
34761;2;2;0;True
34762;4;8;4;True
34763;3;4;1;True
34764;1;1;0;True
34765;8;16;8;True
34766;9;16;7;True
34767;3;4;1;True
34768;3;6;3;True
34769;4;9;5;True
34770;2;4;2;True
34771;4;8;4;True
34772;7;12;5;True
34773;5;9;4;True
34774;3;4;1;True
34775;4;12;8;True
34776;3;4;1;True
34777;0;0;0;True
34778;4;9;5;True
34779;7;12;5;True
34780;6;12;6;True
34781;4;9;5;True
34782;9;16;7;True
34783;6;12;6;True
34784;3;6;3;True
34785;2;2;0;True
34786;3;9;6;True
34787;8;16;8;True
34788;6;12;6;True
34789;2;2;0;True
34790;1;1;0;True
34791;0;0;0;True
34792;4;9;5;True
34793;7;12;5;True
34794;4;9;5;True
34795;4;8;4;True
34796;2;4;2;True
34797;3;6;3;True
34798;6;16;10;True
34799;2;4;2;True
34800;6;12;6;True
34801;5;12;7;True
34802;4;6;2;True
34803;4;8;4;True
34804;5;8;3;True
34805;2;4;2;True
34806;4;9;5;True
34807;1;1;0;True
34808;9;16;7;True
34809;4;12;8;True
34810;4;12;8;True
34811;1;1;0;True
34812;9;16;7;True
34813;3;9;6;True
34814;3;6;3;True
34815;5;12;7;True
34816;2;4;2;True
34817;7;16;9;True
34818;1;1;0;True
34819;2;4;2;True
34820;2;4;2;True
34821;2;4;2;True
34822;0;0;0;True
34823;4;6;2;True
34824;3;6;3;True
34825;4;9;5;True
34826;0;0;0;True
34827;6;16;10;True
34828;1;1;0;True
34829;7;12;5;True
34830;1;1;0;True
34831;1;1;0;True
34832;8;16;8;True
34833;3;6;3;True
34834;4;9;5;True
34835;1;1;0;True
34836;6;9;3;True
34837;5;12;7;True
34838;5;16;11;True
34839;3;6;3;True
34840;3;6;3;True
34841;6;12;6;True
34842;0;0;0;True
34843;6;16;10;True
34844;3;6;3;True
34845;4;9;5;True
34846;2;4;2;True
34847;5;16;11;True
34848;1;1;0;True
34849;4;6;2;True
34850;6;16;10;True
34851;3;6;3;True
34852;6;12;6;True
34853;3;6;3;True
34854;5;12;7;True
34855;5;12;7;True
34856;1;1;0;True
34857;6;16;10;True
34858;3;9;6;True
34859;5;6;1;True
34860;4;9;5;True
34861;7;12;5;True
34862;4;12;8;True
34863;5;12;7;True
34864;5;12;7;True
34865;7;16;9;True
34866;1;1;0;True
34867;11;16;5;True
34868;6;12;6;True
34869;1;1;0;True
34870;1;1;0;True
34871;5;8;3;True
34872;8;16;8;True
34873;7;16;9;True
34874;5;9;4;True
34875;3;6;3;True
34876;2;4;2;True
34877;2;2;0;True
34878;5;12;7;True
34879;4;6;2;True
34880;3;6;3;True
34881;5;12;7;True
34882;4;9;5;True
34883;2;4;2;True
34884;6;16;10;True
34885;2;4;2;True
34886;3;9;6;True
34887;0;0;0;True
34888;3;6;3;True
34889;4;9;5;True
34890;6;8;2;True
34891;2;2;0;True
34892;3;6;3;True
34893;6;16;10;True
34894;4;9;5;True
34895;4;12;8;True
34896;4;6;2;True
34897;6;16;10;True
34898;9;16;7;True
34899;2;4;2;True
34900;4;6;2;True
34901;3;6;3;True
34902;3;9;6;True
34903;4;12;8;True
34904;2;4;2;True
34905;4;9;5;True
34906;6;12;6;True
34907;6;12;6;True
34908;2;4;2;True
34909;0;0;0;True
34910;4;9;5;True
34911;8;16;8;True
34912;5;12;7;True
34913;6;12;6;True
34914;1;1;0;True
34915;3;4;1;True
34916;1;1;0;True
34917;2;2;0;True
34918;3;6;3;True
34919;5;9;4;True
34920;3;3;0;True
34921;4;6;2;True
34922;1;1;0;True
34923;1;1;0;True
34924;5;12;7;True
34925;5;9;4;True
34926;5;9;4;True
34927;4;8;4;True
34928;1;1;0;True
34929;4;9;5;True
34930;2;4;2;True
34931;5;9;4;True
34932;1;1;0;True
34933;8;12;4;True
34934;6;16;10;True
34935;2;4;2;True
34936;5;12;7;True
34937;5;6;1;True
34938;5;12;7;True
34939;3;6;3;True
34940;4;9;5;True
34941;1;1;0;True
34942;3;9;6;True
34943;2;4;2;True
34944;6;16;10;True
34945;2;4;2;True
34946;5;6;1;True
34947;5;8;3;True
34948;7;12;5;True
34949;4;9;5;True
34950;2;2;0;True
34951;3;6;3;True
34952;2;2;0;True
34953;2;2;0;True
34954;5;12;7;True
34955;2;4;2;True
34956;2;2;0;True
34957;3;9;6;True
34958;2;4;2;True
34959;4;9;5;True
34960;1;1;0;True
34961;0;0;0;True
34962;3;6;3;True
34963;4;6;2;True
34964;4;9;5;True
34965;5;12;7;True
34966;2;2;0;True
34967;6;12;6;True
34968;5;12;7;True
34969;5;9;4;True
34970;3;4;1;True
34971;5;8;3;True
34972;11;16;5;True
34973;5;9;4;True
34974;4;16;12;True
34975;0;0;0;True
34976;4;6;2;True
34977;1;1;0;True
34978;2;2;0;True
34979;0;0;0;True
34980;7;12;5;True
34981;4;8;4;True
34982;1;1;0;True
34983;2;4;2;True
34984;4;8;4;True
34985;4;6;2;True
34986;2;2;0;True
34987;1;1;0;True
34988;3;6;3;True
34989;4;8;4;True
34990;6;12;6;True
34991;1;1;0;True
34992;3;6;3;True
34993;4;9;5;True
34994;5;12;7;True
34995;6;16;10;True
34996;2;4;2;True
34997;7;12;5;True
34998;0;0;0;True
34999;0;0;0;True
35000;8;16;8;True
35001;5;12;7;True
35002;2;4;2;True
35003;1;1;0;True
35004;1;1;0;True
35005;1;1;0;True
35006;3;6;3;True
35007;5;12;7;True
35008;1;1;0;True
35009;2;4;2;True
35010;0;0;0;True
35011;2;4;2;True
35012;2;4;2;True
35013;1;1;0;True
35014;4;9;5;True
35015;5;9;4;True
35016;6;16;10;True
35017;3;6;3;True
35018;2;2;0;True
35019;3;6;3;True
35020;4;12;8;True
35021;4;12;8;True
35022;0;0;0;True
35023;4;6;2;True
35024;4;8;4;True
35025;4;16;12;True
35026;5;8;3;True
35027;2;2;0;True
35028;7;16;9;True
35029;3;4;1;True
35030;3;4;1;True
35031;1;1;0;True
35032;5;12;7;True
35033;3;9;6;True
35034;5;9;4;True
35035;3;9;6;True
35036;3;6;3;True
35037;2;2;0;True
35038;5;9;4;True
35039;5;12;7;True
35040;8;16;8;True
35041;0;0;0;True
35042;4;9;5;True
35043;2;4;2;True
35044;4;8;4;True
35045;3;6;3;True
35046;3;9;6;True
35047;4;4;0;True
35048;6;12;6;True
35049;5;9;4;True
35050;3;4;1;True
35051;6;16;10;True
35052;0;0;0;True
35053;2;4;2;True
35054;1;1;0;True
35055;3;4;1;True
35056;5;16;11;True
35057;7;12;5;True
35058;4;6;2;True
35059;6;12;6;True
35060;4;9;5;True
35061;4;9;5;True
35062;4;8;4;True
35063;5;9;4;True
35064;4;9;5;True
35065;7;16;9;True
35066;5;12;7;True
35067;1;1;0;True
35068;8;16;8;True
35069;1;1;0;True
35070;5;6;1;True
35071;1;1;0;True
35072;5;9;4;True
35073;7;12;5;True
35074;6;12;6;True
35075;5;9;4;True
35076;6;12;6;True
35077;0;0;0;True
35078;5;9;4;True
35079;1;1;0;True
35080;1;1;0;True
35081;4;9;5;True
35082;1;1;0;True
35083;1;1;0;True
35084;1;1;0;True
35085;5;16;11;True
35086;3;9;6;True
35087;2;4;2;True
35088;0;0;0;True
35089;5;8;3;True
35090;5;12;7;True
35091;3;6;3;True
35092;2;4;2;True
35093;1;1;0;True
35094;4;9;5;True
35095;8;16;8;True
35096;8;16;8;True
35097;9;16;7;True
35098;2;2;0;True
35099;0;0;0;True
35100;1;1;0;True
35101;2;4;2;True
35102;7;16;9;True
35103;3;9;6;True
35104;2;4;2;True
35105;6;16;10;True
35106;6;8;2;True
35107;6;12;6;True
35108;2;4;2;True
35109;5;9;4;True
35110;1;1;0;True
35111;2;2;0;True
35112;7;16;9;True
35113;1;1;0;True
35114;4;9;5;True
35115;0;0;0;True
35116;3;6;3;True
35117;6;16;10;True
35118;2;4;2;True
35119;7;12;5;True
35120;7;12;5;True
35121;4;4;0;True
35122;3;6;3;True
35123;0;0;0;True
35124;0;0;0;True
35125;5;8;3;True
35126;1;1;0;True
35127;5;12;7;True
35128;3;6;3;True
35129;1;1;0;True
35130;0;0;0;True
35131;5;12;7;True
35132;4;6;2;True
35133;4;6;2;True
35134;5;8;3;True
35135;9;12;3;True
35136;10;16;6;True
35137;3;6;3;True
35138;6;16;10;True
35139;4;12;8;True
35140;5;16;11;True
35141;5;12;7;True
35142;2;2;0;True
35143;2;4;2;True
35144;7;16;9;True
35145;5;12;7;True
35146;0;0;0;True
35147;0;0;0;True
35148;3;6;3;True
35149;6;12;6;True
35150;3;6;3;True
35151;3;6;3;True
35152;7;12;5;True
35153;1;1;0;True
35154;3;9;6;True
35155;3;4;1;True
35156;1;1;0;True
35157;7;9;2;True
35158;2;2;0;True
35159;7;16;9;True
35160;5;12;7;True
35161;4;6;2;True
35162;2;2;0;True
35163;3;6;3;True
35164;3;4;1;True
35165;5;12;7;True
35166;4;8;4;True
35167;4;6;2;True
35168;1;1;0;True
35169;5;8;3;True
35170;1;1;0;True
35171;6;16;10;True
35172;2;2;0;True
35173;3;6;3;True
35174;7;16;9;True
35175;3;6;3;True
35176;2;4;2;True
35177;5;12;7;True
35178;9;16;7;True
35179;6;9;3;True
35180;1;1;0;True
35181;2;2;0;True
35182;10;16;6;True
35183;8;16;8;True
35184;1;1;0;True
35185;4;8;4;True
35186;7;12;5;True
35187;3;6;3;True
35188;6;16;10;True
35189;3;4;1;True
35190;3;9;6;True
35191;3;9;6;True
35192;8;16;8;True
35193;2;4;2;True
35194;0;0;0;True
35195;4;4;0;True
35196;5;9;4;True
35197;7;12;5;True
35198;5;12;7;True
35199;3;9;6;True
35200;2;2;0;True
35201;5;8;3;True
35202;5;12;7;True
35203;3;6;3;True
35204;3;4;1;True
35205;1;1;0;True
35206;4;12;8;True
35207;5;16;11;True
35208;8;12;4;True
35209;3;6;3;True
35210;5;12;7;True
35211;1;1;0;True
35212;4;12;8;True
35213;3;4;1;True
35214;3;6;3;True
35215;6;12;6;True
35216;2;4;2;True
35217;5;9;4;True
35218;1;1;0;True
35219;4;12;8;True
35220;4;16;12;True
35221;8;16;8;True
35222;2;2;0;True
35223;4;9;5;True
35224;6;12;6;True
35225;1;1;0;True
35226;6;16;10;True
35227;5;12;7;True
35228;3;6;3;True
35229;3;3;0;True
35230;1;1;0;True
35231;3;4;1;True
35232;3;6;3;True
35233;4;8;4;True
35234;6;12;6;True
35235;1;1;0;True
35236;5;12;7;True
35237;6;12;6;True
35238;3;6;3;True
35239;2;2;0;True
35240;4;6;2;True
35241;0;0;0;True
35242;2;4;2;True
35243;6;9;3;True
35244;2;4;2;True
35245;1;1;0;True
35246;6;12;6;True
35247;1;1;0;True
35248;3;6;3;True
35249;5;8;3;True
35250;5;9;4;True
35251;2;4;2;True
35252;5;12;7;True
35253;3;4;1;True
35254;1;1;0;True
35255;9;16;7;True
35256;9;16;7;True
35257;5;8;3;True
35258;3;6;3;True
35259;6;12;6;True
35260;3;6;3;True
35261;2;2;0;True
35262;3;4;1;True
35263;3;9;6;True
35264;11;16;5;True
35265;0;0;0;True
35266;0;0;0;True
35267;5;12;7;True
35268;7;16;9;True
35269;2;4;2;True
35270;4;9;5;True
35271;2;2;0;True
35272;3;6;3;True
35273;4;9;5;True
35274;5;16;11;True
35275;3;4;1;True
35276;4;8;4;True
35277;0;0;0;True
35278;5;12;7;True
35279;1;1;0;True
35280;4;12;8;True
35281;6;12;6;True
35282;7;12;5;True
35283;3;4;1;True
35284;2;2;0;True
35285;3;6;3;True
35286;3;9;6;True
35287;9;16;7;True
35288;3;4;1;True
35289;9;16;7;True
35290;7;12;5;True
35291;4;6;2;True
35292;4;12;8;True
35293;7;16;9;True
35294;3;6;3;True
35295;4;12;8;True
35296;2;4;2;True
35297;5;8;3;True
35298;2;4;2;True
35299;7;12;5;True
35300;0;0;0;True
35301;9;16;7;True
35302;6;12;6;True
35303;7;16;9;True
35304;6;9;3;True
35305;3;9;6;True
35306;3;9;6;True
35307;3;9;6;True
35308;9;16;7;True
35309;7;12;5;True
35310;2;4;2;True
35311;1;1;0;True
35312;4;12;8;True
35313;5;16;11;True
35314;4;9;5;True
35315;3;3;0;True
35316;5;12;7;True
35317;4;6;2;True
35318;1;1;0;True
35319;5;9;4;True
35320;3;6;3;True
35321;6;9;3;True
35322;5;12;7;True
35323;3;9;6;True
35324;6;12;6;True
35325;3;9;6;True
35326;6;16;10;True
35327;2;2;0;True
35328;9;16;7;True
35329;10;16;6;True
35330;6;12;6;True
35331;6;9;3;True
35332;0;0;0;True
35333;3;6;3;True
35334;3;6;3;True
35335;2;2;0;True
35336;4;8;4;True
35337;2;2;0;True
35338;3;6;3;True
35339;4;9;5;True
35340;2;4;2;True
35341;5;16;11;True
35342;2;4;2;True
35343;4;12;8;True
35344;7;16;9;True
35345;1;1;0;True
35346;3;6;3;True
35347;6;16;10;True
35348;5;9;4;True
35349;5;8;3;True
35350;1;1;0;True
35351;5;9;4;True
35352;6;12;6;True
35353;7;12;5;True
35354;7;16;9;True
35355;4;9;5;True
35356;4;9;5;True
35357;1;1;0;True
35358;2;4;2;True
35359;3;9;6;True
35360;2;4;2;True
35361;4;9;5;True
35362;1;1;0;True
35363;6;16;10;True
35364;5;8;3;True
35365;2;4;2;True
35366;2;2;0;True
35367;4;9;5;True
35368;2;4;2;True
35369;2;4;2;True
35370;4;12;8;True
35371;8;16;8;True
35372;4;9;5;True
35373;2;2;0;True
35374;3;6;3;True
35375;1;1;0;True
35376;9;16;7;True
35377;2;2;0;True
35378;5;12;7;True
35379;1;1;0;True
35380;3;6;3;True
35381;7;12;5;True
35382;2;2;0;True
35383;4;12;8;True
35384;5;9;4;True
35385;4;12;8;True
35386;7;12;5;True
35387;7;12;5;True
35388;7;16;9;True
35389;5;6;1;True
35390;7;16;9;True
35391;2;4;2;True
35392;7;16;9;True
35393;1;1;0;True
35394;3;4;1;True
35395;5;6;1;True
35396;3;4;1;True
35397;3;4;1;True
35398;1;1;0;True
35399;0;0;0;True
35400;3;6;3;True
35401;4;9;5;True
35402;5;12;7;True
35403;7;12;5;True
35404;6;16;10;True
35405;6;12;6;True
35406;3;4;1;True
35407;1;1;0;True
35408;4;4;0;True
35409;3;6;3;True
35410;4;12;8;True
35411;2;2;0;True
35412;2;4;2;True
35413;0;0;0;True
35414;3;6;3;True
35415;1;1;0;True
35416;6;9;3;True
35417;2;4;2;True
35418;3;6;3;True
35419;6;12;6;True
35420;3;4;1;True
35421;6;12;6;True
35422;7;16;9;True
35423;7;16;9;True
35424;0;0;0;True
35425;1;1;0;True
35426;6;12;6;True
35427;2;4;2;True
35428;6;9;3;True
35429;6;12;6;True
35430;8;16;8;True
35431;3;6;3;True
35432;4;6;2;True
35433;6;12;6;True
35434;10;16;6;True
35435;4;12;8;True
35436;4;6;2;True
35437;5;12;7;True
35438;9;16;7;True
35439;4;6;2;True
35440;0;0;0;True
35441;1;1;0;True
35442;1;1;0;True
35443;0;0;0;True
35444;2;2;0;True
35445;4;12;8;True
35446;9;16;7;True
35447;0;0;0;True
35448;3;9;6;True
35449;3;9;6;True
35450;8;16;8;True
35451;0;0;0;True
35452;7;16;9;True
35453;3;6;3;True
35454;2;2;0;True
35455;4;12;8;True
35456;3;9;6;True
35457;3;4;1;True
35458;10;12;2;True
35459;3;4;1;True
35460;4;9;5;True
35461;4;9;5;True
35462;6;12;6;True
35463;8;16;8;True
35464;2;4;2;True
35465;6;12;6;True
35466;0;0;0;True
35467;7;16;9;True
35468;3;4;1;True
35469;4;12;8;True
35470;4;9;5;True
35471;4;6;2;True
35472;5;8;3;True
35473;6;16;10;True
35474;3;6;3;True
35475;5;12;7;True
35476;2;2;0;True
35477;5;16;11;True
35478;3;4;1;True
35479;3;3;0;True
35480;5;16;11;True
35481;6;16;10;True
35482;7;16;9;True
35483;6;16;10;True
35484;8;16;8;True
35485;3;9;6;True
35486;6;16;10;True
35487;7;12;5;True
35488;0;0;0;True
35489;1;1;0;True
35490;2;4;2;True
35491;3;9;6;True
35492;1;1;0;True
35493;7;12;5;True
35494;4;6;2;True
35495;8;12;4;True
35496;1;1;0;True
35497;6;12;6;True
35498;9;16;7;True
35499;5;9;4;True
35500;1;1;0;True
35501;2;2;0;True
35502;0;0;0;True
35503;5;12;7;True
35504;3;4;1;True
35505;0;0;0;True
35506;2;4;2;True
35507;7;12;5;True
35508;2;4;2;True
35509;5;9;4;True
35510;6;12;6;True
35511;2;4;2;True
35512;0;0;0;True
35513;4;8;4;True
35514;5;9;4;True
35515;6;12;6;True
35516;0;0;0;True
35517;3;6;3;True
35518;2;4;2;True
35519;6;12;6;True
35520;4;12;8;True
35521;2;2;0;True
35522;2;2;0;True
35523;4;12;8;True
35524;4;6;2;True
35525;4;9;5;True
35526;5;9;4;True
35527;1;1;0;True
35528;3;6;3;True
35529;4;8;4;True
35530;0;0;0;True
35531;4;9;5;True
35532;3;6;3;True
35533;7;16;9;True
35534;1;1;0;True
35535;1;1;0;True
35536;6;12;6;True
35537;5;12;7;True
35538;1;1;0;True
35539;1;1;0;True
35540;0;0;0;True
35541;3;6;3;True
35542;1;1;0;True
35543;2;4;2;True
35544;4;9;5;True
35545;0;0;0;True
35546;3;9;6;True
35547;3;4;1;True
35548;2;4;2;True
35549;4;6;2;True
35550;4;6;2;True
35551;3;4;1;True
35552;0;0;0;True
35553;3;4;1;True
35554;4;6;2;True
35555;3;6;3;True
35556;6;16;10;True
35557;2;4;2;True
35558;0;0;0;True
35559;1;1;0;True
35560;5;12;7;True
35561;4;12;8;True
35562;4;6;2;True
35563;3;6;3;True
35564;1;1;0;True
35565;4;12;8;True
35566;2;2;0;True
35567;2;2;0;True
35568;6;12;6;True
35569;5;9;4;True
35570;2;2;0;True
35571;9;16;7;True
35572;3;6;3;True
35573;3;4;1;True
35574;3;4;1;True
35575;6;12;6;True
35576;6;16;10;True
35577;3;9;6;True
35578;6;12;6;True
35579;6;16;10;True
35580;5;12;7;True
35581;2;2;0;True
35582;2;2;0;True
35583;1;1;0;True
35584;2;4;2;True
35585;2;4;2;True
35586;4;12;8;True
35587;1;1;0;True
35588;2;4;2;True
35589;3;6;3;True
35590;5;9;4;True
35591;0;0;0;True
35592;2;4;2;True
35593;1;1;0;True
35594;5;12;7;True
35595;5;6;1;True
35596;2;4;2;True
35597;0;0;0;True
35598;6;16;10;True
35599;2;4;2;True
35600;1;1;0;True
35601;0;0;0;True
35602;3;4;1;True
35603;3;6;3;True
35604;7;16;9;True
35605;2;4;2;True
35606;5;12;7;True
35607;5;12;7;True
35608;6;12;6;True
35609;5;9;4;True
35610;2;4;2;True
35611;9;16;7;True
35612;1;1;0;True
35613;1;1;0;True
35614;1;1;0;True
35615;2;4;2;True
35616;7;16;9;True
35617;4;9;5;True
35618;4;6;2;True
35619;3;6;3;True
35620;5;12;7;True
35621;3;6;3;True
35622;3;3;0;True
35623;1;1;0;True
35624;5;16;11;True
35625;6;8;2;True
35626;1;1;0;True
35627;3;9;6;True
35628;3;6;3;True
35629;1;1;0;True
35630;1;1;0;True
35631;2;4;2;True
35632;2;2;0;True
35633;4;9;5;True
35634;7;16;9;True
35635;3;6;3;True
35636;7;12;5;True
35637;0;0;0;True
35638;5;9;4;True
35639;1;1;0;True
35640;3;6;3;True
35641;2;4;2;True
35642;2;4;2;True
35643;3;6;3;True
35644;6;12;6;True
35645;1;1;0;True
35646;9;16;7;True
35647;4;9;5;True
35648;3;6;3;True
35649;5;12;7;True
35650;4;9;5;True
35651;7;12;5;True
35652;9;12;3;True
35653;2;2;0;True
35654;6;12;6;True
35655;5;12;7;True
35656;6;8;2;True
35657;1;1;0;True
35658;4;12;8;True
35659;0;0;0;True
35660;2;4;2;True
35661;5;8;3;True
35662;5;9;4;True
35663;8;12;4;True
35664;2;2;0;True
35665;5;12;7;True
35666;1;1;0;True
35667;5;12;7;True
35668;7;12;5;True
35669;4;9;5;True
35670;6;12;6;True
35671;8;16;8;True
35672;9;16;7;True
35673;4;8;4;True
35674;1;1;0;True
35675;3;4;1;True
35676;9;16;7;True
35677;2;4;2;True
35678;1;1;0;True
35679;8;16;8;True
35680;4;6;2;True
35681;7;12;5;True
35682;2;4;2;True
35683;6;12;6;True
35684;6;16;10;True
35685;7;12;5;True
35686;4;8;4;True
35687;1;1;0;True
35688;3;6;3;True
35689;0;0;0;True
35690;6;12;6;True
35691;9;16;7;True
35692;2;4;2;True
35693;6;12;6;True
35694;3;6;3;True
35695;1;1;0;True
35696;2;2;0;True
35697;6;12;6;True
35698;1;1;0;True
35699;7;12;5;True
35700;6;12;6;True
35701;3;6;3;True
35702;2;4;2;True
35703;2;4;2;True
35704;6;16;10;True
35705;3;6;3;True
35706;3;4;1;True
35707;2;4;2;True
35708;2;4;2;True
35709;3;4;1;True
35710;4;9;5;True
35711;2;4;2;True
35712;3;4;1;True
35713;3;6;3;True
35714;3;6;3;True
35715;4;12;8;True
35716;6;12;6;True
35717;3;6;3;True
35718;1;1;0;True
35719;6;12;6;True
35720;6;8;2;True
35721;1;1;0;True
35722;8;16;8;True
35723;1;1;0;True
35724;2;2;0;True
35725;6;12;6;True
35726;3;3;0;True
35727;5;12;7;True
35728;2;4;2;True
35729;3;9;6;True
35730;1;1;0;True
35731;3;6;3;True
35732;1;1;0;True
35733;5;12;7;True
35734;1;1;0;True
35735;4;12;8;True
35736;2;2;0;True
35737;2;4;2;True
35738;2;4;2;True
35739;9;16;7;True
35740;1;1;0;True
35741;7;12;5;True
35742;2;2;0;True
35743;6;9;3;True
35744;2;4;2;True
35745;4;6;2;True
35746;2;4;2;True
35747;6;12;6;True
35748;6;16;10;True
35749;6;12;6;True
35750;2;2;0;True
35751;3;6;3;True
35752;2;4;2;True
35753;3;4;1;True
35754;1;1;0;True
35755;6;8;2;True
35756;3;4;1;True
35757;2;2;0;True
35758;2;4;2;True
35759;4;9;5;True
35760;3;6;3;True
35761;3;6;3;True
35762;6;12;6;True
35763;3;4;1;True
35764;1;1;0;True
35765;6;12;6;True
35766;4;9;5;True
35767;5;9;4;True
35768;3;6;3;True
35769;2;2;0;True
35770;0;0;0;True
35771;5;9;4;True
35772;1;1;0;True
35773;6;16;10;True
35774;3;6;3;True
35775;4;6;2;True
35776;2;4;2;True
35777;5;16;11;True
35778;2;4;2;True
35779;5;9;4;True
35780;5;9;4;True
35781;4;9;5;True
35782;6;12;6;True
35783;6;16;10;True
35784;6;16;10;True
35785;1;1;0;True
35786;6;12;6;True
35787;4;9;5;True
35788;2;2;0;True
35789;5;12;7;True
35790;1;1;0;True
35791;6;16;10;True
35792;4;6;2;True
35793;4;9;5;True
35794;2;2;0;True
35795;1;1;0;True
35796;5;6;1;True
35797;6;12;6;True
35798;4;8;4;True
35799;7;12;5;True
35800;7;12;5;True
35801;5;12;7;True
35802;2;2;0;True
35803;3;9;6;True
35804;0;0;0;True
35805;2;4;2;True
35806;2;4;2;True
35807;3;9;6;True
35808;7;16;9;True
35809;3;6;3;True
35810;6;12;6;True
35811;3;3;0;True
35812;4;8;4;True
35813;4;6;2;True
35814;4;6;2;True
35815;4;9;5;True
35816;2;4;2;True
35817;6;12;6;True
35818;7;16;9;True
35819;1;1;0;True
35820;0;0;0;True
35821;3;3;0;True
35822;3;6;3;True
35823;0;0;0;True
35824;5;9;4;True
35825;2;4;2;True
35826;5;9;4;True
35827;5;12;7;True
35828;0;0;0;True
35829;3;6;3;True
35830;1;1;0;True
35831;3;4;1;True
35832;6;16;10;True
35833;1;1;0;True
35834;4;6;2;True
35835;5;12;7;True
35836;3;9;6;True
35837;6;16;10;True
35838;5;9;4;True
35839;2;4;2;True
35840;8;16;8;True
35841;3;9;6;True
35842;5;6;1;True
35843;6;12;6;True
35844;0;0;0;True
35845;4;6;2;True
35846;0;0;0;True
35847;6;12;6;True
35848;2;2;0;True
35849;8;16;8;True
35850;4;9;5;True
35851;0;0;0;True
35852;6;12;6;True
35853;3;3;0;True
35854;4;12;8;True
35855;3;9;6;True
35856;2;2;0;True
35857;6;8;2;True
35858;7;16;9;True
35859;0;0;0;True
35860;1;1;0;True
35861;1;1;0;True
35862;5;12;7;True
35863;2;2;0;True
35864;4;6;2;True
35865;6;9;3;True
35866;1;1;0;True
35867;3;3;0;True
35868;6;9;3;True
35869;2;2;0;True
35870;4;9;5;True
35871;6;9;3;True
35872;1;1;0;True
35873;5;16;11;True
35874;5;9;4;True
35875;6;16;10;True
35876;2;2;0;True
35877;1;1;0;True
35878;5;12;7;True
35879;1;1;0;True
35880;7;12;5;True
35881;8;16;8;True
35882;3;9;6;True
35883;3;6;3;True
35884;3;6;3;True
35885;3;6;3;True
35886;5;12;7;True
35887;2;2;0;True
35888;3;9;6;True
35889;5;16;11;True
35890;2;4;2;True
35891;0;0;0;True
35892;6;16;10;True
35893;2;4;2;True
35894;2;2;0;True
35895;7;12;5;True
35896;2;4;2;True
35897;4;8;4;True
35898;4;6;2;True
35899;5;12;7;True
35900;2;2;0;True
35901;7;16;9;True
35902;7;16;9;True
35903;5;16;11;True
35904;1;1;0;True
35905;5;9;4;True
35906;4;9;5;True
35907;6;9;3;True
35908;6;8;2;True
35909;2;2;0;True
35910;9;16;7;True
35911;4;6;2;True
35912;4;6;2;True
35913;3;9;6;True
35914;4;6;2;True
35915;1;1;0;True
35916;4;9;5;True
35917;3;4;1;True
35918;3;6;3;True
35919;3;6;3;True
35920;2;4;2;True
35921;1;1;0;True
35922;3;4;1;True
35923;4;6;2;True
35924;5;9;4;True
35925;4;9;5;True
35926;6;16;10;True
35927;1;1;0;True
35928;4;9;5;True
35929;2;2;0;True
35930;1;1;0;True
35931;1;1;0;True
35932;2;4;2;True
35933;5;6;1;True
35934;1;1;0;True
35935;0;0;0;True
35936;6;8;2;True
35937;1;1;0;True
35938;3;6;3;True
35939;1;1;0;True
35940;4;12;8;True
35941;8;12;4;True
35942;7;12;5;True
35943;6;9;3;True
35944;6;8;2;True
35945;3;3;0;True
35946;8;12;4;True
35947;2;2;0;True
35948;4;6;2;True
35949;8;16;8;True
35950;4;8;4;True
35951;1;1;0;True
35952;4;12;8;True
35953;1;1;0;True
35954;2;2;0;True
35955;2;2;0;True
35956;3;4;1;True
35957;5;12;7;True
35958;4;9;5;True
35959;2;4;2;True
35960;2;2;0;True
35961;5;12;7;True
35962;2;2;0;True
35963;4;8;4;True
35964;3;4;1;True
35965;1;1;0;True
35966;5;9;4;True
35967;2;2;0;True
35968;5;8;3;True
35969;3;6;3;True
35970;6;16;10;True
35971;0;0;0;True
35972;1;1;0;True
35973;4;12;8;True
35974;9;16;7;True
35975;2;2;0;True
35976;0;0;0;True
35977;3;6;3;True
35978;6;12;6;True
35979;4;6;2;True
35980;2;4;2;True
35981;3;9;6;True
35982;3;6;3;True
35983;6;16;10;True
35984;5;12;7;True
35985;3;4;1;True
35986;9;16;7;True
35987;0;0;0;True
35988;4;9;5;True
35989;3;9;6;True
35990;8;12;4;True
35991;1;1;0;True
35992;4;6;2;True
35993;1;1;0;True
35994;4;6;2;True
35995;5;12;7;True
35996;0;0;0;True
35997;2;4;2;True
35998;1;1;0;True
35999;4;9;5;True
36000;0;0;0;True
36001;5;9;4;True
36002;2;4;2;True
36003;0;0;0;True
36004;2;2;0;True
36005;2;4;2;True
36006;5;16;11;True
36007;6;12;6;True
36008;3;6;3;True
36009;3;6;3;True
36010;3;9;6;True
36011;3;6;3;True
36012;4;6;2;True
36013;1;1;0;True
36014;2;2;0;True
36015;5;9;4;True
36016;3;3;0;True
36017;8;12;4;True
36018;2;4;2;True
36019;2;4;2;True
36020;1;1;0;True
36021;4;8;4;True
36022;5;9;4;True
36023;1;1;0;True
36024;0;0;0;True
36025;4;12;8;True
36026;3;9;6;True
36027;7;16;9;True
36028;4;9;5;True
36029;2;2;0;True
36030;4;6;2;True
36031;6;9;3;True
36032;5;12;7;True
36033;5;12;7;True
36034;5;12;7;True
36035;4;9;5;True
36036;7;16;9;True
36037;4;9;5;True
36038;3;9;6;True
36039;3;6;3;True
36040;9;16;7;True
36041;6;12;6;True
36042;7;12;5;True
36043;1;1;0;True
36044;4;6;2;True
36045;3;9;6;True
36046;4;9;5;True
36047;6;12;6;True
36048;8;16;8;True
36049;3;6;3;True
36050;1;1;0;True
36051;2;2;0;True
36052;4;9;5;True
36053;1;1;0;True
36054;3;6;3;True
36055;5;16;11;True
36056;1;1;0;True
36057;7;16;9;True
36058;2;4;2;True
36059;7;16;9;True
36060;6;16;10;True
36061;1;1;0;True
36062;4;9;5;True
36063;3;6;3;True
36064;3;6;3;True
36065;2;2;0;True
36066;7;16;9;True
36067;1;1;0;True
36068;4;6;2;True
36069;2;4;2;True
36070;0;0;0;True
36071;5;12;7;True
36072;1;1;0;True
36073;3;4;1;True
36074;5;12;7;True
36075;2;4;2;True
36076;3;6;3;True
36077;3;6;3;True
36078;6;9;3;True
36079;4;6;2;True
36080;2;2;0;True
36081;5;12;7;True
36082;5;12;7;True
36083;3;6;3;True
36084;3;4;1;True
36085;7;12;5;True
36086;5;16;11;True
36087;3;6;3;True
36088;6;12;6;True
36089;4;12;8;True
36090;6;12;6;True
36091;7;16;9;True
36092;3;4;1;True
36093;3;6;3;True
36094;1;1;0;True
36095;5;12;7;True
36096;2;4;2;True
36097;2;4;2;True
36098;6;12;6;True
36099;5;12;7;True
36100;4;12;8;True
36101;6;9;3;True
36102;9;16;7;True
36103;4;12;8;True
36104;2;2;0;True
36105;6;12;6;True
36106;9;12;3;True
36107;3;4;1;True
36108;0;0;0;True
36109;4;6;2;True
36110;0;0;0;True
36111;4;9;5;True
36112;7;16;9;True
36113;1;1;0;True
36114;6;9;3;True
36115;0;0;0;True
36116;6;12;6;True
36117;6;12;6;True
36118;3;9;6;True
36119;0;0;0;True
36120;7;16;9;True
36121;1;1;0;True
36122;0;0;0;True
36123;8;16;8;True
36124;5;12;7;True
36125;4;8;4;True
36126;6;12;6;True
36127;8;16;8;True
36128;3;4;1;True
36129;5;12;7;True
36130;2;2;0;True
36131;5;9;4;True
36132;3;9;6;True
36133;6;12;6;True
36134;5;9;4;True
36135;5;8;3;True
36136;1;1;0;True
36137;6;12;6;True
36138;1;1;0;True
36139;0;0;0;True
36140;3;6;3;True
36141;6;12;6;True
36142;1;1;0;True
36143;1;1;0;True
36144;6;12;6;True
36145;3;6;3;True
36146;2;2;0;True
36147;2;2;0;True
36148;3;9;6;True
36149;2;2;0;True
36150;4;9;5;True
36151;0;0;0;True
36152;6;16;10;True
36153;3;6;3;True
36154;6;16;10;True
36155;8;12;4;True
36156;5;12;7;True
36157;6;12;6;True
36158;7;16;9;True
36159;1;1;0;True
36160;1;1;0;True
36161;2;2;0;True
36162;4;6;2;True
36163;4;8;4;True
36164;4;8;4;True
36165;4;9;5;True
36166;3;9;6;True
36167;6;12;6;True
36168;3;6;3;True
36169;1;1;0;True
36170;4;9;5;True
36171;4;12;8;True
36172;3;6;3;True
36173;3;4;1;True
36174;2;4;2;True
36175;6;9;3;True
36176;4;8;4;True
36177;3;4;1;True
36178;1;1;0;True
36179;5;16;11;True
36180;8;16;8;True
36181;5;12;7;True
36182;2;4;2;True
36183;0;0;0;True
36184;1;1;0;True
36185;7;12;5;True
36186;2;4;2;True
36187;6;12;6;True
36188;2;4;2;True
36189;5;6;1;True
36190;3;9;6;True
36191;2;2;0;True
36192;4;9;5;True
36193;3;4;1;True
36194;6;12;6;True
36195;1;1;0;True
36196;2;4;2;True
36197;7;16;9;True
36198;3;4;1;True
36199;4;6;2;True
36200;5;16;11;True
36201;5;9;4;True
36202;5;12;7;True
36203;5;12;7;True
36204;2;4;2;True
36205;5;8;3;True
36206;3;6;3;True
36207;2;2;0;True
36208;1;1;0;True
36209;7;12;5;True
36210;2;2;0;True
36211;11;16;5;True
36212;3;4;1;True
36213;6;12;6;True
36214;2;2;0;True
36215;1;1;0;True
36216;2;4;2;True
36217;2;2;0;True
36218;4;12;8;True
36219;3;6;3;True
36220;5;12;7;True
36221;6;16;10;True
36222;4;6;2;True
36223;2;2;0;True
36224;7;12;5;True
36225;5;8;3;True
36226;3;6;3;True
36227;1;1;0;True
36228;3;9;6;True
36229;2;4;2;True
36230;6;12;6;True
36231;3;9;6;True
36232;11;16;5;True
36233;5;12;7;True
36234;4;8;4;True
36235;5;9;4;True
36236;5;9;4;True
36237;4;8;4;True
36238;4;6;2;True
36239;2;4;2;True
36240;4;12;8;True
36241;3;6;3;True
36242;1;1;0;True
36243;2;2;0;True
36244;4;6;2;True
36245;7;16;9;True
36246;6;12;6;True
36247;4;9;5;True
36248;8;16;8;True
36249;4;9;5;True
36250;6;12;6;True
36251;2;4;2;True
36252;3;9;6;True
36253;6;12;6;True
36254;4;6;2;True
36255;4;8;4;True
36256;2;4;2;True
36257;4;6;2;True
36258;2;4;2;True
36259;2;2;0;True
36260;8;16;8;True
36261;1;1;0;True
36262;0;0;0;True
36263;8;16;8;True
36264;6;9;3;True
36265;3;4;1;True
36266;5;12;7;True
36267;1;1;0;True
36268;5;12;7;True
36269;7;12;5;True
36270;8;16;8;True
36271;5;9;4;True
36272;10;16;6;True
36273;8;16;8;True
36274;1;1;0;True
36275;0;0;0;True
36276;4;6;2;True
36277;0;0;0;True
36278;2;2;0;True
36279;10;16;6;True
36280;1;1;0;True
36281;3;3;0;True
36282;6;12;6;True
36283;6;16;10;True
36284;2;2;0;True
36285;8;12;4;True
36286;5;6;1;True
36287;1;1;0;True
36288;5;9;4;True
36289;6;9;3;True
36290;4;9;5;True
36291;6;12;6;True
36292;0;0;0;True
36293;6;12;6;True
36294;3;3;0;True
36295;3;9;6;True
36296;4;9;5;True
36297;6;12;6;True
36298;4;8;4;True
36299;3;4;1;True
36300;3;6;3;True
36301;2;4;2;True
36302;1;1;0;True
36303;2;2;0;True
36304;2;2;0;True
36305;7;16;9;True
36306;0;0;0;True
36307;6;12;6;True
36308;0;0;0;True
36309;1;1;0;True
36310;6;16;10;True
36311;0;0;0;True
36312;0;0;0;True
36313;0;0;0;True
36314;9;16;7;True
36315;7;12;5;True
36316;4;6;2;True
36317;5;12;7;True
36318;6;9;3;True
36319;4;9;5;True
36320;4;9;5;True
36321;4;12;8;True
36322;9;16;7;True
36323;1;1;0;True
36324;7;16;9;True
36325;4;6;2;True
36326;5;16;11;True
36327;4;9;5;True
36328;3;3;0;True
36329;9;16;7;True
36330;0;0;0;True
36331;6;9;3;True
36332;5;9;4;True
36333;4;8;4;True
36334;6;16;10;True
36335;2;2;0;True
36336;5;9;4;True
36337;3;4;1;True
36338;0;0;0;True
36339;2;2;0;True
36340;2;2;0;True
36341;1;1;0;True
36342;2;4;2;True
36343;6;12;6;True
36344;2;4;2;True
36345;6;9;3;True
36346;5;9;4;True
36347;1;1;0;True
36348;1;1;0;True
36349;4;6;2;True
36350;4;6;2;True
36351;5;9;4;True
36352;2;4;2;True
36353;2;4;2;True
36354;6;12;6;True
36355;5;16;11;True
36356;4;12;8;True
36357;2;4;2;True
36358;4;9;5;True
36359;6;12;6;True
36360;4;6;2;True
36361;2;2;0;True
36362;5;12;7;True
36363;5;12;7;True
36364;0;0;0;True
36365;6;12;6;True
36366;1;1;0;True
36367;5;12;7;True
36368;4;9;5;True
36369;5;6;1;True
36370;3;4;1;True
36371;3;6;3;True
36372;5;12;7;True
36373;4;6;2;True
36374;4;9;5;True
36375;2;4;2;True
36376;6;12;6;True
36377;2;2;0;True
36378;4;6;2;True
36379;2;4;2;True
36380;2;2;0;True
36381;3;6;3;True
36382;4;4;0;True
36383;3;4;1;True
36384;1;1;0;True
36385;2;4;2;True
36386;1;1;0;True
36387;4;6;2;True
36388;2;4;2;True
36389;5;6;1;True
36390;3;6;3;True
36391;3;9;6;True
36392;4;9;5;True
36393;5;9;4;True
36394;2;4;2;True
36395;3;9;6;True
36396;5;6;1;True
36397;1;1;0;True
36398;1;1;0;True
36399;1;1;0;True
36400;2;4;2;True
36401;1;1;0;True
36402;1;1;0;True
36403;1;1;0;True
36404;4;6;2;True
36405;6;9;3;True
36406;4;8;4;True
36407;2;2;0;True
36408;3;9;6;True
36409;3;6;3;True
36410;2;4;2;True
36411;5;12;7;True
36412;5;12;7;True
36413;5;9;4;True
36414;3;6;3;True
36415;5;16;11;True
36416;4;6;2;True
36417;3;6;3;True
36418;7;16;9;True
36419;1;1;0;True
36420;7;16;9;True
36421;5;9;4;True
36422;3;6;3;True
36423;5;9;4;True
36424;5;12;7;True
36425;1;1;0;True
36426;4;12;8;True
36427;1;1;0;True
36428;1;1;0;True
36429;3;6;3;True
36430;3;9;6;True
36431;5;8;3;True
36432;8;16;8;True
36433;4;6;2;True
36434;6;12;6;True
36435;2;2;0;True
36436;4;6;2;True
36437;4;9;5;True
36438;2;2;0;True
36439;1;1;0;True
36440;0;0;0;True
36441;0;0;0;True
36442;2;4;2;True
36443;5;9;4;True
36444;5;12;7;True
36445;4;9;5;True
36446;3;6;3;True
36447;1;1;0;True
36448;1;1;0;True
36449;4;6;2;True
36450;4;6;2;True
36451;3;4;1;True
36452;2;4;2;True
36453;4;9;5;True
36454;0;0;0;True
36455;6;16;10;True
36456;5;16;11;True
36457;1;1;0;True
36458;4;6;2;True
36459;6;12;6;True
36460;0;0;0;True
36461;2;4;2;True
36462;4;12;8;True
36463;4;6;2;True
36464;0;0;0;True
36465;2;2;0;True
36466;6;9;3;True
36467;6;9;3;True
36468;3;6;3;True
36469;4;12;8;True
36470;2;4;2;True
36471;6;12;6;True
36472;3;6;3;True
36473;2;4;2;True
36474;2;2;0;True
36475;3;6;3;True
36476;2;2;0;True
36477;4;6;2;True
36478;5;12;7;True
36479;4;6;2;True
36480;4;9;5;True
36481;3;6;3;True
36482;2;4;2;True
36483;2;4;2;True
36484;4;9;5;True
36485;3;6;3;True
36486;5;16;11;True
36487;2;2;0;True
36488;7;16;9;True
36489;1;1;0;True
36490;3;4;1;True
36491;3;9;6;True
36492;3;6;3;True
36493;7;16;9;True
36494;2;4;2;True
36495;4;12;8;True
36496;5;8;3;True
36497;4;9;5;True
36498;3;9;6;True
36499;0;0;0;True
36500;3;4;1;True
36501;7;16;9;True
36502;4;8;4;True
36503;2;4;2;True
36504;0;0;0;True
36505;3;6;3;True
36506;2;4;2;True
36507;2;4;2;True
36508;2;4;2;True
36509;2;4;2;True
36510;4;6;2;True
36511;1;1;0;True
36512;2;2;0;True
36513;4;12;8;True
36514;3;9;6;True
36515;4;6;2;True
36516;4;8;4;True
36517;4;9;5;True
36518;6;12;6;True
36519;0;0;0;True
36520;4;4;0;True
36521;4;9;5;True
36522;6;9;3;True
36523;5;12;7;True
36524;3;6;3;True
36525;5;12;7;True
36526;2;4;2;True
36527;3;6;3;True
36528;4;6;2;True
36529;4;6;2;True
36530;6;16;10;True
36531;4;6;2;True
36532;5;9;4;True
36533;2;4;2;True
36534;7;12;5;True
36535;2;4;2;True
36536;9;16;7;True
36537;7;12;5;True
36538;1;1;0;True
36539;1;1;0;True
36540;6;9;3;True
36541;3;6;3;True
36542;8;12;4;True
36543;3;4;1;True
36544;2;4;2;True
36545;7;16;9;True
36546;5;6;1;True
36547;1;1;0;True
36548;1;1;0;True
36549;3;4;1;True
36550;3;6;3;True
36551;3;6;3;True
36552;2;2;0;True
36553;2;4;2;True
36554;0;0;0;True
36555;0;0;0;True
36556;4;9;5;True
36557;9;16;7;True
36558;4;6;2;True
36559;1;1;0;True
36560;8;16;8;True
36561;1;1;0;True
36562;7;16;9;True
36563;0;0;0;True
36564;5;12;7;True
36565;2;4;2;True
36566;1;1;0;True
36567;5;12;7;True
36568;2;4;2;True
36569;7;16;9;True
36570;3;9;6;True
36571;4;6;2;True
36572;7;12;5;True
36573;5;9;4;True
36574;4;8;4;True
36575;8;12;4;True
36576;0;0;0;True
36577;3;6;3;True
36578;3;4;1;True
36579;0;0;0;True
36580;2;4;2;True
36581;4;6;2;True
36582;5;8;3;True
36583;3;6;3;True
36584;4;4;0;True
36585;4;8;4;True
36586;7;12;5;True
36587;3;6;3;True
36588;6;12;6;True
36589;6;16;10;True
36590;6;12;6;True
36591;6;12;6;True
36592;4;9;5;True
36593;5;9;4;True
36594;6;16;10;True
36595;3;6;3;True
36596;1;1;0;True
36597;2;4;2;True
36598;1;1;0;True
36599;0;0;0;True
36600;2;4;2;True
36601;2;4;2;True
36602;1;1;0;True
36603;1;1;0;True
36604;1;1;0;True
36605;3;6;3;True
36606;1;1;0;True
36607;7;9;2;True
36608;2;4;2;True
36609;7;16;9;True
36610;1;1;0;True
36611;6;16;10;True
36612;3;6;3;True
36613;2;4;2;True
36614;6;9;3;True
36615;2;2;0;True
36616;1;1;0;True
36617;2;4;2;True
36618;7;9;2;True
36619;5;12;7;True
36620;7;12;5;True
36621;2;2;0;True
36622;0;0;0;True
36623;1;1;0;True
36624;4;4;0;True
36625;7;16;9;True
36626;7;16;9;True
36627;3;4;1;True
36628;8;16;8;True
36629;2;4;2;True
36630;3;9;6;True
36631;2;4;2;True
36632;9;16;7;True
36633;4;9;5;True
36634;4;6;2;True
36635;1;1;0;True
36636;2;2;0;True
36637;1;1;0;True
36638;5;12;7;True
36639;8;12;4;True
36640;3;6;3;True
36641;6;16;10;True
36642;7;12;5;True
36643;5;9;4;True
36644;5;8;3;True
36645;4;9;5;True
36646;4;8;4;True
36647;12;16;4;True
36648;5;12;7;True
36649;4;9;5;True
36650;7;12;5;True
36651;5;12;7;True
36652;1;1;0;True
36653;1;1;0;True
36654;3;6;3;True
36655;6;12;6;True
36656;2;2;0;True
36657;6;8;2;True
36658;2;4;2;True
36659;4;8;4;True
36660;0;0;0;True
36661;9;16;7;True
36662;5;16;11;True
36663;6;16;10;True
36664;10;16;6;True
36665;2;4;2;True
36666;4;12;8;True
36667;3;6;3;True
36668;4;12;8;True
36669;9;16;7;True
36670;1;1;0;True
36671;2;4;2;True
36672;2;4;2;True
36673;2;4;2;True
36674;8;16;8;True
36675;0;0;0;True
36676;4;6;2;True
36677;1;1;0;True
36678;4;6;2;True
36679;1;1;0;True
36680;4;6;2;True
36681;5;9;4;True
36682;6;12;6;True
36683;2;2;0;True
36684;4;12;8;True
36685;6;12;6;True
36686;2;4;2;True
36687;3;6;3;True
36688;1;1;0;True
36689;5;9;4;True
36690;3;9;6;True
36691;0;0;0;True
36692;4;12;8;True
36693;5;12;7;True
36694;5;12;7;True
36695;2;4;2;True
36696;3;6;3;True
36697;2;2;0;True
36698;7;16;9;True
36699;5;8;3;True
36700;2;4;2;True
36701;5;16;11;True
36702;8;12;4;True
36703;5;9;4;True
36704;5;9;4;True
36705;1;1;0;True
36706;3;4;1;True
36707;5;12;7;True
36708;5;9;4;True
36709;2;2;0;True
36710;7;12;5;True
36711;3;6;3;True
36712;4;6;2;True
36713;6;12;6;True
36714;3;4;1;True
36715;3;4;1;True
36716;7;12;5;True
36717;2;4;2;True
36718;2;2;0;True
36719;4;6;2;True
36720;2;4;2;True
36721;3;9;6;True
36722;4;9;5;True
36723;4;9;5;True
36724;3;6;3;True
36725;2;2;0;True
36726;5;8;3;True
36727;10;16;6;True
36728;2;2;0;True
36729;9;16;7;True
36730;2;4;2;True
36731;3;6;3;True
36732;3;6;3;True
36733;6;16;10;True
36734;3;6;3;True
36735;2;4;2;True
36736;7;16;9;True
36737;1;1;0;True
36738;0;0;0;True
36739;5;12;7;True
36740;7;16;9;True
36741;5;8;3;True
36742;4;12;8;True
36743;5;9;4;True
36744;6;16;10;True
36745;4;9;5;True
36746;5;12;7;True
36747;5;9;4;True
36748;4;4;0;True
36749;10;16;6;True
36750;1;1;0;True
36751;4;6;2;True
36752;4;6;2;True
36753;1;1;0;True
36754;4;6;2;True
36755;9;16;7;True
36756;3;6;3;True
36757;0;0;0;True
36758;2;4;2;True
36759;3;6;3;True
36760;6;12;6;True
36761;2;4;2;True
36762;5;9;4;True
36763;4;9;5;True
36764;3;6;3;True
36765;2;2;0;True
36766;4;6;2;True
36767;6;16;10;True
36768;2;4;2;True
36769;6;9;3;True
36770;6;9;3;True
36771;1;1;0;True
36772;1;1;0;True
36773;4;6;2;True
36774;3;6;3;True
36775;5;9;4;True
36776;0;0;0;True
36777;3;4;1;True
36778;4;8;4;True
36779;1;1;0;True
36780;6;16;10;True
36781;1;1;0;True
36782;2;4;2;True
36783;7;12;5;True
36784;3;4;1;True
36785;6;12;6;True
36786;4;9;5;True
36787;2;2;0;True
36788;6;12;6;True
36789;2;2;0;True
36790;4;8;4;True
36791;6;9;3;True
36792;7;16;9;True
36793;6;12;6;True
36794;5;9;4;True
36795;5;12;7;True
36796;9;16;7;True
36797;1;1;0;True
36798;5;12;7;True
36799;5;9;4;True
36800;2;2;0;True
36801;8;16;8;True
36802;0;0;0;True
36803;4;8;4;True
36804;4;9;5;True
36805;2;2;0;True
36806;2;4;2;True
36807;3;6;3;True
36808;1;1;0;True
36809;6;12;6;True
36810;4;9;5;True
36811;4;9;5;True
36812;1;1;0;True
36813;4;9;5;True
36814;3;9;6;True
36815;7;16;9;True
36816;4;6;2;True
36817;8;16;8;True
36818;0;0;0;True
36819;3;6;3;True
36820;4;4;0;True
36821;3;6;3;True
36822;1;1;0;True
36823;2;4;2;True
36824;1;1;0;True
36825;8;16;8;True
36826;3;6;3;True
36827;2;4;2;True
36828;7;16;9;True
36829;1;1;0;True
36830;0;0;0;True
36831;2;2;0;True
36832;2;4;2;True
36833;3;6;3;True
36834;2;2;0;True
36835;1;1;0;True
36836;5;12;7;True
36837;3;6;3;True
36838;1;1;0;True
36839;2;2;0;True
36840;6;12;6;True
36841;3;6;3;True
36842;4;4;0;True
36843;6;16;10;True
36844;5;9;4;True
36845;1;1;0;True
36846;3;6;3;True
36847;4;6;2;True
36848;6;12;6;True
36849;8;16;8;True
36850;0;0;0;True
36851;9;12;3;True
36852;3;6;3;True
36853;5;12;7;True
36854;6;12;6;True
36855;7;16;9;True
36856;5;8;3;True
36857;5;16;11;True
36858;0;0;0;True
36859;3;9;6;True
36860;4;8;4;True
36861;9;16;7;True
36862;5;9;4;True
36863;3;6;3;True
36864;3;4;1;True
36865;1;1;0;True
36866;1;1;0;True
36867;3;9;6;True
36868;3;6;3;True
36869;3;4;1;True
36870;5;12;7;True
36871;5;12;7;True
36872;3;4;1;True
36873;2;2;0;True
36874;3;4;1;True
36875;4;12;8;True
36876;5;8;3;True
36877;1;1;0;True
36878;7;12;5;True
36879;4;6;2;True
36880;2;4;2;True
36881;3;6;3;True
36882;2;4;2;True
36883;4;8;4;True
36884;1;1;0;True
36885;1;1;0;True
36886;5;12;7;True
36887;3;6;3;True
36888;3;9;6;True
36889;10;16;6;True
36890;6;12;6;True
36891;1;1;0;True
36892;2;4;2;True
36893;9;12;3;True
36894;8;16;8;True
36895;5;12;7;True
36896;2;2;0;True
36897;2;2;0;True
36898;4;9;5;True
36899;3;6;3;True
36900;3;4;1;True
36901;7;16;9;True
36902;1;1;0;True
36903;1;1;0;True
36904;5;9;4;True
36905;1;1;0;True
36906;3;6;3;True
36907;2;4;2;True
36908;5;12;7;True
36909;4;9;5;True
36910;0;0;0;True
36911;2;2;0;True
36912;2;2;0;True
36913;1;1;0;True
36914;3;4;1;True
36915;4;12;8;True
36916;7;8;1;True
36917;6;16;10;True
36918;5;6;1;True
36919;3;4;1;True
36920;4;6;2;True
36921;3;4;1;True
36922;4;8;4;True
36923;2;2;0;True
36924;9;16;7;True
36925;3;6;3;True
36926;4;9;5;True
36927;0;0;0;True
36928;1;1;0;True
36929;6;16;10;True
36930;6;12;6;True
36931;4;6;2;True
36932;5;12;7;True
36933;5;6;1;True
36934;5;9;4;True
36935;6;12;6;True
36936;1;1;0;True
36937;1;1;0;True
36938;5;9;4;True
36939;2;2;0;True
36940;2;4;2;True
36941;3;6;3;True
36942;1;1;0;True
36943;2;4;2;True
36944;4;12;8;True
36945;2;2;0;True
36946;6;9;3;True
36947;1;1;0;True
36948;1;1;0;True
36949;0;0;0;True
36950;5;8;3;True
36951;3;3;0;True
36952;7;16;9;True
36953;6;9;3;True
36954;0;0;0;True
36955;4;12;8;True
36956;3;4;1;True
36957;5;12;7;True
36958;1;1;0;True
36959;5;6;1;True
36960;3;6;3;True
36961;1;1;0;True
36962;4;9;5;True
36963;5;16;11;True
36964;6;12;6;True
36965;5;16;11;True
36966;1;1;0;True
36967;3;6;3;True
36968;7;12;5;True
36969;5;12;7;True
36970;7;16;9;True
36971;1;1;0;True
36972;2;2;0;True
36973;5;12;7;True
36974;2;2;0;True
36975;4;9;5;True
36976;8;16;8;True
36977;6;16;10;True
36978;2;4;2;True
36979;4;8;4;True
36980;1;1;0;True
36981;1;1;0;True
36982;2;2;0;True
36983;11;16;5;True
36984;4;6;2;True
36985;1;1;0;True
36986;2;4;2;True
36987;2;4;2;True
36988;3;6;3;True
36989;2;2;0;True
36990;3;6;3;True
36991;4;6;2;True
36992;7;12;5;True
36993;5;12;7;True
36994;3;3;0;True
36995;4;6;2;True
36996;5;12;7;True
36997;4;9;5;True
36998;5;12;7;True
36999;1;1;0;True
37000;10;16;6;True
37001;1;1;0;True
37002;7;12;5;True
37003;5;6;1;True
37004;5;12;7;True
37005;3;6;3;True
37006;4;6;2;True
37007;6;16;10;True
37008;5;12;7;True
37009;5;12;7;True
37010;3;4;1;True
37011;0;0;0;True
37012;3;9;6;True
37013;4;6;2;True
37014;4;12;8;True
37015;3;4;1;True
37016;6;16;10;True
37017;3;4;1;True
37018;3;4;1;True
37019;3;6;3;True
37020;1;1;0;True
37021;8;16;8;True
37022;2;4;2;True
37023;6;12;6;True
37024;5;9;4;True
37025;7;12;5;True
37026;4;6;2;True
37027;6;9;3;True
37028;7;12;5;True
37029;3;4;1;True
37030;6;16;10;True
37031;7;16;9;True
37032;5;12;7;True
37033;7;16;9;True
37034;0;0;0;True
37035;4;9;5;True
37036;2;4;2;True
37037;4;12;8;True
37038;1;1;0;True
37039;0;0;0;True
37040;3;6;3;True
37041;5;9;4;True
37042;3;6;3;True
37043;2;4;2;True
37044;1;1;0;True
37045;0;0;0;True
37046;4;9;5;True
37047;1;1;0;True
37048;8;16;8;True
37049;3;6;3;True
37050;4;6;2;True
37051;4;6;2;True
37052;1;1;0;True
37053;3;4;1;True
37054;4;6;2;True
37055;1;1;0;True
37056;1;1;0;True
37057;1;1;0;True
37058;3;4;1;True
37059;1;1;0;True
37060;0;0;0;True
37061;1;1;0;True
37062;4;9;5;True
37063;4;6;2;True
37064;6;12;6;True
37065;2;4;2;True
37066;5;12;7;True
37067;3;4;1;True
37068;3;9;6;True
37069;3;9;6;True
37070;4;8;4;True
37071;1;1;0;True
37072;3;9;6;True
37073;1;1;0;True
37074;6;16;10;True
37075;6;16;10;True
37076;7;16;9;True
37077;4;6;2;True
37078;4;4;0;True
37079;2;4;2;True
37080;7;12;5;True
37081;4;9;5;True
37082;2;4;2;True
37083;2;2;0;True
37084;1;1;0;True
37085;7;12;5;True
37086;2;2;0;True
37087;4;8;4;True
37088;3;6;3;True
37089;5;16;11;True
37090;4;9;5;True
37091;5;9;4;True
37092;3;4;1;True
37093;3;4;1;True
37094;7;16;9;True
37095;2;4;2;True
37096;6;12;6;True
37097;3;4;1;True
37098;1;1;0;True
37099;4;6;2;True
37100;6;12;6;True
37101;4;12;8;True
37102;1;1;0;True
37103;4;6;2;True
37104;2;4;2;True
37105;3;9;6;True
37106;2;4;2;True
37107;4;12;8;True
37108;0;0;0;True
37109;4;9;5;True
37110;2;4;2;True
37111;5;9;4;True
37112;3;9;6;True
37113;0;0;0;True
37114;4;12;8;True
37115;9;16;7;True
37116;4;16;12;True
37117;4;9;5;True
37118;2;4;2;True
37119;4;12;8;True
37120;2;2;0;True
37121;6;12;6;True
37122;3;6;3;True
37123;2;2;0;True
37124;0;0;0;True
37125;4;4;0;True
37126;7;12;5;True
37127;2;4;2;True
37128;2;2;0;True
37129;1;1;0;True
37130;7;12;5;True
37131;2;2;0;True
37132;3;6;3;True
37133;3;4;1;True
37134;1;1;0;True
37135;8;16;8;True
37136;2;2;0;True
37137;6;9;3;True
37138;3;6;3;True
37139;3;9;6;True
37140;2;2;0;True
37141;8;16;8;True
37142;6;9;3;True
37143;2;2;0;True
37144;3;6;3;True
37145;6;12;6;True
37146;1;1;0;True
37147;1;1;0;True
37148;6;12;6;True
37149;3;4;1;True
37150;6;12;6;True
37151;4;8;4;True
37152;6;12;6;True
37153;10;16;6;True
37154;6;12;6;True
37155;3;6;3;True
37156;0;0;0;True
37157;0;0;0;True
37158;2;4;2;True
37159;4;12;8;True
37160;6;12;6;True
37161;4;4;0;True
37162;3;4;1;True
37163;0;0;0;True
37164;1;1;0;True
37165;6;9;3;True
37166;1;1;0;True
37167;2;4;2;True
37168;3;6;3;True
37169;5;16;11;True
37170;0;0;0;True
37171;5;12;7;True
37172;4;12;8;True
37173;4;12;8;True
37174;4;6;2;True
37175;2;2;0;True
37176;6;12;6;True
37177;4;6;2;True
37178;0;0;0;True
37179;8;12;4;True
37180;1;1;0;True
37181;4;9;5;True
37182;4;12;8;True
37183;3;9;6;True
37184;3;9;6;True
37185;2;4;2;True
37186;5;8;3;True
37187;5;12;7;True
37188;5;12;7;True
37189;6;9;3;True
37190;8;12;4;True
37191;5;16;11;True
37192;3;3;0;True
37193;3;9;6;True
37194;6;12;6;True
37195;3;3;0;True
37196;5;9;4;True
37197;5;9;4;True
37198;3;9;6;True
37199;1;1;0;True
37200;4;4;0;True
37201;2;4;2;True
37202;2;4;2;True
37203;1;1;0;True
37204;5;12;7;True
37205;4;9;5;True
37206;2;2;0;True
37207;4;12;8;True
37208;0;0;0;True
37209;4;6;2;True
37210;6;12;6;True
37211;7;9;2;True
37212;7;16;9;True
37213;0;0;0;True
37214;4;6;2;True
37215;4;6;2;True
37216;7;16;9;True
37217;6;16;10;True
37218;4;9;5;True
37219;3;4;1;True
37220;5;9;4;True
37221;6;12;6;True
37222;5;12;7;True
37223;0;0;0;True
37224;4;9;5;True
37225;7;16;9;True
37226;2;2;0;True
37227;3;6;3;True
37228;3;6;3;True
37229;6;12;6;True
37230;1;1;0;True
37231;4;8;4;True
37232;9;16;7;True
37233;4;8;4;True
37234;2;4;2;True
37235;2;4;2;True
37236;4;9;5;True
37237;4;6;2;True
37238;4;6;2;True
37239;1;1;0;True
37240;5;9;4;True
37241;7;12;5;True
37242;3;6;3;True
37243;6;9;3;True
37244;3;6;3;True
37245;5;12;7;True
37246;2;2;0;True
37247;2;2;0;True
37248;6;12;6;True
37249;5;16;11;True
37250;3;6;3;True
37251;5;9;4;True
37252;7;16;9;True
37253;4;6;2;True
37254;3;4;1;True
37255;7;16;9;True
37256;3;6;3;True
37257;4;12;8;True
37258;5;12;7;True
37259;3;4;1;True
37260;2;4;2;True
37261;7;12;5;True
37262;5;9;4;True
37263;7;16;9;True
37264;8;16;8;True
37265;3;3;0;True
37266;1;1;0;True
37267;1;1;0;True
37268;2;4;2;True
37269;6;8;2;True
37270;3;6;3;True
37271;3;6;3;True
37272;2;2;0;True
37273;1;1;0;True
37274;5;12;7;True
37275;5;9;4;True
37276;1;1;0;True
37277;3;6;3;True
37278;3;9;6;True
37279;3;9;6;True
37280;6;12;6;True
37281;4;9;5;True
37282;0;0;0;True
37283;6;16;10;True
37284;0;0;0;True
37285;3;6;3;True
37286;6;12;6;True
37287;3;4;1;True
37288;3;3;0;True
37289;5;12;7;True
37290;9;16;7;True
37291;5;9;4;True
37292;1;1;0;True
37293;6;12;6;True
37294;4;6;2;True
37295;3;9;6;True
37296;3;4;1;True
37297;3;6;3;True
37298;3;9;6;True
37299;0;0;0;True
37300;5;9;4;True
37301;6;9;3;True
37302;3;6;3;True
37303;5;9;4;True
37304;1;1;0;True
37305;2;4;2;True
37306;3;6;3;True
37307;7;12;5;True
37308;3;4;1;True
37309;2;2;0;True
37310;5;9;4;True
37311;4;9;5;True
37312;5;12;7;True
37313;0;0;0;True
37314;1;1;0;True
37315;7;12;5;True
37316;3;9;6;True
37317;5;8;3;True
37318;2;4;2;True
37319;3;6;3;True
37320;3;9;6;True
37321;6;12;6;True
37322;0;0;0;True
37323;1;1;0;True
37324;8;16;8;True
37325;4;6;2;True
37326;3;6;3;True
37327;3;9;6;True
37328;4;12;8;True
37329;6;8;2;True
37330;6;16;10;True
37331;1;1;0;True
37332;4;6;2;True
37333;3;3;0;True
37334;1;1;0;True
37335;11;16;5;True
37336;5;12;7;True
37337;2;2;0;True
37338;2;4;2;True
37339;5;9;4;True
37340;6;12;6;True
37341;8;12;4;True
37342;4;9;5;True
37343;3;4;1;True
37344;3;4;1;True
37345;8;16;8;True
37346;2;4;2;True
37347;2;4;2;True
37348;5;12;7;True
37349;2;4;2;True
37350;5;16;11;True
37351;2;4;2;True
37352;0;0;0;True
37353;4;12;8;True
37354;2;2;0;True
37355;1;1;0;True
37356;5;12;7;True
37357;0;0;0;True
37358;4;9;5;True
37359;3;6;3;True
37360;4;6;2;True
37361;5;6;1;True
37362;1;1;0;True
37363;6;12;6;True
37364;3;6;3;True
37365;3;4;1;True
37366;4;6;2;True
37367;2;4;2;True
37368;7;12;5;True
37369;2;2;0;True
37370;5;9;4;True
37371;7;16;9;True
37372;0;0;0;True
37373;4;6;2;True
37374;4;6;2;True
37375;1;1;0;True
37376;2;2;0;True
37377;7;12;5;True
37378;3;6;3;True
37379;5;16;11;True
37380;8;16;8;True
37381;5;12;7;True
37382;4;8;4;True
37383;3;9;6;True
37384;10;16;6;True
37385;6;12;6;True
37386;8;12;4;True
37387;5;8;3;True
37388;7;16;9;True
37389;5;12;7;True
37390;2;4;2;True
37391;1;1;0;True
37392;2;4;2;True
37393;5;16;11;True
37394;3;4;1;True
37395;7;12;5;True
37396;3;4;1;True
37397;2;2;0;True
37398;1;1;0;True
37399;4;6;2;True
37400;5;12;7;True
37401;0;0;0;True
37402;3;6;3;True
37403;3;6;3;True
37404;2;2;0;True
37405;2;4;2;True
37406;3;6;3;True
37407;0;0;0;True
37408;2;4;2;True
37409;1;1;0;True
37410;5;9;4;True
37411;5;12;7;True
37412;4;9;5;True
37413;6;16;10;True
37414;2;4;2;True
37415;3;9;6;True
37416;5;12;7;True
37417;1;1;0;True
37418;7;16;9;True
37419;5;12;7;True
37420;7;12;5;True
37421;4;6;2;True
37422;2;4;2;True
37423;2;2;0;True
37424;0;0;0;True
37425;0;0;0;True
37426;4;6;2;True
37427;4;6;2;True
37428;7;16;9;True
37429;0;0;0;True
37430;4;9;5;True
37431;2;4;2;True
37432;1;1;0;True
37433;2;2;0;True
37434;4;12;8;True
37435;6;9;3;True
37436;4;6;2;True
37437;4;9;5;True
37438;2;2;0;True
37439;7;16;9;True
37440;2;2;0;True
37441;4;9;5;True
37442;1;1;0;True
37443;2;4;2;True
37444;5;12;7;True
37445;0;0;0;True
37446;3;9;6;True
37447;4;6;2;True
37448;6;9;3;True
37449;2;4;2;True
37450;3;6;3;True
37451;4;6;2;True
37452;5;16;11;True
37453;6;12;6;True
37454;2;2;0;True
37455;4;9;5;True
37456;2;4;2;True
37457;7;12;5;True
37458;4;9;5;True
37459;2;4;2;True
37460;1;1;0;True
37461;2;2;0;True
37462;2;2;0;True
37463;2;2;0;True
37464;3;6;3;True
37465;6;12;6;True
37466;4;12;8;True
37467;5;16;11;True
37468;1;1;0;True
37469;5;9;4;True
37470;5;12;7;True
37471;3;6;3;True
37472;2;4;2;True
37473;2;4;2;True
37474;2;4;2;True
37475;6;8;2;True
37476;2;4;2;True
37477;6;16;10;True
37478;1;1;0;True
37479;3;6;3;True
37480;3;4;1;True
37481;11;16;5;True
37482;4;6;2;True
37483;3;6;3;True
37484;6;12;6;True
37485;4;6;2;True
37486;0;0;0;True
37487;2;4;2;True
37488;3;3;0;True
37489;5;9;4;True
37490;2;4;2;True
37491;5;12;7;True
37492;3;6;3;True
37493;6;9;3;True
37494;0;0;0;True
37495;4;12;8;True
37496;3;9;6;True
37497;1;1;0;True
37498;1;1;0;True
37499;4;8;4;True
37500;5;9;4;True
37501;3;4;1;True
37502;1;1;0;True
37503;6;16;10;True
37504;2;4;2;True
37505;5;9;4;True
37506;3;9;6;True
37507;2;2;0;True
37508;5;12;7;True
37509;3;6;3;True
37510;4;6;2;True
37511;7;12;5;True
37512;1;1;0;True
37513;5;12;7;True
37514;2;2;0;True
37515;2;2;0;True
37516;0;0;0;True
37517;3;4;1;True
37518;6;12;6;True
37519;0;0;0;True
37520;9;16;7;True
37521;2;4;2;True
37522;6;12;6;True
37523;4;6;2;True
37524;2;2;0;True
37525;2;4;2;True
37526;5;12;7;True
37527;2;4;2;True
37528;3;6;3;True
37529;10;16;6;True
37530;2;2;0;True
37531;7;16;9;True
37532;3;9;6;True
37533;6;12;6;True
37534;4;9;5;True
37535;2;2;0;True
37536;4;9;5;True
37537;1;1;0;True
37538;1;1;0;True
37539;0;0;0;True
37540;7;12;5;True
37541;5;9;4;True
37542;0;0;0;True
37543;6;9;3;True
37544;4;12;8;True
37545;6;9;3;True
37546;7;16;9;True
37547;6;16;10;True
37548;4;9;5;True
37549;1;1;0;True
37550;1;1;0;True
37551;5;12;7;True
37552;3;4;1;True
37553;4;9;5;True
37554;5;6;1;True
37555;5;12;7;True
37556;6;9;3;True
37557;4;6;2;True
37558;6;16;10;True
37559;7;9;2;True
37560;1;1;0;True
37561;5;12;7;True
37562;3;6;3;True
37563;6;9;3;True
37564;3;4;1;True
37565;1;1;0;True
37566;5;12;7;True
37567;2;2;0;True
37568;7;16;9;True
37569;0;0;0;True
37570;3;6;3;True
37571;4;9;5;True
37572;2;2;0;True
37573;8;12;4;True
37574;2;4;2;True
37575;3;9;6;True
37576;7;16;9;True
37577;3;4;1;True
37578;11;16;5;True
37579;0;0;0;True
37580;1;1;0;True
37581;4;6;2;True
37582;6;12;6;True
37583;3;4;1;True
37584;4;9;5;True
37585;2;2;0;True
37586;1;1;0;True
37587;3;6;3;True
37588;7;9;2;True
37589;5;12;7;True
37590;7;16;9;True
37591;1;1;0;True
37592;2;4;2;True
37593;5;12;7;True
37594;0;0;0;True
37595;1;1;0;True
37596;7;12;5;True
37597;4;8;4;True
37598;5;6;1;True
37599;4;9;5;True
37600;6;12;6;True
37601;3;3;0;True
37602;2;2;0;True
37603;4;12;8;True
37604;6;16;10;True
37605;5;9;4;True
37606;0;0;0;True
37607;6;12;6;True
37608;1;1;0;True
37609;4;12;8;True
37610;3;9;6;True
37611;10;16;6;True
37612;3;3;0;True
37613;3;6;3;True
37614;6;12;6;True
37615;9;12;3;True
37616;4;12;8;True
37617;2;4;2;True
37618;2;2;0;True
37619;6;12;6;True
37620;1;1;0;True
37621;5;9;4;True
37622;5;9;4;True
37623;2;2;0;True
37624;3;4;1;True
37625;4;9;5;True
37626;2;4;2;True
37627;2;4;2;True
37628;4;6;2;True
37629;3;9;6;True
37630;0;0;0;True
37631;5;9;4;True
37632;6;12;6;True
37633;3;9;6;True
37634;5;12;7;True
37635;2;2;0;True
37636;2;2;0;True
37637;1;1;0;True
37638;2;2;0;True
37639;4;6;2;True
37640;2;4;2;True
37641;4;12;8;True
37642;5;16;11;True
37643;4;6;2;True
37644;5;6;1;True
37645;5;16;11;True
37646;8;16;8;True
37647;3;9;6;True
37648;4;6;2;True
37649;4;12;8;True
37650;1;1;0;True
37651;5;12;7;True
37652;7;9;2;True
37653;2;4;2;True
37654;8;16;8;True
37655;5;6;1;True
37656;7;12;5;True
37657;4;6;2;True
37658;7;16;9;True
37659;5;9;4;True
37660;3;3;0;True
37661;1;1;0;True
37662;2;2;0;True
37663;2;4;2;True
37664;3;6;3;True
37665;3;9;6;True
37666;5;9;4;True
37667;6;12;6;True
37668;3;6;3;True
37669;5;9;4;True
37670;8;16;8;True
37671;9;16;7;True
37672;2;2;0;True
37673;5;9;4;True
37674;2;4;2;True
37675;1;1;0;True
37676;4;12;8;True
37677;3;6;3;True
37678;5;9;4;True
37679;2;4;2;True
37680;1;1;0;True
37681;5;12;7;True
37682;12;16;4;True
37683;3;4;1;True
37684;6;16;10;True
37685;2;4;2;True
37686;6;12;6;True
37687;3;9;6;True
37688;3;4;1;True
37689;5;9;4;True
37690;7;12;5;True
37691;8;16;8;True
37692;4;12;8;True
37693;6;12;6;True
37694;5;12;7;True
37695;4;6;2;True
37696;2;2;0;True
37697;2;4;2;True
37698;2;4;2;True
37699;1;1;0;True
37700;2;4;2;True
37701;4;12;8;True
37702;2;2;0;True
37703;3;4;1;True
37704;7;12;5;True
37705;0;0;0;True
37706;4;8;4;True
37707;0;0;0;True
37708;4;6;2;True
37709;2;4;2;True
37710;2;4;2;True
37711;5;8;3;True
37712;4;12;8;True
37713;5;9;4;True
37714;3;3;0;True
37715;3;6;3;True
37716;5;12;7;True
37717;1;1;0;True
37718;2;4;2;True
37719;3;6;3;True
37720;5;8;3;True
37721;4;6;2;True
37722;5;6;1;True
37723;10;16;6;True
37724;0;0;0;True
37725;0;0;0;True
37726;4;6;2;True
37727;1;1;0;True
37728;3;6;3;True
37729;2;4;2;True
37730;4;9;5;True
37731;5;12;7;True
37732;0;0;0;True
37733;5;12;7;True
37734;2;4;2;True
37735;1;1;0;True
37736;4;6;2;True
37737;0;0;0;True
37738;3;4;1;True
37739;3;4;1;True
37740;2;2;0;True
37741;1;1;0;True
37742;0;0;0;True
37743;7;16;9;True
37744;2;4;2;True
37745;4;12;8;True
37746;7;12;5;True
37747;7;12;5;True
37748;7;16;9;True
37749;4;16;12;True
37750;3;3;0;True
37751;5;12;7;True
37752;0;0;0;True
37753;7;16;9;True
37754;3;6;3;True
37755;0;0;0;True
37756;4;8;4;True
37757;4;12;8;True
37758;3;9;6;True
37759;2;4;2;True
37760;0;0;0;True
37761;1;1;0;True
37762;2;4;2;True
37763;3;4;1;True
37764;3;4;1;True
37765;2;2;0;True
37766;4;12;8;True
37767;2;4;2;True
37768;9;16;7;True
37769;2;4;2;True
37770;2;4;2;True
37771;5;6;1;True
37772;0;0;0;True
37773;1;1;0;True
37774;7;12;5;True
37775;4;9;5;True
37776;5;12;7;True
37777;2;4;2;True
37778;3;6;3;True
37779;4;6;2;True
37780;3;6;3;True
37781;4;9;5;True
37782;0;0;0;True
37783;3;4;1;True
37784;6;9;3;True
37785;4;12;8;True
37786;5;9;4;True
37787;0;0;0;True
37788;4;9;5;True
37789;10;16;6;True
37790;0;0;0;True
37791;3;4;1;True
37792;4;6;2;True
37793;6;9;3;True
37794;4;9;5;True
37795;8;16;8;True
37796;5;8;3;True
37797;5;12;7;True
37798;2;4;2;True
37799;4;12;8;True
37800;3;6;3;True
37801;5;9;4;True
37802;7;12;5;True
37803;6;16;10;True
37804;5;9;4;True
37805;2;4;2;True
37806;4;9;5;True
37807;1;1;0;True
37808;4;9;5;True
37809;7;12;5;True
37810;5;6;1;True
37811;3;6;3;True
37812;4;6;2;True
37813;5;8;3;True
37814;3;4;1;True
37815;5;9;4;True
37816;4;6;2;True
37817;3;4;1;True
37818;3;3;0;True
37819;0;0;0;True
37820;5;12;7;True
37821;0;0;0;True
37822;7;12;5;True
37823;2;4;2;True
37824;4;12;8;True
37825;6;12;6;True
37826;5;12;7;True
37827;6;12;6;True
37828;9;12;3;True
37829;3;6;3;True
37830;2;4;2;True
37831;4;6;2;True
37832;8;12;4;True
37833;6;16;10;True
37834;4;6;2;True
37835;4;9;5;True
37836;5;8;3;True
37837;2;4;2;True
37838;7;16;9;True
37839;6;12;6;True
37840;7;16;9;True
37841;8;9;1;True
37842;2;2;0;True
37843;4;12;8;True
37844;3;6;3;True
37845;2;4;2;True
37846;8;16;8;True
37847;1;1;0;True
37848;2;4;2;True
37849;2;4;2;True
37850;6;9;3;True
37851;6;12;6;True
37852;2;4;2;True
37853;3;6;3;True
37854;5;12;7;True
37855;2;4;2;True
37856;3;4;1;True
37857;4;9;5;True
37858;5;8;3;True
37859;1;1;0;True
37860;1;1;0;True
37861;8;16;8;True
37862;7;12;5;True
37863;4;9;5;True
37864;8;16;8;True
37865;7;12;5;True
37866;5;9;4;True
37867;4;9;5;True
37868;4;12;8;True
37869;5;16;11;True
37870;4;9;5;True
37871;5;12;7;True
37872;5;6;1;True
37873;3;4;1;True
37874;5;12;7;True
37875;4;8;4;True
37876;2;2;0;True
37877;4;12;8;True
37878;5;12;7;True
37879;2;4;2;True
37880;2;4;2;True
37881;5;6;1;True
37882;1;1;0;True
37883;1;1;0;True
37884;7;16;9;True
37885;3;4;1;True
37886;4;9;5;True
37887;2;2;0;True
37888;3;6;3;True
37889;5;12;7;True
37890;1;1;0;True
37891;6;12;6;True
37892;7;16;9;True
37893;6;12;6;True
37894;1;1;0;True
37895;10;16;6;True
37896;2;4;2;True
37897;3;6;3;True
37898;6;9;3;True
37899;5;12;7;True
37900;7;12;5;True
37901;6;12;6;True
37902;3;6;3;True
37903;3;6;3;True
37904;4;9;5;True
37905;5;12;7;True
37906;1;1;0;True
37907;3;3;0;True
37908;3;9;6;True
37909;4;9;5;True
37910;1;1;0;True
37911;4;9;5;True
37912;5;9;4;True
37913;5;16;11;True
37914;2;4;2;True
37915;3;4;1;True
37916;3;4;1;True
37917;5;9;4;True
37918;2;4;2;True
37919;4;9;5;True
37920;2;4;2;True
37921;6;12;6;True
37922;0;0;0;True
37923;7;16;9;True
37924;2;2;0;True
37925;5;16;11;True
37926;2;4;2;True
37927;3;6;3;True
37928;4;12;8;True
37929;2;2;0;True
37930;9;16;7;True
37931;7;16;9;True
37932;3;9;6;True
37933;0;0;0;True
37934;3;9;6;True
37935;1;1;0;True
37936;2;2;0;True
37937;3;3;0;True
37938;8;12;4;True
37939;8;16;8;True
37940;5;16;11;True
37941;2;2;0;True
37942;1;1;0;True
37943;5;8;3;True
37944;5;16;11;True
37945;6;12;6;True
37946;4;8;4;True
37947;5;9;4;True
37948;1;1;0;True
37949;2;4;2;True
37950;2;2;0;True
37951;3;6;3;True
37952;4;12;8;True
37953;3;6;3;True
37954;4;6;2;True
37955;6;12;6;True
37956;2;2;0;True
37957;6;12;6;True
37958;2;4;2;True
37959;5;9;4;True
37960;4;12;8;True
37961;6;12;6;True
37962;5;12;7;True
37963;0;0;0;True
37964;4;9;5;True
37965;6;12;6;True
37966;6;16;10;True
37967;6;12;6;True
37968;11;16;5;True
37969;6;9;3;True
37970;0;0;0;True
37971;3;9;6;True
37972;4;6;2;True
37973;3;4;1;True
37974;2;4;2;True
37975;4;6;2;True
37976;8;16;8;True
37977;3;6;3;True
37978;7;16;9;True
37979;3;4;1;True
37980;3;6;3;True
37981;0;0;0;True
37982;6;12;6;True
37983;3;4;1;True
37984;2;4;2;True
37985;4;9;5;True
37986;3;9;6;True
37987;2;4;2;True
37988;3;9;6;True
37989;2;2;0;True
37990;3;9;6;True
37991;2;2;0;True
37992;4;6;2;True
37993;7;12;5;True
37994;6;12;6;True
37995;1;1;0;True
37996;2;4;2;True
37997;2;4;2;True
37998;5;16;11;True
37999;11;16;5;True
38000;4;12;8;True
38001;6;12;6;True
38002;0;0;0;True
38003;0;0;0;True
38004;3;4;1;True
38005;3;6;3;True
38006;8;12;4;True
38007;4;9;5;True
38008;2;4;2;True
38009;7;16;9;True
38010;6;8;2;True
38011;3;4;1;True
38012;0;0;0;True
38013;8;16;8;True
38014;5;9;4;True
38015;1;1;0;True
38016;2;4;2;True
38017;2;4;2;True
38018;4;9;5;True
38019;1;1;0;True
38020;7;12;5;True
38021;8;12;4;True
38022;7;16;9;True
38023;3;6;3;True
38024;4;8;4;True
38025;1;1;0;True
38026;3;6;3;True
38027;5;9;4;True
38028;8;16;8;True
38029;2;2;0;True
38030;5;9;4;True
38031;4;12;8;True
38032;8;16;8;True
38033;6;12;6;True
38034;3;4;1;True
38035;2;4;2;True
38036;8;12;4;True
38037;2;4;2;True
38038;3;6;3;True
38039;8;16;8;True
38040;0;0;0;True
38041;8;12;4;True
38042;3;6;3;True
38043;6;16;10;True
38044;7;16;9;True
38045;4;16;12;True
38046;2;2;0;True
38047;2;2;0;True
38048;4;6;2;True
38049;5;16;11;True
38050;7;12;5;True
38051;1;1;0;True
38052;10;12;2;True
38053;5;6;1;True
38054;6;12;6;True
38055;5;16;11;True
38056;6;16;10;True
38057;0;0;0;True
38058;0;0;0;True
38059;7;12;5;True
38060;7;12;5;True
38061;5;12;7;True
38062;8;12;4;True
38063;2;4;2;True
38064;3;6;3;True
38065;0;0;0;True
38066;4;8;4;True
38067;2;2;0;True
38068;2;2;0;True
38069;6;12;6;True
38070;6;12;6;True
38071;2;4;2;True
38072;3;6;3;True
38073;4;9;5;True
38074;2;2;0;True
38075;3;6;3;True
38076;2;2;0;True
38077;4;12;8;True
38078;2;2;0;True
38079;5;9;4;True
38080;0;0;0;True
38081;4;8;4;True
38082;4;12;8;True
38083;2;4;2;True
38084;5;12;7;True
38085;3;6;3;True
38086;6;12;6;True
38087;2;4;2;True
38088;8;16;8;True
38089;2;4;2;True
38090;3;4;1;True
38091;6;16;10;True
38092;2;2;0;True
38093;4;6;2;True
38094;5;12;7;True
38095;4;9;5;True
38096;3;6;3;True
38097;5;9;4;True
38098;5;12;7;True
38099;5;8;3;True
38100;2;4;2;True
38101;3;6;3;True
38102;2;2;0;True
38103;2;2;0;True
38104;1;1;0;True
38105;8;16;8;True
38106;2;4;2;True
38107;5;6;1;True
38108;5;12;7;True
38109;1;1;0;True
38110;2;2;0;True
38111;3;6;3;True
38112;5;6;1;True
38113;6;16;10;True
38114;0;0;0;True
38115;4;9;5;True
38116;3;6;3;True
38117;1;1;0;True
38118;3;6;3;True
38119;0;0;0;True
38120;3;4;1;True
38121;6;12;6;True
38122;5;12;7;True
38123;4;6;2;True
38124;8;16;8;True
38125;5;9;4;True
38126;4;6;2;True
38127;6;12;6;True
38128;3;6;3;True
38129;5;16;11;True
38130;8;12;4;True
38131;4;6;2;True
38132;4;9;5;True
38133;4;8;4;True
38134;1;1;0;True
38135;6;16;10;True
38136;8;12;4;True
38137;1;1;0;True
38138;8;16;8;True
38139;7;12;5;True
38140;3;6;3;True
38141;5;12;7;True
38142;5;9;4;True
38143;6;16;10;True
38144;10;16;6;True
38145;4;12;8;True
38146;2;2;0;True
38147;2;4;2;True
38148;5;9;4;True
38149;2;2;0;True
38150;4;6;2;True
38151;5;12;7;True
38152;6;9;3;True
38153;6;12;6;True
38154;9;16;7;True
38155;5;12;7;True
38156;6;9;3;True
38157;4;9;5;True
38158;2;4;2;True
38159;2;4;2;True
38160;5;12;7;True
38161;7;12;5;True
38162;4;12;8;True
38163;4;6;2;True
38164;4;12;8;True
38165;6;16;10;True
38166;2;4;2;True
38167;1;1;0;True
38168;6;12;6;True
38169;2;2;0;True
38170;1;1;0;True
38171;9;16;7;True
38172;3;4;1;True
38173;4;9;5;True
38174;3;9;6;True
38175;4;9;5;True
38176;3;6;3;True
38177;3;6;3;True
38178;3;6;3;True
38179;2;4;2;True
38180;9;16;7;True
38181;1;1;0;True
38182;5;16;11;True
38183;3;9;6;True
38184;7;12;5;True
38185;7;16;9;True
38186;1;1;0;True
38187;5;12;7;True
38188;5;16;11;True
38189;2;4;2;True
38190;2;2;0;True
38191;4;6;2;True
38192;2;4;2;True
38193;2;4;2;True
38194;5;16;11;True
38195;5;12;7;True
38196;10;16;6;True
38197;5;6;1;True
38198;6;12;6;True
38199;1;1;0;True
38200;6;12;6;True
38201;2;2;0;True
38202;5;12;7;True
38203;1;1;0;True
38204;6;16;10;True
38205;3;4;1;True
38206;3;9;6;True
38207;5;8;3;True
38208;4;9;5;True
38209;5;12;7;True
38210;2;4;2;True
38211;6;12;6;True
38212;4;12;8;True
38213;6;9;3;True
38214;5;8;3;True
38215;6;16;10;True
38216;2;4;2;True
38217;4;6;2;True
38218;0;0;0;True
38219;2;2;0;True
38220;3;4;1;True
38221;5;9;4;True
38222;3;9;6;True
38223;5;9;4;True
38224;1;1;0;True
38225;7;16;9;True
38226;1;1;0;True
38227;4;6;2;True
38228;0;0;0;True
38229;0;0;0;True
38230;4;9;5;True
38231;2;4;2;True
38232;2;2;0;True
38233;1;1;0;True
38234;1;1;0;True
38235;9;16;7;True
38236;6;16;10;True
38237;3;6;3;True
38238;7;12;5;True
38239;7;16;9;True
38240;2;4;2;True
38241;3;6;3;True
38242;1;1;0;True
38243;2;4;2;True
38244;2;4;2;True
38245;1;1;0;True
38246;3;6;3;True
38247;3;9;6;True
38248;0;0;0;True
38249;1;1;0;True
38250;3;6;3;True
38251;0;0;0;True
38252;3;6;3;True
38253;8;12;4;True
38254;3;4;1;True
38255;1;1;0;True
38256;6;12;6;True
38257;3;6;3;True
38258;7;12;5;True
38259;2;4;2;True
38260;5;12;7;True
38261;2;2;0;True
38262;1;1;0;True
38263;4;6;2;True
38264;6;12;6;True
38265;3;4;1;True
38266;6;12;6;True
38267;6;16;10;True
38268;2;2;0;True
38269;7;16;9;True
38270;10;16;6;True
38271;3;4;1;True
38272;5;12;7;True
38273;1;1;0;True
38274;5;12;7;True
38275;2;2;0;True
38276;2;2;0;True
38277;6;12;6;True
38278;2;4;2;True
38279;4;9;5;True
38280;4;9;5;True
38281;1;1;0;True
38282;5;6;1;True
38283;3;6;3;True
38284;7;16;9;True
38285;5;8;3;True
38286;2;4;2;True
38287;7;16;9;True
38288;3;6;3;True
38289;6;12;6;True
38290;2;2;0;True
38291;6;12;6;True
38292;3;4;1;True
38293;5;16;11;True
38294;2;2;0;True
38295;1;1;0;True
38296;6;9;3;True
38297;3;4;1;True
38298;5;9;4;True
38299;5;9;4;True
38300;4;6;2;True
38301;1;1;0;True
38302;7;12;5;True
38303;6;9;3;True
38304;4;6;2;True
38305;7;16;9;True
38306;3;4;1;True
38307;3;6;3;True
38308;2;2;0;True
38309;6;9;3;True
38310;2;4;2;True
38311;6;12;6;True
38312;5;12;7;True
38313;4;4;0;True
38314;4;9;5;True
38315;4;8;4;True
38316;2;4;2;True
38317;5;12;7;True
38318;4;6;2;True
38319;3;6;3;True
38320;4;9;5;True
38321;3;9;6;True
38322;2;4;2;True
38323;4;9;5;True
38324;6;12;6;True
38325;4;9;5;True
38326;8;16;8;True
38327;7;16;9;True
38328;5;9;4;True
38329;4;9;5;True
38330;10;16;6;True
38331;3;6;3;True
38332;4;12;8;True
38333;0;0;0;True
38334;4;9;5;True
38335;7;12;5;True
38336;2;4;2;True
38337;1;1;0;True
38338;3;3;0;True
38339;3;6;3;True
38340;3;4;1;True
38341;5;9;4;True
38342;8;16;8;True
38343;2;4;2;True
38344;4;8;4;True
38345;6;12;6;True
38346;0;0;0;True
38347;3;4;1;True
38348;4;6;2;True
38349;4;9;5;True
38350;3;4;1;True
38351;7;12;5;True
38352;6;12;6;True
38353;1;1;0;True
38354;7;12;5;True
38355;3;4;1;True
38356;6;12;6;True
38357;0;0;0;True
38358;3;9;6;True
38359;8;12;4;True
38360;6;16;10;True
38361;3;6;3;True
38362;7;16;9;True
38363;4;12;8;True
38364;4;6;2;True
38365;0;0;0;True
38366;1;1;0;True
38367;4;8;4;True
38368;4;12;8;True
38369;5;16;11;True
38370;2;2;0;True
38371;4;9;5;True
38372;4;6;2;True
38373;1;1;0;True
38374;5;9;4;True
38375;6;12;6;True
38376;2;4;2;True
38377;9;12;3;True
38378;3;4;1;True
38379;3;4;1;True
38380;6;12;6;True
38381;7;12;5;True
38382;5;9;4;True
38383;2;4;2;True
38384;8;16;8;True
38385;6;16;10;True
38386;5;8;3;True
38387;2;4;2;True
38388;6;12;6;True
38389;3;4;1;True
38390;3;6;3;True
38391;1;1;0;True
38392;6;12;6;True
38393;4;9;5;True
38394;1;1;0;True
38395;6;9;3;True
38396;1;1;0;True
38397;3;6;3;True
38398;4;8;4;True
38399;4;9;5;True
38400;1;1;0;True
38401;6;9;3;True
38402;6;12;6;True
38403;2;4;2;True
38404;5;9;4;True
38405;7;16;9;True
38406;2;2;0;True
38407;2;4;2;True
38408;9;12;3;True
38409;4;9;5;True
38410;3;6;3;True
38411;0;0;0;True
38412;3;9;6;True
38413;1;1;0;True
38414;4;9;5;True
38415;6;16;10;True
38416;5;8;3;True
38417;3;9;6;True
38418;4;8;4;True
38419;5;9;4;True
38420;2;4;2;True
38421;4;12;8;True
38422;7;12;5;True
38423;8;16;8;True
38424;3;4;1;True
38425;4;9;5;True
38426;3;6;3;True
38427;1;1;0;True
38428;6;12;6;True
38429;2;4;2;True
38430;2;4;2;True
38431;1;1;0;True
38432;0;0;0;True
38433;3;6;3;True
38434;2;4;2;True
38435;3;6;3;True
38436;2;4;2;True
38437;3;6;3;True
38438;9;16;7;True
38439;4;6;2;True
38440;4;8;4;True
38441;5;8;3;True
38442;5;8;3;True
38443;3;9;6;True
38444;3;4;1;True
38445;1;1;0;True
38446;1;1;0;True
38447;6;16;10;True
38448;0;0;0;True
38449;3;6;3;True
38450;1;1;0;True
38451;0;0;0;True
38452;6;16;10;True
38453;4;6;2;True
38454;8;16;8;True
38455;4;9;5;True
38456;6;16;10;True
38457;6;12;6;True
38458;9;12;3;True
38459;5;16;11;True
38460;5;12;7;True
38461;4;9;5;True
38462;4;6;2;True
38463;2;4;2;True
38464;6;16;10;True
38465;7;12;5;True
38466;3;9;6;True
38467;2;2;0;True
38468;5;12;7;True
38469;8;16;8;True
38470;3;9;6;True
38471;1;1;0;True
38472;3;3;0;True
38473;9;16;7;True
38474;3;6;3;True
38475;5;12;7;True
38476;2;4;2;True
38477;6;9;3;True
38478;4;9;5;True
38479;4;12;8;True
38480;0;0;0;True
38481;5;9;4;True
38482;5;12;7;True
38483;4;6;2;True
38484;3;6;3;True
38485;3;4;1;True
38486;2;4;2;True
38487;5;12;7;True
38488;0;0;0;True
38489;1;1;0;True
38490;8;16;8;True
38491;2;4;2;True
38492;4;9;5;True
38493;6;12;6;True
38494;1;1;0;True
38495;1;1;0;True
38496;4;9;5;True
38497;8;16;8;True
38498;8;16;8;True
38499;0;0;0;True
38500;3;4;1;True
38501;4;9;5;True
38502;6;16;10;True
38503;3;6;3;True
38504;7;16;9;True
38505;0;0;0;True
38506;4;9;5;True
38507;10;16;6;True
38508;4;9;5;True
38509;5;8;3;True
38510;7;16;9;True
38511;3;6;3;True
38512;0;0;0;True
38513;4;8;4;True
38514;3;4;1;True
38515;1;1;0;True
38516;7;12;5;True
38517;3;6;3;True
38518;2;4;2;True
38519;8;16;8;True
38520;4;6;2;True
38521;1;1;0;True
38522;3;6;3;True
38523;5;9;4;True
38524;4;9;5;True
38525;2;2;0;True
38526;6;12;6;True
38527;1;1;0;True
38528;4;6;2;True
38529;4;8;4;True
38530;4;9;5;True
38531;6;8;2;True
38532;7;12;5;True
38533;4;6;2;True
38534;5;16;11;True
38535;2;4;2;True
38536;2;4;2;True
38537;4;4;0;True
38538;5;12;7;True
38539;1;1;0;True
38540;3;6;3;True
38541;3;9;6;True
38542;2;4;2;True
38543;3;4;1;True
38544;0;0;0;True
38545;6;8;2;True
38546;8;12;4;True
38547;1;1;0;True
38548;4;9;5;True
38549;2;4;2;True
38550;5;16;11;True
38551;8;16;8;True
38552;1;1;0;True
38553;7;16;9;True
38554;2;2;0;True
38555;5;9;4;True
38556;5;9;4;True
38557;1;1;0;True
38558;3;6;3;True
38559;4;12;8;True
38560;1;1;0;True
38561;3;9;6;True
38562;2;4;2;True
38563;3;6;3;True
38564;1;1;0;True
38565;7;12;5;True
38566;7;12;5;True
38567;5;12;7;True
38568;3;9;6;True
38569;3;4;1;True
38570;8;16;8;True
38571;4;6;2;True
38572;4;12;8;True
38573;6;12;6;True
38574;5;9;4;True
38575;2;2;0;True
38576;3;4;1;True
38577;2;4;2;True
38578;2;2;0;True
38579;4;6;2;True
38580;3;6;3;True
38581;4;9;5;True
38582;0;0;0;True
38583;3;6;3;True
38584;4;9;5;True
38585;1;1;0;True
38586;3;6;3;True
38587;6;16;10;True
38588;0;0;0;True
38589;2;4;2;True
38590;3;6;3;True
38591;0;0;0;True
38592;4;6;2;True
38593;1;1;0;True
38594;3;6;3;True
38595;7;16;9;True
38596;3;9;6;True
38597;0;0;0;True
38598;4;9;5;True
38599;3;4;1;True
38600;2;4;2;True
38601;2;2;0;True
38602;4;12;8;True
38603;5;9;4;True
38604;8;16;8;True
38605;9;16;7;True
38606;0;0;0;True
38607;3;6;3;True
38608;2;2;0;True
38609;3;9;6;True
38610;5;9;4;True
38611;2;4;2;True
38612;8;16;8;True
38613;5;16;11;True
38614;2;4;2;True
38615;5;8;3;True
38616;5;12;7;True
38617;3;9;6;True
38618;3;6;3;True
38619;5;12;7;True
38620;4;6;2;True
38621;0;0;0;True
38622;4;6;2;True
38623;1;1;0;True
38624;0;0;0;True
38625;4;9;5;True
38626;6;12;6;True
38627;6;12;6;True
38628;8;16;8;True
38629;5;12;7;True
38630;1;1;0;True
38631;5;9;4;True
38632;7;12;5;True
38633;1;1;0;True
38634;2;2;0;True
38635;5;9;4;True
38636;2;2;0;True
38637;0;0;0;True
38638;7;12;5;True
38639;5;9;4;True
38640;6;16;10;True
38641;4;8;4;True
38642;1;1;0;True
38643;2;2;0;True
38644;4;12;8;True
38645;2;4;2;True
38646;0;0;0;True
38647;7;16;9;True
38648;6;16;10;True
38649;0;0;0;True
38650;3;6;3;True
38651;3;9;6;True
38652;5;16;11;True
38653;5;12;7;True
38654;9;16;7;True
38655;7;12;5;True
38656;4;9;5;True
38657;6;12;6;True
38658;1;1;0;True
38659;2;4;2;True
38660;7;16;9;True
38661;3;6;3;True
38662;5;9;4;True
38663;4;9;5;True
38664;4;9;5;True
38665;2;4;2;True
38666;2;2;0;True
38667;12;16;4;True
38668;1;1;0;True
38669;1;1;0;True
38670;5;9;4;True
38671;2;2;0;True
38672;6;9;3;True
38673;4;9;5;True
38674;3;4;1;True
38675;5;9;4;True
38676;7;12;5;True
38677;2;4;2;True
38678;4;9;5;True
38679;2;2;0;True
38680;3;4;1;True
38681;4;9;5;True
38682;4;8;4;True
38683;8;12;4;True
38684;3;4;1;True
38685;3;3;0;True
38686;3;6;3;True
38687;5;12;7;True
38688;3;4;1;True
38689;3;4;1;True
38690;5;12;7;True
38691;3;6;3;True
38692;2;4;2;True
38693;6;12;6;True
38694;2;4;2;True
38695;2;4;2;True
38696;3;4;1;True
38697;3;6;3;True
38698;0;0;0;True
38699;1;1;0;True
38700;3;4;1;True
38701;2;4;2;True
38702;5;12;7;True
38703;8;16;8;True
38704;3;6;3;True
38705;5;9;4;True
38706;4;9;5;True
38707;6;16;10;True
38708;7;16;9;True
38709;5;9;4;True
38710;3;4;1;True
38711;4;6;2;True
38712;3;6;3;True
38713;4;9;5;True
38714;4;6;2;True
38715;6;12;6;True
38716;5;9;4;True
38717;6;9;3;True
38718;0;0;0;True
38719;3;3;0;True
38720;4;6;2;True
38721;3;4;1;True
38722;4;9;5;True
38723;5;12;7;True
38724;6;16;10;True
38725;3;6;3;True
38726;2;2;0;True
38727;1;1;0;True
38728;2;4;2;True
38729;2;2;0;True
38730;3;6;3;True
38731;4;6;2;True
38732;2;2;0;True
38733;7;12;5;True
38734;3;4;1;True
38735;7;16;9;True
38736;6;16;10;True
38737;1;1;0;True
38738;4;6;2;True
38739;3;9;6;True
38740;7;16;9;True
38741;6;12;6;True
38742;2;4;2;True
38743;7;12;5;True
38744;5;12;7;True
38745;1;1;0;True
38746;4;16;12;True
38747;8;12;4;True
38748;4;6;2;True
38749;6;12;6;True
38750;6;16;10;True
38751;9;16;7;True
38752;0;0;0;True
38753;4;16;12;True
38754;0;0;0;True
38755;3;9;6;True
38756;1;1;0;True
38757;4;6;2;True
38758;6;8;2;True
38759;5;12;7;True
38760;7;16;9;True
38761;5;12;7;True
38762;3;6;3;True
38763;6;9;3;True
38764;3;6;3;True
38765;4;6;2;True
38766;5;9;4;True
38767;4;6;2;True
38768;3;4;1;True
38769;1;1;0;True
38770;10;16;6;True
38771;2;4;2;True
38772;10;16;6;True
38773;5;9;4;True
38774;2;4;2;True
38775;3;9;6;True
38776;5;6;1;True
38777;1;1;0;True
38778;4;8;4;True
38779;2;4;2;True
38780;0;0;0;True
38781;7;12;5;True
38782;4;6;2;True
38783;2;4;2;True
38784;5;9;4;True
38785;6;12;6;True
38786;4;6;2;True
38787;0;0;0;True
38788;6;12;6;True
38789;7;16;9;True
38790;4;12;8;True
38791;6;12;6;True
38792;1;1;0;True
38793;0;0;0;True
38794;1;1;0;True
38795;10;16;6;True
38796;5;16;11;True
38797;6;12;6;True
38798;6;16;10;True
38799;3;9;6;True
38800;8;16;8;True
38801;2;2;0;True
38802;6;12;6;True
38803;5;8;3;True
38804;0;0;0;True
38805;4;9;5;True
38806;3;6;3;True
38807;1;1;0;True
38808;6;12;6;True
38809;5;12;7;True
38810;6;12;6;True
38811;0;0;0;True
38812;5;6;1;True
38813;4;9;5;True
38814;3;6;3;True
38815;2;4;2;True
38816;2;4;2;True
38817;0;0;0;True
38818;5;12;7;True
38819;3;9;6;True
38820;5;12;7;True
38821;3;6;3;True
38822;9;16;7;True
38823;2;4;2;True
38824;4;9;5;True
38825;5;12;7;True
38826;2;4;2;True
38827;5;8;3;True
38828;4;6;2;True
38829;3;6;3;True
38830;6;16;10;True
38831;10;16;6;True
38832;4;6;2;True
38833;5;6;1;True
38834;0;0;0;True
38835;5;12;7;True
38836;2;2;0;True
38837;1;1;0;True
38838;3;4;1;True
38839;5;12;7;True
38840;4;12;8;True
38841;2;4;2;True
38842;5;12;7;True
38843;4;9;5;True
38844;3;4;1;True
38845;2;4;2;True
38846;5;12;7;True
38847;3;4;1;True
38848;1;1;0;True
38849;2;4;2;True
38850;7;12;5;True
38851;2;2;0;True
38852;4;8;4;True
38853;2;2;0;True
38854;5;8;3;True
38855;3;6;3;True
38856;2;4;2;True
38857;2;4;2;True
38858;2;4;2;True
38859;1;1;0;True
38860;2;2;0;True
38861;7;12;5;True
38862;7;12;5;True
38863;1;1;0;True
38864;2;2;0;True
38865;3;3;0;True
38866;5;9;4;True
38867;3;6;3;True
38868;0;0;0;True
38869;4;8;4;True
38870;0;0;0;True
38871;4;8;4;True
38872;10;16;6;True
38873;1;1;0;True
38874;4;9;5;True
38875;6;16;10;True
38876;4;12;8;True
38877;4;8;4;True
38878;0;0;0;True
38879;4;6;2;True
38880;2;2;0;True
38881;7;12;5;True
38882;4;6;2;True
38883;7;16;9;True
38884;3;9;6;True
38885;4;9;5;True
38886;3;6;3;True
38887;3;4;1;True
38888;6;12;6;True
38889;1;1;0;True
38890;4;9;5;True
38891;3;6;3;True
38892;7;12;5;True
38893;5;9;4;True
38894;4;9;5;True
38895;5;12;7;True
38896;8;16;8;True
38897;4;6;2;True
38898;3;4;1;True
38899;4;9;5;True
38900;4;6;2;True
38901;7;16;9;True
38902;5;9;4;True
38903;4;6;2;True
38904;1;1;0;True
38905;2;4;2;True
38906;7;16;9;True
38907;5;6;1;True
38908;1;1;0;True
38909;1;1;0;True
38910;7;16;9;True
38911;3;6;3;True
38912;1;1;0;True
38913;5;12;7;True
38914;6;16;10;True
38915;3;6;3;True
38916;2;4;2;True
38917;3;3;0;True
38918;4;6;2;True
38919;4;8;4;True
38920;4;4;0;True
38921;5;16;11;True
38922;3;4;1;True
38923;5;12;7;True
38924;2;2;0;True
38925;4;12;8;True
38926;3;3;0;True
38927;6;12;6;True
38928;1;1;0;True
38929;3;3;0;True
38930;4;9;5;True
38931;0;0;0;True
38932;3;6;3;True
38933;4;9;5;True
38934;5;12;7;True
38935;4;8;4;True
38936;4;12;8;True
38937;6;16;10;True
38938;7;16;9;True
38939;5;9;4;True
38940;5;6;1;True
38941;1;1;0;True
38942;2;2;0;True
38943;4;9;5;True
38944;1;1;0;True
38945;7;16;9;True
38946;5;16;11;True
38947;2;2;0;True
38948;4;8;4;True
38949;2;4;2;True
38950;4;9;5;True
38951;2;2;0;True
38952;2;4;2;True
38953;6;16;10;True
38954;6;12;6;True
38955;4;12;8;True
38956;4;8;4;True
38957;3;3;0;True
38958;4;12;8;True
38959;3;6;3;True
38960;4;6;2;True
38961;2;2;0;True
38962;7;16;9;True
38963;3;4;1;True
38964;7;12;5;True
38965;3;6;3;True
38966;0;0;0;True
38967;6;12;6;True
38968;2;4;2;True
38969;7;16;9;True
38970;3;6;3;True
38971;5;16;11;True
38972;10;16;6;True
38973;0;0;0;True
38974;3;6;3;True
38975;2;4;2;True
38976;1;1;0;True
38977;4;6;2;True
38978;4;6;2;True
38979;5;12;7;True
38980;10;16;6;True
38981;3;4;1;True
38982;3;6;3;True
38983;6;12;6;True
38984;3;4;1;True
38985;4;12;8;True
38986;4;9;5;True
38987;6;12;6;True
38988;2;4;2;True
38989;5;12;7;True
38990;7;16;9;True
38991;4;9;5;True
38992;3;6;3;True
38993;4;6;2;True
38994;6;12;6;True
38995;1;1;0;True
38996;5;12;7;True
38997;3;9;6;True
38998;5;12;7;True
38999;4;12;8;True
39000;0;0;0;True
39001;3;9;6;True
39002;2;4;2;True
39003;3;6;3;True
39004;2;4;2;True
39005;11;16;5;True
39006;4;12;8;True
39007;7;16;9;True
39008;2;2;0;True
39009;6;16;10;True
39010;3;4;1;True
39011;4;9;5;True
39012;7;12;5;True
39013;2;2;0;True
39014;2;4;2;True
39015;4;9;5;True
39016;5;12;7;True
39017;4;9;5;True
39018;0;0;0;True
39019;0;0;0;True
39020;4;8;4;True
39021;7;16;9;True
39022;7;12;5;True
39023;0;0;0;True
39024;2;4;2;True
39025;5;12;7;True
39026;4;9;5;True
39027;3;6;3;True
39028;2;2;0;True
39029;4;6;2;True
39030;8;16;8;True
39031;6;12;6;True
39032;5;9;4;True
39033;5;12;7;True
39034;3;9;6;True
39035;0;0;0;True
39036;4;16;12;True
39037;8;16;8;True
39038;7;16;9;True
39039;5;12;7;True
39040;9;16;7;True
39041;3;6;3;True
39042;8;16;8;True
39043;2;2;0;True
39044;3;6;3;True
39045;6;12;6;True
39046;1;1;0;True
39047;5;8;3;True
39048;2;4;2;True
39049;2;2;0;True
39050;3;6;3;True
39051;1;1;0;True
39052;6;16;10;True
39053;2;4;2;True
39054;5;8;3;True
39055;3;9;6;True
39056;3;6;3;True
39057;7;9;2;True
39058;2;2;0;True
39059;3;9;6;True
39060;1;1;0;True
39061;2;2;0;True
39062;4;6;2;True
39063;5;16;11;True
39064;8;9;1;True
39065;5;12;7;True
39066;3;3;0;True
39067;7;16;9;True
39068;7;16;9;True
39069;1;1;0;True
39070;1;1;0;True
39071;2;4;2;True
39072;5;12;7;True
39073;3;6;3;True
39074;8;16;8;True
39075;8;12;4;True
39076;3;6;3;True
39077;5;9;4;True
39078;8;16;8;True
39079;2;4;2;True
39080;6;12;6;True
39081;0;0;0;True
39082;3;6;3;True
39083;2;4;2;True
39084;4;12;8;True
39085;7;16;9;True
39086;3;4;1;True
39087;2;2;0;True
39088;3;6;3;True
39089;2;4;2;True
39090;5;12;7;True
39091;4;9;5;True
39092;7;16;9;True
39093;5;12;7;True
39094;4;6;2;True
39095;3;9;6;True
39096;5;9;4;True
39097;4;12;8;True
39098;2;2;0;True
39099;5;9;4;True
39100;2;4;2;True
39101;2;2;0;True
39102;8;16;8;True
39103;3;9;6;True
39104;3;6;3;True
39105;6;16;10;True
39106;4;12;8;True
39107;1;1;0;True
39108;2;4;2;True
39109;5;9;4;True
39110;3;6;3;True
39111;1;1;0;True
39112;10;16;6;True
39113;1;1;0;True
39114;1;1;0;True
39115;4;6;2;True
39116;4;6;2;True
39117;5;9;4;True
39118;7;12;5;True
39119;11;16;5;True
39120;5;12;7;True
39121;3;6;3;True
39122;1;1;0;True
39123;2;4;2;True
39124;3;6;3;True
39125;3;6;3;True
39126;4;9;5;True
39127;4;8;4;True
39128;3;6;3;True
39129;3;4;1;True
39130;8;16;8;True
39131;3;9;6;True
39132;3;9;6;True
39133;6;8;2;True
39134;2;4;2;True
39135;2;2;0;True
39136;4;9;5;True
39137;7;12;5;True
39138;7;12;5;True
39139;3;4;1;True
39140;1;1;0;True
39141;6;12;6;True
39142;1;1;0;True
39143;4;8;4;True
39144;5;8;3;True
39145;6;12;6;True
39146;5;12;7;True
39147;0;0;0;True
39148;8;16;8;True
39149;3;6;3;True
39150;7;16;9;True
39151;10;16;6;True
39152;2;4;2;True
39153;2;4;2;True
39154;1;1;0;True
39155;4;6;2;True
39156;0;0;0;True
39157;0;0;0;True
39158;3;6;3;True
39159;2;4;2;True
39160;9;16;7;True
39161;4;9;5;True
39162;2;4;2;True
39163;3;6;3;True
39164;2;4;2;True
39165;3;9;6;True
39166;10;16;6;True
39167;5;12;7;True
39168;2;4;2;True
39169;3;4;1;True
39170;3;6;3;True
39171;2;2;0;True
39172;4;12;8;True
39173;2;2;0;True
39174;2;4;2;True
39175;5;16;11;True
39176;3;9;6;True
39177;7;9;2;True
39178;8;12;4;True
39179;6;12;6;True
39180;8;16;8;True
39181;11;16;5;True
39182;6;12;6;True
39183;6;12;6;True
39184;3;6;3;True
39185;5;12;7;True
39186;6;12;6;True
39187;0;0;0;True
39188;6;12;6;True
39189;3;6;3;True
39190;3;6;3;True
39191;5;9;4;True
39192;5;9;4;True
39193;2;2;0;True
39194;2;4;2;True
39195;4;8;4;True
39196;1;1;0;True
39197;0;0;0;True
39198;7;12;5;True
39199;7;16;9;True
39200;3;4;1;True
39201;5;9;4;True
39202;5;9;4;True
39203;2;4;2;True
39204;6;8;2;True
39205;6;16;10;True
39206;4;8;4;True
39207;0;0;0;True
39208;4;9;5;True
39209;9;16;7;True
39210;4;9;5;True
39211;5;9;4;True
39212;2;2;0;True
39213;7;16;9;True
39214;5;12;7;True
39215;1;1;0;True
39216;3;4;1;True
39217;2;4;2;True
39218;3;6;3;True
39219;2;4;2;True
39220;4;9;5;True
39221;7;16;9;True
39222;5;9;4;True
39223;8;16;8;True
39224;4;8;4;True
39225;2;4;2;True
39226;1;1;0;True
39227;3;4;1;True
39228;8;16;8;True
39229;1;1;0;True
39230;2;2;0;True
39231;8;16;8;True
39232;4;9;5;True
39233;5;12;7;True
39234;3;3;0;True
39235;2;4;2;True
39236;2;2;0;True
39237;2;2;0;True
39238;2;4;2;True
39239;5;9;4;True
39240;1;1;0;True
39241;6;12;6;True
39242;4;9;5;True
39243;3;9;6;True
39244;2;2;0;True
39245;3;3;0;True
39246;2;2;0;True
39247;2;4;2;True
39248;4;9;5;True
39249;4;12;8;True
39250;6;6;0;True
39251;4;8;4;True
39252;2;4;2;True
39253;1;1;0;True
39254;3;6;3;True
39255;4;12;8;True
39256;4;6;2;True
39257;2;2;0;True
39258;6;16;10;True
39259;6;16;10;True
39260;4;9;5;True
39261;3;4;1;True
39262;3;6;3;True
39263;7;16;9;True
39264;2;2;0;True
39265;3;6;3;True
39266;7;9;2;True
39267;7;16;9;True
39268;0;0;0;True
39269;1;1;0;True
39270;4;9;5;True
39271;6;8;2;True
39272;5;9;4;True
39273;6;16;10;True
39274;1;1;0;True
39275;4;6;2;True
39276;3;3;0;True
39277;2;4;2;True
39278;0;0;0;True
39279;5;12;7;True
39280;7;12;5;True
39281;2;2;0;True
39282;3;6;3;True
39283;0;0;0;True
39284;12;16;4;True
39285;1;1;0;True
39286;6;12;6;True
39287;6;16;10;True
39288;4;6;2;True
39289;3;9;6;True
39290;3;9;6;True
39291;0;0;0;True
39292;6;16;10;True
39293;3;6;3;True
39294;2;4;2;True
39295;9;16;7;True
39296;3;6;3;True
39297;6;12;6;True
39298;0;0;0;True
39299;4;12;8;True
39300;3;6;3;True
39301;6;8;2;True
39302;7;9;2;True
39303;7;12;5;True
39304;6;12;6;True
39305;5;12;7;True
39306;5;12;7;True
39307;9;16;7;True
39308;3;4;1;True
39309;0;0;0;True
39310;3;6;3;True
39311;0;0;0;True
39312;7;12;5;True
39313;6;12;6;True
39314;3;9;6;True
39315;5;16;11;True
39316;5;9;4;True
39317;8;16;8;True
39318;0;0;0;True
39319;3;9;6;True
39320;1;1;0;True
39321;5;12;7;True
39322;4;8;4;True
39323;7;16;9;True
39324;5;9;4;True
39325;7;12;5;True
39326;2;2;0;True
39327;1;1;0;True
39328;3;9;6;True
39329;8;12;4;True
39330;5;16;11;True
39331;3;9;6;True
39332;1;1;0;True
39333;3;6;3;True
39334;2;2;0;True
39335;1;1;0;True
39336;8;16;8;True
39337;2;2;0;True
39338;6;16;10;True
39339;3;6;3;True
39340;3;6;3;True
39341;2;4;2;True
39342;2;2;0;True
39343;0;0;0;True
39344;4;12;8;True
39345;2;2;0;True
39346;4;8;4;True
39347;2;2;0;True
39348;2;4;2;True
39349;6;16;10;True
39350;5;16;11;True
39351;4;6;2;True
39352;1;1;0;True
39353;2;2;0;True
39354;4;12;8;True
39355;5;12;7;True
39356;5;9;4;True
39357;2;4;2;True
39358;2;4;2;True
39359;9;12;3;True
39360;4;12;8;True
39361;7;12;5;True
39362;2;4;2;True
39363;6;12;6;True
39364;5;6;1;True
39365;1;1;0;True
39366;4;6;2;True
39367;5;9;4;True
39368;5;9;4;True
39369;5;16;11;True
39370;2;2;0;True
39371;4;6;2;True
39372;2;4;2;True
39373;3;6;3;True
39374;3;6;3;True
39375;3;4;1;True
39376;3;9;6;True
39377;5;6;1;True
39378;8;16;8;True
39379;1;1;0;True
39380;4;12;8;True
39381;4;9;5;True
39382;0;0;0;True
39383;3;6;3;True
39384;1;1;0;True
39385;3;9;6;True
39386;0;0;0;True
39387;0;0;0;True
39388;4;9;5;True
39389;3;6;3;True
39390;4;9;5;True
39391;7;12;5;True
39392;7;16;9;True
39393;2;2;0;True
39394;4;6;2;True
39395;6;12;6;True
39396;6;16;10;True
39397;8;16;8;True
39398;7;16;9;True
39399;3;9;6;True
39400;2;4;2;True
39401;2;4;2;True
39402;3;6;3;True
39403;3;3;0;True
39404;5;12;7;True
39405;7;12;5;True
39406;1;1;0;True
39407;5;12;7;True
39408;5;12;7;True
39409;0;0;0;True
39410;6;9;3;True
39411;3;4;1;True
39412;1;1;0;True
39413;6;12;6;True
39414;5;12;7;True
39415;8;16;8;True
39416;4;6;2;True
39417;6;12;6;True
39418;1;1;0;True
39419;9;12;3;True
39420;7;16;9;True
39421;2;2;0;True
39422;4;16;12;True
39423;6;16;10;True
39424;4;9;5;True
39425;0;0;0;True
39426;5;9;4;True
39427;8;12;4;True
39428;2;2;0;True
39429;3;9;6;True
39430;2;4;2;True
39431;6;12;6;True
39432;2;2;0;True
39433;5;9;4;True
39434;8;16;8;True
39435;7;12;5;True
39436;2;4;2;True
39437;3;3;0;True
39438;5;9;4;True
39439;0;0;0;True
39440;5;16;11;True
39441;5;12;7;True
39442;2;4;2;True
39443;1;1;0;True
39444;6;9;3;True
39445;0;0;0;True
39446;0;0;0;True
39447;5;12;7;True
39448;0;0;0;True
39449;1;1;0;True
39450;1;1;0;True
39451;5;9;4;True
39452;4;9;5;True
39453;1;1;0;True
39454;8;16;8;True
39455;3;4;1;True
39456;6;12;6;True
39457;3;6;3;True
39458;2;4;2;True
39459;4;6;2;True
39460;2;4;2;True
39461;6;16;10;True
39462;6;12;6;True
39463;1;1;0;True
39464;6;9;3;True
39465;3;4;1;True
39466;4;12;8;True
39467;6;12;6;True
39468;4;6;2;True
39469;5;12;7;True
39470;3;4;1;True
39471;7;16;9;True
39472;4;9;5;True
39473;4;6;2;True
39474;3;4;1;True
39475;5;12;7;True
39476;2;2;0;True
39477;4;6;2;True
39478;3;4;1;True
39479;3;3;0;True
39480;3;4;1;True
39481;0;0;0;True
39482;5;8;3;True
39483;5;12;7;True
39484;0;0;0;True
39485;2;4;2;True
39486;4;12;8;True
39487;4;6;2;True
39488;7;16;9;True
39489;6;16;10;True
39490;5;12;7;True
39491;0;0;0;True
39492;4;8;4;True
39493;5;6;1;True
39494;1;1;0;True
39495;1;1;0;True
39496;5;16;11;True
39497;1;1;0;True
39498;3;3;0;True
39499;4;9;5;True
39500;6;12;6;True
39501;1;1;0;True
39502;9;12;3;True
39503;3;6;3;True
39504;6;12;6;True
39505;4;9;5;True
39506;5;12;7;True
39507;7;16;9;True
39508;2;2;0;True
39509;8;16;8;True
39510;2;2;0;True
39511;3;6;3;True
39512;4;12;8;True
39513;5;16;11;True
39514;4;6;2;True
39515;4;6;2;True
39516;1;1;0;True
39517;3;6;3;True
39518;3;9;6;True
39519;5;16;11;True
39520;5;12;7;True
39521;2;4;2;True
39522;4;9;5;True
39523;6;16;10;True
39524;0;0;0;True
39525;1;1;0;True
39526;2;4;2;True
39527;7;12;5;True
39528;4;6;2;True
39529;5;8;3;True
39530;6;12;6;True
39531;2;2;0;True
39532;0;0;0;True
39533;4;9;5;True
39534;5;16;11;True
39535;4;9;5;True
39536;6;12;6;True
39537;0;0;0;True
39538;7;16;9;True
39539;4;6;2;True
39540;2;2;0;True
39541;0;0;0;True
39542;2;4;2;True
39543;0;0;0;True
39544;6;16;10;True
39545;5;9;4;True
39546;3;4;1;True
39547;3;3;0;True
39548;3;6;3;True
39549;3;4;1;True
39550;1;1;0;True
39551;5;6;1;True
39552;1;1;0;True
39553;5;12;7;True
39554;2;4;2;True
39555;1;1;0;True
39556;2;4;2;True
39557;4;6;2;True
39558;5;12;7;True
39559;4;12;8;True
39560;0;0;0;True
39561;1;1;0;True
39562;6;12;6;True
39563;1;1;0;True
39564;8;16;8;True
39565;2;2;0;True
39566;4;12;8;True
39567;0;0;0;True
39568;7;12;5;True
39569;3;6;3;True
39570;2;4;2;True
39571;5;9;4;True
39572;2;4;2;True
39573;8;16;8;True
39574;1;1;0;True
39575;5;12;7;True
39576;7;16;9;True
39577;3;9;6;True
39578;5;12;7;True
39579;4;9;5;True
39580;4;12;8;True
39581;0;0;0;True
39582;1;1;0;True
39583;1;1;0;True
39584;6;16;10;True
39585;2;2;0;True
39586;1;1;0;True
39587;6;16;10;True
39588;5;8;3;True
39589;5;9;4;True
39590;4;9;5;True
39591;2;4;2;True
39592;1;1;0;True
39593;4;9;5;True
39594;2;2;0;True
39595;1;1;0;True
39596;1;1;0;True
39597;7;12;5;True
39598;3;4;1;True
39599;2;2;0;True
39600;1;1;0;True
39601;2;2;0;True
39602;9;16;7;True
39603;2;2;0;True
39604;4;9;5;True
39605;3;6;3;True
39606;3;6;3;True
39607;6;12;6;True
39608;6;9;3;True
39609;3;4;1;True
39610;3;9;6;True
39611;4;9;5;True
39612;5;12;7;True
39613;7;16;9;True
39614;2;4;2;True
39615;3;6;3;True
39616;1;1;0;True
39617;0;0;0;True
39618;8;16;8;True
39619;2;4;2;True
39620;3;6;3;True
39621;0;0;0;True
39622;2;4;2;True
39623;4;9;5;True
39624;3;4;1;True
39625;4;6;2;True
39626;7;16;9;True
39627;4;8;4;True
39628;3;6;3;True
39629;3;9;6;True
39630;3;4;1;True
39631;5;12;7;True
39632;2;2;0;True
39633;1;1;0;True
39634;0;0;0;True
39635;4;8;4;True
39636;1;1;0;True
39637;4;9;5;True
39638;3;6;3;True
39639;1;1;0;True
39640;2;2;0;True
39641;0;0;0;True
39642;3;6;3;True
39643;5;6;1;True
39644;4;12;8;True
39645;3;4;1;True
39646;2;4;2;True
39647;5;8;3;True
39648;3;4;1;True
39649;4;9;5;True
39650;1;1;0;True
39651;2;2;0;True
39652;5;9;4;True
39653;2;4;2;True
39654;2;2;0;True
39655;3;4;1;True
39656;2;4;2;True
39657;1;1;0;True
39658;1;1;0;True
39659;5;8;3;True
39660;2;2;0;True
39661;5;9;4;True
39662;3;6;3;True
39663;7;12;5;True
39664;8;16;8;True
39665;5;9;4;True
39666;3;3;0;True
39667;2;2;0;True
39668;4;6;2;True
39669;3;9;6;True
39670;4;9;5;True
39671;3;9;6;True
39672;3;9;6;True
39673;3;3;0;True
39674;3;6;3;True
39675;3;6;3;True
39676;6;8;2;True
39677;2;4;2;True
39678;6;12;6;True
39679;5;16;11;True
39680;10;16;6;True
39681;1;1;0;True
39682;3;4;1;True
39683;2;4;2;True
39684;1;1;0;True
39685;3;6;3;True
39686;1;1;0;True
39687;1;1;0;True
39688;2;4;2;True
39689;2;4;2;True
39690;7;12;5;True
39691;5;12;7;True
39692;4;6;2;True
39693;5;12;7;True
39694;0;0;0;True
39695;4;6;2;True
39696;2;4;2;True
39697;5;12;7;True
39698;2;2;0;True
39699;1;1;0;True
39700;3;6;3;True
39701;2;2;0;True
39702;4;9;5;True
39703;4;12;8;True
39704;2;2;0;True
39705;2;4;2;True
39706;4;8;4;True
39707;1;1;0;True
39708;2;2;0;True
39709;7;12;5;True
39710;3;6;3;True
39711;4;6;2;True
39712;4;4;0;True
39713;0;0;0;True
39714;1;1;0;True
39715;5;6;1;True
39716;3;4;1;True
39717;0;0;0;True
39718;5;12;7;True
39719;3;6;3;True
39720;7;16;9;True
39721;5;12;7;True
39722;0;0;0;True
39723;4;8;4;True
39724;1;1;0;True
39725;4;8;4;True
39726;5;9;4;True
39727;3;6;3;True
39728;0;0;0;True
39729;3;6;3;True
39730;6;12;6;True
39731;2;4;2;True
39732;2;4;2;True
39733;4;6;2;True
39734;2;2;0;True
39735;5;9;4;True
39736;6;16;10;True
39737;5;9;4;True
39738;3;9;6;True
39739;1;1;0;True
39740;8;16;8;True
39741;1;1;0;True
39742;7;16;9;True
39743;3;6;3;True
39744;3;6;3;True
39745;0;0;0;True
39746;8;12;4;True
39747;3;3;0;True
39748;6;12;6;True
39749;6;9;3;True
39750;1;1;0;True
39751;6;16;10;True
39752;3;3;0;True
39753;6;12;6;True
39754;4;12;8;True
39755;3;6;3;True
39756;0;0;0;True
39757;4;6;2;True
39758;1;1;0;True
39759;4;6;2;True
39760;4;6;2;True
39761;3;6;3;True
39762;2;2;0;True
39763;1;1;0;True
39764;5;8;3;True
39765;3;4;1;True
39766;6;16;10;True
39767;3;6;3;True
39768;4;6;2;True
39769;6;16;10;True
39770;6;12;6;True
39771;7;12;5;True
39772;2;4;2;True
39773;2;4;2;True
39774;3;6;3;True
39775;7;16;9;True
39776;1;1;0;True
39777;5;12;7;True
39778;7;12;5;True
39779;7;12;5;True
39780;2;4;2;True
39781;4;9;5;True
39782;7;12;5;True
39783;3;6;3;True
39784;2;2;0;True
39785;2;4;2;True
39786;5;8;3;True
39787;2;2;0;True
39788;4;6;2;True
39789;7;16;9;True
39790;4;6;2;True
39791;6;16;10;True
39792;6;12;6;True
39793;3;9;6;True
39794;6;9;3;True
39795;5;16;11;True
39796;5;9;4;True
39797;5;12;7;True
39798;4;12;8;True
39799;5;9;4;True
39800;6;8;2;True
39801;2;4;2;True
39802;6;9;3;True
39803;2;4;2;True
39804;6;12;6;True
39805;2;2;0;True
39806;4;12;8;True
39807;2;4;2;True
39808;6;12;6;True
39809;3;6;3;True
39810;0;0;0;True
39811;1;1;0;True
39812;5;12;7;True
39813;6;9;3;True
39814;6;12;6;True
39815;4;9;5;True
39816;0;0;0;True
39817;0;0;0;True
39818;1;1;0;True
39819;6;8;2;True
39820;3;6;3;True
39821;5;9;4;True
39822;4;16;12;True
39823;2;4;2;True
39824;4;9;5;True
39825;5;8;3;True
39826;4;12;8;True
39827;3;9;6;True
39828;5;9;4;True
39829;7;12;5;True
39830;4;9;5;True
39831;6;8;2;True
39832;0;0;0;True
39833;7;16;9;True
39834;1;1;0;True
39835;2;4;2;True
39836;0;0;0;True
39837;4;12;8;True
39838;3;3;0;True
39839;7;16;9;True
39840;4;6;2;True
39841;1;1;0;True
39842;3;6;3;True
39843;2;2;0;True
39844;1;1;0;True
39845;1;1;0;True
39846;1;1;0;True
39847;3;6;3;True
39848;1;1;0;True
39849;1;1;0;True
39850;2;4;2;True
39851;3;4;1;True
39852;3;3;0;True
39853;5;12;7;True
39854;0;0;0;True
39855;0;0;0;True
39856;2;4;2;True
39857;4;8;4;True
39858;2;2;0;True
39859;3;9;6;True
39860;4;9;5;True
39861;3;6;3;True
39862;4;9;5;True
39863;2;4;2;True
39864;2;4;2;True
39865;3;6;3;True
39866;6;16;10;True
39867;9;16;7;True
39868;3;6;3;True
39869;2;2;0;True
39870;8;16;8;True
39871;5;12;7;True
39872;6;16;10;True
39873;5;12;7;True
39874;11;16;5;True
39875;3;4;1;True
39876;8;16;8;True
39877;4;9;5;True
39878;1;1;0;True
39879;8;16;8;True
39880;4;8;4;True
39881;5;9;4;True
39882;1;1;0;True
39883;4;6;2;True
39884;2;4;2;True
39885;8;12;4;True
39886;0;0;0;True
39887;5;12;7;True
39888;4;12;8;True
39889;7;12;5;True
39890;3;3;0;True
39891;9;16;7;True
39892;4;12;8;True
39893;7;16;9;True
39894;5;12;7;True
39895;2;2;0;True
39896;1;1;0;True
39897;4;8;4;True
39898;4;9;5;True
39899;3;6;3;True
39900;1;1;0;True
39901;5;12;7;True
39902;9;16;7;True
39903;7;12;5;True
39904;0;0;0;True
39905;1;1;0;True
39906;11;16;5;True
39907;0;0;0;True
39908;1;1;0;True
39909;5;12;7;True
39910;8;16;8;True
39911;0;0;0;True
39912;5;12;7;True
39913;4;9;5;True
39914;3;9;6;True
39915;6;9;3;True
39916;2;4;2;True
39917;5;8;3;True
39918;9;16;7;True
39919;4;12;8;True
39920;2;4;2;True
39921;1;1;0;True
39922;4;12;8;True
39923;4;9;5;True
39924;9;16;7;True
39925;8;16;8;True
39926;3;4;1;True
39927;0;0;0;True
39928;5;9;4;True
39929;0;0;0;True
39930;1;1;0;True
39931;1;1;0;True
39932;0;0;0;True
39933;0;0;0;True
39934;1;1;0;True
39935;4;4;0;True
39936;6;9;3;True
39937;5;6;1;True
39938;0;0;0;True
39939;3;9;6;True
39940;9;16;7;True
39941;6;8;2;True
39942;6;16;10;True
39943;3;6;3;True
39944;3;9;6;True
39945;7;16;9;True
39946;2;4;2;True
39947;5;12;7;True
39948;9;16;7;True
39949;8;16;8;True
39950;2;2;0;True
39951;7;16;9;True
39952;3;6;3;True
39953;1;1;0;True
39954;4;6;2;True
39955;7;12;5;True
39956;2;4;2;True
39957;0;0;0;True
39958;8;16;8;True
39959;2;2;0;True
39960;3;3;0;True
39961;6;9;3;True
39962;3;4;1;True
39963;7;16;9;True
39964;9;16;7;True
39965;2;2;0;True
39966;6;12;6;True
39967;4;9;5;True
39968;1;1;0;True
39969;5;8;3;True
39970;1;1;0;True
39971;3;6;3;True
39972;2;2;0;True
39973;2;4;2;True
39974;5;16;11;True
39975;5;9;4;True
39976;3;6;3;True
39977;3;6;3;True
39978;2;2;0;True
39979;4;6;2;True
39980;2;4;2;True
39981;4;9;5;True
39982;4;8;4;True
39983;2;4;2;True
39984;1;1;0;True
39985;5;9;4;True
39986;6;9;3;True
39987;2;4;2;True
39988;6;12;6;True
39989;5;12;7;True
39990;1;1;0;True
39991;2;4;2;True
39992;8;12;4;True
39993;8;12;4;True
39994;4;12;8;True
39995;6;12;6;True
39996;3;6;3;True
39997;5;6;1;True
39998;2;2;0;True
39999;1;1;0;True
40000;2;4;2;True
40001;4;12;8;True
40002;2;4;2;True
40003;2;4;2;True
40004;1;1;0;True
40005;4;9;5;True
40006;2;4;2;True
40007;2;4;2;True
40008;8;16;8;True
40009;4;12;8;True
40010;4;12;8;True
40011;3;6;3;True
40012;6;12;6;True
40013;5;16;11;True
40014;3;9;6;True
40015;3;9;6;True
40016;3;6;3;True
40017;2;2;0;True
40018;0;0;0;True
40019;4;9;5;True
40020;0;0;0;True
40021;4;6;2;True
40022;2;4;2;True
40023;1;1;0;True
40024;5;8;3;True
40025;4;8;4;True
40026;5;8;3;True
40027;4;6;2;True
40028;1;1;0;True
40029;8;16;8;True
40030;2;4;2;True
40031;0;0;0;True
40032;6;9;3;True
40033;3;9;6;True
40034;8;16;8;True
40035;4;8;4;True
40036;4;6;2;True
40037;6;12;6;True
40038;1;1;0;True
40039;7;12;5;True
40040;4;9;5;True
40041;4;6;2;True
40042;0;0;0;True
40043;0;0;0;True
40044;2;4;2;True
40045;5;9;4;True
40046;5;9;4;True
40047;2;4;2;True
40048;3;6;3;True
40049;3;9;6;True
40050;3;6;3;True
40051;4;9;5;True
40052;2;4;2;True
40053;5;12;7;True
40054;7;12;5;True
40055;5;16;11;True
40056;4;6;2;True
40057;5;12;7;True
40058;8;16;8;True
40059;4;12;8;True
40060;0;0;0;True
40061;1;1;0;True
40062;3;9;6;True
40063;6;16;10;True
40064;2;2;0;True
40065;2;4;2;True
40066;4;6;2;True
40067;2;2;0;True
40068;5;12;7;True
40069;6;16;10;True
40070;7;12;5;True
40071;2;4;2;True
40072;3;4;1;True
40073;2;4;2;True
40074;5;12;7;True
40075;3;6;3;True
40076;5;9;4;True
40077;2;4;2;True
40078;3;9;6;True
40079;2;2;0;True
40080;3;4;1;True
40081;3;6;3;True
40082;5;8;3;True
40083;0;0;0;True
40084;2;4;2;True
40085;2;2;0;True
40086;4;9;5;True
40087;5;16;11;True
40088;2;2;0;True
40089;4;9;5;True
40090;1;1;0;True
40091;3;3;0;True
40092;6;16;10;True
40093;0;0;0;True
40094;0;0;0;True
40095;3;4;1;True
40096;7;16;9;True
40097;3;6;3;True
40098;7;12;5;True
40099;5;9;4;True
40100;2;4;2;True
40101;1;1;0;True
40102;3;6;3;True
40103;5;12;7;True
40104;6;12;6;True
40105;4;9;5;True
40106;2;4;2;True
40107;3;4;1;True
40108;6;9;3;True
40109;3;3;0;True
40110;2;4;2;True
40111;6;12;6;True
40112;5;16;11;True
40113;3;6;3;True
40114;5;9;4;True
40115;3;6;3;True
40116;5;9;4;True
40117;2;4;2;True
40118;4;6;2;True
40119;2;4;2;True
40120;3;6;3;True
40121;3;4;1;True
40122;1;1;0;True
40123;4;12;8;True
40124;7;12;5;True
40125;4;9;5;True
40126;7;12;5;True
40127;1;1;0;True
40128;1;1;0;True
40129;8;12;4;True
40130;4;12;8;True
40131;3;4;1;True
40132;2;2;0;True
40133;3;6;3;True
40134;0;0;0;True
40135;1;1;0;True
40136;0;0;0;True
40137;4;9;5;True
40138;1;1;0;True
40139;8;12;4;True
40140;7;16;9;True
40141;7;16;9;True
40142;4;6;2;True
40143;1;1;0;True
40144;5;9;4;True
40145;3;6;3;True
40146;2;2;0;True
40147;1;1;0;True
40148;3;6;3;True
40149;1;1;0;True
40150;6;12;6;True
40151;5;9;4;True
40152;1;1;0;True
40153;1;1;0;True
40154;4;6;2;True
40155;8;16;8;True
40156;4;6;2;True
40157;1;1;0;True
40158;5;12;7;True
40159;1;1;0;True
40160;5;9;4;True
40161;10;16;6;True
40162;5;9;4;True
40163;7;16;9;True
40164;7;16;9;True
40165;2;2;0;True
40166;5;9;4;True
40167;8;12;4;True
40168;4;9;5;True
40169;5;12;7;True
40170;7;16;9;True
40171;4;9;5;True
40172;2;2;0;True
40173;1;1;0;True
40174;1;1;0;True
40175;2;4;2;True
40176;4;12;8;True
40177;1;1;0;True
40178;3;6;3;True
40179;3;9;6;True
40180;5;12;7;True
40181;4;4;0;True
40182;1;1;0;True
40183;4;9;5;True
40184;4;8;4;True
40185;5;8;3;True
40186;4;6;2;True
40187;3;9;6;True
40188;1;1;0;True
40189;1;1;0;True
40190;5;16;11;True
40191;1;1;0;True
40192;9;12;3;True
40193;3;6;3;True
40194;0;0;0;True
40195;6;12;6;True
40196;2;2;0;True
40197;3;9;6;True
40198;0;0;0;True
40199;2;4;2;True
40200;7;9;2;True
40201;4;6;2;True
40202;7;12;5;True
40203;4;12;8;True
40204;5;9;4;True
40205;2;4;2;True
40206;8;12;4;True
40207;3;4;1;True
40208;7;16;9;True
40209;5;6;1;True
40210;4;9;5;True
40211;3;6;3;True
40212;5;9;4;True
40213;4;9;5;True
40214;2;4;2;True
40215;1;1;0;True
40216;6;16;10;True
40217;5;9;4;True
40218;3;6;3;True
40219;0;0;0;True
40220;9;16;7;True
40221;2;2;0;True
40222;5;9;4;True
40223;4;6;2;True
40224;5;9;4;True
40225;3;6;3;True
40226;4;6;2;True
40227;9;16;7;True
40228;2;4;2;True
40229;3;9;6;True
40230;4;8;4;True
40231;8;12;4;True
40232;1;1;0;True
40233;7;16;9;True
40234;5;12;7;True
40235;5;12;7;True
40236;3;6;3;True
40237;0;0;0;True
40238;1;1;0;True
40239;5;16;11;True
40240;5;9;4;True
40241;5;8;3;True
40242;3;6;3;True
40243;5;12;7;True
40244;0;0;0;True
40245;5;9;4;True
40246;10;16;6;True
40247;0;0;0;True
40248;1;1;0;True
40249;3;9;6;True
40250;5;9;4;True
40251;4;6;2;True
40252;3;6;3;True
40253;2;4;2;True
40254;3;3;0;True
40255;6;16;10;True
40256;1;1;0;True
40257;5;9;4;True
40258;4;9;5;True
40259;1;1;0;True
40260;3;4;1;True
40261;4;9;5;True
40262;5;9;4;True
40263;4;9;5;True
40264;2;4;2;True
40265;2;2;0;True
40266;2;4;2;True
40267;3;4;1;True
40268;5;16;11;True
40269;6;9;3;True
40270;2;4;2;True
40271;4;9;5;True
40272;4;9;5;True
40273;3;9;6;True
40274;6;12;6;True
40275;4;8;4;True
40276;0;0;0;True
40277;2;4;2;True
40278;3;4;1;True
40279;5;8;3;True
40280;4;6;2;True
40281;3;6;3;True
40282;2;4;2;True
40283;10;12;2;True
40284;2;4;2;True
40285;4;9;5;True
40286;8;16;8;True
40287;6;12;6;True
40288;1;1;0;True
40289;3;3;0;True
40290;3;9;6;True
40291;4;16;12;True
40292;6;9;3;True
40293;2;4;2;True
40294;2;4;2;True
40295;0;0;0;True
40296;3;9;6;True
40297;7;16;9;True
40298;0;0;0;True
40299;1;1;0;True
40300;6;16;10;True
40301;2;4;2;True
40302;2;4;2;True
40303;7;12;5;True
40304;3;6;3;True
40305;6;12;6;True
40306;8;12;4;True
40307;4;8;4;True
40308;0;0;0;True
40309;5;16;11;True
40310;7;16;9;True
40311;2;4;2;True
40312;5;6;1;True
40313;6;9;3;True
40314;1;1;0;True
40315;5;12;7;True
40316;3;4;1;True
40317;5;12;7;True
40318;5;12;7;True
40319;4;9;5;True
40320;6;16;10;True
40321;6;12;6;True
40322;3;3;0;True
40323;5;12;7;True
40324;7;12;5;True
40325;5;12;7;True
40326;5;12;7;True
40327;8;12;4;True
40328;6;9;3;True
40329;5;9;4;True
40330;4;6;2;True
40331;7;12;5;True
40332;2;4;2;True
40333;5;16;11;True
40334;6;8;2;True
40335;4;9;5;True
40336;2;4;2;True
40337;4;8;4;True
40338;4;9;5;True
40339;4;8;4;True
40340;6;9;3;True
40341;0;0;0;True
40342;0;0;0;True
40343;2;2;0;True
40344;8;12;4;True
40345;5;9;4;True
40346;4;9;5;True
40347;4;12;8;True
40348;3;6;3;True
40349;2;4;2;True
40350;5;9;4;True
40351;2;4;2;True
40352;1;1;0;True
40353;1;1;0;True
40354;4;9;5;True
40355;10;16;6;True
40356;3;9;6;True
40357;3;4;1;True
40358;2;2;0;True
40359;4;12;8;True
40360;1;1;0;True
40361;5;16;11;True
40362;4;9;5;True
40363;2;2;0;True
40364;8;12;4;True
40365;5;12;7;True
40366;7;16;9;True
40367;4;6;2;True
40368;3;9;6;True
40369;5;16;11;True
40370;2;4;2;True
40371;3;9;6;True
40372;8;16;8;True
40373;7;12;5;True
40374;2;2;0;True
40375;0;0;0;True
40376;4;4;0;True
40377;6;12;6;True
40378;2;2;0;True
40379;6;9;3;True
40380;4;6;2;True
40381;1;1;0;True
40382;4;9;5;True
40383;6;16;10;True
40384;3;3;0;True
40385;6;12;6;True
40386;1;1;0;True
40387;6;16;10;True
40388;7;16;9;True
40389;0;0;0;True
40390;3;6;3;True
40391;9;16;7;True
40392;2;4;2;True
40393;1;1;0;True
40394;8;12;4;True
40395;3;6;3;True
40396;6;16;10;True
40397;1;1;0;True
40398;5;12;7;True
40399;4;9;5;True
40400;3;4;1;True
40401;2;2;0;True
40402;2;4;2;True
40403;3;6;3;True
40404;2;2;0;True
40405;3;6;3;True
40406;3;6;3;True
40407;4;16;12;True
40408;2;4;2;True
40409;1;1;0;True
40410;2;4;2;True
40411;5;9;4;True
40412;3;9;6;True
40413;7;8;1;True
40414;9;16;7;True
40415;5;9;4;True
40416;5;9;4;True
40417;6;16;10;True
40418;4;12;8;True
40419;3;6;3;True
40420;6;16;10;True
40421;6;12;6;True
40422;3;6;3;True
40423;3;6;3;True
40424;2;2;0;True
40425;8;16;8;True
40426;1;1;0;True
40427;7;16;9;True
40428;9;16;7;True
40429;5;12;7;True
40430;5;12;7;True
40431;0;0;0;True
40432;6;12;6;True
40433;6;9;3;True
40434;4;8;4;True
40435;4;12;8;True
40436;5;16;11;True
40437;5;12;7;True
40438;6;12;6;True
40439;4;8;4;True
40440;0;0;0;True
40441;0;0;0;True
40442;3;6;3;True
40443;1;1;0;True
40444;1;1;0;True
40445;0;0;0;True
40446;4;6;2;True
40447;6;12;6;True
40448;7;12;5;True
40449;1;1;0;True
40450;5;12;7;True
40451;3;3;0;True
40452;6;12;6;True
40453;4;9;5;True
40454;7;16;9;True
40455;4;9;5;True
40456;6;9;3;True
40457;5;12;7;True
40458;2;4;2;True
40459;7;12;5;True
40460;5;9;4;True
40461;2;4;2;True
40462;8;16;8;True
40463;3;6;3;True
40464;5;12;7;True
40465;8;12;4;True
40466;3;6;3;True
40467;5;12;7;True
40468;9;16;7;True
40469;3;6;3;True
40470;0;0;0;True
40471;1;1;0;True
40472;1;1;0;True
40473;4;9;5;True
40474;6;12;6;True
40475;6;12;6;True
40476;3;6;3;True
40477;4;12;8;True
40478;8;12;4;True
40479;4;6;2;True
40480;0;0;0;True
40481;1;1;0;True
40482;2;2;0;True
40483;4;6;2;True
40484;1;1;0;True
40485;0;0;0;True
40486;1;1;0;True
40487;1;1;0;True
40488;7;12;5;True
40489;5;12;7;True
40490;6;12;6;True
40491;4;6;2;True
40492;4;6;2;True
40493;4;9;5;True
40494;1;1;0;True
40495;6;12;6;True
40496;7;16;9;True
40497;3;6;3;True
40498;3;4;1;True
40499;3;6;3;True
40500;6;12;6;True
40501;4;8;4;True
40502;8;16;8;True
40503;3;3;0;True
40504;2;4;2;True
40505;8;16;8;True
40506;2;4;2;True
40507;9;16;7;True
40508;6;9;3;True
40509;8;16;8;True
40510;3;6;3;True
40511;7;12;5;True
40512;4;6;2;True
40513;0;0;0;True
40514;1;1;0;True
40515;1;1;0;True
40516;5;9;4;True
40517;2;4;2;True
40518;4;12;8;True
40519;5;12;7;True
40520;5;9;4;True
40521;3;6;3;True
40522;9;12;3;True
40523;4;8;4;True
40524;2;4;2;True
40525;3;9;6;True
40526;6;16;10;True
40527;2;4;2;True
40528;3;6;3;True
40529;0;0;0;True
40530;2;2;0;True
40531;2;4;2;True
40532;4;12;8;True
40533;6;9;3;True
40534;2;2;0;True
40535;2;4;2;True
40536;2;2;0;True
40537;2;4;2;True
40538;0;0;0;True
40539;4;6;2;True
40540;3;6;3;True
40541;2;2;0;True
40542;0;0;0;True
40543;2;4;2;True
40544;1;1;0;True
40545;5;9;4;True
40546;5;12;7;True
40547;7;16;9;True
40548;8;16;8;True
40549;4;9;5;True
40550;5;8;3;True
40551;3;6;3;True
40552;4;6;2;True
40553;4;8;4;True
40554;8;16;8;True
40555;4;6;2;True
40556;3;6;3;True
40557;0;0;0;True
40558;5;9;4;True
40559;5;9;4;True
40560;3;4;1;True
40561;4;6;2;True
40562;5;6;1;True
40563;6;9;3;True
40564;4;9;5;True
40565;3;6;3;True
40566;5;16;11;True
40567;3;9;6;True
40568;5;16;11;True
40569;4;9;5;True
40570;3;6;3;True
40571;3;3;0;True
40572;4;9;5;True
40573;7;12;5;True
40574;3;9;6;True
40575;4;9;5;True
40576;3;3;0;True
40577;0;0;0;True
40578;0;0;0;True
40579;7;16;9;True
40580;7;12;5;True
40581;1;1;0;True
40582;2;2;0;True
40583;4;8;4;True
40584;5;9;4;True
40585;4;9;5;True
40586;4;6;2;True
40587;5;12;7;True
40588;3;4;1;True
40589;4;6;2;True
40590;4;9;5;True
40591;2;4;2;True
40592;4;9;5;True
40593;5;9;4;True
40594;10;16;6;True
40595;7;12;5;True
40596;3;9;6;True
40597;6;12;6;True
40598;0;0;0;True
40599;6;12;6;True
40600;4;9;5;True
40601;2;2;0;True
40602;3;6;3;True
40603;3;6;3;True
40604;3;4;1;True
40605;3;6;3;True
40606;1;1;0;True
40607;5;12;7;True
40608;4;6;2;True
40609;0;0;0;True
40610;0;0;0;True
40611;6;16;10;True
40612;6;16;10;True
40613;2;4;2;True
40614;4;9;5;True
40615;2;4;2;True
40616;1;1;0;True
40617;1;1;0;True
40618;4;9;5;True
40619;4;9;5;True
40620;2;4;2;True
40621;1;1;0;True
40622;3;6;3;True
40623;0;0;0;True
40624;1;1;0;True
40625;2;4;2;True
40626;0;0;0;True
40627;1;1;0;True
40628;5;9;4;True
40629;4;6;2;True
40630;1;1;0;True
40631;4;6;2;True
40632;5;12;7;True
40633;3;4;1;True
40634;4;9;5;True
40635;3;6;3;True
40636;1;1;0;True
40637;1;1;0;True
40638;6;12;6;True
40639;5;12;7;True
40640;6;16;10;True
40641;3;6;3;True
40642;2;4;2;True
40643;2;4;2;True
40644;0;0;0;True
40645;6;12;6;True
40646;8;12;4;True
40647;2;2;0;True
40648;0;0;0;True
40649;2;4;2;True
40650;5;8;3;True
40651;3;6;3;True
40652;2;2;0;True
40653;4;12;8;True
40654;4;9;5;True
40655;2;2;0;True
40656;1;1;0;True
40657;1;1;0;True
40658;7;16;9;True
40659;2;4;2;True
40660;2;2;0;True
40661;3;6;3;True
40662;2;2;0;True
40663;1;1;0;True
40664;3;6;3;True
40665;3;9;6;True
40666;5;12;7;True
40667;6;16;10;True
40668;2;4;2;True
40669;5;12;7;True
40670;4;6;2;True
40671;0;0;0;True
40672;1;1;0;True
40673;4;4;0;True
40674;0;0;0;True
40675;6;16;10;True
40676;4;6;2;True
40677;4;8;4;True
40678;7;16;9;True
40679;3;6;3;True
40680;2;4;2;True
40681;6;12;6;True
40682;8;16;8;True
40683;6;9;3;True
40684;3;9;6;True
40685;10;16;6;True
40686;2;2;0;True
40687;2;4;2;True
40688;9;16;7;True
40689;5;16;11;True
40690;5;8;3;True
40691;4;16;12;True
40692;6;12;6;True
40693;2;2;0;True
40694;3;3;0;True
40695;6;9;3;True
40696;2;4;2;True
40697;2;2;0;True
40698;3;6;3;True
40699;1;1;0;True
40700;5;9;4;True
40701;5;12;7;True
40702;6;12;6;True
40703;8;12;4;True
40704;4;6;2;True
40705;3;4;1;True
40706;6;9;3;True
40707;6;12;6;True
40708;4;6;2;True
40709;5;16;11;True
40710;1;1;0;True
40711;7;12;5;True
40712;8;16;8;True
40713;4;8;4;True
40714;3;6;3;True
40715;3;4;1;True
40716;3;4;1;True
40717;0;0;0;True
40718;3;4;1;True
40719;5;6;1;True
40720;6;8;2;True
40721;7;12;5;True
40722;3;6;3;True
40723;1;1;0;True
40724;5;12;7;True
40725;2;4;2;True
40726;4;12;8;True
40727;7;9;2;True
40728;6;12;6;True
40729;6;16;10;True
40730;7;16;9;True
40731;0;0;0;True
40732;2;4;2;True
40733;6;16;10;True
40734;3;6;3;True
40735;0;0;0;True
40736;2;4;2;True
40737;9;12;3;True
40738;3;6;3;True
40739;10;16;6;True
40740;1;1;0;True
40741;5;12;7;True
40742;4;9;5;True
40743;2;4;2;True
40744;7;16;9;True
40745;2;2;0;True
40746;3;6;3;True
40747;3;6;3;True
40748;3;3;0;True
40749;5;12;7;True
40750;5;12;7;True
40751;1;1;0;True
40752;3;4;1;True
40753;4;12;8;True
40754;4;9;5;True
40755;3;4;1;True
40756;3;6;3;True
40757;2;4;2;True
40758;1;1;0;True
40759;4;12;8;True
40760;9;12;3;True
40761;3;3;0;True
40762;4;9;5;True
40763;4;9;5;True
40764;3;9;6;True
40765;1;1;0;True
40766;7;12;5;True
40767;6;16;10;True
40768;5;12;7;True
40769;7;16;9;True
40770;3;6;3;True
40771;3;6;3;True
40772;3;6;3;True
40773;2;2;0;True
40774;4;8;4;True
40775;2;4;2;True
40776;5;9;4;True
40777;0;0;0;True
40778;4;4;0;True
40779;1;1;0;True
40780;3;3;0;True
40781;2;2;0;True
40782;2;4;2;True
40783;2;2;0;True
40784;4;8;4;True
40785;5;9;4;True
40786;1;1;0;True
40787;6;8;2;True
40788;3;6;3;True
40789;3;6;3;True
40790;3;6;3;True
40791;6;12;6;True
40792;5;16;11;True
40793;6;12;6;True
40794;3;6;3;True
40795;4;12;8;True
40796;4;6;2;True
40797;8;16;8;True
40798;8;16;8;True
40799;1;1;0;True
40800;3;4;1;True
40801;8;16;8;True
40802;2;4;2;True
40803;1;1;0;True
40804;5;9;4;True
40805;7;16;9;True
40806;4;16;12;True
40807;2;4;2;True
40808;3;6;3;True
40809;8;16;8;True
40810;7;16;9;True
40811;3;9;6;True
40812;4;6;2;True
40813;2;4;2;True
40814;1;1;0;True
40815;4;6;2;True
40816;6;16;10;True
40817;1;1;0;True
40818;2;4;2;True
40819;3;4;1;True
40820;4;12;8;True
40821;2;4;2;True
40822;5;9;4;True
40823;7;12;5;True
40824;7;12;5;True
40825;2;4;2;True
40826;6;16;10;True
40827;2;4;2;True
40828;3;9;6;True
40829;2;2;0;True
40830;4;9;5;True
40831;7;16;9;True
40832;2;4;2;True
40833;2;4;2;True
40834;7;16;9;True
40835;3;6;3;True
40836;8;16;8;True
40837;3;6;3;True
40838;4;8;4;True
40839;4;6;2;True
40840;2;2;0;True
40841;2;4;2;True
40842;1;1;0;True
40843;1;1;0;True
40844;3;4;1;True
40845;4;9;5;True
40846;4;9;5;True
40847;4;9;5;True
40848;4;8;4;True
40849;2;4;2;True
40850;5;12;7;True
40851;5;12;7;True
40852;3;6;3;True
40853;2;2;0;True
40854;0;0;0;True
40855;6;12;6;True
40856;5;16;11;True
40857;2;4;2;True
40858;3;6;3;True
40859;4;9;5;True
40860;6;16;10;True
40861;1;1;0;True
40862;4;12;8;True
40863;6;12;6;True
40864;6;12;6;True
40865;2;2;0;True
40866;5;12;7;True
40867;3;6;3;True
40868;3;9;6;True
40869;5;9;4;True
40870;1;1;0;True
40871;5;12;7;True
40872;4;6;2;True
40873;2;4;2;True
40874;9;16;7;True
40875;3;4;1;True
40876;3;9;6;True
40877;2;2;0;True
40878;3;4;1;True
40879;2;2;0;True
40880;3;6;3;True
40881;5;9;4;True
40882;7;16;9;True
40883;5;9;4;True
40884;5;9;4;True
40885;5;9;4;True
40886;1;1;0;True
40887;0;0;0;True
40888;8;12;4;True
40889;9;16;7;True
40890;5;12;7;True
40891;2;4;2;True
40892;3;6;3;True
40893;6;8;2;True
40894;3;4;1;True
40895;2;2;0;True
40896;8;16;8;True
40897;4;4;0;True
40898;7;12;5;True
40899;7;16;9;True
40900;7;12;5;True
40901;1;1;0;True
40902;8;16;8;True
40903;5;9;4;True
40904;1;1;0;True
40905;4;9;5;True
40906;0;0;0;True
40907;7;16;9;True
40908;8;16;8;True
40909;6;9;3;True
40910;2;4;2;True
40911;2;2;0;True
40912;7;12;5;True
40913;5;16;11;True
40914;3;6;3;True
40915;5;12;7;True
40916;6;12;6;True
40917;6;16;10;True
40918;0;0;0;True
40919;3;6;3;True
40920;6;16;10;True
40921;1;1;0;True
40922;4;6;2;True
40923;1;1;0;True
40924;2;2;0;True
40925;1;1;0;True
40926;6;6;0;True
40927;8;12;4;True
40928;1;1;0;True
40929;1;1;0;True
40930;6;16;10;True
40931;5;8;3;True
40932;7;16;9;True
40933;1;1;0;True
40934;4;6;2;True
40935;6;9;3;True
40936;2;4;2;True
40937;6;12;6;True
40938;3;4;1;True
40939;8;16;8;True
40940;2;2;0;True
40941;3;4;1;True
40942;8;16;8;True
40943;6;9;3;True
40944;7;12;5;True
40945;3;6;3;True
40946;5;12;7;True
40947;2;4;2;True
40948;2;2;0;True
40949;2;2;0;True
40950;3;6;3;True
40951;2;4;2;True
40952;2;4;2;True
40953;8;16;8;True
40954;1;1;0;True
40955;4;9;5;True
40956;1;1;0;True
40957;4;12;8;True
40958;4;4;0;True
40959;5;9;4;True
40960;3;6;3;True
40961;2;2;0;True
40962;3;3;0;True
40963;4;12;8;True
40964;6;12;6;True
40965;6;12;6;True
40966;0;0;0;True
40967;1;1;0;True
40968;1;1;0;True
40969;4;9;5;True
40970;5;12;7;True
40971;3;6;3;True
40972;1;1;0;True
40973;0;0;0;True
40974;6;12;6;True
40975;6;12;6;True
40976;5;9;4;True
40977;5;12;7;True
40978;7;16;9;True
40979;5;12;7;True
40980;5;12;7;True
40981;4;6;2;True
40982;4;9;5;True
40983;4;9;5;True
40984;3;6;3;True
40985;4;6;2;True
40986;2;2;0;True
40987;4;6;2;True
40988;5;12;7;True
40989;1;1;0;True
40990;3;4;1;True
40991;4;9;5;True
40992;0;0;0;True
40993;5;9;4;True
40994;5;12;7;True
40995;4;8;4;True
40996;0;0;0;True
40997;4;6;2;True
40998;1;1;0;True
40999;1;1;0;True
41000;4;12;8;True
41001;2;2;0;True
41002;1;1;0;True
41003;2;4;2;True
41004;8;16;8;True
41005;6;12;6;True
41006;1;1;0;True
41007;5;12;7;True
41008;3;3;0;True
41009;2;4;2;True
41010;2;4;2;True
41011;5;12;7;True
41012;0;0;0;True
41013;5;12;7;True
41014;4;4;0;True
41015;7;12;5;True
41016;2;4;2;True
41017;2;2;0;True
41018;4;12;8;True
41019;4;12;8;True
41020;3;6;3;True
41021;2;2;0;True
41022;1;1;0;True
41023;1;1;0;True
41024;3;6;3;True
41025;3;6;3;True
41026;4;9;5;True
41027;8;12;4;True
41028;4;9;5;True
41029;4;12;8;True
41030;1;1;0;True
41031;5;12;7;True
41032;4;9;5;True
41033;3;6;3;True
41034;4;9;5;True
41035;0;0;0;True
41036;2;4;2;True
41037;4;6;2;True
41038;1;1;0;True
41039;1;1;0;True
41040;0;0;0;True
41041;1;1;0;True
41042;2;4;2;True
41043;5;9;4;True
41044;9;12;3;True
41045;5;9;4;True
41046;5;9;4;True
41047;1;1;0;True
41048;7;16;9;True
41049;5;12;7;True
41050;4;6;2;True
41051;2;4;2;True
41052;4;6;2;True
41053;2;4;2;True
41054;4;9;5;True
41055;5;12;7;True
41056;2;4;2;True
41057;7;16;9;True
41058;7;12;5;True
41059;7;16;9;True
41060;4;6;2;True
41061;0;0;0;True
41062;0;0;0;True
41063;6;12;6;True
41064;2;2;0;True
41065;2;4;2;True
41066;5;12;7;True
41067;4;12;8;True
41068;8;16;8;True
41069;5;6;1;True
41070;4;12;8;True
41071;3;6;3;True
41072;3;6;3;True
41073;3;9;6;True
41074;6;12;6;True
41075;6;12;6;True
41076;4;12;8;True
41077;1;1;0;True
41078;2;4;2;True
41079;4;6;2;True
41080;4;9;5;True
41081;5;9;4;True
41082;5;9;4;True
41083;8;16;8;True
41084;6;12;6;True
41085;0;0;0;True
41086;4;9;5;True
41087;4;16;12;True
41088;7;16;9;True
41089;0;0;0;True
41090;9;16;7;True
41091;0;0;0;True
41092;3;6;3;True
41093;3;9;6;True
41094;0;0;0;True
41095;7;12;5;True
41096;0;0;0;True
41097;4;9;5;True
41098;4;6;2;True
41099;5;12;7;True
41100;3;9;6;True
41101;1;1;0;True
41102;5;16;11;True
41103;0;0;0;True
41104;3;4;1;True
41105;2;4;2;True
41106;0;0;0;True
41107;4;9;5;True
41108;4;12;8;True
41109;1;1;0;True
41110;5;12;7;True
41111;2;2;0;True
41112;0;0;0;True
41113;7;16;9;True
41114;5;6;1;True
41115;6;16;10;True
41116;2;4;2;True
41117;6;12;6;True
41118;2;4;2;True
41119;0;0;0;True
41120;0;0;0;True
41121;0;0;0;True
41122;4;6;2;True
41123;3;9;6;True
41124;2;4;2;True
41125;4;8;4;True
41126;0;0;0;True
41127;2;2;0;True
41128;0;0;0;True
41129;4;9;5;True
41130;3;6;3;True
41131;1;1;0;True
41132;4;9;5;True
41133;4;8;4;True
41134;0;0;0;True
41135;3;6;3;True
41136;2;4;2;True
41137;0;0;0;True
41138;4;12;8;True
41139;4;9;5;True
41140;4;6;2;True
41141;5;12;7;True
41142;2;4;2;True
41143;5;12;7;True
41144;3;6;3;True
41145;8;16;8;True
41146;5;12;7;True
41147;5;6;1;True
41148;6;16;10;True
41149;4;9;5;True
41150;8;16;8;True
41151;2;2;0;True
41152;3;6;3;True
41153;2;4;2;True
41154;0;0;0;True
41155;1;1;0;True
41156;6;9;3;True
41157;4;9;5;True
41158;7;12;5;True
41159;1;1;0;True
41160;3;6;3;True
41161;6;9;3;True
41162;1;1;0;True
41163;2;2;0;True
41164;3;4;1;True
41165;3;9;6;True
41166;4;9;5;True
41167;3;4;1;True
41168;5;9;4;True
41169;7;16;9;True
41170;5;9;4;True
41171;4;12;8;True
41172;7;12;5;True
41173;5;12;7;True
41174;6;12;6;True
41175;4;9;5;True
41176;6;9;3;True
41177;7;16;9;True
41178;3;9;6;True
41179;6;12;6;True
41180;2;4;2;True
41181;10;12;2;True
41182;8;16;8;True
41183;5;9;4;True
41184;2;4;2;True
41185;2;4;2;True
41186;4;6;2;True
41187;8;16;8;True
41188;0;0;0;True
41189;5;12;7;True
41190;3;6;3;True
41191;1;1;0;True
41192;6;12;6;True
41193;3;6;3;True
41194;2;4;2;True
41195;1;1;0;True
41196;3;9;6;True
41197;0;0;0;True
41198;9;16;7;True
41199;6;12;6;True
41200;5;9;4;True
41201;6;12;6;True
41202;6;12;6;True
41203;4;6;2;True
41204;3;6;3;True
41205;4;6;2;True
41206;5;9;4;True
41207;2;4;2;True
41208;7;16;9;True
41209;0;0;0;True
41210;4;12;8;True
41211;6;16;10;True
41212;0;0;0;True
41213;3;9;6;True
41214;5;9;4;True
41215;7;12;5;True
41216;3;4;1;True
41217;1;1;0;True
41218;4;6;2;True
41219;8;16;8;True
41220;1;1;0;True
41221;3;4;1;True
41222;4;9;5;True
41223;11;16;5;True
41224;2;2;0;True
41225;7;16;9;True
41226;4;9;5;True
41227;3;6;3;True
41228;1;1;0;True
41229;3;9;6;True
41230;7;16;9;True
41231;7;12;5;True
41232;2;2;0;True
41233;4;9;5;True
41234;6;12;6;True
41235;1;1;0;True
41236;4;9;5;True
41237;0;0;0;True
41238;3;6;3;True
41239;3;6;3;True
41240;4;9;5;True
41241;1;1;0;True
41242;2;4;2;True
41243;6;12;6;True
41244;6;12;6;True
41245;4;12;8;True
41246;3;6;3;True
41247;4;4;0;True
41248;6;9;3;True
41249;7;12;5;True
41250;4;9;5;True
41251;2;2;0;True
41252;8;12;4;True
41253;4;12;8;True
41254;3;3;0;True
41255;6;12;6;True
41256;2;2;0;True
41257;5;12;7;True
41258;2;4;2;True
41259;0;0;0;True
41260;2;4;2;True
41261;0;0;0;True
41262;4;9;5;True
41263;3;6;3;True
41264;4;6;2;True
41265;5;9;4;True
41266;2;4;2;True
41267;3;6;3;True
41268;3;6;3;True
41269;7;12;5;True
41270;2;4;2;True
41271;2;4;2;True
41272;3;6;3;True
41273;3;3;0;True
41274;1;1;0;True
41275;1;1;0;True
41276;1;1;0;True
41277;5;12;7;True
41278;2;2;0;True
41279;5;16;11;True
41280;5;9;4;True
41281;3;4;1;True
41282;2;2;0;True
41283;2;4;2;True
41284;2;2;0;True
41285;7;16;9;True
41286;2;2;0;True
41287;2;4;2;True
41288;5;9;4;True
41289;3;6;3;True
41290;0;0;0;True
41291;3;6;3;True
41292;2;4;2;True
41293;9;16;7;True
41294;2;4;2;True
41295;7;16;9;True
41296;3;4;1;True
41297;3;6;3;True
41298;3;6;3;True
41299;2;2;0;True
41300;2;2;0;True
41301;2;4;2;True
41302;1;1;0;True
41303;2;4;2;True
41304;2;2;0;True
41305;1;1;0;True
41306;6;9;3;True
41307;2;2;0;True
41308;2;2;0;True
41309;3;4;1;True
41310;3;6;3;True
41311;2;2;0;True
41312;4;9;5;True
41313;4;9;5;True
41314;8;12;4;True
41315;5;16;11;True
41316;3;6;3;True
41317;4;9;5;True
41318;0;0;0;True
41319;2;4;2;True
41320;6;12;6;True
41321;2;4;2;True
41322;0;0;0;True
41323;4;6;2;True
41324;3;9;6;True
41325;6;12;6;True
41326;5;12;7;True
41327;1;1;0;True
41328;3;9;6;True
41329;6;12;6;True
41330;9;16;7;True
41331;1;1;0;True
41332;4;9;5;True
41333;9;16;7;True
41334;4;12;8;True
41335;4;9;5;True
41336;7;12;5;True
41337;6;12;6;True
41338;1;1;0;True
41339;4;9;5;True
41340;8;12;4;True
41341;1;1;0;True
41342;3;6;3;True
41343;2;2;0;True
41344;2;2;0;True
41345;3;6;3;True
41346;5;12;7;True
41347;2;4;2;True
41348;4;4;0;True
41349;3;6;3;True
41350;7;16;9;True
41351;6;9;3;True
41352;4;9;5;True
41353;5;9;4;True
41354;1;1;0;True
41355;1;1;0;True
41356;4;9;5;True
41357;4;6;2;True
41358;11;16;5;True
41359;5;12;7;True
41360;3;9;6;True
41361;2;4;2;True
41362;3;6;3;True
41363;3;9;6;True
41364;3;9;6;True
41365;4;6;2;True
41366;4;9;5;True
41367;4;9;5;True
41368;2;4;2;True
41369;0;0;0;True
41370;3;6;3;True
41371;3;6;3;True
41372;2;2;0;True
41373;1;1;0;True
41374;2;2;0;True
41375;8;16;8;True
41376;8;16;8;True
41377;7;12;5;True
41378;6;12;6;True
41379;4;6;2;True
41380;5;12;7;True
41381;1;1;0;True
41382;3;4;1;True
41383;4;12;8;True
41384;3;4;1;True
41385;9;16;7;True
41386;4;9;5;True
41387;3;6;3;True
41388;4;6;2;True
41389;1;1;0;True
41390;2;4;2;True
41391;0;0;0;True
41392;3;6;3;True
41393;1;1;0;True
41394;2;4;2;True
41395;3;6;3;True
41396;1;1;0;True
41397;2;4;2;True
41398;4;6;2;True
41399;6;12;6;True
41400;0;0;0;True
41401;1;1;0;True
41402;5;12;7;True
41403;9;12;3;True
41404;5;12;7;True
41405;2;2;0;True
41406;4;6;2;True
41407;1;1;0;True
41408;3;6;3;True
41409;2;4;2;True
41410;4;6;2;True
41411;5;9;4;True
41412;5;6;1;True
41413;6;9;3;True
41414;6;9;3;True
41415;6;12;6;True
41416;4;9;5;True
41417;2;2;0;True
41418;4;6;2;True
41419;0;0;0;True
41420;3;9;6;True
41421;3;6;3;True
41422;3;6;3;True
41423;4;6;2;True
41424;6;12;6;True
41425;2;4;2;True
41426;0;0;0;True
41427;3;4;1;True
41428;6;16;10;True
41429;2;4;2;True
41430;3;6;3;True
41431;8;16;8;True
41432;6;16;10;True
41433;2;2;0;True
41434;3;4;1;True
41435;0;0;0;True
41436;3;6;3;True
41437;0;0;0;True
41438;1;1;0;True
41439;8;12;4;True
41440;6;12;6;True
41441;7;12;5;True
41442;3;3;0;True
41443;7;16;9;True
41444;1;1;0;True
41445;6;12;6;True
41446;1;1;0;True
41447;5;12;7;True
41448;4;6;2;True
41449;0;0;0;True
41450;2;2;0;True
41451;2;2;0;True
41452;2;2;0;True
41453;7;12;5;True
41454;5;8;3;True
41455;6;16;10;True
41456;2;4;2;True
41457;2;4;2;True
41458;2;4;2;True
41459;3;4;1;True
41460;6;9;3;True
41461;3;3;0;True
41462;2;2;0;True
41463;4;6;2;True
41464;2;4;2;True
41465;11;16;5;True
41466;1;1;0;True
41467;4;12;8;True
41468;2;2;0;True
41469;6;12;6;True
41470;4;12;8;True
41471;5;12;7;True
41472;2;4;2;True
41473;2;2;0;True
41474;4;9;5;True
41475;5;12;7;True
41476;4;8;4;True
41477;6;12;6;True
41478;5;9;4;True
41479;4;6;2;True
41480;1;1;0;True
41481;7;16;9;True
41482;2;2;0;True
41483;3;6;3;True
41484;5;9;4;True
41485;9;16;7;True
41486;3;6;3;True
41487;2;2;0;True
41488;3;6;3;True
41489;5;9;4;True
41490;5;9;4;True
41491;2;4;2;True
41492;4;9;5;True
41493;5;9;4;True
41494;4;9;5;True
41495;5;12;7;True
41496;5;9;4;True
41497;2;4;2;True
41498;2;2;0;True
41499;1;1;0;True
41500;4;6;2;True
41501;2;4;2;True
41502;0;0;0;True
41503;0;0;0;True
41504;4;6;2;True
41505;8;12;4;True
41506;5;9;4;True
41507;5;16;11;True
41508;7;16;9;True
41509;3;6;3;True
41510;6;12;6;True
41511;4;6;2;True
41512;0;0;0;True
41513;5;9;4;True
41514;0;0;0;True
41515;0;0;0;True
41516;4;9;5;True
41517;6;12;6;True
41518;5;8;3;True
41519;3;6;3;True
41520;3;9;6;True
41521;4;9;5;True
41522;2;4;2;True
41523;8;16;8;True
41524;1;1;0;True
41525;4;6;2;True
41526;3;9;6;True
41527;5;12;7;True
41528;5;12;7;True
41529;9;16;7;True
41530;1;1;0;True
41531;9;16;7;True
41532;6;16;10;True
41533;8;16;8;True
41534;4;6;2;True
41535;4;9;5;True
41536;5;8;3;True
41537;2;2;0;True
41538;3;6;3;True
41539;7;12;5;True
41540;4;6;2;True
41541;0;0;0;True
41542;2;4;2;True
41543;3;6;3;True
41544;0;0;0;True
41545;3;6;3;True
41546;0;0;0;True
41547;2;2;0;True
41548;4;8;4;True
41549;7;16;9;True
41550;1;1;0;True
41551;4;9;5;True
41552;4;12;8;True
41553;3;9;6;True
41554;4;12;8;True
41555;4;9;5;True
41556;0;0;0;True
41557;4;9;5;True
41558;0;0;0;True
41559;5;12;7;True
41560;3;9;6;True
41561;5;6;1;True
41562;3;4;1;True
41563;7;16;9;True
41564;4;12;8;True
41565;6;9;3;True
41566;2;4;2;True
41567;4;6;2;True
41568;1;1;0;True
41569;4;9;5;True
41570;5;9;4;True
41571;6;16;10;True
41572;6;9;3;True
41573;1;1;0;True
41574;2;4;2;True
41575;1;1;0;True
41576;6;9;3;True
41577;5;9;4;True
41578;1;1;0;True
41579;4;12;8;True
41580;0;0;0;True
41581;1;1;0;True
41582;1;1;0;True
41583;5;12;7;True
41584;1;1;0;True
41585;1;1;0;True
41586;3;6;3;True
41587;3;6;3;True
41588;6;16;10;True
41589;3;6;3;True
41590;1;1;0;True
41591;6;16;10;True
41592;6;16;10;True
41593;2;2;0;True
41594;0;0;0;True
41595;5;12;7;True
41596;1;1;0;True
41597;3;6;3;True
41598;7;16;9;True
41599;2;4;2;True
41600;4;6;2;True
41601;6;16;10;True
41602;4;9;5;True
41603;2;4;2;True
41604;3;6;3;True
41605;5;8;3;True
41606;5;12;7;True
41607;6;9;3;True
41608;3;6;3;True
41609;2;4;2;True
41610;6;12;6;True
41611;5;12;7;True
41612;1;1;0;True
41613;5;9;4;True
41614;1;1;0;True
41615;2;2;0;True
41616;4;6;2;True
41617;2;4;2;True
41618;4;12;8;True
41619;5;9;4;True
41620;8;16;8;True
41621;5;16;11;True
41622;3;6;3;True
41623;3;9;6;True
41624;1;1;0;True
41625;3;9;6;True
41626;6;12;6;True
41627;6;12;6;True
41628;5;12;7;True
41629;4;8;4;True
41630;3;6;3;True
41631;8;16;8;True
41632;3;6;3;True
41633;9;16;7;True
41634;7;12;5;True
41635;1;1;0;True
41636;0;0;0;True
41637;9;16;7;True
41638;8;12;4;True
41639;2;2;0;True
41640;6;12;6;True
41641;4;6;2;True
41642;2;2;0;True
41643;5;12;7;True
41644;6;16;10;True
41645;3;6;3;True
41646;2;2;0;True
41647;5;12;7;True
41648;6;16;10;True
41649;0;0;0;True
41650;1;1;0;True
41651;0;0;0;True
41652;3;4;1;True
41653;6;16;10;True
41654;3;6;3;True
41655;2;4;2;True
41656;3;6;3;True
41657;11;16;5;True
41658;6;16;10;True
41659;6;16;10;True
41660;4;6;2;True
41661;3;6;3;True
41662;5;12;7;True
41663;6;12;6;True
41664;7;16;9;True
41665;2;2;0;True
41666;7;12;5;True
41667;5;12;7;True
41668;0;0;0;True
41669;1;1;0;True
41670;6;12;6;True
41671;4;6;2;True
41672;3;3;0;True
41673;1;1;0;True
41674;2;2;0;True
41675;1;1;0;True
41676;2;4;2;True
41677;3;6;3;True
41678;7;12;5;True
41679;4;6;2;True
41680;7;12;5;True
41681;4;12;8;True
41682;1;1;0;True
41683;2;4;2;True
41684;2;4;2;True
41685;4;9;5;True
41686;5;12;7;True
41687;5;12;7;True
41688;7;16;9;True
41689;8;16;8;True
41690;5;9;4;True
41691;5;9;4;True
41692;4;12;8;True
41693;6;12;6;True
41694;5;9;4;True
41695;3;9;6;True
41696;3;9;6;True
41697;4;12;8;True
41698;5;9;4;True
41699;3;6;3;True
41700;3;6;3;True
41701;3;6;3;True
41702;4;6;2;True
41703;6;12;6;True
41704;2;2;0;True
41705;2;2;0;True
41706;2;4;2;True
41707;5;16;11;True
41708;6;9;3;True
41709;5;9;4;True
41710;6;12;6;True
41711;8;12;4;True
41712;1;1;0;True
41713;3;4;1;True
41714;6;9;3;True
41715;1;1;0;True
41716;3;6;3;True
41717;3;4;1;True
41718;3;9;6;True
41719;4;6;2;True
41720;3;6;3;True
41721;2;4;2;True
41722;2;2;0;True
41723;7;16;9;True
41724;5;6;1;True
41725;3;4;1;True
41726;2;2;0;True
41727;5;9;4;True
41728;3;4;1;True
41729;1;1;0;True
41730;2;4;2;True
41731;6;12;6;True
41732;9;16;7;True
41733;6;12;6;True
41734;8;16;8;True
41735;0;0;0;True
41736;7;12;5;True
41737;2;4;2;True
41738;2;2;0;True
41739;4;9;5;True
41740;2;4;2;True
41741;2;4;2;True
41742;2;4;2;True
41743;3;4;1;True
41744;1;1;0;True
41745;4;12;8;True
41746;6;12;6;True
41747;3;4;1;True
41748;3;6;3;True
41749;3;4;1;True
41750;4;9;5;True
41751;5;9;4;True
41752;1;1;0;True
41753;6;12;6;True
41754;6;16;10;True
41755;4;9;5;True
41756;4;6;2;True
41757;3;4;1;True
41758;5;12;7;True
41759;2;4;2;True
41760;1;1;0;True
41761;4;6;2;True
41762;3;6;3;True
41763;6;12;6;True
41764;6;12;6;True
41765;4;6;2;True
41766;4;4;0;True
41767;3;9;6;True
41768;3;4;1;True
41769;8;16;8;True
41770;1;1;0;True
41771;1;1;0;True
41772;9;16;7;True
41773;2;4;2;True
41774;1;1;0;True
41775;7;12;5;True
41776;1;1;0;True
41777;4;12;8;True
41778;3;4;1;True
41779;9;9;0;True
41780;9;16;7;True
41781;1;1;0;True
41782;2;2;0;True
41783;3;9;6;True
41784;1;1;0;True
41785;3;4;1;True
41786;3;6;3;True
41787;5;9;4;True
41788;3;9;6;True
41789;2;2;0;True
41790;7;12;5;True
41791;3;4;1;True
41792;4;6;2;True
41793;2;4;2;True
41794;3;6;3;True
41795;6;16;10;True
41796;2;2;0;True
41797;3;9;6;True
41798;4;9;5;True
41799;4;9;5;True
41800;2;2;0;True
41801;1;1;0;True
41802;5;12;7;True
41803;6;12;6;True
41804;2;4;2;True
41805;2;2;0;True
41806;3;9;6;True
41807;3;3;0;True
41808;2;4;2;True
41809;1;1;0;True
41810;5;8;3;True
41811;3;4;1;True
41812;4;6;2;True
41813;2;2;0;True
41814;0;0;0;True
41815;3;9;6;True
41816;1;1;0;True
41817;2;2;0;True
41818;4;12;8;True
41819;6;16;10;True
41820;3;6;3;True
41821;4;6;2;True
41822;3;6;3;True
41823;4;6;2;True
41824;5;12;7;True
41825;3;3;0;True
41826;1;1;0;True
41827;3;6;3;True
41828;3;4;1;True
41829;4;8;4;True
41830;7;12;5;True
41831;4;6;2;True
41832;0;0;0;True
41833;1;1;0;True
41834;2;2;0;True
41835;5;12;7;True
41836;4;9;5;True
41837;4;9;5;True
41838;2;4;2;True
41839;6;16;10;True
41840;1;1;0;True
41841;2;2;0;True
41842;7;12;5;True
41843;3;4;1;True
41844;7;16;9;True
41845;0;0;0;True
41846;0;0;0;True
41847;1;1;0;True
41848;5;16;11;True
41849;1;1;0;True
41850;5;9;4;True
41851;3;6;3;True
41852;4;9;5;True
41853;0;0;0;True
41854;2;2;0;True
41855;2;4;2;True
41856;1;1;0;True
41857;4;6;2;True
41858;2;2;0;True
41859;3;6;3;True
41860;6;16;10;True
41861;1;1;0;True
41862;9;12;3;True
41863;4;8;4;True
41864;3;6;3;True
41865;3;9;6;True
41866;8;16;8;True
41867;1;1;0;True
41868;6;12;6;True
41869;6;16;10;True
41870;3;4;1;True
41871;1;1;0;True
41872;2;4;2;True
41873;2;4;2;True
41874;2;2;0;True
41875;8;16;8;True
41876;0;0;0;True
41877;4;6;2;True
41878;8;12;4;True
41879;3;3;0;True
41880;1;1;0;True
41881;5;12;7;True
41882;9;16;7;True
41883;3;3;0;True
41884;0;0;0;True
41885;2;4;2;True
41886;5;12;7;True
41887;7;16;9;True
41888;2;2;0;True
41889;3;6;3;True
41890;2;4;2;True
41891;4;6;2;True
41892;6;12;6;True
41893;2;4;2;True
41894;4;9;5;True
41895;3;6;3;True
41896;3;6;3;True
41897;0;0;0;True
41898;2;2;0;True
41899;2;4;2;True
41900;5;9;4;True
41901;4;6;2;True
41902;7;16;9;True
41903;7;12;5;True
41904;6;16;10;True
41905;4;9;5;True
41906;3;6;3;True
41907;2;4;2;True
41908;2;4;2;True
41909;5;12;7;True
41910;3;6;3;True
41911;5;6;1;True
41912;0;0;0;True
41913;2;2;0;True
41914;4;9;5;True
41915;9;16;7;True
41916;0;0;0;True
41917;6;12;6;True
41918;5;12;7;True
41919;0;0;0;True
41920;4;12;8;True
41921;8;16;8;True
41922;3;6;3;True
41923;7;16;9;True
41924;5;9;4;True
41925;5;12;7;True
41926;5;9;4;True
41927;7;16;9;True
41928;7;12;5;True
41929;1;1;0;True
41930;5;12;7;True
41931;3;4;1;True
41932;2;2;0;True
41933;6;12;6;True
41934;4;6;2;True
41935;7;12;5;True
41936;1;1;0;True
41937;6;16;10;True
41938;6;16;10;True
41939;6;12;6;True
41940;3;4;1;True
41941;4;9;5;True
41942;4;12;8;True
41943;1;1;0;True
41944;4;9;5;True
41945;1;1;0;True
41946;4;9;5;True
41947;7;12;5;True
41948;4;6;2;True
41949;2;4;2;True
41950;5;16;11;True
41951;3;9;6;True
41952;1;1;0;True
41953;8;16;8;True
41954;2;4;2;True
41955;0;0;0;True
41956;4;9;5;True
41957;4;6;2;True
41958;3;6;3;True
41959;2;4;2;True
41960;5;12;7;True
41961;3;4;1;True
41962;1;1;0;True
41963;7;16;9;True
41964;5;6;1;True
41965;3;6;3;True
41966;7;9;2;True
41967;1;1;0;True
41968;3;6;3;True
41969;0;0;0;True
41970;4;9;5;True
41971;3;6;3;True
41972;3;6;3;True
41973;3;9;6;True
41974;4;9;5;True
41975;2;4;2;True
41976;2;2;0;True
41977;7;16;9;True
41978;5;12;7;True
41979;2;4;2;True
41980;3;4;1;True
41981;1;1;0;True
41982;5;12;7;True
41983;5;9;4;True
41984;4;9;5;True
41985;3;6;3;True
41986;7;12;5;True
41987;2;4;2;True
41988;5;12;7;True
41989;6;16;10;True
41990;7;16;9;True
41991;4;9;5;True
41992;5;9;4;True
41993;7;12;5;True
41994;3;9;6;True
41995;7;16;9;True
41996;2;2;0;True
41997;4;9;5;True
41998;3;9;6;True
41999;5;12;7;True
42000;9;16;7;True
42001;7;12;5;True
42002;7;16;9;True
42003;1;1;0;True
42004;2;2;0;True
42005;4;9;5;True
42006;6;12;6;True
42007;1;1;0;True
42008;6;9;3;True
42009;1;1;0;True
42010;7;12;5;True
42011;2;4;2;True
42012;9;12;3;True
42013;2;2;0;True
42014;5;16;11;True
42015;8;16;8;True
42016;3;4;1;True
42017;4;6;2;True
42018;6;16;10;True
42019;3;6;3;True
42020;5;8;3;True
42021;5;12;7;True
42022;1;1;0;True
42023;0;0;0;True
42024;2;4;2;True
42025;4;12;8;True
42026;7;16;9;True
42027;4;9;5;True
42028;6;16;10;True
42029;0;0;0;True
42030;8;16;8;True
42031;5;9;4;True
42032;5;12;7;True
42033;1;1;0;True
42034;5;12;7;True
42035;3;9;6;True
42036;5;12;7;True
42037;1;1;0;True
42038;2;4;2;True
42039;2;2;0;True
42040;1;1;0;True
42041;6;12;6;True
42042;6;12;6;True
42043;2;2;0;True
42044;6;12;6;True
42045;7;12;5;True
42046;4;6;2;True
42047;5;9;4;True
42048;1;1;0;True
42049;2;4;2;True
42050;4;6;2;True
42051;1;1;0;True
42052;5;8;3;True
42053;1;1;0;True
42054;1;1;0;True
42055;2;2;0;True
42056;2;4;2;True
42057;4;8;4;True
42058;7;12;5;True
42059;1;1;0;True
42060;6;12;6;True
42061;1;1;0;True
42062;3;6;3;True
42063;2;2;0;True
42064;3;3;0;True
42065;6;16;10;True
42066;7;16;9;True
42067;2;2;0;True
42068;5;12;7;True
42069;8;16;8;True
42070;2;2;0;True
42071;4;12;8;True
42072;7;16;9;True
42073;1;1;0;True
42074;2;4;2;True
42075;1;1;0;True
42076;5;9;4;True
42077;6;12;6;True
42078;6;12;6;True
42079;2;4;2;True
42080;3;6;3;True
42081;2;4;2;True
42082;5;16;11;True
42083;2;4;2;True
42084;9;16;7;True
42085;4;6;2;True
42086;4;12;8;True
42087;1;1;0;True
42088;1;1;0;True
42089;5;9;4;True
42090;10;16;6;True
42091;3;4;1;True
42092;9;16;7;True
42093;8;16;8;True
42094;6;16;10;True
42095;2;4;2;True
42096;4;12;8;True
42097;4;8;4;True
42098;1;1;0;True
42099;3;4;1;True
42100;3;6;3;True
42101;8;12;4;True
42102;4;6;2;True
42103;3;3;0;True
42104;4;8;4;True
42105;0;0;0;True
42106;3;6;3;True
42107;8;16;8;True
42108;2;4;2;True
42109;5;12;7;True
42110;6;12;6;True
42111;2;4;2;True
42112;0;0;0;True
42113;3;9;6;True
42114;3;3;0;True
42115;2;4;2;True
42116;7;12;5;True
42117;0;0;0;True
42118;5;12;7;True
42119;2;4;2;True
42120;1;1;0;True
42121;4;9;5;True
42122;4;9;5;True
42123;4;6;2;True
42124;4;4;0;True
42125;4;9;5;True
42126;8;16;8;True
42127;3;6;3;True
42128;5;8;3;True
42129;0;0;0;True
42130;1;1;0;True
42131;6;12;6;True
42132;7;16;9;True
42133;4;6;2;True
42134;4;12;8;True
42135;2;4;2;True
42136;4;6;2;True
42137;6;12;6;True
42138;0;0;0;True
42139;2;4;2;True
42140;4;12;8;True
42141;3;9;6;True
42142;4;6;2;True
42143;0;0;0;True
42144;4;6;2;True
42145;3;6;3;True
42146;4;9;5;True
42147;4;6;2;True
42148;5;9;4;True
42149;4;6;2;True
42150;2;4;2;True
42151;0;0;0;True
42152;2;4;2;True
42153;2;2;0;True
42154;3;6;3;True
42155;3;6;3;True
42156;3;9;6;True
42157;4;8;4;True
42158;2;2;0;True
42159;2;4;2;True
42160;6;12;6;True
42161;4;8;4;True
42162;0;0;0;True
42163;5;9;4;True
42164;2;4;2;True
42165;1;1;0;True
42166;2;4;2;True
42167;1;1;0;True
42168;1;1;0;True
42169;1;1;0;True
42170;10;16;6;True
42171;5;9;4;True
42172;5;12;7;True
42173;1;1;0;True
42174;10;16;6;True
42175;7;12;5;True
42176;2;4;2;True
42177;4;9;5;True
42178;4;12;8;True
42179;0;0;0;True
42180;5;16;11;True
42181;1;1;0;True
42182;0;0;0;True
42183;5;12;7;True
42184;1;1;0;True
42185;6;9;3;True
42186;2;2;0;True
42187;4;9;5;True
42188;2;4;2;True
42189;6;8;2;True
42190;6;12;6;True
42191;4;8;4;True
42192;6;16;10;True
42193;2;4;2;True
42194;0;0;0;True
42195;4;9;5;True
42196;1;1;0;True
42197;2;4;2;True
42198;1;1;0;True
42199;3;6;3;True
42200;5;16;11;True
42201;6;9;3;True
42202;0;0;0;True
42203;5;12;7;True
42204;4;12;8;True
42205;4;9;5;True
42206;7;16;9;True
42207;6;16;10;True
42208;4;6;2;True
42209;5;12;7;True
42210;6;12;6;True
42211;2;2;0;True
42212;2;4;2;True
42213;2;4;2;True
42214;1;1;0;True
42215;4;12;8;True
42216;3;9;6;True
42217;8;16;8;True
42218;1;1;0;True
42219;3;6;3;True
42220;3;6;3;True
42221;7;12;5;True
42222;4;8;4;True
42223;2;4;2;True
42224;4;6;2;True
42225;3;6;3;True
42226;9;12;3;True
42227;4;9;5;True
42228;11;16;5;True
42229;2;4;2;True
42230;3;9;6;True
42231;1;1;0;True
42232;3;6;3;True
42233;4;9;5;True
42234;8;16;8;True
42235;4;9;5;True
42236;5;12;7;True
42237;5;16;11;True
42238;6;9;3;True
42239;4;9;5;True
42240;1;1;0;True
42241;4;6;2;True
42242;1;1;0;True
42243;1;1;0;True
42244;10;12;2;True
42245;4;9;5;True
42246;7;12;5;True
42247;7;12;5;True
42248;1;1;0;True
42249;4;9;5;True
42250;5;6;1;True
42251;3;9;6;True
42252;1;1;0;True
42253;3;6;3;True
42254;1;1;0;True
42255;8;12;4;True
42256;4;9;5;True
42257;2;4;2;True
42258;2;4;2;True
42259;2;4;2;True
42260;1;1;0;True
42261;5;12;7;True
42262;2;4;2;True
42263;2;2;0;True
42264;4;6;2;True
42265;1;1;0;True
42266;3;4;1;True
42267;2;4;2;True
42268;5;16;11;True
42269;0;0;0;True
42270;4;9;5;True
42271;3;6;3;True
42272;3;6;3;True
42273;0;0;0;True
42274;6;12;6;True
42275;2;4;2;True
42276;3;9;6;True
42277;6;12;6;True
42278;4;12;8;True
42279;5;6;1;True
42280;3;4;1;True
42281;2;4;2;True
42282;6;9;3;True
42283;3;9;6;True
42284;3;6;3;True
42285;2;4;2;True
42286;2;4;2;True
42287;6;16;10;True
42288;4;12;8;True
42289;3;6;3;True
42290;4;12;8;True
42291;4;6;2;True
42292;7;12;5;True
42293;1;1;0;True
42294;2;2;0;True
42295;5;16;11;True
42296;3;6;3;True
42297;7;16;9;True
42298;3;3;0;True
42299;8;16;8;True
42300;0;0;0;True
42301;10;16;6;True
42302;3;9;6;True
42303;4;9;5;True
42304;3;6;3;True
42305;1;1;0;True
42306;3;6;3;True
42307;6;16;10;True
42308;2;2;0;True
42309;7;12;5;True
42310;5;16;11;True
42311;4;12;8;True
42312;5;8;3;True
42313;6;16;10;True
42314;1;1;0;True
42315;6;12;6;True
42316;6;16;10;True
42317;1;1;0;True
42318;2;4;2;True
42319;3;6;3;True
42320;2;4;2;True
42321;7;12;5;True
42322;4;12;8;True
42323;0;0;0;True
42324;1;1;0;True
42325;4;12;8;True
42326;4;12;8;True
42327;2;4;2;True
42328;2;4;2;True
42329;6;16;10;True
42330;1;1;0;True
42331;4;8;4;True
42332;1;1;0;True
42333;1;1;0;True
42334;4;9;5;True
42335;9;16;7;True
42336;4;8;4;True
42337;5;12;7;True
42338;3;6;3;True
42339;6;12;6;True
42340;7;16;9;True
42341;7;12;5;True
42342;4;6;2;True
42343;3;9;6;True
42344;3;6;3;True
42345;4;9;5;True
42346;3;6;3;True
42347;2;4;2;True
42348;3;4;1;True
42349;3;6;3;True
42350;6;12;6;True
42351;5;9;4;True
42352;4;4;0;True
42353;2;4;2;True
42354;2;4;2;True
42355;8;16;8;True
42356;8;12;4;True
42357;1;1;0;True
42358;5;12;7;True
42359;1;1;0;True
42360;5;9;4;True
42361;5;9;4;True
42362;3;4;1;True
42363;1;1;0;True
42364;7;16;9;True
42365;1;1;0;True
42366;4;9;5;True
42367;4;9;5;True
42368;5;9;4;True
42369;7;16;9;True
42370;1;1;0;True
42371;4;9;5;True
42372;3;6;3;True
42373;2;2;0;True
42374;5;8;3;True
42375;6;12;6;True
42376;6;12;6;True
42377;7;12;5;True
42378;3;4;1;True
42379;0;0;0;True
42380;7;12;5;True
42381;5;16;11;True
42382;3;6;3;True
42383;4;12;8;True
42384;5;6;1;True
42385;8;16;8;True
42386;6;12;6;True
42387;7;16;9;True
42388;6;9;3;True
42389;4;6;2;True
42390;3;6;3;True
42391;10;16;6;True
42392;4;9;5;True
42393;4;6;2;True
42394;1;1;0;True
42395;1;1;0;True
42396;1;1;0;True
42397;6;9;3;True
42398;2;2;0;True
42399;3;6;3;True
42400;1;1;0;True
42401;6;8;2;True
42402;5;9;4;True
42403;6;8;2;True
42404;5;12;7;True
42405;2;4;2;True
42406;4;12;8;True
42407;1;1;0;True
42408;8;16;8;True
42409;5;12;7;True
42410;6;12;6;True
42411;1;1;0;True
42412;3;6;3;True
42413;1;1;0;True
42414;2;4;2;True
42415;3;6;3;True
42416;3;6;3;True
42417;0;0;0;True
42418;5;9;4;True
42419;3;4;1;True
42420;10;16;6;True
42421;3;6;3;True
42422;5;9;4;True
42423;2;4;2;True
42424;7;16;9;True
42425;2;4;2;True
42426;4;4;0;True
42427;1;1;0;True
42428;2;4;2;True
42429;5;6;1;True
42430;4;9;5;True
42431;2;4;2;True
42432;3;6;3;True
42433;4;12;8;True
42434;5;8;3;True
42435;5;9;4;True
42436;5;16;11;True
42437;2;4;2;True
42438;0;0;0;True
42439;6;12;6;True
42440;5;9;4;True
42441;2;4;2;True
42442;5;12;7;True
42443;5;9;4;True
42444;6;16;10;True
42445;4;6;2;True
42446;4;6;2;True
42447;3;4;1;True
42448;5;12;7;True
42449;7;12;5;True
42450;1;1;0;True
42451;4;6;2;True
42452;4;9;5;True
42453;4;6;2;True
42454;5;12;7;True
42455;11;16;5;True
42456;8;16;8;True
42457;2;4;2;True
42458;6;12;6;True
42459;2;2;0;True
42460;5;9;4;True
42461;4;6;2;True
42462;4;9;5;True
42463;3;9;6;True
42464;4;9;5;True
42465;1;1;0;True
42466;2;4;2;True
42467;3;6;3;True
42468;2;2;0;True
42469;1;1;0;True
42470;4;8;4;True
42471;5;16;11;True
42472;1;1;0;True
42473;5;16;11;True
42474;2;4;2;True
42475;4;6;2;True
42476;6;12;6;True
42477;4;9;5;True
42478;1;1;0;True
42479;1;1;0;True
42480;4;6;2;True
42481;4;9;5;True
42482;6;12;6;True
42483;1;1;0;True
42484;2;2;0;True
42485;2;2;0;True
42486;3;9;6;True
42487;7;8;1;True
42488;1;1;0;True
42489;3;6;3;True
42490;5;6;1;True
42491;2;4;2;True
42492;3;6;3;True
42493;3;3;0;True
42494;4;9;5;True
42495;5;12;7;True
42496;2;4;2;True
42497;1;1;0;True
42498;1;1;0;True
42499;4;12;8;True
42500;2;4;2;True
42501;5;12;7;True
42502;5;12;7;True
42503;5;9;4;True
42504;2;4;2;True
42505;2;2;0;True
42506;0;0;0;True
42507;6;12;6;True
42508;0;0;0;True
42509;2;4;2;True
42510;4;8;4;True
42511;3;3;0;True
42512;5;16;11;True
42513;1;1;0;True
42514;3;4;1;True
42515;3;4;1;True
42516;6;16;10;True
42517;6;12;6;True
42518;0;0;0;True
42519;8;12;4;True
42520;2;4;2;True
42521;5;9;4;True
42522;3;3;0;True
42523;2;2;0;True
42524;5;12;7;True
42525;6;16;10;True
42526;1;1;0;True
42527;4;9;5;True
42528;5;12;7;True
42529;4;4;0;True
42530;1;1;0;True
42531;3;6;3;True
42532;5;12;7;True
42533;8;16;8;True
42534;2;4;2;True
42535;1;1;0;True
42536;3;4;1;True
42537;2;2;0;True
42538;0;0;0;True
42539;0;0;0;True
42540;1;1;0;True
42541;0;0;0;True
42542;4;6;2;True
42543;1;1;0;True
42544;3;6;3;True
42545;6;12;6;True
42546;3;6;3;True
42547;3;6;3;True
42548;1;1;0;True
42549;3;9;6;True
42550;0;0;0;True
42551;3;6;3;True
42552;1;1;0;True
42553;3;9;6;True
42554;3;9;6;True
42555;3;9;6;True
42556;1;1;0;True
42557;1;1;0;True
42558;4;6;2;True
42559;4;8;4;True
42560;3;6;3;True
42561;4;6;2;True
42562;1;1;0;True
42563;2;4;2;True
42564;6;12;6;True
42565;1;1;0;True
42566;3;4;1;True
42567;8;12;4;True
42568;7;16;9;True
42569;4;9;5;True
42570;7;12;5;True
42571;6;12;6;True
42572;1;1;0;True
42573;1;1;0;True
42574;1;1;0;True
42575;3;9;6;True
42576;2;2;0;True
42577;6;9;3;True
42578;2;4;2;True
42579;7;16;9;True
42580;1;1;0;True
42581;6;9;3;True
42582;4;9;5;True
42583;4;12;8;True
42584;0;0;0;True
42585;7;16;9;True
42586;3;4;1;True
42587;2;2;0;True
42588;6;12;6;True
42589;9;16;7;True
42590;6;12;6;True
42591;4;6;2;True
42592;4;8;4;True
42593;2;2;0;True
42594;9;16;7;True
42595;0;0;0;True
42596;3;3;0;True
42597;2;4;2;True
42598;8;16;8;True
42599;2;4;2;True
42600;5;16;11;True
42601;9;16;7;True
42602;7;12;5;True
42603;0;0;0;True
42604;3;4;1;True
42605;7;12;5;True
42606;8;12;4;True
42607;6;9;3;True
42608;2;4;2;True
42609;8;12;4;True
42610;2;2;0;True
42611;8;16;8;True
42612;4;9;5;True
42613;4;6;2;True
42614;1;1;0;True
42615;1;1;0;True
42616;8;16;8;True
42617;1;1;0;True
42618;0;0;0;True
42619;7;12;5;True
42620;2;2;0;True
42621;3;6;3;True
42622;2;2;0;True
42623;3;9;6;True
42624;3;3;0;True
42625;4;6;2;True
42626;3;6;3;True
42627;3;6;3;True
42628;6;9;3;True
42629;1;1;0;True
42630;9;16;7;True
42631;4;6;2;True
42632;6;16;10;True
42633;6;16;10;True
42634;2;4;2;True
42635;4;12;8;True
42636;6;12;6;True
42637;2;4;2;True
42638;1;1;0;True
42639;0;0;0;True
42640;2;2;0;True
42641;5;9;4;True
42642;8;16;8;True
42643;4;9;5;True
42644;6;16;10;True
42645;1;1;0;True
42646;3;4;1;True
42647;6;9;3;True
42648;9;16;7;True
42649;3;9;6;True
42650;4;6;2;True
42651;4;9;5;True
42652;1;1;0;True
42653;4;9;5;True
42654;7;12;5;True
42655;2;2;0;True
42656;3;9;6;True
42657;2;2;0;True
42658;5;8;3;True
42659;3;6;3;True
42660;6;9;3;True
42661;7;12;5;True
42662;3;6;3;True
42663;2;4;2;True
42664;4;12;8;True
42665;3;6;3;True
42666;5;6;1;True
42667;2;4;2;True
42668;1;1;0;True
42669;7;16;9;True
42670;0;0;0;True
42671;8;12;4;True
42672;0;0;0;True
42673;0;0;0;True
42674;4;6;2;True
42675;4;6;2;True
42676;1;1;0;True
42677;0;0;0;True
42678;4;9;5;True
42679;6;12;6;True
42680;3;4;1;True
42681;5;12;7;True
42682;6;12;6;True
42683;4;6;2;True
42684;2;2;0;True
42685;5;12;7;True
42686;3;6;3;True
42687;6;9;3;True
42688;5;12;7;True
42689;4;6;2;True
42690;9;16;7;True
42691;7;12;5;True
42692;1;1;0;True
42693;0;0;0;True
42694;4;12;8;True
42695;3;9;6;True
42696;2;4;2;True
42697;4;9;5;True
42698;1;1;0;True
42699;6;8;2;True
42700;7;9;2;True
42701;5;8;3;True
42702;4;6;2;True
42703;8;16;8;True
42704;0;0;0;True
42705;2;2;0;True
42706;7;12;5;True
42707;5;9;4;True
42708;9;16;7;True
42709;2;4;2;True
42710;2;4;2;True
42711;6;16;10;True
42712;2;2;0;True
42713;5;12;7;True
42714;1;1;0;True
42715;4;9;5;True
42716;2;2;0;True
42717;2;4;2;True
42718;3;6;3;True
42719;2;4;2;True
42720;2;4;2;True
42721;4;6;2;True
42722;4;6;2;True
42723;5;12;7;True
42724;6;12;6;True
42725;5;16;11;True
42726;4;12;8;True
42727;4;9;5;True
42728;2;4;2;True
42729;5;6;1;True
42730;3;4;1;True
42731;1;1;0;True
42732;3;6;3;True
42733;0;0;0;True
42734;3;3;0;True
42735;3;4;1;True
42736;4;9;5;True
42737;4;9;5;True
42738;3;3;0;True
42739;3;6;3;True
42740;3;6;3;True
42741;2;2;0;True
42742;5;9;4;True
42743;5;9;4;True
42744;3;6;3;True
42745;1;1;0;True
42746;4;6;2;True
42747;4;9;5;True
42748;3;4;1;True
42749;3;4;1;True
42750;5;12;7;True
42751;6;16;10;True
42752;3;4;1;True
42753;1;1;0;True
42754;3;4;1;True
42755;3;4;1;True
42756;5;12;7;True
42757;1;1;0;True
42758;5;12;7;True
42759;3;4;1;True
42760;5;12;7;True
42761;5;12;7;True
42762;3;6;3;True
42763;2;2;0;True
42764;3;3;0;True
42765;3;6;3;True
42766;3;6;3;True
42767;6;12;6;True
42768;3;9;6;True
42769;4;9;5;True
42770;1;1;0;True
42771;7;16;9;True
42772;0;0;0;True
42773;2;4;2;True
42774;2;2;0;True
42775;2;2;0;True
42776;5;9;4;True
42777;2;2;0;True
42778;1;1;0;True
42779;0;0;0;True
42780;2;2;0;True
42781;0;0;0;True
42782;8;16;8;True
42783;8;16;8;True
42784;2;4;2;True
42785;3;6;3;True
42786;6;9;3;True
42787;5;12;7;True
42788;0;0;0;True
42789;2;2;0;True
42790;2;4;2;True
42791;3;6;3;True
42792;2;4;2;True
42793;2;2;0;True
42794;0;0;0;True
42795;1;1;0;True
42796;1;1;0;True
42797;4;9;5;True
42798;6;12;6;True
42799;4;12;8;True
42800;2;2;0;True
42801;3;4;1;True
42802;2;2;0;True
42803;5;9;4;True
42804;0;0;0;True
42805;0;0;0;True
42806;4;8;4;True
42807;1;1;0;True
42808;2;4;2;True
42809;6;12;6;True
42810;6;12;6;True
42811;7;16;9;True
42812;1;1;0;True
42813;7;12;5;True
42814;8;12;4;True
42815;7;16;9;True
42816;2;4;2;True
42817;5;12;7;True
42818;4;6;2;True
42819;5;12;7;True
42820;1;1;0;True
42821;2;2;0;True
42822;3;4;1;True
42823;3;6;3;True
42824;3;6;3;True
42825;4;6;2;True
42826;6;12;6;True
42827;1;1;0;True
42828;5;9;4;True
42829;4;9;5;True
42830;5;12;7;True
42831;3;6;3;True
42832;2;2;0;True
42833;3;6;3;True
42834;2;2;0;True
42835;6;9;3;True
42836;4;6;2;True
42837;1;1;0;True
42838;2;2;0;True
42839;2;4;2;True
42840;1;1;0;True
42841;0;0;0;True
42842;10;12;2;True
42843;5;12;7;True
42844;0;0;0;True
42845;5;8;3;True
42846;5;12;7;True
42847;1;1;0;True
42848;1;1;0;True
42849;2;4;2;True
42850;1;1;0;True
42851;3;6;3;True
42852;5;6;1;True
42853;4;9;5;True
42854;4;6;2;True
42855;4;6;2;True
42856;5;6;1;True
42857;0;0;0;True
42858;5;6;1;True
42859;0;0;0;True
42860;8;12;4;True
42861;8;16;8;True
42862;0;0;0;True
42863;2;4;2;True
42864;0;0;0;True
42865;2;2;0;True
42866;4;6;2;True
42867;7;16;9;True
42868;4;6;2;True
42869;2;2;0;True
42870;5;12;7;True
42871;1;1;0;True
42872;1;1;0;True
42873;6;16;10;True
42874;8;16;8;True
42875;6;12;6;True
42876;4;9;5;True
42877;1;1;0;True
42878;4;16;12;True
42879;4;9;5;True
42880;6;16;10;True
42881;4;9;5;True
42882;7;16;9;True
42883;3;3;0;True
42884;7;12;5;True
42885;11;16;5;True
42886;5;12;7;True
42887;3;4;1;True
42888;1;1;0;True
42889;6;16;10;True
42890;2;4;2;True
42891;3;6;3;True
42892;4;9;5;True
42893;4;6;2;True
42894;1;1;0;True
42895;4;9;5;True
42896;3;9;6;True
42897;10;16;6;True
42898;1;1;0;True
42899;6;12;6;True
42900;6;12;6;True
42901;1;1;0;True
42902;3;4;1;True
42903;7;12;5;True
42904;2;2;0;True
42905;3;4;1;True
42906;5;9;4;True
42907;7;12;5;True
42908;4;6;2;True
42909;0;0;0;True
42910;4;9;5;True
42911;3;4;1;True
42912;1;1;0;True
42913;1;1;0;True
42914;2;4;2;True
42915;6;16;10;True
42916;3;4;1;True
42917;2;2;0;True
42918;2;2;0;True
42919;9;16;7;True
42920;5;12;7;True
42921;5;9;4;True
42922;5;12;7;True
42923;4;9;5;True
42924;3;9;6;True
42925;3;6;3;True
42926;2;4;2;True
42927;7;16;9;True
42928;4;9;5;True
42929;7;12;5;True
42930;5;12;7;True
42931;6;12;6;True
42932;1;1;0;True
42933;5;12;7;True
42934;3;6;3;True
42935;1;1;0;True
42936;6;12;6;True
42937;3;9;6;True
42938;7;12;5;True
42939;4;9;5;True
42940;3;4;1;True
42941;0;0;0;True
42942;4;6;2;True
42943;6;6;0;True
42944;4;9;5;True
42945;5;12;7;True
42946;6;12;6;True
42947;4;8;4;True
42948;4;12;8;True
42949;3;6;3;True
42950;2;4;2;True
42951;5;8;3;True
42952;1;1;0;True
42953;4;9;5;True
42954;7;12;5;True
42955;1;1;0;True
42956;3;6;3;True
42957;2;4;2;True
42958;2;2;0;True
42959;2;2;0;True
42960;0;0;0;True
42961;3;6;3;True
42962;3;4;1;True
42963;2;2;0;True
42964;7;12;5;True
42965;6;12;6;True
42966;4;6;2;True
42967;6;9;3;True
42968;8;16;8;True
42969;5;8;3;True
42970;1;1;0;True
42971;2;4;2;True
42972;4;6;2;True
42973;2;2;0;True
42974;4;6;2;True
42975;1;1;0;True
42976;2;4;2;True
42977;2;4;2;True
42978;1;1;0;True
42979;5;12;7;True
42980;1;1;0;True
42981;3;9;6;True
42982;5;9;4;True
42983;4;9;5;True
42984;0;0;0;True
42985;6;12;6;True
42986;3;9;6;True
42987;6;16;10;True
42988;2;4;2;True
42989;4;9;5;True
42990;2;2;0;True
42991;5;12;7;True
42992;4;9;5;True
42993;3;6;3;True
42994;3;6;3;True
42995;2;4;2;True
42996;4;6;2;True
42997;3;4;1;True
42998;1;1;0;True
42999;1;1;0;True
43000;3;4;1;True
43001;3;6;3;True
43002;3;9;6;True
43003;3;6;3;True
43004;4;9;5;True
43005;5;9;4;True
43006;3;6;3;True
43007;2;2;0;True
43008;1;1;0;True
43009;3;6;3;True
43010;6;12;6;True
43011;3;6;3;True
43012;6;12;6;True
43013;3;6;3;True
43014;6;12;6;True
43015;4;12;8;True
43016;2;2;0;True
43017;5;12;7;True
43018;4;6;2;True
43019;5;12;7;True
43020;2;4;2;True
43021;6;12;6;True
43022;4;6;2;True
43023;4;9;5;True
43024;3;6;3;True
43025;2;2;0;True
43026;9;16;7;True
43027;3;6;3;True
43028;2;2;0;True
43029;2;4;2;True
43030;3;3;0;True
43031;2;2;0;True
43032;2;4;2;True
43033;6;12;6;True
43034;6;16;10;True
43035;3;4;1;True
43036;7;12;5;True
43037;5;9;4;True
43038;1;1;0;True
43039;0;0;0;True
43040;7;16;9;True
43041;3;3;0;True
43042;2;2;0;True
43043;2;4;2;True
43044;9;16;7;True
43045;4;6;2;True
43046;2;4;2;True
43047;5;12;7;True
43048;6;9;3;True
43049;4;9;5;True
43050;3;6;3;True
43051;4;12;8;True
43052;4;9;5;True
43053;6;16;10;True
43054;2;4;2;True
43055;7;16;9;True
43056;6;16;10;True
43057;2;4;2;True
43058;4;9;5;True
43059;7;16;9;True
43060;8;16;8;True
43061;6;9;3;True
43062;2;2;0;True
43063;3;6;3;True
43064;4;6;2;True
43065;0;0;0;True
43066;6;12;6;True
43067;3;6;3;True
43068;5;8;3;True
43069;0;0;0;True
43070;2;2;0;True
43071;4;9;5;True
43072;10;16;6;True
43073;5;12;7;True
43074;4;6;2;True
43075;4;9;5;True
43076;2;2;0;True
43077;3;9;6;True
43078;3;4;1;True
43079;4;6;2;True
43080;6;16;10;True
43081;9;16;7;True
43082;4;6;2;True
43083;6;12;6;True
43084;0;0;0;True
43085;6;8;2;True
43086;3;4;1;True
43087;5;12;7;True
43088;6;12;6;True
43089;4;9;5;True
43090;5;12;7;True
43091;2;2;0;True
43092;1;1;0;True
43093;1;1;0;True
43094;6;12;6;True
43095;5;9;4;True
43096;6;12;6;True
43097;5;12;7;True
43098;1;1;0;True
43099;4;9;5;True
43100;1;1;0;True
43101;0;0;0;True
43102;4;6;2;True
43103;1;1;0;True
43104;3;6;3;True
43105;2;4;2;True
43106;0;0;0;True
43107;6;9;3;True
43108;4;6;2;True
43109;5;9;4;True
43110;5;12;7;True
43111;4;6;2;True
43112;4;6;2;True
43113;4;6;2;True
43114;7;12;5;True
43115;0;0;0;True
43116;4;8;4;True
43117;4;9;5;True
43118;0;0;0;True
43119;1;1;0;True
43120;3;6;3;True
43121;5;12;7;True
43122;2;2;0;True
43123;6;9;3;True
43124;4;12;8;True
43125;10;12;2;True
43126;1;1;0;True
43127;1;1;0;True
43128;3;4;1;True
43129;3;9;6;True
43130;5;9;4;True
43131;3;6;3;True
43132;1;1;0;True
43133;4;9;5;True
43134;1;1;0;True
43135;3;6;3;True
43136;2;4;2;True
43137;5;16;11;True
43138;3;4;1;True
43139;4;6;2;True
43140;6;12;6;True
43141;3;6;3;True
43142;2;2;0;True
43143;6;12;6;True
43144;5;8;3;True
43145;6;12;6;True
43146;8;16;8;True
43147;2;4;2;True
43148;3;6;3;True
43149;8;16;8;True
43150;5;9;4;True
43151;5;16;11;True
43152;1;1;0;True
43153;4;9;5;True
43154;2;2;0;True
43155;5;9;4;True
43156;4;6;2;True
43157;2;2;0;True
43158;0;0;0;True
43159;3;6;3;True
43160;1;1;0;True
43161;0;0;0;True
43162;4;4;0;True
43163;4;6;2;True
43164;8;16;8;True
43165;8;16;8;True
43166;7;12;5;True
43167;4;6;2;True
43168;2;4;2;True
43169;2;4;2;True
43170;7;12;5;True
43171;3;6;3;True
43172;2;4;2;True
43173;0;0;0;True
43174;10;16;6;True
43175;6;12;6;True
43176;3;4;1;True
43177;4;4;0;True
43178;4;9;5;True
43179;3;4;1;True
43180;1;1;0;True
43181;3;4;1;True
43182;6;12;6;True
43183;5;16;11;True
43184;3;6;3;True
43185;2;4;2;True
43186;5;9;4;True
43187;9;12;3;True
43188;4;12;8;True
43189;1;1;0;True
43190;5;12;7;True
43191;4;9;5;True
43192;3;6;3;True
43193;1;1;0;True
43194;5;12;7;True
43195;8;12;4;True
43196;2;2;0;True
43197;3;6;3;True
43198;1;1;0;True
43199;0;0;0;True
43200;6;12;6;True
43201;5;12;7;True
43202;1;1;0;True
43203;2;4;2;True
43204;6;9;3;True
43205;5;12;7;True
43206;4;12;8;True
43207;2;2;0;True
43208;0;0;0;True
43209;5;12;7;True
43210;1;1;0;True
43211;4;9;5;True
43212;4;12;8;True
43213;7;9;2;True
43214;2;2;0;True
43215;5;9;4;True
43216;5;12;7;True
43217;0;0;0;True
43218;3;6;3;True
43219;4;6;2;True
43220;4;6;2;True
43221;6;12;6;True
43222;8;16;8;True
43223;1;1;0;True
43224;5;12;7;True
43225;1;1;0;True
43226;2;4;2;True
43227;7;16;9;True
43228;2;2;0;True
43229;2;4;2;True
43230;2;4;2;True
43231;3;4;1;True
43232;8;16;8;True
43233;2;2;0;True
43234;2;2;0;True
43235;9;16;7;True
43236;2;2;0;True
43237;0;0;0;True
43238;6;16;10;True
43239;0;0;0;True
43240;3;6;3;True
43241;5;12;7;True
43242;4;9;5;True
43243;5;12;7;True
43244;7;12;5;True
43245;2;4;2;True
43246;3;6;3;True
43247;8;12;4;True
43248;1;1;0;True
43249;5;9;4;True
43250;4;9;5;True
43251;3;6;3;True
43252;4;9;5;True
43253;3;6;3;True
43254;3;6;3;True
43255;2;4;2;True
43256;6;12;6;True
43257;5;12;7;True
43258;10;16;6;True
43259;4;9;5;True
43260;4;8;4;True
43261;3;6;3;True
43262;3;6;3;True
43263;6;12;6;True
43264;1;1;0;True
43265;6;12;6;True
43266;1;1;0;True
43267;3;6;3;True
43268;0;0;0;True
43269;6;12;6;True
43270;4;9;5;True
43271;4;12;8;True
43272;6;12;6;True
43273;7;16;9;True
43274;5;6;1;True
43275;9;16;7;True
43276;5;12;7;True
43277;2;2;0;True
43278;1;1;0;True
43279;7;12;5;True
43280;10;16;6;True
43281;6;9;3;True
43282;1;1;0;True
43283;4;9;5;True
43284;0;0;0;True
43285;4;9;5;True
43286;6;12;6;True
43287;5;8;3;True
43288;5;9;4;True
43289;3;6;3;True
43290;0;0;0;True
43291;1;1;0;True
43292;2;4;2;True
43293;0;0;0;True
43294;3;9;6;True
43295;3;6;3;True
43296;8;16;8;True
43297;1;1;0;True
43298;5;12;7;True
43299;4;6;2;True
43300;3;6;3;True
43301;1;1;0;True
43302;2;2;0;True
43303;9;16;7;True
43304;3;4;1;True
43305;4;8;4;True
43306;1;1;0;True
43307;2;2;0;True
43308;2;2;0;True
43309;5;8;3;True
43310;0;0;0;True
43311;1;1;0;True
43312;1;1;0;True
43313;3;6;3;True
43314;3;4;1;True
43315;3;4;1;True
43316;5;9;4;True
43317;5;12;7;True
43318;4;9;5;True
43319;8;12;4;True
43320;4;9;5;True
43321;6;16;10;True
43322;1;1;0;True
43323;3;4;1;True
43324;0;0;0;True
43325;3;4;1;True
43326;6;12;6;True
43327;9;16;7;True
43328;4;12;8;True
43329;6;16;10;True
43330;1;1;0;True
43331;5;8;3;True
43332;5;8;3;True
43333;2;4;2;True
43334;7;12;5;True
43335;1;1;0;True
43336;2;2;0;True
43337;5;12;7;True
43338;2;4;2;True
43339;0;0;0;True
43340;4;9;5;True
43341;8;12;4;True
43342;8;16;8;True
43343;2;4;2;True
43344;4;6;2;True
43345;3;3;0;True
43346;4;12;8;True
43347;0;0;0;True
43348;2;2;0;True
43349;5;9;4;True
43350;1;1;0;True
43351;3;6;3;True
43352;4;9;5;True
43353;6;16;10;True
43354;6;9;3;True
43355;4;6;2;True
43356;5;12;7;True
43357;3;6;3;True
43358;3;9;6;True
43359;3;9;6;True
43360;3;6;3;True
43361;7;16;9;True
43362;0;0;0;True
43363;0;0;0;True
43364;4;6;2;True
43365;3;6;3;True
43366;2;2;0;True
43367;3;6;3;True
43368;5;9;4;True
43369;3;6;3;True
43370;3;4;1;True
43371;2;4;2;True
43372;1;1;0;True
43373;5;9;4;True
43374;2;2;0;True
43375;7;12;5;True
43376;6;16;10;True
43377;9;16;7;True
43378;7;16;9;True
43379;4;9;5;True
43380;8;9;1;True
43381;6;12;6;True
43382;1;1;0;True
43383;6;12;6;True
43384;4;9;5;True
43385;0;0;0;True
43386;6;12;6;True
43387;2;2;0;True
43388;5;12;7;True
43389;5;6;1;True
43390;3;9;6;True
43391;7;16;9;True
43392;4;6;2;True
43393;3;6;3;True
43394;4;6;2;True
43395;2;2;0;True
43396;3;4;1;True
43397;1;1;0;True
43398;4;9;5;True
43399;3;4;1;True
43400;2;4;2;True
43401;4;6;2;True
43402;3;9;6;True
43403;7;16;9;True
43404;2;2;0;True
43405;0;0;0;True
43406;0;0;0;True
43407;1;1;0;True
43408;3;6;3;True
43409;4;8;4;True
43410;3;6;3;True
43411;9;16;7;True
43412;5;9;4;True
43413;1;1;0;True
43414;0;0;0;True
43415;4;9;5;True
43416;4;9;5;True
43417;1;1;0;True
43418;4;6;2;True
43419;3;6;3;True
43420;1;1;0;True
43421;3;6;3;True
43422;7;12;5;True
43423;6;16;10;True
43424;4;8;4;True
43425;1;1;0;True
43426;4;12;8;True
43427;5;8;3;True
43428;0;0;0;True
43429;6;12;6;True
43430;2;2;0;True
43431;4;8;4;True
43432;3;4;1;True
43433;4;9;5;True
43434;4;12;8;True
43435;2;4;2;True
43436;5;12;7;True
43437;1;1;0;True
43438;1;1;0;True
43439;1;1;0;True
43440;1;1;0;True
43441;2;4;2;True
43442;9;12;3;True
43443;5;12;7;True
43444;2;4;2;True
43445;8;16;8;True
43446;1;1;0;True
43447;2;2;0;True
43448;4;9;5;True
43449;0;0;0;True
43450;1;1;0;True
43451;6;9;3;True
43452;6;9;3;True
43453;2;4;2;True
43454;0;0;0;True
43455;4;6;2;True
43456;0;0;0;True
43457;9;16;7;True
43458;7;16;9;True
43459;0;0;0;True
43460;1;1;0;True
43461;7;12;5;True
43462;0;0;0;True
43463;1;1;0;True
43464;5;9;4;True
43465;6;16;10;True
43466;3;4;1;True
43467;2;4;2;True
43468;1;1;0;True
43469;4;9;5;True
43470;6;12;6;True
43471;3;9;6;True
43472;5;9;4;True
43473;4;8;4;True
43474;2;2;0;True
43475;6;16;10;True
43476;2;4;2;True
43477;1;1;0;True
43478;1;1;0;True
43479;6;16;10;True
43480;5;16;11;True
43481;3;9;6;True
43482;8;16;8;True
43483;1;1;0;True
43484;1;1;0;True
43485;7;16;9;True
43486;4;6;2;True
43487;1;1;0;True
43488;2;2;0;True
43489;3;9;6;True
43490;2;4;2;True
43491;4;8;4;True
43492;2;4;2;True
43493;5;8;3;True
43494;6;16;10;True
43495;3;9;6;True
43496;4;6;2;True
43497;6;16;10;True
43498;8;16;8;True
43499;2;2;0;True
43500;4;6;2;True
43501;6;16;10;True
43502;3;4;1;True
43503;5;8;3;True
43504;2;2;0;True
43505;3;6;3;True
43506;3;6;3;True
43507;4;6;2;True
43508;2;2;0;True
43509;1;1;0;True
43510;4;9;5;True
43511;3;3;0;True
43512;4;9;5;True
43513;5;12;7;True
43514;2;4;2;True
43515;6;12;6;True
43516;5;16;11;True
43517;6;12;6;True
43518;4;12;8;True
43519;2;4;2;True
43520;4;6;2;True
43521;5;6;1;True
43522;5;8;3;True
43523;5;9;4;True
43524;4;9;5;True
43525;4;9;5;True
43526;1;1;0;True
43527;0;0;0;True
43528;3;9;6;True
43529;5;6;1;True
43530;1;1;0;True
43531;7;16;9;True
43532;5;12;7;True
43533;5;12;7;True
43534;2;2;0;True
43535;1;1;0;True
43536;1;1;0;True
43537;0;0;0;True
43538;5;12;7;True
43539;4;9;5;True
43540;5;12;7;True
43541;3;9;6;True
43542;1;1;0;True
43543;2;4;2;True
43544;3;6;3;True
43545;3;4;1;True
43546;7;12;5;True
43547;3;3;0;True
43548;4;6;2;True
43549;3;4;1;True
43550;4;6;2;True
43551;3;4;1;True
43552;3;9;6;True
43553;4;9;5;True
43554;8;16;8;True
43555;2;4;2;True
43556;9;12;3;True
43557;0;0;0;True
43558;7;12;5;True
43559;5;16;11;True
43560;5;6;1;True
43561;6;16;10;True
43562;1;1;0;True
43563;6;12;6;True
43564;4;9;5;True
43565;2;4;2;True
43566;3;4;1;True
43567;3;9;6;True
43568;6;9;3;True
43569;2;2;0;True
43570;7;12;5;True
43571;3;9;6;True
43572;4;9;5;True
43573;1;1;0;True
43574;5;9;4;True
43575;6;8;2;True
43576;0;0;0;True
43577;0;0;0;True
43578;4;9;5;True
43579;0;0;0;True
43580;9;16;7;True
43581;2;4;2;True
43582;2;2;0;True
43583;1;1;0;True
43584;3;4;1;True
43585;9;12;3;True
43586;4;6;2;True
43587;0;0;0;True
43588;1;1;0;True
43589;1;1;0;True
43590;1;1;0;True
43591;4;12;8;True
43592;2;2;0;True
43593;0;0;0;True
43594;3;4;1;True
43595;4;8;4;True
43596;2;4;2;True
43597;9;12;3;True
43598;0;0;0;True
43599;7;16;9;True
43600;3;6;3;True
43601;2;2;0;True
43602;6;12;6;True
43603;5;12;7;True
43604;5;6;1;True
43605;2;4;2;True
43606;4;6;2;True
43607;3;6;3;True
43608;7;16;9;True
43609;4;12;8;True
43610;5;12;7;True
43611;2;4;2;True
43612;9;16;7;True
43613;2;4;2;True
43614;1;1;0;True
43615;2;4;2;True
43616;3;4;1;True
43617;7;12;5;True
43618;2;4;2;True
43619;6;16;10;True
43620;0;0;0;True
43621;1;1;0;True
43622;4;9;5;True
43623;3;4;1;True
43624;2;4;2;True
43625;2;2;0;True
43626;5;9;4;True
43627;3;6;3;True
43628;8;16;8;True
43629;2;4;2;True
43630;2;2;0;True
43631;1;1;0;True
43632;3;9;6;True
43633;2;4;2;True
43634;6;12;6;True
43635;5;12;7;True
43636;5;12;7;True
43637;4;9;5;True
43638;3;3;0;True
43639;4;9;5;True
43640;1;1;0;True
43641;5;9;4;True
43642;5;16;11;True
43643;4;6;2;True
43644;4;12;8;True
43645;3;9;6;True
43646;1;1;0;True
43647;1;1;0;True
43648;4;9;5;True
43649;4;9;5;True
43650;9;12;3;True
43651;6;8;2;True
43652;2;4;2;True
43653;8;12;4;True
43654;9;16;7;True
43655;5;9;4;True
43656;2;2;0;True
43657;6;16;10;True
43658;5;6;1;True
43659;3;6;3;True
43660;6;12;6;True
43661;1;1;0;True
43662;2;2;0;True
43663;5;16;11;True
43664;4;6;2;True
43665;2;4;2;True
43666;2;4;2;True
43667;7;12;5;True
43668;0;0;0;True
43669;2;2;0;True
43670;3;6;3;True
43671;6;12;6;True
43672;3;6;3;True
43673;8;16;8;True
43674;3;9;6;True
43675;5;9;4;True
43676;6;16;10;True
43677;3;4;1;True
43678;2;4;2;True
43679;4;12;8;True
43680;5;12;7;True
43681;3;4;1;True
43682;6;9;3;True
43683;4;9;5;True
43684;4;9;5;True
43685;3;6;3;True
43686;4;9;5;True
43687;6;12;6;True
43688;4;9;5;True
43689;8;16;8;True
43690;5;16;11;True
43691;4;9;5;True
43692;3;4;1;True
43693;7;12;5;True
43694;4;6;2;True
43695;4;6;2;True
43696;12;16;4;True
43697;7;16;9;True
43698;9;16;7;True
43699;4;8;4;True
43700;3;4;1;True
43701;2;4;2;True
43702;2;4;2;True
43703;3;6;3;True
43704;7;16;9;True
43705;1;1;0;True
43706;1;1;0;True
43707;7;12;5;True
43708;6;12;6;True
43709;8;16;8;True
43710;5;9;4;True
43711;0;0;0;True
43712;6;12;6;True
43713;8;16;8;True
43714;5;9;4;True
43715;3;4;1;True
43716;3;6;3;True
43717;4;16;12;True
43718;4;6;2;True
43719;4;6;2;True
43720;3;4;1;True
43721;4;9;5;True
43722;6;16;10;True
43723;3;6;3;True
43724;1;1;0;True
43725;4;8;4;True
43726;3;6;3;True
43727;2;4;2;True
43728;4;9;5;True
43729;7;12;5;True
43730;5;9;4;True
43731;3;6;3;True
43732;3;9;6;True
43733;3;4;1;True
43734;6;12;6;True
43735;4;9;5;True
43736;4;9;5;True
43737;5;12;7;True
43738;4;9;5;True
43739;1;1;0;True
43740;5;9;4;True
43741;5;9;4;True
43742;0;0;0;True
43743;2;4;2;True
43744;1;1;0;True
43745;5;8;3;True
43746;6;12;6;True
43747;1;1;0;True
43748;5;12;7;True
43749;4;6;2;True
43750;2;4;2;True
43751;4;8;4;True
43752;2;4;2;True
43753;3;3;0;True
43754;1;1;0;True
43755;3;6;3;True
43756;2;2;0;True
43757;6;16;10;True
43758;3;4;1;True
43759;6;8;2;True
43760;7;12;5;True
43761;3;4;1;True
43762;4;9;5;True
43763;5;8;3;True
43764;9;16;7;True
43765;4;9;5;True
43766;5;8;3;True
43767;8;12;4;True
43768;2;4;2;True
43769;2;4;2;True
43770;5;9;4;True
43771;6;12;6;True
43772;6;12;6;True
43773;5;12;7;True
43774;5;12;7;True
43775;1;1;0;True
43776;7;16;9;True
43777;0;0;0;True
43778;3;4;1;True
43779;2;4;2;True
43780;7;16;9;True
43781;5;12;7;True
43782;3;6;3;True
43783;0;0;0;True
43784;1;1;0;True
43785;4;9;5;True
43786;1;1;0;True
43787;4;6;2;True
43788;5;9;4;True
43789;4;9;5;True
43790;4;6;2;True
43791;2;2;0;True
43792;2;2;0;True
43793;4;9;5;True
43794;3;4;1;True
43795;7;16;9;True
43796;4;9;5;True
43797;5;9;4;True
43798;5;12;7;True
43799;5;12;7;True
43800;6;12;6;True
43801;2;4;2;True
43802;1;1;0;True
43803;6;12;6;True
43804;1;1;0;True
43805;6;16;10;True
43806;1;1;0;True
43807;5;8;3;True
43808;4;9;5;True
43809;6;12;6;True
43810;6;12;6;True
43811;7;16;9;True
43812;1;1;0;True
43813;1;1;0;True
43814;5;9;4;True
43815;1;1;0;True
43816;5;9;4;True
43817;3;4;1;True
43818;7;16;9;True
43819;3;6;3;True
43820;6;12;6;True
43821;3;9;6;True
43822;8;12;4;True
43823;7;12;5;True
43824;3;9;6;True
43825;1;1;0;True
43826;3;9;6;True
43827;3;6;3;True
43828;3;4;1;True
43829;6;12;6;True
43830;2;4;2;True
43831;5;8;3;True
43832;0;0;0;True
43833;6;12;6;True
43834;5;12;7;True
43835;5;12;7;True
43836;6;9;3;True
43837;5;12;7;True
43838;4;9;5;True
43839;2;4;2;True
43840;5;9;4;True
43841;0;0;0;True
43842;3;4;1;True
43843;3;4;1;True
43844;4;9;5;True
43845;3;4;1;True
43846;4;9;5;True
43847;1;1;0;True
43848;5;12;7;True
43849;2;2;0;True
43850;10;16;6;True
43851;2;4;2;True
43852;3;4;1;True
43853;5;9;4;True
43854;3;6;3;True
43855;2;4;2;True
43856;4;12;8;True
43857;6;12;6;True
43858;1;1;0;True
43859;5;9;4;True
43860;3;4;1;True
43861;3;6;3;True
43862;3;3;0;True
43863;2;4;2;True
43864;4;12;8;True
43865;1;1;0;True
43866;5;9;4;True
43867;1;1;0;True
43868;6;12;6;True
43869;1;1;0;True
43870;8;16;8;True
43871;6;16;10;True
43872;0;0;0;True
43873;8;16;8;True
43874;5;6;1;True
43875;3;6;3;True
43876;3;6;3;True
43877;4;9;5;True
43878;3;6;3;True
43879;1;1;0;True
43880;2;4;2;True
43881;6;9;3;True
43882;3;6;3;True
43883;3;6;3;True
43884;3;6;3;True
43885;6;12;6;True
43886;6;12;6;True
43887;5;12;7;True
43888;0;0;0;True
43889;6;16;10;True
43890;1;1;0;True
43891;6;16;10;True
43892;3;9;6;True
43893;4;4;0;True
43894;5;12;7;True
43895;1;1;0;True
43896;0;0;0;True
43897;7;16;9;True
43898;7;16;9;True
43899;3;6;3;True
43900;7;16;9;True
43901;5;12;7;True
43902;3;4;1;True
43903;5;9;4;True
43904;1;1;0;True
43905;1;1;0;True
43906;4;8;4;True
43907;5;6;1;True
43908;5;12;7;True
43909;4;6;2;True
43910;4;9;5;True
43911;2;4;2;True
43912;2;4;2;True
43913;1;1;0;True
43914;3;9;6;True
43915;6;16;10;True
43916;5;9;4;True
43917;2;2;0;True
43918;2;4;2;True
43919;3;6;3;True
43920;5;12;7;True
43921;6;16;10;True
43922;1;1;0;True
43923;3;9;6;True
43924;2;2;0;True
43925;1;1;0;True
43926;5;6;1;True
43927;0;0;0;True
43928;4;6;2;True
43929;1;1;0;True
43930;1;1;0;True
43931;9;16;7;True
43932;4;12;8;True
43933;1;1;0;True
43934;7;16;9;True
43935;9;16;7;True
43936;8;12;4;True
43937;4;6;2;True
43938;7;16;9;True
43939;1;1;0;True
43940;3;4;1;True
43941;3;6;3;True
43942;2;4;2;True
43943;7;16;9;True
43944;3;9;6;True
43945;5;12;7;True
43946;2;4;2;True
43947;4;12;8;True
43948;1;1;0;True
43949;6;16;10;True
43950;2;4;2;True
43951;4;12;8;True
43952;4;12;8;True
43953;5;12;7;True
43954;8;16;8;True
43955;2;4;2;True
43956;2;2;0;True
43957;3;4;1;True
43958;5;9;4;True
43959;5;12;7;True
43960;3;6;3;True
43961;3;6;3;True
43962;1;1;0;True
43963;2;2;0;True
43964;2;4;2;True
43965;5;12;7;True
43966;3;4;1;True
43967;9;16;7;True
43968;3;6;3;True
43969;2;4;2;True
43970;7;16;9;True
43971;5;6;1;True
43972;2;2;0;True
43973;5;9;4;True
43974;4;6;2;True
43975;0;0;0;True
43976;5;12;7;True
43977;3;4;1;True
43978;2;4;2;True
43979;6;12;6;True
43980;3;6;3;True
43981;4;6;2;True
43982;1;1;0;True
43983;4;6;2;True
43984;4;6;2;True
43985;6;12;6;True
43986;3;4;1;True
43987;2;4;2;True
43988;2;4;2;True
43989;4;6;2;True
43990;8;16;8;True
43991;4;12;8;True
43992;4;8;4;True
43993;8;12;4;True
43994;6;12;6;True
43995;2;4;2;True
43996;1;1;0;True
43997;4;9;5;True
43998;8;16;8;True
43999;8;16;8;True
44000;6;16;10;True
44001;8;12;4;True
44002;4;6;2;True
44003;2;4;2;True
44004;2;4;2;True
44005;6;12;6;True
44006;2;2;0;True
44007;1;1;0;True
44008;6;16;10;True
44009;3;6;3;True
44010;1;1;0;True
44011;6;16;10;True
44012;11;16;5;True
44013;3;6;3;True
44014;3;9;6;True
44015;0;0;0;True
44016;4;9;5;True
44017;1;1;0;True
44018;2;2;0;True
44019;6;12;6;True
44020;7;12;5;True
44021;3;6;3;True
44022;1;1;0;True
44023;2;4;2;True
44024;5;12;7;True
44025;2;4;2;True
44026;6;12;6;True
44027;1;1;0;True
44028;5;9;4;True
44029;3;6;3;True
44030;1;1;0;True
44031;4;9;5;True
44032;1;1;0;True
44033;7;16;9;True
44034;4;9;5;True
44035;5;12;7;True
44036;1;1;0;True
44037;2;2;0;True
44038;6;9;3;True
44039;1;1;0;True
44040;3;6;3;True
44041;4;8;4;True
44042;4;6;2;True
44043;2;2;0;True
44044;6;9;3;True
44045;1;1;0;True
44046;5;12;7;True
44047;7;16;9;True
44048;4;6;2;True
44049;1;1;0;True
44050;5;9;4;True
44051;5;12;7;True
44052;3;6;3;True
44053;3;9;6;True
44054;5;12;7;True
44055;5;12;7;True
44056;3;6;3;True
44057;3;6;3;True
44058;2;2;0;True
44059;3;6;3;True
44060;4;12;8;True
44061;4;9;5;True
44062;8;16;8;True
44063;4;9;5;True
44064;8;16;8;True
44065;5;9;4;True
44066;2;4;2;True
44067;7;12;5;True
44068;5;9;4;True
44069;6;6;0;True
44070;8;12;4;True
44071;2;2;0;True
44072;4;4;0;True
44073;4;6;2;True
44074;5;12;7;True
44075;4;6;2;True
44076;6;12;6;True
44077;4;9;5;True
44078;7;12;5;True
44079;4;6;2;True
44080;2;4;2;True
44081;3;6;3;True
44082;5;12;7;True
44083;6;12;6;True
44084;1;1;0;True
44085;4;6;2;True
44086;4;9;5;True
44087;1;1;0;True
44088;5;9;4;True
44089;5;9;4;True
44090;7;16;9;True
44091;1;1;0;True
44092;6;12;6;True
44093;5;12;7;True
44094;4;9;5;True
44095;5;12;7;True
44096;2;4;2;True
44097;3;6;3;True
44098;3;6;3;True
44099;3;4;1;True
44100;2;2;0;True
44101;6;16;10;True
44102;0;0;0;True
44103;6;6;0;True
44104;2;4;2;True
44105;4;9;5;True
44106;5;9;4;True
44107;3;6;3;True
44108;1;1;0;True
44109;0;0;0;True
44110;5;8;3;True
44111;6;12;6;True
44112;6;12;6;True
44113;4;9;5;True
44114;2;4;2;True
44115;4;9;5;True
44116;6;12;6;True
44117;1;1;0;True
44118;1;1;0;True
44119;3;6;3;True
44120;3;6;3;True
44121;6;12;6;True
44122;4;12;8;True
44123;6;9;3;True
44124;4;9;5;True
44125;3;3;0;True
44126;2;4;2;True
44127;2;2;0;True
44128;1;1;0;True
44129;0;0;0;True
44130;4;12;8;True
44131;4;6;2;True
44132;0;0;0;True
44133;5;12;7;True
44134;2;2;0;True
44135;5;9;4;True
44136;2;4;2;True
44137;7;12;5;True
44138;2;4;2;True
44139;4;9;5;True
44140;4;9;5;True
44141;7;16;9;True
44142;7;12;5;True
44143;0;0;0;True
44144;2;4;2;True
44145;6;12;6;True
44146;6;12;6;True
44147;5;9;4;True
44148;8;16;8;True
44149;3;6;3;True
44150;3;6;3;True
44151;1;1;0;True
44152;3;6;3;True
44153;4;6;2;True
44154;5;12;7;True
44155;2;4;2;True
44156;4;8;4;True
44157;6;12;6;True
44158;0;0;0;True
44159;2;4;2;True
44160;3;4;1;True
44161;0;0;0;True
44162;5;12;7;True
44163;1;1;0;True
44164;1;1;0;True
44165;4;9;5;True
44166;6;12;6;True
44167;8;16;8;True
44168;4;6;2;True
44169;3;4;1;True
44170;1;1;0;True
44171;4;12;8;True
44172;7;16;9;True
44173;5;9;4;True
44174;3;9;6;True
44175;8;12;4;True
44176;5;9;4;True
44177;5;12;7;True
44178;2;2;0;True
44179;0;0;0;True
44180;2;2;0;True
44181;7;12;5;True
44182;2;4;2;True
44183;2;2;0;True
44184;6;12;6;True
44185;3;6;3;True
44186;6;12;6;True
44187;3;6;3;True
44188;5;9;4;True
44189;0;0;0;True
44190;2;4;2;True
44191;1;1;0;True
44192;6;16;10;True
44193;6;12;6;True
44194;3;6;3;True
44195;8;16;8;True
44196;3;4;1;True
44197;1;1;0;True
44198;7;16;9;True
44199;4;9;5;True
44200;2;4;2;True
44201;4;6;2;True
44202;3;9;6;True
44203;2;4;2;True
44204;2;2;0;True
44205;1;1;0;True
44206;2;4;2;True
44207;2;2;0;True
44208;7;12;5;True
44209;1;1;0;True
44210;2;4;2;True
44211;0;0;0;True
44212;8;16;8;True
44213;5;9;4;True
44214;5;6;1;True
44215;3;6;3;True
44216;5;8;3;True
44217;3;9;6;True
44218;8;16;8;True
44219;2;4;2;True
44220;6;12;6;True
44221;2;4;2;True
44222;1;1;0;True
44223;7;12;5;True
44224;0;0;0;True
44225;6;12;6;True
44226;4;12;8;True
44227;3;3;0;True
44228;2;2;0;True
44229;0;0;0;True
44230;3;6;3;True
44231;3;4;1;True
44232;5;12;7;True
44233;1;1;0;True
44234;3;6;3;True
44235;8;16;8;True
44236;4;6;2;True
44237;1;1;0;True
44238;3;6;3;True
44239;2;4;2;True
44240;5;12;7;True
44241;3;9;6;True
44242;1;1;0;True
44243;1;1;0;True
44244;9;16;7;True
44245;9;16;7;True
44246;2;4;2;True
44247;5;9;4;True
44248;5;12;7;True
44249;3;9;6;True
44250;0;0;0;True
44251;6;12;6;True
44252;3;4;1;True
44253;4;12;8;True
44254;5;12;7;True
44255;5;9;4;True
44256;4;6;2;True
44257;2;2;0;True
44258;7;16;9;True
44259;3;6;3;True
44260;0;0;0;True
44261;6;12;6;True
44262;5;16;11;True
44263;6;12;6;True
44264;1;1;0;True
44265;3;4;1;True
44266;2;4;2;True
44267;1;1;0;True
44268;0;0;0;True
44269;2;2;0;True
44270;7;12;5;True
44271;4;12;8;True
44272;0;0;0;True
44273;3;6;3;True
44274;4;9;5;True
44275;6;12;6;True
44276;0;0;0;True
44277;0;0;0;True
44278;1;1;0;True
44279;1;1;0;True
44280;0;0;0;True
44281;5;9;4;True
44282;3;4;1;True
44283;7;12;5;True
44284;0;0;0;True
44285;6;9;3;True
44286;0;0;0;True
44287;1;1;0;True
44288;1;1;0;True
44289;8;12;4;True
44290;5;12;7;True
44291;7;12;5;True
44292;3;3;0;True
44293;3;6;3;True
44294;1;1;0;True
44295;2;2;0;True
44296;3;4;1;True
44297;2;4;2;True
44298;6;9;3;True
44299;0;0;0;True
44300;3;6;3;True
44301;7;16;9;True
44302;3;3;0;True
44303;8;16;8;True
44304;1;1;0;True
44305;2;4;2;True
44306;4;8;4;True
44307;3;6;3;True
44308;2;4;2;True
44309;9;16;7;True
44310;1;1;0;True
44311;8;16;8;True
44312;7;16;9;True
44313;0;0;0;True
44314;3;9;6;True
44315;4;6;2;True
44316;6;9;3;True
44317;3;6;3;True
44318;5;12;7;True
44319;7;16;9;True
44320;1;1;0;True
44321;7;9;2;True
44322;2;4;2;True
44323;5;9;4;True
44324;0;0;0;True
44325;6;9;3;True
44326;4;12;8;True
44327;7;16;9;True
44328;1;1;0;True
44329;3;4;1;True
44330;2;4;2;True
44331;1;1;0;True
44332;8;16;8;True
44333;4;6;2;True
44334;3;4;1;True
44335;3;6;3;True
44336;4;6;2;True
44337;6;12;6;True
44338;7;12;5;True
44339;0;0;0;True
44340;2;2;0;True
44341;5;9;4;True
44342;3;6;3;True
44343;0;0;0;True
44344;3;6;3;True
44345;2;2;0;True
44346;3;6;3;True
44347;3;6;3;True
44348;3;6;3;True
44349;3;6;3;True
44350;10;16;6;True
44351;4;6;2;True
44352;4;9;5;True
44353;3;4;1;True
44354;7;16;9;True
44355;1;1;0;True
44356;4;9;5;True
44357;1;1;0;True
44358;4;12;8;True
44359;3;6;3;True
44360;3;4;1;True
44361;0;0;0;True
44362;6;9;3;True
44363;7;12;5;True
44364;1;1;0;True
44365;3;4;1;True
44366;5;12;7;True
44367;7;12;5;True
44368;1;1;0;True
44369;4;6;2;True
44370;2;2;0;True
44371;6;16;10;True
44372;1;1;0;True
44373;6;12;6;True
44374;7;16;9;True
44375;4;9;5;True
44376;6;12;6;True
44377;5;9;4;True
44378;3;6;3;True
44379;0;0;0;True
44380;3;9;6;True
44381;4;9;5;True
44382;1;1;0;True
44383;7;12;5;True
44384;6;12;6;True
44385;6;12;6;True
44386;3;9;6;True
44387;6;12;6;True
44388;2;2;0;True
44389;6;12;6;True
44390;3;9;6;True
44391;3;6;3;True
44392;2;4;2;True
44393;1;1;0;True
44394;1;1;0;True
44395;4;6;2;True
44396;5;9;4;True
44397;5;9;4;True
44398;3;9;6;True
44399;2;2;0;True
44400;6;9;3;True
44401;6;16;10;True
44402;4;9;5;True
44403;3;3;0;True
44404;7;16;9;True
44405;5;12;7;True
44406;3;4;1;True
44407;4;9;5;True
44408;3;6;3;True
44409;1;1;0;True
44410;7;16;9;True
44411;8;16;8;True
44412;3;4;1;True
44413;0;0;0;True
44414;7;16;9;True
44415;2;4;2;True
44416;4;12;8;True
44417;5;6;1;True
44418;3;6;3;True
44419;6;6;0;True
44420;2;2;0;True
44421;0;0;0;True
44422;6;12;6;True
44423;5;9;4;True
44424;2;4;2;True
44425;3;4;1;True
44426;0;0;0;True
44427;3;9;6;True
44428;8;16;8;True
44429;1;1;0;True
44430;6;16;10;True
44431;1;1;0;True
44432;3;4;1;True
44433;5;9;4;True
44434;3;9;6;True
44435;3;3;0;True
44436;4;12;8;True
44437;4;9;5;True
44438;2;4;2;True
44439;5;9;4;True
44440;2;2;0;True
44441;5;9;4;True
44442;7;12;5;True
44443;1;1;0;True
44444;1;1;0;True
44445;5;12;7;True
44446;7;16;9;True
44447;1;1;0;True
44448;6;16;10;True
44449;1;1;0;True
44450;7;12;5;True
44451;1;1;0;True
44452;2;2;0;True
44453;5;8;3;True
44454;2;4;2;True
44455;3;6;3;True
44456;4;9;5;True
44457;6;12;6;True
44458;3;6;3;True
44459;3;6;3;True
44460;5;12;7;True
44461;5;12;7;True
44462;1;1;0;True
44463;2;2;0;True
44464;5;12;7;True
44465;4;12;8;True
44466;2;4;2;True
44467;2;4;2;True
44468;1;1;0;True
44469;1;1;0;True
44470;4;9;5;True
44471;2;4;2;True
44472;0;0;0;True
44473;9;16;7;True
44474;5;6;1;True
44475;7;12;5;True
44476;9;16;7;True
44477;3;4;1;True
44478;6;12;6;True
44479;3;3;0;True
44480;3;6;3;True
44481;7;16;9;True
44482;5;9;4;True
44483;3;6;3;True
44484;1;1;0;True
44485;4;12;8;True
44486;6;12;6;True
44487;3;6;3;True
44488;7;12;5;True
44489;5;12;7;True
44490;2;2;0;True
44491;5;9;4;True
44492;4;12;8;True
44493;5;12;7;True
44494;3;9;6;True
44495;2;4;2;True
44496;3;9;6;True
44497;8;16;8;True
44498;2;4;2;True
44499;8;16;8;True
44500;1;1;0;True
44501;1;1;0;True
44502;6;12;6;True
44503;3;6;3;True
44504;7;16;9;True
44505;6;16;10;True
44506;1;1;0;True
44507;2;4;2;True
44508;3;6;3;True
44509;2;4;2;True
44510;2;4;2;True
44511;1;1;0;True
44512;5;12;7;True
44513;3;9;6;True
44514;2;4;2;True
44515;6;12;6;True
44516;1;1;0;True
44517;1;1;0;True
44518;6;12;6;True
44519;2;4;2;True
44520;0;0;0;True
44521;1;1;0;True
44522;6;12;6;True
44523;2;4;2;True
44524;3;6;3;True
44525;6;9;3;True
44526;2;2;0;True
44527;2;4;2;True
44528;3;3;0;True
44529;2;2;0;True
44530;2;4;2;True
44531;3;6;3;True
44532;2;4;2;True
44533;2;4;2;True
44534;3;9;6;True
44535;3;4;1;True
44536;2;4;2;True
44537;4;9;5;True
44538;4;9;5;True
44539;5;9;4;True
44540;4;9;5;True
44541;5;9;4;True
44542;2;2;0;True
44543;7;16;9;True
44544;3;6;3;True
44545;3;6;3;True
44546;6;12;6;True
44547;4;9;5;True
44548;7;16;9;True
44549;2;4;2;True
44550;3;6;3;True
44551;0;0;0;True
44552;6;16;10;True
44553;2;2;0;True
44554;3;6;3;True
44555;2;4;2;True
44556;1;1;0;True
44557;4;4;0;True
44558;6;12;6;True
44559;6;12;6;True
44560;0;0;0;True
44561;6;12;6;True
44562;4;6;2;True
44563;6;12;6;True
44564;2;2;0;True
44565;4;9;5;True
44566;2;4;2;True
44567;2;4;2;True
44568;6;12;6;True
44569;9;16;7;True
44570;7;12;5;True
44571;1;1;0;True
44572;2;4;2;True
44573;1;1;0;True
44574;1;1;0;True
44575;3;4;1;True
44576;2;2;0;True
44577;8;16;8;True
44578;6;12;6;True
44579;6;16;10;True
44580;7;12;5;True
44581;6;12;6;True
44582;2;2;0;True
44583;6;12;6;True
44584;1;1;0;True
44585;6;12;6;True
44586;4;6;2;True
44587;1;1;0;True
44588;4;8;4;True
44589;5;12;7;True
44590;5;12;7;True
44591;6;12;6;True
44592;3;3;0;True
44593;3;6;3;True
44594;5;9;4;True
44595;2;4;2;True
44596;5;9;4;True
44597;9;16;7;True
44598;4;6;2;True
44599;4;9;5;True
44600;6;9;3;True
44601;2;2;0;True
44602;2;2;0;True
44603;7;12;5;True
44604;2;4;2;True
44605;4;6;2;True
44606;1;1;0;True
44607;6;12;6;True
44608;5;12;7;True
44609;7;12;5;True
44610;5;12;7;True
44611;0;0;0;True
44612;4;9;5;True
44613;6;12;6;True
44614;5;9;4;True
44615;4;9;5;True
44616;1;1;0;True
44617;0;0;0;True
44618;2;4;2;True
44619;3;4;1;True
44620;6;12;6;True
44621;0;0;0;True
44622;4;6;2;True
44623;3;3;0;True
44624;2;2;0;True
44625;3;6;3;True
44626;7;12;5;True
44627;2;4;2;True
44628;7;16;9;True
44629;5;12;7;True
44630;5;12;7;True
44631;3;6;3;True
44632;3;6;3;True
44633;7;16;9;True
44634;2;4;2;True
44635;4;9;5;True
44636;3;4;1;True
44637;3;4;1;True
44638;2;2;0;True
44639;3;6;3;True
44640;8;12;4;True
44641;4;6;2;True
44642;5;9;4;True
44643;3;9;6;True
44644;5;9;4;True
44645;3;6;3;True
44646;7;16;9;True
44647;3;4;1;True
44648;6;16;10;True
44649;1;1;0;True
44650;2;4;2;True
44651;4;9;5;True
44652;4;6;2;True
44653;1;1;0;True
44654;3;9;6;True
44655;8;12;4;True
44656;6;12;6;True
44657;4;9;5;True
44658;0;0;0;True
44659;3;4;1;True
44660;4;8;4;True
44661;2;4;2;True
44662;3;4;1;True
44663;2;2;0;True
44664;3;6;3;True
44665;4;8;4;True
44666;2;2;0;True
44667;6;12;6;True
44668;6;9;3;True
44669;3;6;3;True
44670;1;1;0;True
44671;4;9;5;True
44672;8;16;8;True
44673;1;1;0;True
44674;4;6;2;True
44675;4;6;2;True
44676;2;2;0;True
44677;6;9;3;True
44678;5;12;7;True
44679;2;4;2;True
44680;3;4;1;True
44681;5;8;3;True
44682;3;4;1;True
44683;7;16;9;True
44684;4;9;5;True
44685;2;2;0;True
44686;6;16;10;True
44687;5;9;4;True
44688;1;1;0;True
44689;5;9;4;True
44690;3;9;6;True
44691;5;12;7;True
44692;3;4;1;True
44693;5;12;7;True
44694;4;6;2;True
44695;3;3;0;True
44696;5;8;3;True
44697;7;12;5;True
44698;0;0;0;True
44699;4;12;8;True
44700;7;12;5;True
44701;7;16;9;True
44702;2;2;0;True
44703;2;4;2;True
44704;1;1;0;True
44705;6;12;6;True
44706;2;4;2;True
44707;3;6;3;True
44708;0;0;0;True
44709;5;12;7;True
44710;4;16;12;True
44711;6;8;2;True
44712;1;1;0;True
44713;4;6;2;True
44714;6;12;6;True
44715;7;9;2;True
44716;3;6;3;True
44717;1;1;0;True
44718;3;6;3;True
44719;6;12;6;True
44720;5;12;7;True
44721;6;12;6;True
44722;3;6;3;True
44723;1;1;0;True
44724;3;6;3;True
44725;7;16;9;True
44726;1;1;0;True
44727;2;4;2;True
44728;4;12;8;True
44729;10;16;6;True
44730;0;0;0;True
44731;1;1;0;True
44732;6;12;6;True
44733;2;2;0;True
44734;2;2;0;True
44735;2;2;0;True
44736;3;4;1;True
44737;1;1;0;True
44738;2;4;2;True
44739;2;2;0;True
44740;1;1;0;True
44741;3;4;1;True
44742;4;9;5;True
44743;4;9;5;True
44744;3;6;3;True
44745;5;9;4;True
44746;2;2;0;True
44747;0;0;0;True
44748;4;9;5;True
44749;6;12;6;True
44750;2;4;2;True
44751;2;4;2;True
44752;4;9;5;True
44753;6;12;6;True
44754;3;9;6;True
44755;2;4;2;True
44756;6;12;6;True
44757;3;4;1;True
44758;3;4;1;True
44759;2;2;0;True
44760;2;4;2;True
44761;3;4;1;True
44762;1;1;0;True
44763;1;1;0;True
44764;2;2;0;True
44765;2;4;2;True
44766;3;6;3;True
44767;3;6;3;True
44768;6;12;6;True
44769;3;9;6;True
44770;2;4;2;True
44771;6;12;6;True
44772;4;8;4;True
44773;8;16;8;True
44774;3;9;6;True
44775;5;16;11;True
44776;3;9;6;True
44777;0;0;0;True
44778;3;9;6;True
44779;7;16;9;True
44780;5;12;7;True
44781;4;9;5;True
44782;4;6;2;True
44783;5;12;7;True
44784;3;6;3;True
44785;4;9;5;True
44786;3;6;3;True
44787;2;4;2;True
44788;7;12;5;True
44789;8;12;4;True
44790;4;6;2;True
44791;1;1;0;True
44792;6;12;6;True
44793;1;1;0;True
44794;4;6;2;True
44795;7;12;5;True
44796;3;9;6;True
44797;10;16;6;True
44798;7;12;5;True
44799;4;6;2;True
44800;2;2;0;True
44801;7;16;9;True
44802;10;16;6;True
44803;7;12;5;True
44804;3;6;3;True
44805;1;1;0;True
44806;2;4;2;True
44807;0;0;0;True
44808;5;12;7;True
44809;5;16;11;True
44810;8;12;4;True
44811;1;1;0;True
44812;2;2;0;True
44813;5;12;7;True
44814;1;1;0;True
44815;6;12;6;True
44816;2;4;2;True
44817;4;9;5;True
44818;2;2;0;True
44819;4;9;5;True
44820;0;0;0;True
44821;6;12;6;True
44822;2;4;2;True
44823;4;8;4;True
44824;3;9;6;True
44825;10;16;6;True
44826;2;4;2;True
44827;7;16;9;True
44828;5;12;7;True
44829;1;1;0;True
44830;3;4;1;True
44831;4;6;2;True
44832;3;6;3;True
44833;1;1;0;True
44834;7;16;9;True
44835;3;9;6;True
44836;1;1;0;True
44837;4;6;2;True
44838;1;1;0;True
44839;2;4;2;True
44840;5;12;7;True
44841;4;9;5;True
44842;3;4;1;True
44843;6;12;6;True
44844;6;12;6;True
44845;8;16;8;True
44846;3;4;1;True
44847;3;6;3;True
44848;4;9;5;True
44849;2;4;2;True
44850;0;0;0;True
44851;3;4;1;True
44852;5;16;11;True
44853;11;16;5;True
44854;5;12;7;True
44855;5;9;4;True
44856;4;6;2;True
44857;6;9;3;True
44858;4;9;5;True
44859;8;16;8;True
44860;8;16;8;True
44861;4;12;8;True
44862;0;0;0;True
44863;2;4;2;True
44864;4;6;2;True
44865;7;16;9;True
44866;1;1;0;True
44867;3;3;0;True
44868;7;12;5;True
44869;5;16;11;True
44870;5;8;3;True
44871;4;6;2;True
44872;9;16;7;True
44873;2;2;0;True
44874;2;2;0;True
44875;5;9;4;True
44876;6;16;10;True
44877;3;6;3;True
44878;4;8;4;True
44879;2;4;2;True
44880;6;12;6;True
44881;9;16;7;True
44882;2;4;2;True
44883;3;6;3;True
44884;4;9;5;True
44885;3;4;1;True
44886;4;8;4;True
44887;4;6;2;True
44888;5;12;7;True
44889;2;2;0;True
44890;2;4;2;True
44891;3;6;3;True
44892;2;2;0;True
44893;7;12;5;True
44894;7;16;9;True
44895;9;16;7;True
44896;1;1;0;True
44897;2;4;2;True
44898;1;1;0;True
44899;5;12;7;True
44900;9;16;7;True
44901;0;0;0;True
44902;4;6;2;True
44903;1;1;0;True
44904;5;9;4;True
44905;1;1;0;True
44906;2;4;2;True
44907;5;9;4;True
44908;6;12;6;True
44909;4;6;2;True
44910;4;12;8;True
44911;1;1;0;True
44912;5;16;11;True
44913;2;2;0;True
44914;0;0;0;True
44915;3;6;3;True
44916;1;1;0;True
44917;5;16;11;True
44918;0;0;0;True
44919;2;4;2;True
44920;4;6;2;True
44921;3;9;6;True
44922;3;6;3;True
44923;1;1;0;True
44924;1;1;0;True
44925;1;1;0;True
44926;2;4;2;True
44927;2;4;2;True
44928;3;6;3;True
44929;5;12;7;True
44930;2;4;2;True
44931;2;4;2;True
44932;8;16;8;True
44933;1;1;0;True
44934;4;9;5;True
44935;4;8;4;True
44936;3;6;3;True
44937;6;12;6;True
44938;2;4;2;True
44939;4;6;2;True
44940;4;12;8;True
44941;4;6;2;True
44942;4;12;8;True
44943;7;12;5;True
44944;7;16;9;True
44945;3;4;1;True
44946;1;1;0;True
44947;2;2;0;True
44948;5;12;7;True
44949;6;16;10;True
44950;7;16;9;True
44951;2;4;2;True
44952;1;1;0;True
44953;3;6;3;True
44954;3;4;1;True
44955;10;16;6;True
44956;4;9;5;True
44957;2;4;2;True
44958;2;4;2;True
44959;3;9;6;True
44960;4;8;4;True
44961;6;12;6;True
44962;4;9;5;True
44963;5;8;3;True
44964;6;12;6;True
44965;2;4;2;True
44966;2;4;2;True
44967;2;2;0;True
44968;5;16;11;True
44969;3;9;6;True
44970;3;4;1;True
44971;2;4;2;True
44972;3;9;6;True
44973;5;6;1;True
44974;8;16;8;True
44975;2;2;0;True
44976;5;12;7;True
44977;5;12;7;True
44978;5;9;4;True
44979;6;16;10;True
44980;4;6;2;True
44981;2;4;2;True
44982;0;0;0;True
44983;2;2;0;True
44984;1;1;0;True
44985;4;6;2;True
44986;5;8;3;True
44987;3;9;6;True
44988;3;6;3;True
44989;3;6;3;True
44990;5;9;4;True
44991;4;6;2;True
44992;7;12;5;True
44993;1;1;0;True
44994;0;0;0;True
44995;1;1;0;True
44996;2;4;2;True
44997;1;1;0;True
44998;6;16;10;True
44999;5;9;4;True
45000;5;9;4;True
45001;7;16;9;True
45002;2;2;0;True
45003;2;2;0;True
45004;2;2;0;True
45005;6;16;10;True
45006;5;8;3;True
45007;2;2;0;True
45008;3;6;3;True
45009;4;6;2;True
45010;3;4;1;True
45011;3;4;1;True
45012;2;2;0;True
45013;2;4;2;True
45014;3;6;3;True
45015;1;1;0;True
45016;4;9;5;True
45017;3;4;1;True
45018;5;12;7;True
45019;2;2;0;True
45020;4;9;5;True
45021;1;1;0;True
45022;7;12;5;True
45023;1;1;0;True
45024;5;12;7;True
45025;7;12;5;True
45026;2;4;2;True
45027;8;16;8;True
45028;1;1;0;True
45029;4;6;2;True
45030;7;9;2;True
45031;0;0;0;True
45032;9;16;7;True
45033;6;9;3;True
45034;6;9;3;True
45035;8;16;8;True
45036;7;12;5;True
45037;4;6;2;True
45038;5;16;11;True
45039;0;0;0;True
45040;0;0;0;True
45041;5;12;7;True
45042;4;6;2;True
45043;2;2;0;True
45044;5;8;3;True
45045;6;12;6;True
45046;2;4;2;True
45047;5;9;4;True
45048;0;0;0;True
45049;4;9;5;True
45050;2;4;2;True
45051;4;9;5;True
45052;4;9;5;True
45053;4;9;5;True
45054;2;2;0;True
45055;0;0;0;True
45056;3;4;1;True
45057;3;6;3;True
45058;0;0;0;True
45059;3;6;3;True
45060;2;4;2;True
45061;7;16;9;True
45062;3;6;3;True
45063;0;0;0;True
45064;3;6;3;True
45065;1;1;0;True
45066;6;8;2;True
45067;7;12;5;True
45068;7;16;9;True
45069;7;16;9;True
45070;0;0;0;True
45071;4;9;5;True
45072;2;2;0;True
45073;8;16;8;True
45074;2;4;2;True
45075;3;4;1;True
45076;3;6;3;True
45077;6;12;6;True
45078;3;4;1;True
45079;4;12;8;True
45080;4;9;5;True
45081;6;16;10;True
45082;4;6;2;True
45083;3;9;6;True
45084;4;9;5;True
45085;1;1;0;True
45086;4;6;2;True
45087;10;16;6;True
45088;3;9;6;True
45089;5;8;3;True
45090;1;1;0;True
45091;6;16;10;True
45092;7;16;9;True
45093;1;1;0;True
45094;6;12;6;True
45095;10;16;6;True
45096;3;4;1;True
45097;3;4;1;True
45098;8;12;4;True
45099;1;1;0;True
45100;6;12;6;True
45101;2;4;2;True
45102;2;2;0;True
45103;4;4;0;True
45104;6;12;6;True
45105;1;1;0;True
45106;0;0;0;True
45107;6;9;3;True
45108;5;8;3;True
45109;2;4;2;True
45110;4;9;5;True
45111;2;4;2;True
45112;3;4;1;True
45113;5;12;7;True
45114;3;9;6;True
45115;6;12;6;True
45116;11;16;5;True
45117;1;1;0;True
45118;6;12;6;True
45119;9;16;7;True
45120;5;16;11;True
45121;5;12;7;True
45122;2;4;2;True
45123;2;2;0;True
45124;2;4;2;True
45125;4;9;5;True
45126;8;16;8;True
45127;7;9;2;True
45128;2;2;0;True
45129;4;6;2;True
45130;3;9;6;True
45131;7;12;5;True
45132;3;3;0;True
45133;3;6;3;True
45134;5;12;7;True
45135;3;6;3;True
45136;0;0;0;True
45137;0;0;0;True
45138;2;2;0;True
45139;8;16;8;True
45140;2;2;0;True
45141;5;16;11;True
45142;4;6;2;True
45143;7;16;9;True
45144;3;9;6;True
45145;5;8;3;True
45146;7;12;5;True
45147;4;12;8;True
45148;4;6;2;True
45149;1;1;0;True
45150;3;4;1;True
45151;4;6;2;True
45152;4;9;5;True
45153;3;4;1;True
45154;2;4;2;True
45155;11;16;5;True
45156;8;16;8;True
45157;2;4;2;True
45158;2;4;2;True
45159;2;4;2;True
45160;9;16;7;True
45161;3;4;1;True
45162;3;4;1;True
45163;3;6;3;True
45164;5;9;4;True
45165;8;16;8;True
45166;9;16;7;True
45167;1;1;0;True
45168;2;4;2;True
45169;3;9;6;True
45170;4;12;8;True
45171;4;9;5;True
45172;3;6;3;True
45173;3;4;1;True
45174;3;6;3;True
45175;6;16;10;True
45176;3;3;0;True
45177;5;12;7;True
45178;1;1;0;True
45179;3;9;6;True
45180;5;12;7;True
45181;0;0;0;True
45182;5;12;7;True
45183;5;8;3;True
45184;7;12;5;True
45185;3;6;3;True
45186;8;12;4;True
45187;4;6;2;True
45188;3;6;3;True
45189;0;0;0;True
45190;9;16;7;True
45191;6;12;6;True
45192;2;4;2;True
45193;4;12;8;True
45194;4;12;8;True
45195;4;9;5;True
45196;6;16;10;True
45197;4;6;2;True
45198;6;12;6;True
45199;6;9;3;True
45200;6;12;6;True
45201;6;8;2;True
45202;5;9;4;True
45203;2;4;2;True
45204;1;1;0;True
45205;4;9;5;True
45206;0;0;0;True
45207;4;9;5;True
45208;4;9;5;True
45209;5;12;7;True
45210;0;0;0;True
45211;6;9;3;True
45212;3;6;3;True
45213;1;1;0;True
45214;1;1;0;True
45215;5;12;7;True
45216;5;12;7;True
45217;2;4;2;True
45218;3;4;1;True
45219;7;16;9;True
45220;3;6;3;True
45221;3;4;1;True
45222;5;9;4;True
45223;3;4;1;True
45224;7;12;5;True
45225;4;9;5;True
45226;4;9;5;True
45227;2;4;2;True
45228;1;1;0;True
45229;3;9;6;True
45230;2;2;0;True
45231;1;1;0;True
45232;8;16;8;True
45233;2;4;2;True
45234;5;12;7;True
45235;0;0;0;True
45236;2;4;2;True
45237;3;6;3;True
45238;2;2;0;True
45239;6;12;6;True
45240;5;9;4;True
45241;2;4;2;True
45242;7;12;5;True
45243;1;1;0;True
45244;5;12;7;True
45245;5;9;4;True
45246;8;16;8;True
45247;6;12;6;True
45248;0;0;0;True
45249;3;4;1;True
45250;5;9;4;True
45251;0;0;0;True
45252;1;1;0;True
45253;4;9;5;True
45254;3;9;6;True
45255;7;16;9;True
45256;8;12;4;True
45257;6;12;6;True
45258;6;9;3;True
45259;2;2;0;True
45260;2;2;0;True
45261;6;9;3;True
45262;1;1;0;True
45263;3;9;6;True
45264;2;4;2;True
45265;5;12;7;True
45266;3;6;3;True
45267;3;6;3;True
45268;1;1;0;True
45269;2;4;2;True
45270;1;1;0;True
45271;6;9;3;True
45272;1;1;0;True
45273;1;1;0;True
45274;6;8;2;True
45275;4;6;2;True
45276;3;3;0;True
45277;2;4;2;True
45278;4;9;5;True
45279;5;12;7;True
45280;3;4;1;True
45281;3;4;1;True
45282;2;4;2;True
45283;2;4;2;True
45284;2;4;2;True
45285;1;1;0;True
45286;2;4;2;True
45287;3;6;3;True
45288;7;16;9;True
45289;0;0;0;True
45290;1;1;0;True
45291;2;4;2;True
45292;3;6;3;True
45293;8;16;8;True
45294;4;9;5;True
45295;1;1;0;True
45296;2;4;2;True
45297;4;12;8;True
45298;0;0;0;True
45299;5;9;4;True
45300;2;2;0;True
45301;2;2;0;True
45302;3;4;1;True
45303;6;12;6;True
45304;1;1;0;True
45305;6;12;6;True
45306;2;2;0;True
45307;6;16;10;True
45308;2;2;0;True
45309;2;2;0;True
45310;3;3;0;True
45311;4;12;8;True
45312;3;4;1;True
45313;6;12;6;True
45314;4;6;2;True
45315;2;4;2;True
45316;2;2;0;True
45317;3;6;3;True
45318;1;1;0;True
45319;3;4;1;True
45320;1;1;0;True
45321;5;16;11;True
45322;3;4;1;True
45323;4;12;8;True
45324;2;2;0;True
45325;5;12;7;True
45326;3;6;3;True
45327;2;4;2;True
45328;5;16;11;True
45329;8;16;8;True
45330;1;1;0;True
45331;7;16;9;True
45332;2;2;0;True
45333;9;16;7;True
45334;4;9;5;True
45335;3;4;1;True
45336;3;3;0;True
45337;6;16;10;True
45338;3;9;6;True
45339;4;8;4;True
45340;3;4;1;True
45341;2;4;2;True
45342;0;0;0;True
45343;0;0;0;True
45344;4;9;5;True
45345;4;9;5;True
45346;5;12;7;True
45347;2;2;0;True
45348;0;0;0;True
45349;5;12;7;True
45350;2;2;0;True
45351;6;12;6;True
45352;6;12;6;True
45353;2;4;2;True
45354;4;12;8;True
45355;1;1;0;True
45356;1;1;0;True
45357;1;1;0;True
45358;4;9;5;True
45359;7;12;5;True
45360;3;3;0;True
45361;3;6;3;True
45362;2;4;2;True
45363;5;9;4;True
45364;4;9;5;True
45365;5;12;7;True
45366;8;12;4;True
45367;2;4;2;True
45368;3;6;3;True
45369;3;6;3;True
45370;1;1;0;True
45371;1;1;0;True
45372;6;12;6;True
45373;4;9;5;True
45374;5;9;4;True
45375;3;9;6;True
45376;0;0;0;True
45377;2;4;2;True
45378;4;9;5;True
45379;6;12;6;True
45380;3;4;1;True
45381;4;12;8;True
45382;7;16;9;True
45383;3;6;3;True
45384;5;12;7;True
45385;4;9;5;True
45386;7;12;5;True
45387;7;12;5;True
45388;2;2;0;True
45389;5;6;1;True
45390;3;6;3;True
45391;2;4;2;True
45392;8;12;4;True
45393;3;6;3;True
45394;2;4;2;True
45395;2;2;0;True
45396;0;0;0;True
45397;2;2;0;True
45398;4;9;5;True
45399;3;6;3;True
45400;1;1;0;True
45401;3;6;3;True
45402;5;12;7;True
45403;3;6;3;True
45404;2;4;2;True
45405;7;16;9;True
45406;0;0;0;True
45407;6;12;6;True
45408;7;12;5;True
45409;4;6;2;True
45410;3;3;0;True
45411;3;6;3;True
45412;2;4;2;True
45413;4;9;5;True
45414;5;12;7;True
45415;5;12;7;True
45416;9;16;7;True
45417;3;9;6;True
45418;3;6;3;True
45419;1;1;0;True
45420;7;16;9;True
45421;2;4;2;True
45422;4;6;2;True
45423;4;9;5;True
45424;6;16;10;True
45425;2;2;0;True
45426;5;16;11;True
45427;7;16;9;True
45428;2;2;0;True
45429;6;16;10;True
45430;2;2;0;True
45431;5;9;4;True
45432;1;1;0;True
45433;4;8;4;True
45434;1;1;0;True
45435;4;6;2;True
45436;5;12;7;True
45437;3;6;3;True
45438;3;4;1;True
45439;8;16;8;True
45440;5;9;4;True
45441;3;6;3;True
45442;1;1;0;True
45443;3;6;3;True
45444;3;3;0;True
45445;1;1;0;True
45446;2;2;0;True
45447;7;12;5;True
45448;7;12;5;True
45449;1;1;0;True
45450;2;4;2;True
45451;5;12;7;True
45452;3;9;6;True
45453;2;4;2;True
45454;3;4;1;True
45455;6;12;6;True
45456;2;2;0;True
45457;1;1;0;True
45458;3;6;3;True
45459;2;4;2;True
45460;1;1;0;True
45461;5;8;3;True
45462;3;3;0;True
45463;4;9;5;True
45464;9;12;3;True
45465;6;12;6;True
45466;5;9;4;True
45467;5;12;7;True
45468;10;16;6;True
45469;3;6;3;True
45470;5;9;4;True
45471;7;16;9;True
45472;1;1;0;True
45473;6;12;6;True
45474;7;16;9;True
45475;3;4;1;True
45476;2;2;0;True
45477;8;12;4;True
45478;4;12;8;True
45479;4;6;2;True
45480;1;1;0;True
45481;4;6;2;True
45482;1;1;0;True
45483;2;4;2;True
45484;4;9;5;True
45485;4;12;8;True
45486;5;12;7;True
45487;2;2;0;True
45488;5;9;4;True
45489;6;8;2;True
45490;2;4;2;True
45491;0;0;0;True
45492;3;9;6;True
45493;1;1;0;True
45494;2;4;2;True
45495;6;16;10;True
45496;3;9;6;True
45497;3;4;1;True
45498;4;8;4;True
45499;6;16;10;True
45500;3;6;3;True
45501;8;16;8;True
45502;6;16;10;True
45503;10;16;6;True
45504;0;0;0;True
45505;3;4;1;True
45506;7;12;5;True
45507;2;4;2;True
45508;2;4;2;True
45509;4;9;5;True
45510;4;6;2;True
45511;5;9;4;True
45512;9;16;7;True
45513;0;0;0;True
45514;0;0;0;True
45515;5;12;7;True
45516;6;12;6;True
45517;6;12;6;True
45518;7;16;9;True
45519;2;2;0;True
45520;5;9;4;True
45521;0;0;0;True
45522;5;16;11;True
45523;3;4;1;True
45524;0;0;0;True
45525;2;4;2;True
45526;2;4;2;True
45527;4;12;8;True
45528;8;16;8;True
45529;8;12;4;True
45530;2;2;0;True
45531;2;2;0;True
45532;2;4;2;True
45533;7;16;9;True
45534;7;12;5;True
45535;2;4;2;True
45536;6;16;10;True
45537;5;12;7;True
45538;5;16;11;True
45539;2;2;0;True
45540;4;6;2;True
45541;1;1;0;True
45542;1;1;0;True
45543;7;16;9;True
45544;2;2;0;True
45545;0;0;0;True
45546;3;6;3;True
45547;7;12;5;True
45548;6;9;3;True
45549;2;4;2;True
45550;4;6;2;True
45551;5;9;4;True
45552;4;12;8;True
45553;4;9;5;True
45554;3;4;1;True
45555;6;12;6;True
45556;2;4;2;True
45557;3;6;3;True
45558;1;1;0;True
45559;3;6;3;True
45560;3;6;3;True
45561;1;1;0;True
45562;2;4;2;True
45563;2;2;0;True
45564;4;9;5;True
45565;6;12;6;True
45566;1;1;0;True
45567;2;4;2;True
45568;6;16;10;True
45569;4;6;2;True
45570;4;6;2;True
45571;2;4;2;True
45572;3;6;3;True
45573;3;4;1;True
45574;7;16;9;True
45575;6;12;6;True
45576;1;1;0;True
45577;5;9;4;True
45578;6;12;6;True
45579;1;1;0;True
45580;8;12;4;True
45581;4;9;5;True
45582;4;8;4;True
45583;3;6;3;True
45584;2;4;2;True
45585;1;1;0;True
45586;8;16;8;True
45587;8;12;4;True
45588;3;9;6;True
45589;7;12;5;True
45590;4;6;2;True
45591;0;0;0;True
45592;3;6;3;True
45593;4;6;2;True
45594;3;4;1;True
45595;3;9;6;True
45596;4;6;2;True
45597;4;9;5;True
45598;6;12;6;True
45599;4;6;2;True
45600;0;0;0;True
45601;4;6;2;True
45602;5;12;7;True
45603;2;2;0;True
45604;5;8;3;True
45605;4;8;4;True
45606;6;12;6;True
45607;2;2;0;True
45608;2;2;0;True
45609;2;4;2;True
45610;8;12;4;True
45611;5;8;3;True
45612;2;4;2;True
45613;4;12;8;True
45614;4;9;5;True
45615;4;9;5;True
45616;2;4;2;True
45617;0;0;0;True
45618;1;1;0;True
45619;4;6;2;True
45620;6;12;6;True
45621;1;1;0;True
45622;7;12;5;True
45623;3;6;3;True
45624;4;12;8;True
45625;1;1;0;True
45626;2;4;2;True
45627;4;9;5;True
45628;0;0;0;True
45629;3;6;3;True
45630;4;9;5;True
45631;5;6;1;True
45632;5;16;11;True
45633;3;4;1;True
45634;2;4;2;True
45635;0;0;0;True
45636;5;16;11;True
45637;4;6;2;True
45638;1;1;0;True
45639;5;16;11;True
45640;5;9;4;True
45641;7;16;9;True
45642;6;9;3;True
45643;6;12;6;True
45644;6;16;10;True
45645;2;2;0;True
45646;1;1;0;True
45647;5;12;7;True
45648;3;6;3;True
45649;1;1;0;True
45650;3;4;1;True
45651;1;1;0;True
45652;5;9;4;True
45653;5;9;4;True
45654;2;2;0;True
45655;4;9;5;True
45656;3;6;3;True
45657;6;12;6;True
45658;4;9;5;True
45659;8;12;4;True
45660;6;12;6;True
45661;8;16;8;True
45662;4;6;2;True
45663;3;4;1;True
45664;1;1;0;True
45665;0;0;0;True
45666;9;16;7;True
45667;2;4;2;True
45668;3;6;3;True
45669;5;9;4;True
45670;4;6;2;True
45671;2;4;2;True
45672;2;4;2;True
45673;6;9;3;True
45674;4;6;2;True
45675;3;6;3;True
45676;7;12;5;True
45677;7;12;5;True
45678;4;9;5;True
45679;2;4;2;True
45680;4;4;0;True
45681;2;4;2;True
45682;7;12;5;True
45683;6;12;6;True
45684;7;12;5;True
45685;1;1;0;True
45686;2;4;2;True
45687;4;12;8;True
45688;1;1;0;True
45689;7;12;5;True
45690;4;6;2;True
45691;4;12;8;True
45692;7;12;5;True
45693;3;4;1;True
45694;1;1;0;True
45695;12;16;4;True
45696;6;12;6;True
45697;5;16;11;True
45698;7;16;9;True
45699;3;4;1;True
45700;1;1;0;True
45701;2;2;0;True
45702;4;6;2;True
45703;0;0;0;True
45704;6;12;6;True
45705;2;4;2;True
45706;3;6;3;True
45707;5;12;7;True
45708;7;12;5;True
45709;4;9;5;True
45710;1;1;0;True
45711;2;4;2;True
45712;1;1;0;True
45713;5;16;11;True
45714;2;4;2;True
45715;5;8;3;True
45716;4;6;2;True
45717;2;4;2;True
45718;2;4;2;True
45719;5;12;7;True
45720;3;9;6;True
45721;3;6;3;True
45722;7;12;5;True
45723;7;12;5;True
45724;5;9;4;True
45725;3;6;3;True
45726;2;2;0;True
45727;2;4;2;True
45728;3;9;6;True
45729;4;12;8;True
45730;3;6;3;True
45731;9;12;3;True
45732;5;9;4;True
45733;4;4;0;True
45734;3;3;0;True
45735;3;6;3;True
45736;4;6;2;True
45737;1;1;0;True
45738;1;1;0;True
45739;2;2;0;True
45740;6;12;6;True
45741;3;6;3;True
45742;3;3;0;True
45743;5;9;4;True
45744;0;0;0;True
45745;3;4;1;True
45746;0;0;0;True
45747;2;4;2;True
45748;2;2;0;True
45749;1;1;0;True
45750;4;9;5;True
45751;2;2;0;True
45752;6;12;6;True
45753;2;2;0;True
45754;4;6;2;True
45755;2;2;0;True
45756;4;9;5;True
45757;5;9;4;True
45758;8;16;8;True
45759;3;6;3;True
45760;1;1;0;True
45761;5;12;7;True
45762;2;2;0;True
45763;0;0;0;True
45764;1;1;0;True
45765;1;1;0;True
45766;3;4;1;True
45767;8;12;4;True
45768;4;12;8;True
45769;3;6;3;True
45770;8;16;8;True
45771;1;1;0;True
45772;2;2;0;True
45773;6;16;10;True
45774;7;16;9;True
45775;1;1;0;True
45776;2;2;0;True
45777;2;4;2;True
45778;5;12;7;True
45779;1;1;0;True
45780;5;16;11;True
45781;4;8;4;True
45782;9;16;7;True
45783;3;4;1;True
45784;2;4;2;True
45785;5;12;7;True
45786;8;12;4;True
45787;2;4;2;True
45788;1;1;0;True
45789;4;9;5;True
45790;4;12;8;True
45791;4;9;5;True
45792;8;12;4;True
45793;4;8;4;True
45794;3;6;3;True
45795;5;12;7;True
45796;0;0;0;True
45797;5;12;7;True
45798;6;16;10;True
45799;4;6;2;True
45800;3;3;0;True
45801;1;1;0;True
45802;2;4;2;True
45803;10;16;6;True
45804;6;12;6;True
45805;7;16;9;True
45806;3;6;3;True
45807;4;9;5;True
45808;1;1;0;True
45809;1;1;0;True
45810;7;16;9;True
45811;4;6;2;True
45812;9;16;7;True
45813;5;12;7;True
45814;6;9;3;True
45815;5;12;7;True
45816;6;16;10;True
45817;5;8;3;True
45818;3;4;1;True
45819;0;0;0;True
45820;2;2;0;True
45821;2;2;0;True
45822;9;12;3;True
45823;4;12;8;True
45824;4;9;5;True
45825;6;16;10;True
45826;0;0;0;True
45827;5;12;7;True
45828;1;1;0;True
45829;4;6;2;True
45830;4;9;5;True
45831;2;2;0;True
45832;3;4;1;True
45833;1;1;0;True
45834;3;6;3;True
45835;3;3;0;True
45836;2;2;0;True
45837;3;9;6;True
45838;3;4;1;True
45839;1;1;0;True
45840;4;6;2;True
45841;4;9;5;True
45842;1;1;0;True
45843;4;12;8;True
45844;5;9;4;True
45845;3;9;6;True
45846;2;2;0;True
45847;4;9;5;True
45848;3;6;3;True
45849;5;6;1;True
45850;7;16;9;True
45851;2;4;2;True
45852;6;12;6;True
45853;2;4;2;True
45854;5;16;11;True
45855;5;12;7;True
45856;4;9;5;True
45857;7;12;5;True
45858;4;9;5;True
45859;1;1;0;True
45860;7;12;5;True
45861;3;4;1;True
45862;2;4;2;True
45863;4;9;5;True
45864;6;9;3;True
45865;7;9;2;True
45866;3;6;3;True
45867;1;1;0;True
45868;0;0;0;True
45869;4;12;8;True
45870;1;1;0;True
45871;4;12;8;True
45872;4;9;5;True
45873;6;16;10;True
45874;2;2;0;True
45875;6;12;6;True
45876;3;6;3;True
45877;6;6;0;True
45878;6;12;6;True
45879;1;1;0;True
45880;1;1;0;True
45881;8;12;4;True
45882;1;1;0;True
45883;4;9;5;True
45884;3;6;3;True
45885;2;4;2;True
45886;1;1;0;True
45887;2;2;0;True
45888;3;6;3;True
45889;5;12;7;True
45890;2;2;0;True
45891;4;6;2;True
45892;1;1;0;True
45893;3;4;1;True
45894;0;0;0;True
45895;5;9;4;True
45896;0;0;0;True
45897;3;4;1;True
45898;4;9;5;True
45899;3;6;3;True
45900;6;12;6;True
45901;6;9;3;True
45902;4;12;8;True
45903;3;6;3;True
45904;4;9;5;True
45905;8;16;8;True
45906;3;4;1;True
45907;3;6;3;True
45908;2;4;2;True
45909;1;1;0;True
45910;6;12;6;True
45911;7;16;9;True
45912;4;6;2;True
45913;5;9;4;True
45914;7;16;9;True
45915;2;4;2;True
45916;4;9;5;True
45917;3;4;1;True
45918;3;6;3;True
45919;3;4;1;True
45920;2;4;2;True
45921;1;1;0;True
45922;2;2;0;True
45923;0;0;0;True
45924;3;4;1;True
45925;0;0;0;True
45926;3;6;3;True
45927;3;4;1;True
45928;5;12;7;True
45929;6;12;6;True
45930;4;12;8;True
45931;6;16;10;True
45932;0;0;0;True
45933;5;12;7;True
45934;0;0;0;True
45935;5;9;4;True
45936;7;12;5;True
45937;9;16;7;True
45938;2;2;0;True
45939;5;8;3;True
45940;3;4;1;True
45941;6;12;6;True
45942;4;6;2;True
45943;3;3;0;True
45944;4;9;5;True
45945;4;9;5;True
45946;8;16;8;True
45947;2;2;0;True
45948;3;6;3;True
45949;1;1;0;True
45950;3;4;1;True
45951;2;2;0;True
45952;5;6;1;True
45953;0;0;0;True
45954;8;16;8;True
45955;7;16;9;True
45956;6;12;6;True
45957;4;12;8;True
45958;6;12;6;True
45959;1;1;0;True
45960;1;1;0;True
45961;2;4;2;True
45962;3;6;3;True
45963;3;6;3;True
45964;2;4;2;True
45965;1;1;0;True
45966;4;6;2;True
45967;1;1;0;True
45968;4;6;2;True
45969;4;9;5;True
45970;7;16;9;True
45971;1;1;0;True
45972;5;12;7;True
45973;2;2;0;True
45974;7;16;9;True
45975;3;6;3;True
45976;1;1;0;True
45977;0;0;0;True
45978;3;9;6;True
45979;3;6;3;True
45980;2;2;0;True
45981;0;0;0;True
45982;3;6;3;True
45983;6;16;10;True
45984;0;0;0;True
45985;3;6;3;True
45986;1;1;0;True
45987;0;0;0;True
45988;0;0;0;True
45989;3;6;3;True
45990;11;16;5;True
45991;11;16;5;True
45992;7;16;9;True
45993;6;12;6;True
45994;1;1;0;True
45995;4;9;5;True
45996;1;1;0;True
45997;5;12;7;True
45998;3;9;6;True
45999;4;12;8;True
46000;1;1;0;True
46001;6;12;6;True
46002;4;12;8;True
46003;1;1;0;True
46004;0;0;0;True
46005;5;16;11;True
46006;2;2;0;True
46007;3;9;6;True
46008;5;12;7;True
46009;2;4;2;True
46010;4;6;2;True
46011;7;16;9;True
46012;4;9;5;True
46013;3;4;1;True
46014;6;12;6;True
46015;2;2;0;True
46016;4;9;5;True
46017;9;12;3;True
46018;6;12;6;True
46019;4;12;8;True
46020;5;9;4;True
46021;2;2;0;True
46022;1;1;0;True
46023;6;9;3;True
46024;1;1;0;True
46025;0;0;0;True
46026;7;12;5;True
46027;6;6;0;True
46028;1;1;0;True
46029;9;16;7;True
46030;10;16;6;True
46031;4;6;2;True
46032;2;4;2;True
46033;6;16;10;True
46034;5;9;4;True
46035;1;1;0;True
46036;1;1;0;True
46037;4;6;2;True
46038;8;16;8;True
46039;5;8;3;True
46040;1;1;0;True
46041;2;2;0;True
46042;4;9;5;True
46043;1;1;0;True
46044;4;9;5;True
46045;2;2;0;True
46046;7;16;9;True
46047;8;12;4;True
46048;1;1;0;True
46049;3;4;1;True
46050;5;12;7;True
46051;5;16;11;True
46052;2;4;2;True
46053;4;9;5;True
46054;2;4;2;True
46055;8;16;8;True
46056;0;0;0;True
46057;9;16;7;True
46058;2;4;2;True
46059;5;9;4;True
46060;4;12;8;True
46061;5;12;7;True
46062;4;6;2;True
46063;3;9;6;True
46064;1;1;0;True
46065;3;4;1;True
46066;3;6;3;True
46067;3;6;3;True
46068;9;12;3;True
46069;5;6;1;True
46070;2;2;0;True
46071;5;12;7;True
46072;7;16;9;True
46073;6;16;10;True
46074;8;16;8;True
46075;0;0;0;True
46076;1;1;0;True
46077;2;4;2;True
46078;1;1;0;True
46079;3;4;1;True
46080;3;6;3;True
46081;8;12;4;True
46082;2;4;2;True
46083;0;0;0;True
46084;3;6;3;True
46085;4;6;2;True
46086;0;0;0;True
46087;7;16;9;True
46088;4;6;2;True
46089;3;6;3;True
46090;7;16;9;True
46091;2;2;0;True
46092;8;16;8;True
46093;4;9;5;True
46094;4;6;2;True
46095;7;16;9;True
46096;3;6;3;True
46097;8;16;8;True
46098;2;2;0;True
46099;0;0;0;True
46100;3;6;3;True
46101;7;12;5;True
46102;5;9;4;True
46103;4;8;4;True
46104;1;1;0;True
46105;10;16;6;True
46106;3;6;3;True
46107;7;12;5;True
46108;6;16;10;True
46109;8;16;8;True
46110;2;4;2;True
46111;3;9;6;True
46112;4;12;8;True
46113;4;12;8;True
46114;0;0;0;True
46115;1;1;0;True
46116;2;2;0;True
46117;1;1;0;True
46118;5;12;7;True
46119;3;3;0;True
46120;2;2;0;True
46121;4;6;2;True
46122;4;9;5;True
46123;2;4;2;True
46124;6;12;6;True
46125;6;12;6;True
46126;0;0;0;True
46127;7;12;5;True
46128;5;12;7;True
46129;2;4;2;True
46130;1;1;0;True
46131;1;1;0;True
46132;6;12;6;True
46133;5;16;11;True
46134;7;16;9;True
46135;1;1;0;True
46136;4;9;5;True
46137;0;0;0;True
46138;5;12;7;True
46139;6;12;6;True
46140;2;4;2;True
46141;5;8;3;True
46142;7;16;9;True
46143;1;1;0;True
46144;0;0;0;True
46145;0;0;0;True
46146;4;6;2;True
46147;6;12;6;True
46148;0;0;0;True
46149;4;6;2;True
46150;4;6;2;True
46151;3;4;1;True
46152;5;12;7;True
46153;5;9;4;True
46154;4;4;0;True
46155;6;12;6;True
46156;4;9;5;True
46157;2;4;2;True
46158;1;1;0;True
46159;8;16;8;True
46160;3;6;3;True
46161;1;1;0;True
46162;0;0;0;True
46163;3;6;3;True
46164;3;9;6;True
46165;0;0;0;True
46166;0;0;0;True
46167;2;4;2;True
46168;3;6;3;True
46169;6;16;10;True
46170;9;16;7;True
46171;3;3;0;True
46172;3;6;3;True
46173;8;16;8;True
46174;5;12;7;True
46175;2;4;2;True
46176;1;1;0;True
46177;5;9;4;True
46178;3;6;3;True
46179;7;12;5;True
46180;9;12;3;True
46181;5;12;7;True
46182;1;1;0;True
46183;4;12;8;True
46184;8;12;4;True
46185;7;16;9;True
46186;9;12;3;True
46187;5;9;4;True
46188;2;2;0;True
46189;1;1;0;True
46190;2;2;0;True
46191;4;9;5;True
46192;3;4;1;True
46193;5;12;7;True
46194;6;16;10;True
46195;6;16;10;True
46196;4;9;5;True
46197;3;9;6;True
46198;1;1;0;True
46199;3;6;3;True
46200;1;1;0;True
46201;8;16;8;True
46202;6;9;3;True
46203;4;12;8;True
46204;3;3;0;True
46205;7;16;9;True
46206;2;4;2;True
46207;1;1;0;True
46208;7;16;9;True
46209;3;9;6;True
46210;3;4;1;True
46211;8;16;8;True
46212;4;12;8;True
46213;6;12;6;True
46214;3;6;3;True
46215;1;1;0;True
46216;5;12;7;True
46217;5;12;7;True
46218;3;6;3;True
46219;1;1;0;True
46220;4;6;2;True
46221;2;4;2;True
46222;4;8;4;True
46223;3;4;1;True
46224;0;0;0;True
46225;2;2;0;True
46226;2;4;2;True
46227;7;12;5;True
46228;3;6;3;True
46229;4;12;8;True
46230;6;12;6;True
46231;0;0;0;True
46232;5;12;7;True
46233;5;9;4;True
46234;4;12;8;True
46235;3;4;1;True
46236;6;9;3;True
46237;1;1;0;True
46238;5;16;11;True
46239;4;8;4;True
46240;7;16;9;True
46241;2;4;2;True
46242;6;12;6;True
46243;4;6;2;True
46244;0;0;0;True
46245;3;4;1;True
46246;4;9;5;True
46247;4;8;4;True
46248;2;4;2;True
46249;5;8;3;True
46250;5;12;7;True
46251;4;6;2;True
46252;5;8;3;True
46253;7;12;5;True
46254;2;4;2;True
46255;1;1;0;True
46256;6;16;10;True
46257;3;4;1;True
46258;3;6;3;True
46259;1;1;0;True
46260;9;16;7;True
46261;7;8;1;True
46262;2;4;2;True
46263;4;9;5;True
46264;3;6;3;True
46265;1;1;0;True
46266;5;9;4;True
46267;4;12;8;True
46268;3;6;3;True
46269;3;4;1;True
46270;7;12;5;True
46271;0;0;0;True
46272;2;4;2;True
46273;6;9;3;True
46274;5;12;7;True
46275;4;6;2;True
46276;7;12;5;True
46277;9;16;7;True
46278;8;16;8;True
46279;3;6;3;True
46280;4;6;2;True
46281;1;1;0;True
46282;1;1;0;True
46283;1;1;0;True
46284;6;16;10;True
46285;1;1;0;True
46286;6;12;6;True
46287;2;4;2;True
46288;8;16;8;True
46289;1;1;0;True
46290;7;9;2;True
46291;3;6;3;True
46292;1;1;0;True
46293;7;12;5;True
46294;3;6;3;True
46295;6;12;6;True
46296;1;1;0;True
46297;5;9;4;True
46298;5;9;4;True
46299;1;1;0;True
46300;2;4;2;True
46301;6;12;6;True
46302;7;16;9;True
46303;0;0;0;True
46304;3;9;6;True
46305;7;16;9;True
46306;1;1;0;True
46307;0;0;0;True
46308;3;9;6;True
46309;3;6;3;True
46310;5;12;7;True
46311;8;12;4;True
46312;3;6;3;True
46313;0;0;0;True
46314;3;3;0;True
46315;4;12;8;True
46316;5;12;7;True
46317;7;16;9;True
46318;6;12;6;True
46319;3;6;3;True
46320;4;6;2;True
46321;3;9;6;True
46322;5;12;7;True
46323;4;4;0;True
46324;3;4;1;True
46325;5;9;4;True
46326;0;0;0;True
46327;2;2;0;True
46328;9;16;7;True
46329;2;2;0;True
46330;5;6;1;True
46331;4;6;2;True
46332;5;9;4;True
46333;3;6;3;True
46334;5;12;7;True
46335;3;9;6;True
46336;3;6;3;True
46337;4;9;5;True
46338;0;0;0;True
46339;3;6;3;True
46340;3;6;3;True
46341;1;1;0;True
46342;3;4;1;True
46343;6;9;3;True
46344;2;4;2;True
46345;5;12;7;True
46346;5;9;4;True
46347;6;12;6;True
46348;5;12;7;True
46349;12;16;4;True
46350;6;16;10;True
46351;1;1;0;True
46352;1;1;0;True
46353;4;12;8;True
46354;2;4;2;True
46355;0;0;0;True
46356;4;9;5;True
46357;3;9;6;True
46358;4;16;12;True
46359;4;12;8;True
46360;2;4;2;True
46361;0;0;0;True
46362;1;1;0;True
46363;7;9;2;True
46364;0;0;0;True
46365;9;16;7;True
46366;0;0;0;True
46367;3;6;3;True
46368;8;12;4;True
46369;0;0;0;True
46370;3;4;1;True
46371;6;12;6;True
46372;5;12;7;True
46373;4;12;8;True
46374;7;16;9;True
46375;2;4;2;True
46376;8;12;4;True
46377;3;3;0;True
46378;4;9;5;True
46379;1;1;0;True
46380;2;2;0;True
46381;2;4;2;True
46382;5;12;7;True
46383;8;12;4;True
46384;0;0;0;True
46385;5;9;4;True
46386;9;16;7;True
46387;5;9;4;True
46388;6;9;3;True
46389;4;9;5;True
46390;1;1;0;True
46391;1;1;0;True
46392;2;4;2;True
46393;7;16;9;True
46394;4;9;5;True
46395;5;12;7;True
46396;8;16;8;True
46397;7;12;5;True
46398;3;3;0;True
46399;0;0;0;True
46400;2;2;0;True
46401;2;4;2;True
46402;1;1;0;True
46403;5;12;7;True
46404;2;4;2;True
46405;11;16;5;True
46406;5;9;4;True
46407;5;16;11;True
46408;4;9;5;True
46409;3;3;0;True
46410;6;12;6;True
46411;5;12;7;True
46412;4;6;2;True
46413;5;9;4;True
46414;8;16;8;True
46415;4;8;4;True
46416;7;16;9;True
46417;3;6;3;True
46418;6;12;6;True
46419;7;16;9;True
46420;2;2;0;True
46421;6;9;3;True
46422;9;16;7;True
46423;9;16;7;True
46424;4;6;2;True
46425;6;9;3;True
46426;3;4;1;True
46427;2;4;2;True
46428;3;4;1;True
46429;3;6;3;True
46430;2;4;2;True
46431;1;1;0;True
46432;4;9;5;True
46433;1;1;0;True
46434;2;2;0;True
46435;2;2;0;True
46436;10;16;6;True
46437;8;16;8;True
46438;3;4;1;True
46439;3;6;3;True
46440;5;8;3;True
46441;7;16;9;True
46442;6;16;10;True
46443;3;9;6;True
46444;6;12;6;True
46445;4;6;2;True
46446;3;6;3;True
46447;2;4;2;True
46448;2;2;0;True
46449;6;12;6;True
46450;3;9;6;True
46451;3;3;0;True
46452;1;1;0;True
46453;6;9;3;True
46454;4;6;2;True
46455;1;1;0;True
46456;6;12;6;True
46457;1;1;0;True
46458;2;2;0;True
46459;7;12;5;True
46460;6;16;10;True
46461;4;12;8;True
46462;1;1;0;True
46463;3;9;6;True
46464;3;9;6;True
46465;2;2;0;True
46466;3;9;6;True
46467;9;16;7;True
46468;1;1;0;True
46469;6;9;3;True
46470;1;1;0;True
46471;3;9;6;True
46472;2;4;2;True
46473;5;16;11;True
46474;4;8;4;True
46475;1;1;0;True
46476;4;6;2;True
46477;2;4;2;True
46478;9;16;7;True
46479;4;6;2;True
46480;0;0;0;True
46481;3;4;1;True
46482;2;4;2;True
46483;5;8;3;True
46484;5;9;4;True
46485;4;9;5;True
46486;4;6;2;True
46487;4;9;5;True
46488;6;16;10;True
46489;4;9;5;True
46490;5;9;4;True
46491;2;2;0;True
46492;4;9;5;True
46493;1;1;0;True
46494;7;16;9;True
46495;5;9;4;True
46496;2;2;0;True
46497;0;0;0;True
46498;3;6;3;True
46499;4;9;5;True
46500;1;1;0;True
46501;5;9;4;True
46502;3;9;6;True
46503;1;1;0;True
46504;0;0;0;True
46505;0;0;0;True
46506;4;9;5;True
46507;5;9;4;True
46508;7;16;9;True
46509;2;4;2;True
46510;1;1;0;True
46511;4;9;5;True
46512;6;12;6;True
46513;3;4;1;True
46514;7;16;9;True
46515;5;9;4;True
46516;4;9;5;True
46517;0;0;0;True
46518;1;1;0;True
46519;8;12;4;True
46520;2;4;2;True
46521;6;9;3;True
46522;1;1;0;True
46523;11;16;5;True
46524;1;1;0;True
46525;1;1;0;True
46526;0;0;0;True
46527;6;12;6;True
46528;1;1;0;True
46529;3;4;1;True
46530;6;12;6;True
46531;0;0;0;True
46532;4;6;2;True
46533;5;9;4;True
46534;3;6;3;True
46535;5;12;7;True
46536;5;8;3;True
46537;5;9;4;True
46538;4;9;5;True
46539;8;12;4;True
46540;1;1;0;True
46541;4;9;5;True
46542;5;12;7;True
46543;3;6;3;True
46544;9;12;3;True
46545;2;2;0;True
46546;3;4;1;True
46547;7;16;9;True
46548;1;1;0;True
46549;1;1;0;True
46550;5;12;7;True
46551;4;9;5;True
46552;2;2;0;True
46553;5;8;3;True
46554;0;0;0;True
46555;2;2;0;True
46556;4;9;5;True
46557;3;6;3;True
46558;7;12;5;True
46559;6;16;10;True
46560;1;1;0;True
46561;2;4;2;True
46562;1;1;0;True
46563;8;16;8;True
46564;5;8;3;True
46565;3;9;6;True
46566;4;6;2;True
46567;7;12;5;True
46568;0;0;0;True
46569;5;9;4;True
46570;4;4;0;True
46571;1;1;0;True
46572;5;9;4;True
46573;4;9;5;True
46574;7;16;9;True
46575;5;12;7;True
46576;3;9;6;True
46577;4;6;2;True
46578;1;1;0;True
46579;2;2;0;True
46580;6;12;6;True
46581;4;6;2;True
46582;5;12;7;True
46583;3;6;3;True
46584;4;12;8;True
46585;1;1;0;True
46586;5;9;4;True
46587;1;1;0;True
46588;4;12;8;True
46589;5;12;7;True
46590;3;9;6;True
46591;4;6;2;True
46592;3;6;3;True
46593;1;1;0;True
46594;2;4;2;True
46595;2;4;2;True
46596;1;1;0;True
46597;1;1;0;True
46598;5;12;7;True
46599;7;8;1;True
46600;5;12;7;True
46601;4;6;2;True
46602;4;9;5;True
46603;3;9;6;True
46604;2;2;0;True
46605;8;16;8;True
46606;5;12;7;True
46607;5;12;7;True
46608;4;6;2;True
46609;5;6;1;True
46610;3;6;3;True
46611;4;9;5;True
46612;3;6;3;True
46613;4;6;2;True
46614;1;1;0;True
46615;7;16;9;True
46616;2;4;2;True
46617;5;16;11;True
46618;0;0;0;True
46619;8;16;8;True
46620;2;4;2;True
46621;4;9;5;True
46622;4;8;4;True
46623;3;6;3;True
46624;4;6;2;True
46625;4;12;8;True
46626;2;4;2;True
46627;5;9;4;True
46628;6;12;6;True
46629;5;12;7;True
46630;4;6;2;True
46631;5;8;3;True
46632;3;6;3;True
46633;1;1;0;True
46634;2;4;2;True
46635;5;12;7;True
46636;4;6;2;True
46637;4;12;8;True
46638;6;12;6;True
46639;3;6;3;True
46640;3;4;1;True
46641;6;12;6;True
46642;3;4;1;True
46643;10;16;6;True
46644;6;16;10;True
46645;4;12;8;True
46646;4;8;4;True
46647;3;9;6;True
46648;7;16;9;True
46649;0;0;0;True
46650;0;0;0;True
46651;5;9;4;True
46652;4;9;5;True
46653;3;4;1;True
46654;6;12;6;True
46655;1;1;0;True
46656;3;6;3;True
46657;3;6;3;True
46658;5;9;4;True
46659;0;0;0;True
46660;4;12;8;True
46661;8;12;4;True
46662;3;9;6;True
46663;9;16;7;True
46664;0;0;0;True
46665;4;9;5;True
46666;4;4;0;True
46667;0;0;0;True
46668;9;16;7;True
46669;2;2;0;True
46670;0;0;0;True
46671;3;4;1;True
46672;3;6;3;True
46673;3;6;3;True
46674;2;2;0;True
46675;6;12;6;True
46676;0;0;0;True
46677;4;9;5;True
46678;2;4;2;True
46679;8;12;4;True
46680;3;6;3;True
46681;4;6;2;True
46682;1;1;0;True
46683;8;16;8;True
46684;3;6;3;True
46685;3;4;1;True
46686;1;1;0;True
46687;2;4;2;True
46688;4;16;12;True
46689;1;1;0;True
46690;0;0;0;True
46691;3;6;3;True
46692;4;6;2;True
46693;6;9;3;True
46694;6;16;10;True
46695;6;16;10;True
46696;0;0;0;True
46697;9;16;7;True
46698;4;9;5;True
46699;1;1;0;True
46700;6;12;6;True
46701;6;12;6;True
46702;4;12;8;True
46703;1;1;0;True
46704;2;2;0;True
46705;2;4;2;True
46706;7;16;9;True
46707;3;6;3;True
46708;4;9;5;True
46709;4;9;5;True
46710;2;2;0;True
46711;9;16;7;True
46712;3;6;3;True
46713;1;1;0;True
46714;3;4;1;True
46715;3;4;1;True
46716;1;1;0;True
46717;0;0;0;True
46718;4;9;5;True
46719;3;4;1;True
46720;2;2;0;True
46721;5;9;4;True
46722;8;16;8;True
46723;5;12;7;True
46724;4;9;5;True
46725;0;0;0;True
46726;7;16;9;True
46727;1;1;0;True
46728;5;8;3;True
46729;3;6;3;True
46730;6;16;10;True
46731;11;16;5;True
46732;4;6;2;True
46733;7;12;5;True
46734;2;2;0;True
46735;7;16;9;True
46736;3;9;6;True
46737;5;12;7;True
46738;3;6;3;True
46739;5;9;4;True
46740;1;1;0;True
46741;7;16;9;True
46742;4;9;5;True
46743;1;1;0;True
46744;1;1;0;True
46745;2;2;0;True
46746;8;16;8;True
46747;7;16;9;True
46748;1;1;0;True
46749;4;9;5;True
46750;3;4;1;True
46751;6;9;3;True
46752;1;1;0;True
46753;2;4;2;True
46754;6;12;6;True
46755;3;9;6;True
46756;4;9;5;True
46757;8;16;8;True
46758;5;9;4;True
46759;6;12;6;True
46760;5;16;11;True
46761;5;6;1;True
46762;3;9;6;True
46763;5;12;7;True
46764;7;16;9;True
46765;5;16;11;True
46766;1;1;0;True
46767;4;12;8;True
46768;1;1;0;True
46769;1;1;0;True
46770;4;6;2;True
46771;3;4;1;True
46772;1;1;0;True
46773;5;9;4;True
46774;4;9;5;True
46775;2;4;2;True
46776;5;8;3;True
46777;4;9;5;True
46778;1;1;0;True
46779;3;6;3;True
46780;3;6;3;True
46781;6;12;6;True
46782;3;6;3;True
46783;3;9;6;True
46784;2;4;2;True
46785;0;0;0;True
46786;3;4;1;True
46787;0;0;0;True
46788;4;9;5;True
46789;4;4;0;True
46790;9;16;7;True
46791;2;4;2;True
46792;2;2;0;True
46793;2;4;2;True
46794;3;6;3;True
46795;0;0;0;True
46796;5;12;7;True
46797;3;6;3;True
46798;4;9;5;True
46799;1;1;0;True
46800;3;6;3;True
46801;6;12;6;True
46802;2;4;2;True
46803;4;9;5;True
46804;2;4;2;True
46805;2;2;0;True
46806;2;2;0;True
46807;6;16;10;True
46808;3;9;6;True
46809;9;16;7;True
46810;6;16;10;True
46811;4;9;5;True
46812;7;12;5;True
46813;1;1;0;True
46814;5;12;7;True
46815;0;0;0;True
46816;5;8;3;True
46817;8;16;8;True
46818;3;6;3;True
46819;7;16;9;True
46820;5;16;11;True
46821;3;4;1;True
46822;2;4;2;True
46823;5;12;7;True
46824;4;6;2;True
46825;1;1;0;True
46826;5;8;3;True
46827;3;6;3;True
46828;5;12;7;True
46829;5;16;11;True
46830;3;4;1;True
46831;8;16;8;True
46832;8;16;8;True
46833;5;6;1;True
46834;10;16;6;True
46835;4;9;5;True
46836;0;0;0;True
46837;6;16;10;True
46838;6;12;6;True
46839;1;1;0;True
46840;9;16;7;True
46841;4;9;5;True
46842;0;0;0;True
46843;6;9;3;True
46844;4;6;2;True
46845;2;4;2;True
46846;6;16;10;True
46847;8;16;8;True
46848;0;0;0;True
46849;7;16;9;True
46850;2;2;0;True
46851;4;6;2;True
46852;0;0;0;True
46853;3;4;1;True
46854;5;8;3;True
46855;1;1;0;True
46856;1;1;0;True
46857;0;0;0;True
46858;3;4;1;True
46859;3;4;1;True
46860;1;1;0;True
46861;6;12;6;True
46862;6;12;6;True
46863;1;1;0;True
46864;5;9;4;True
46865;3;6;3;True
46866;4;9;5;True
46867;3;6;3;True
46868;3;9;6;True
46869;9;16;7;True
46870;4;6;2;True
46871;2;2;0;True
46872;2;2;0;True
46873;6;16;10;True
46874;2;4;2;True
46875;4;9;5;True
46876;2;4;2;True
46877;0;0;0;True
46878;4;6;2;True
46879;6;12;6;True
46880;2;2;0;True
46881;0;0;0;True
46882;7;12;5;True
46883;2;2;0;True
46884;0;0;0;True
46885;6;9;3;True
46886;7;16;9;True
46887;5;12;7;True
46888;3;4;1;True
46889;4;9;5;True
46890;2;4;2;True
46891;1;1;0;True
46892;6;12;6;True
46893;2;2;0;True
46894;6;12;6;True
46895;4;6;2;True
46896;2;2;0;True
46897;3;9;6;True
46898;6;16;10;True
46899;6;16;10;True
46900;2;2;0;True
46901;4;6;2;True
46902;5;16;11;True
46903;5;9;4;True
46904;4;9;5;True
46905;4;9;5;True
46906;2;2;0;True
46907;4;9;5;True
46908;2;4;2;True
46909;4;16;12;True
46910;3;3;0;True
46911;2;4;2;True
46912;1;1;0;True
46913;2;4;2;True
46914;3;9;6;True
46915;3;4;1;True
46916;1;1;0;True
46917;8;16;8;True
46918;6;8;2;True
46919;2;2;0;True
46920;5;12;7;True
46921;3;9;6;True
46922;4;6;2;True
46923;4;6;2;True
46924;1;1;0;True
46925;4;9;5;True
46926;4;9;5;True
46927;0;0;0;True
46928;2;4;2;True
46929;3;6;3;True
46930;5;12;7;True
46931;1;1;0;True
46932;4;12;8;True
46933;4;8;4;True
46934;6;16;10;True
46935;4;9;5;True
46936;3;4;1;True
46937;4;9;5;True
46938;2;4;2;True
46939;4;6;2;True
46940;1;1;0;True
46941;1;1;0;True
46942;6;9;3;True
46943;2;4;2;True
46944;2;2;0;True
46945;3;6;3;True
46946;7;16;9;True
46947;4;6;2;True
46948;3;4;1;True
46949;5;9;4;True
46950;4;6;2;True
46951;3;6;3;True
46952;3;6;3;True
46953;2;4;2;True
46954;7;12;5;True
46955;3;9;6;True
46956;1;1;0;True
46957;1;1;0;True
46958;1;1;0;True
46959;8;16;8;True
46960;8;16;8;True
46961;8;12;4;True
46962;2;2;0;True
46963;1;1;0;True
46964;6;9;3;True
46965;2;4;2;True
46966;8;16;8;True
46967;4;6;2;True
46968;3;6;3;True
46969;5;12;7;True
46970;6;9;3;True
46971;5;16;11;True
46972;1;1;0;True
46973;8;16;8;True
46974;2;2;0;True
46975;4;9;5;True
46976;3;9;6;True
46977;2;4;2;True
46978;0;0;0;True
46979;2;2;0;True
46980;4;9;5;True
46981;5;16;11;True
46982;4;8;4;True
46983;4;6;2;True
46984;2;2;0;True
46985;8;16;8;True
46986;7;16;9;True
46987;4;6;2;True
46988;6;12;6;True
46989;2;4;2;True
46990;7;12;5;True
46991;3;9;6;True
46992;4;9;5;True
46993;4;9;5;True
46994;4;9;5;True
46995;3;9;6;True
46996;5;9;4;True
46997;3;4;1;True
46998;3;3;0;True
46999;0;0;0;True
47000;3;6;3;True
47001;2;4;2;True
47002;5;12;7;True
47003;3;6;3;True
47004;6;16;10;True
47005;5;9;4;True
47006;2;4;2;True
47007;4;12;8;True
47008;3;6;3;True
47009;5;16;11;True
47010;1;1;0;True
47011;2;4;2;True
47012;6;12;6;True
47013;5;9;4;True
47014;1;1;0;True
47015;3;6;3;True
47016;2;4;2;True
47017;2;4;2;True
47018;4;9;5;True
47019;5;12;7;True
47020;6;8;2;True
47021;4;9;5;True
47022;1;1;0;True
47023;9;16;7;True
47024;4;6;2;True
47025;1;1;0;True
47026;4;9;5;True
47027;3;6;3;True
47028;6;12;6;True
47029;6;16;10;True
47030;0;0;0;True
47031;1;1;0;True
47032;4;6;2;True
47033;8;12;4;True
47034;6;12;6;True
47035;1;1;0;True
47036;1;1;0;True
47037;3;3;0;True
47038;4;6;2;True
47039;2;2;0;True
47040;2;2;0;True
47041;0;0;0;True
47042;3;4;1;True
47043;6;12;6;True
47044;4;9;5;True
47045;1;1;0;True
47046;7;16;9;True
47047;1;1;0;True
47048;3;6;3;True
47049;8;16;8;True
47050;4;9;5;True
47051;2;2;0;True
47052;3;9;6;True
47053;6;9;3;True
47054;3;3;0;True
47055;6;12;6;True
47056;1;1;0;True
47057;6;9;3;True
47058;4;6;2;True
47059;6;12;6;True
47060;1;1;0;True
47061;3;3;0;True
47062;2;4;2;True
47063;5;12;7;True
47064;4;4;0;True
47065;4;9;5;True
47066;11;16;5;True
47067;4;6;2;True
47068;5;12;7;True
47069;7;12;5;True
47070;5;12;7;True
47071;1;1;0;True
47072;2;2;0;True
47073;6;12;6;True
47074;3;6;3;True
47075;5;9;4;True
47076;1;1;0;True
47077;6;16;10;True
47078;3;6;3;True
47079;5;9;4;True
47080;5;12;7;True
47081;5;12;7;True
47082;4;9;5;True
47083;9;16;7;True
47084;7;12;5;True
47085;1;1;0;True
47086;4;9;5;True
47087;3;4;1;True
47088;5;9;4;True
47089;1;1;0;True
47090;3;3;0;True
47091;4;9;5;True
47092;3;6;3;True
47093;1;1;0;True
47094;4;9;5;True
47095;3;9;6;True
47096;3;6;3;True
47097;1;1;0;True
47098;4;9;5;True
47099;5;6;1;True
47100;3;4;1;True
47101;6;12;6;True
47102;4;9;5;True
47103;3;6;3;True
47104;3;6;3;True
47105;2;4;2;True
47106;1;1;0;True
47107;6;9;3;True
47108;2;2;0;True
47109;2;4;2;True
47110;0;0;0;True
47111;0;0;0;True
47112;6;12;6;True
47113;2;2;0;True
47114;7;16;9;True
47115;5;8;3;True
47116;3;6;3;True
47117;7;16;9;True
47118;5;12;7;True
47119;4;6;2;True
47120;5;12;7;True
47121;1;1;0;True
47122;3;6;3;True
47123;8;16;8;True
47124;2;4;2;True
47125;9;16;7;True
47126;4;6;2;True
47127;3;6;3;True
47128;7;12;5;True
47129;4;9;5;True
47130;2;4;2;True
47131;4;9;5;True
47132;8;12;4;True
47133;4;8;4;True
47134;6;16;10;True
47135;7;16;9;True
47136;3;6;3;True
47137;7;12;5;True
47138;4;9;5;True
47139;6;12;6;True
47140;3;4;1;True
47141;3;4;1;True
47142;2;2;0;True
47143;2;4;2;True
47144;1;1;0;True
47145;8;12;4;True
47146;0;0;0;True
47147;8;16;8;True
47148;7;12;5;True
47149;3;6;3;True
47150;4;9;5;True
47151;6;9;3;True
47152;2;2;0;True
47153;0;0;0;True
47154;4;9;5;True
47155;2;4;2;True
47156;3;6;3;True
47157;3;6;3;True
47158;5;12;7;True
47159;5;9;4;True
47160;3;6;3;True
47161;0;0;0;True
47162;2;2;0;True
47163;6;12;6;True
47164;5;9;4;True
47165;3;4;1;True
47166;1;1;0;True
47167;4;6;2;True
47168;8;16;8;True
47169;6;8;2;True
47170;4;6;2;True
47171;6;12;6;True
47172;1;1;0;True
47173;5;16;11;True
47174;2;4;2;True
47175;1;1;0;True
47176;8;12;4;True
47177;6;12;6;True
47178;6;12;6;True
47179;6;9;3;True
47180;3;9;6;True
47181;6;16;10;True
47182;13;16;3;True
47183;7;12;5;True
47184;0;0;0;True
47185;1;1;0;True
47186;5;12;7;True
47187;8;16;8;True
47188;4;6;2;True
47189;2;4;2;True
47190;4;9;5;True
47191;3;6;3;True
47192;0;0;0;True
47193;5;12;7;True
47194;0;0;0;True
47195;0;0;0;True
47196;4;8;4;True
47197;2;2;0;True
47198;7;12;5;True
47199;1;1;0;True
47200;4;9;5;True
47201;11;16;5;True
47202;1;1;0;True
47203;2;4;2;True
47204;9;16;7;True
47205;6;16;10;True
47206;5;12;7;True
47207;6;12;6;True
47208;6;12;6;True
47209;4;6;2;True
47210;6;9;3;True
47211;5;12;7;True
47212;3;9;6;True
47213;1;1;0;True
47214;8;16;8;True
47215;3;9;6;True
47216;5;12;7;True
47217;3;4;1;True
47218;3;4;1;True
47219;0;0;0;True
47220;5;6;1;True
47221;6;9;3;True
47222;3;6;3;True
47223;2;4;2;True
47224;4;9;5;True
47225;4;6;2;True
47226;8;16;8;True
47227;9;16;7;True
47228;8;12;4;True
47229;11;16;5;True
47230;0;0;0;True
47231;3;6;3;True
47232;3;6;3;True
47233;4;12;8;True
47234;2;2;0;True
47235;2;4;2;True
47236;3;6;3;True
47237;5;12;7;True
47238;6;12;6;True
47239;7;9;2;True
47240;2;2;0;True
47241;3;6;3;True
47242;7;16;9;True
47243;1;1;0;True
47244;3;4;1;True
47245;3;6;3;True
47246;9;16;7;True
47247;1;1;0;True
47248;3;6;3;True
47249;6;16;10;True
47250;4;8;4;True
47251;4;12;8;True
47252;2;4;2;True
47253;4;9;5;True
47254;6;12;6;True
47255;7;12;5;True
47256;4;12;8;True
47257;8;16;8;True
47258;3;6;3;True
47259;5;8;3;True
47260;4;12;8;True
47261;2;4;2;True
47262;3;4;1;True
47263;3;9;6;True
47264;2;4;2;True
47265;4;9;5;True
47266;4;12;8;True
47267;4;6;2;True
47268;11;16;5;True
47269;8;12;4;True
47270;2;2;0;True
47271;0;0;0;True
47272;4;4;0;True
47273;0;0;0;True
47274;1;1;0;True
47275;6;12;6;True
47276;0;0;0;True
47277;4;9;5;True
47278;6;12;6;True
47279;3;6;3;True
47280;1;1;0;True
47281;6;12;6;True
47282;3;4;1;True
47283;1;1;0;True
47284;6;12;6;True
47285;2;2;0;True
47286;3;9;6;True
47287;1;1;0;True
47288;5;9;4;True
47289;3;6;3;True
47290;1;1;0;True
47291;1;1;0;True
47292;5;12;7;True
47293;4;6;2;True
47294;0;0;0;True
47295;0;0;0;True
47296;4;12;8;True
47297;1;1;0;True
47298;2;4;2;True
47299;4;9;5;True
47300;2;2;0;True
47301;2;4;2;True
47302;6;9;3;True
47303;2;2;0;True
47304;8;16;8;True
47305;4;9;5;True
47306;7;16;9;True
47307;5;9;4;True
47308;4;6;2;True
47309;7;16;9;True
47310;7;12;5;True
47311;4;9;5;True
47312;3;6;3;True
47313;2;2;0;True
47314;4;9;5;True
47315;3;6;3;True
47316;8;16;8;True
47317;0;0;0;True
47318;2;4;2;True
47319;2;2;0;True
47320;3;9;6;True
47321;6;12;6;True
47322;6;12;6;True
47323;8;16;8;True
47324;6;8;2;True
47325;7;12;5;True
47326;5;9;4;True
47327;5;12;7;True
47328;6;12;6;True
47329;3;9;6;True
47330;4;6;2;True
47331;2;4;2;True
47332;5;9;4;True
47333;7;16;9;True
47334;4;12;8;True
47335;3;6;3;True
47336;4;12;8;True
47337;5;9;4;True
47338;7;12;5;True
47339;1;1;0;True
47340;5;16;11;True
47341;3;4;1;True
47342;5;8;3;True
47343;5;12;7;True
47344;3;4;1;True
47345;3;6;3;True
47346;4;6;2;True
47347;6;12;6;True
47348;0;0;0;True
47349;7;16;9;True
47350;1;1;0;True
47351;7;12;5;True
47352;0;0;0;True
47353;1;1;0;True
47354;1;1;0;True
47355;0;0;0;True
47356;0;0;0;True
47357;0;0;0;True
47358;4;6;2;True
47359;0;0;0;True
47360;9;16;7;True
47361;5;8;3;True
47362;4;9;5;True
47363;1;1;0;True
47364;5;12;7;True
47365;6;12;6;True
47366;1;1;0;True
47367;5;12;7;True
47368;7;9;2;True
47369;5;12;7;True
47370;1;1;0;True
47371;2;4;2;True
47372;4;12;8;True
47373;0;0;0;True
47374;8;16;8;True
47375;5;9;4;True
47376;3;6;3;True
47377;7;12;5;True
47378;3;9;6;True
47379;3;6;3;True
47380;0;0;0;True
47381;8;12;4;True
47382;5;12;7;True
47383;7;12;5;True
47384;2;2;0;True
47385;1;1;0;True
47386;2;4;2;True
47387;4;9;5;True
47388;0;0;0;True
47389;3;9;6;True
47390;5;12;7;True
47391;4;12;8;True
47392;5;16;11;True
47393;0;0;0;True
47394;5;12;7;True
47395;4;6;2;True
47396;1;1;0;True
47397;7;12;5;True
47398;4;6;2;True
47399;6;9;3;True
47400;2;4;2;True
47401;2;2;0;True
47402;6;12;6;True
47403;4;6;2;True
47404;4;6;2;True
47405;5;6;1;True
47406;5;9;4;True
47407;4;9;5;True
47408;7;16;9;True
47409;4;9;5;True
47410;4;8;4;True
47411;4;12;8;True
47412;3;9;6;True
47413;1;1;0;True
47414;4;12;8;True
47415;2;2;0;True
47416;2;2;0;True
47417;2;4;2;True
47418;1;1;0;True
47419;10;16;6;True
47420;3;6;3;True
47421;4;12;8;True
47422;4;9;5;True
47423;1;1;0;True
47424;8;16;8;True
47425;7;12;5;True
47426;4;4;0;True
47427;4;4;0;True
47428;6;12;6;True
47429;7;12;5;True
47430;5;9;4;True
47431;2;4;2;True
47432;2;2;0;True
47433;4;6;2;True
47434;3;6;3;True
47435;2;4;2;True
47436;0;0;0;True
47437;2;4;2;True
47438;7;12;5;True
47439;3;9;6;True
47440;1;1;0;True
47441;3;9;6;True
47442;2;4;2;True
47443;1;1;0;True
47444;9;16;7;True
47445;4;6;2;True
47446;2;2;0;True
47447;4;9;5;True
47448;4;12;8;True
47449;3;6;3;True
47450;4;6;2;True
47451;9;12;3;True
47452;7;16;9;True
47453;1;1;0;True
47454;5;12;7;True
47455;3;6;3;True
47456;3;9;6;True
47457;3;9;6;True
47458;2;4;2;True
47459;6;12;6;True
47460;5;12;7;True
47461;1;1;0;True
47462;3;6;3;True
47463;8;12;4;True
47464;5;12;7;True
47465;3;6;3;True
47466;4;12;8;True
47467;1;1;0;True
47468;2;4;2;True
47469;9;16;7;True
47470;2;2;0;True
47471;1;1;0;True
47472;4;6;2;True
47473;3;6;3;True
47474;2;4;2;True
47475;3;6;3;True
47476;8;16;8;True
47477;1;1;0;True
47478;4;6;2;True
47479;4;6;2;True
47480;7;9;2;True
47481;1;1;0;True
47482;1;1;0;True
47483;6;12;6;True
47484;3;6;3;True
47485;1;1;0;True
47486;5;9;4;True
47487;3;6;3;True
47488;0;0;0;True
47489;2;2;0;True
47490;2;2;0;True
47491;5;16;11;True
47492;1;1;0;True
47493;1;1;0;True
47494;7;16;9;True
47495;3;6;3;True
47496;2;2;0;True
47497;1;1;0;True
47498;6;12;6;True
47499;3;4;1;True
47500;5;12;7;True
47501;2;2;0;True
47502;5;9;4;True
47503;3;6;3;True
47504;2;2;0;True
47505;3;6;3;True
47506;1;1;0;True
47507;8;16;8;True
47508;3;4;1;True
47509;3;4;1;True
47510;1;1;0;True
47511;4;6;2;True
47512;1;1;0;True
47513;3;4;1;True
47514;2;2;0;True
47515;7;12;5;True
47516;5;12;7;True
47517;4;9;5;True
47518;5;8;3;True
47519;1;1;0;True
47520;1;1;0;True
47521;1;1;0;True
47522;3;4;1;True
47523;4;9;5;True
47524;6;16;10;True
47525;6;12;6;True
47526;5;12;7;True
47527;3;4;1;True
47528;2;2;0;True
47529;2;4;2;True
47530;2;4;2;True
47531;1;1;0;True
47532;4;6;2;True
47533;2;4;2;True
47534;5;12;7;True
47535;8;16;8;True
47536;1;1;0;True
47537;2;2;0;True
47538;1;1;0;True
47539;6;16;10;True
47540;6;12;6;True
47541;3;6;3;True
47542;5;12;7;True
47543;3;6;3;True
47544;4;9;5;True
47545;2;4;2;True
47546;6;12;6;True
47547;2;4;2;True
47548;6;12;6;True
47549;8;12;4;True
47550;5;9;4;True
47551;0;0;0;True
47552;6;12;6;True
47553;0;0;0;True
47554;0;0;0;True
47555;2;4;2;True
47556;3;6;3;True
47557;9;16;7;True
47558;7;16;9;True
47559;6;8;2;True
47560;2;2;0;True
47561;0;0;0;True
47562;6;12;6;True
47563;2;4;2;True
47564;4;8;4;True
47565;3;4;1;True
47566;1;1;0;True
47567;2;2;0;True
47568;10;16;6;True
47569;0;0;0;True
47570;2;4;2;True
47571;3;6;3;True
47572;3;4;1;True
47573;7;9;2;True
47574;0;0;0;True
47575;7;16;9;True
47576;0;0;0;True
47577;3;4;1;True
47578;3;6;3;True
47579;5;12;7;True
47580;6;12;6;True
47581;5;12;7;True
47582;7;16;9;True
47583;4;9;5;True
47584;7;12;5;True
47585;6;12;6;True
47586;2;4;2;True
47587;2;2;0;True
47588;5;12;7;True
47589;2;4;2;True
47590;4;6;2;True
47591;8;12;4;True
47592;2;2;0;True
47593;0;0;0;True
47594;4;6;2;True
47595;6;16;10;True
47596;1;1;0;True
47597;3;6;3;True
47598;3;6;3;True
47599;3;6;3;True
47600;4;12;8;True
47601;8;12;4;True
47602;6;12;6;True
47603;4;9;5;True
47604;6;16;10;True
47605;3;6;3;True
47606;9;16;7;True
47607;3;6;3;True
47608;3;4;1;True
47609;5;12;7;True
47610;1;1;0;True
47611;0;0;0;True
47612;5;12;7;True
47613;1;1;0;True
47614;1;1;0;True
47615;2;4;2;True
47616;3;6;3;True
47617;4;6;2;True
47618;5;12;7;True
47619;12;16;4;True
47620;5;12;7;True
47621;4;12;8;True
47622;2;2;0;True
47623;5;12;7;True
47624;0;0;0;True
47625;4;8;4;True
47626;7;16;9;True
47627;1;1;0;True
47628;6;12;6;True
47629;3;4;1;True
47630;1;1;0;True
47631;3;4;1;True
47632;8;16;8;True
47633;7;9;2;True
47634;5;9;4;True
47635;0;0;0;True
47636;3;4;1;True
47637;2;4;2;True
47638;2;2;0;True
47639;4;9;5;True
47640;5;12;7;True
47641;6;9;3;True
47642;2;4;2;True
47643;2;4;2;True
47644;5;9;4;True
47645;9;16;7;True
47646;2;4;2;True
47647;5;12;7;True
47648;2;2;0;True
47649;3;6;3;True
47650;1;1;0;True
47651;4;9;5;True
47652;6;12;6;True
47653;6;16;10;True
47654;3;3;0;True
47655;2;4;2;True
47656;7;12;5;True
47657;5;9;4;True
47658;7;16;9;True
47659;6;9;3;True
47660;0;0;0;True
47661;4;8;4;True
47662;6;16;10;True
47663;3;9;6;True
47664;0;0;0;True
47665;6;12;6;True
47666;9;16;7;True
47667;5;8;3;True
47668;5;9;4;True
47669;5;12;7;True
47670;0;0;0;True
47671;3;6;3;True
47672;1;1;0;True
47673;3;6;3;True
47674;1;1;0;True
47675;0;0;0;True
47676;9;16;7;True
47677;0;0;0;True
47678;2;4;2;True
47679;3;4;1;True
47680;2;4;2;True
47681;8;16;8;True
47682;3;6;3;True
47683;4;6;2;True
47684;1;1;0;True
47685;6;9;3;True
47686;2;4;2;True
47687;4;6;2;True
47688;1;1;0;True
47689;2;4;2;True
47690;4;9;5;True
47691;5;12;7;True
47692;3;6;3;True
47693;5;12;7;True
47694;2;4;2;True
47695;3;6;3;True
47696;2;4;2;True
47697;2;2;0;True
47698;1;1;0;True
47699;3;3;0;True
47700;4;6;2;True
47701;5;12;7;True
47702;1;1;0;True
47703;5;12;7;True
47704;5;16;11;True
47705;9;16;7;True
47706;0;0;0;True
47707;6;12;6;True
47708;5;9;4;True
47709;2;4;2;True
47710;1;1;0;True
47711;2;2;0;True
47712;2;4;2;True
47713;3;9;6;True
47714;2;4;2;True
47715;7;16;9;True
47716;9;16;7;True
47717;6;12;6;True
47718;3;4;1;True
47719;1;1;0;True
47720;3;4;1;True
47721;3;6;3;True
47722;6;12;6;True
47723;0;0;0;True
47724;4;9;5;True
47725;2;4;2;True
47726;1;1;0;True
47727;3;4;1;True
47728;0;0;0;True
47729;6;12;6;True
47730;4;9;5;True
47731;6;12;6;True
47732;7;9;2;True
47733;4;9;5;True
47734;6;9;3;True
47735;1;1;0;True
47736;1;1;0;True
47737;2;4;2;True
47738;3;6;3;True
47739;2;2;0;True
47740;0;0;0;True
47741;5;9;4;True
47742;4;9;5;True
47743;6;12;6;True
47744;4;6;2;True
47745;5;12;7;True
47746;0;0;0;True
47747;5;12;7;True
47748;7;12;5;True
47749;3;6;3;True
47750;4;8;4;True
47751;3;4;1;True
47752;9;12;3;True
47753;5;9;4;True
47754;4;16;12;True
47755;1;1;0;True
47756;4;12;8;True
47757;6;12;6;True
47758;6;12;6;True
47759;1;1;0;True
47760;2;4;2;True
47761;2;4;2;True
47762;7;12;5;True
47763;2;4;2;True
47764;4;9;5;True
47765;5;8;3;True
47766;3;6;3;True
47767;2;4;2;True
47768;3;9;6;True
47769;5;12;7;True
47770;1;1;0;True
47771;3;4;1;True
47772;4;6;2;True
47773;3;6;3;True
47774;2;4;2;True
47775;6;12;6;True
47776;1;1;0;True
47777;1;1;0;True
47778;0;0;0;True
47779;6;16;10;True
47780;5;12;7;True
47781;1;1;0;True
47782;1;1;0;True
47783;4;6;2;True
47784;2;4;2;True
47785;5;9;4;True
47786;3;6;3;True
47787;0;0;0;True
47788;4;12;8;True
47789;7;12;5;True
47790;4;9;5;True
47791;7;12;5;True
47792;3;6;3;True
47793;4;6;2;True
47794;6;12;6;True
47795;3;6;3;True
47796;1;1;0;True
47797;2;4;2;True
47798;8;16;8;True
47799;3;6;3;True
47800;4;9;5;True
47801;5;12;7;True
47802;0;0;0;True
47803;5;9;4;True
47804;1;1;0;True
47805;0;0;0;True
47806;4;12;8;True
47807;2;4;2;True
47808;2;4;2;True
47809;6;16;10;True
47810;10;16;6;True
47811;3;6;3;True
47812;5;6;1;True
47813;2;4;2;True
47814;2;2;0;True
47815;7;16;9;True
47816;6;12;6;True
47817;8;12;4;True
47818;5;12;7;True
47819;4;9;5;True
47820;4;9;5;True
47821;3;4;1;True
47822;1;1;0;True
47823;3;6;3;True
47824;8;16;8;True
47825;9;16;7;True
47826;1;1;0;True
47827;2;2;0;True
47828;3;4;1;True
47829;3;4;1;True
47830;5;12;7;True
47831;4;6;2;True
47832;1;1;0;True
47833;4;12;8;True
47834;2;4;2;True
47835;2;2;0;True
47836;6;16;10;True
47837;1;1;0;True
47838;0;0;0;True
47839;5;9;4;True
47840;2;4;2;True
47841;4;6;2;True
47842;3;6;3;True
47843;5;9;4;True
47844;3;3;0;True
47845;2;4;2;True
47846;6;16;10;True
47847;3;6;3;True
47848;7;16;9;True
47849;1;1;0;True
47850;2;4;2;True
47851;8;16;8;True
47852;10;16;6;True
47853;1;1;0;True
47854;6;12;6;True
47855;2;2;0;True
47856;3;9;6;True
47857;6;16;10;True
47858;1;1;0;True
47859;1;1;0;True
47860;3;6;3;True
47861;5;9;4;True
47862;5;12;7;True
47863;1;1;0;True
47864;10;16;6;True
47865;7;9;2;True
47866;7;16;9;True
47867;3;4;1;True
47868;1;1;0;True
47869;1;1;0;True
47870;5;8;3;True
47871;7;16;9;True
47872;9;16;7;True
47873;3;4;1;True
47874;5;16;11;True
47875;4;6;2;True
47876;5;12;7;True
47877;5;12;7;True
47878;5;9;4;True
47879;8;16;8;True
47880;6;16;10;True
47881;2;2;0;True
47882;3;6;3;True
47883;3;4;1;True
47884;11;16;5;True
47885;4;9;5;True
47886;4;9;5;True
47887;2;2;0;True
47888;8;16;8;True
47889;1;1;0;True
47890;4;9;5;True
47891;5;12;7;True
47892;7;12;5;True
47893;3;4;1;True
47894;3;6;3;True
47895;4;9;5;True
47896;1;1;0;True
47897;3;9;6;True
47898;3;6;3;True
47899;5;12;7;True
47900;2;4;2;True
47901;5;9;4;True
47902;7;16;9;True
47903;2;2;0;True
47904;4;9;5;True
47905;4;9;5;True
47906;2;4;2;True
47907;1;1;0;True
47908;0;0;0;True
47909;10;16;6;True
47910;5;9;4;True
47911;6;9;3;True
47912;4;6;2;True
47913;6;16;10;True
47914;5;12;7;True
47915;4;9;5;True
47916;4;6;2;True
47917;3;9;6;True
47918;3;6;3;True
47919;6;12;6;True
47920;6;9;3;True
47921;4;8;4;True
47922;5;16;11;True
47923;6;12;6;True
47924;3;9;6;True
47925;5;16;11;True
47926;3;9;6;True
47927;2;2;0;True
47928;3;6;3;True
47929;4;9;5;True
47930;8;12;4;True
47931;3;6;3;True
47932;6;12;6;True
47933;1;1;0;True
47934;6;9;3;True
47935;0;0;0;True
47936;3;9;6;True
47937;2;2;0;True
47938;0;0;0;True
47939;3;6;3;True
47940;1;1;0;True
47941;0;0;0;True
47942;5;9;4;True
47943;5;8;3;True
47944;3;6;3;True
47945;5;9;4;True
47946;2;4;2;True
47947;6;12;6;True
47948;3;9;6;True
47949;4;12;8;True
47950;2;4;2;True
47951;4;6;2;True
47952;1;1;0;True
47953;2;4;2;True
47954;4;8;4;True
47955;6;12;6;True
47956;2;4;2;True
47957;1;1;0;True
47958;1;1;0;True
47959;1;1;0;True
47960;1;1;0;True
47961;5;9;4;True
47962;3;6;3;True
47963;2;4;2;True
47964;0;0;0;True
47965;7;16;9;True
47966;2;2;0;True
47967;2;2;0;True
47968;3;6;3;True
47969;1;1;0;True
47970;3;3;0;True
47971;5;12;7;True
47972;4;9;5;True
47973;6;12;6;True
47974;7;12;5;True
47975;0;0;0;True
47976;8;16;8;True
47977;6;12;6;True
47978;4;6;2;True
47979;5;12;7;True
47980;4;9;5;True
47981;4;12;8;True
47982;5;9;4;True
47983;0;0;0;True
47984;0;0;0;True
47985;3;6;3;True
47986;3;3;0;True
47987;10;16;6;True
47988;2;4;2;True
47989;1;1;0;True
47990;2;2;0;True
47991;1;1;0;True
47992;1;1;0;True
47993;4;9;5;True
47994;3;6;3;True
47995;7;12;5;True
47996;7;16;9;True
47997;6;12;6;True
47998;3;6;3;True
47999;5;6;1;True
48000;1;1;0;True
48001;3;6;3;True
48002;3;4;1;True
48003;3;9;6;True
48004;0;0;0;True
48005;7;12;5;True
48006;2;2;0;True
48007;9;12;3;True
48008;4;6;2;True
48009;6;12;6;True
48010;3;9;6;True
48011;4;6;2;True
48012;8;16;8;True
48013;4;9;5;True
48014;1;1;0;True
48015;5;12;7;True
48016;9;16;7;True
48017;6;12;6;True
48018;8;16;8;True
48019;5;12;7;True
48020;2;4;2;True
48021;3;6;3;True
48022;0;0;0;True
48023;0;0;0;True
48024;5;16;11;True
48025;1;1;0;True
48026;5;12;7;True
48027;4;9;5;True
48028;8;16;8;True
48029;0;0;0;True
48030;2;2;0;True
48031;6;12;6;True
48032;3;6;3;True
48033;3;9;6;True
48034;1;1;0;True
48035;6;12;6;True
48036;1;1;0;True
48037;3;6;3;True
48038;3;6;3;True
48039;4;6;2;True
48040;1;1;0;True
48041;4;9;5;True
48042;5;8;3;True
48043;0;0;0;True
48044;5;9;4;True
48045;9;16;7;True
48046;5;9;4;True
48047;1;1;0;True
48048;5;9;4;True
48049;5;12;7;True
48050;1;1;0;True
48051;1;1;0;True
48052;5;9;4;True
48053;3;6;3;True
48054;2;4;2;True
48055;2;4;2;True
48056;5;9;4;True
48057;5;9;4;True
48058;4;6;2;True
48059;2;4;2;True
48060;1;1;0;True
48061;2;2;0;True
48062;9;16;7;True
48063;9;16;7;True
48064;5;9;4;True
48065;8;16;8;True
48066;4;9;5;True
48067;3;6;3;True
48068;4;8;4;True
48069;5;12;7;True
48070;4;6;2;True
48071;4;6;2;True
48072;3;6;3;True
48073;1;1;0;True
48074;7;16;9;True
48075;5;6;1;True
48076;4;12;8;True
48077;2;2;0;True
48078;6;12;6;True
48079;0;0;0;True
48080;2;4;2;True
48081;2;4;2;True
48082;8;16;8;True
48083;7;12;5;True
48084;8;16;8;True
48085;6;16;10;True
48086;2;4;2;True
48087;0;0;0;True
48088;5;12;7;True
48089;1;1;0;True
48090;0;0;0;True
48091;8;16;8;True
48092;4;9;5;True
48093;0;0;0;True
48094;4;6;2;True
48095;2;4;2;True
48096;4;6;2;True
48097;3;6;3;True
48098;3;6;3;True
48099;6;12;6;True
48100;2;4;2;True
48101;5;12;7;True
48102;8;16;8;True
48103;1;1;0;True
48104;4;9;5;True
48105;2;2;0;True
48106;1;1;0;True
48107;0;0;0;True
48108;3;6;3;True
48109;3;6;3;True
48110;3;6;3;True
48111;1;1;0;True
48112;3;4;1;True
48113;4;12;8;True
48114;5;12;7;True
48115;2;2;0;True
48116;7;12;5;True
48117;3;4;1;True
48118;2;2;0;True
48119;4;9;5;True
48120;4;12;8;True
48121;4;6;2;True
48122;2;2;0;True
48123;7;12;5;True
48124;3;4;1;True
48125;7;12;5;True
48126;2;2;0;True
48127;2;4;2;True
48128;3;4;1;True
48129;4;9;5;True
48130;5;12;7;True
48131;0;0;0;True
48132;5;8;3;True
48133;2;4;2;True
48134;3;4;1;True
48135;3;9;6;True
48136;4;9;5;True
48137;3;6;3;True
48138;4;12;8;True
48139;2;2;0;True
48140;5;16;11;True
48141;8;12;4;True
48142;6;16;10;True
48143;0;0;0;True
48144;0;0;0;True
48145;1;1;0;True
48146;1;1;0;True
48147;7;16;9;True
48148;7;16;9;True
48149;2;4;2;True
48150;1;1;0;True
48151;3;6;3;True
48152;7;12;5;True
48153;2;4;2;True
48154;1;1;0;True
48155;1;1;0;True
48156;0;0;0;True
48157;3;3;0;True
48158;5;9;4;True
48159;3;6;3;True
48160;4;6;2;True
48161;6;9;3;True
48162;5;12;7;True
48163;10;16;6;True
48164;7;12;5;True
48165;4;9;5;True
48166;5;6;1;True
48167;2;2;0;True
48168;3;3;0;True
48169;7;16;9;True
48170;4;9;5;True
48171;2;4;2;True
48172;0;0;0;True
48173;2;4;2;True
48174;1;1;0;True
48175;7;16;9;True
48176;0;0;0;True
48177;3;6;3;True
48178;3;6;3;True
48179;1;1;0;True
48180;8;12;4;True
48181;4;8;4;True
48182;0;0;0;True
48183;2;2;0;True
48184;4;6;2;True
48185;0;0;0;True
48186;5;6;1;True
48187;1;1;0;True
48188;10;16;6;True
48189;1;1;0;True
48190;5;9;4;True
48191;1;1;0;True
48192;5;8;3;True
48193;7;16;9;True
48194;3;6;3;True
48195;4;6;2;True
48196;4;6;2;True
48197;0;0;0;True
48198;6;9;3;True
48199;6;12;6;True
48200;4;12;8;True
48201;3;6;3;True
48202;1;1;0;True
48203;5;9;4;True
48204;2;2;0;True
48205;2;4;2;True
48206;5;12;7;True
48207;6;12;6;True
48208;4;6;2;True
48209;3;6;3;True
48210;8;12;4;True
48211;10;16;6;True
48212;4;4;0;True
48213;1;1;0;True
48214;4;12;8;True
48215;3;4;1;True
48216;1;1;0;True
48217;5;16;11;True
48218;2;2;0;True
48219;5;12;7;True
48220;2;2;0;True
48221;1;1;0;True
48222;4;6;2;True
48223;1;1;0;True
48224;1;1;0;True
48225;2;2;0;True
48226;3;9;6;True
48227;8;16;8;True
48228;8;12;4;True
48229;6;12;6;True
48230;2;2;0;True
48231;8;12;4;True
48232;1;1;0;True
48233;0;0;0;True
48234;7;16;9;True
48235;4;9;5;True
48236;4;6;2;True
48237;2;4;2;True
48238;5;16;11;True
48239;2;2;0;True
48240;3;6;3;True
48241;3;6;3;True
48242;5;16;11;True
48243;4;8;4;True
48244;4;8;4;True
48245;5;6;1;True
48246;3;4;1;True
48247;2;4;2;True
48248;0;0;0;True
48249;9;16;7;True
48250;1;1;0;True
48251;7;16;9;True
48252;8;12;4;True
48253;2;2;0;True
48254;1;1;0;True
48255;3;6;3;True
48256;5;12;7;True
48257;0;0;0;True
48258;3;4;1;True
48259;6;12;6;True
48260;3;6;3;True
48261;6;16;10;True
48262;2;2;0;True
48263;7;16;9;True
48264;6;12;6;True
48265;8;16;8;True
48266;1;1;0;True
48267;0;0;0;True
48268;1;1;0;True
48269;6;12;6;True
48270;3;6;3;True
48271;3;6;3;True
48272;3;3;0;True
48273;2;2;0;True
48274;1;1;0;True
48275;6;12;6;True
48276;3;4;1;True
48277;3;6;3;True
48278;3;6;3;True
48279;2;4;2;True
48280;4;6;2;True
48281;2;4;2;True
48282;3;4;1;True
48283;6;12;6;True
48284;2;2;0;True
48285;7;16;9;True
48286;5;12;7;True
48287;4;12;8;True
48288;3;6;3;True
48289;3;6;3;True
48290;3;4;1;True
48291;5;9;4;True
48292;2;2;0;True
48293;7;16;9;True
48294;2;4;2;True
48295;6;12;6;True
48296;1;1;0;True
48297;5;12;7;True
48298;0;0;0;True
48299;3;4;1;True
48300;4;12;8;True
48301;3;4;1;True
48302;7;16;9;True
48303;6;12;6;True
48304;4;9;5;True
48305;3;3;0;True
48306;5;8;3;True
48307;2;2;0;True
48308;5;8;3;True
48309;4;9;5;True
48310;6;12;6;True
48311;3;9;6;True
48312;1;1;0;True
48313;4;9;5;True
48314;1;1;0;True
48315;4;6;2;True
48316;2;2;0;True
48317;8;16;8;True
48318;2;4;2;True
48319;5;9;4;True
48320;1;1;0;True
48321;4;9;5;True
48322;1;1;0;True
48323;3;4;1;True
48324;4;6;2;True
48325;0;0;0;True
48326;5;12;7;True
48327;6;12;6;True
48328;6;12;6;True
48329;2;4;2;True
48330;3;6;3;True
48331;0;0;0;True
48332;2;4;2;True
48333;3;3;0;True
48334;3;9;6;True
48335;3;6;3;True
48336;5;8;3;True
48337;3;3;0;True
48338;6;9;3;True
48339;3;6;3;True
48340;4;6;2;True
48341;0;0;0;True
48342;4;9;5;True
48343;4;12;8;True
48344;5;9;4;True
48345;4;12;8;True
48346;4;6;2;True
48347;2;4;2;True
48348;0;0;0;True
48349;6;12;6;True
48350;1;1;0;True
48351;6;16;10;True
48352;4;6;2;True
48353;8;16;8;True
48354;2;2;0;True
48355;6;9;3;True
48356;2;4;2;True
48357;3;6;3;True
48358;2;4;2;True
48359;5;16;11;True
48360;2;4;2;True
48361;3;6;3;True
48362;3;4;1;True
48363;7;12;5;True
48364;2;4;2;True
48365;1;1;0;True
48366;0;0;0;True
48367;5;12;7;True
48368;2;2;0;True
48369;6;12;6;True
48370;3;6;3;True
48371;8;12;4;True
48372;4;6;2;True
48373;2;4;2;True
48374;0;0;0;True
48375;6;16;10;True
48376;2;4;2;True
48377;1;1;0;True
48378;5;12;7;True
48379;4;12;8;True
48380;3;3;0;True
48381;4;12;8;True
48382;0;0;0;True
48383;3;4;1;True
48384;0;0;0;True
48385;5;9;4;True
48386;5;12;7;True
48387;0;0;0;True
48388;2;4;2;True
48389;2;2;0;True
48390;3;9;6;True
48391;6;12;6;True
48392;7;16;9;True
48393;3;4;1;True
48394;2;4;2;True
48395;4;9;5;True
48396;0;0;0;True
48397;8;16;8;True
48398;9;16;7;True
48399;0;0;0;True
48400;4;12;8;True
48401;5;16;11;True
48402;1;1;0;True
48403;1;1;0;True
48404;4;9;5;True
48405;3;6;3;True
48406;12;16;4;True
48407;1;1;0;True
48408;3;6;3;True
48409;1;1;0;True
48410;6;12;6;True
48411;1;1;0;True
48412;5;12;7;True
48413;4;9;5;True
48414;6;16;10;True
48415;5;9;4;True
48416;6;16;10;True
48417;4;9;5;True
48418;1;1;0;True
48419;6;12;6;True
48420;4;6;2;True
48421;4;12;8;True
48422;5;9;4;True
48423;3;9;6;True
48424;5;8;3;True
48425;1;1;0;True
48426;4;9;5;True
48427;1;1;0;True
48428;2;2;0;True
48429;4;9;5;True
48430;8;16;8;True
48431;4;12;8;True
48432;1;1;0;True
48433;2;4;2;True
48434;4;12;8;True
48435;2;4;2;True
48436;1;1;0;True
48437;2;2;0;True
48438;4;9;5;True
48439;5;16;11;True
48440;2;2;0;True
48441;5;9;4;True
48442;6;9;3;True
48443;1;1;0;True
48444;3;6;3;True
48445;4;12;8;True
48446;4;12;8;True
48447;8;12;4;True
48448;4;12;8;True
48449;6;16;10;True
48450;4;6;2;True
48451;6;9;3;True
48452;4;9;5;True
48453;8;12;4;True
48454;11;16;5;True
48455;5;12;7;True
48456;2;4;2;True
48457;2;2;0;True
48458;4;8;4;True
48459;3;6;3;True
48460;1;1;0;True
48461;2;4;2;True
48462;6;12;6;True
48463;4;12;8;True
48464;0;0;0;True
48465;4;9;5;True
48466;1;1;0;True
48467;0;0;0;True
48468;3;4;1;True
48469;0;0;0;True
48470;3;6;3;True
48471;7;16;9;True
48472;4;12;8;True
48473;6;12;6;True
48474;4;6;2;True
48475;4;6;2;True
48476;7;12;5;True
48477;4;9;5;True
48478;2;4;2;True
48479;2;4;2;True
48480;2;4;2;True
48481;6;12;6;True
48482;4;9;5;True
48483;4;9;5;True
48484;7;16;9;True
48485;4;8;4;True
48486;0;0;0;True
48487;2;4;2;True
48488;1;1;0;True
48489;0;0;0;True
48490;4;12;8;True
48491;5;6;1;True
48492;0;0;0;True
48493;5;9;4;True
48494;5;9;4;True
48495;7;12;5;True
48496;2;4;2;True
48497;2;2;0;True
48498;1;1;0;True
48499;3;6;3;True
48500;3;6;3;True
48501;7;9;2;True
48502;1;1;0;True
48503;3;4;1;True
48504;4;12;8;True
48505;6;12;6;True
48506;4;12;8;True
48507;3;4;1;True
48508;1;1;0;True
48509;7;16;9;True
48510;9;12;3;True
48511;4;6;2;True
48512;2;4;2;True
48513;4;6;2;True
48514;1;1;0;True
48515;4;6;2;True
48516;6;16;10;True
48517;8;16;8;True
48518;1;1;0;True
48519;5;6;1;True
48520;4;6;2;True
48521;1;1;0;True
48522;6;16;10;True
48523;3;6;3;True
48524;4;8;4;True
48525;5;9;4;True
48526;5;12;7;True
48527;5;16;11;True
48528;4;8;4;True
48529;4;12;8;True
48530;10;16;6;True
48531;7;12;5;True
48532;6;16;10;True
48533;6;12;6;True
48534;6;16;10;True
48535;3;6;3;True
48536;6;9;3;True
48537;8;16;8;True
48538;9;16;7;True
48539;5;12;7;True
48540;6;12;6;True
48541;3;9;6;True
48542;2;2;0;True
48543;7;12;5;True
48544;3;4;1;True
48545;4;9;5;True
48546;7;12;5;True
48547;1;1;0;True
48548;3;4;1;True
48549;2;4;2;True
48550;1;1;0;True
48551;3;9;6;True
48552;2;4;2;True
48553;6;12;6;True
48554;5;8;3;True
48555;0;0;0;True
48556;7;16;9;True
48557;2;2;0;True
48558;7;16;9;True
48559;2;4;2;True
48560;3;4;1;True
48561;6;16;10;True
48562;3;6;3;True
48563;4;9;5;True
48564;1;1;0;True
48565;5;16;11;True
48566;2;4;2;True
48567;5;9;4;True
48568;3;6;3;True
48569;4;12;8;True
48570;3;9;6;True
48571;2;4;2;True
48572;3;4;1;True
48573;3;6;3;True
48574;3;6;3;True
48575;0;0;0;True
48576;5;9;4;True
48577;3;6;3;True
48578;5;12;7;True
48579;2;4;2;True
48580;4;9;5;True
48581;4;8;4;True
48582;3;4;1;True
48583;6;12;6;True
48584;2;4;2;True
48585;3;6;3;True
48586;2;2;0;True
48587;3;4;1;True
48588;4;9;5;True
48589;2;2;0;True
48590;4;9;5;True
48591;5;9;4;True
48592;5;9;4;True
48593;1;1;0;True
48594;7;12;5;True
48595;5;9;4;True
48596;5;12;7;True
48597;9;16;7;True
48598;7;16;9;True
48599;1;1;0;True
48600;7;16;9;True
48601;3;4;1;True
48602;6;12;6;True
48603;6;8;2;True
48604;1;1;0;True
48605;5;8;3;True
48606;8;16;8;True
48607;5;12;7;True
48608;8;16;8;True
48609;2;2;0;True
48610;6;12;6;True
48611;4;6;2;True
48612;3;9;6;True
48613;4;6;2;True
48614;2;2;0;True
48615;7;12;5;True
48616;5;9;4;True
48617;0;0;0;True
48618;0;0;0;True
48619;8;16;8;True
48620;2;2;0;True
48621;5;9;4;True
48622;0;0;0;True
48623;5;16;11;True
48624;2;4;2;True
48625;3;6;3;True
48626;5;9;4;True
48627;3;4;1;True
48628;5;16;11;True
48629;3;6;3;True
48630;7;12;5;True
48631;3;9;6;True
48632;2;2;0;True
48633;2;2;0;True
48634;6;12;6;True
48635;6;12;6;True
48636;5;12;7;True
48637;4;6;2;True
48638;3;4;1;True
48639;4;6;2;True
48640;4;12;8;True
48641;3;6;3;True
48642;8;12;4;True
48643;1;1;0;True
48644;3;6;3;True
48645;7;16;9;True
48646;1;1;0;True
48647;7;16;9;True
48648;7;9;2;True
48649;6;9;3;True
48650;2;2;0;True
48651;5;6;1;True
48652;2;4;2;True
48653;4;6;2;True
48654;1;1;0;True
48655;3;6;3;True
48656;3;6;3;True
48657;1;1;0;True
48658;5;8;3;True
48659;3;4;1;True
48660;7;12;5;True
48661;9;16;7;True
48662;8;12;4;True
48663;3;6;3;True
48664;3;6;3;True
48665;6;16;10;True
48666;3;6;3;True
48667;7;9;2;True
48668;3;6;3;True
48669;3;4;1;True
48670;3;6;3;True
48671;1;1;0;True
48672;1;1;0;True
48673;1;1;0;True
48674;6;9;3;True
48675;1;1;0;True
48676;4;12;8;True
48677;4;6;2;True
48678;3;6;3;True
48679;1;1;0;True
48680;5;12;7;True
48681;3;4;1;True
48682;1;1;0;True
48683;5;12;7;True
48684;1;1;0;True
48685;2;4;2;True
48686;1;1;0;True
48687;8;16;8;True
48688;8;16;8;True
48689;6;8;2;True
48690;2;2;0;True
48691;2;2;0;True
48692;5;12;7;True
48693;2;2;0;True
48694;0;0;0;True
48695;3;4;1;True
48696;1;1;0;True
48697;2;4;2;True
48698;3;6;3;True
48699;2;4;2;True
48700;7;16;9;True
48701;3;6;3;True
48702;0;0;0;True
48703;0;0;0;True
48704;7;12;5;True
48705;2;2;0;True
48706;0;0;0;True
48707;6;16;10;True
48708;5;12;7;True
48709;3;6;3;True
48710;5;12;7;True
48711;3;6;3;True
48712;8;16;8;True
48713;1;1;0;True
48714;1;1;0;True
48715;3;4;1;True
48716;3;4;1;True
48717;3;6;3;True
48718;1;1;0;True
48719;5;9;4;True
48720;1;1;0;True
48721;4;9;5;True
48722;5;9;4;True
48723;5;9;4;True
48724;1;1;0;True
48725;8;16;8;True
48726;6;9;3;True
48727;6;16;10;True
48728;1;1;0;True
48729;4;9;5;True
48730;3;6;3;True
48731;3;9;6;True
48732;2;4;2;True
48733;8;16;8;True
48734;8;12;4;True
48735;8;16;8;True
48736;6;12;6;True
48737;1;1;0;True
48738;6;16;10;True
48739;2;2;0;True
48740;3;6;3;True
48741;4;16;12;True
48742;1;1;0;True
48743;1;1;0;True
48744;0;0;0;True
48745;1;1;0;True
48746;0;0;0;True
48747;5;6;1;True
48748;6;16;10;True
48749;1;1;0;True
48750;6;16;10;True
48751;2;2;0;True
48752;1;1;0;True
48753;6;12;6;True
48754;2;2;0;True
48755;1;1;0;True
48756;5;9;4;True
48757;3;3;0;True
48758;4;9;5;True
48759;6;12;6;True
48760;6;12;6;True
48761;3;9;6;True
48762;0;0;0;True
48763;3;4;1;True
48764;6;9;3;True
48765;4;8;4;True
48766;0;0;0;True
48767;2;4;2;True
48768;6;16;10;True
48769;0;0;0;True
48770;4;6;2;True
48771;1;1;0;True
48772;5;12;7;True
48773;4;9;5;True
48774;5;12;7;True
48775;1;1;0;True
48776;3;6;3;True
48777;2;4;2;True
48778;2;2;0;True
48779;3;6;3;True
48780;5;9;4;True
48781;0;0;0;True
48782;1;1;0;True
48783;1;1;0;True
48784;0;0;0;True
48785;3;6;3;True
48786;4;9;5;True
48787;4;6;2;True
48788;8;16;8;True
48789;1;1;0;True
48790;1;1;0;True
48791;4;6;2;True
48792;6;12;6;True
48793;6;12;6;True
48794;6;12;6;True
48795;3;4;1;True
48796;3;6;3;True
48797;4;6;2;True
48798;3;6;3;True
48799;1;1;0;True
48800;5;9;4;True
48801;5;12;7;True
48802;3;6;3;True
48803;6;8;2;True
48804;4;9;5;True
48805;2;4;2;True
48806;5;6;1;True
48807;1;1;0;True
48808;4;9;5;True
48809;3;9;6;True
48810;1;1;0;True
48811;1;1;0;True
48812;1;1;0;True
48813;2;4;2;True
48814;1;1;0;True
48815;6;12;6;True
48816;1;1;0;True
48817;4;12;8;True
48818;2;4;2;True
48819;1;1;0;True
48820;2;4;2;True
48821;0;0;0;True
48822;2;2;0;True
48823;5;8;3;True
48824;3;4;1;True
48825;0;0;0;True
48826;5;8;3;True
48827;1;1;0;True
48828;3;6;3;True
48829;2;2;0;True
48830;0;0;0;True
48831;3;6;3;True
48832;6;12;6;True
48833;4;12;8;True
48834;1;1;0;True
48835;4;6;2;True
48836;7;16;9;True
48837;7;12;5;True
48838;6;16;10;True
48839;2;2;0;True
48840;3;4;1;True
48841;5;12;7;True
48842;4;6;2;True
48843;5;12;7;True
48844;8;16;8;True
48845;4;9;5;True
48846;7;16;9;True
48847;0;0;0;True
48848;6;12;6;True
48849;7;16;9;True
48850;2;4;2;True
48851;2;4;2;True
48852;8;16;8;True
48853;0;0;0;True
48854;3;4;1;True
48855;3;6;3;True
48856;6;12;6;True
48857;5;12;7;True
48858;1;1;0;True
48859;3;9;6;True
48860;7;12;5;True
48861;5;16;11;True
48862;1;1;0;True
48863;1;1;0;True
48864;4;9;5;True
48865;2;4;2;True
48866;7;12;5;True
48867;4;9;5;True
48868;3;4;1;True
48869;4;9;5;True
48870;2;4;2;True
48871;2;4;2;True
48872;3;6;3;True
48873;1;1;0;True
48874;5;12;7;True
48875;3;9;6;True
48876;1;1;0;True
48877;1;1;0;True
48878;4;9;5;True
48879;3;6;3;True
48880;2;4;2;True
48881;10;12;2;True
48882;6;16;10;True
48883;2;4;2;True
48884;7;16;9;True
48885;6;12;6;True
48886;2;4;2;True
48887;5;9;4;True
48888;5;6;1;True
48889;1;1;0;True
48890;7;12;5;True
48891;1;1;0;True
48892;3;9;6;True
48893;5;9;4;True
48894;9;12;3;True
48895;2;4;2;True
48896;3;6;3;True
48897;1;1;0;True
48898;3;6;3;True
48899;2;4;2;True
48900;5;12;7;True
48901;5;12;7;True
48902;8;16;8;True
48903;7;12;5;True
48904;1;1;0;True
48905;5;9;4;True
48906;1;1;0;True
48907;5;9;4;True
48908;1;1;0;True
48909;3;4;1;True
48910;9;12;3;True
48911;7;12;5;True
48912;2;4;2;True
48913;3;9;6;True
48914;4;9;5;True
48915;8;12;4;True
48916;4;9;5;True
48917;6;16;10;True
48918;1;1;0;True
48919;2;4;2;True
48920;3;6;3;True
48921;6;9;3;True
48922;3;9;6;True
48923;2;2;0;True
48924;1;1;0;True
48925;3;6;3;True
48926;5;9;4;True
48927;2;2;0;True
48928;7;16;9;True
48929;4;9;5;True
48930;3;6;3;True
48931;2;4;2;True
48932;8;12;4;True
48933;3;6;3;True
48934;7;12;5;True
48935;2;4;2;True
48936;2;4;2;True
48937;5;12;7;True
48938;2;4;2;True
48939;2;2;0;True
48940;2;4;2;True
48941;6;12;6;True
48942;7;16;9;True
48943;4;6;2;True
48944;3;4;1;True
48945;6;12;6;True
48946;4;9;5;True
48947;5;9;4;True
48948;2;2;0;True
48949;3;4;1;True
48950;5;12;7;True
48951;4;6;2;True
48952;2;4;2;True
48953;6;16;10;True
48954;0;0;0;True
48955;2;4;2;True
48956;5;6;1;True
48957;0;0;0;True
48958;1;1;0;True
48959;4;9;5;True
48960;1;1;0;True
48961;2;2;0;True
48962;5;12;7;True
48963;1;1;0;True
48964;2;2;0;True
48965;4;6;2;True
48966;0;0;0;True
48967;2;4;2;True
48968;4;8;4;True
48969;5;8;3;True
48970;0;0;0;True
48971;10;12;2;True
48972;2;4;2;True
48973;2;4;2;True
48974;6;16;10;True
48975;5;12;7;True
48976;2;2;0;True
48977;5;16;11;True
48978;6;8;2;True
48979;4;9;5;True
48980;2;4;2;True
48981;3;6;3;True
48982;6;12;6;True
48983;4;6;2;True
48984;8;16;8;True
48985;5;12;7;True
48986;2;2;0;True
48987;4;8;4;True
48988;4;9;5;True
48989;4;12;8;True
48990;2;2;0;True
48991;1;1;0;True
48992;2;2;0;True
48993;5;9;4;True
48994;7;16;9;True
48995;7;12;5;True
48996;3;6;3;True
48997;4;12;8;True
48998;7;12;5;True
48999;4;9;5;True
49000;7;12;5;True
49001;5;9;4;True
49002;2;4;2;True
49003;5;12;7;True
49004;4;6;2;True
49005;6;12;6;True
49006;3;6;3;True
49007;6;12;6;True
49008;8;16;8;True
49009;6;12;6;True
49010;0;0;0;True
49011;1;1;0;True
49012;1;1;0;True
49013;3;4;1;True
49014;7;12;5;True
49015;6;12;6;True
49016;5;12;7;True
49017;0;0;0;True
49018;5;9;4;True
49019;2;2;0;True
49020;8;16;8;True
49021;3;6;3;True
49022;2;4;2;True
49023;4;9;5;True
49024;6;12;6;True
49025;8;16;8;True
49026;1;1;0;True
49027;1;1;0;True
49028;6;12;6;True
49029;4;6;2;True
49030;1;1;0;True
49031;6;12;6;True
49032;1;1;0;True
49033;0;0;0;True
49034;4;9;5;True
49035;1;1;0;True
49036;4;12;8;True
49037;3;4;1;True
49038;4;8;4;True
49039;1;1;0;True
49040;9;16;7;True
49041;2;4;2;True
49042;3;6;3;True
49043;1;1;0;True
49044;3;9;6;True
49045;3;6;3;True
49046;1;1;0;True
49047;0;0;0;True
49048;1;1;0;True
49049;2;4;2;True
49050;7;12;5;True
49051;8;16;8;True
49052;3;3;0;True
49053;10;16;6;True
49054;5;9;4;True
49055;0;0;0;True
49056;0;0;0;True
49057;8;12;4;True
49058;7;12;5;True
49059;6;12;6;True
49060;3;6;3;True
49061;0;0;0;True
49062;0;0;0;True
49063;3;6;3;True
49064;7;12;5;True
49065;5;8;3;True
49066;8;16;8;True
49067;5;16;11;True
49068;9;16;7;True
49069;2;4;2;True
49070;2;4;2;True
49071;4;6;2;True
49072;7;9;2;True
49073;7;12;5;True
49074;3;6;3;True
49075;2;2;0;True
49076;3;6;3;True
49077;3;6;3;True
49078;3;6;3;True
49079;2;2;0;True
49080;4;12;8;True
49081;4;8;4;True
49082;6;12;6;True
49083;3;9;6;True
49084;2;2;0;True
49085;4;9;5;True
49086;3;6;3;True
49087;1;1;0;True
49088;4;9;5;True
49089;3;6;3;True
49090;4;12;8;True
49091;1;1;0;True
49092;4;6;2;True
49093;5;9;4;True
49094;1;1;0;True
49095;5;9;4;True
49096;1;1;0;True
49097;4;6;2;True
49098;4;9;5;True
49099;4;6;2;True
49100;0;0;0;True
49101;2;2;0;True
49102;3;6;3;True
49103;5;12;7;True
49104;4;12;8;True
49105;4;6;2;True
49106;5;12;7;True
49107;1;1;0;True
49108;8;16;8;True
49109;0;0;0;True
49110;2;2;0;True
49111;7;16;9;True
49112;6;12;6;True
49113;4;12;8;True
49114;2;4;2;True
49115;0;0;0;True
49116;5;9;4;True
49117;2;4;2;True
49118;8;16;8;True
49119;3;6;3;True
49120;1;1;0;True
49121;5;12;7;True
49122;2;4;2;True
49123;2;4;2;True
49124;3;9;6;True
49125;2;4;2;True
49126;5;12;7;True
49127;3;6;3;True
49128;2;4;2;True
49129;6;12;6;True
49130;5;12;7;True
49131;4;9;5;True
49132;3;4;1;True
49133;4;9;5;True
49134;5;12;7;True
49135;0;0;0;True
49136;2;2;0;True
49137;1;1;0;True
49138;5;9;4;True
49139;0;0;0;True
49140;3;4;1;True
49141;2;4;2;True
49142;6;12;6;True
49143;6;12;6;True
49144;2;2;0;True
49145;1;1;0;True
49146;3;6;3;True
49147;0;0;0;True
49148;7;12;5;True
49149;3;4;1;True
49150;3;4;1;True
49151;3;4;1;True
49152;5;12;7;True
49153;1;1;0;True
49154;2;4;2;True
49155;2;2;0;True
49156;2;4;2;True
49157;3;6;3;True
49158;2;4;2;True
49159;7;16;9;True
49160;0;0;0;True
49161;6;12;6;True
49162;6;12;6;True
49163;2;2;0;True
49164;2;2;0;True
49165;2;2;0;True
49166;1;1;0;True
49167;7;12;5;True
49168;2;4;2;True
49169;2;4;2;True
49170;2;2;0;True
49171;7;9;2;True
49172;6;12;6;True
49173;1;1;0;True
49174;4;6;2;True
49175;3;6;3;True
49176;3;6;3;True
49177;5;16;11;True
49178;3;4;1;True
49179;4;9;5;True
49180;7;9;2;True
49181;4;6;2;True
49182;4;16;12;True
49183;5;12;7;True
49184;5;9;4;True
49185;7;16;9;True
49186;2;2;0;True
49187;7;16;9;True
49188;5;12;7;True
49189;7;16;9;True
49190;5;9;4;True
49191;5;12;7;True
49192;1;1;0;True
49193;3;4;1;True
49194;0;0;0;True
49195;4;8;4;True
49196;4;6;2;True
49197;1;1;0;True
49198;7;9;2;True
49199;3;6;3;True
49200;6;12;6;True
49201;5;16;11;True
49202;4;9;5;True
49203;2;2;0;True
49204;1;1;0;True
49205;1;1;0;True
49206;5;9;4;True
49207;5;12;7;True
49208;8;16;8;True
49209;0;0;0;True
49210;3;9;6;True
49211;6;16;10;True
49212;2;4;2;True
49213;5;12;7;True
49214;2;2;0;True
49215;5;6;1;True
49216;4;8;4;True
49217;1;1;0;True
49218;2;2;0;True
49219;3;9;6;True
49220;3;4;1;True
49221;3;9;6;True
49222;3;6;3;True
49223;5;16;11;True
49224;6;12;6;True
49225;6;12;6;True
49226;5;8;3;True
49227;5;8;3;True
49228;2;2;0;True
49229;7;16;9;True
49230;1;1;0;True
49231;2;4;2;True
49232;7;16;9;True
49233;1;1;0;True
49234;3;6;3;True
49235;0;0;0;True
49236;1;1;0;True
49237;8;12;4;True
49238;5;16;11;True
49239;6;12;6;True
49240;0;0;0;True
49241;4;8;4;True
49242;3;4;1;True
49243;4;9;5;True
49244;6;12;6;True
49245;4;6;2;True
49246;4;6;2;True
49247;2;2;0;True
49248;0;0;0;True
49249;3;4;1;True
49250;4;9;5;True
49251;3;3;0;True
49252;8;16;8;True
49253;5;12;7;True
49254;3;6;3;True
49255;9;16;7;True
49256;0;0;0;True
49257;0;0;0;True
49258;2;4;2;True
49259;6;16;10;True
49260;6;16;10;True
49261;4;6;2;True
49262;0;0;0;True
49263;1;1;0;True
49264;8;16;8;True
49265;1;1;0;True
49266;2;2;0;True
49267;3;9;6;True
49268;6;12;6;True
49269;4;9;5;True
49270;5;12;7;True
49271;3;6;3;True
49272;5;9;4;True
49273;4;9;5;True
49274;6;9;3;True
49275;4;8;4;True
49276;5;16;11;True
49277;7;16;9;True
49278;1;1;0;True
49279;5;8;3;True
49280;5;12;7;True
49281;5;9;4;True
49282;7;12;5;True
49283;8;16;8;True
49284;1;1;0;True
49285;5;12;7;True
49286;0;0;0;True
49287;5;12;7;True
49288;0;0;0;True
49289;3;4;1;True
49290;2;2;0;True
49291;1;1;0;True
49292;3;6;3;True
49293;2;2;0;True
49294;3;6;3;True
49295;3;6;3;True
49296;2;4;2;True
49297;2;2;0;True
49298;3;4;1;True
49299;4;4;0;True
49300;1;1;0;True
49301;8;16;8;True
49302;4;9;5;True
49303;2;4;2;True
49304;3;6;3;True
49305;1;1;0;True
49306;4;9;5;True
49307;4;12;8;True
49308;2;4;2;True
49309;3;6;3;True
49310;8;12;4;True
49311;1;1;0;True
49312;1;1;0;True
49313;5;9;4;True
49314;8;16;8;True
49315;1;1;0;True
49316;0;0;0;True
49317;2;4;2;True
49318;4;9;5;True
49319;6;12;6;True
49320;6;16;10;True
49321;6;12;6;True
49322;3;4;1;True
49323;3;4;1;True
49324;1;1;0;True
49325;3;4;1;True
49326;3;4;1;True
49327;6;16;10;True
49328;1;1;0;True
49329;4;8;4;True
49330;6;12;6;True
49331;4;6;2;True
49332;5;12;7;True
49333;5;9;4;True
49334;4;9;5;True
49335;3;9;6;True
49336;6;12;6;True
49337;4;8;4;True
49338;5;9;4;True
49339;0;0;0;True
49340;3;4;1;True
49341;4;9;5;True
49342;3;4;1;True
49343;4;12;8;True
49344;3;9;6;True
49345;2;4;2;True
49346;3;6;3;True
49347;0;0;0;True
49348;2;2;0;True
49349;8;16;8;True
49350;6;12;6;True
49351;4;6;2;True
49352;5;16;11;True
49353;4;4;0;True
49354;3;4;1;True
49355;4;9;5;True
49356;5;12;7;True
49357;7;12;5;True
49358;9;16;7;True
49359;7;12;5;True
49360;7;12;5;True
49361;5;12;7;True
49362;3;4;1;True
49363;5;8;3;True
49364;3;6;3;True
49365;1;1;0;True
49366;4;9;5;True
49367;0;0;0;True
49368;6;12;6;True
49369;2;2;0;True
49370;2;4;2;True
49371;0;0;0;True
49372;3;6;3;True
49373;1;1;0;True
49374;3;9;6;True
49375;7;12;5;True
49376;4;12;8;True
49377;8;16;8;True
49378;1;1;0;True
49379;2;4;2;True
49380;5;9;4;True
49381;0;0;0;True
49382;5;8;3;True
49383;1;1;0;True
49384;2;4;2;True
49385;4;9;5;True
49386;2;4;2;True
49387;1;1;0;True
49388;3;9;6;True
49389;3;4;1;True
49390;6;16;10;True
49391;4;8;4;True
49392;8;16;8;True
49393;5;16;11;True
49394;4;12;8;True
49395;4;12;8;True
49396;4;8;4;True
49397;5;9;4;True
49398;6;12;6;True
49399;3;9;6;True
49400;4;9;5;True
49401;4;9;5;True
49402;4;12;8;True
49403;6;9;3;True
49404;1;1;0;True
49405;2;2;0;True
49406;4;9;5;True
49407;2;4;2;True
49408;4;12;8;True
49409;4;12;8;True
49410;3;6;3;True
49411;2;2;0;True
49412;2;2;0;True
49413;0;0;0;True
49414;0;0;0;True
49415;5;12;7;True
49416;0;0;0;True
49417;2;2;0;True
49418;0;0;0;True
49419;2;4;2;True
49420;1;1;0;True
49421;2;4;2;True
49422;1;1;0;True
49423;4;12;8;True
49424;6;9;3;True
49425;1;1;0;True
49426;4;9;5;True
49427;1;1;0;True
49428;3;9;6;True
49429;4;8;4;True
49430;0;0;0;True
49431;4;6;2;True
49432;5;12;7;True
49433;5;12;7;True
49434;4;6;2;True
49435;6;12;6;True
49436;1;1;0;True
49437;5;12;7;True
49438;2;2;0;True
49439;1;1;0;True
49440;2;2;0;True
49441;0;0;0;True
49442;1;1;0;True
49443;3;6;3;True
49444;2;4;2;True
49445;2;2;0;True
49446;5;9;4;True
49447;4;6;2;True
49448;6;12;6;True
49449;5;9;4;True
49450;7;16;9;True
49451;6;12;6;True
49452;2;2;0;True
49453;9;16;7;True
49454;5;9;4;True
49455;8;16;8;True
49456;1;1;0;True
49457;2;4;2;True
49458;3;6;3;True
49459;2;2;0;True
49460;4;9;5;True
49461;6;16;10;True
49462;5;8;3;True
49463;6;16;10;True
49464;2;4;2;True
49465;1;1;0;True
49466;5;16;11;True
49467;4;6;2;True
49468;7;12;5;True
49469;6;16;10;True
49470;7;16;9;True
49471;4;9;5;True
49472;1;1;0;True
49473;2;2;0;True
49474;0;0;0;True
49475;6;12;6;True
49476;6;12;6;True
49477;2;4;2;True
49478;2;2;0;True
49479;3;6;3;True
49480;0;0;0;True
49481;1;1;0;True
49482;3;6;3;True
49483;4;6;2;True
49484;5;12;7;True
49485;4;9;5;True
49486;4;6;2;True
49487;2;4;2;True
49488;4;9;5;True
49489;4;9;5;True
49490;7;12;5;True
49491;0;0;0;True
49492;4;12;8;True
49493;5;9;4;True
49494;0;0;0;True
49495;2;4;2;True
49496;0;0;0;True
49497;4;9;5;True
49498;4;12;8;True
49499;3;4;1;True
49500;2;2;0;True
49501;1;1;0;True
49502;6;12;6;True
49503;6;12;6;True
49504;3;4;1;True
49505;2;4;2;True
49506;7;9;2;True
49507;4;9;5;True
49508;2;4;2;True
49509;9;16;7;True
49510;4;9;5;True
49511;1;1;0;True
49512;5;12;7;True
49513;0;0;0;True
49514;1;1;0;True
49515;4;9;5;True
49516;1;1;0;True
49517;5;12;7;True
49518;5;12;7;True
49519;5;9;4;True
49520;4;9;5;True
49521;2;4;2;True
49522;1;1;0;True
49523;3;6;3;True
49524;3;6;3;True
49525;8;12;4;True
49526;5;9;4;True
49527;3;4;1;True
49528;4;6;2;True
49529;1;1;0;True
49530;4;9;5;True
49531;2;2;0;True
49532;7;16;9;True
49533;6;12;6;True
49534;4;6;2;True
49535;0;0;0;True
49536;7;12;5;True
49537;6;16;10;True
49538;2;4;2;True
49539;2;2;0;True
49540;2;2;0;True
49541;3;4;1;True
49542;6;16;10;True
49543;5;6;1;True
49544;3;6;3;True
49545;5;9;4;True
49546;7;12;5;True
49547;2;2;0;True
49548;8;16;8;True
49549;2;2;0;True
49550;3;9;6;True
49551;5;12;7;True
49552;1;1;0;True
49553;3;4;1;True
49554;1;1;0;True
49555;4;6;2;True
49556;5;9;4;True
49557;6;12;6;True
49558;3;6;3;True
49559;5;9;4;True
49560;3;6;3;True
49561;4;12;8;True
49562;3;6;3;True
49563;1;1;0;True
49564;4;8;4;True
49565;5;12;7;True
49566;6;12;6;True
49567;0;0;0;True
49568;4;9;5;True
49569;6;12;6;True
49570;7;12;5;True
49571;2;2;0;True
49572;3;6;3;True
49573;7;12;5;True
49574;6;12;6;True
49575;1;1;0;True
49576;1;1;0;True
49577;5;8;3;True
49578;3;4;1;True
49579;6;16;10;True
49580;0;0;0;True
49581;2;4;2;True
49582;5;9;4;True
49583;1;1;0;True
49584;3;6;3;True
49585;4;6;2;True
49586;3;4;1;True
49587;4;12;8;True
49588;2;4;2;True
49589;2;2;0;True
49590;0;0;0;True
49591;3;4;1;True
49592;3;4;1;True
49593;4;8;4;True
49594;3;9;6;True
49595;1;1;0;True
49596;6;9;3;True
49597;3;9;6;True
49598;6;16;10;True
49599;7;12;5;True
49600;5;9;4;True
49601;4;9;5;True
49602;3;6;3;True
49603;3;4;1;True
49604;6;12;6;True
49605;5;6;1;True
49606;5;12;7;True
49607;4;9;5;True
49608;4;9;5;True
49609;4;9;5;True
49610;5;12;7;True
49611;8;16;8;True
49612;4;9;5;True
49613;5;12;7;True
49614;7;12;5;True
49615;0;0;0;True
49616;6;12;6;True
49617;6;9;3;True
49618;5;9;4;True
49619;7;16;9;True
49620;1;1;0;True
49621;1;1;0;True
49622;6;12;6;True
49623;6;12;6;True
49624;3;6;3;True
49625;7;16;9;True
49626;0;0;0;True
49627;2;2;0;True
49628;10;16;6;True
49629;6;12;6;True
49630;8;16;8;True
49631;1;1;0;True
49632;4;9;5;True
49633;2;2;0;True
49634;3;6;3;True
49635;7;16;9;True
49636;4;9;5;True
49637;1;1;0;True
49638;1;1;0;True
49639;2;4;2;True
49640;3;9;6;True
49641;4;6;2;True
49642;2;2;0;True
49643;4;6;2;True
49644;3;6;3;True
49645;6;12;6;True
49646;7;12;5;True
49647;5;12;7;True
49648;3;9;6;True
49649;7;12;5;True
49650;4;9;5;True
49651;5;12;7;True
49652;4;9;5;True
49653;6;8;2;True
49654;1;1;0;True
49655;0;0;0;True
49656;1;1;0;True
49657;8;12;4;True
49658;2;4;2;True
49659;2;4;2;True
49660;2;4;2;True
49661;2;4;2;True
49662;2;4;2;True
49663;2;4;2;True
49664;4;6;2;True
49665;5;9;4;True
49666;7;12;5;True
49667;5;9;4;True
49668;4;12;8;True
49669;1;1;0;True
49670;4;6;2;True
49671;9;12;3;True
49672;3;6;3;True
49673;2;4;2;True
49674;4;12;8;True
49675;5;12;7;True
49676;3;4;1;True
49677;6;12;6;True
49678;4;9;5;True
49679;3;9;6;True
49680;0;0;0;True
49681;6;16;10;True
49682;4;6;2;True
49683;3;6;3;True
49684;7;16;9;True
49685;4;9;5;True
49686;4;12;8;True
49687;0;0;0;True
49688;4;6;2;True
49689;1;1;0;True
49690;8;16;8;True
49691;1;1;0;True
49692;5;8;3;True
49693;2;4;2;True
49694;6;12;6;True
49695;7;12;5;True
49696;0;0;0;True
49697;4;6;2;True
49698;5;12;7;True
49699;2;2;0;True
49700;1;1;0;True
49701;2;4;2;True
49702;7;12;5;True
49703;3;6;3;True
49704;2;2;0;True
49705;4;6;2;True
49706;3;6;3;True
49707;1;1;0;True
49708;3;6;3;True
49709;6;16;10;True
49710;4;6;2;True
49711;3;4;1;True
49712;6;16;10;True
49713;2;4;2;True
49714;6;9;3;True
49715;5;12;7;True
49716;4;12;8;True
49717;1;1;0;True
49718;2;4;2;True
49719;6;12;6;True
49720;2;4;2;True
49721;6;12;6;True
49722;0;0;0;True
49723;3;6;3;True
49724;7;16;9;True
49725;3;6;3;True
49726;3;6;3;True
49727;2;2;0;True
49728;4;9;5;True
49729;1;1;0;True
49730;0;0;0;True
49731;3;6;3;True
49732;8;16;8;True
49733;3;4;1;True
49734;4;9;5;True
49735;5;12;7;True
49736;2;2;0;True
49737;3;6;3;True
49738;2;4;2;True
49739;4;8;4;True
49740;3;3;0;True
49741;0;0;0;True
49742;5;12;7;True
49743;4;12;8;True
49744;3;4;1;True
49745;3;6;3;True
49746;3;4;1;True
49747;7;12;5;True
49748;2;4;2;True
49749;2;4;2;True
49750;2;2;0;True
49751;7;12;5;True
49752;3;4;1;True
49753;3;6;3;True
49754;3;6;3;True
49755;7;12;5;True
49756;3;6;3;True
49757;6;12;6;True
49758;7;16;9;True
49759;3;4;1;True
49760;3;6;3;True
49761;5;12;7;True
49762;3;6;3;True
49763;1;1;0;True
49764;5;12;7;True
49765;5;12;7;True
49766;8;16;8;True
49767;3;6;3;True
49768;4;6;2;True
49769;3;4;1;True
49770;3;9;6;True
49771;5;12;7;True
49772;3;4;1;True
49773;5;8;3;True
49774;6;12;6;True
49775;3;4;1;True
49776;4;8;4;True
49777;4;9;5;True
49778;3;6;3;True
49779;6;12;6;True
49780;3;4;1;True
49781;8;12;4;True
49782;1;1;0;True
49783;5;9;4;True
49784;6;16;10;True
49785;6;12;6;True
49786;6;12;6;True
49787;3;4;1;True
49788;3;6;3;True
49789;0;0;0;True
49790;3;9;6;True
49791;2;4;2;True
49792;3;6;3;True
49793;1;1;0;True
49794;1;1;0;True
49795;2;4;2;True
49796;3;4;1;True
49797;7;12;5;True
49798;5;16;11;True
49799;2;4;2;True
49800;5;12;7;True
49801;5;9;4;True
49802;4;6;2;True
49803;2;4;2;True
49804;3;6;3;True
49805;4;12;8;True
49806;2;4;2;True
49807;4;9;5;True
49808;6;12;6;True
49809;7;16;9;True
49810;5;12;7;True
49811;1;1;0;True
49812;5;9;4;True
49813;5;12;7;True
49814;5;9;4;True
49815;5;9;4;True
49816;5;8;3;True
49817;5;12;7;True
49818;2;2;0;True
49819;8;12;4;True
49820;6;8;2;True
49821;5;9;4;True
49822;7;9;2;True
49823;4;6;2;True
49824;10;16;6;True
49825;6;16;10;True
49826;7;16;9;True
49827;6;9;3;True
49828;2;2;0;True
49829;1;1;0;True
49830;3;4;1;True
49831;0;0;0;True
49832;5;16;11;True
49833;1;1;0;True
49834;4;9;5;True
49835;1;1;0;True
49836;3;6;3;True
49837;1;1;0;True
49838;7;12;5;True
49839;5;16;11;True
49840;4;9;5;True
49841;4;4;0;True
49842;3;9;6;True
49843;3;4;1;True
49844;1;1;0;True
49845;3;6;3;True
49846;5;12;7;True
49847;4;6;2;True
49848;1;1;0;True
49849;2;2;0;True
49850;2;4;2;True
49851;0;0;0;True
49852;4;9;5;True
49853;2;2;0;True
49854;0;0;0;True
49855;6;9;3;True
49856;4;12;8;True
49857;5;9;4;True
49858;4;12;8;True
49859;2;4;2;True
49860;10;16;6;True
49861;2;2;0;True
49862;5;9;4;True
49863;2;2;0;True
49864;4;9;5;True
49865;1;1;0;True
49866;2;4;2;True
49867;6;16;10;True
49868;1;1;0;True
49869;4;8;4;True
49870;5;12;7;True
49871;1;1;0;True
49872;3;4;1;True
49873;5;12;7;True
49874;5;6;1;True
49875;0;0;0;True
49876;3;4;1;True
49877;3;6;3;True
49878;6;12;6;True
49879;5;12;7;True
49880;1;1;0;True
49881;1;1;0;True
49882;1;1;0;True
49883;4;9;5;True
49884;0;0;0;True
49885;3;6;3;True
49886;3;6;3;True
49887;0;0;0;True
49888;6;9;3;True
49889;5;12;7;True
49890;4;8;4;True
49891;3;4;1;True
49892;2;4;2;True
49893;1;1;0;True
49894;1;1;0;True
49895;4;9;5;True
49896;2;2;0;True
49897;2;2;0;True
49898;6;9;3;True
49899;2;4;2;True
49900;0;0;0;True
49901;2;4;2;True
49902;2;4;2;True
49903;2;4;2;True
49904;7;16;9;True
49905;4;9;5;True
49906;2;2;0;True
49907;1;1;0;True
49908;8;16;8;True
49909;1;1;0;True
49910;4;6;2;True
49911;3;6;3;True
49912;3;9;6;True
49913;5;12;7;True
49914;7;16;9;True
49915;3;6;3;True
49916;1;1;0;True
49917;5;9;4;True
49918;3;6;3;True
49919;3;4;1;True
49920;6;16;10;True
49921;4;9;5;True
49922;3;4;1;True
49923;3;6;3;True
49924;6;9;3;True
49925;1;1;0;True
49926;10;16;6;True
49927;1;1;0;True
49928;3;9;6;True
49929;1;1;0;True
49930;6;12;6;True
49931;0;0;0;True
49932;8;16;8;True
49933;6;16;10;True
49934;6;9;3;True
49935;2;2;0;True
49936;5;9;4;True
49937;2;4;2;True
49938;6;16;10;True
49939;1;1;0;True
49940;3;6;3;True
49941;7;16;9;True
49942;3;6;3;True
49943;6;16;10;True
49944;7;16;9;True
49945;1;1;0;True
49946;4;6;2;True
49947;6;9;3;True
49948;1;1;0;True
49949;0;0;0;True
49950;7;16;9;True
49951;1;1;0;True
49952;7;9;2;True
49953;4;12;8;True
49954;2;2;0;True
49955;2;2;0;True
49956;6;9;3;True
49957;4;9;5;True
49958;1;1;0;True
49959;2;4;2;True
49960;2;4;2;True
49961;5;9;4;True
49962;6;12;6;True
49963;4;12;8;True
49964;2;4;2;True
49965;2;4;2;True
49966;6;16;10;True
49967;3;4;1;True
49968;8;16;8;True
49969;6;12;6;True
49970;1;1;0;True
49971;3;6;3;True
49972;6;12;6;True
49973;2;4;2;True
49974;5;12;7;True
49975;4;12;8;True
49976;1;1;0;True
49977;0;0;0;True
49978;2;4;2;True
49979;4;6;2;True
49980;3;4;1;True
49981;2;2;0;True
49982;1;1;0;True
49983;4;9;5;True
49984;1;1;0;True
49985;1;1;0;True
49986;5;16;11;True
49987;3;4;1;True
49988;6;12;6;True
49989;4;9;5;True
49990;2;2;0;True
49991;3;6;3;True
49992;0;0;0;True
49993;5;12;7;True
49994;6;12;6;True
49995;0;0;0;True
49996;1;1;0;True
49997;7;16;9;True
49998;2;4;2;True
49999;7;12;5;True
50000;4;8;4;True
50001;1;1;0;True
50002;8;16;8;True
50003;4;9;5;True
50004;3;4;1;True
50005;0;0;0;True
50006;3;4;1;True
50007;5;9;4;True
50008;2;2;0;True
50009;5;12;7;True
50010;1;1;0;True
50011;3;6;3;True
50012;4;9;5;True
50013;1;1;0;True
50014;4;6;2;True
50015;3;6;3;True
50016;5;12;7;True
50017;2;4;2;True
50018;2;2;0;True
50019;3;4;1;True
50020;3;4;1;True
50021;0;0;0;True
50022;1;1;0;True
50023;4;8;4;True
50024;10;16;6;True
50025;4;12;8;True
50026;2;4;2;True
50027;4;9;5;True
50028;7;16;9;True
50029;8;16;8;True
50030;4;9;5;True
50031;1;1;0;True
50032;4;9;5;True
50033;4;9;5;True
50034;6;12;6;True
50035;7;12;5;True
50036;4;12;8;True
50037;9;16;7;True
50038;2;2;0;True
50039;4;6;2;True
50040;4;6;2;True
50041;3;4;1;True
50042;4;9;5;True
50043;4;12;8;True
50044;6;12;6;True
50045;4;6;2;True
50046;1;1;0;True
50047;1;1;0;True
50048;5;9;4;True
50049;1;1;0;True
50050;8;16;8;True
50051;3;4;1;True
50052;4;12;8;True
50053;0;0;0;True
50054;1;1;0;True
50055;6;12;6;True
50056;4;9;5;True
50057;5;8;3;True
50058;1;1;0;True
50059;0;0;0;True
50060;4;6;2;True
50061;6;12;6;True
50062;1;1;0;True
50063;3;6;3;True
50064;2;4;2;True
50065;1;1;0;True
50066;2;4;2;True
50067;2;4;2;True
50068;3;9;6;True
50069;8;12;4;True
50070;8;16;8;True
50071;5;16;11;True
50072;7;16;9;True
50073;1;1;0;True
50074;4;6;2;True
50075;6;16;10;True
50076;4;12;8;True
50077;6;12;6;True
50078;1;1;0;True
50079;5;16;11;True
50080;6;9;3;True
50081;3;6;3;True
50082;0;0;0;True
50083;4;9;5;True
50084;3;6;3;True
50085;0;0;0;True
50086;4;16;12;True
50087;0;0;0;True
50088;3;6;3;True
50089;12;16;4;True
50090;10;16;6;True
50091;9;16;7;True
50092;3;4;1;True
50093;5;12;7;True
50094;5;9;4;True
50095;6;9;3;True
50096;2;2;0;True
50097;4;9;5;True
50098;2;4;2;True
50099;2;4;2;True
50100;5;9;4;True
50101;5;12;7;True
50102;2;2;0;True
50103;5;12;7;True
50104;9;16;7;True
50105;3;6;3;True
50106;6;12;6;True
50107;5;9;4;True
50108;2;2;0;True
50109;3;3;0;True
50110;1;1;0;True
50111;4;9;5;True
50112;1;1;0;True
50113;2;4;2;True
50114;4;9;5;True
50115;7;12;5;True
50116;1;1;0;True
50117;2;4;2;True
50118;7;12;5;True
50119;5;9;4;True
50120;5;9;4;True
50121;0;0;0;True
50122;2;4;2;True
50123;1;1;0;True
50124;5;12;7;True
50125;2;4;2;True
50126;5;12;7;True
50127;1;1;0;True
50128;3;6;3;True
50129;5;8;3;True
50130;5;12;7;True
50131;5;16;11;True
50132;4;9;5;True
50133;5;9;4;True
50134;5;9;4;True
50135;0;0;0;True
50136;6;12;6;True
50137;1;1;0;True
50138;6;6;0;True
50139;1;1;0;True
50140;6;12;6;True
50141;6;9;3;True
50142;3;6;3;True
50143;6;12;6;True
50144;2;2;0;True
50145;5;9;4;True
50146;5;6;1;True
50147;4;6;2;True
50148;6;16;10;True
50149;2;2;0;True
50150;4;12;8;True
50151;2;4;2;True
50152;3;6;3;True
50153;5;9;4;True
50154;0;0;0;True
50155;9;16;7;True
50156;2;4;2;True
50157;6;12;6;True
50158;7;16;9;True
50159;0;0;0;True
50160;2;2;0;True
50161;3;9;6;True
50162;3;4;1;True
50163;8;16;8;True
50164;6;12;6;True
50165;4;6;2;True
50166;2;4;2;True
50167;2;4;2;True
50168;4;9;5;True
50169;2;2;0;True
50170;6;12;6;True
50171;6;12;6;True
50172;3;6;3;True
50173;7;16;9;True
50174;1;1;0;True
50175;3;4;1;True
50176;8;12;4;True
50177;3;6;3;True
50178;3;6;3;True
50179;5;12;7;True
50180;3;6;3;True
50181;6;12;6;True
50182;4;6;2;True
50183;2;4;2;True
50184;2;2;0;True
50185;3;6;3;True
50186;8;16;8;True
50187;2;2;0;True
50188;7;16;9;True
50189;2;4;2;True
50190;2;4;2;True
50191;1;1;0;True
50192;1;1;0;True
50193;7;16;9;True
50194;5;12;7;True
50195;4;6;2;True
50196;4;8;4;True
50197;3;6;3;True
50198;4;9;5;True
50199;3;6;3;True
50200;6;12;6;True
50201;2;4;2;True
50202;1;1;0;True
50203;1;1;0;True
50204;3;9;6;True
50205;10;16;6;True
50206;2;4;2;True
50207;3;4;1;True
50208;5;8;3;True
50209;4;9;5;True
50210;7;12;5;True
50211;1;1;0;True
50212;1;1;0;True
50213;0;0;0;True
50214;0;0;0;True
50215;5;6;1;True
50216;2;2;0;True
50217;4;9;5;True
50218;2;4;2;True
50219;1;1;0;True
50220;2;2;0;True
50221;3;6;3;True
50222;8;16;8;True
50223;7;12;5;True
50224;0;0;0;True
50225;5;16;11;True
50226;4;9;5;True
50227;5;12;7;True
50228;6;12;6;True
50229;5;12;7;True
50230;5;9;4;True
50231;1;1;0;True
50232;5;9;4;True
50233;2;4;2;True
50234;6;16;10;True
50235;4;6;2;True
50236;2;4;2;True
50237;5;12;7;True
50238;3;9;6;True
50239;4;8;4;True
50240;9;16;7;True
50241;5;12;7;True
50242;0;0;0;True
50243;0;0;0;True
50244;2;4;2;True
50245;1;1;0;True
50246;2;2;0;True
50247;0;0;0;True
50248;5;9;4;True
50249;1;1;0;True
50250;3;9;6;True
50251;2;2;0;True
50252;2;4;2;True
50253;4;6;2;True
50254;4;6;2;True
50255;5;12;7;True
50256;1;1;0;True
50257;6;16;10;True
50258;1;1;0;True
50259;6;12;6;True
50260;5;9;4;True
50261;2;2;0;True
50262;3;4;1;True
50263;2;2;0;True
50264;3;6;3;True
50265;3;9;6;True
50266;2;2;0;True
50267;5;16;11;True
50268;1;1;0;True
50269;4;6;2;True
50270;3;4;1;True
50271;2;4;2;True
50272;3;4;1;True
50273;4;8;4;True
50274;5;6;1;True
50275;0;0;0;True
50276;3;6;3;True
50277;4;9;5;True
50278;4;9;5;True
50279;3;6;3;True
50280;2;4;2;True
50281;1;1;0;True
50282;6;12;6;True
50283;4;9;5;True
50284;1;1;0;True
50285;5;12;7;True
50286;4;6;2;True
50287;5;12;7;True
50288;2;2;0;True
50289;2;4;2;True
50290;9;16;7;True
50291;4;8;4;True
50292;2;2;0;True
50293;2;4;2;True
50294;2;2;0;True
50295;6;12;6;True
50296;0;0;0;True
50297;1;1;0;True
50298;5;6;1;True
50299;3;4;1;True
50300;1;1;0;True
50301;5;12;7;True
50302;6;12;6;True
50303;6;12;6;True
50304;1;1;0;True
50305;5;12;7;True
50306;2;2;0;True
50307;3;6;3;True
50308;2;2;0;True
50309;5;16;11;True
50310;4;9;5;True
50311;2;4;2;True
50312;2;2;0;True
50313;6;12;6;True
50314;5;9;4;True
50315;3;4;1;True
50316;0;0;0;True
50317;3;6;3;True
50318;3;4;1;True
50319;2;4;2;True
50320;2;4;2;True
50321;5;12;7;True
50322;6;16;10;True
50323;4;6;2;True
50324;2;2;0;True
50325;1;1;0;True
50326;2;4;2;True
50327;3;6;3;True
50328;2;2;0;True
50329;3;9;6;True
50330;4;6;2;True
50331;2;2;0;True
50332;6;16;10;True
50333;6;9;3;True
50334;7;12;5;True
50335;5;16;11;True
50336;2;2;0;True
50337;3;4;1;True
50338;7;16;9;True
50339;4;6;2;True
50340;4;12;8;True
50341;1;1;0;True
50342;1;1;0;True
50343;2;4;2;True
50344;3;6;3;True
50345;1;1;0;True
50346;5;6;1;True
50347;3;3;0;True
50348;6;8;2;True
50349;0;0;0;True
50350;0;0;0;True
50351;3;4;1;True
50352;5;9;4;True
50353;4;9;5;True
50354;2;2;0;True
50355;6;16;10;True
50356;4;12;8;True
50357;6;16;10;True
50358;4;9;5;True
50359;4;8;4;True
50360;3;6;3;True
50361;1;1;0;True
50362;3;6;3;True
50363;0;0;0;True
50364;7;16;9;True
50365;4;12;8;True
50366;3;6;3;True
50367;6;12;6;True
50368;3;6;3;True
50369;5;9;4;True
50370;5;12;7;True
50371;6;12;6;True
50372;10;16;6;True
50373;4;12;8;True
50374;3;6;3;True
50375;3;4;1;True
50376;4;8;4;True
50377;1;1;0;True
50378;1;1;0;True
50379;7;16;9;True
50380;5;9;4;True
50381;4;6;2;True
50382;5;9;4;True
50383;1;1;0;True
50384;2;4;2;True
50385;5;9;4;True
50386;4;12;8;True
50387;2;4;2;True
50388;3;6;3;True
50389;3;4;1;True
50390;1;1;0;True
50391;1;1;0;True
50392;6;16;10;True
50393;3;9;6;True
50394;3;4;1;True
50395;7;16;9;True
50396;4;9;5;True
50397;1;1;0;True
50398;4;9;5;True
50399;5;8;3;True
50400;4;4;0;True
50401;5;9;4;True
50402;8;12;4;True
50403;1;1;0;True
50404;6;12;6;True
50405;3;6;3;True
50406;3;6;3;True
50407;4;12;8;True
50408;3;6;3;True
50409;4;12;8;True
50410;3;9;6;True
50411;0;0;0;True
50412;0;0;0;True
50413;2;4;2;True
50414;2;4;2;True
50415;5;12;7;True
50416;3;9;6;True
50417;3;6;3;True
50418;2;2;0;True
50419;1;1;0;True
50420;3;9;6;True
50421;5;16;11;True
50422;3;6;3;True
50423;3;9;6;True
50424;3;6;3;True
50425;2;4;2;True
50426;2;2;0;True
50427;3;6;3;True
50428;6;16;10;True
50429;1;1;0;True
50430;5;16;11;True
50431;4;9;5;True
50432;1;1;0;True
50433;1;1;0;True
50434;8;16;8;True
50435;4;9;5;True
50436;5;9;4;True
50437;3;4;1;True
50438;0;0;0;True
50439;5;9;4;True
50440;5;12;7;True
50441;8;16;8;True
50442;3;6;3;True
50443;4;12;8;True
50444;5;9;4;True
50445;6;12;6;True
50446;3;9;6;True
50447;9;16;7;True
50448;3;4;1;True
50449;0;0;0;True
50450;5;12;7;True
50451;3;4;1;True
50452;1;1;0;True
50453;4;12;8;True
50454;2;2;0;True
50455;4;12;8;True
50456;6;9;3;True
50457;1;1;0;True
50458;5;8;3;True
50459;5;16;11;True
50460;2;4;2;True
50461;8;12;4;True
50462;7;9;2;True
50463;7;12;5;True
50464;7;12;5;True
50465;3;9;6;True
50466;4;9;5;True
50467;3;3;0;True
50468;2;2;0;True
50469;4;6;2;True
50470;3;4;1;True
50471;3;9;6;True
50472;0;0;0;True
50473;2;4;2;True
50474;5;12;7;True
50475;4;12;8;True
50476;4;9;5;True
50477;0;0;0;True
50478;4;8;4;True
50479;2;2;0;True
50480;0;0;0;True
50481;3;9;6;True
50482;4;9;5;True
50483;2;2;0;True
50484;8;16;8;True
50485;3;6;3;True
50486;4;6;2;True
50487;1;1;0;True
50488;4;9;5;True
50489;5;12;7;True
50490;8;16;8;True
50491;1;1;0;True
50492;3;9;6;True
50493;6;16;10;True
50494;2;4;2;True
50495;5;16;11;True
50496;4;9;5;True
50497;5;9;4;True
50498;5;12;7;True
50499;3;9;6;True
50500;3;6;3;True
50501;3;9;6;True
50502;5;12;7;True
50503;2;4;2;True
50504;2;4;2;True
50505;8;16;8;True
50506;3;4;1;True
50507;2;4;2;True
50508;6;12;6;True
50509;7;12;5;True
50510;3;4;1;True
50511;4;12;8;True
50512;7;12;5;True
50513;4;6;2;True
50514;3;4;1;True
50515;4;9;5;True
50516;3;6;3;True
50517;3;6;3;True
50518;6;12;6;True
50519;8;12;4;True
50520;3;6;3;True
50521;6;12;6;True
50522;1;1;0;True
50523;1;1;0;True
50524;3;6;3;True
50525;4;9;5;True
50526;9;16;7;True
50527;7;16;9;True
50528;4;6;2;True
50529;9;16;7;True
50530;5;12;7;True
50531;4;12;8;True
50532;1;1;0;True
50533;5;9;4;True
50534;2;2;0;True
50535;4;9;5;True
50536;5;12;7;True
50537;3;6;3;True
50538;2;4;2;True
50539;2;2;0;True
50540;2;2;0;True
50541;5;12;7;True
50542;6;12;6;True
50543;2;2;0;True
50544;1;1;0;True
50545;3;6;3;True
50546;1;1;0;True
50547;4;6;2;True
50548;4;9;5;True
50549;1;1;0;True
50550;0;0;0;True
50551;1;1;0;True
50552;1;1;0;True
50553;3;4;1;True
50554;0;0;0;True
50555;2;2;0;True
50556;5;9;4;True
50557;8;16;8;True
50558;6;16;10;True
50559;4;6;2;True
50560;1;1;0;True
50561;8;16;8;True
50562;5;9;4;True
50563;3;4;1;True
50564;1;1;0;True
50565;2;2;0;True
50566;2;4;2;True
50567;4;6;2;True
50568;5;12;7;True
50569;2;2;0;True
50570;3;6;3;True
50571;0;0;0;True
50572;5;12;7;True
50573;1;1;0;True
50574;1;1;0;True
50575;5;12;7;True
50576;6;16;10;True
50577;5;9;4;True
50578;3;6;3;True
50579;1;1;0;True
50580;2;2;0;True
50581;3;6;3;True
50582;4;6;2;True
50583;3;6;3;True
50584;4;8;4;True
50585;2;4;2;True
50586;2;4;2;True
50587;2;2;0;True
50588;1;1;0;True
50589;3;6;3;True
50590;3;6;3;True
50591;0;0;0;True
50592;11;16;5;True
50593;3;6;3;True
50594;2;4;2;True
50595;4;9;5;True
50596;6;12;6;True
50597;4;9;5;True
50598;0;0;0;True
50599;2;4;2;True
50600;4;9;5;True
50601;1;1;0;True
50602;3;4;1;True
50603;0;0;0;True
50604;2;4;2;True
50605;8;16;8;True
50606;2;4;2;True
50607;5;16;11;True
50608;9;16;7;True
50609;2;2;0;True
50610;4;9;5;True
50611;2;2;0;True
50612;4;8;4;True
50613;7;12;5;True
50614;2;4;2;True
50615;6;12;6;True
50616;7;12;5;True
50617;5;6;1;True
50618;2;4;2;True
50619;1;1;0;True
50620;4;6;2;True
50621;1;1;0;True
50622;5;9;4;True
50623;6;12;6;True
50624;2;4;2;True
50625;4;9;5;True
50626;8;16;8;True
50627;9;16;7;True
50628;4;9;5;True
50629;6;12;6;True
50630;1;1;0;True
50631;0;0;0;True
50632;2;4;2;True
50633;4;12;8;True
50634;0;0;0;True
50635;7;16;9;True
50636;7;16;9;True
50637;5;9;4;True
50638;2;4;2;True
50639;4;6;2;True
50640;5;9;4;True
50641;6;12;6;True
50642;4;6;2;True
50643;2;4;2;True
50644;6;12;6;True
50645;4;9;5;True
50646;6;9;3;True
50647;4;6;2;True
50648;3;9;6;True
50649;5;12;7;True
50650;3;4;1;True
50651;5;9;4;True
50652;4;12;8;True
50653;4;6;2;True
50654;3;6;3;True
50655;2;4;2;True
50656;6;16;10;True
50657;7;16;9;True
50658;2;4;2;True
50659;3;6;3;True
50660;1;1;0;True
50661;4;9;5;True
50662;1;1;0;True
50663;1;1;0;True
50664;3;4;1;True
50665;7;12;5;True
50666;5;9;4;True
50667;3;6;3;True
50668;1;1;0;True
50669;0;0;0;True
50670;7;16;9;True
50671;6;12;6;True
50672;3;9;6;True
50673;4;12;8;True
50674;5;12;7;True
50675;5;9;4;True
50676;0;0;0;True
50677;4;6;2;True
50678;2;2;0;True
50679;2;4;2;True
50680;4;9;5;True
50681;1;1;0;True
50682;6;12;6;True
50683;1;1;0;True
50684;3;6;3;True
50685;3;6;3;True
50686;5;12;7;True
50687;0;0;0;True
50688;5;8;3;True
50689;6;12;6;True
50690;2;4;2;True
50691;2;4;2;True
50692;2;2;0;True
50693;4;6;2;True
50694;4;9;5;True
50695;0;0;0;True
50696;3;6;3;True
50697;1;1;0;True
50698;6;12;6;True
50699;4;12;8;True
50700;8;16;8;True
50701;3;4;1;True
50702;2;4;2;True
50703;7;9;2;True
50704;4;12;8;True
50705;3;4;1;True
50706;6;16;10;True
50707;0;0;0;True
50708;6;12;6;True
50709;9;16;7;True
50710;1;1;0;True
50711;0;0;0;True
50712;4;12;8;True
50713;3;4;1;True
50714;3;9;6;True
50715;2;4;2;True
50716;2;2;0;True
50717;2;4;2;True
50718;3;6;3;True
50719;2;2;0;True
50720;3;6;3;True
50721;7;16;9;True
50722;5;12;7;True
50723;1;1;0;True
50724;2;4;2;True
50725;2;2;0;True
50726;4;6;2;True
50727;0;0;0;True
50728;5;12;7;True
50729;0;0;0;True
50730;6;12;6;True
50731;5;6;1;True
50732;3;9;6;True
50733;1;1;0;True
50734;4;6;2;True
50735;3;6;3;True
50736;2;4;2;True
50737;5;12;7;True
50738;3;4;1;True
50739;5;16;11;True
50740;3;6;3;True
50741;7;12;5;True
50742;0;0;0;True
50743;4;9;5;True
50744;7;12;5;True
50745;2;2;0;True
50746;2;4;2;True
50747;6;16;10;True
50748;6;12;6;True
50749;3;4;1;True
50750;9;16;7;True
50751;6;12;6;True
50752;7;12;5;True
50753;2;2;0;True
50754;3;4;1;True
50755;1;1;0;True
50756;4;6;2;True
50757;4;9;5;True
50758;7;12;5;True
50759;4;6;2;True
50760;1;1;0;True
50761;2;2;0;True
50762;2;4;2;True
50763;7;16;9;True
50764;3;6;3;True
50765;2;4;2;True
50766;2;4;2;True
50767;2;4;2;True
50768;6;16;10;True
50769;3;4;1;True
50770;1;1;0;True
50771;7;12;5;True
50772;1;1;0;True
50773;1;1;0;True
50774;4;9;5;True
50775;2;4;2;True
50776;4;6;2;True
50777;4;6;2;True
50778;0;0;0;True
50779;4;9;5;True
50780;5;12;7;True
50781;2;2;0;True
50782;0;0;0;True
50783;5;9;4;True
50784;8;16;8;True
50785;2;2;0;True
50786;1;1;0;True
50787;0;0;0;True
50788;1;1;0;True
50789;7;16;9;True
50790;4;6;2;True
50791;1;1;0;True
50792;1;1;0;True
50793;0;0;0;True
50794;8;16;8;True
50795;5;9;4;True
50796;3;6;3;True
50797;5;8;3;True
50798;0;0;0;True
50799;3;3;0;True
50800;1;1;0;True
50801;6;16;10;True
50802;7;16;9;True
50803;1;1;0;True
50804;5;9;4;True
50805;4;9;5;True
50806;1;1;0;True
50807;1;1;0;True
50808;7;12;5;True
50809;5;12;7;True
50810;4;9;5;True
50811;0;0;0;True
50812;4;6;2;True
50813;6;12;6;True
50814;5;12;7;True
50815;2;4;2;True
50816;7;9;2;True
50817;1;1;0;True
50818;1;1;0;True
50819;6;16;10;True
50820;8;16;8;True
50821;6;12;6;True
50822;0;0;0;True
50823;1;1;0;True
50824;1;1;0;True
50825;3;4;1;True
50826;0;0;0;True
50827;1;1;0;True
50828;4;9;5;True
50829;6;16;10;True
50830;3;4;1;True
50831;1;1;0;True
50832;4;6;2;True
50833;2;4;2;True
50834;5;9;4;True
50835;2;2;0;True
50836;5;9;4;True
50837;1;1;0;True
50838;0;0;0;True
50839;2;2;0;True
50840;7;16;9;True
50841;3;9;6;True
50842;0;0;0;True
50843;2;4;2;True
50844;6;12;6;True
50845;2;4;2;True
50846;6;16;10;True
50847;1;1;0;True
50848;2;4;2;True
50849;1;1;0;True
50850;5;9;4;True
50851;3;9;6;True
50852;5;12;7;True
50853;5;16;11;True
50854;3;4;1;True
50855;5;12;7;True
50856;3;9;6;True
50857;4;6;2;True
50858;4;6;2;True
50859;2;2;0;True
50860;6;16;10;True
50861;2;4;2;True
50862;4;9;5;True
50863;2;4;2;True
50864;6;8;2;True
50865;3;6;3;True
50866;5;12;7;True
50867;2;2;0;True
50868;0;0;0;True
50869;3;6;3;True
50870;4;9;5;True
50871;3;6;3;True
50872;2;4;2;True
50873;2;2;0;True
50874;3;9;6;True
50875;3;6;3;True
50876;0;0;0;True
50877;6;16;10;True
50878;8;16;8;True
50879;1;1;0;True
50880;5;12;7;True
50881;8;12;4;True
50882;0;0;0;True
50883;2;4;2;True
50884;4;6;2;True
50885;3;6;3;True
50886;2;4;2;True
50887;3;9;6;True
50888;6;12;6;True
50889;6;12;6;True
50890;1;1;0;True
50891;3;6;3;True
50892;4;6;2;True
50893;6;12;6;True
50894;1;1;0;True
50895;8;16;8;True
50896;5;12;7;True
50897;5;12;7;True
50898;0;0;0;True
50899;5;9;4;True
50900;5;9;4;True
50901;1;1;0;True
50902;3;4;1;True
50903;1;1;0;True
50904;3;4;1;True
50905;3;4;1;True
50906;7;12;5;True
50907;5;6;1;True
50908;4;9;5;True
50909;2;2;0;True
50910;7;16;9;True
50911;1;1;0;True
50912;1;1;0;True
50913;4;12;8;True
50914;1;1;0;True
50915;3;9;6;True
50916;2;4;2;True
50917;3;4;1;True
50918;4;12;8;True
50919;4;4;0;True
50920;4;12;8;True
50921;4;8;4;True
50922;4;8;4;True
50923;6;12;6;True
50924;1;1;0;True
50925;0;0;0;True
50926;6;12;6;True
50927;0;0;0;True
50928;1;1;0;True
50929;4;6;2;True
50930;0;0;0;True
50931;2;2;0;True
50932;5;9;4;True
50933;4;4;0;True
50934;6;9;3;True
50935;7;16;9;True
50936;4;9;5;True
50937;5;12;7;True
50938;0;0;0;True
50939;8;16;8;True
50940;3;9;6;True
50941;3;6;3;True
50942;5;8;3;True
50943;2;2;0;True
50944;8;12;4;True
50945;3;4;1;True
50946;8;12;4;True
50947;3;6;3;True
50948;4;9;5;True
50949;6;12;6;True
50950;5;9;4;True
50951;6;12;6;True
50952;2;4;2;True
50953;8;12;4;True
50954;4;6;2;True
50955;3;6;3;True
50956;2;4;2;True
50957;4;6;2;True
50958;1;1;0;True
50959;3;6;3;True
50960;1;1;0;True
50961;5;12;7;True
50962;2;2;0;True
50963;3;6;3;True
50964;3;4;1;True
50965;3;9;6;True
50966;0;0;0;True
50967;7;16;9;True
50968;5;16;11;True
50969;5;12;7;True
50970;0;0;0;True
50971;5;16;11;True
50972;8;16;8;True
50973;3;6;3;True
50974;5;12;7;True
50975;3;6;3;True
50976;1;1;0;True
50977;3;9;6;True
50978;2;4;2;True
50979;6;12;6;True
50980;3;9;6;True
50981;5;12;7;True
50982;4;9;5;True
50983;3;4;1;True
50984;3;6;3;True
50985;5;12;7;True
50986;2;2;0;True
50987;1;1;0;True
50988;3;4;1;True
50989;4;8;4;True
50990;1;1;0;True
50991;5;8;3;True
50992;6;12;6;True
50993;8;16;8;True
50994;3;6;3;True
50995;6;16;10;True
50996;6;9;3;True
50997;3;9;6;True
50998;4;9;5;True
50999;4;9;5;True
51000;3;9;6;True
51001;7;12;5;True
51002;5;12;7;True
51003;2;2;0;True
51004;5;6;1;True
51005;1;1;0;True
51006;7;16;9;True
51007;3;4;1;True
51008;9;16;7;True
51009;1;1;0;True
51010;2;4;2;True
51011;5;12;7;True
51012;1;1;0;True
51013;3;6;3;True
51014;6;12;6;True
51015;3;6;3;True
51016;5;9;4;True
51017;5;12;7;True
51018;5;6;1;True
51019;3;4;1;True
51020;2;4;2;True
51021;3;6;3;True
51022;1;1;0;True
51023;5;9;4;True
51024;1;1;0;True
51025;3;9;6;True
51026;3;4;1;True
51027;6;12;6;True
51028;5;12;7;True
51029;4;9;5;True
51030;8;16;8;True
51031;4;6;2;True
51032;1;1;0;True
51033;7;16;9;True
51034;4;9;5;True
51035;4;9;5;True
51036;2;2;0;True
51037;7;16;9;True
51038;1;1;0;True
51039;6;9;3;True
51040;1;1;0;True
51041;2;4;2;True
51042;3;6;3;True
51043;3;4;1;True
51044;4;9;5;True
51045;3;6;3;True
51046;4;9;5;True
51047;12;16;4;True
51048;2;4;2;True
51049;3;6;3;True
51050;2;4;2;True
51051;5;6;1;True
51052;5;12;7;True
51053;3;4;1;True
51054;6;12;6;True
51055;5;16;11;True
51056;9;16;7;True
51057;7;16;9;True
51058;6;12;6;True
51059;0;0;0;True
51060;1;1;0;True
51061;2;2;0;True
51062;3;3;0;True
51063;4;9;5;True
51064;1;1;0;True
51065;2;4;2;True
51066;5;9;4;True
51067;1;1;0;True
51068;3;6;3;True
51069;5;12;7;True
51070;1;1;0;True
51071;4;16;12;True
51072;4;8;4;True
51073;5;12;7;True
51074;3;4;1;True
51075;1;1;0;True
51076;4;12;8;True
51077;4;8;4;True
51078;5;12;7;True
51079;2;4;2;True
51080;5;8;3;True
51081;2;4;2;True
51082;7;16;9;True
51083;3;4;1;True
51084;5;12;7;True
51085;6;12;6;True
51086;5;9;4;True
51087;3;6;3;True
51088;4;6;2;True
51089;2;4;2;True
51090;2;4;2;True
51091;1;1;0;True
51092;1;1;0;True
51093;4;6;2;True
51094;2;4;2;True
51095;3;3;0;True
51096;2;4;2;True
51097;2;2;0;True
51098;1;1;0;True
51099;3;6;3;True
51100;2;2;0;True
51101;3;4;1;True
51102;5;12;7;True
51103;1;1;0;True
51104;2;4;2;True
51105;8;12;4;True
51106;2;4;2;True
51107;2;2;0;True
51108;1;1;0;True
51109;2;2;0;True
51110;5;6;1;True
51111;7;12;5;True
51112;9;16;7;True
51113;9;16;7;True
51114;3;6;3;True
51115;0;0;0;True
51116;0;0;0;True
51117;2;4;2;True
51118;2;4;2;True
51119;5;9;4;True
51120;2;2;0;True
51121;2;2;0;True
51122;1;1;0;True
51123;6;9;3;True
51124;2;4;2;True
51125;1;1;0;True
51126;4;6;2;True
51127;2;4;2;True
51128;4;6;2;True
51129;7;16;9;True
51130;5;9;4;True
51131;4;9;5;True
51132;7;16;9;True
51133;1;1;0;True
51134;1;1;0;True
51135;6;16;10;True
51136;7;12;5;True
51137;4;8;4;True
51138;3;4;1;True
51139;3;4;1;True
51140;3;6;3;True
51141;5;9;4;True
51142;6;16;10;True
51143;4;9;5;True
51144;0;0;0;True
51145;1;1;0;True
51146;3;4;1;True
51147;2;4;2;True
51148;1;1;0;True
51149;5;12;7;True
51150;4;9;5;True
51151;5;16;11;True
51152;5;12;7;True
51153;4;12;8;True
51154;0;0;0;True
51155;4;9;5;True
51156;2;2;0;True
51157;5;8;3;True
51158;2;2;0;True
51159;4;8;4;True
51160;3;4;1;True
51161;3;4;1;True
51162;7;12;5;True
51163;3;6;3;True
51164;3;4;1;True
51165;5;9;4;True
51166;4;6;2;True
51167;4;4;0;True
51168;4;8;4;True
51169;1;1;0;True
51170;4;9;5;True
51171;4;9;5;True
51172;6;16;10;True
51173;5;12;7;True
51174;4;6;2;True
51175;0;0;0;True
51176;3;6;3;True
51177;2;4;2;True
51178;9;16;7;True
51179;7;16;9;True
51180;4;12;8;True
51181;2;4;2;True
51182;4;8;4;True
51183;2;4;2;True
51184;0;0;0;True
51185;5;12;7;True
51186;0;0;0;True
51187;5;12;7;True
51188;4;12;8;True
51189;1;1;0;True
51190;2;2;0;True
51191;3;6;3;True
51192;0;0;0;True
51193;2;4;2;True
51194;1;1;0;True
51195;3;6;3;True
51196;8;16;8;True
51197;1;1;0;True
51198;5;6;1;True
51199;2;4;2;True
51200;3;9;6;True
51201;3;4;1;True
51202;8;16;8;True
51203;6;12;6;True
51204;1;1;0;True
51205;2;2;0;True
51206;8;12;4;True
51207;4;9;5;True
51208;3;9;6;True
51209;2;2;0;True
51210;7;16;9;True
51211;2;2;0;True
51212;8;16;8;True
51213;5;16;11;True
51214;2;2;0;True
51215;2;4;2;True
51216;4;12;8;True
51217;5;12;7;True
51218;1;1;0;True
51219;3;6;3;True
51220;6;12;6;True
51221;6;12;6;True
51222;5;12;7;True
51223;6;9;3;True
51224;0;0;0;True
51225;1;1;0;True
51226;5;9;4;True
51227;8;16;8;True
51228;5;16;11;True
51229;3;6;3;True
51230;3;6;3;True
51231;4;9;5;True
51232;3;4;1;True
51233;6;12;6;True
51234;2;2;0;True
51235;3;4;1;True
51236;5;9;4;True
51237;5;12;7;True
51238;1;1;0;True
51239;3;6;3;True
51240;2;2;0;True
51241;3;4;1;True
51242;3;6;3;True
51243;6;9;3;True
51244;2;2;0;True
51245;3;9;6;True
51246;4;6;2;True
51247;1;1;0;True
51248;1;1;0;True
51249;2;4;2;True
51250;6;12;6;True
51251;0;0;0;True
51252;6;12;6;True
51253;5;12;7;True
51254;6;16;10;True
51255;3;4;1;True
51256;3;6;3;True
51257;3;3;0;True
51258;2;4;2;True
51259;7;16;9;True
51260;4;6;2;True
51261;1;1;0;True
51262;2;2;0;True
51263;0;0;0;True
51264;8;12;4;True
51265;6;12;6;True
51266;3;4;1;True
51267;3;9;6;True
51268;2;4;2;True
51269;6;12;6;True
51270;6;12;6;True
51271;3;4;1;True
51272;4;12;8;True
51273;7;8;1;True
51274;1;1;0;True
51275;5;9;4;True
51276;2;2;0;True
51277;3;6;3;True
51278;5;9;4;True
51279;2;2;0;True
51280;2;2;0;True
51281;3;6;3;True
51282;6;12;6;True
51283;1;1;0;True
51284;8;12;4;True
51285;2;4;2;True
51286;2;4;2;True
51287;7;12;5;True
51288;6;6;0;True
51289;1;1;0;True
51290;1;1;0;True
51291;1;1;0;True
51292;5;12;7;True
51293;3;6;3;True
51294;3;6;3;True
51295;0;0;0;True
51296;2;4;2;True
51297;5;8;3;True
51298;5;16;11;True
51299;3;3;0;True
51300;1;1;0;True
51301;1;1;0;True
51302;6;12;6;True
51303;1;1;0;True
51304;2;2;0;True
51305;10;16;6;True
51306;1;1;0;True
51307;1;1;0;True
51308;7;16;9;True
51309;2;4;2;True
51310;7;12;5;True
51311;3;6;3;True
51312;6;8;2;True
51313;4;9;5;True
51314;4;8;4;True
51315;4;6;2;True
51316;8;16;8;True
51317;7;9;2;True
51318;1;1;0;True
51319;6;6;0;True
51320;3;4;1;True
51321;2;4;2;True
51322;7;12;5;True
51323;1;1;0;True
51324;5;6;1;True
51325;2;4;2;True
51326;5;12;7;True
51327;2;2;0;True
51328;4;6;2;True
51329;5;8;3;True
51330;0;0;0;True
51331;0;0;0;True
51332;4;12;8;True
51333;4;12;8;True
51334;0;0;0;True
51335;10;16;6;True
51336;1;1;0;True
51337;3;6;3;True
51338;0;0;0;True
51339;1;1;0;True
51340;2;4;2;True
51341;7;12;5;True
51342;1;1;0;True
51343;1;1;0;True
51344;4;6;2;True
51345;5;9;4;True
51346;1;1;0;True
51347;0;0;0;True
51348;3;4;1;True
51349;1;1;0;True
51350;10;12;2;True
51351;2;4;2;True
51352;6;12;6;True
51353;5;8;3;True
51354;0;0;0;True
51355;3;4;1;True
51356;2;4;2;True
51357;5;16;11;True
51358;3;6;3;True
51359;6;8;2;True
51360;5;12;7;True
51361;8;16;8;True
51362;1;1;0;True
51363;3;4;1;True
51364;5;16;11;True
51365;4;9;5;True
51366;1;1;0;True
51367;5;9;4;True
51368;10;16;6;True
51369;3;6;3;True
51370;4;9;5;True
51371;4;9;5;True
51372;2;4;2;True
51373;0;0;0;True
51374;2;4;2;True
51375;1;1;0;True
51376;3;6;3;True
51377;2;4;2;True
51378;6;16;10;True
51379;2;2;0;True
51380;1;1;0;True
51381;1;1;0;True
51382;5;9;4;True
51383;4;9;5;True
51384;3;6;3;True
51385;6;12;6;True
51386;4;4;0;True
51387;4;8;4;True
51388;1;1;0;True
51389;4;8;4;True
51390;4;6;2;True
51391;2;2;0;True
51392;6;12;6;True
51393;3;4;1;True
51394;4;9;5;True
51395;6;9;3;True
51396;7;12;5;True
51397;0;0;0;True
51398;2;2;0;True
51399;5;9;4;True
51400;1;1;0;True
51401;7;16;9;True
51402;0;0;0;True
51403;1;1;0;True
51404;4;6;2;True
51405;0;0;0;True
51406;6;12;6;True
51407;7;16;9;True
51408;2;2;0;True
51409;6;16;10;True
51410;4;9;5;True
51411;4;12;8;True
51412;2;2;0;True
51413;3;3;0;True
51414;3;9;6;True
51415;5;12;7;True
51416;4;9;5;True
51417;5;12;7;True
51418;3;4;1;True
51419;5;9;4;True
51420;2;2;0;True
51421;4;4;0;True
51422;2;4;2;True
51423;7;16;9;True
51424;5;9;4;True
51425;2;2;0;True
51426;2;2;0;True
51427;4;6;2;True
51428;2;2;0;True
51429;4;9;5;True
51430;4;9;5;True
51431;3;6;3;True
51432;0;0;0;True
51433;1;1;0;True
51434;4;6;2;True
51435;2;4;2;True
51436;2;4;2;True
51437;6;12;6;True
51438;6;12;6;True
51439;5;9;4;True
51440;4;6;2;True
51441;3;3;0;True
51442;3;3;0;True
51443;7;16;9;True
51444;6;16;10;True
51445;1;1;0;True
51446;3;6;3;True
51447;5;9;4;True
51448;7;16;9;True
51449;5;9;4;True
51450;3;9;6;True
51451;3;6;3;True
51452;10;16;6;True
51453;5;9;4;True
51454;2;4;2;True
51455;2;4;2;True
51456;5;12;7;True
51457;5;16;11;True
51458;4;6;2;True
51459;6;9;3;True
51460;3;4;1;True
51461;4;6;2;True
51462;3;4;1;True
51463;8;16;8;True
51464;3;9;6;True
51465;2;2;0;True
51466;4;9;5;True
51467;2;4;2;True
51468;3;6;3;True
51469;3;6;3;True
51470;7;16;9;True
51471;1;1;0;True
51472;1;1;0;True
51473;3;4;1;True
51474;6;16;10;True
51475;3;3;0;True
51476;5;9;4;True
51477;6;8;2;True
51478;5;9;4;True
51479;3;9;6;True
51480;3;4;1;True
51481;4;9;5;True
51482;1;1;0;True
51483;5;9;4;True
51484;3;6;3;True
51485;3;6;3;True
51486;2;2;0;True
51487;3;3;0;True
51488;2;2;0;True
51489;5;12;7;True
51490;1;1;0;True
51491;3;6;3;True
51492;0;0;0;True
51493;3;9;6;True
51494;3;6;3;True
51495;2;4;2;True
51496;2;4;2;True
51497;2;4;2;True
51498;8;16;8;True
51499;4;6;2;True
51500;4;9;5;True
51501;2;4;2;True
51502;9;16;7;True
51503;2;2;0;True
51504;3;9;6;True
51505;5;9;4;True
51506;2;4;2;True
51507;2;2;0;True
51508;8;12;4;True
51509;5;12;7;True
51510;8;16;8;True
51511;1;1;0;True
51512;5;16;11;True
51513;7;12;5;True
51514;0;0;0;True
51515;4;12;8;True
51516;1;1;0;True
51517;3;6;3;True
51518;10;16;6;True
51519;2;4;2;True
51520;1;1;0;True
51521;6;12;6;True
51522;2;4;2;True
51523;4;6;2;True
51524;2;4;2;True
51525;3;6;3;True
51526;2;4;2;True
51527;1;1;0;True
51528;3;4;1;True
51529;3;6;3;True
51530;4;9;5;True
51531;6;9;3;True
51532;4;8;4;True
51533;7;16;9;True
51534;1;1;0;True
51535;4;9;5;True
51536;2;4;2;True
51537;5;8;3;True
51538;2;4;2;True
51539;2;2;0;True
51540;5;12;7;True
51541;3;4;1;True
51542;6;12;6;True
51543;5;12;7;True
51544;3;4;1;True
51545;3;6;3;True
51546;2;4;2;True
51547;2;2;0;True
51548;4;6;2;True
51549;4;8;4;True
51550;2;4;2;True
51551;7;16;9;True
51552;0;0;0;True
51553;8;12;4;True
51554;2;4;2;True
51555;3;6;3;True
51556;7;16;9;True
51557;5;9;4;True
51558;0;0;0;True
51559;0;0;0;True
51560;3;6;3;True
51561;0;0;0;True
51562;2;4;2;True
51563;8;12;4;True
51564;4;8;4;True
51565;5;9;4;True
51566;2;4;2;True
51567;7;16;9;True
51568;0;0;0;True
51569;8;12;4;True
51570;1;1;0;True
51571;6;16;10;True
51572;3;6;3;True
51573;9;16;7;True
51574;3;6;3;True
51575;0;0;0;True
51576;5;9;4;True
51577;2;2;0;True
51578;0;0;0;True
51579;2;2;0;True
51580;4;8;4;True
51581;1;1;0;True
51582;4;9;5;True
51583;5;9;4;True
51584;6;9;3;True
51585;8;12;4;True
51586;2;4;2;True
51587;1;1;0;True
51588;1;1;0;True
51589;4;9;5;True
51590;2;2;0;True
51591;3;4;1;True
51592;0;0;0;True
51593;3;6;3;True
51594;4;12;8;True
51595;0;0;0;True
51596;2;4;2;True
51597;5;12;7;True
51598;0;0;0;True
51599;0;0;0;True
51600;3;6;3;True
51601;2;2;0;True
51602;4;9;5;True
51603;5;9;4;True
51604;2;4;2;True
51605;4;8;4;True
51606;7;12;5;True
51607;2;2;0;True
51608;1;1;0;True
51609;8;16;8;True
51610;4;8;4;True
51611;1;1;0;True
51612;2;2;0;True
51613;1;1;0;True
51614;6;12;6;True
51615;2;2;0;True
51616;4;6;2;True
51617;3;4;1;True
51618;2;4;2;True
51619;6;12;6;True
51620;0;0;0;True
51621;2;4;2;True
51622;6;12;6;True
51623;5;12;7;True
51624;3;6;3;True
51625;2;4;2;True
51626;6;12;6;True
51627;3;6;3;True
51628;3;3;0;True
51629;3;9;6;True
51630;4;6;2;True
51631;7;16;9;True
51632;4;6;2;True
51633;2;4;2;True
51634;1;1;0;True
51635;7;12;5;True
51636;7;9;2;True
51637;3;6;3;True
51638;2;2;0;True
51639;4;9;5;True
51640;0;0;0;True
51641;0;0;0;True
51642;2;4;2;True
51643;6;16;10;True
51644;6;12;6;True
51645;4;8;4;True
51646;2;2;0;True
51647;6;16;10;True
51648;4;9;5;True
51649;5;9;4;True
51650;1;1;0;True
51651;2;2;0;True
51652;5;16;11;True
51653;0;0;0;True
51654;1;1;0;True
51655;4;9;5;True
51656;5;6;1;True
51657;1;1;0;True
51658;6;16;10;True
51659;3;6;3;True
51660;9;16;7;True
51661;1;1;0;True
51662;7;9;2;True
51663;1;1;0;True
51664;3;3;0;True
51665;1;1;0;True
51666;1;1;0;True
51667;1;1;0;True
51668;4;6;2;True
51669;3;3;0;True
51670;2;4;2;True
51671;3;4;1;True
51672;4;9;5;True
51673;2;2;0;True
51674;0;0;0;True
51675;9;16;7;True
51676;2;2;0;True
51677;4;12;8;True
51678;4;9;5;True
51679;3;6;3;True
51680;0;0;0;True
51681;5;9;4;True
51682;3;6;3;True
51683;6;12;6;True
51684;1;1;0;True
51685;8;12;4;True
51686;6;16;10;True
51687;4;9;5;True
51688;5;12;7;True
51689;8;16;8;True
51690;2;4;2;True
51691;2;2;0;True
51692;4;8;4;True
51693;5;12;7;True
51694;1;1;0;True
51695;3;4;1;True
51696;5;12;7;True
51697;2;4;2;True
51698;0;0;0;True
51699;0;0;0;True
51700;2;4;2;True
51701;1;1;0;True
51702;5;8;3;True
51703;2;4;2;True
51704;0;0;0;True
51705;1;1;0;True
51706;5;12;7;True
51707;4;9;5;True
51708;4;6;2;True
51709;4;9;5;True
51710;2;2;0;True
51711;6;12;6;True
51712;4;6;2;True
51713;5;9;4;True
51714;2;2;0;True
51715;3;4;1;True
51716;4;12;8;True
51717;6;12;6;True
51718;5;8;3;True
51719;4;9;5;True
51720;6;12;6;True
51721;2;4;2;True
51722;1;1;0;True
51723;7;12;5;True
51724;0;0;0;True
51725;8;16;8;True
51726;7;12;5;True
51727;0;0;0;True
51728;4;9;5;True
51729;0;0;0;True
51730;5;6;1;True
51731;0;0;0;True
51732;7;12;5;True
51733;5;9;4;True
51734;4;9;5;True
51735;4;16;12;True
51736;2;4;2;True
51737;1;1;0;True
51738;2;4;2;True
51739;4;16;12;True
51740;2;2;0;True
51741;4;9;5;True
51742;4;9;5;True
51743;8;12;4;True
51744;4;9;5;True
51745;3;6;3;True
51746;5;12;7;True
51747;7;8;1;True
51748;0;0;0;True
51749;2;2;0;True
51750;5;12;7;True
51751;5;12;7;True
51752;3;6;3;True
51753;7;12;5;True
51754;1;1;0;True
51755;6;16;10;True
51756;2;4;2;True
51757;3;4;1;True
51758;5;16;11;True
51759;0;0;0;True
51760;5;9;4;True
51761;5;12;7;True
51762;2;4;2;True
51763;5;12;7;True
51764;0;0;0;True
51765;4;6;2;True
51766;5;16;11;True
51767;4;12;8;True
51768;0;0;0;True
51769;5;12;7;True
51770;8;16;8;True
51771;2;2;0;True
51772;3;6;3;True
51773;5;12;7;True
51774;6;9;3;True
51775;3;4;1;True
51776;6;9;3;True
51777;1;1;0;True
51778;6;12;6;True
51779;3;6;3;True
51780;1;1;0;True
51781;0;0;0;True
51782;4;12;8;True
51783;4;6;2;True
51784;6;12;6;True
51785;7;12;5;True
51786;3;6;3;True
51787;0;0;0;True
51788;6;12;6;True
51789;6;16;10;True
51790;1;1;0;True
51791;2;4;2;True
51792;3;4;1;True
51793;4;6;2;True
51794;5;12;7;True
51795;1;1;0;True
51796;0;0;0;True
51797;3;6;3;True
51798;4;6;2;True
51799;4;9;5;True
51800;5;12;7;True
51801;2;4;2;True
51802;4;8;4;True
51803;2;4;2;True
51804;2;4;2;True
51805;2;2;0;True
51806;6;16;10;True
51807;2;2;0;True
51808;5;12;7;True
51809;2;4;2;True
51810;4;6;2;True
51811;7;16;9;True
51812;2;2;0;True
51813;8;16;8;True
51814;7;12;5;True
51815;5;12;7;True
51816;3;9;6;True
51817;5;9;4;True
51818;4;12;8;True
51819;5;12;7;True
51820;7;16;9;True
51821;4;9;5;True
51822;3;3;0;True
51823;8;16;8;True
51824;6;9;3;True
51825;4;8;4;True
51826;3;4;1;True
51827;3;4;1;True
51828;1;1;0;True
51829;2;2;0;True
51830;4;6;2;True
51831;1;1;0;True
51832;5;9;4;True
51833;3;9;6;True
51834;7;16;9;True
51835;3;6;3;True
51836;10;16;6;True
51837;3;6;3;True
51838;4;9;5;True
51839;6;12;6;True
51840;3;6;3;True
51841;3;6;3;True
51842;2;4;2;True
51843;6;12;6;True
51844;7;12;5;True
51845;3;4;1;True
51846;6;8;2;True
51847;4;9;5;True
51848;6;16;10;True
51849;3;3;0;True
51850;5;12;7;True
51851;3;6;3;True
51852;1;1;0;True
51853;5;9;4;True
51854;1;1;0;True
51855;1;1;0;True
51856;3;6;3;True
51857;4;9;5;True
51858;5;9;4;True
51859;2;4;2;True
51860;5;12;7;True
51861;7;8;1;True
51862;1;1;0;True
51863;2;4;2;True
51864;4;8;4;True
51865;3;6;3;True
51866;3;9;6;True
51867;5;12;7;True
51868;3;4;1;True
51869;4;4;0;True
51870;3;4;1;True
51871;1;1;0;True
51872;3;6;3;True
51873;8;12;4;True
51874;3;9;6;True
51875;0;0;0;True
51876;5;16;11;True
51877;4;6;2;True
51878;2;4;2;True
51879;0;0;0;True
51880;4;6;2;True
51881;0;0;0;True
51882;8;12;4;True
51883;1;1;0;True
51884;6;12;6;True
51885;4;6;2;True
51886;5;9;4;True
51887;6;12;6;True
51888;7;16;9;True
51889;5;9;4;True
51890;4;9;5;True
51891;8;16;8;True
51892;3;3;0;True
51893;2;4;2;True
51894;6;12;6;True
51895;4;16;12;True
51896;1;1;0;True
51897;4;12;8;True
51898;1;1;0;True
51899;6;12;6;True
51900;1;1;0;True
51901;4;9;5;True
51902;5;12;7;True
51903;3;6;3;True
51904;5;9;4;True
51905;5;12;7;True
51906;3;6;3;True
51907;4;6;2;True
51908;3;6;3;True
51909;1;1;0;True
51910;7;16;9;True
51911;3;4;1;True
51912;5;12;7;True
51913;7;16;9;True
51914;4;12;8;True
51915;4;12;8;True
51916;6;16;10;True
51917;4;8;4;True
51918;2;4;2;True
51919;5;16;11;True
51920;4;12;8;True
51921;3;6;3;True
51922;4;12;8;True
51923;3;3;0;True
51924;4;9;5;True
51925;4;6;2;True
51926;7;16;9;True
51927;6;9;3;True
51928;2;2;0;True
51929;2;4;2;True
51930;1;1;0;True
51931;6;16;10;True
51932;1;1;0;True
51933;1;1;0;True
51934;6;12;6;True
51935;1;1;0;True
51936;6;12;6;True
51937;2;4;2;True
51938;5;9;4;True
51939;1;1;0;True
51940;6;16;10;True
51941;4;9;5;True
51942;1;1;0;True
51943;2;4;2;True
51944;5;12;7;True
51945;4;12;8;True
51946;6;16;10;True
51947;4;9;5;True
51948;6;16;10;True
51949;3;4;1;True
51950;4;9;5;True
51951;1;1;0;True
51952;0;0;0;True
51953;8;12;4;True
51954;3;4;1;True
51955;5;12;7;True
51956;3;4;1;True
51957;8;16;8;True
51958;2;4;2;True
51959;3;6;3;True
51960;5;9;4;True
51961;2;4;2;True
51962;7;16;9;True
51963;5;12;7;True
51964;3;6;3;True
51965;5;6;1;True
51966;3;4;1;True
51967;3;4;1;True
51968;3;4;1;True
51969;3;9;6;True
51970;1;1;0;True
51971;6;16;10;True
51972;1;1;0;True
51973;3;9;6;True
51974;0;0;0;True
51975;4;12;8;True
51976;4;6;2;True
51977;4;6;2;True
51978;2;2;0;True
51979;5;12;7;True
51980;1;1;0;True
51981;2;2;0;True
51982;4;9;5;True
51983;2;4;2;True
51984;3;6;3;True
51985;3;3;0;True
51986;2;4;2;True
51987;1;1;0;True
51988;6;12;6;True
51989;4;6;2;True
51990;5;8;3;True
51991;5;6;1;True
51992;4;9;5;True
51993;2;2;0;True
51994;1;1;0;True
51995;7;16;9;True
51996;6;16;10;True
51997;4;9;5;True
51998;4;9;5;True
51999;5;12;7;True
52000;4;6;2;True
52001;3;6;3;True
52002;1;1;0;True
52003;5;9;4;True
52004;3;9;6;True
52005;1;1;0;True
52006;4;6;2;True
52007;7;12;5;True
52008;0;0;0;True
52009;6;16;10;True
52010;5;12;7;True
52011;6;16;10;True
52012;6;6;0;True
52013;2;2;0;True
52014;0;0;0;True
52015;1;1;0;True
52016;7;16;9;True
52017;0;0;0;True
52018;5;16;11;True
52019;3;4;1;True
52020;1;1;0;True
52021;4;9;5;True
52022;8;16;8;True
52023;5;12;7;True
52024;3;9;6;True
52025;0;0;0;True
52026;3;6;3;True
52027;3;6;3;True
52028;8;12;4;True
52029;4;9;5;True
52030;2;2;0;True
52031;4;9;5;True
52032;3;4;1;True
52033;5;12;7;True
52034;4;6;2;True
52035;3;4;1;True
52036;5;12;7;True
52037;1;1;0;True
52038;4;12;8;True
52039;0;0;0;True
52040;4;6;2;True
52041;1;1;0;True
52042;3;6;3;True
52043;3;9;6;True
52044;2;2;0;True
52045;5;6;1;True
52046;4;9;5;True
52047;7;12;5;True
52048;5;12;7;True
52049;3;4;1;True
52050;2;4;2;True
52051;8;16;8;True
52052;10;16;6;True
52053;7;12;5;True
52054;2;2;0;True
52055;3;6;3;True
52056;6;12;6;True
52057;2;4;2;True
52058;2;2;0;True
52059;1;1;0;True
52060;3;9;6;True
52061;7;16;9;True
52062;1;1;0;True
52063;4;9;5;True
52064;3;6;3;True
52065;4;6;2;True
52066;6;16;10;True
52067;5;6;1;True
52068;0;0;0;True
52069;3;6;3;True
52070;3;4;1;True
52071;9;16;7;True
52072;7;16;9;True
52073;3;4;1;True
52074;2;2;0;True
52075;5;9;4;True
52076;8;16;8;True
52077;3;6;3;True
52078;1;1;0;True
52079;2;2;0;True
52080;1;1;0;True
52081;4;12;8;True
52082;1;1;0;True
52083;4;12;8;True
52084;6;12;6;True
52085;5;12;7;True
52086;5;6;1;True
52087;3;6;3;True
52088;1;1;0;True
52089;7;16;9;True
52090;4;6;2;True
52091;1;1;0;True
52092;3;9;6;True
52093;3;9;6;True
52094;1;1;0;True
52095;7;16;9;True
52096;5;12;7;True
52097;0;0;0;True
52098;0;0;0;True
52099;2;2;0;True
52100;4;12;8;True
52101;3;4;1;True
52102;0;0;0;True
52103;0;0;0;True
52104;2;4;2;True
52105;4;12;8;True
52106;6;16;10;True
52107;5;8;3;True
52108;0;0;0;True
52109;3;9;6;True
52110;3;6;3;True
52111;7;16;9;True
52112;6;9;3;True
52113;5;9;4;True
52114;3;6;3;True
52115;3;6;3;True
52116;0;0;0;True
52117;8;12;4;True
52118;0;0;0;True
52119;4;9;5;True
52120;3;6;3;True
52121;3;6;3;True
52122;1;1;0;True
52123;2;2;0;True
52124;7;16;9;True
52125;4;9;5;True
52126;6;12;6;True
52127;1;1;0;True
52128;3;6;3;True
52129;4;9;5;True
52130;2;2;0;True
52131;6;12;6;True
52132;2;4;2;True
52133;3;6;3;True
52134;3;6;3;True
52135;3;4;1;True
52136;3;9;6;True
52137;7;16;9;True
52138;6;8;2;True
52139;3;6;3;True
52140;1;1;0;True
52141;5;6;1;True
52142;2;2;0;True
52143;0;0;0;True
52144;7;12;5;True
52145;5;6;1;True
52146;7;12;5;True
52147;2;4;2;True
52148;4;6;2;True
52149;4;6;2;True
52150;0;0;0;True
52151;3;9;6;True
52152;4;12;8;True
52153;0;0;0;True
52154;9;12;3;True
52155;3;6;3;True
52156;2;4;2;True
52157;3;4;1;True
52158;3;4;1;True
52159;2;4;2;True
52160;2;4;2;True
52161;5;12;7;True
52162;1;1;0;True
52163;8;16;8;True
52164;7;16;9;True
52165;5;12;7;True
52166;5;12;7;True
52167;5;9;4;True
52168;7;16;9;True
52169;3;6;3;True
52170;1;1;0;True
52171;3;4;1;True
52172;2;4;2;True
52173;8;12;4;True
52174;7;16;9;True
52175;0;0;0;True
52176;1;1;0;True
52177;2;4;2;True
52178;3;3;0;True
52179;2;4;2;True
52180;2;4;2;True
52181;5;9;4;True
52182;4;8;4;True
52183;5;12;7;True
52184;4;6;2;True
52185;2;2;0;True
52186;6;12;6;True
52187;5;12;7;True
52188;3;4;1;True
52189;8;16;8;True
52190;2;4;2;True
52191;8;16;8;True
52192;0;0;0;True
52193;0;0;0;True
52194;2;4;2;True
52195;3;4;1;True
52196;4;12;8;True
52197;7;12;5;True
52198;4;12;8;True
52199;2;4;2;True
52200;6;16;10;True
52201;4;6;2;True
52202;10;16;6;True
52203;1;1;0;True
52204;8;16;8;True
52205;4;9;5;True
52206;6;12;6;True
52207;4;9;5;True
52208;3;6;3;True
52209;4;9;5;True
52210;0;0;0;True
52211;4;6;2;True
52212;4;9;5;True
52213;5;12;7;True
52214;3;4;1;True
52215;7;16;9;True
52216;1;1;0;True
52217;3;6;3;True
52218;1;1;0;True
52219;4;6;2;True
52220;2;2;0;True
52221;9;16;7;True
52222;2;2;0;True
52223;7;16;9;True
52224;7;16;9;True
52225;4;6;2;True
52226;1;1;0;True
52227;0;0;0;True
52228;3;6;3;True
52229;4;12;8;True
52230;5;12;7;True
52231;2;2;0;True
52232;8;12;4;True
52233;1;1;0;True
52234;1;1;0;True
52235;1;1;0;True
52236;1;1;0;True
52237;1;1;0;True
52238;3;6;3;True
52239;2;4;2;True
52240;4;4;0;True
52241;3;4;1;True
52242;4;6;2;True
52243;1;1;0;True
52244;0;0;0;True
52245;8;12;4;True
52246;3;6;3;True
52247;6;16;10;True
52248;4;6;2;True
52249;4;6;2;True
52250;6;12;6;True
52251;4;12;8;True
52252;4;9;5;True
52253;4;9;5;True
52254;1;1;0;True
52255;7;12;5;True
52256;2;2;0;True
52257;5;9;4;True
52258;6;16;10;True
52259;5;12;7;True
52260;1;1;0;True
52261;6;16;10;True
52262;5;8;3;True
52263;11;16;5;True
52264;3;9;6;True
52265;2;2;0;True
52266;6;9;3;True
52267;7;12;5;True
52268;6;16;10;True
52269;6;16;10;True
52270;4;9;5;True
52271;4;6;2;True
52272;6;16;10;True
52273;4;6;2;True
52274;6;12;6;True
52275;2;2;0;True
52276;5;9;4;True
52277;3;6;3;True
52278;11;16;5;True
52279;3;4;1;True
52280;1;1;0;True
52281;3;6;3;True
52282;4;6;2;True
52283;3;6;3;True
52284;3;6;3;True
52285;4;9;5;True
52286;1;1;0;True
52287;4;9;5;True
52288;3;4;1;True
52289;7;16;9;True
52290;4;6;2;True
52291;6;12;6;True
52292;3;4;1;True
52293;7;16;9;True
52294;3;9;6;True
52295;3;6;3;True
52296;6;12;6;True
52297;0;0;0;True
52298;3;6;3;True
52299;2;4;2;True
52300;7;12;5;True
52301;9;12;3;True
52302;5;12;7;True
52303;0;0;0;True
52304;2;2;0;True
52305;3;4;1;True
52306;4;9;5;True
52307;2;2;0;True
52308;4;12;8;True
52309;4;6;2;True
52310;4;8;4;True
52311;2;4;2;True
52312;3;6;3;True
52313;1;1;0;True
52314;5;16;11;True
52315;1;1;0;True
52316;2;4;2;True
52317;5;12;7;True
52318;2;2;0;True
52319;2;4;2;True
52320;5;9;4;True
52321;3;6;3;True
52322;3;6;3;True
52323;4;6;2;True
52324;4;9;5;True
52325;2;4;2;True
52326;4;9;5;True
52327;5;12;7;True
52328;1;1;0;True
52329;6;12;6;True
52330;5;9;4;True
52331;4;6;2;True
52332;2;2;0;True
52333;3;6;3;True
52334;7;16;9;True
52335;8;12;4;True
52336;1;1;0;True
52337;4;9;5;True
52338;4;12;8;True
52339;4;9;5;True
52340;5;12;7;True
52341;4;9;5;True
52342;4;8;4;True
52343;1;1;0;True
52344;4;9;5;True
52345;4;4;0;True
52346;6;12;6;True
52347;3;4;1;True
52348;5;9;4;True
52349;7;12;5;True
52350;3;6;3;True
52351;2;2;0;True
52352;6;12;6;True
52353;5;16;11;True
52354;2;4;2;True
52355;2;2;0;True
52356;3;6;3;True
52357;7;16;9;True
52358;3;6;3;True
52359;2;2;0;True
52360;6;12;6;True
52361;4;6;2;True
52362;4;9;5;True
52363;2;4;2;True
52364;7;16;9;True
52365;2;4;2;True
52366;7;8;1;True
52367;4;6;2;True
52368;3;6;3;True
52369;4;9;5;True
52370;3;4;1;True
52371;4;8;4;True
52372;7;9;2;True
52373;7;16;9;True
52374;6;12;6;True
52375;2;4;2;True
52376;5;6;1;True
52377;4;6;2;True
52378;2;2;0;True
52379;3;6;3;True
52380;5;8;3;True
52381;3;6;3;True
52382;4;9;5;True
52383;1;1;0;True
52384;3;4;1;True
52385;2;4;2;True
52386;3;4;1;True
52387;3;6;3;True
52388;0;0;0;True
52389;2;2;0;True
52390;3;6;3;True
52391;5;9;4;True
52392;9;16;7;True
52393;2;4;2;True
52394;2;2;0;True
52395;4;9;5;True
52396;6;8;2;True
52397;4;6;2;True
52398;7;16;9;True
52399;7;12;5;True
52400;0;0;0;True
52401;8;16;8;True
52402;3;6;3;True
52403;4;9;5;True
52404;6;16;10;True
52405;8;16;8;True
52406;3;4;1;True
52407;4;9;5;True
52408;6;12;6;True
52409;2;4;2;True
52410;1;1;0;True
52411;8;16;8;True
52412;8;16;8;True
52413;6;9;3;True
52414;6;12;6;True
52415;7;12;5;True
52416;8;12;4;True
52417;4;6;2;True
52418;1;1;0;True
52419;4;9;5;True
52420;5;12;7;True
52421;4;6;2;True
52422;7;12;5;True
52423;5;12;7;True
52424;2;4;2;True
52425;1;1;0;True
52426;4;12;8;True
52427;9;16;7;True
52428;1;1;0;True
52429;5;9;4;True
52430;4;8;4;True
52431;2;2;0;True
52432;3;6;3;True
52433;6;9;3;True
52434;7;16;9;True
52435;5;12;7;True
52436;5;8;3;True
52437;10;16;6;True
52438;7;16;9;True
52439;2;4;2;True
52440;1;1;0;True
52441;4;6;2;True
52442;0;0;0;True
52443;6;12;6;True
52444;8;16;8;True
52445;9;16;7;True
52446;7;12;5;True
52447;4;9;5;True
52448;4;9;5;True
52449;2;2;0;True
52450;1;1;0;True
52451;6;12;6;True
52452;8;12;4;True
52453;2;4;2;True
52454;6;16;10;True
52455;0;0;0;True
52456;4;4;0;True
52457;4;6;2;True
52458;5;9;4;True
52459;6;16;10;True
52460;4;9;5;True
52461;3;6;3;True
52462;6;12;6;True
52463;3;6;3;True
52464;3;9;6;True
52465;3;6;3;True
52466;1;1;0;True
52467;7;9;2;True
52468;4;12;8;True
52469;5;12;7;True
52470;9;16;7;True
52471;3;6;3;True
52472;6;12;6;True
52473;2;2;0;True
52474;4;9;5;True
52475;1;1;0;True
52476;6;9;3;True
52477;3;4;1;True
52478;1;1;0;True
52479;1;1;0;True
52480;0;0;0;True
52481;5;12;7;True
52482;8;16;8;True
52483;4;6;2;True
52484;8;16;8;True
52485;2;4;2;True
52486;4;6;2;True
52487;6;12;6;True
52488;1;1;0;True
52489;2;4;2;True
52490;1;1;0;True
52491;2;4;2;True
52492;5;9;4;True
52493;4;9;5;True
52494;12;16;4;True
52495;5;9;4;True
52496;2;2;0;True
52497;0;0;0;True
52498;3;9;6;True
52499;3;6;3;True
52500;5;8;3;True
52501;3;9;6;True
52502;3;6;3;True
52503;2;2;0;True
52504;6;16;10;True
52505;0;0;0;True
52506;2;4;2;True
52507;2;4;2;True
52508;2;4;2;True
52509;7;12;5;True
52510;0;0;0;True
52511;4;6;2;True
52512;7;16;9;True
52513;5;6;1;True
52514;4;9;5;True
52515;3;6;3;True
52516;0;0;0;True
52517;2;2;0;True
52518;8;16;8;True
52519;0;0;0;True
52520;3;6;3;True
52521;6;8;2;True
52522;4;9;5;True
52523;4;8;4;True
52524;1;1;0;True
52525;5;12;7;True
52526;4;6;2;True
52527;3;4;1;True
52528;5;9;4;True
52529;2;4;2;True
52530;2;2;0;True
52531;4;12;8;True
52532;5;12;7;True
52533;4;8;4;True
52534;4;6;2;True
52535;1;1;0;True
52536;3;6;3;True
52537;6;9;3;True
52538;6;12;6;True
52539;2;4;2;True
52540;5;12;7;True
52541;3;4;1;True
52542;3;6;3;True
52543;7;16;9;True
52544;2;4;2;True
52545;6;12;6;True
52546;8;12;4;True
52547;6;12;6;True
52548;5;12;7;True
52549;4;9;5;True
52550;0;0;0;True
52551;4;9;5;True
52552;5;16;11;True
52553;1;1;0;True
52554;2;4;2;True
52555;4;12;8;True
52556;3;6;3;True
52557;3;6;3;True
52558;7;12;5;True
52559;3;4;1;True
52560;4;8;4;True
52561;2;2;0;True
52562;0;0;0;True
52563;2;4;2;True
52564;1;1;0;True
52565;2;4;2;True
52566;5;9;4;True
52567;7;12;5;True
52568;3;4;1;True
52569;2;4;2;True
52570;3;6;3;True
52571;5;9;4;True
52572;1;1;0;True
52573;6;16;10;True
52574;5;16;11;True
52575;7;16;9;True
52576;4;12;8;True
52577;3;9;6;True
52578;2;2;0;True
52579;6;12;6;True
52580;3;4;1;True
52581;6;16;10;True
52582;2;4;2;True
52583;3;4;1;True
52584;4;6;2;True
52585;1;1;0;True
52586;8;12;4;True
52587;6;12;6;True
52588;6;12;6;True
52589;1;1;0;True
52590;3;6;3;True
52591;2;4;2;True
52592;4;6;2;True
52593;3;6;3;True
52594;1;1;0;True
52595;4;6;2;True
52596;4;9;5;True
52597;3;4;1;True
52598;4;9;5;True
52599;3;6;3;True
52600;5;9;4;True
52601;8;16;8;True
52602;2;4;2;True
52603;2;4;2;True
52604;4;6;2;True
52605;2;4;2;True
52606;4;9;5;True
52607;6;9;3;True
52608;0;0;0;True
52609;5;12;7;True
52610;7;16;9;True
52611;2;4;2;True
52612;0;0;0;True
52613;0;0;0;True
52614;3;6;3;True
52615;7;16;9;True
52616;6;16;10;True
52617;6;6;0;True
52618;2;2;0;True
52619;3;9;6;True
52620;3;6;3;True
52621;4;9;5;True
52622;8;16;8;True
52623;1;1;0;True
52624;5;12;7;True
52625;5;9;4;True
52626;5;16;11;True
52627;5;9;4;True
52628;3;6;3;True
52629;4;6;2;True
52630;4;12;8;True
52631;4;6;2;True
52632;0;0;0;True
52633;3;6;3;True
52634;4;12;8;True
52635;2;4;2;True
52636;2;2;0;True
52637;0;0;0;True
52638;7;16;9;True
52639;7;12;5;True
52640;2;2;0;True
52641;2;4;2;True
52642;5;12;7;True
52643;4;6;2;True
52644;0;0;0;True
52645;6;12;6;True
52646;3;6;3;True
52647;4;9;5;True
52648;0;0;0;True
52649;3;4;1;True
52650;8;16;8;True
52651;2;4;2;True
52652;1;1;0;True
52653;5;9;4;True
52654;5;12;7;True
52655;7;16;9;True
52656;1;1;0;True
52657;1;1;0;True
52658;0;0;0;True
52659;4;12;8;True
52660;2;2;0;True
52661;2;4;2;True
52662;1;1;0;True
52663;7;12;5;True
52664;0;0;0;True
52665;2;4;2;True
52666;8;16;8;True
52667;4;12;8;True
52668;3;4;1;True
52669;2;4;2;True
52670;5;9;4;True
52671;5;9;4;True
52672;1;1;0;True
52673;4;9;5;True
52674;3;6;3;True
52675;5;12;7;True
52676;4;12;8;True
52677;3;6;3;True
52678;1;1;0;True
52679;3;4;1;True
52680;6;6;0;True
52681;5;9;4;True
52682;6;16;10;True
52683;5;9;4;True
52684;4;12;8;True
52685;1;1;0;True
52686;7;12;5;True
52687;3;6;3;True
52688;8;12;4;True
52689;5;12;7;True
52690;2;4;2;True
52691;3;6;3;True
52692;4;9;5;True
52693;5;12;7;True
52694;9;16;7;True
52695;2;4;2;True
52696;5;12;7;True
52697;0;0;0;True
52698;2;4;2;True
52699;3;6;3;True
52700;2;4;2;True
52701;4;6;2;True
52702;4;9;5;True
52703;2;4;2;True
52704;3;4;1;True
52705;5;12;7;True
52706;0;0;0;True
52707;6;16;10;True
52708;2;4;2;True
52709;2;2;0;True
52710;6;12;6;True
52711;5;9;4;True
52712;2;2;0;True
52713;4;9;5;True
52714;0;0;0;True
52715;4;12;8;True
52716;1;1;0;True
52717;2;2;0;True
52718;6;16;10;True
52719;4;9;5;True
52720;6;16;10;True
52721;5;12;7;True
52722;2;4;2;True
52723;1;1;0;True
52724;3;4;1;True
52725;3;6;3;True
52726;3;6;3;True
52727;3;6;3;True
52728;1;1;0;True
52729;3;6;3;True
52730;6;9;3;True
52731;5;12;7;True
52732;6;12;6;True
52733;1;1;0;True
52734;10;16;6;True
52735;5;16;11;True
52736;4;9;5;True
52737;8;16;8;True
52738;1;1;0;True
52739;6;16;10;True
52740;2;4;2;True
52741;8;12;4;True
52742;8;16;8;True
52743;1;1;0;True
52744;1;1;0;True
52745;4;9;5;True
52746;2;2;0;True
52747;1;1;0;True
52748;6;12;6;True
52749;5;12;7;True
52750;2;2;0;True
52751;7;12;5;True
52752;6;12;6;True
52753;1;1;0;True
52754;4;6;2;True
52755;4;9;5;True
52756;1;1;0;True
52757;5;12;7;True
52758;4;12;8;True
52759;1;1;0;True
52760;5;9;4;True
52761;3;4;1;True
52762;1;1;0;True
52763;2;2;0;True
52764;5;12;7;True
52765;5;12;7;True
52766;2;4;2;True
52767;2;4;2;True
52768;1;1;0;True
52769;2;4;2;True
52770;5;9;4;True
52771;3;6;3;True
52772;1;1;0;True
52773;3;9;6;True
52774;1;1;0;True
52775;2;2;0;True
52776;3;6;3;True
52777;5;9;4;True
52778;6;12;6;True
52779;1;1;0;True
52780;2;2;0;True
52781;2;2;0;True
52782;4;9;5;True
52783;4;6;2;True
52784;1;1;0;True
52785;0;0;0;True
52786;10;16;6;True
52787;2;2;0;True
52788;0;0;0;True
52789;4;12;8;True
52790;2;4;2;True
52791;3;4;1;True
52792;2;2;0;True
52793;7;12;5;True
52794;3;9;6;True
52795;4;6;2;True
52796;2;2;0;True
52797;4;9;5;True
52798;1;1;0;True
52799;1;1;0;True
52800;4;9;5;True
52801;6;12;6;True
52802;7;12;5;True
52803;0;0;0;True
52804;10;16;6;True
52805;4;9;5;True
52806;6;12;6;True
52807;7;16;9;True
52808;6;16;10;True
52809;12;16;4;True
52810;7;12;5;True
52811;2;2;0;True
52812;4;9;5;True
52813;1;1;0;True
52814;1;1;0;True
52815;8;16;8;True
52816;9;16;7;True
52817;3;6;3;True
52818;3;4;1;True
52819;4;8;4;True
52820;2;2;0;True
52821;7;12;5;True
52822;1;1;0;True
52823;3;6;3;True
52824;4;6;2;True
52825;4;6;2;True
52826;2;4;2;True
52827;6;12;6;True
52828;0;0;0;True
52829;5;12;7;True
52830;1;1;0;True
52831;7;12;5;True
52832;4;9;5;True
52833;0;0;0;True
52834;3;6;3;True
52835;0;0;0;True
52836;3;6;3;True
52837;3;6;3;True
52838;2;4;2;True
52839;2;2;0;True
52840;2;4;2;True
52841;4;9;5;True
52842;2;4;2;True
52843;1;1;0;True
52844;4;9;5;True
52845;5;9;4;True
52846;4;9;5;True
52847;5;12;7;True
52848;6;9;3;True
52849;3;6;3;True
52850;3;3;0;True
52851;2;4;2;True
52852;5;12;7;True
52853;3;9;6;True
52854;3;6;3;True
52855;3;9;6;True
52856;7;12;5;True
52857;5;12;7;True
52858;2;4;2;True
52859;4;9;5;True
52860;0;0;0;True
52861;1;1;0;True
52862;5;8;3;True
52863;4;6;2;True
52864;3;9;6;True
52865;3;6;3;True
52866;3;4;1;True
52867;3;6;3;True
52868;7;16;9;True
52869;3;6;3;True
52870;0;0;0;True
52871;4;6;2;True
52872;4;9;5;True
52873;4;12;8;True
52874;0;0;0;True
52875;1;1;0;True
52876;3;6;3;True
52877;3;6;3;True
52878;4;12;8;True
52879;4;6;2;True
52880;3;6;3;True
52881;4;6;2;True
52882;3;6;3;True
52883;4;8;4;True
52884;4;9;5;True
52885;4;6;2;True
52886;6;9;3;True
52887;5;9;4;True
52888;1;1;0;True
52889;3;4;1;True
52890;1;1;0;True
52891;4;6;2;True
52892;4;9;5;True
52893;3;6;3;True
52894;5;9;4;True
52895;1;1;0;True
52896;2;4;2;True
52897;2;4;2;True
52898;5;12;7;True
52899;6;9;3;True
52900;5;9;4;True
52901;3;3;0;True
52902;5;9;4;True
52903;4;9;5;True
52904;5;12;7;True
52905;6;16;10;True
52906;5;12;7;True
52907;5;6;1;True
52908;4;12;8;True
52909;1;1;0;True
52910;6;12;6;True
52911;2;2;0;True
52912;3;6;3;True
52913;1;1;0;True
52914;6;12;6;True
52915;4;9;5;True
52916;5;9;4;True
52917;3;6;3;True
52918;4;6;2;True
52919;6;12;6;True
52920;5;12;7;True
52921;8;16;8;True
52922;8;16;8;True
52923;6;16;10;True
52924;2;2;0;True
52925;1;1;0;True
52926;1;1;0;True
52927;1;1;0;True
52928;3;6;3;True
52929;3;6;3;True
52930;3;6;3;True
52931;4;9;5;True
52932;1;1;0;True
52933;7;12;5;True
52934;5;12;7;True
52935;2;2;0;True
52936;6;16;10;True
52937;7;16;9;True
52938;12;16;4;True
52939;3;6;3;True
52940;1;1;0;True
52941;5;12;7;True
52942;2;4;2;True
52943;4;6;2;True
52944;0;0;0;True
52945;2;2;0;True
52946;5;12;7;True
52947;1;1;0;True
52948;5;6;1;True
52949;4;6;2;True
52950;2;4;2;True
52951;1;1;0;True
52952;3;4;1;True
52953;3;4;1;True
52954;5;9;4;True
52955;3;4;1;True
52956;8;16;8;True
52957;7;16;9;True
52958;2;4;2;True
52959;3;4;1;True
52960;5;12;7;True
52961;4;9;5;True
52962;7;16;9;True
52963;6;12;6;True
52964;2;2;0;True
52965;5;12;7;True
52966;2;2;0;True
52967;5;12;7;True
52968;6;12;6;True
52969;8;16;8;True
52970;4;6;2;True
52971;2;2;0;True
52972;4;6;2;True
52973;0;0;0;True
52974;0;0;0;True
52975;5;16;11;True
52976;5;12;7;True
52977;6;12;6;True
52978;5;9;4;True
52979;1;1;0;True
52980;5;9;4;True
52981;4;12;8;True
52982;1;1;0;True
52983;3;6;3;True
52984;6;16;10;True
52985;4;6;2;True
52986;3;6;3;True
52987;5;12;7;True
52988;3;6;3;True
52989;2;4;2;True
52990;5;12;7;True
52991;2;2;0;True
52992;2;4;2;True
52993;5;12;7;True
52994;3;6;3;True
52995;7;12;5;True
52996;6;16;10;True
52997;2;2;0;True
52998;3;6;3;True
52999;1;1;0;True
53000;1;1;0;True
53001;3;6;3;True
53002;3;9;6;True
53003;2;4;2;True
53004;5;16;11;True
53005;6;12;6;True
53006;6;12;6;True
53007;3;4;1;True
53008;2;4;2;True
53009;2;4;2;True
53010;0;0;0;True
53011;1;1;0;True
53012;6;9;3;True
53013;2;2;0;True
53014;4;6;2;True
53015;4;9;5;True
53016;1;1;0;True
53017;5;6;1;True
53018;1;1;0;True
53019;3;9;6;True
53020;4;6;2;True
53021;2;2;0;True
53022;4;6;2;True
53023;1;1;0;True
53024;0;0;0;True
53025;7;16;9;True
53026;4;12;8;True
53027;5;16;11;True
53028;9;16;7;True
53029;3;6;3;True
53030;2;2;0;True
53031;0;0;0;True
53032;2;4;2;True
53033;4;12;8;True
53034;3;9;6;True
53035;4;12;8;True
53036;2;4;2;True
53037;3;6;3;True
53038;0;0;0;True
53039;4;9;5;True
53040;3;9;6;True
53041;8;16;8;True
53042;3;6;3;True
53043;3;9;6;True
53044;3;9;6;True
53045;3;3;0;True
53046;5;6;1;True
53047;6;9;3;True
53048;8;16;8;True
53049;4;12;8;True
53050;10;16;6;True
53051;5;8;3;True
53052;4;12;8;True
53053;2;4;2;True
53054;5;9;4;True
53055;3;6;3;True
53056;6;16;10;True
53057;6;16;10;True
53058;6;12;6;True
53059;5;8;3;True
53060;2;4;2;True
53061;6;12;6;True
53062;2;2;0;True
53063;3;6;3;True
53064;4;9;5;True
53065;1;1;0;True
53066;2;4;2;True
53067;1;1;0;True
53068;10;16;6;True
53069;8;16;8;True
53070;2;2;0;True
53071;3;4;1;True
53072;4;9;5;True
53073;2;2;0;True
53074;2;4;2;True
53075;2;4;2;True
53076;4;8;4;True
53077;9;16;7;True
53078;6;12;6;True
53079;3;6;3;True
53080;2;4;2;True
53081;8;12;4;True
53082;11;16;5;True
53083;0;0;0;True
53084;3;4;1;True
53085;4;12;8;True
53086;0;0;0;True
53087;4;4;0;True
53088;5;9;4;True
53089;0;0;0;True
53090;8;16;8;True
53091;7;12;5;True
53092;7;16;9;True
53093;4;9;5;True
53094;3;9;6;True
53095;4;12;8;True
53096;2;4;2;True
53097;2;2;0;True
53098;6;16;10;True
53099;1;1;0;True
53100;5;12;7;True
53101;8;16;8;True
53102;3;6;3;True
53103;5;9;4;True
53104;1;1;0;True
53105;7;16;9;True
53106;1;1;0;True
53107;1;1;0;True
53108;3;9;6;True
53109;1;1;0;True
53110;7;16;9;True
53111;6;16;10;True
53112;1;1;0;True
53113;5;12;7;True
53114;7;12;5;True
53115;3;6;3;True
53116;2;2;0;True
53117;6;12;6;True
53118;2;4;2;True
53119;3;6;3;True
53120;7;16;9;True
53121;4;9;5;True
53122;0;0;0;True
53123;2;4;2;True
53124;2;2;0;True
53125;2;4;2;True
53126;6;12;6;True
53127;3;6;3;True
53128;2;4;2;True
53129;5;12;7;True
53130;2;2;0;True
53131;3;6;3;True
53132;0;0;0;True
53133;5;6;1;True
53134;2;2;0;True
53135;4;6;2;True
53136;4;9;5;True
53137;8;16;8;True
53138;4;6;2;True
53139;3;6;3;True
53140;6;12;6;True
53141;3;9;6;True
53142;3;4;1;True
53143;4;9;5;True
53144;1;1;0;True
53145;3;6;3;True
53146;0;0;0;True
53147;6;9;3;True
53148;3;4;1;True
53149;4;12;8;True
53150;3;6;3;True
53151;4;8;4;True
53152;1;1;0;True
53153;6;12;6;True
53154;3;6;3;True
53155;6;12;6;True
53156;2;2;0;True
53157;3;4;1;True
53158;3;9;6;True
53159;1;1;0;True
53160;2;2;0;True
53161;3;6;3;True
53162;2;4;2;True
53163;1;1;0;True
53164;1;1;0;True
53165;4;9;5;True
53166;9;12;3;True
53167;0;0;0;True
53168;5;12;7;True
53169;0;0;0;True
53170;2;4;2;True
53171;6;16;10;True
53172;5;16;11;True
53173;6;12;6;True
53174;5;12;7;True
53175;8;12;4;True
53176;3;6;3;True
53177;4;9;5;True
53178;3;9;6;True
53179;3;4;1;True
53180;6;9;3;True
53181;2;2;0;True
53182;6;16;10;True
53183;6;16;10;True
53184;1;1;0;True
53185;2;4;2;True
53186;4;6;2;True
53187;1;1;0;True
53188;1;1;0;True
53189;4;6;2;True
53190;4;6;2;True
53191;8;16;8;True
53192;5;12;7;True
53193;3;6;3;True
53194;9;16;7;True
53195;3;4;1;True
53196;3;6;3;True
53197;3;4;1;True
53198;8;16;8;True
53199;4;12;8;True
53200;2;2;0;True
53201;3;3;0;True
53202;8;16;8;True
53203;4;8;4;True
53204;1;1;0;True
53205;11;16;5;True
53206;1;1;0;True
53207;1;1;0;True
53208;3;9;6;True
53209;5;12;7;True
53210;3;9;6;True
53211;1;1;0;True
53212;2;4;2;True
53213;8;16;8;True
53214;8;16;8;True
53215;2;4;2;True
53216;5;8;3;True
53217;4;6;2;True
53218;2;4;2;True
53219;7;12;5;True
53220;0;0;0;True
53221;10;16;6;True
53222;4;6;2;True
53223;5;9;4;True
53224;11;16;5;True
53225;6;9;3;True
53226;0;0;0;True
53227;4;12;8;True
53228;0;0;0;True
53229;2;2;0;True
53230;3;9;6;True
53231;2;4;2;True
53232;2;2;0;True
53233;7;16;9;True
53234;3;6;3;True
53235;2;2;0;True
53236;6;9;3;True
53237;3;9;6;True
53238;0;0;0;True
53239;2;4;2;True
53240;3;6;3;True
53241;4;6;2;True
53242;0;0;0;True
53243;3;4;1;True
53244;4;12;8;True
53245;7;16;9;True
53246;0;0;0;True
53247;5;9;4;True
53248;5;12;7;True
53249;1;1;0;True
53250;3;6;3;True
53251;1;1;0;True
53252;5;6;1;True
53253;5;9;4;True
53254;0;0;0;True
53255;5;12;7;True
53256;3;6;3;True
53257;0;0;0;True
53258;2;4;2;True
53259;0;0;0;True
53260;6;9;3;True
53261;2;2;0;True
53262;6;12;6;True
53263;8;16;8;True
53264;3;6;3;True
53265;1;1;0;True
53266;2;2;0;True
53267;2;2;0;True
53268;1;1;0;True
53269;2;4;2;True
53270;12;16;4;True
53271;5;8;3;True
53272;3;6;3;True
53273;6;9;3;True
53274;8;16;8;True
53275;5;9;4;True
53276;4;6;2;True
53277;2;2;0;True
53278;7;16;9;True
53279;5;12;7;True
53280;6;12;6;True
53281;5;12;7;True
53282;5;16;11;True
53283;2;4;2;True
53284;5;8;3;True
53285;2;4;2;True
53286;4;6;2;True
53287;4;9;5;True
53288;5;12;7;True
53289;9;16;7;True
53290;6;16;10;True
53291;4;8;4;True
53292;5;12;7;True
53293;9;16;7;True
53294;5;12;7;True
53295;3;9;6;True
53296;5;12;7;True
53297;3;4;1;True
53298;1;1;0;True
53299;9;16;7;True
53300;9;16;7;True
53301;2;2;0;True
53302;1;1;0;True
53303;5;9;4;True
53304;3;6;3;True
53305;3;6;3;True
53306;5;9;4;True
53307;1;1;0;True
53308;0;0;0;True
53309;4;6;2;True
53310;3;6;3;True
53311;4;6;2;True
53312;6;12;6;True
53313;2;4;2;True
53314;1;1;0;True
53315;8;16;8;True
53316;6;16;10;True
53317;2;4;2;True
53318;1;1;0;True
53319;5;12;7;True
53320;5;12;7;True
53321;2;4;2;True
53322;7;12;5;True
53323;2;4;2;True
53324;5;9;4;True
53325;1;1;0;True
53326;5;9;4;True
53327;5;12;7;True
53328;2;4;2;True
53329;4;9;5;True
53330;6;12;6;True
53331;4;9;5;True
53332;1;1;0;True
53333;2;2;0;True
53334;5;9;4;True
53335;4;4;0;True
53336;5;16;11;True
53337;6;16;10;True
53338;0;0;0;True
53339;7;16;9;True
53340;4;6;2;True
53341;6;16;10;True
53342;1;1;0;True
53343;2;4;2;True
53344;1;1;0;True
53345;9;16;7;True
53346;1;1;0;True
53347;2;2;0;True
53348;5;16;11;True
53349;2;2;0;True
53350;3;6;3;True
53351;1;1;0;True
53352;4;6;2;True
53353;3;4;1;True
53354;2;4;2;True
53355;3;6;3;True
53356;6;9;3;True
53357;2;2;0;True
53358;4;9;5;True
53359;2;2;0;True
53360;6;16;10;True
53361;3;4;1;True
53362;5;8;3;True
53363;6;12;6;True
53364;2;4;2;True
53365;2;2;0;True
53366;1;1;0;True
53367;4;6;2;True
53368;5;9;4;True
53369;6;16;10;True
53370;7;12;5;True
53371;0;0;0;True
53372;1;1;0;True
53373;4;12;8;True
53374;4;12;8;True
53375;4;9;5;True
53376;6;12;6;True
53377;2;4;2;True
53378;10;16;6;True
53379;1;1;0;True
53380;8;12;4;True
53381;4;9;5;True
53382;2;4;2;True
53383;6;12;6;True
53384;6;16;10;True
53385;2;4;2;True
53386;1;1;0;True
53387;4;6;2;True
53388;4;9;5;True
53389;1;1;0;True
53390;1;1;0;True
53391;0;0;0;True
53392;2;2;0;True
53393;6;12;6;True
53394;4;9;5;True
53395;4;6;2;True
53396;0;0;0;True
53397;2;4;2;True
53398;2;4;2;True
53399;3;6;3;True
53400;1;1;0;True
53401;1;1;0;True
53402;2;4;2;True
53403;5;16;11;True
53404;2;4;2;True
53405;1;1;0;True
53406;5;9;4;True
53407;3;6;3;True
53408;0;0;0;True
53409;3;6;3;True
53410;3;4;1;True
53411;3;6;3;True
53412;4;6;2;True
53413;6;16;10;True
53414;4;6;2;True
53415;0;0;0;True
53416;1;1;0;True
53417;8;16;8;True
53418;1;1;0;True
53419;4;6;2;True
53420;3;9;6;True
53421;2;2;0;True
53422;5;12;7;True
53423;5;6;1;True
53424;0;0;0;True
53425;6;9;3;True
53426;0;0;0;True
53427;0;0;0;True
53428;6;9;3;True
53429;5;12;7;True
53430;3;6;3;True
53431;3;6;3;True
53432;9;16;7;True
53433;7;9;2;True
53434;2;4;2;True
53435;4;9;5;True
53436;5;9;4;True
53437;3;6;3;True
53438;7;9;2;True
53439;3;9;6;True
53440;3;4;1;True
53441;5;9;4;True
53442;0;0;0;True
53443;0;0;0;True
53444;4;8;4;True
53445;3;6;3;True
53446;1;1;0;True
53447;1;1;0;True
53448;7;12;5;True
53449;3;6;3;True
53450;2;4;2;True
53451;3;6;3;True
53452;7;16;9;True
53453;3;4;1;True
53454;2;4;2;True
53455;6;12;6;True
53456;6;12;6;True
53457;1;1;0;True
53458;7;12;5;True
53459;5;6;1;True
53460;5;9;4;True
53461;5;9;4;True
53462;2;4;2;True
53463;7;16;9;True
53464;5;8;3;True
53465;2;2;0;True
53466;0;0;0;True
53467;0;0;0;True
53468;5;9;4;True
53469;6;16;10;True
53470;4;9;5;True
53471;5;12;7;True
53472;4;12;8;True
53473;4;9;5;True
53474;4;9;5;True
53475;1;1;0;True
53476;3;6;3;True
53477;3;6;3;True
53478;2;4;2;True
53479;2;4;2;True
53480;5;9;4;True
53481;4;6;2;True
53482;0;0;0;True
53483;3;6;3;True
53484;4;9;5;True
53485;5;12;7;True
53486;1;1;0;True
53487;3;3;0;True
53488;2;4;2;True
53489;9;16;7;True
53490;3;6;3;True
53491;6;8;2;True
53492;1;1;0;True
53493;0;0;0;True
53494;3;6;3;True
53495;7;12;5;True
53496;3;4;1;True
53497;5;12;7;True
53498;1;1;0;True
53499;3;6;3;True
53500;2;4;2;True
53501;4;8;4;True
53502;3;4;1;True
53503;6;12;6;True
53504;0;0;0;True
53505;2;2;0;True
53506;3;6;3;True
53507;4;9;5;True
53508;1;1;0;True
53509;2;2;0;True
53510;4;9;5;True
53511;4;6;2;True
53512;1;1;0;True
53513;1;1;0;True
53514;2;2;0;True
53515;1;1;0;True
53516;4;12;8;True
53517;0;0;0;True
53518;4;9;5;True
53519;2;4;2;True
53520;2;2;0;True
53521;1;1;0;True
53522;2;4;2;True
53523;5;12;7;True
53524;4;9;5;True
53525;1;1;0;True
53526;5;9;4;True
53527;8;16;8;True
53528;3;6;3;True
53529;2;4;2;True
53530;5;9;4;True
53531;4;9;5;True
53532;8;16;8;True
53533;2;2;0;True
53534;3;6;3;True
53535;5;6;1;True
53536;2;2;0;True
53537;5;12;7;True
53538;4;6;2;True
53539;2;4;2;True
53540;5;12;7;True
53541;4;6;2;True
53542;2;4;2;True
53543;6;9;3;True
53544;5;12;7;True
53545;3;6;3;True
53546;2;2;0;True
53547;2;2;0;True
53548;1;1;0;True
53549;4;9;5;True
53550;5;12;7;True
53551;1;1;0;True
53552;7;16;9;True
53553;6;16;10;True
53554;3;6;3;True
53555;4;6;2;True
53556;0;0;0;True
53557;1;1;0;True
53558;7;16;9;True
53559;3;3;0;True
53560;4;12;8;True
53561;3;6;3;True
53562;5;9;4;True
53563;1;1;0;True
53564;6;16;10;True
53565;3;6;3;True
53566;4;16;12;True
53567;2;4;2;True
53568;5;6;1;True
53569;6;12;6;True
53570;0;0;0;True
53571;3;4;1;True
53572;7;12;5;True
53573;7;12;5;True
53574;2;4;2;True
53575;4;9;5;True
53576;3;6;3;True
53577;3;9;6;True
53578;5;12;7;True
53579;3;6;3;True
53580;0;0;0;True
53581;5;9;4;True
53582;5;6;1;True
53583;4;4;0;True
53584;3;9;6;True
53585;5;12;7;True
53586;5;9;4;True
53587;1;1;0;True
53588;4;9;5;True
53589;3;9;6;True
53590;3;6;3;True
53591;4;6;2;True
53592;5;12;7;True
53593;2;2;0;True
53594;2;4;2;True
53595;4;8;4;True
53596;4;16;12;True
53597;4;9;5;True
53598;3;6;3;True
53599;4;9;5;True
53600;6;12;6;True
53601;5;8;3;True
53602;3;6;3;True
53603;8;16;8;True
53604;2;4;2;True
53605;3;4;1;True
53606;1;1;0;True
53607;8;16;8;True
53608;2;2;0;True
53609;6;9;3;True
53610;3;9;6;True
53611;2;4;2;True
53612;3;4;1;True
53613;2;4;2;True
53614;8;16;8;True
53615;2;2;0;True
53616;5;12;7;True
53617;4;6;2;True
53618;4;9;5;True
53619;3;6;3;True
53620;5;12;7;True
53621;4;12;8;True
53622;3;3;0;True
53623;4;12;8;True
53624;7;16;9;True
53625;3;6;3;True
53626;5;8;3;True
53627;2;4;2;True
53628;5;12;7;True
53629;3;6;3;True
53630;4;8;4;True
53631;6;16;10;True
53632;4;6;2;True
53633;4;9;5;True
53634;6;16;10;True
53635;6;12;6;True
53636;3;6;3;True
53637;3;6;3;True
53638;0;0;0;True
53639;3;4;1;True
53640;2;4;2;True
53641;4;6;2;True
53642;1;1;0;True
53643;4;9;5;True
53644;3;9;6;True
53645;9;16;7;True
53646;5;12;7;True
53647;1;1;0;True
53648;3;6;3;True
53649;4;6;2;True
53650;2;4;2;True
53651;4;6;2;True
53652;1;1;0;True
53653;2;4;2;True
53654;3;6;3;True
53655;2;2;0;True
53656;5;12;7;True
53657;8;16;8;True
53658;2;4;2;True
53659;2;2;0;True
53660;5;9;4;True
53661;4;9;5;True
53662;4;12;8;True
53663;0;0;0;True
53664;4;6;2;True
53665;6;16;10;True
53666;3;6;3;True
53667;2;4;2;True
53668;7;16;9;True
53669;0;0;0;True
53670;0;0;0;True
53671;2;4;2;True
53672;7;9;2;True
53673;5;12;7;True
53674;2;4;2;True
53675;1;1;0;True
53676;2;2;0;True
53677;2;4;2;True
53678;4;6;2;True
53679;0;0;0;True
53680;3;4;1;True
53681;3;9;6;True
53682;2;4;2;True
53683;4;9;5;True
53684;2;4;2;True
53685;1;1;0;True
53686;4;9;5;True
53687;1;1;0;True
53688;0;0;0;True
53689;5;12;7;True
53690;3;6;3;True
53691;5;9;4;True
53692;2;4;2;True
53693;2;4;2;True
53694;1;1;0;True
53695;3;6;3;True
53696;1;1;0;True
53697;9;16;7;True
53698;4;9;5;True
53699;3;6;3;True
53700;6;12;6;True
53701;1;1;0;True
53702;0;0;0;True
53703;8;12;4;True
53704;1;1;0;True
53705;2;4;2;True
53706;4;9;5;True
53707;1;1;0;True
53708;5;9;4;True
53709;6;9;3;True
53710;0;0;0;True
53711;2;2;0;True
53712;1;1;0;True
53713;3;6;3;True
53714;3;6;3;True
53715;3;9;6;True
53716;6;12;6;True
53717;5;12;7;True
53718;6;12;6;True
53719;4;9;5;True
53720;6;12;6;True
53721;5;8;3;True
53722;1;1;0;True
53723;6;16;10;True
53724;4;9;5;True
53725;2;4;2;True
53726;4;9;5;True
53727;1;1;0;True
53728;7;16;9;True
53729;6;12;6;True
53730;2;2;0;True
53731;2;4;2;True
53732;1;1;0;True
53733;2;4;2;True
53734;5;8;3;True
53735;2;4;2;True
53736;1;1;0;True
53737;5;12;7;True
53738;2;4;2;True
53739;6;9;3;True
53740;5;12;7;True
53741;2;4;2;True
53742;4;9;5;True
53743;3;4;1;True
53744;3;4;1;True
53745;4;6;2;True
53746;4;6;2;True
53747;3;6;3;True
53748;6;16;10;True
53749;2;4;2;True
53750;2;4;2;True
53751;3;9;6;True
53752;2;4;2;True
53753;3;6;3;True
53754;2;2;0;True
53755;0;0;0;True
53756;7;16;9;True
53757;7;12;5;True
53758;2;4;2;True
53759;6;9;3;True
53760;3;6;3;True
53761;0;0;0;True
53762;4;6;2;True
53763;9;16;7;True
53764;5;12;7;True
53765;2;4;2;True
53766;2;2;0;True
53767;4;9;5;True
53768;0;0;0;True
53769;4;6;2;True
53770;1;1;0;True
53771;3;9;6;True
53772;4;4;0;True
53773;4;9;5;True
53774;1;1;0;True
53775;2;4;2;True
53776;2;2;0;True
53777;5;12;7;True
53778;0;0;0;True
53779;10;16;6;True
53780;6;12;6;True
53781;6;12;6;True
53782;3;6;3;True
53783;5;9;4;True
53784;2;2;0;True
53785;6;16;10;True
53786;1;1;0;True
53787;4;12;8;True
53788;5;16;11;True
53789;1;1;0;True
53790;4;12;8;True
53791;5;16;11;True
53792;2;2;0;True
53793;3;6;3;True
53794;1;1;0;True
53795;5;12;7;True
53796;2;4;2;True
53797;4;6;2;True
53798;3;4;1;True
53799;3;6;3;True
53800;2;4;2;True
53801;2;2;0;True
53802;3;9;6;True
53803;2;4;2;True
53804;1;1;0;True
53805;1;1;0;True
53806;5;6;1;True
53807;3;6;3;True
53808;2;4;2;True
53809;4;6;2;True
53810;1;1;0;True
53811;2;2;0;True
53812;3;6;3;True
53813;2;2;0;True
53814;7;16;9;True
53815;5;12;7;True
53816;5;12;7;True
53817;6;16;10;True
53818;7;12;5;True
53819;2;4;2;True
53820;3;9;6;True
53821;1;1;0;True
53822;4;12;8;True
53823;4;9;5;True
53824;2;4;2;True
53825;0;0;0;True
53826;4;6;2;True
53827;4;9;5;True
53828;6;12;6;True
53829;1;1;0;True
53830;10;16;6;True
53831;2;4;2;True
53832;4;9;5;True
53833;4;9;5;True
53834;4;9;5;True
53835;3;9;6;True
53836;6;12;6;True
53837;3;6;3;True
53838;0;0;0;True
53839;4;8;4;True
53840;0;0;0;True
53841;4;6;2;True
53842;5;9;4;True
53843;4;12;8;True
53844;2;2;0;True
53845;0;0;0;True
53846;6;16;10;True
53847;2;2;0;True
53848;6;6;0;True
53849;3;4;1;True
53850;5;8;3;True
53851;8;16;8;True
53852;1;1;0;True
53853;6;16;10;True
53854;4;6;2;True
53855;4;9;5;True
53856;3;4;1;True
53857;5;9;4;True
53858;5;12;7;True
53859;2;4;2;True
53860;7;12;5;True
53861;5;9;4;True
53862;2;2;0;True
53863;6;12;6;True
53864;6;16;10;True
53865;1;1;0;True
53866;5;12;7;True
53867;0;0;0;True
53868;8;12;4;True
53869;10;16;6;True
53870;1;1;0;True
53871;5;9;4;True
53872;1;1;0;True
53873;4;6;2;True
53874;2;4;2;True
53875;2;2;0;True
53876;4;8;4;True
53877;1;1;0;True
53878;6;16;10;True
53879;6;8;2;True
53880;5;9;4;True
53881;3;6;3;True
53882;3;4;1;True
53883;6;12;6;True
53884;5;16;11;True
53885;8;16;8;True
53886;6;12;6;True
53887;4;12;8;True
53888;4;12;8;True
53889;6;16;10;True
53890;5;12;7;True
53891;4;9;5;True
53892;3;6;3;True
53893;5;8;3;True
53894;2;4;2;True
53895;9;12;3;True
53896;6;16;10;True
53897;3;4;1;True
53898;6;9;3;True
53899;4;9;5;True
53900;6;12;6;True
53901;4;6;2;True
53902;0;0;0;True
53903;4;9;5;True
53904;3;6;3;True
53905;3;4;1;True
53906;1;1;0;True
53907;2;4;2;True
53908;2;4;2;True
53909;3;6;3;True
53910;7;16;9;True
53911;5;9;4;True
53912;2;4;2;True
53913;2;4;2;True
53914;3;6;3;True
53915;3;4;1;True
53916;4;9;5;True
53917;5;12;7;True
53918;3;4;1;True
53919;9;12;3;True
53920;3;4;1;True
53921;0;0;0;True
53922;4;9;5;True
53923;5;12;7;True
53924;4;6;2;True
53925;5;8;3;True
53926;4;9;5;True
53927;3;4;1;True
53928;2;4;2;True
53929;8;16;8;True
53930;3;6;3;True
53931;4;9;5;True
53932;2;2;0;True
53933;1;1;0;True
53934;4;6;2;True
53935;9;16;7;True
53936;5;12;7;True
53937;5;8;3;True
53938;8;16;8;True
53939;2;2;0;True
53940;0;0;0;True
53941;1;1;0;True
53942;0;0;0;True
53943;1;1;0;True
53944;4;9;5;True
53945;3;4;1;True
53946;3;4;1;True
53947;5;12;7;True
53948;3;6;3;True
53949;5;12;7;True
53950;4;12;8;True
53951;5;9;4;True
53952;5;9;4;True
53953;1;1;0;True
53954;3;6;3;True
53955;5;9;4;True
53956;0;0;0;True
53957;2;2;0;True
53958;2;4;2;True
53959;6;9;3;True
53960;7;16;9;True
53961;4;9;5;True
53962;4;9;5;True
53963;5;9;4;True
53964;1;1;0;True
53965;5;12;7;True
53966;4;9;5;True
53967;3;9;6;True
53968;1;1;0;True
53969;2;4;2;True
53970;4;9;5;True
53971;0;0;0;True
53972;4;8;4;True
53973;6;16;10;True
53974;5;6;1;True
53975;3;6;3;True
53976;2;4;2;True
53977;2;2;0;True
53978;7;12;5;True
53979;2;2;0;True
53980;6;12;6;True
53981;1;1;0;True
53982;6;12;6;True
53983;4;12;8;True
53984;1;1;0;True
53985;8;16;8;True
53986;3;6;3;True
53987;5;12;7;True
53988;5;16;11;True
53989;0;0;0;True
53990;5;8;3;True
53991;5;16;11;True
53992;2;2;0;True
53993;0;0;0;True
53994;5;9;4;True
53995;0;0;0;True
53996;4;9;5;True
53997;7;12;5;True
53998;2;2;0;True
53999;3;9;6;True
54000;2;4;2;True
54001;0;0;0;True
54002;2;2;0;True
54003;3;6;3;True
54004;6;12;6;True
54005;1;1;0;True
54006;2;2;0;True
54007;4;6;2;True
54008;6;12;6;True
54009;3;4;1;True
54010;3;4;1;True
54011;5;16;11;True
54012;4;6;2;True
54013;3;6;3;True
54014;5;12;7;True
54015;1;1;0;True
54016;2;4;2;True
54017;3;6;3;True
54018;4;9;5;True
54019;3;6;3;True
54020;3;6;3;True
54021;4;12;8;True
54022;2;2;0;True
54023;5;12;7;True
54024;5;9;4;True
54025;2;2;0;True
54026;0;0;0;True
54027;4;6;2;True
54028;5;12;7;True
54029;3;4;1;True
54030;8;12;4;True
54031;3;6;3;True
54032;1;1;0;True
54033;3;9;6;True
54034;4;9;5;True
54035;1;1;0;True
54036;2;2;0;True
54037;4;6;2;True
54038;5;9;4;True
54039;4;12;8;True
54040;2;2;0;True
54041;3;6;3;True
54042;3;9;6;True
54043;2;2;0;True
54044;1;1;0;True
54045;1;1;0;True
54046;2;2;0;True
54047;1;1;0;True
54048;6;16;10;True
54049;6;16;10;True
54050;0;0;0;True
54051;5;16;11;True
54052;1;1;0;True
54053;5;12;7;True
54054;6;16;10;True
54055;7;12;5;True
54056;2;4;2;True
54057;3;6;3;True
54058;6;9;3;True
54059;4;16;12;True
54060;6;12;6;True
54061;4;6;2;True
54062;0;0;0;True
54063;0;0;0;True
54064;9;16;7;True
54065;2;2;0;True
54066;2;2;0;True
54067;7;12;5;True
54068;4;6;2;True
54069;3;4;1;True
54070;2;4;2;True
54071;0;0;0;True
54072;1;1;0;True
54073;1;1;0;True
54074;1;1;0;True
54075;5;9;4;True
54076;5;16;11;True
54077;4;6;2;True
54078;6;12;6;True
54079;4;9;5;True
54080;2;4;2;True
54081;8;16;8;True
54082;6;12;6;True
54083;7;16;9;True
54084;5;12;7;True
54085;4;12;8;True
54086;9;16;7;True
54087;5;9;4;True
54088;8;16;8;True
54089;6;12;6;True
54090;4;9;5;True
54091;5;6;1;True
54092;4;6;2;True
54093;1;1;0;True
54094;1;1;0;True
54095;2;2;0;True
54096;4;6;2;True
54097;5;12;7;True
54098;5;6;1;True
54099;1;1;0;True
54100;5;6;1;True
54101;3;4;1;True
54102;3;6;3;True
54103;5;12;7;True
54104;4;12;8;True
54105;6;8;2;True
54106;3;6;3;True
54107;5;12;7;True
54108;4;6;2;True
54109;7;9;2;True
54110;6;9;3;True
54111;3;9;6;True
54112;4;6;2;True
54113;0;0;0;True
54114;4;6;2;True
54115;2;4;2;True
54116;2;2;0;True
54117;2;4;2;True
54118;2;4;2;True
54119;1;1;0;True
54120;6;12;6;True
54121;3;6;3;True
54122;4;12;8;True
54123;7;12;5;True
54124;4;9;5;True
54125;6;16;10;True
54126;2;4;2;True
54127;2;2;0;True
54128;2;2;0;True
54129;5;9;4;True
54130;10;16;6;True
54131;5;8;3;True
54132;3;4;1;True
54133;4;9;5;True
54134;9;16;7;True
54135;3;9;6;True
54136;2;2;0;True
54137;2;2;0;True
54138;1;1;0;True
54139;12;16;4;True
54140;0;0;0;True
54141;3;6;3;True
54142;1;1;0;True
54143;2;2;0;True
54144;8;12;4;True
54145;3;4;1;True
54146;8;16;8;True
54147;4;6;2;True
54148;3;6;3;True
54149;2;4;2;True
54150;3;4;1;True
54151;10;16;6;True
54152;1;1;0;True
54153;4;6;2;True
54154;6;9;3;True
54155;6;12;6;True
54156;2;4;2;True
54157;2;2;0;True
54158;4;9;5;True
54159;5;6;1;True
54160;8;12;4;True
54161;4;8;4;True
54162;8;16;8;True
54163;2;2;0;True
54164;6;8;2;True
54165;5;8;3;True
54166;4;9;5;True
54167;4;9;5;True
54168;2;4;2;True
54169;6;16;10;True
54170;4;12;8;True
54171;4;9;5;True
54172;5;9;4;True
54173;3;4;1;True
54174;6;12;6;True
54175;5;9;4;True
54176;2;2;0;True
54177;1;1;0;True
54178;5;12;7;True
54179;10;16;6;True
54180;8;12;4;True
54181;10;12;2;True
54182;8;12;4;True
54183;7;16;9;True
54184;2;2;0;True
54185;6;12;6;True
54186;5;12;7;True
54187;9;12;3;True
54188;4;6;2;True
54189;5;12;7;True
54190;3;6;3;True
54191;5;6;1;True
54192;9;16;7;True
54193;5;12;7;True
54194;6;12;6;True
54195;4;9;5;True
54196;3;9;6;True
54197;6;12;6;True
54198;5;9;4;True
54199;6;12;6;True
54200;1;1;0;True
54201;3;9;6;True
54202;6;12;6;True
54203;2;4;2;True
54204;4;6;2;True
54205;6;9;3;True
54206;3;6;3;True
54207;1;1;0;True
54208;1;1;0;True
54209;3;3;0;True
54210;4;9;5;True
54211;2;4;2;True
54212;7;12;5;True
54213;0;0;0;True
54214;6;12;6;True
54215;8;16;8;True
54216;5;12;7;True
54217;5;9;4;True
54218;0;0;0;True
54219;5;6;1;True
54220;1;1;0;True
54221;4;6;2;True
54222;3;6;3;True
54223;2;4;2;True
54224;5;9;4;True
54225;6;16;10;True
54226;2;4;2;True
54227;7;12;5;True
54228;8;16;8;True
54229;9;16;7;True
54230;5;9;4;True
54231;8;12;4;True
54232;4;6;2;True
54233;5;12;7;True
54234;1;1;0;True
54235;2;4;2;True
54236;6;12;6;True
54237;2;4;2;True
54238;6;9;3;True
54239;3;6;3;True
54240;6;9;3;True
54241;5;12;7;True
54242;6;12;6;True
54243;5;12;7;True
54244;1;1;0;True
54245;2;4;2;True
54246;5;6;1;True
54247;6;12;6;True
54248;1;1;0;True
54249;5;16;11;True
54250;1;1;0;True
54251;3;6;3;True
54252;4;6;2;True
54253;3;6;3;True
54254;2;2;0;True
54255;7;16;9;True
54256;3;6;3;True
54257;6;12;6;True
54258;0;0;0;True
54259;4;6;2;True
54260;6;12;6;True
54261;3;6;3;True
54262;6;16;10;True
54263;4;6;2;True
54264;1;1;0;True
54265;3;4;1;True
54266;0;0;0;True
54267;2;4;2;True
54268;6;9;3;True
54269;7;16;9;True
54270;1;1;0;True
54271;0;0;0;True
54272;3;6;3;True
54273;2;2;0;True
54274;1;1;0;True
54275;2;4;2;True
54276;4;6;2;True
54277;7;16;9;True
54278;5;12;7;True
54279;9;16;7;True
54280;3;4;1;True
54281;5;6;1;True
54282;6;12;6;True
54283;0;0;0;True
54284;1;1;0;True
54285;3;4;1;True
54286;2;4;2;True
54287;1;1;0;True
54288;5;9;4;True
54289;9;12;3;True
54290;4;6;2;True
54291;7;16;9;True
54292;1;1;0;True
54293;8;16;8;True
54294;2;2;0;True
54295;4;9;5;True
54296;6;12;6;True
54297;4;6;2;True
54298;10;16;6;True
54299;4;12;8;True
54300;2;2;0;True
54301;1;1;0;True
54302;3;6;3;True
54303;3;6;3;True
54304;2;2;0;True
54305;5;8;3;True
54306;6;12;6;True
54307;2;4;2;True
54308;6;16;10;True
54309;4;12;8;True
54310;4;6;2;True
54311;4;12;8;True
54312;1;1;0;True
54313;2;2;0;True
54314;5;12;7;True
54315;2;2;0;True
54316;4;8;4;True
54317;5;12;7;True
54318;3;4;1;True
54319;5;9;4;True
54320;5;9;4;True
54321;1;1;0;True
54322;4;6;2;True
54323;5;8;3;True
54324;5;12;7;True
54325;1;1;0;True
54326;3;6;3;True
54327;4;12;8;True
54328;3;6;3;True
54329;0;0;0;True
54330;4;9;5;True
54331;1;1;0;True
54332;1;1;0;True
54333;6;16;10;True
54334;1;1;0;True
54335;1;1;0;True
54336;7;9;2;True
54337;1;1;0;True
54338;4;12;8;True
54339;1;1;0;True
54340;9;16;7;True
54341;8;16;8;True
54342;6;12;6;True
54343;3;6;3;True
54344;3;6;3;True
54345;6;16;10;True
54346;4;6;2;True
54347;4;9;5;True
54348;8;16;8;True
54349;7;16;9;True
54350;6;12;6;True
54351;7;16;9;True
54352;2;4;2;True
54353;0;0;0;True
54354;5;9;4;True
54355;4;9;5;True
54356;7;16;9;True
54357;3;9;6;True
54358;2;4;2;True
54359;4;8;4;True
54360;4;12;8;True
54361;4;9;5;True
54362;2;4;2;True
54363;2;2;0;True
54364;2;4;2;True
54365;5;12;7;True
54366;4;12;8;True
54367;3;6;3;True
54368;5;8;3;True
54369;7;16;9;True
54370;5;12;7;True
54371;5;9;4;True
54372;8;12;4;True
54373;1;1;0;True
54374;7;16;9;True
54375;6;16;10;True
54376;4;9;5;True
54377;1;1;0;True
54378;5;12;7;True
54379;5;9;4;True
54380;1;1;0;True
54381;1;1;0;True
54382;1;1;0;True
54383;2;4;2;True
54384;8;16;8;True
54385;6;16;10;True
54386;4;6;2;True
54387;3;6;3;True
54388;1;1;0;True
54389;0;0;0;True
54390;7;16;9;True
54391;5;9;4;True
54392;5;9;4;True
54393;5;6;1;True
54394;6;9;3;True
54395;2;4;2;True
54396;7;12;5;True
54397;4;9;5;True
54398;1;1;0;True
54399;1;1;0;True
54400;5;12;7;True
54401;1;1;0;True
54402;5;8;3;True
54403;6;12;6;True
54404;1;1;0;True
54405;1;1;0;True
54406;7;16;9;True
54407;2;4;2;True
54408;3;3;0;True
54409;1;1;0;True
54410;0;0;0;True
54411;0;0;0;True
54412;6;9;3;True
54413;2;2;0;True
54414;7;12;5;True
54415;2;4;2;True
54416;4;12;8;True
54417;7;12;5;True
54418;2;4;2;True
54419;6;12;6;True
54420;3;4;1;True
54421;3;9;6;True
54422;3;6;3;True
54423;3;4;1;True
54424;3;3;0;True
54425;3;4;1;True
54426;3;6;3;True
54427;5;8;3;True
54428;1;1;0;True
54429;1;1;0;True
54430;1;1;0;True
54431;5;12;7;True
54432;0;0;0;True
54433;6;12;6;True
54434;2;4;2;True
54435;4;6;2;True
54436;3;6;3;True
54437;1;1;0;True
54438;4;9;5;True
54439;5;12;7;True
54440;2;4;2;True
54441;2;4;2;True
54442;0;0;0;True
54443;4;9;5;True
54444;9;16;7;True
54445;4;6;2;True
54446;3;6;3;True
54447;5;12;7;True
54448;1;1;0;True
54449;4;6;2;True
54450;4;9;5;True
54451;2;2;0;True
54452;5;9;4;True
54453;5;12;7;True
54454;10;16;6;True
54455;3;6;3;True
54456;8;12;4;True
54457;1;1;0;True
54458;4;9;5;True
54459;5;12;7;True
54460;5;12;7;True
54461;1;1;0;True
54462;5;9;4;True
54463;4;12;8;True
54464;5;12;7;True
54465;4;6;2;True
54466;1;1;0;True
54467;1;1;0;True
54468;3;6;3;True
54469;3;9;6;True
54470;3;9;6;True
54471;5;9;4;True
54472;6;12;6;True
54473;3;6;3;True
54474;8;16;8;True
54475;2;4;2;True
54476;1;1;0;True
54477;3;9;6;True
54478;2;2;0;True
54479;7;9;2;True
54480;0;0;0;True
54481;1;1;0;True
54482;2;4;2;True
54483;4;8;4;True
54484;2;2;0;True
54485;2;4;2;True
54486;5;9;4;True
54487;2;4;2;True
54488;1;1;0;True
54489;0;0;0;True
54490;3;6;3;True
54491;3;6;3;True
54492;2;2;0;True
54493;2;2;0;True
54494;5;6;1;True
54495;6;16;10;True
54496;6;16;10;True
54497;4;6;2;True
54498;5;9;4;True
54499;4;9;5;True
54500;5;12;7;True
54501;4;9;5;True
54502;3;6;3;True
54503;1;1;0;True
54504;3;3;0;True
54505;4;12;8;True
54506;2;2;0;True
54507;1;1;0;True
54508;8;16;8;True
54509;3;9;6;True
54510;6;12;6;True
54511;3;4;1;True
54512;6;16;10;True
54513;2;4;2;True
54514;1;1;0;True
54515;3;4;1;True
54516;4;9;5;True
54517;2;4;2;True
54518;4;9;5;True
54519;1;1;0;True
54520;4;9;5;True
54521;1;1;0;True
54522;8;16;8;True
54523;2;4;2;True
54524;4;8;4;True
54525;6;8;2;True
54526;5;12;7;True
54527;4;6;2;True
54528;4;9;5;True
54529;0;0;0;True
54530;4;9;5;True
54531;4;9;5;True
54532;2;2;0;True
54533;2;2;0;True
54534;4;9;5;True
54535;4;12;8;True
54536;3;9;6;True
54537;2;2;0;True
54538;7;16;9;True
54539;5;12;7;True
54540;2;2;0;True
54541;6;12;6;True
54542;0;0;0;True
54543;3;6;3;True
54544;1;1;0;True
54545;3;6;3;True
54546;1;1;0;True
54547;4;6;2;True
54548;2;4;2;True
54549;2;2;0;True
54550;2;4;2;True
54551;0;0;0;True
54552;3;4;1;True
54553;2;2;0;True
54554;2;2;0;True
54555;7;12;5;True
54556;3;6;3;True
54557;2;2;0;True
54558;6;12;6;True
54559;0;0;0;True
54560;3;6;3;True
54561;5;16;11;True
54562;5;9;4;True
54563;5;8;3;True
54564;6;8;2;True
54565;4;8;4;True
54566;4;9;5;True
54567;5;12;7;True
54568;5;9;4;True
54569;4;9;5;True
54570;1;1;0;True
54571;4;6;2;True
54572;1;1;0;True
54573;2;4;2;True
54574;4;12;8;True
54575;1;1;0;True
54576;5;12;7;True
54577;7;12;5;True
54578;2;2;0;True
54579;1;1;0;True
54580;1;1;0;True
54581;2;4;2;True
54582;3;9;6;True
54583;1;1;0;True
54584;1;1;0;True
54585;4;4;0;True
54586;4;9;5;True
54587;4;9;5;True
54588;5;8;3;True
54589;5;12;7;True
54590;2;4;2;True
54591;2;2;0;True
54592;5;9;4;True
54593;4;9;5;True
54594;2;2;0;True
54595;3;4;1;True
54596;1;1;0;True
54597;6;12;6;True
54598;1;1;0;True
54599;4;16;12;True
54600;9;16;7;True
54601;2;2;0;True
54602;5;9;4;True
54603;6;16;10;True
54604;4;9;5;True
54605;1;1;0;True
54606;6;12;6;True
54607;3;9;6;True
54608;1;1;0;True
54609;0;0;0;True
54610;5;8;3;True
54611;3;6;3;True
54612;3;4;1;True
54613;6;9;3;True
54614;5;9;4;True
54615;7;16;9;True
54616;1;1;0;True
54617;3;6;3;True
54618;1;1;0;True
54619;3;9;6;True
54620;3;6;3;True
54621;2;4;2;True
54622;6;12;6;True
54623;6;9;3;True
54624;8;16;8;True
54625;6;9;3;True
54626;4;9;5;True
54627;2;2;0;True
54628;7;12;5;True
54629;9;16;7;True
54630;3;9;6;True
54631;3;3;0;True
54632;3;6;3;True
54633;0;0;0;True
54634;3;6;3;True
54635;2;4;2;True
54636;4;9;5;True
54637;10;16;6;True
54638;5;8;3;True
54639;0;0;0;True
54640;4;12;8;True
54641;0;0;0;True
54642;0;0;0;True
54643;6;16;10;True
54644;3;6;3;True
54645;1;1;0;True
54646;6;16;10;True
54647;0;0;0;True
54648;5;9;4;True
54649;3;6;3;True
54650;4;9;5;True
54651;2;4;2;True
54652;0;0;0;True
54653;8;16;8;True
54654;5;9;4;True
54655;6;12;6;True
54656;6;12;6;True
54657;5;16;11;True
54658;10;16;6;True
54659;1;1;0;True
54660;1;1;0;True
54661;1;1;0;True
54662;1;1;0;True
54663;7;16;9;True
54664;2;2;0;True
54665;2;2;0;True
54666;1;1;0;True
54667;6;12;6;True
54668;3;6;3;True
54669;4;6;2;True
54670;4;6;2;True
54671;4;12;8;True
54672;3;9;6;True
54673;2;2;0;True
54674;1;1;0;True
54675;2;4;2;True
54676;2;4;2;True
54677;6;9;3;True
54678;8;16;8;True
54679;1;1;0;True
54680;3;4;1;True
54681;1;1;0;True
54682;3;6;3;True
54683;4;9;5;True
54684;3;6;3;True
54685;3;9;6;True
54686;6;12;6;True
54687;3;9;6;True
54688;10;16;6;True
54689;3;6;3;True
54690;4;12;8;True
54691;2;4;2;True
54692;8;16;8;True
54693;6;12;6;True
54694;1;1;0;True
54695;1;1;0;True
54696;7;16;9;True
54697;3;4;1;True
54698;4;9;5;True
54699;3;6;3;True
54700;3;6;3;True
54701;5;8;3;True
54702;6;16;10;True
54703;1;1;0;True
54704;4;12;8;True
54705;0;0;0;True
54706;6;12;6;True
54707;3;6;3;True
54708;9;16;7;True
54709;8;16;8;True
54710;1;1;0;True
54711;6;8;2;True
54712;4;9;5;True
54713;5;12;7;True
54714;8;16;8;True
54715;3;9;6;True
54716;8;12;4;True
54717;2;4;2;True
54718;3;6;3;True
54719;1;1;0;True
54720;5;6;1;True
54721;5;9;4;True
54722;0;0;0;True
54723;6;16;10;True
54724;2;4;2;True
54725;5;8;3;True
54726;3;9;6;True
54727;1;1;0;True
54728;7;9;2;True
54729;10;16;6;True
54730;7;16;9;True
54731;1;1;0;True
54732;4;6;2;True
54733;1;1;0;True
54734;2;4;2;True
54735;4;8;4;True
54736;2;4;2;True
54737;3;6;3;True
54738;2;4;2;True
54739;3;6;3;True
54740;4;9;5;True
54741;5;16;11;True
54742;1;1;0;True
54743;3;6;3;True
54744;2;4;2;True
54745;6;16;10;True
54746;6;12;6;True
54747;4;4;0;True
54748;3;4;1;True
54749;5;9;4;True
54750;5;8;3;True
54751;8;16;8;True
54752;7;16;9;True
54753;1;1;0;True
54754;3;6;3;True
54755;6;12;6;True
54756;3;6;3;True
54757;5;12;7;True
54758;4;9;5;True
54759;3;6;3;True
54760;5;12;7;True
54761;2;2;0;True
54762;6;12;6;True
54763;6;12;6;True
54764;5;12;7;True
54765;1;1;0;True
54766;2;4;2;True
54767;2;4;2;True
54768;6;12;6;True
54769;3;4;1;True
54770;0;0;0;True
54771;5;12;7;True
54772;4;12;8;True
54773;2;4;2;True
54774;4;6;2;True
54775;5;12;7;True
54776;7;16;9;True
54777;1;1;0;True
54778;2;2;0;True
54779;8;12;4;True
54780;3;9;6;True
54781;5;9;4;True
54782;6;12;6;True
54783;2;4;2;True
54784;5;9;4;True
54785;6;12;6;True
54786;3;4;1;True
54787;2;2;0;True
54788;5;9;4;True
54789;5;9;4;True
54790;4;6;2;True
54791;5;12;7;True
54792;5;16;11;True
54793;1;1;0;True
54794;4;9;5;True
54795;2;4;2;True
54796;11;16;5;True
54797;0;0;0;True
54798;5;9;4;True
54799;5;8;3;True
54800;2;2;0;True
54801;5;12;7;True
54802;2;2;0;True
54803;3;9;6;True
54804;4;8;4;True
54805;7;12;5;True
54806;5;16;11;True
54807;3;6;3;True
54808;7;12;5;True
54809;2;4;2;True
54810;5;9;4;True
54811;2;4;2;True
54812;2;4;2;True
54813;3;4;1;True
54814;1;1;0;True
54815;5;6;1;True
54816;0;0;0;True
54817;9;16;7;True
54818;2;2;0;True
54819;4;12;8;True
54820;3;4;1;True
54821;1;1;0;True
54822;4;9;5;True
54823;8;16;8;True
54824;7;9;2;True
54825;6;12;6;True
54826;2;4;2;True
54827;2;2;0;True
54828;1;1;0;True
54829;3;6;3;True
54830;7;12;5;True
54831;9;12;3;True
54832;2;2;0;True
54833;2;2;0;True
54834;7;9;2;True
54835;5;12;7;True
54836;2;2;0;True
54837;2;4;2;True
54838;2;2;0;True
54839;5;12;7;True
54840;2;2;0;True
54841;0;0;0;True
54842;2;2;0;True
54843;1;1;0;True
54844;4;9;5;True
54845;3;6;3;True
54846;0;0;0;True
54847;5;12;7;True
54848;6;12;6;True
54849;2;4;2;True
54850;5;9;4;True
54851;2;4;2;True
54852;6;16;10;True
54853;4;9;5;True
54854;6;12;6;True
54855;5;12;7;True
54856;4;6;2;True
54857;4;6;2;True
54858;8;12;4;True
54859;3;9;6;True
54860;5;12;7;True
54861;1;1;0;True
54862;7;12;5;True
54863;4;8;4;True
54864;4;6;2;True
54865;3;4;1;True
54866;6;9;3;True
54867;6;16;10;True
54868;7;12;5;True
54869;4;6;2;True
54870;4;8;4;True
54871;4;6;2;True
54872;2;4;2;True
54873;0;0;0;True
54874;0;0;0;True
54875;5;12;7;True
54876;2;4;2;True
54877;3;6;3;True
54878;5;12;7;True
54879;3;6;3;True
54880;1;1;0;True
54881;0;0;0;True
54882;5;12;7;True
54883;3;9;6;True
54884;0;0;0;True
54885;5;12;7;True
54886;7;16;9;True
54887;2;4;2;True
54888;5;9;4;True
54889;0;0;0;True
54890;2;4;2;True
54891;7;12;5;True
54892;8;16;8;True
54893;3;6;3;True
54894;3;9;6;True
54895;8;16;8;True
54896;5;12;7;True
54897;2;2;0;True
54898;3;9;6;True
54899;2;4;2;True
54900;3;4;1;True
54901;5;6;1;True
54902;5;12;7;True
54903;6;9;3;True
54904;7;16;9;True
54905;6;12;6;True
54906;7;16;9;True
54907;5;9;4;True
54908;2;4;2;True
54909;6;16;10;True
54910;2;2;0;True
54911;2;4;2;True
54912;4;4;0;True
54913;10;16;6;True
54914;5;12;7;True
54915;5;12;7;True
54916;3;6;3;True
54917;2;4;2;True
54918;6;12;6;True
54919;7;12;5;True
54920;7;8;1;True
54921;2;2;0;True
54922;1;1;0;True
54923;2;4;2;True
54924;4;6;2;True
54925;3;6;3;True
54926;2;4;2;True
54927;10;16;6;True
54928;5;12;7;True
54929;3;9;6;True
54930;5;12;7;True
54931;7;16;9;True
54932;3;6;3;True
54933;8;12;4;True
54934;5;9;4;True
54935;4;12;8;True
54936;7;16;9;True
54937;0;0;0;True
54938;6;9;3;True
54939;3;4;1;True
54940;1;1;0;True
54941;1;1;0;True
54942;1;1;0;True
54943;6;12;6;True
54944;3;9;6;True
54945;3;9;6;True
54946;3;9;6;True
54947;7;8;1;True
54948;3;9;6;True
54949;2;2;0;True
54950;0;0;0;True
54951;5;9;4;True
54952;7;12;5;True
54953;2;2;0;True
54954;3;4;1;True
54955;3;6;3;True
54956;10;16;6;True
54957;3;9;6;True
54958;3;6;3;True
54959;2;4;2;True
54960;4;9;5;True
54961;0;0;0;True
54962;1;1;0;True
54963;4;6;2;True
54964;5;12;7;True
54965;1;1;0;True
54966;2;4;2;True
54967;4;9;5;True
54968;3;4;1;True
54969;3;4;1;True
54970;6;16;10;True
54971;1;1;0;True
54972;1;1;0;True
54973;2;4;2;True
54974;9;16;7;True
54975;7;16;9;True
54976;4;6;2;True
54977;7;12;5;True
54978;1;1;0;True
54979;6;12;6;True
54980;8;16;8;True
54981;3;9;6;True
54982;3;4;1;True
54983;1;1;0;True
54984;5;12;7;True
54985;4;6;2;True
54986;3;4;1;True
54987;4;4;0;True
54988;8;16;8;True
54989;6;12;6;True
54990;3;4;1;True
54991;6;12;6;True
54992;3;6;3;True
54993;2;2;0;True
54994;0;0;0;True
54995;10;16;6;True
54996;3;3;0;True
54997;4;9;5;True
54998;1;1;0;True
54999;6;12;6;True
55000;2;4;2;True
55001;5;9;4;True
55002;2;4;2;True
55003;8;16;8;True
55004;4;6;2;True
55005;0;0;0;True
55006;5;12;7;True
55007;5;12;7;True
55008;0;0;0;True
55009;6;16;10;True
55010;3;9;6;True
55011;0;0;0;True
55012;5;12;7;True
55013;6;16;10;True
55014;0;0;0;True
55015;2;4;2;True
55016;3;6;3;True
55017;9;16;7;True
55018;1;1;0;True
55019;4;9;5;True
55020;2;4;2;True
55021;2;4;2;True
55022;4;9;5;True
55023;3;4;1;True
55024;1;1;0;True
55025;1;1;0;True
55026;1;1;0;True
55027;2;4;2;True
55028;1;1;0;True
55029;3;9;6;True
55030;1;1;0;True
55031;3;6;3;True
55032;2;4;2;True
55033;4;9;5;True
55034;7;12;5;True
55035;0;0;0;True
55036;5;9;4;True
55037;5;9;4;True
55038;5;8;3;True
55039;5;8;3;True
55040;10;16;6;True
55041;1;1;0;True
55042;1;1;0;True
55043;2;2;0;True
55044;1;1;0;True
55045;3;6;3;True
55046;3;6;3;True
55047;2;2;0;True
55048;6;12;6;True
55049;4;6;2;True
55050;0;0;0;True
55051;1;1;0;True
55052;1;1;0;True
55053;0;0;0;True
55054;3;6;3;True
55055;6;9;3;True
55056;2;4;2;True
55057;2;4;2;True
55058;4;9;5;True
55059;3;6;3;True
55060;6;12;6;True
55061;6;9;3;True
55062;3;6;3;True
55063;2;4;2;True
55064;1;1;0;True
55065;3;9;6;True
55066;1;1;0;True
55067;8;12;4;True
55068;3;6;3;True
55069;7;16;9;True
55070;6;12;6;True
55071;2;4;2;True
55072;1;1;0;True
55073;1;1;0;True
55074;1;1;0;True
55075;7;12;5;True
55076;0;0;0;True
55077;6;12;6;True
55078;3;6;3;True
55079;0;0;0;True
55080;3;9;6;True
55081;0;0;0;True
55082;7;12;5;True
55083;4;6;2;True
55084;2;4;2;True
55085;3;6;3;True
55086;3;6;3;True
55087;7;16;9;True
55088;2;2;0;True
55089;5;6;1;True
55090;2;4;2;True
55091;3;4;1;True
55092;5;8;3;True
55093;3;3;0;True
55094;2;4;2;True
55095;3;6;3;True
55096;3;6;3;True
55097;1;1;0;True
55098;4;9;5;True
55099;4;9;5;True
55100;3;6;3;True
55101;2;2;0;True
55102;1;1;0;True
55103;7;16;9;True
55104;2;4;2;True
55105;5;8;3;True
55106;3;4;1;True
55107;2;2;0;True
55108;5;12;7;True
55109;1;1;0;True
55110;1;1;0;True
55111;3;4;1;True
55112;3;9;6;True
55113;1;1;0;True
55114;5;12;7;True
55115;3;4;1;True
55116;2;2;0;True
55117;1;1;0;True
55118;1;1;0;True
55119;5;12;7;True
55120;1;1;0;True
55121;4;9;5;True
55122;1;1;0;True
55123;3;3;0;True
55124;5;12;7;True
55125;2;2;0;True
55126;4;4;0;True
55127;7;12;5;True
55128;4;9;5;True
55129;8;16;8;True
55130;10;16;6;True
55131;4;9;5;True
55132;6;16;10;True
55133;4;9;5;True
55134;5;9;4;True
55135;7;12;5;True
55136;2;4;2;True
55137;2;2;0;True
55138;3;6;3;True
55139;2;2;0;True
55140;3;4;1;True
55141;3;4;1;True
55142;1;1;0;True
55143;5;12;7;True
55144;7;12;5;True
55145;3;6;3;True
55146;2;2;0;True
55147;4;6;2;True
55148;9;16;7;True
55149;3;9;6;True
55150;1;1;0;True
55151;0;0;0;True
55152;7;12;5;True
55153;2;2;0;True
55154;1;1;0;True
55155;2;4;2;True
55156;0;0;0;True
55157;3;6;3;True
55158;2;4;2;True
55159;7;12;5;True
55160;4;6;2;True
55161;6;12;6;True
55162;5;9;4;True
55163;5;12;7;True
55164;4;9;5;True
55165;3;6;3;True
55166;0;0;0;True
55167;5;9;4;True
55168;3;6;3;True
55169;2;4;2;True
55170;3;9;6;True
55171;6;12;6;True
55172;4;6;2;True
55173;5;12;7;True
55174;0;0;0;True
55175;2;4;2;True
55176;6;12;6;True
55177;10;16;6;True
55178;2;2;0;True
55179;3;6;3;True
55180;3;6;3;True
55181;6;12;6;True
55182;5;12;7;True
55183;4;6;2;True
55184;3;4;1;True
55185;5;12;7;True
55186;3;6;3;True
55187;5;9;4;True
55188;6;16;10;True
55189;4;6;2;True
55190;4;12;8;True
55191;4;6;2;True
55192;3;4;1;True
55193;5;9;4;True
55194;4;6;2;True
55195;3;9;6;True
55196;1;1;0;True
55197;4;9;5;True
55198;3;6;3;True
55199;3;6;3;True
55200;3;4;1;True
55201;5;6;1;True
55202;2;4;2;True
55203;4;9;5;True
55204;8;16;8;True
55205;1;1;0;True
55206;4;12;8;True
55207;4;6;2;True
55208;3;6;3;True
55209;2;4;2;True
55210;1;1;0;True
55211;7;8;1;True
55212;4;9;5;True
55213;3;6;3;True
55214;6;16;10;True
55215;5;8;3;True
55216;1;1;0;True
55217;2;2;0;True
55218;0;0;0;True
55219;6;16;10;True
55220;5;12;7;True
55221;3;6;3;True
55222;7;16;9;True
55223;0;0;0;True
55224;1;1;0;True
55225;2;2;0;True
55226;1;1;0;True
55227;0;0;0;True
55228;4;9;5;True
55229;4;12;8;True
55230;3;6;3;True
55231;2;2;0;True
55232;4;6;2;True
55233;6;16;10;True
55234;2;4;2;True
55235;4;9;5;True
55236;2;4;2;True
55237;5;8;3;True
55238;4;8;4;True
55239;2;2;0;True
55240;6;16;10;True
55241;2;4;2;True
55242;1;1;0;True
55243;11;16;5;True
55244;5;9;4;True
55245;4;12;8;True
55246;3;6;3;True
55247;1;1;0;True
55248;3;4;1;True
55249;3;3;0;True
55250;3;4;1;True
55251;3;6;3;True
55252;1;1;0;True
55253;4;12;8;True
55254;5;12;7;True
55255;3;4;1;True
55256;2;2;0;True
55257;5;12;7;True
55258;6;12;6;True
55259;2;4;2;True
55260;5;8;3;True
55261;6;16;10;True
55262;2;4;2;True
55263;1;1;0;True
55264;0;0;0;True
55265;5;16;11;True
55266;2;2;0;True
55267;5;6;1;True
55268;2;4;2;True
55269;3;6;3;True
55270;3;6;3;True
55271;1;1;0;True
55272;6;16;10;True
55273;0;0;0;True
55274;5;9;4;True
55275;4;9;5;True
55276;9;12;3;True
55277;4;8;4;True
55278;7;16;9;True
55279;8;12;4;True
55280;4;9;5;True
55281;3;6;3;True
55282;4;9;5;True
55283;6;12;6;True
55284;1;1;0;True
55285;10;16;6;True
55286;7;12;5;True
55287;4;4;0;True
55288;5;9;4;True
55289;2;2;0;True
55290;8;16;8;True
55291;2;2;0;True
55292;10;16;6;True
55293;4;9;5;True
55294;6;8;2;True
55295;7;16;9;True
55296;2;4;2;True
55297;2;4;2;True
55298;2;4;2;True
55299;6;12;6;True
55300;1;1;0;True
55301;3;4;1;True
55302;4;9;5;True
55303;2;2;0;True
55304;2;4;2;True
55305;3;4;1;True
55306;7;16;9;True
55307;2;2;0;True
55308;6;12;6;True
55309;0;0;0;True
55310;4;6;2;True
55311;3;6;3;True
55312;1;1;0;True
55313;5;9;4;True
55314;4;12;8;True
55315;3;4;1;True
55316;5;16;11;True
55317;4;12;8;True
55318;1;1;0;True
55319;3;9;6;True
55320;5;9;4;True
55321;4;12;8;True
55322;0;0;0;True
55323;4;6;2;True
55324;3;4;1;True
55325;4;12;8;True
55326;2;2;0;True
55327;2;4;2;True
55328;3;4;1;True
55329;4;12;8;True
55330;0;0;0;True
55331;9;16;7;True
55332;2;4;2;True
55333;6;12;6;True
55334;4;9;5;True
55335;3;4;1;True
55336;7;16;9;True
55337;2;2;0;True
55338;7;8;1;True
55339;8;16;8;True
55340;6;9;3;True
55341;4;12;8;True
55342;6;12;6;True
55343;2;4;2;True
55344;1;1;0;True
55345;2;2;0;True
55346;0;0;0;True
55347;2;2;0;True
55348;3;4;1;True
55349;3;6;3;True
55350;4;6;2;True
55351;2;2;0;True
55352;0;0;0;True
55353;2;4;2;True
55354;7;12;5;True
55355;5;9;4;True
55356;4;6;2;True
55357;3;4;1;True
55358;6;12;6;True
55359;7;9;2;True
55360;4;6;2;True
55361;5;12;7;True
55362;3;9;6;True
55363;0;0;0;True
55364;7;16;9;True
55365;2;4;2;True
55366;1;1;0;True
55367;2;2;0;True
55368;1;1;0;True
55369;3;4;1;True
55370;6;16;10;True
55371;4;6;2;True
55372;7;16;9;True
55373;7;9;2;True
55374;9;16;7;True
55375;2;2;0;True
55376;2;2;0;True
55377;8;16;8;True
55378;4;6;2;True
55379;8;16;8;True
55380;0;0;0;True
55381;5;12;7;True
55382;5;9;4;True
55383;4;6;2;True
55384;5;12;7;True
55385;1;1;0;True
55386;2;2;0;True
55387;1;1;0;True
55388;0;0;0;True
55389;3;4;1;True
55390;2;2;0;True
55391;6;16;10;True
55392;4;9;5;True
55393;6;16;10;True
55394;2;4;2;True
55395;1;1;0;True
55396;3;4;1;True
55397;3;6;3;True
55398;0;0;0;True
55399;2;4;2;True
55400;2;4;2;True
55401;2;4;2;True
55402;4;8;4;True
55403;7;16;9;True
55404;5;12;7;True
55405;2;4;2;True
55406;2;2;0;True
55407;1;1;0;True
55408;3;6;3;True
55409;7;12;5;True
55410;7;16;9;True
55411;4;9;5;True
55412;4;9;5;True
55413;4;9;5;True
55414;5;6;1;True
55415;0;0;0;True
55416;1;1;0;True
55417;1;1;0;True
55418;2;4;2;True
55419;2;4;2;True
55420;3;4;1;True
55421;7;12;5;True
55422;1;1;0;True
55423;8;16;8;True
55424;9;16;7;True
55425;6;16;10;True
55426;4;6;2;True
55427;1;1;0;True
55428;7;12;5;True
55429;6;12;6;True
55430;3;6;3;True
55431;2;4;2;True
55432;4;9;5;True
55433;0;0;0;True
55434;6;12;6;True
55435;1;1;0;True
55436;2;4;2;True
55437;3;6;3;True
55438;7;16;9;True
55439;1;1;0;True
55440;5;12;7;True
55441;2;4;2;True
55442;2;4;2;True
55443;4;6;2;True
55444;5;9;4;True
55445;5;12;7;True
55446;3;9;6;True
55447;10;16;6;True
55448;9;16;7;True
55449;3;4;1;True
55450;4;9;5;True
55451;1;1;0;True
55452;7;16;9;True
55453;3;9;6;True
55454;4;6;2;True
55455;3;6;3;True
55456;3;4;1;True
55457;5;12;7;True
55458;2;2;0;True
55459;6;8;2;True
55460;3;6;3;True
55461;1;1;0;True
55462;2;2;0;True
55463;12;16;4;True
55464;1;1;0;True
55465;7;12;5;True
55466;1;1;0;True
55467;7;16;9;True
55468;1;1;0;True
55469;1;1;0;True
55470;6;12;6;True
55471;1;1;0;True
55472;5;9;4;True
55473;2;4;2;True
55474;1;1;0;True
55475;2;4;2;True
55476;2;2;0;True
55477;2;4;2;True
55478;5;12;7;True
55479;4;9;5;True
55480;4;9;5;True
55481;6;9;3;True
55482;3;9;6;True
55483;8;16;8;True
55484;3;4;1;True
55485;1;1;0;True
55486;1;1;0;True
55487;10;16;6;True
55488;3;6;3;True
55489;6;12;6;True
55490;5;16;11;True
55491;4;6;2;True
55492;1;1;0;True
55493;7;12;5;True
55494;7;16;9;True
55495;8;16;8;True
55496;3;6;3;True
55497;8;12;4;True
55498;6;12;6;True
55499;1;1;0;True
55500;5;12;7;True
55501;1;1;0;True
55502;4;9;5;True
55503;1;1;0;True
55504;6;12;6;True
55505;7;12;5;True
55506;1;1;0;True
55507;3;6;3;True
55508;5;12;7;True
55509;4;6;2;True
55510;3;6;3;True
55511;5;8;3;True
55512;1;1;0;True
55513;5;12;7;True
55514;4;8;4;True
55515;4;8;4;True
55516;5;12;7;True
55517;6;12;6;True
55518;4;9;5;True
55519;5;9;4;True
55520;4;9;5;True
55521;3;3;0;True
55522;2;4;2;True
55523;4;9;5;True
55524;3;6;3;True
55525;4;9;5;True
55526;4;9;5;True
55527;6;12;6;True
55528;4;9;5;True
55529;0;0;0;True
55530;4;9;5;True
55531;8;16;8;True
55532;6;12;6;True
55533;6;12;6;True
55534;3;6;3;True
55535;4;8;4;True
55536;2;2;0;True
55537;5;12;7;True
55538;3;6;3;True
55539;2;2;0;True
55540;9;16;7;True
55541;4;12;8;True
55542;7;12;5;True
55543;5;12;7;True
55544;5;9;4;True
55545;2;2;0;True
55546;6;12;6;True
55547;5;9;4;True
55548;3;6;3;True
55549;4;6;2;True
55550;1;1;0;True
55551;0;0;0;True
55552;3;4;1;True
55553;4;9;5;True
55554;7;16;9;True
55555;8;12;4;True
55556;4;8;4;True
55557;5;6;1;True
55558;0;0;0;True
55559;5;6;1;True
55560;2;2;0;True
55561;5;16;11;True
55562;10;16;6;True
55563;4;6;2;True
55564;2;2;0;True
55565;5;9;4;True
55566;3;6;3;True
55567;2;4;2;True
55568;3;6;3;True
55569;3;6;3;True
55570;7;12;5;True
55571;3;4;1;True
55572;1;1;0;True
55573;7;16;9;True
55574;2;4;2;True
55575;8;16;8;True
55576;2;2;0;True
55577;6;16;10;True
55578;5;9;4;True
55579;5;12;7;True
55580;5;9;4;True
55581;1;1;0;True
55582;0;0;0;True
55583;6;12;6;True
55584;2;4;2;True
55585;0;0;0;True
55586;6;12;6;True
55587;2;4;2;True
55588;2;4;2;True
55589;9;16;7;True
55590;7;12;5;True
55591;5;12;7;True
55592;0;0;0;True
55593;5;12;7;True
55594;3;9;6;True
55595;2;4;2;True
55596;0;0;0;True
55597;5;16;11;True
55598;4;9;5;True
55599;4;6;2;True
55600;1;1;0;True
55601;3;6;3;True
55602;5;9;4;True
55603;0;0;0;True
55604;8;16;8;True
55605;5;9;4;True
55606;5;16;11;True
55607;2;2;0;True
55608;3;6;3;True
55609;4;8;4;True
55610;6;16;10;True
55611;5;8;3;True
55612;2;4;2;True
55613;3;6;3;True
55614;4;6;2;True
55615;1;1;0;True
55616;5;8;3;True
55617;7;16;9;True
55618;2;4;2;True
55619;5;9;4;True
55620;6;6;0;True
55621;1;1;0;True
55622;5;16;11;True
55623;3;3;0;True
55624;6;6;0;True
55625;5;9;4;True
55626;7;12;5;True
55627;5;9;4;True
55628;7;16;9;True
55629;2;4;2;True
55630;8;12;4;True
55631;5;12;7;True
55632;3;6;3;True
55633;2;4;2;True
55634;4;9;5;True
55635;9;16;7;True
55636;3;4;1;True
55637;7;12;5;True
55638;8;16;8;True
55639;5;12;7;True
55640;2;4;2;True
55641;1;1;0;True
55642;6;12;6;True
55643;0;0;0;True
55644;3;6;3;True
55645;3;6;3;True
55646;8;16;8;True
55647;3;6;3;True
55648;2;2;0;True
55649;1;1;0;True
55650;5;12;7;True
55651;3;6;3;True
55652;5;9;4;True
55653;3;4;1;True
55654;4;9;5;True
55655;7;12;5;True
55656;7;12;5;True
55657;4;9;5;True
55658;0;0;0;True
55659;2;2;0;True
55660;5;12;7;True
55661;7;12;5;True
55662;5;9;4;True
55663;3;4;1;True
55664;6;16;10;True
55665;5;9;4;True
55666;4;9;5;True
55667;5;12;7;True
55668;6;12;6;True
55669;9;16;7;True
55670;5;16;11;True
55671;7;16;9;True
55672;2;4;2;True
55673;6;12;6;True
55674;3;4;1;True
55675;1;1;0;True
55676;5;12;7;True
55677;1;1;0;True
55678;3;6;3;True
55679;5;16;11;True
55680;5;12;7;True
55681;4;9;5;True
55682;1;1;0;True
55683;2;4;2;True
55684;3;4;1;True
55685;2;2;0;True
55686;1;1;0;True
55687;3;6;3;True
55688;3;6;3;True
55689;3;9;6;True
55690;3;9;6;True
55691;4;6;2;True
55692;6;12;6;True
55693;0;0;0;True
55694;9;16;7;True
55695;5;9;4;True
55696;1;1;0;True
55697;7;16;9;True
55698;5;8;3;True
55699;2;4;2;True
55700;5;9;4;True
55701;4;9;5;True
55702;6;12;6;True
55703;3;6;3;True
55704;3;6;3;True
55705;1;1;0;True
55706;3;6;3;True
55707;9;16;7;True
55708;6;12;6;True
55709;4;6;2;True
55710;3;6;3;True
55711;0;0;0;True
55712;1;1;0;True
55713;1;1;0;True
55714;4;9;5;True
55715;7;12;5;True
55716;1;1;0;True
55717;4;8;4;True
55718;1;1;0;True
55719;3;3;0;True
55720;2;4;2;True
55721;8;16;8;True
55722;0;0;0;True
55723;2;2;0;True
55724;2;4;2;True
55725;4;9;5;True
55726;4;12;8;True
55727;6;12;6;True
55728;2;2;0;True
55729;4;9;5;True
55730;7;12;5;True
55731;3;9;6;True
55732;4;16;12;True
55733;0;0;0;True
55734;5;12;7;True
55735;6;12;6;True
55736;5;8;3;True
55737;7;16;9;True
55738;3;6;3;True
55739;5;9;4;True
55740;8;16;8;True
55741;7;16;9;True
55742;5;12;7;True
55743;6;12;6;True
55744;6;12;6;True
55745;4;9;5;True
55746;3;6;3;True
55747;4;12;8;True
55748;8;16;8;True
55749;5;8;3;True
55750;6;16;10;True
55751;1;1;0;True
55752;3;4;1;True
55753;2;2;0;True
55754;2;2;0;True
55755;6;9;3;True
55756;1;1;0;True
55757;4;6;2;True
55758;2;4;2;True
55759;4;12;8;True
55760;4;9;5;True
55761;6;16;10;True
55762;4;9;5;True
55763;2;2;0;True
55764;4;9;5;True
55765;4;9;5;True
55766;1;1;0;True
55767;3;6;3;True
55768;2;2;0;True
55769;1;1;0;True
55770;3;9;6;True
55771;0;0;0;True
55772;0;0;0;True
55773;1;1;0;True
55774;3;4;1;True
55775;2;2;0;True
55776;2;2;0;True
55777;3;9;6;True
55778;8;16;8;True
55779;2;4;2;True
55780;2;2;0;True
55781;2;4;2;True
55782;3;6;3;True
55783;3;6;3;True
55784;8;16;8;True
55785;2;2;0;True
55786;1;1;0;True
55787;3;4;1;True
55788;1;1;0;True
55789;2;2;0;True
55790;5;12;7;True
55791;9;16;7;True
55792;2;4;2;True
55793;10;12;2;True
55794;2;2;0;True
55795;0;0;0;True
55796;8;12;4;True
55797;2;4;2;True
55798;0;0;0;True
55799;5;12;7;True
55800;2;4;2;True
55801;6;9;3;True
55802;4;9;5;True
55803;5;12;7;True
55804;0;0;0;True
55805;5;12;7;True
55806;7;12;5;True
55807;1;1;0;True
55808;5;12;7;True
55809;7;12;5;True
55810;2;4;2;True
55811;4;6;2;True
55812;4;8;4;True
55813;5;16;11;True
55814;4;6;2;True
55815;3;6;3;True
55816;5;12;7;True
55817;0;0;0;True
55818;5;12;7;True
55819;1;1;0;True
55820;2;4;2;True
55821;7;12;5;True
55822;4;9;5;True
55823;1;1;0;True
55824;2;2;0;True
55825;5;12;7;True
55826;4;6;2;True
55827;5;12;7;True
55828;3;4;1;True
55829;4;12;8;True
55830;4;6;2;True
55831;0;0;0;True
55832;1;1;0;True
55833;9;12;3;True
55834;1;1;0;True
55835;1;1;0;True
55836;6;16;10;True
55837;2;4;2;True
55838;9;16;7;True
55839;1;1;0;True
55840;2;2;0;True
55841;2;4;2;True
55842;2;4;2;True
55843;0;0;0;True
55844;2;2;0;True
55845;2;4;2;True
55846;3;9;6;True
55847;2;2;0;True
55848;4;9;5;True
55849;5;12;7;True
55850;10;16;6;True
55851;5;8;3;True
55852;9;12;3;True
55853;3;4;1;True
55854;4;9;5;True
55855;5;12;7;True
55856;6;12;6;True
55857;5;9;4;True
55858;4;6;2;True
55859;3;6;3;True
55860;1;1;0;True
55861;1;1;0;True
55862;4;9;5;True
55863;4;9;5;True
55864;2;2;0;True
55865;3;6;3;True
55866;7;16;9;True
55867;0;0;0;True
55868;0;0;0;True
55869;4;9;5;True
55870;5;12;7;True
55871;1;1;0;True
55872;3;3;0;True
55873;1;1;0;True
55874;7;12;5;True
55875;1;1;0;True
55876;3;6;3;True
55877;2;4;2;True
55878;4;9;5;True
55879;1;1;0;True
55880;5;9;4;True
55881;4;6;2;True
55882;4;6;2;True
55883;1;1;0;True
55884;5;9;4;True
55885;5;9;4;True
55886;4;9;5;True
55887;4;9;5;True
55888;5;12;7;True
55889;5;6;1;True
55890;0;0;0;True
55891;6;16;10;True
55892;6;12;6;True
55893;7;16;9;True
55894;9;16;7;True
55895;3;4;1;True
55896;7;12;5;True
55897;5;12;7;True
55898;2;2;0;True
55899;1;1;0;True
55900;2;2;0;True
55901;5;9;4;True
55902;0;0;0;True
55903;0;0;0;True
55904;1;1;0;True
55905;4;6;2;True
55906;3;6;3;True
55907;2;2;0;True
55908;0;0;0;True
55909;2;4;2;True
55910;4;8;4;True
55911;4;6;2;True
55912;4;6;2;True
55913;4;9;5;True
55914;6;16;10;True
55915;7;16;9;True
55916;12;16;4;True
55917;6;12;6;True
55918;5;12;7;True
55919;5;8;3;True
55920;3;9;6;True
55921;10;16;6;True
55922;3;6;3;True
55923;6;12;6;True
55924;3;6;3;True
55925;9;16;7;True
55926;4;8;4;True
55927;0;0;0;True
55928;6;16;10;True
55929;6;12;6;True
55930;4;8;4;True
55931;1;1;0;True
55932;7;12;5;True
55933;2;4;2;True
55934;4;9;5;True
55935;3;9;6;True
55936;2;4;2;True
55937;0;0;0;True
55938;6;12;6;True
55939;0;0;0;True
55940;5;9;4;True
55941;3;4;1;True
55942;1;1;0;True
55943;7;16;9;True
55944;3;3;0;True
55945;6;12;6;True
55946;4;9;5;True
55947;6;12;6;True
55948;3;6;3;True
55949;1;1;0;True
55950;0;0;0;True
55951;6;16;10;True
55952;2;4;2;True
55953;2;4;2;True
55954;2;4;2;True
55955;1;1;0;True
55956;1;1;0;True
55957;3;6;3;True
55958;0;0;0;True
55959;2;2;0;True
55960;0;0;0;True
55961;2;4;2;True
55962;8;16;8;True
55963;7;16;9;True
55964;4;6;2;True
55965;5;12;7;True
55966;7;12;5;True
55967;1;1;0;True
55968;1;1;0;True
55969;5;12;7;True
55970;7;9;2;True
55971;2;2;0;True
55972;4;12;8;True
55973;1;1;0;True
55974;3;4;1;True
55975;7;12;5;True
55976;1;1;0;True
55977;3;9;6;True
55978;4;12;8;True
55979;4;8;4;True
55980;4;6;2;True
55981;5;9;4;True
55982;5;9;4;True
55983;5;12;7;True
55984;4;9;5;True
55985;4;6;2;True
55986;8;16;8;True
55987;5;9;4;True
55988;3;6;3;True
55989;5;12;7;True
55990;2;4;2;True
55991;3;6;3;True
55992;2;4;2;True
55993;2;4;2;True
55994;7;12;5;True
55995;5;9;4;True
55996;6;8;2;True
55997;0;0;0;True
55998;4;12;8;True
55999;5;6;1;True
56000;4;12;8;True
56001;3;4;1;True
56002;3;3;0;True
56003;9;16;7;True
56004;2;4;2;True
56005;6;16;10;True
56006;5;12;7;True
56007;2;4;2;True
56008;1;1;0;True
56009;6;12;6;True
56010;2;2;0;True
56011;4;12;8;True
56012;5;12;7;True
56013;1;1;0;True
56014;7;16;9;True
56015;1;1;0;True
56016;4;12;8;True
56017;2;4;2;True
56018;1;1;0;True
56019;5;12;7;True
56020;6;12;6;True
56021;1;1;0;True
56022;2;4;2;True
56023;6;12;6;True
56024;1;1;0;True
56025;5;9;4;True
56026;6;16;10;True
56027;2;2;0;True
56028;5;9;4;True
56029;2;4;2;True
56030;2;4;2;True
56031;3;9;6;True
56032;4;6;2;True
56033;0;0;0;True
56034;8;12;4;True
56035;5;12;7;True
56036;6;12;6;True
56037;2;4;2;True
56038;5;16;11;True
56039;2;4;2;True
56040;10;16;6;True
56041;6;12;6;True
56042;6;12;6;True
56043;6;12;6;True
56044;9;16;7;True
56045;3;9;6;True
56046;5;8;3;True
56047;2;4;2;True
56048;1;1;0;True
56049;3;4;1;True
56050;0;0;0;True
56051;2;4;2;True
56052;1;1;0;True
56053;4;12;8;True
56054;9;12;3;True
56055;8;12;4;True
56056;1;1;0;True
56057;4;9;5;True
56058;4;6;2;True
56059;4;12;8;True
56060;3;9;6;True
56061;1;1;0;True
56062;7;16;9;True
56063;5;16;11;True
56064;2;4;2;True
56065;3;6;3;True
56066;1;1;0;True
56067;3;4;1;True
56068;6;12;6;True
56069;8;16;8;True
56070;5;12;7;True
56071;4;9;5;True
56072;4;9;5;True
56073;3;6;3;True
56074;4;9;5;True
56075;5;9;4;True
56076;2;2;0;True
56077;6;12;6;True
56078;2;4;2;True
56079;4;8;4;True
56080;5;12;7;True
56081;6;9;3;True
56082;1;1;0;True
56083;6;12;6;True
56084;6;9;3;True
56085;2;4;2;True
56086;8;12;4;True
56087;0;0;0;True
56088;5;9;4;True
56089;5;9;4;True
56090;2;2;0;True
56091;2;4;2;True
56092;6;16;10;True
56093;6;12;6;True
56094;7;12;5;True
56095;5;12;7;True
56096;1;1;0;True
56097;2;4;2;True
56098;0;0;0;True
56099;3;4;1;True
56100;1;1;0;True
56101;7;12;5;True
56102;4;12;8;True
56103;1;1;0;True
56104;3;9;6;True
56105;2;4;2;True
56106;0;0;0;True
56107;5;12;7;True
56108;1;1;0;True
56109;1;1;0;True
56110;2;4;2;True
56111;6;16;10;True
56112;0;0;0;True
56113;4;6;2;True
56114;3;6;3;True
56115;3;9;6;True
56116;2;2;0;True
56117;2;4;2;True
56118;6;12;6;True
56119;5;8;3;True
56120;4;12;8;True
56121;3;6;3;True
56122;2;4;2;True
56123;3;6;3;True
56124;3;9;6;True
56125;8;16;8;True
56126;9;16;7;True
56127;8;16;8;True
56128;7;12;5;True
56129;5;12;7;True
56130;5;12;7;True
56131;2;2;0;True
56132;1;1;0;True
56133;3;6;3;True
56134;1;1;0;True
56135;8;16;8;True
56136;3;9;6;True
56137;4;9;5;True
56138;6;12;6;True
56139;4;6;2;True
56140;7;12;5;True
56141;3;6;3;True
56142;1;1;0;True
56143;3;6;3;True
56144;3;6;3;True
56145;4;9;5;True
56146;6;12;6;True
56147;3;9;6;True
56148;5;12;7;True
56149;2;4;2;True
56150;5;12;7;True
56151;4;4;0;True
56152;2;4;2;True
56153;2;2;0;True
56154;6;12;6;True
56155;6;12;6;True
56156;2;2;0;True
56157;3;9;6;True
56158;1;1;0;True
56159;1;1;0;True
56160;3;4;1;True
56161;5;12;7;True
56162;2;2;0;True
56163;4;6;2;True
56164;2;2;0;True
56165;3;3;0;True
56166;4;6;2;True
56167;7;16;9;True
56168;4;9;5;True
56169;3;4;1;True
56170;1;1;0;True
56171;5;12;7;True
56172;3;6;3;True
56173;2;2;0;True
56174;9;12;3;True
56175;3;6;3;True
56176;4;6;2;True
56177;4;9;5;True
56178;4;6;2;True
56179;4;9;5;True
56180;1;1;0;True
56181;6;9;3;True
56182;8;12;4;True
56183;2;4;2;True
56184;1;1;0;True
56185;5;16;11;True
56186;3;4;1;True
56187;4;9;5;True
56188;3;9;6;True
56189;5;8;3;True
56190;3;6;3;True
56191;8;16;8;True
56192;2;4;2;True
56193;5;9;4;True
56194;4;6;2;True
56195;4;8;4;True
56196;4;12;8;True
56197;10;16;6;True
56198;0;0;0;True
56199;2;2;0;True
56200;6;16;10;True
56201;2;4;2;True
56202;7;12;5;True
56203;7;16;9;True
56204;6;12;6;True
56205;0;0;0;True
56206;5;12;7;True
56207;0;0;0;True
56208;3;6;3;True
56209;6;8;2;True
56210;5;12;7;True
56211;3;3;0;True
56212;5;8;3;True
56213;3;6;3;True
56214;4;6;2;True
56215;6;12;6;True
56216;8;16;8;True
56217;3;6;3;True
56218;4;9;5;True
56219;1;1;0;True
56220;2;4;2;True
56221;4;6;2;True
56222;2;2;0;True
56223;5;9;4;True
56224;2;4;2;True
56225;6;12;6;True
56226;3;6;3;True
56227;6;8;2;True
56228;10;16;6;True
56229;0;0;0;True
56230;2;4;2;True
56231;2;4;2;True
56232;3;9;6;True
56233;4;9;5;True
56234;4;8;4;True
56235;2;4;2;True
56236;5;12;7;True
56237;4;9;5;True
56238;6;9;3;True
56239;4;6;2;True
56240;1;1;0;True
56241;2;4;2;True
56242;1;1;0;True
56243;5;6;1;True
56244;4;6;2;True
56245;6;9;3;True
56246;2;4;2;True
56247;2;4;2;True
56248;6;12;6;True
56249;5;12;7;True
56250;4;6;2;True
56251;3;6;3;True
56252;0;0;0;True
56253;6;16;10;True
56254;6;12;6;True
56255;5;9;4;True
56256;2;4;2;True
56257;4;12;8;True
56258;7;16;9;True
56259;2;4;2;True
56260;6;12;6;True
56261;7;12;5;True
56262;1;1;0;True
56263;5;12;7;True
56264;3;9;6;True
56265;3;4;1;True
56266;0;0;0;True
56267;5;12;7;True
56268;5;9;4;True
56269;3;6;3;True
56270;4;6;2;True
56271;4;6;2;True
56272;1;1;0;True
56273;3;6;3;True
56274;5;8;3;True
56275;7;12;5;True
56276;1;1;0;True
56277;3;6;3;True
56278;5;9;4;True
56279;1;1;0;True
56280;6;12;6;True
56281;4;12;8;True
56282;3;9;6;True
56283;1;1;0;True
56284;3;6;3;True
56285;5;12;7;True
56286;5;12;7;True
56287;5;12;7;True
56288;5;12;7;True
56289;3;6;3;True
56290;1;1;0;True
56291;3;4;1;True
56292;4;9;5;True
56293;4;9;5;True
56294;4;8;4;True
56295;3;6;3;True
56296;1;1;0;True
56297;7;16;9;True
56298;4;9;5;True
56299;3;4;1;True
56300;5;16;11;True
56301;5;6;1;True
56302;2;2;0;True
56303;4;8;4;True
56304;0;0;0;True
56305;0;0;0;True
56306;1;1;0;True
56307;8;16;8;True
56308;3;6;3;True
56309;2;4;2;True
56310;7;12;5;True
56311;6;12;6;True
56312;9;16;7;True
56313;2;2;0;True
56314;4;6;2;True
56315;3;4;1;True
56316;1;1;0;True
56317;3;6;3;True
56318;9;12;3;True
56319;3;4;1;True
56320;1;1;0;True
56321;3;4;1;True
56322;6;12;6;True
56323;7;12;5;True
56324;2;2;0;True
56325;1;1;0;True
56326;6;12;6;True
56327;2;4;2;True
56328;5;12;7;True
56329;3;9;6;True
56330;3;6;3;True
56331;3;9;6;True
56332;5;12;7;True
56333;5;9;4;True
56334;4;6;2;True
56335;4;6;2;True
56336;1;1;0;True
56337;7;8;1;True
56338;3;3;0;True
56339;1;1;0;True
56340;4;9;5;True
56341;6;12;6;True
56342;2;4;2;True
56343;3;3;0;True
56344;5;12;7;True
56345;8;16;8;True
56346;4;6;2;True
56347;9;16;7;True
56348;3;4;1;True
56349;7;12;5;True
56350;3;4;1;True
56351;7;16;9;True
56352;4;9;5;True
56353;1;1;0;True
56354;7;9;2;True
56355;5;9;4;True
56356;3;3;0;True
56357;1;1;0;True
56358;7;16;9;True
56359;2;2;0;True
56360;5;6;1;True
56361;4;6;2;True
56362;3;9;6;True
56363;6;12;6;True
56364;6;16;10;True
56365;5;6;1;True
56366;5;9;4;True
56367;1;1;0;True
56368;0;0;0;True
56369;4;6;2;True
56370;0;0;0;True
56371;5;8;3;True
56372;5;12;7;True
56373;2;2;0;True
56374;5;8;3;True
56375;2;4;2;True
56376;6;12;6;True
56377;5;8;3;True
56378;2;4;2;True
56379;3;6;3;True
56380;5;12;7;True
56381;9;16;7;True
56382;1;1;0;True
56383;2;4;2;True
56384;7;16;9;True
56385;3;6;3;True
56386;1;1;0;True
56387;2;4;2;True
56388;6;12;6;True
56389;2;2;0;True
56390;5;9;4;True
56391;3;9;6;True
56392;3;3;0;True
56393;6;6;0;True
56394;4;9;5;True
56395;5;12;7;True
56396;5;9;4;True
56397;6;12;6;True
56398;3;4;1;True
56399;8;12;4;True
56400;0;0;0;True
56401;7;12;5;True
56402;6;12;6;True
56403;6;16;10;True
56404;6;12;6;True
56405;2;2;0;True
56406;4;6;2;True
56407;0;0;0;True
56408;5;12;7;True
56409;6;12;6;True
56410;3;6;3;True
56411;4;12;8;True
56412;5;12;7;True
56413;2;4;2;True
56414;4;6;2;True
56415;4;12;8;True
56416;5;12;7;True
56417;8;16;8;True
56418;6;9;3;True
56419;4;8;4;True
56420;3;4;1;True
56421;6;12;6;True
56422;3;6;3;True
56423;3;3;0;True
56424;2;2;0;True
56425;2;4;2;True
56426;2;2;0;True
56427;4;4;0;True
56428;4;9;5;True
56429;0;0;0;True
56430;2;4;2;True
56431;5;12;7;True
56432;5;9;4;True
56433;1;1;0;True
56434;8;16;8;True
56435;1;1;0;True
56436;2;2;0;True
56437;1;1;0;True
56438;7;16;9;True
56439;4;6;2;True
56440;2;2;0;True
56441;2;2;0;True
56442;5;16;11;True
56443;5;9;4;True
56444;4;6;2;True
56445;2;4;2;True
56446;1;1;0;True
56447;3;4;1;True
56448;7;16;9;True
56449;6;12;6;True
56450;2;2;0;True
56451;0;0;0;True
56452;1;1;0;True
56453;5;9;4;True
56454;5;12;7;True
56455;1;1;0;True
56456;3;6;3;True
56457;5;12;7;True
56458;2;4;2;True
56459;1;1;0;True
56460;4;12;8;True
56461;7;12;5;True
56462;4;9;5;True
56463;0;0;0;True
56464;4;9;5;True
56465;0;0;0;True
56466;6;16;10;True
56467;1;1;0;True
56468;3;3;0;True
56469;2;4;2;True
56470;3;6;3;True
56471;7;16;9;True
56472;3;6;3;True
56473;3;4;1;True
56474;5;12;7;True
56475;2;4;2;True
56476;2;2;0;True
56477;3;6;3;True
56478;6;12;6;True
56479;4;6;2;True
56480;3;6;3;True
56481;0;0;0;True
56482;1;1;0;True
56483;3;6;3;True
56484;3;4;1;True
56485;6;16;10;True
56486;4;6;2;True
56487;8;16;8;True
56488;2;4;2;True
56489;2;2;0;True
56490;2;4;2;True
56491;3;4;1;True
56492;7;16;9;True
56493;3;6;3;True
56494;6;16;10;True
56495;7;16;9;True
56496;4;8;4;True
56497;2;4;2;True
56498;0;0;0;True
56499;2;2;0;True
56500;7;16;9;True
56501;2;4;2;True
56502;8;12;4;True
56503;4;6;2;True
56504;3;6;3;True
56505;0;0;0;True
56506;1;1;0;True
56507;3;3;0;True
56508;4;9;5;True
56509;2;4;2;True
56510;4;9;5;True
56511;6;16;10;True
56512;3;4;1;True
56513;6;16;10;True
56514;9;16;7;True
56515;2;2;0;True
56516;4;6;2;True
56517;10;16;6;True
56518;3;6;3;True
56519;4;9;5;True
56520;3;4;1;True
56521;2;4;2;True
56522;0;0;0;True
56523;4;9;5;True
56524;2;4;2;True
56525;7;12;5;True
56526;6;9;3;True
56527;8;16;8;True
56528;2;4;2;True
56529;6;16;10;True
56530;6;9;3;True
56531;4;9;5;True
56532;1;1;0;True
56533;6;12;6;True
56534;2;2;0;True
56535;4;12;8;True
56536;4;9;5;True
56537;3;6;3;True
56538;1;1;0;True
56539;1;1;0;True
56540;4;6;2;True
56541;4;6;2;True
56542;4;9;5;True
56543;3;6;3;True
56544;4;12;8;True
56545;7;12;5;True
56546;4;9;5;True
56547;5;16;11;True
56548;2;2;0;True
56549;4;6;2;True
56550;1;1;0;True
56551;4;8;4;True
56552;4;6;2;True
56553;4;6;2;True
56554;6;12;6;True
56555;2;2;0;True
56556;6;12;6;True
56557;1;1;0;True
56558;0;0;0;True
56559;3;4;1;True
56560;0;0;0;True
56561;7;16;9;True
56562;3;4;1;True
56563;6;9;3;True
56564;3;4;1;True
56565;1;1;0;True
56566;10;16;6;True
56567;4;6;2;True
56568;0;0;0;True
56569;6;9;3;True
56570;5;6;1;True
56571;0;0;0;True
56572;0;0;0;True
56573;3;4;1;True
56574;3;4;1;True
56575;4;9;5;True
56576;1;1;0;True
56577;3;4;1;True
56578;4;9;5;True
56579;5;12;7;True
56580;8;12;4;True
56581;0;0;0;True
56582;6;12;6;True
56583;2;2;0;True
56584;5;12;7;True
56585;3;4;1;True
56586;2;4;2;True
56587;4;9;5;True
56588;3;4;1;True
56589;11;16;5;True
56590;6;16;10;True
56591;1;1;0;True
56592;2;4;2;True
56593;1;1;0;True
56594;2;2;0;True
56595;8;16;8;True
56596;6;12;6;True
56597;8;16;8;True
56598;2;2;0;True
56599;2;4;2;True
56600;5;12;7;True
56601;1;1;0;True
56602;1;1;0;True
56603;6;12;6;True
56604;2;2;0;True
56605;7;16;9;True
56606;7;12;5;True
56607;3;6;3;True
56608;3;4;1;True
56609;2;4;2;True
56610;4;12;8;True
56611;1;1;0;True
56612;2;4;2;True
56613;4;8;4;True
56614;4;9;5;True
56615;2;4;2;True
56616;6;12;6;True
56617;1;1;0;True
56618;4;9;5;True
56619;8;16;8;True
56620;4;9;5;True
56621;3;3;0;True
56622;2;2;0;True
56623;0;0;0;True
56624;2;4;2;True
56625;4;9;5;True
56626;6;16;10;True
56627;2;2;0;True
56628;9;16;7;True
56629;3;4;1;True
56630;1;1;0;True
56631;6;16;10;True
56632;4;4;0;True
56633;7;16;9;True
56634;3;6;3;True
56635;3;9;6;True
56636;7;12;5;True
56637;3;6;3;True
56638;6;16;10;True
56639;3;6;3;True
56640;6;12;6;True
56641;7;12;5;True
56642;4;6;2;True
56643;0;0;0;True
56644;4;6;2;True
56645;2;4;2;True
56646;2;4;2;True
56647;2;2;0;True
56648;5;12;7;True
56649;4;4;0;True
56650;4;6;2;True
56651;3;6;3;True
56652;1;1;0;True
56653;3;6;3;True
56654;4;12;8;True
56655;4;9;5;True
56656;6;16;10;True
56657;4;6;2;True
56658;2;4;2;True
56659;1;1;0;True
56660;8;16;8;True
56661;1;1;0;True
56662;6;9;3;True
56663;5;12;7;True
56664;3;9;6;True
56665;1;1;0;True
56666;7;12;5;True
56667;3;3;0;True
56668;7;12;5;True
56669;2;2;0;True
56670;2;4;2;True
56671;7;16;9;True
56672;2;4;2;True
56673;7;16;9;True
56674;2;4;2;True
56675;4;12;8;True
56676;2;4;2;True
56677;7;8;1;True
56678;1;1;0;True
56679;0;0;0;True
56680;2;4;2;True
56681;3;4;1;True
56682;2;4;2;True
56683;4;8;4;True
56684;3;3;0;True
56685;3;6;3;True
56686;4;6;2;True
56687;6;12;6;True
56688;4;6;2;True
56689;4;12;8;True
56690;4;9;5;True
56691;4;9;5;True
56692;4;6;2;True
56693;3;9;6;True
56694;6;16;10;True
56695;6;16;10;True
56696;7;12;5;True
56697;2;2;0;True
56698;0;0;0;True
56699;2;2;0;True
56700;1;1;0;True
56701;5;12;7;True
56702;2;4;2;True
56703;7;16;9;True
56704;1;1;0;True
56705;3;6;3;True
56706;1;1;0;True
56707;1;1;0;True
56708;4;9;5;True
56709;5;9;4;True
56710;2;4;2;True
56711;6;12;6;True
56712;6;12;6;True
56713;2;2;0;True
56714;6;12;6;True
56715;4;6;2;True
56716;6;16;10;True
56717;2;4;2;True
56718;4;6;2;True
56719;2;4;2;True
56720;5;9;4;True
56721;6;16;10;True
56722;4;6;2;True
56723;4;4;0;True
56724;3;6;3;True
56725;2;4;2;True
56726;4;6;2;True
56727;7;9;2;True
56728;3;6;3;True
56729;4;9;5;True
56730;2;4;2;True
56731;9;16;7;True
56732;3;9;6;True
56733;6;12;6;True
56734;3;6;3;True
56735;6;16;10;True
56736;8;12;4;True
56737;6;12;6;True
56738;3;4;1;True
56739;4;9;5;True
56740;2;2;0;True
56741;7;12;5;True
56742;4;6;2;True
56743;4;9;5;True
56744;1;1;0;True
56745;3;4;1;True
56746;7;12;5;True
56747;4;8;4;True
56748;2;2;0;True
56749;5;12;7;True
56750;1;1;0;True
56751;2;2;0;True
56752;2;4;2;True
56753;1;1;0;True
56754;1;1;0;True
56755;2;4;2;True
56756;11;16;5;True
56757;6;12;6;True
56758;3;9;6;True
56759;4;9;5;True
56760;2;4;2;True
56761;7;12;5;True
56762;4;9;5;True
56763;4;6;2;True
56764;5;12;7;True
56765;5;8;3;True
56766;2;4;2;True
56767;3;6;3;True
56768;5;12;7;True
56769;5;9;4;True
56770;4;9;5;True
56771;5;12;7;True
56772;9;16;7;True
56773;10;16;6;True
56774;0;0;0;True
56775;2;2;0;True
56776;0;0;0;True
56777;3;6;3;True
56778;8;16;8;True
56779;1;1;0;True
56780;3;6;3;True
56781;6;16;10;True
56782;1;1;0;True
56783;3;9;6;True
56784;3;6;3;True
56785;4;9;5;True
56786;3;4;1;True
56787;6;12;6;True
56788;3;6;3;True
56789;3;4;1;True
56790;9;16;7;True
56791;7;12;5;True
56792;3;6;3;True
56793;7;16;9;True
56794;5;12;7;True
56795;3;6;3;True
56796;0;0;0;True
56797;2;4;2;True
56798;4;9;5;True
56799;3;4;1;True
56800;2;4;2;True
56801;5;8;3;True
56802;3;6;3;True
56803;4;9;5;True
56804;6;16;10;True
56805;2;4;2;True
56806;1;1;0;True
56807;7;16;9;True
56808;0;0;0;True
56809;1;1;0;True
56810;5;12;7;True
56811;5;9;4;True
56812;8;16;8;True
56813;3;6;3;True
56814;0;0;0;True
56815;6;12;6;True
56816;4;6;2;True
56817;5;8;3;True
56818;1;1;0;True
56819;0;0;0;True
56820;3;6;3;True
56821;3;3;0;True
56822;6;12;6;True
56823;2;4;2;True
56824;0;0;0;True
56825;2;2;0;True
56826;2;4;2;True
56827;2;4;2;True
56828;4;12;8;True
56829;3;6;3;True
56830;3;6;3;True
56831;5;8;3;True
56832;4;9;5;True
56833;4;9;5;True
56834;6;8;2;True
56835;4;4;0;True
56836;11;16;5;True
56837;7;9;2;True
56838;1;1;0;True
56839;1;1;0;True
56840;2;2;0;True
56841;2;4;2;True
56842;3;6;3;True
56843;3;4;1;True
56844;1;1;0;True
56845;3;4;1;True
56846;1;1;0;True
56847;3;9;6;True
56848;0;0;0;True
56849;5;12;7;True
56850;3;4;1;True
56851;2;4;2;True
56852;2;2;0;True
56853;7;16;9;True
56854;5;12;7;True
56855;1;1;0;True
56856;2;2;0;True
56857;5;12;7;True
56858;3;6;3;True
56859;6;9;3;True
56860;3;6;3;True
56861;3;6;3;True
56862;3;6;3;True
56863;4;6;2;True
56864;0;0;0;True
56865;3;9;6;True
56866;1;1;0;True
56867;6;12;6;True
56868;1;1;0;True
56869;5;12;7;True
56870;3;6;3;True
56871;6;12;6;True
56872;4;8;4;True
56873;5;9;4;True
56874;1;1;0;True
56875;5;9;4;True
56876;7;16;9;True
56877;1;1;0;True
56878;0;0;0;True
56879;3;4;1;True
56880;3;4;1;True
56881;3;6;3;True
56882;2;2;0;True
56883;5;16;11;True
56884;8;12;4;True
56885;1;1;0;True
56886;5;6;1;True
56887;4;8;4;True
56888;6;12;6;True
56889;6;12;6;True
56890;1;1;0;True
56891;7;16;9;True
56892;4;12;8;True
56893;6;12;6;True
56894;1;1;0;True
56895;3;6;3;True
56896;4;9;5;True
56897;0;0;0;True
56898;1;1;0;True
56899;7;16;9;True
56900;5;9;4;True
56901;3;4;1;True
56902;2;4;2;True
56903;4;6;2;True
56904;4;6;2;True
56905;2;2;0;True
56906;3;6;3;True
56907;1;1;0;True
56908;5;12;7;True
56909;4;9;5;True
56910;7;16;9;True
56911;8;12;4;True
56912;2;2;0;True
56913;4;9;5;True
56914;4;8;4;True
56915;5;12;7;True
56916;1;1;0;True
56917;5;9;4;True
56918;1;1;0;True
56919;0;0;0;True
56920;5;12;7;True
56921;5;9;4;True
56922;7;16;9;True
56923;4;12;8;True
56924;7;16;9;True
56925;3;4;1;True
56926;2;4;2;True
56927;3;3;0;True
56928;4;6;2;True
56929;0;0;0;True
56930;0;0;0;True
56931;3;9;6;True
56932;7;16;9;True
56933;3;4;1;True
56934;2;4;2;True
56935;4;6;2;True
56936;8;16;8;True
56937;2;4;2;True
56938;3;4;1;True
56939;1;1;0;True
56940;8;12;4;True
56941;5;12;7;True
56942;6;12;6;True
56943;1;1;0;True
56944;4;9;5;True
56945;4;6;2;True
56946;3;4;1;True
56947;4;9;5;True
56948;4;12;8;True
56949;1;1;0;True
56950;4;9;5;True
56951;6;12;6;True
56952;8;12;4;True
56953;4;9;5;True
56954;7;16;9;True
56955;7;16;9;True
56956;4;12;8;True
56957;2;2;0;True
56958;9;16;7;True
56959;1;1;0;True
56960;6;16;10;True
56961;1;1;0;True
56962;5;9;4;True
56963;2;4;2;True
56964;4;8;4;True
56965;3;6;3;True
56966;5;16;11;True
56967;6;12;6;True
56968;4;9;5;True
56969;3;6;3;True
56970;3;6;3;True
56971;5;12;7;True
56972;4;9;5;True
56973;5;12;7;True
56974;3;4;1;True
56975;9;16;7;True
56976;1;1;0;True
56977;2;2;0;True
56978;7;16;9;True
56979;7;12;5;True
56980;5;9;4;True
56981;3;6;3;True
56982;2;2;0;True
56983;7;16;9;True
56984;5;16;11;True
56985;5;6;1;True
56986;5;9;4;True
56987;1;1;0;True
56988;5;12;7;True
56989;2;4;2;True
56990;1;1;0;True
56991;7;12;5;True
56992;5;8;3;True
56993;3;6;3;True
56994;7;12;5;True
56995;0;0;0;True
56996;9;16;7;True
56997;2;4;2;True
56998;5;9;4;True
56999;1;1;0;True
57000;2;4;2;True
57001;4;9;5;True
57002;5;12;7;True
57003;5;12;7;True
57004;3;3;0;True
57005;5;12;7;True
57006;4;6;2;True
57007;1;1;0;True
57008;6;16;10;True
57009;2;2;0;True
57010;7;12;5;True
57011;5;9;4;True
57012;1;1;0;True
57013;0;0;0;True
57014;8;12;4;True
57015;2;2;0;True
57016;7;12;5;True
57017;5;9;4;True
57018;5;12;7;True
57019;5;16;11;True
57020;7;12;5;True
57021;1;1;0;True
57022;5;6;1;True
57023;4;9;5;True
57024;1;1;0;True
57025;0;0;0;True
57026;10;16;6;True
57027;10;12;2;True
57028;6;12;6;True
57029;2;4;2;True
57030;5;8;3;True
57031;4;9;5;True
57032;2;2;0;True
57033;8;16;8;True
57034;4;6;2;True
57035;3;6;3;True
57036;0;0;0;True
57037;2;4;2;True
57038;2;2;0;True
57039;4;4;0;True
57040;0;0;0;True
57041;5;9;4;True
57042;8;16;8;True
57043;3;6;3;True
57044;0;0;0;True
57045;6;12;6;True
57046;3;6;3;True
57047;3;9;6;True
57048;4;9;5;True
57049;6;16;10;True
57050;0;0;0;True
57051;3;4;1;True
57052;6;12;6;True
57053;7;12;5;True
57054;3;6;3;True
57055;3;4;1;True
57056;1;1;0;True
57057;3;9;6;True
57058;4;6;2;True
57059;3;9;6;True
57060;4;9;5;True
57061;6;9;3;True
57062;5;9;4;True
57063;8;16;8;True
57064;3;9;6;True
57065;4;12;8;True
57066;5;9;4;True
57067;6;12;6;True
57068;3;6;3;True
57069;4;6;2;True
57070;5;12;7;True
57071;5;6;1;True
57072;3;3;0;True
57073;5;9;4;True
57074;3;6;3;True
57075;4;6;2;True
57076;6;12;6;True
57077;0;0;0;True
57078;1;1;0;True
57079;2;4;2;True
57080;5;12;7;True
57081;1;1;0;True
57082;1;1;0;True
57083;1;1;0;True
57084;5;16;11;True
57085;5;12;7;True
57086;5;16;11;True
57087;2;2;0;True
57088;8;16;8;True
57089;5;6;1;True
57090;8;9;1;True
57091;3;4;1;True
57092;1;1;0;True
57093;1;1;0;True
57094;7;16;9;True
57095;1;1;0;True
57096;2;4;2;True
57097;3;4;1;True
57098;3;4;1;True
57099;1;1;0;True
57100;2;2;0;True
57101;5;8;3;True
57102;4;6;2;True
57103;7;16;9;True
57104;5;9;4;True
57105;4;6;2;True
57106;4;9;5;True
57107;6;12;6;True
57108;4;6;2;True
57109;6;8;2;True
57110;1;1;0;True
57111;1;1;0;True
57112;4;9;5;True
57113;6;9;3;True
57114;4;8;4;True
57115;7;16;9;True
57116;2;4;2;True
57117;4;12;8;True
57118;3;4;1;True
57119;1;1;0;True
57120;1;1;0;True
57121;3;6;3;True
57122;4;6;2;True
57123;3;6;3;True
57124;3;6;3;True
57125;4;6;2;True
57126;4;6;2;True
57127;3;9;6;True
57128;3;6;3;True
57129;6;8;2;True
57130;1;1;0;True
57131;1;1;0;True
57132;3;6;3;True
57133;10;16;6;True
57134;1;1;0;True
57135;4;9;5;True
57136;5;16;11;True
57137;3;9;6;True
57138;5;12;7;True
57139;4;9;5;True
57140;2;2;0;True
57141;3;6;3;True
57142;2;2;0;True
57143;4;9;5;True
57144;4;9;5;True
57145;1;1;0;True
57146;3;6;3;True
57147;0;0;0;True
57148;6;16;10;True
57149;3;9;6;True
57150;3;6;3;True
57151;3;6;3;True
57152;3;3;0;True
57153;4;6;2;True
57154;3;6;3;True
57155;4;16;12;True
57156;5;12;7;True
57157;3;9;6;True
57158;2;2;0;True
57159;2;4;2;True
57160;5;12;7;True
57161;2;4;2;True
57162;2;4;2;True
57163;8;12;4;True
57164;1;1;0;True
57165;0;0;0;True
57166;5;12;7;True
57167;1;1;0;True
57168;2;4;2;True
57169;5;12;7;True
57170;4;6;2;True
57171;3;6;3;True
57172;3;6;3;True
57173;4;12;8;True
57174;2;2;0;True
57175;6;9;3;True
57176;2;2;0;True
57177;8;12;4;True
57178;4;9;5;True
57179;2;2;0;True
57180;1;1;0;True
57181;2;4;2;True
57182;2;2;0;True
57183;3;4;1;True
57184;7;12;5;True
57185;1;1;0;True
57186;3;6;3;True
57187;4;12;8;True
57188;5;12;7;True
57189;2;2;0;True
57190;1;1;0;True
57191;7;8;1;True
57192;0;0;0;True
57193;3;6;3;True
57194;4;12;8;True
57195;1;1;0;True
57196;2;4;2;True
57197;4;9;5;True
57198;5;12;7;True
57199;1;1;0;True
57200;3;3;0;True
57201;5;9;4;True
57202;7;12;5;True
57203;5;8;3;True
57204;8;16;8;True
57205;11;16;5;True
57206;0;0;0;True
57207;1;1;0;True
57208;2;4;2;True
57209;2;4;2;True
57210;5;12;7;True
57211;7;12;5;True
57212;3;6;3;True
57213;1;1;0;True
57214;1;1;0;True
57215;2;2;0;True
57216;4;9;5;True
57217;5;12;7;True
57218;4;8;4;True
57219;3;6;3;True
57220;1;1;0;True
57221;5;9;4;True
57222;5;12;7;True
57223;5;12;7;True
57224;2;4;2;True
57225;0;0;0;True
57226;0;0;0;True
57227;4;9;5;True
57228;0;0;0;True
57229;7;12;5;True
57230;3;3;0;True
57231;2;4;2;True
57232;7;12;5;True
57233;4;6;2;True
57234;5;8;3;True
57235;6;12;6;True
57236;3;6;3;True
57237;6;12;6;True
57238;2;2;0;True
57239;4;9;5;True
57240;1;1;0;True
57241;1;1;0;True
57242;3;9;6;True
57243;3;4;1;True
57244;6;12;6;True
57245;2;4;2;True
57246;9;16;7;True
57247;0;0;0;True
57248;7;12;5;True
57249;1;1;0;True
57250;6;8;2;True
57251;1;1;0;True
57252;9;16;7;True
57253;0;0;0;True
57254;1;1;0;True
57255;1;1;0;True
57256;7;16;9;True
57257;1;1;0;True
57258;6;16;10;True
57259;6;16;10;True
57260;4;12;8;True
57261;3;6;3;True
57262;4;9;5;True
57263;1;1;0;True
57264;0;0;0;True
57265;3;4;1;True
57266;1;1;0;True
57267;4;8;4;True
57268;4;12;8;True
57269;5;12;7;True
57270;8;12;4;True
57271;5;16;11;True
57272;3;9;6;True
57273;5;9;4;True
57274;6;12;6;True
57275;7;12;5;True
57276;2;4;2;True
57277;4;9;5;True
57278;3;4;1;True
57279;3;4;1;True
57280;7;16;9;True
57281;0;0;0;True
57282;2;2;0;True
57283;2;4;2;True
57284;6;12;6;True
57285;5;12;7;True
57286;3;6;3;True
57287;2;4;2;True
57288;5;16;11;True
57289;0;0;0;True
57290;11;16;5;True
57291;4;8;4;True
57292;8;12;4;True
57293;4;12;8;True
57294;3;9;6;True
57295;0;0;0;True
57296;4;12;8;True
57297;4;12;8;True
57298;6;9;3;True
57299;2;4;2;True
57300;2;2;0;True
57301;5;12;7;True
57302;10;16;6;True
57303;0;0;0;True
57304;7;12;5;True
57305;4;9;5;True
57306;2;4;2;True
57307;3;6;3;True
57308;0;0;0;True
57309;1;1;0;True
57310;5;9;4;True
57311;5;9;4;True
57312;5;8;3;True
57313;1;1;0;True
57314;5;12;7;True
57315;7;16;9;True
57316;8;16;8;True
57317;1;1;0;True
57318;3;6;3;True
57319;3;4;1;True
57320;5;8;3;True
57321;3;6;3;True
57322;5;8;3;True
57323;2;2;0;True
57324;3;6;3;True
57325;9;16;7;True
57326;4;6;2;True
57327;6;9;3;True
57328;4;12;8;True
57329;7;12;5;True
57330;8;16;8;True
57331;4;9;5;True
57332;5;12;7;True
57333;4;8;4;True
57334;7;16;9;True
57335;4;9;5;True
57336;1;1;0;True
57337;2;2;0;True
57338;7;12;5;True
57339;2;4;2;True
57340;7;16;9;True
57341;6;16;10;True
57342;2;4;2;True
57343;7;16;9;True
57344;1;1;0;True
57345;1;1;0;True
57346;2;4;2;True
57347;0;0;0;True
57348;0;0;0;True
57349;2;4;2;True
57350;4;6;2;True
57351;2;4;2;True
57352;2;4;2;True
57353;3;6;3;True
57354;2;4;2;True
57355;1;1;0;True
57356;1;1;0;True
57357;4;9;5;True
57358;4;9;5;True
57359;5;12;7;True
57360;8;16;8;True
57361;2;2;0;True
57362;3;9;6;True
57363;4;9;5;True
57364;5;9;4;True
57365;1;1;0;True
57366;4;12;8;True
57367;7;12;5;True
57368;5;12;7;True
57369;3;6;3;True
57370;7;16;9;True
57371;1;1;0;True
57372;8;12;4;True
57373;5;9;4;True
57374;4;9;5;True
57375;0;0;0;True
57376;3;9;6;True
57377;3;9;6;True
57378;5;12;7;True
57379;7;12;5;True
57380;1;1;0;True
57381;0;0;0;True
57382;2;2;0;True
57383;4;6;2;True
57384;5;12;7;True
57385;6;16;10;True
57386;3;6;3;True
57387;3;4;1;True
57388;0;0;0;True
57389;1;1;0;True
57390;5;12;7;True
57391;2;4;2;True
57392;3;9;6;True
57393;1;1;0;True
57394;2;4;2;True
57395;5;9;4;True
57396;9;16;7;True
57397;2;2;0;True
57398;3;3;0;True
57399;2;2;0;True
57400;4;9;5;True
57401;4;9;5;True
57402;6;12;6;True
57403;5;12;7;True
57404;6;12;6;True
57405;3;6;3;True
57406;5;12;7;True
57407;7;12;5;True
57408;0;0;0;True
57409;5;9;4;True
57410;1;1;0;True
57411;3;9;6;True
57412;3;6;3;True
57413;3;6;3;True
57414;2;2;0;True
57415;7;12;5;True
57416;4;9;5;True
57417;6;16;10;True
57418;9;16;7;True
57419;0;0;0;True
57420;2;4;2;True
57421;2;2;0;True
57422;3;4;1;True
57423;3;9;6;True
57424;6;12;6;True
57425;2;2;0;True
57426;2;4;2;True
57427;1;1;0;True
57428;2;4;2;True
57429;2;2;0;True
57430;1;1;0;True
57431;3;4;1;True
57432;9;16;7;True
57433;8;16;8;True
57434;6;9;3;True
57435;3;4;1;True
57436;3;6;3;True
57437;10;16;6;True
57438;4;9;5;True
57439;2;2;0;True
57440;4;9;5;True
57441;7;12;5;True
57442;6;12;6;True
57443;7;8;1;True
57444;11;16;5;True
57445;5;16;11;True
57446;0;0;0;True
57447;5;12;7;True
57448;7;16;9;True
57449;8;16;8;True
57450;3;4;1;True
57451;3;4;1;True
57452;1;1;0;True
57453;4;6;2;True
57454;1;1;0;True
57455;4;12;8;True
57456;2;2;0;True
57457;9;16;7;True
57458;9;16;7;True
57459;5;16;11;True
57460;5;6;1;True
57461;5;8;3;True
57462;6;12;6;True
57463;2;2;0;True
57464;2;4;2;True
57465;2;4;2;True
57466;5;12;7;True
57467;6;16;10;True
57468;6;12;6;True
57469;4;9;5;True
57470;3;6;3;True
57471;6;16;10;True
57472;3;6;3;True
57473;1;1;0;True
57474;1;1;0;True
57475;1;1;0;True
57476;1;1;0;True
57477;1;1;0;True
57478;5;12;7;True
57479;3;4;1;True
57480;4;6;2;True
57481;1;1;0;True
57482;6;9;3;True
57483;4;8;4;True
57484;6;12;6;True
57485;2;4;2;True
57486;1;1;0;True
57487;2;2;0;True
57488;1;1;0;True
57489;4;9;5;True
57490;5;12;7;True
57491;3;4;1;True
57492;2;4;2;True
57493;5;12;7;True
57494;5;9;4;True
57495;7;12;5;True
57496;3;6;3;True
57497;5;9;4;True
57498;2;4;2;True
57499;5;16;11;True
57500;5;9;4;True
57501;4;6;2;True
57502;8;16;8;True
57503;2;2;0;True
57504;5;12;7;True
57505;3;3;0;True
57506;4;9;5;True
57507;4;9;5;True
57508;0;0;0;True
57509;4;9;5;True
57510;4;6;2;True
57511;6;9;3;True
57512;1;1;0;True
57513;5;12;7;True
57514;3;6;3;True
57515;3;9;6;True
57516;1;1;0;True
57517;1;1;0;True
57518;3;6;3;True
57519;2;2;0;True
57520;4;6;2;True
57521;3;9;6;True
57522;4;12;8;True
57523;4;9;5;True
57524;5;6;1;True
57525;5;12;7;True
57526;5;9;4;True
57527;3;3;0;True
57528;4;6;2;True
57529;4;8;4;True
57530;2;4;2;True
57531;5;12;7;True
57532;4;6;2;True
57533;5;9;4;True
57534;3;9;6;True
57535;3;6;3;True
57536;5;8;3;True
57537;3;4;1;True
57538;6;16;10;True
57539;3;6;3;True
57540;4;16;12;True
57541;3;4;1;True
57542;2;4;2;True
57543;3;4;1;True
57544;4;8;4;True
57545;4;12;8;True
57546;1;1;0;True
57547;6;12;6;True
57548;2;4;2;True
57549;8;16;8;True
57550;4;4;0;True
57551;6;12;6;True
57552;3;9;6;True
57553;1;1;0;True
57554;4;6;2;True
57555;0;0;0;True
57556;2;4;2;True
57557;7;16;9;True
57558;6;12;6;True
57559;3;6;3;True
57560;0;0;0;True
57561;2;4;2;True
57562;4;12;8;True
57563;3;6;3;True
57564;2;2;0;True
57565;1;1;0;True
57566;6;12;6;True
57567;2;2;0;True
57568;6;16;10;True
57569;4;6;2;True
57570;1;1;0;True
57571;6;9;3;True
57572;3;6;3;True
57573;8;16;8;True
57574;2;4;2;True
57575;4;9;5;True
57576;3;6;3;True
57577;3;4;1;True
57578;5;12;7;True
57579;0;0;0;True
57580;4;12;8;True
57581;5;8;3;True
57582;2;4;2;True
57583;8;16;8;True
57584;3;6;3;True
57585;7;16;9;True
57586;3;9;6;True
57587;10;16;6;True
57588;4;6;2;True
57589;4;9;5;True
57590;5;9;4;True
57591;4;6;2;True
57592;5;9;4;True
57593;6;12;6;True
57594;2;4;2;True
57595;6;12;6;True
57596;4;8;4;True
57597;6;12;6;True
57598;3;3;0;True
57599;0;0;0;True
57600;3;4;1;True
57601;2;4;2;True
57602;2;2;0;True
57603;5;9;4;True
57604;4;16;12;True
57605;2;2;0;True
57606;0;0;0;True
57607;1;1;0;True
57608;4;12;8;True
57609;3;6;3;True
57610;7;16;9;True
57611;3;6;3;True
57612;5;16;11;True
57613;2;2;0;True
57614;4;6;2;True
57615;2;4;2;True
57616;2;4;2;True
57617;0;0;0;True
57618;4;9;5;True
57619;7;16;9;True
57620;3;9;6;True
57621;4;6;2;True
57622;0;0;0;True
57623;0;0;0;True
57624;4;9;5;True
57625;4;6;2;True
57626;4;9;5;True
57627;2;2;0;True
57628;2;4;2;True
57629;4;9;5;True
57630;0;0;0;True
57631;0;0;0;True
57632;3;4;1;True
57633;1;1;0;True
57634;8;16;8;True
57635;5;6;1;True
57636;3;4;1;True
57637;7;16;9;True
57638;5;9;4;True
57639;3;9;6;True
57640;1;1;0;True
57641;4;12;8;True
57642;5;12;7;True
57643;2;2;0;True
57644;8;16;8;True
57645;3;4;1;True
57646;2;4;2;True
57647;5;12;7;True
57648;0;0;0;True
57649;4;9;5;True
57650;1;1;0;True
57651;3;4;1;True
57652;2;2;0;True
57653;0;0;0;True
57654;5;12;7;True
57655;3;9;6;True
57656;7;12;5;True
57657;1;1;0;True
57658;5;9;4;True
57659;5;9;4;True
57660;2;2;0;True
57661;1;1;0;True
57662;6;9;3;True
57663;1;1;0;True
57664;2;4;2;True
57665;4;6;2;True
57666;0;0;0;True
57667;0;0;0;True
57668;4;6;2;True
57669;4;8;4;True
57670;0;0;0;True
57671;1;1;0;True
57672;2;2;0;True
57673;0;0;0;True
57674;1;1;0;True
57675;2;4;2;True
57676;1;1;0;True
57677;7;16;9;True
57678;8;12;4;True
57679;6;12;6;True
57680;2;2;0;True
57681;3;6;3;True
57682;2;2;0;True
57683;2;2;0;True
57684;3;6;3;True
57685;3;6;3;True
57686;6;12;6;True
57687;2;4;2;True
57688;4;9;5;True
57689;6;12;6;True
57690;1;1;0;True
57691;3;4;1;True
57692;2;4;2;True
57693;2;4;2;True
57694;3;4;1;True
57695;2;4;2;True
57696;7;12;5;True
57697;1;1;0;True
57698;5;8;3;True
57699;3;4;1;True
57700;5;16;11;True
57701;3;6;3;True
57702;5;12;7;True
57703;2;2;0;True
57704;1;1;0;True
57705;3;3;0;True
57706;4;6;2;True
57707;1;1;0;True
57708;3;4;1;True
57709;2;4;2;True
57710;8;12;4;True
57711;5;12;7;True
57712;4;9;5;True
57713;2;4;2;True
57714;3;4;1;True
57715;7;16;9;True
57716;4;9;5;True
57717;3;9;6;True
57718;1;1;0;True
57719;1;1;0;True
57720;4;9;5;True
57721;5;16;11;True
57722;1;1;0;True
57723;0;0;0;True
57724;6;9;3;True
57725;6;12;6;True
57726;3;3;0;True
57727;2;4;2;True
57728;1;1;0;True
57729;2;4;2;True
57730;5;8;3;True
57731;1;1;0;True
57732;1;1;0;True
57733;5;9;4;True
57734;4;6;2;True
57735;2;4;2;True
57736;2;4;2;True
57737;0;0;0;True
57738;3;4;1;True
57739;4;6;2;True
57740;6;9;3;True
57741;1;1;0;True
57742;5;6;1;True
57743;4;4;0;True
57744;1;1;0;True
57745;8;16;8;True
57746;6;12;6;True
57747;2;2;0;True
57748;5;12;7;True
57749;2;2;0;True
57750;2;2;0;True
57751;3;6;3;True
57752;6;12;6;True
57753;1;1;0;True
57754;6;16;10;True
57755;2;4;2;True
57756;8;16;8;True
57757;3;9;6;True
57758;5;12;7;True
57759;3;6;3;True
57760;11;16;5;True
57761;1;1;0;True
57762;5;12;7;True
57763;5;9;4;True
57764;3;6;3;True
57765;5;9;4;True
57766;7;16;9;True
57767;4;6;2;True
57768;5;12;7;True
57769;5;9;4;True
57770;4;9;5;True
57771;6;12;6;True
57772;7;12;5;True
57773;3;6;3;True
57774;3;9;6;True
57775;0;0;0;True
57776;3;9;6;True
57777;1;1;0;True
57778;4;9;5;True
57779;0;0;0;True
57780;3;4;1;True
57781;1;1;0;True
57782;3;6;3;True
57783;2;4;2;True
57784;5;8;3;True
57785;1;1;0;True
57786;4;9;5;True
57787;2;2;0;True
57788;4;12;8;True
57789;8;16;8;True
57790;5;9;4;True
57791;6;16;10;True
57792;2;4;2;True
57793;2;4;2;True
57794;3;6;3;True
57795;10;16;6;True
57796;3;6;3;True
57797;8;16;8;True
57798;2;2;0;True
57799;7;16;9;True
57800;4;9;5;True
57801;3;9;6;True
57802;3;9;6;True
57803;6;12;6;True
57804;5;6;1;True
57805;6;12;6;True
57806;3;6;3;True
57807;2;4;2;True
57808;4;6;2;True
57809;2;4;2;True
57810;0;0;0;True
57811;0;0;0;True
57812;4;6;2;True
57813;0;0;0;True
57814;3;4;1;True
57815;4;9;5;True
57816;2;4;2;True
57817;1;1;0;True
57818;0;0;0;True
57819;3;9;6;True
57820;3;6;3;True
57821;5;9;4;True
57822;4;6;2;True
57823;5;12;7;True
57824;0;0;0;True
57825;3;6;3;True
57826;1;1;0;True
57827;3;6;3;True
57828;5;9;4;True
57829;2;2;0;True
57830;1;1;0;True
57831;6;12;6;True
57832;3;6;3;True
57833;1;1;0;True
57834;1;1;0;True
57835;1;1;0;True
57836;2;2;0;True
57837;3;4;1;True
57838;4;12;8;True
57839;2;4;2;True
57840;1;1;0;True
57841;8;16;8;True
57842;4;6;2;True
57843;2;4;2;True
57844;6;16;10;True
57845;6;16;10;True
57846;2;2;0;True
57847;2;2;0;True
57848;3;6;3;True
57849;9;12;3;True
57850;1;1;0;True
57851;6;12;6;True
57852;3;9;6;True
57853;3;9;6;True
57854;5;9;4;True
57855;2;4;2;True
57856;2;4;2;True
57857;4;9;5;True
57858;6;12;6;True
57859;3;4;1;True
57860;1;1;0;True
57861;7;12;5;True
57862;0;0;0;True
57863;1;1;0;True
57864;2;4;2;True
57865;2;4;2;True
57866;4;12;8;True
57867;3;6;3;True
57868;1;1;0;True
57869;7;9;2;True
57870;8;16;8;True
57871;6;12;6;True
57872;9;16;7;True
57873;5;12;7;True
57874;3;6;3;True
57875;5;12;7;True
57876;6;9;3;True
57877;5;12;7;True
57878;3;6;3;True
57879;1;1;0;True
57880;6;12;6;True
57881;1;1;0;True
57882;3;6;3;True
57883;1;1;0;True
57884;6;12;6;True
57885;3;6;3;True
57886;7;16;9;True
57887;5;6;1;True
57888;4;6;2;True
57889;1;1;0;True
57890;0;0;0;True
57891;3;6;3;True
57892;7;16;9;True
57893;6;12;6;True
57894;3;6;3;True
57895;4;9;5;True
57896;2;4;2;True
57897;6;9;3;True
57898;3;6;3;True
57899;5;16;11;True
57900;7;12;5;True
57901;5;8;3;True
57902;4;9;5;True
57903;6;12;6;True
57904;0;0;0;True
57905;0;0;0;True
57906;2;2;0;True
57907;1;1;0;True
57908;7;12;5;True
57909;2;4;2;True
57910;4;9;5;True
57911;1;1;0;True
57912;3;4;1;True
57913;5;8;3;True
57914;3;6;3;True
57915;9;16;7;True
57916;1;1;0;True
57917;1;1;0;True
57918;8;16;8;True
57919;5;9;4;True
57920;2;2;0;True
57921;5;9;4;True
57922;0;0;0;True
57923;7;12;5;True
57924;4;9;5;True
57925;2;2;0;True
57926;2;4;2;True
57927;4;4;0;True
57928;3;9;6;True
57929;5;9;4;True
57930;8;16;8;True
57931;5;9;4;True
57932;0;0;0;True
57933;3;9;6;True
57934;3;6;3;True
57935;0;0;0;True
57936;3;4;1;True
57937;3;4;1;True
57938;5;12;7;True
57939;1;1;0;True
57940;10;16;6;True
57941;4;9;5;True
57942;9;16;7;True
57943;3;3;0;True
57944;2;2;0;True
57945;8;16;8;True
57946;4;6;2;True
57947;2;4;2;True
57948;4;6;2;True
57949;1;1;0;True
57950;3;6;3;True
57951;4;8;4;True
57952;7;16;9;True
57953;2;4;2;True
57954;6;16;10;True
57955;5;12;7;True
57956;4;9;5;True
57957;7;16;9;True
57958;1;1;0;True
57959;3;9;6;True
57960;5;9;4;True
57961;6;12;6;True
57962;5;12;7;True
57963;2;4;2;True
57964;6;12;6;True
57965;2;2;0;True
57966;2;2;0;True
57967;4;12;8;True
57968;3;6;3;True
57969;8;16;8;True
57970;2;4;2;True
57971;1;1;0;True
57972;4;9;5;True
57973;2;4;2;True
57974;3;6;3;True
57975;5;12;7;True
57976;1;1;0;True
57977;5;12;7;True
57978;6;12;6;True
57979;5;9;4;True
57980;7;16;9;True
57981;5;9;4;True
57982;6;8;2;True
57983;5;12;7;True
57984;0;0;0;True
57985;0;0;0;True
57986;3;6;3;True
57987;5;12;7;True
57988;5;9;4;True
57989;0;0;0;True
57990;11;16;5;True
57991;4;9;5;True
57992;3;6;3;True
57993;5;12;7;True
57994;1;1;0;True
57995;3;9;6;True
57996;1;1;0;True
57997;7;16;9;True
57998;1;1;0;True
57999;6;16;10;True
58000;5;12;7;True
58001;2;2;0;True
58002;6;12;6;True
58003;4;6;2;True
58004;6;9;3;True
58005;1;1;0;True
58006;5;12;7;True
58007;7;16;9;True
58008;7;16;9;True
58009;5;12;7;True
58010;6;9;3;True
58011;6;12;6;True
58012;1;1;0;True
58013;6;12;6;True
58014;9;16;7;True
58015;4;9;5;True
58016;6;12;6;True
58017;3;6;3;True
58018;6;16;10;True
58019;2;2;0;True
58020;3;3;0;True
58021;5;12;7;True
58022;3;4;1;True
58023;0;0;0;True
58024;4;12;8;True
58025;2;2;0;True
58026;2;4;2;True
58027;3;6;3;True
58028;3;6;3;True
58029;2;2;0;True
58030;2;2;0;True
58031;0;0;0;True
58032;8;12;4;True
58033;5;8;3;True
58034;8;16;8;True
58035;1;1;0;True
58036;7;12;5;True
58037;3;4;1;True
58038;2;2;0;True
58039;2;4;2;True
58040;3;6;3;True
58041;9;16;7;True
58042;3;6;3;True
58043;5;8;3;True
58044;5;6;1;True
58045;9;16;7;True
58046;7;12;5;True
58047;4;9;5;True
58048;5;9;4;True
58049;2;4;2;True
58050;3;6;3;True
58051;3;4;1;True
58052;9;16;7;True
58053;5;8;3;True
58054;3;3;0;True
58055;2;4;2;True
58056;4;6;2;True
58057;4;9;5;True
58058;4;9;5;True
58059;5;12;7;True
58060;7;16;9;True
58061;6;9;3;True
58062;6;12;6;True
58063;4;12;8;True
58064;5;9;4;True
58065;3;4;1;True
58066;2;4;2;True
58067;7;12;5;True
58068;1;1;0;True
58069;2;4;2;True
58070;8;12;4;True
58071;1;1;0;True
58072;1;1;0;True
58073;4;12;8;True
58074;2;2;0;True
58075;5;12;7;True
58076;0;0;0;True
58077;2;4;2;True
58078;8;16;8;True
58079;4;9;5;True
58080;6;9;3;True
58081;7;12;5;True
58082;8;16;8;True
58083;4;6;2;True
58084;2;2;0;True
58085;8;16;8;True
58086;2;4;2;True
58087;3;4;1;True
58088;0;0;0;True
58089;3;6;3;True
58090;5;12;7;True
58091;5;12;7;True
58092;2;2;0;True
58093;4;6;2;True
58094;3;6;3;True
58095;0;0;0;True
58096;4;12;8;True
58097;7;12;5;True
58098;0;0;0;True
58099;0;0;0;True
58100;6;9;3;True
58101;1;1;0;True
58102;1;1;0;True
58103;4;6;2;True
58104;2;4;2;True
58105;4;9;5;True
58106;2;2;0;True
58107;2;4;2;True
58108;5;12;7;True
58109;1;1;0;True
58110;1;1;0;True
58111;3;6;3;True
58112;4;8;4;True
58113;2;2;0;True
58114;4;9;5;True
58115;8;12;4;True
58116;6;12;6;True
58117;8;16;8;True
58118;4;6;2;True
58119;4;9;5;True
58120;5;9;4;True
58121;0;0;0;True
58122;8;16;8;True
58123;5;9;4;True
58124;2;2;0;True
58125;2;2;0;True
58126;0;0;0;True
58127;1;1;0;True
58128;3;4;1;True
58129;5;12;7;True
58130;3;4;1;True
58131;1;1;0;True
58132;7;16;9;True
58133;7;12;5;True
58134;3;6;3;True
58135;4;9;5;True
58136;5;12;7;True
58137;7;16;9;True
58138;2;4;2;True
58139;5;12;7;True
58140;4;6;2;True
58141;9;16;7;True
58142;4;6;2;True
58143;7;12;5;True
58144;6;12;6;True
58145;5;16;11;True
58146;5;12;7;True
58147;0;0;0;True
58148;8;16;8;True
58149;4;9;5;True
58150;5;12;7;True
58151;1;1;0;True
58152;5;12;7;True
58153;7;16;9;True
58154;2;4;2;True
58155;7;16;9;True
58156;5;12;7;True
58157;1;1;0;True
58158;5;6;1;True
58159;5;12;7;True
58160;5;9;4;True
58161;6;9;3;True
58162;1;1;0;True
58163;8;16;8;True
58164;5;12;7;True
58165;4;6;2;True
58166;4;6;2;True
58167;2;2;0;True
58168;0;0;0;True
58169;7;12;5;True
58170;3;9;6;True
58171;3;6;3;True
58172;4;9;5;True
58173;3;4;1;True
58174;0;0;0;True
58175;5;12;7;True
58176;1;1;0;True
58177;5;12;7;True
58178;1;1;0;True
58179;1;1;0;True
58180;1;1;0;True
58181;7;16;9;True
58182;1;1;0;True
58183;5;6;1;True
58184;2;2;0;True
58185;7;9;2;True
58186;1;1;0;True
58187;5;8;3;True
58188;1;1;0;True
58189;7;16;9;True
58190;4;8;4;True
58191;6;16;10;True
58192;4;6;2;True
58193;2;4;2;True
58194;7;12;5;True
58195;3;9;6;True
58196;0;0;0;True
58197;6;16;10;True
58198;7;16;9;True
58199;1;1;0;True
58200;2;4;2;True
58201;4;9;5;True
58202;2;4;2;True
58203;4;6;2;True
58204;5;6;1;True
58205;1;1;0;True
58206;1;1;0;True
58207;4;6;2;True
58208;4;8;4;True
58209;8;12;4;True
58210;4;12;8;True
58211;2;4;2;True
58212;5;9;4;True
58213;2;4;2;True
58214;5;9;4;True
58215;3;3;0;True
58216;2;4;2;True
58217;1;1;0;True
58218;7;12;5;True
58219;3;6;3;True
58220;3;3;0;True
58221;8;16;8;True
58222;2;2;0;True
58223;7;16;9;True
58224;1;1;0;True
58225;6;9;3;True
58226;2;4;2;True
58227;2;4;2;True
58228;5;9;4;True
58229;7;16;9;True
58230;3;9;6;True
58231;6;16;10;True
58232;6;12;6;True
58233;7;16;9;True
58234;4;6;2;True
58235;5;12;7;True
58236;0;0;0;True
58237;3;9;6;True
58238;1;1;0;True
58239;1;1;0;True
58240;6;12;6;True
58241;6;16;10;True
58242;5;9;4;True
58243;3;4;1;True
58244;7;12;5;True
58245;1;1;0;True
58246;4;4;0;True
58247;2;2;0;True
58248;0;0;0;True
58249;3;6;3;True
58250;6;8;2;True
58251;2;4;2;True
58252;7;12;5;True
58253;5;9;4;True
58254;0;0;0;True
58255;8;16;8;True
58256;9;16;7;True
58257;5;9;4;True
58258;4;8;4;True
58259;3;6;3;True
58260;2;4;2;True
58261;2;4;2;True
58262;0;0;0;True
58263;3;3;0;True
58264;3;6;3;True
58265;2;4;2;True
58266;3;4;1;True
58267;3;6;3;True
58268;6;16;10;True
58269;4;6;2;True
58270;4;6;2;True
58271;1;1;0;True
58272;0;0;0;True
58273;3;6;3;True
58274;4;6;2;True
58275;5;9;4;True
58276;1;1;0;True
58277;2;4;2;True
58278;2;4;2;True
58279;4;6;2;True
58280;4;6;2;True
58281;4;6;2;True
58282;6;12;6;True
58283;2;2;0;True
58284;1;1;0;True
58285;2;2;0;True
58286;1;1;0;True
58287;2;2;0;True
58288;7;9;2;True
58289;6;16;10;True
58290;3;9;6;True
58291;8;16;8;True
58292;5;9;4;True
58293;5;8;3;True
58294;6;12;6;True
58295;5;9;4;True
58296;0;0;0;True
58297;2;2;0;True
58298;1;1;0;True
58299;3;6;3;True
58300;2;2;0;True
58301;3;6;3;True
58302;5;12;7;True
58303;7;16;9;True
58304;7;12;5;True
58305;6;16;10;True
58306;3;6;3;True
58307;3;4;1;True
58308;7;16;9;True
58309;2;2;0;True
58310;2;2;0;True
58311;0;0;0;True
58312;3;6;3;True
58313;6;12;6;True
58314;3;6;3;True
58315;2;2;0;True
58316;7;16;9;True
58317;4;6;2;True
58318;7;12;5;True
58319;0;0;0;True
58320;5;12;7;True
58321;6;12;6;True
58322;3;6;3;True
58323;7;12;5;True
58324;2;2;0;True
58325;0;0;0;True
58326;2;2;0;True
58327;3;6;3;True
58328;6;12;6;True
58329;3;9;6;True
58330;5;12;7;True
58331;2;4;2;True
58332;4;9;5;True
58333;4;9;5;True
58334;4;8;4;True
58335;4;6;2;True
58336;3;6;3;True
58337;6;12;6;True
58338;5;9;4;True
58339;2;2;0;True
58340;6;12;6;True
58341;2;2;0;True
58342;1;1;0;True
58343;0;0;0;True
58344;7;12;5;True
58345;7;12;5;True
58346;7;12;5;True
58347;7;16;9;True
58348;4;6;2;True
58349;1;1;0;True
58350;2;4;2;True
58351;1;1;0;True
58352;3;6;3;True
58353;5;12;7;True
58354;2;2;0;True
58355;1;1;0;True
58356;7;16;9;True
58357;3;6;3;True
58358;1;1;0;True
58359;5;12;7;True
58360;4;6;2;True
58361;4;6;2;True
58362;2;2;0;True
58363;2;2;0;True
58364;4;12;8;True
58365;3;6;3;True
58366;3;9;6;True
58367;2;4;2;True
58368;7;16;9;True
58369;0;0;0;True
58370;2;4;2;True
58371;1;1;0;True
58372;8;16;8;True
58373;2;4;2;True
58374;6;16;10;True
58375;8;16;8;True
58376;2;4;2;True
58377;3;3;0;True
58378;2;2;0;True
58379;2;2;0;True
58380;2;4;2;True
58381;0;0;0;True
58382;5;8;3;True
58383;1;1;0;True
58384;4;12;8;True
58385;5;9;4;True
58386;2;2;0;True
58387;5;8;3;True
58388;4;6;2;True
58389;5;12;7;True
58390;3;6;3;True
58391;4;9;5;True
58392;5;12;7;True
58393;6;16;10;True
58394;3;6;3;True
58395;5;16;11;True
58396;5;12;7;True
58397;1;1;0;True
58398;4;9;5;True
58399;5;9;4;True
58400;7;12;5;True
58401;6;16;10;True
58402;1;1;0;True
58403;2;4;2;True
58404;3;6;3;True
58405;2;4;2;True
58406;9;16;7;True
58407;4;12;8;True
58408;7;16;9;True
58409;5;12;7;True
58410;1;1;0;True
58411;10;16;6;True
58412;2;2;0;True
58413;3;4;1;True
58414;2;4;2;True
58415;1;1;0;True
58416;0;0;0;True
58417;6;16;10;True
58418;8;16;8;True
58419;3;3;0;True
58420;6;12;6;True
58421;9;16;7;True
58422;3;9;6;True
58423;1;1;0;True
58424;5;12;7;True
58425;0;0;0;True
58426;4;6;2;True
58427;4;9;5;True
58428;4;6;2;True
58429;1;1;0;True
58430;1;1;0;True
58431;7;12;5;True
58432;1;1;0;True
58433;5;12;7;True
58434;1;1;0;True
58435;2;4;2;True
58436;8;12;4;True
58437;0;0;0;True
58438;4;6;2;True
58439;4;6;2;True
58440;3;4;1;True
58441;6;12;6;True
58442;5;9;4;True
58443;1;1;0;True
58444;1;1;0;True
58445;5;12;7;True
58446;1;1;0;True
58447;0;0;0;True
58448;1;1;0;True
58449;5;12;7;True
58450;5;9;4;True
58451;7;16;9;True
58452;3;9;6;True
58453;10;16;6;True
58454;6;12;6;True
58455;4;6;2;True
58456;4;6;2;True
58457;3;4;1;True
58458;2;4;2;True
58459;2;4;2;True
58460;2;4;2;True
58461;5;12;7;True
58462;8;16;8;True
58463;4;9;5;True
58464;8;16;8;True
58465;3;9;6;True
58466;4;9;5;True
58467;3;6;3;True
58468;6;12;6;True
58469;0;0;0;True
58470;2;4;2;True
58471;0;0;0;True
58472;6;16;10;True
58473;1;1;0;True
58474;2;2;0;True
58475;4;12;8;True
58476;1;1;0;True
58477;3;6;3;True
58478;0;0;0;True
58479;3;4;1;True
58480;5;6;1;True
58481;1;1;0;True
58482;2;4;2;True
58483;6;9;3;True
58484;5;9;4;True
58485;1;1;0;True
58486;6;12;6;True
58487;6;12;6;True
58488;3;6;3;True
58489;1;1;0;True
58490;0;0;0;True
58491;6;12;6;True
58492;0;0;0;True
58493;2;4;2;True
58494;4;12;8;True
58495;0;0;0;True
58496;3;6;3;True
58497;0;0;0;True
58498;2;2;0;True
58499;2;4;2;True
58500;5;16;11;True
58501;3;4;1;True
58502;0;0;0;True
58503;3;4;1;True
58504;6;16;10;True
58505;6;12;6;True
58506;5;9;4;True
58507;6;16;10;True
58508;10;16;6;True
58509;5;9;4;True
58510;3;4;1;True
58511;2;4;2;True
58512;3;9;6;True
58513;4;12;8;True
58514;5;6;1;True
58515;2;2;0;True
58516;1;1;0;True
58517;1;1;0;True
58518;3;9;6;True
58519;4;6;2;True
58520;3;4;1;True
58521;4;12;8;True
58522;4;6;2;True
58523;7;12;5;True
58524;2;2;0;True
58525;3;6;3;True
58526;1;1;0;True
58527;5;8;3;True
58528;3;3;0;True
58529;3;6;3;True
58530;3;4;1;True
58531;5;12;7;True
58532;7;16;9;True
58533;9;12;3;True
58534;4;6;2;True
58535;1;1;0;True
58536;2;2;0;True
58537;5;6;1;True
58538;5;12;7;True
58539;4;12;8;True
58540;4;12;8;True
58541;4;12;8;True
58542;7;16;9;True
58543;0;0;0;True
58544;4;9;5;True
58545;6;12;6;True
58546;4;12;8;True
58547;4;12;8;True
58548;4;6;2;True
58549;0;0;0;True
58550;3;4;1;True
58551;4;12;8;True
58552;7;16;9;True
58553;1;1;0;True
58554;3;6;3;True
58555;1;1;0;True
58556;8;16;8;True
58557;2;4;2;True
58558;2;2;0;True
58559;4;9;5;True
58560;3;4;1;True
58561;6;16;10;True
58562;2;2;0;True
58563;3;9;6;True
58564;4;9;5;True
58565;3;6;3;True
58566;5;12;7;True
58567;3;6;3;True
58568;1;1;0;True
58569;1;1;0;True
58570;6;16;10;True
58571;1;1;0;True
58572;2;4;2;True
58573;2;2;0;True
58574;7;16;9;True
58575;1;1;0;True
58576;3;9;6;True
58577;4;9;5;True
58578;6;12;6;True
58579;0;0;0;True
58580;10;16;6;True
58581;2;2;0;True
58582;4;9;5;True
58583;0;0;0;True
58584;2;4;2;True
58585;1;1;0;True
58586;8;12;4;True
58587;2;2;0;True
58588;2;2;0;True
58589;5;8;3;True
58590;3;4;1;True
58591;4;12;8;True
58592;3;4;1;True
58593;4;6;2;True
58594;2;2;0;True
58595;7;16;9;True
58596;7;16;9;True
58597;7;12;5;True
58598;9;16;7;True
58599;4;8;4;True
58600;6;9;3;True
58601;9;16;7;True
58602;5;12;7;True
58603;5;12;7;True
58604;7;9;2;True
58605;3;6;3;True
58606;0;0;0;True
58607;2;4;2;True
58608;7;9;2;True
58609;6;12;6;True
58610;1;1;0;True
58611;5;6;1;True
58612;7;12;5;True
58613;6;16;10;True
58614;2;4;2;True
58615;3;6;3;True
58616;2;4;2;True
58617;4;12;8;True
58618;4;9;5;True
58619;2;4;2;True
58620;2;2;0;True
58621;4;9;5;True
58622;7;16;9;True
58623;6;16;10;True
58624;2;4;2;True
58625;3;6;3;True
58626;1;1;0;True
58627;4;6;2;True
58628;1;1;0;True
58629;5;12;7;True
58630;4;12;8;True
58631;8;16;8;True
58632;7;16;9;True
58633;7;16;9;True
58634;8;9;1;True
58635;6;12;6;True
58636;2;2;0;True
58637;0;0;0;True
58638;1;1;0;True
58639;6;12;6;True
58640;3;6;3;True
58641;1;1;0;True
58642;1;1;0;True
58643;4;6;2;True
58644;4;16;12;True
58645;0;0;0;True
58646;0;0;0;True
58647;5;8;3;True
58648;5;8;3;True
58649;8;16;8;True
58650;2;4;2;True
58651;5;12;7;True
58652;4;8;4;True
58653;1;1;0;True
58654;1;1;0;True
58655;1;1;0;True
58656;6;16;10;True
58657;2;4;2;True
58658;3;4;1;True
58659;1;1;0;True
58660;6;9;3;True
58661;1;1;0;True
58662;4;8;4;True
58663;1;1;0;True
58664;5;12;7;True
58665;1;1;0;True
58666;2;2;0;True
58667;1;1;0;True
58668;1;1;0;True
58669;7;12;5;True
58670;5;9;4;True
58671;1;1;0;True
58672;5;9;4;True
58673;3;6;3;True
58674;4;9;5;True
58675;3;6;3;True
58676;6;12;6;True
58677;2;2;0;True
58678;9;16;7;True
58679;3;6;3;True
58680;3;6;3;True
58681;4;9;5;True
58682;1;1;0;True
58683;4;9;5;True
58684;4;8;4;True
58685;5;12;7;True
58686;6;16;10;True
58687;1;1;0;True
58688;2;4;2;True
58689;4;6;2;True
58690;1;1;0;True
58691;5;9;4;True
58692;5;12;7;True
58693;2;2;0;True
58694;4;8;4;True
58695;5;6;1;True
58696;5;12;7;True
58697;0;0;0;True
58698;10;16;6;True
58699;3;6;3;True
58700;0;0;0;True
58701;4;8;4;True
58702;5;16;11;True
58703;4;8;4;True
58704;9;16;7;True
58705;8;16;8;True
58706;0;0;0;True
58707;9;16;7;True
58708;4;6;2;True
58709;4;9;5;True
58710;6;16;10;True
58711;3;6;3;True
58712;4;12;8;True
58713;4;12;8;True
58714;7;16;9;True
58715;8;12;4;True
58716;6;8;2;True
58717;5;12;7;True
58718;3;4;1;True
58719;1;1;0;True
58720;4;9;5;True
58721;7;16;9;True
58722;0;0;0;True
58723;4;9;5;True
58724;4;9;5;True
58725;6;16;10;True
58726;2;2;0;True
58727;2;4;2;True
58728;6;12;6;True
58729;2;4;2;True
58730;11;16;5;True
58731;6;12;6;True
58732;1;1;0;True
58733;7;12;5;True
58734;2;2;0;True
58735;0;0;0;True
58736;7;9;2;True
58737;2;4;2;True
58738;2;2;0;True
58739;5;9;4;True
58740;5;9;4;True
58741;3;6;3;True
58742;1;1;0;True
58743;3;6;3;True
58744;6;12;6;True
58745;3;9;6;True
58746;4;6;2;True
58747;4;6;2;True
58748;4;12;8;True
58749;4;9;5;True
58750;6;9;3;True
58751;6;8;2;True
58752;2;4;2;True
58753;4;12;8;True
58754;4;6;2;True
58755;0;0;0;True
58756;9;16;7;True
58757;5;9;4;True
58758;2;2;0;True
58759;7;16;9;True
58760;3;4;1;True
58761;4;6;2;True
58762;5;6;1;True
58763;6;12;6;True
58764;3;6;3;True
58765;2;4;2;True
58766;7;16;9;True
58767;5;9;4;True
58768;5;9;4;True
58769;5;12;7;True
58770;7;16;9;True
58771;5;12;7;True
58772;5;9;4;True
58773;6;9;3;True
58774;4;9;5;True
58775;4;16;12;True
58776;4;6;2;True
58777;0;0;0;True
58778;5;6;1;True
58779;4;9;5;True
58780;2;2;0;True
58781;5;12;7;True
58782;4;6;2;True
58783;2;4;2;True
58784;1;1;0;True
58785;3;4;1;True
58786;4;9;5;True
58787;8;12;4;True
58788;1;1;0;True
58789;2;4;2;True
58790;8;16;8;True
58791;5;6;1;True
58792;5;9;4;True
58793;5;12;7;True
58794;4;9;5;True
58795;7;12;5;True
58796;4;12;8;True
58797;5;6;1;True
58798;4;6;2;True
58799;2;4;2;True
58800;5;9;4;True
58801;2;4;2;True
58802;2;2;0;True
58803;7;16;9;True
58804;3;4;1;True
58805;4;4;0;True
58806;3;3;0;True
58807;3;6;3;True
58808;4;9;5;True
58809;4;9;5;True
58810;10;16;6;True
58811;6;12;6;True
58812;0;0;0;True
58813;3;4;1;True
58814;4;9;5;True
58815;3;4;1;True
58816;5;16;11;True
58817;4;9;5;True
58818;2;4;2;True
58819;9;16;7;True
58820;6;12;6;True
58821;0;0;0;True
58822;6;12;6;True
58823;6;9;3;True
58824;2;2;0;True
58825;2;2;0;True
58826;5;9;4;True
58827;7;12;5;True
58828;0;0;0;True
58829;1;1;0;True
58830;3;9;6;True
58831;2;2;0;True
58832;0;0;0;True
58833;7;16;9;True
58834;3;6;3;True
58835;6;16;10;True
58836;6;16;10;True
58837;6;16;10;True
58838;2;2;0;True
58839;7;16;9;True
58840;3;4;1;True
58841;9;12;3;True
58842;2;4;2;True
58843;10;16;6;True
58844;5;12;7;True
58845;6;12;6;True
58846;5;9;4;True
58847;0;0;0;True
58848;3;4;1;True
58849;0;0;0;True
58850;3;4;1;True
58851;1;1;0;True
58852;2;2;0;True
58853;0;0;0;True
58854;6;16;10;True
58855;4;9;5;True
58856;10;16;6;True
58857;3;4;1;True
58858;4;9;5;True
58859;6;16;10;True
58860;3;3;0;True
58861;0;0;0;True
58862;2;4;2;True
58863;9;16;7;True
58864;3;6;3;True
58865;3;4;1;True
58866;3;6;3;True
58867;0;0;0;True
58868;6;12;6;True
58869;6;16;10;True
58870;8;16;8;True
58871;6;12;6;True
58872;10;16;6;True
58873;4;9;5;True
58874;0;0;0;True
58875;5;16;11;True
58876;3;6;3;True
58877;5;12;7;True
58878;3;4;1;True
58879;3;4;1;True
58880;2;2;0;True
58881;7;12;5;True
58882;2;4;2;True
58883;3;6;3;True
58884;0;0;0;True
58885;6;12;6;True
58886;2;2;0;True
58887;6;12;6;True
58888;5;12;7;True
58889;0;0;0;True
58890;3;6;3;True
58891;1;1;0;True
58892;9;16;7;True
58893;3;4;1;True
58894;3;9;6;True
58895;5;8;3;True
58896;2;4;2;True
58897;0;0;0;True
58898;3;3;0;True
58899;2;2;0;True
58900;3;4;1;True
58901;2;4;2;True
58902;2;4;2;True
58903;9;16;7;True
58904;7;12;5;True
58905;4;6;2;True
58906;4;9;5;True
58907;5;9;4;True
58908;6;9;3;True
58909;2;4;2;True
58910;4;9;5;True
58911;4;6;2;True
58912;3;4;1;True
58913;2;2;0;True
58914;3;6;3;True
58915;5;9;4;True
58916;6;12;6;True
58917;6;9;3;True
58918;3;4;1;True
58919;3;4;1;True
58920;1;1;0;True
58921;7;12;5;True
58922;7;16;9;True
58923;8;9;1;True
58924;2;4;2;True
58925;6;9;3;True
58926;0;0;0;True
58927;4;9;5;True
58928;2;4;2;True
58929;4;16;12;True
58930;1;1;0;True
58931;2;2;0;True
58932;6;12;6;True
58933;3;6;3;True
58934;5;12;7;True
58935;4;6;2;True
58936;4;9;5;True
58937;4;9;5;True
58938;3;6;3;True
58939;5;12;7;True
58940;5;12;7;True
58941;4;8;4;True
58942;8;16;8;True
58943;2;4;2;True
58944;6;16;10;True
58945;9;16;7;True
58946;5;8;3;True
58947;5;9;4;True
58948;4;9;5;True
58949;0;0;0;True
58950;7;12;5;True
58951;2;4;2;True
58952;5;8;3;True
58953;3;9;6;True
58954;2;4;2;True
58955;9;16;7;True
58956;0;0;0;True
58957;1;1;0;True
58958;3;6;3;True
58959;5;9;4;True
58960;6;12;6;True
58961;4;12;8;True
58962;3;3;0;True
58963;1;1;0;True
58964;8;16;8;True
58965;3;4;1;True
58966;8;16;8;True
58967;4;6;2;True
58968;0;0;0;True
58969;2;4;2;True
58970;8;16;8;True
58971;3;6;3;True
58972;2;4;2;True
58973;4;12;8;True
58974;5;9;4;True
58975;3;6;3;True
58976;2;2;0;True
58977;6;12;6;True
58978;4;9;5;True
58979;4;6;2;True
58980;2;4;2;True
58981;4;6;2;True
58982;4;9;5;True
58983;3;6;3;True
58984;5;9;4;True
58985;4;9;5;True
58986;5;9;4;True
58987;9;16;7;True
58988;3;4;1;True
58989;3;9;6;True
58990;1;1;0;True
58991;4;6;2;True
58992;3;6;3;True
58993;0;0;0;True
58994;5;12;7;True
58995;4;6;2;True
58996;3;4;1;True
58997;5;9;4;True
58998;8;16;8;True
58999;4;9;5;True
59000;7;12;5;True
59001;5;12;7;True
59002;3;6;3;True
59003;6;9;3;True
59004;2;2;0;True
59005;3;6;3;True
59006;2;2;0;True
59007;3;4;1;True
59008;2;4;2;True
59009;1;1;0;True
59010;3;4;1;True
59011;2;4;2;True
59012;3;4;1;True
59013;4;6;2;True
59014;5;12;7;True
59015;5;6;1;True
59016;0;0;0;True
59017;0;0;0;True
59018;4;9;5;True
59019;2;2;0;True
59020;2;4;2;True
59021;6;9;3;True
59022;3;9;6;True
59023;2;4;2;True
59024;2;4;2;True
59025;9;16;7;True
59026;3;9;6;True
59027;3;6;3;True
59028;6;16;10;True
59029;6;12;6;True
59030;4;9;5;True
59031;7;16;9;True
59032;2;4;2;True
59033;3;4;1;True
59034;8;16;8;True
59035;6;12;6;True
59036;1;1;0;True
59037;4;9;5;True
59038;8;16;8;True
59039;1;1;0;True
59040;5;12;7;True
59041;3;9;6;True
59042;1;1;0;True
59043;1;1;0;True
59044;8;16;8;True
59045;4;8;4;True
59046;1;1;0;True
59047;4;9;5;True
59048;7;16;9;True
59049;0;0;0;True
59050;4;9;5;True
59051;2;4;2;True
59052;7;12;5;True
59053;2;4;2;True
59054;4;9;5;True
59055;1;1;0;True
59056;6;16;10;True
59057;3;4;1;True
59058;2;4;2;True
59059;3;3;0;True
59060;8;16;8;True
59061;2;2;0;True
59062;2;2;0;True
59063;4;9;5;True
59064;0;0;0;True
59065;1;1;0;True
59066;3;4;1;True
59067;4;12;8;True
59068;2;2;0;True
59069;5;9;4;True
59070;2;4;2;True
59071;3;6;3;True
59072;0;0;0;True
59073;1;1;0;True
59074;1;1;0;True
59075;4;6;2;True
59076;3;4;1;True
59077;6;12;6;True
59078;3;3;0;True
59079;4;9;5;True
59080;3;6;3;True
59081;3;6;3;True
59082;4;6;2;True
59083;6;9;3;True
59084;4;12;8;True
59085;7;12;5;True
59086;2;4;2;True
59087;2;2;0;True
59088;4;6;2;True
59089;3;6;3;True
59090;3;6;3;True
59091;4;8;4;True
59092;2;2;0;True
59093;4;9;5;True
59094;4;9;5;True
59095;5;12;7;True
59096;2;4;2;True
59097;2;4;2;True
59098;1;1;0;True
59099;2;2;0;True
59100;4;12;8;True
59101;7;16;9;True
59102;2;4;2;True
59103;3;6;3;True
59104;6;12;6;True
59105;6;12;6;True
59106;3;3;0;True
59107;4;16;12;True
59108;3;4;1;True
59109;0;0;0;True
59110;1;1;0;True
59111;3;3;0;True
59112;2;4;2;True
59113;1;1;0;True
59114;0;0;0;True
59115;2;4;2;True
59116;3;6;3;True
59117;2;2;0;True
59118;1;1;0;True
59119;3;6;3;True
59120;4;6;2;True
59121;5;12;7;True
59122;4;9;5;True
59123;2;4;2;True
59124;2;4;2;True
59125;4;6;2;True
59126;1;1;0;True
59127;4;9;5;True
59128;3;9;6;True
59129;5;9;4;True
59130;7;12;5;True
59131;5;6;1;True
59132;3;4;1;True
59133;5;9;4;True
59134;7;16;9;True
59135;7;16;9;True
59136;2;2;0;True
59137;5;6;1;True
59138;7;16;9;True
59139;1;1;0;True
59140;3;6;3;True
59141;3;4;1;True
59142;6;9;3;True
59143;5;12;7;True
59144;1;1;0;True
59145;6;12;6;True
59146;1;1;0;True
59147;2;2;0;True
59148;4;12;8;True
59149;3;6;3;True
59150;4;6;2;True
59151;5;12;7;True
59152;5;8;3;True
59153;2;2;0;True
59154;3;4;1;True
59155;3;9;6;True
59156;2;4;2;True
59157;8;16;8;True
59158;0;0;0;True
59159;4;9;5;True
59160;4;9;5;True
59161;1;1;0;True
59162;3;6;3;True
59163;6;12;6;True
59164;5;12;7;True
59165;1;1;0;True
59166;7;12;5;True
59167;7;16;9;True
59168;8;16;8;True
59169;2;4;2;True
59170;1;1;0;True
59171;5;9;4;True
59172;2;4;2;True
59173;5;9;4;True
59174;6;16;10;True
59175;2;4;2;True
59176;3;4;1;True
59177;3;4;1;True
59178;2;2;0;True
59179;4;9;5;True
59180;1;1;0;True
59181;8;16;8;True
59182;8;16;8;True
59183;8;16;8;True
59184;6;16;10;True
59185;3;4;1;True
59186;2;2;0;True
59187;4;6;2;True
59188;5;12;7;True
59189;0;0;0;True
59190;2;2;0;True
59191;4;9;5;True
59192;1;1;0;True
59193;4;9;5;True
59194;2;4;2;True
59195;7;16;9;True
59196;7;12;5;True
59197;4;8;4;True
59198;5;9;4;True
59199;5;9;4;True
59200;6;16;10;True
59201;5;8;3;True
59202;4;8;4;True
59203;3;6;3;True
59204;1;1;0;True
59205;3;9;6;True
59206;2;2;0;True
59207;4;9;5;True
59208;6;12;6;True
59209;3;4;1;True
59210;3;4;1;True
59211;1;1;0;True
59212;4;9;5;True
59213;4;9;5;True
59214;6;12;6;True
59215;4;12;8;True
59216;7;12;5;True
59217;5;12;7;True
59218;4;6;2;True
59219;5;9;4;True
59220;2;4;2;True
59221;5;12;7;True
59222;4;12;8;True
59223;5;12;7;True
59224;2;4;2;True
59225;4;12;8;True
59226;5;12;7;True
59227;7;16;9;True
59228;7;12;5;True
59229;6;12;6;True
59230;3;9;6;True
59231;9;16;7;True
59232;7;16;9;True
59233;1;1;0;True
59234;4;12;8;True
59235;0;0;0;True
59236;0;0;0;True
59237;3;6;3;True
59238;0;0;0;True
59239;5;8;3;True
59240;6;9;3;True
59241;1;1;0;True
59242;4;12;8;True
59243;5;8;3;True
59244;8;12;4;True
59245;1;1;0;True
59246;2;4;2;True
59247;5;12;7;True
59248;7;12;5;True
59249;1;1;0;True
59250;5;9;4;True
59251;5;12;7;True
59252;5;12;7;True
59253;1;1;0;True
59254;2;4;2;True
59255;4;8;4;True
59256;3;4;1;True
59257;4;9;5;True
59258;1;1;0;True
59259;2;4;2;True
59260;4;6;2;True
59261;5;9;4;True
59262;1;1;0;True
59263;5;12;7;True
59264;1;1;0;True
59265;5;12;7;True
59266;2;4;2;True
59267;1;1;0;True
59268;7;16;9;True
59269;4;12;8;True
59270;1;1;0;True
59271;2;4;2;True
59272;4;9;5;True
59273;1;1;0;True
59274;2;4;2;True
59275;4;6;2;True
59276;1;1;0;True
59277;2;2;0;True
59278;2;4;2;True
59279;2;4;2;True
59280;5;9;4;True
59281;6;16;10;True
59282;2;4;2;True
59283;1;1;0;True
59284;1;1;0;True
59285;2;4;2;True
59286;2;4;2;True
59287;6;16;10;True
59288;6;16;10;True
59289;5;9;4;True
59290;7;16;9;True
59291;3;6;3;True
59292;5;12;7;True
59293;7;16;9;True
59294;3;4;1;True
59295;2;2;0;True
59296;6;12;6;True
59297;5;9;4;True
59298;4;6;2;True
59299;1;1;0;True
59300;1;1;0;True
59301;9;16;7;True
59302;2;4;2;True
59303;3;6;3;True
59304;3;4;1;True
59305;2;4;2;True
59306;7;9;2;True
59307;4;9;5;True
59308;5;12;7;True
59309;3;6;3;True
59310;2;4;2;True
59311;4;9;5;True
59312;2;4;2;True
59313;0;0;0;True
59314;6;16;10;True
59315;0;0;0;True
59316;3;6;3;True
59317;0;0;0;True
59318;6;12;6;True
59319;4;12;8;True
59320;0;0;0;True
59321;3;4;1;True
59322;5;9;4;True
59323;6;16;10;True
59324;5;12;7;True
59325;6;16;10;True
59326;4;8;4;True
59327;5;9;4;True
59328;2;4;2;True
59329;2;2;0;True
59330;6;12;6;True
59331;7;12;5;True
59332;3;6;3;True
59333;1;1;0;True
59334;6;16;10;True
59335;5;16;11;True
59336;2;2;0;True
59337;7;16;9;True
59338;6;9;3;True
59339;5;9;4;True
59340;3;9;6;True
59341;3;9;6;True
59342;8;16;8;True
59343;4;8;4;True
59344;2;4;2;True
59345;4;12;8;True
59346;2;2;0;True
59347;0;0;0;True
59348;0;0;0;True
59349;5;9;4;True
59350;8;16;8;True
59351;0;0;0;True
59352;7;16;9;True
59353;4;9;5;True
59354;7;16;9;True
59355;3;6;3;True
59356;4;9;5;True
59357;1;1;0;True
59358;4;8;4;True
59359;5;12;7;True
59360;1;1;0;True
59361;6;9;3;True
59362;3;6;3;True
59363;3;4;1;True
59364;5;12;7;True
59365;4;9;5;True
59366;4;9;5;True
59367;2;2;0;True
59368;1;1;0;True
59369;9;16;7;True
59370;6;12;6;True
59371;4;16;12;True
59372;1;1;0;True
59373;5;12;7;True
59374;7;16;9;True
59375;1;1;0;True
59376;3;4;1;True
59377;5;12;7;True
59378;3;6;3;True
59379;4;9;5;True
59380;7;16;9;True
59381;0;0;0;True
59382;7;12;5;True
59383;5;12;7;True
59384;1;1;0;True
59385;5;16;11;True
59386;3;6;3;True
59387;6;16;10;True
59388;2;4;2;True
59389;0;0;0;True
59390;4;12;8;True
59391;6;9;3;True
59392;3;9;6;True
59393;7;16;9;True
59394;12;16;4;True
59395;6;12;6;True
59396;0;0;0;True
59397;6;12;6;True
59398;0;0;0;True
59399;4;12;8;True
59400;2;2;0;True
59401;1;1;0;True
59402;7;12;5;True
59403;3;6;3;True
59404;8;12;4;True
59405;9;16;7;True
59406;0;0;0;True
59407;5;6;1;True
59408;3;6;3;True
59409;3;6;3;True
59410;7;16;9;True
59411;6;12;6;True
59412;8;16;8;True
59413;3;4;1;True
59414;1;1;0;True
59415;5;8;3;True
59416;1;1;0;True
59417;3;4;1;True
59418;7;16;9;True
59419;1;1;0;True
59420;1;1;0;True
59421;6;16;10;True
59422;3;9;6;True
59423;7;16;9;True
59424;3;3;0;True
59425;2;4;2;True
59426;2;4;2;True
59427;4;9;5;True
59428;1;1;0;True
59429;4;9;5;True
59430;2;2;0;True
59431;5;12;7;True
59432;9;16;7;True
59433;2;4;2;True
59434;4;9;5;True
59435;6;12;6;True
59436;4;9;5;True
59437;4;6;2;True
59438;7;12;5;True
59439;0;0;0;True
59440;7;12;5;True
59441;6;16;10;True
59442;5;8;3;True
59443;0;0;0;True
59444;4;12;8;True
59445;1;1;0;True
59446;1;1;0;True
59447;2;4;2;True
59448;3;3;0;True
59449;0;0;0;True
59450;1;1;0;True
59451;4;9;5;True
59452;0;0;0;True
59453;7;12;5;True
59454;9;16;7;True
59455;3;6;3;True
59456;6;12;6;True
59457;3;4;1;True
59458;2;4;2;True
59459;5;9;4;True
59460;5;12;7;True
59461;2;4;2;True
59462;3;6;3;True
59463;7;16;9;True
59464;1;1;0;True
59465;2;4;2;True
59466;0;0;0;True
59467;3;6;3;True
59468;4;6;2;True
59469;3;6;3;True
59470;3;6;3;True
59471;1;1;0;True
59472;0;0;0;True
59473;2;4;2;True
59474;5;12;7;True
59475;3;4;1;True
59476;9;12;3;True
59477;5;9;4;True
59478;5;9;4;True
59479;7;12;5;True
59480;0;0;0;True
59481;7;16;9;True
59482;4;9;5;True
59483;4;9;5;True
59484;7;9;2;True
59485;7;16;9;True
59486;2;4;2;True
59487;3;6;3;True
59488;4;6;2;True
59489;2;4;2;True
59490;5;16;11;True
59491;2;2;0;True
59492;3;6;3;True
59493;1;1;0;True
59494;4;6;2;True
59495;7;16;9;True
59496;6;12;6;True
59497;3;6;3;True
59498;1;1;0;True
59499;2;2;0;True
59500;1;1;0;True
59501;4;12;8;True
59502;6;12;6;True
59503;1;1;0;True
59504;2;4;2;True
59505;1;1;0;True
59506;4;8;4;True
59507;0;0;0;True
59508;2;4;2;True
59509;9;16;7;True
59510;5;6;1;True
59511;3;4;1;True
59512;1;1;0;True
59513;9;16;7;True
59514;4;8;4;True
59515;2;4;2;True
59516;3;4;1;True
59517;2;2;0;True
59518;4;12;8;True
59519;7;16;9;True
59520;5;8;3;True
59521;3;4;1;True
59522;2;4;2;True
59523;7;12;5;True
59524;3;6;3;True
59525;10;16;6;True
59526;7;12;5;True
59527;1;1;0;True
59528;4;9;5;True
59529;4;6;2;True
59530;5;6;1;True
59531;4;9;5;True
59532;2;2;0;True
59533;0;0;0;True
59534;3;3;0;True
59535;5;6;1;True
59536;5;12;7;True
59537;1;1;0;True
59538;6;16;10;True
59539;2;4;2;True
59540;3;4;1;True
59541;3;4;1;True
59542;6;12;6;True
59543;3;6;3;True
59544;2;4;2;True
59545;6;16;10;True
59546;3;6;3;True
59547;1;1;0;True
59548;1;1;0;True
59549;2;4;2;True
59550;3;6;3;True
59551;1;1;0;True
59552;4;9;5;True
59553;2;4;2;True
59554;0;0;0;True
59555;3;6;3;True
59556;5;16;11;True
59557;3;4;1;True
59558;0;0;0;True
59559;1;1;0;True
59560;1;1;0;True
59561;1;1;0;True
59562;0;0;0;True
59563;3;6;3;True
59564;6;6;0;True
59565;4;9;5;True
59566;3;6;3;True
59567;3;6;3;True
59568;4;6;2;True
59569;1;1;0;True
59570;7;16;9;True
59571;4;9;5;True
59572;5;12;7;True
59573;1;1;0;True
59574;1;1;0;True
59575;7;16;9;True
59576;2;4;2;True
59577;1;1;0;True
59578;4;9;5;True
59579;5;9;4;True
59580;2;4;2;True
59581;7;9;2;True
59582;1;1;0;True
59583;0;0;0;True
59584;5;12;7;True
59585;2;4;2;True
59586;3;6;3;True
59587;3;6;3;True
59588;5;12;7;True
59589;4;9;5;True
59590;7;16;9;True
59591;6;12;6;True
59592;5;9;4;True
59593;8;16;8;True
59594;1;1;0;True
59595;3;6;3;True
59596;10;16;6;True
59597;3;3;0;True
59598;5;9;4;True
59599;3;6;3;True
59600;2;4;2;True
59601;5;12;7;True
59602;4;8;4;True
59603;5;12;7;True
59604;5;6;1;True
59605;4;8;4;True
59606;5;16;11;True
59607;5;12;7;True
59608;4;12;8;True
59609;5;12;7;True
59610;3;9;6;True
59611;5;9;4;True
59612;1;1;0;True
59613;1;1;0;True
59614;4;9;5;True
59615;3;9;6;True
59616;9;16;7;True
59617;3;4;1;True
59618;1;1;0;True
59619;1;1;0;True
59620;5;16;11;True
59621;3;4;1;True
59622;4;9;5;True
59623;5;6;1;True
59624;6;16;10;True
59625;5;9;4;True
59626;2;4;2;True
59627;3;6;3;True
59628;6;16;10;True
59629;2;2;0;True
59630;5;6;1;True
59631;5;6;1;True
59632;2;2;0;True
59633;1;1;0;True
59634;5;9;4;True
59635;4;6;2;True
59636;2;4;2;True
59637;3;6;3;True
59638;3;6;3;True
59639;3;9;6;True
59640;0;0;0;True
59641;0;0;0;True
59642;7;12;5;True
59643;5;12;7;True
59644;5;9;4;True
59645;4;8;4;True
59646;1;1;0;True
59647;6;12;6;True
59648;4;9;5;True
59649;2;4;2;True
59650;2;4;2;True
59651;5;12;7;True
59652;1;1;0;True
59653;0;0;0;True
59654;4;6;2;True
59655;4;9;5;True
59656;4;12;8;True
59657;3;4;1;True
59658;3;9;6;True
59659;4;6;2;True
59660;1;1;0;True
59661;5;9;4;True
59662;3;6;3;True
59663;4;6;2;True
59664;2;4;2;True
59665;2;2;0;True
59666;3;9;6;True
59667;5;9;4;True
59668;6;12;6;True
59669;6;9;3;True
59670;0;0;0;True
59671;7;12;5;True
59672;7;16;9;True
59673;3;6;3;True
59674;3;4;1;True
59675;8;16;8;True
59676;3;9;6;True
59677;1;1;0;True
59678;6;16;10;True
59679;7;12;5;True
59680;1;1;0;True
59681;6;16;10;True
59682;4;6;2;True
59683;4;9;5;True
59684;2;4;2;True
59685;4;6;2;True
59686;4;4;0;True
59687;4;9;5;True
59688;4;9;5;True
59689;0;0;0;True
59690;4;9;5;True
59691;2;4;2;True
59692;7;12;5;True
59693;6;12;6;True
59694;2;4;2;True
59695;6;12;6;True
59696;4;9;5;True
59697;2;4;2;True
59698;3;6;3;True
59699;2;2;0;True
59700;8;16;8;True
59701;1;1;0;True
59702;1;1;0;True
59703;4;9;5;True
59704;5;9;4;True
59705;0;0;0;True
59706;2;4;2;True
59707;4;6;2;True
59708;6;12;6;True
59709;3;4;1;True
59710;2;2;0;True
59711;8;12;4;True
59712;4;8;4;True
59713;6;12;6;True
59714;4;6;2;True
59715;6;12;6;True
59716;2;2;0;True
59717;1;1;0;True
59718;5;8;3;True
59719;0;0;0;True
59720;0;0;0;True
59721;8;16;8;True
59722;4;9;5;True
59723;0;0;0;True
59724;2;2;0;True
59725;4;9;5;True
59726;0;0;0;True
59727;3;6;3;True
59728;1;1;0;True
59729;5;16;11;True
59730;5;12;7;True
59731;2;2;0;True
59732;7;12;5;True
59733;1;1;0;True
59734;8;16;8;True
59735;6;12;6;True
59736;5;12;7;True
59737;2;4;2;True
59738;4;9;5;True
59739;3;6;3;True
59740;3;6;3;True
59741;3;9;6;True
59742;4;6;2;True
59743;3;9;6;True
59744;9;16;7;True
59745;4;6;2;True
59746;9;16;7;True
59747;6;12;6;True
59748;3;6;3;True
59749;3;4;1;True
59750;4;6;2;True
59751;3;6;3;True
59752;1;1;0;True
59753;7;16;9;True
59754;0;0;0;True
59755;4;9;5;True
59756;3;6;3;True
59757;0;0;0;True
59758;4;9;5;True
59759;3;9;6;True
59760;4;9;5;True
59761;5;9;4;True
59762;0;0;0;True
59763;3;9;6;True
59764;4;6;2;True
59765;3;6;3;True
59766;1;1;0;True
59767;4;12;8;True
59768;2;4;2;True
59769;6;12;6;True
59770;4;9;5;True
59771;2;2;0;True
59772;6;12;6;True
59773;1;1;0;True
59774;1;1;0;True
59775;7;12;5;True
59776;0;0;0;True
59777;4;9;5;True
59778;2;2;0;True
59779;5;6;1;True
59780;1;1;0;True
59781;6;12;6;True
59782;3;6;3;True
59783;3;6;3;True
59784;9;16;7;True
59785;1;1;0;True
59786;8;12;4;True
59787;3;6;3;True
59788;4;9;5;True
59789;4;6;2;True
59790;3;6;3;True
59791;6;16;10;True
59792;4;9;5;True
59793;7;12;5;True
59794;3;9;6;True
59795;0;0;0;True
59796;5;9;4;True
59797;3;6;3;True
59798;4;12;8;True
59799;2;2;0;True
59800;5;9;4;True
59801;4;6;2;True
59802;7;12;5;True
59803;1;1;0;True
59804;6;12;6;True
59805;1;1;0;True
59806;2;4;2;True
59807;5;16;11;True
59808;3;9;6;True
59809;6;12;6;True
59810;3;6;3;True
59811;6;9;3;True
59812;6;12;6;True
59813;2;2;0;True
59814;3;3;0;True
59815;2;4;2;True
59816;5;12;7;True
59817;8;12;4;True
59818;4;9;5;True
59819;1;1;0;True
59820;3;4;1;True
59821;8;16;8;True
59822;8;16;8;True
59823;8;16;8;True
59824;0;0;0;True
59825;1;1;0;True
59826;6;8;2;True
59827;2;2;0;True
59828;6;12;6;True
59829;0;0;0;True
59830;3;3;0;True
59831;6;12;6;True
59832;4;8;4;True
59833;4;6;2;True
59834;2;4;2;True
59835;5;12;7;True
59836;0;0;0;True
59837;3;4;1;True
59838;10;16;6;True
59839;4;6;2;True
59840;5;12;7;True
59841;3;6;3;True
59842;5;12;7;True
59843;6;12;6;True
59844;0;0;0;True
59845;5;9;4;True
59846;2;4;2;True
59847;1;1;0;True
59848;5;12;7;True
59849;4;16;12;True
59850;1;1;0;True
59851;1;1;0;True
59852;4;6;2;True
59853;1;1;0;True
59854;6;12;6;True
59855;7;16;9;True
59856;4;12;8;True
59857;6;12;6;True
59858;2;2;0;True
59859;2;2;0;True
59860;2;4;2;True
59861;3;4;1;True
59862;2;2;0;True
59863;4;8;4;True
59864;7;16;9;True
59865;8;16;8;True
59866;2;2;0;True
59867;4;9;5;True
59868;7;16;9;True
59869;2;4;2;True
59870;3;6;3;True
59871;4;6;2;True
59872;3;6;3;True
59873;1;1;0;True
59874;4;9;5;True
59875;2;4;2;True
59876;1;1;0;True
59877;4;9;5;True
59878;3;4;1;True
59879;0;0;0;True
59880;3;9;6;True
59881;5;9;4;True
59882;3;6;3;True
59883;5;9;4;True
59884;4;9;5;True
59885;1;1;0;True
59886;7;12;5;True
59887;4;9;5;True
59888;1;1;0;True
59889;3;6;3;True
59890;5;16;11;True
59891;4;6;2;True
59892;7;12;5;True
59893;5;16;11;True
59894;6;12;6;True
59895;5;8;3;True
59896;2;2;0;True
59897;6;16;10;True
59898;0;0;0;True
59899;4;9;5;True
59900;4;9;5;True
59901;1;1;0;True
59902;1;1;0;True
59903;6;9;3;True
59904;4;9;5;True
59905;5;6;1;True
59906;7;16;9;True
59907;7;12;5;True
59908;5;9;4;True
59909;5;12;7;True
59910;0;0;0;True
59911;0;0;0;True
59912;3;6;3;True
59913;7;16;9;True
59914;0;0;0;True
59915;0;0;0;True
59916;0;0;0;True
59917;2;4;2;True
59918;1;1;0;True
59919;8;12;4;True
59920;4;6;2;True
59921;5;12;7;True
59922;1;1;0;True
59923;4;9;5;True
59924;8;12;4;True
59925;1;1;0;True
59926;5;9;4;True
59927;3;9;6;True
59928;1;1;0;True
59929;1;1;0;True
59930;3;9;6;True
59931;1;1;0;True
59932;2;4;2;True
59933;2;4;2;True
59934;6;16;10;True
59935;1;1;0;True
59936;5;8;3;True
59937;0;0;0;True
59938;3;3;0;True
59939;2;4;2;True
59940;0;0;0;True
59941;0;0;0;True
59942;1;1;0;True
59943;3;6;3;True
59944;7;16;9;True
59945;2;4;2;True
59946;5;16;11;True
59947;1;1;0;True
59948;2;2;0;True
59949;2;4;2;True
59950;2;4;2;True
59951;6;16;10;True
59952;3;6;3;True
59953;2;4;2;True
59954;5;6;1;True
59955;5;12;7;True
59956;7;12;5;True
59957;2;4;2;True
59958;3;9;6;True
59959;7;12;5;True
59960;4;6;2;True
59961;7;16;9;True
59962;4;9;5;True
59963;2;4;2;True
59964;4;9;5;True
59965;6;12;6;True
59966;4;8;4;True
59967;4;8;4;True
59968;0;0;0;True
59969;6;16;10;True
59970;2;2;0;True
59971;4;9;5;True
59972;1;1;0;True
59973;3;9;6;True
59974;5;8;3;True
59975;2;4;2;True
59976;2;4;2;True
59977;2;2;0;True
59978;4;9;5;True
59979;4;9;5;True
59980;9;16;7;True
59981;6;12;6;True
59982;1;1;0;True
59983;7;16;9;True
59984;3;4;1;True
59985;1;1;0;True
59986;3;6;3;True
59987;5;9;4;True
59988;5;12;7;True
59989;4;9;5;True
59990;0;0;0;True
59991;9;12;3;True
59992;2;2;0;True
59993;1;1;0;True
59994;3;6;3;True
59995;6;9;3;True
59996;5;12;7;True
59997;3;6;3;True
59998;0;0;0;True
59999;2;2;0;True
60000;9;16;7;True
60001;7;12;5;True
60002;3;6;3;True
60003;4;12;8;True
60004;3;3;0;True
60005;5;16;11;True
60006;5;9;4;True
60007;5;12;7;True
60008;7;16;9;True
60009;2;2;0;True
60010;1;1;0;True
60011;3;4;1;True
60012;2;4;2;True
60013;3;9;6;True
60014;11;16;5;True
60015;3;6;3;True
60016;4;9;5;True
60017;8;16;8;True
60018;9;16;7;True
60019;5;9;4;True
60020;6;16;10;True
60021;5;9;4;True
60022;2;2;0;True
60023;3;4;1;True
60024;5;12;7;True
60025;3;6;3;True
60026;0;0;0;True
60027;5;8;3;True
60028;1;1;0;True
60029;2;4;2;True
60030;1;1;0;True
60031;3;4;1;True
60032;9;16;7;True
60033;5;12;7;True
60034;4;8;4;True
60035;5;12;7;True
60036;4;9;5;True
60037;6;16;10;True
60038;4;6;2;True
60039;2;2;0;True
60040;3;6;3;True
60041;1;1;0;True
60042;3;6;3;True
60043;6;9;3;True
60044;2;2;0;True
60045;3;9;6;True
60046;4;9;5;True
60047;2;2;0;True
60048;3;4;1;True
60049;4;9;5;True
60050;2;4;2;True
60051;3;9;6;True
60052;4;12;8;True
60053;1;1;0;True
60054;5;12;7;True
60055;10;16;6;True
60056;7;12;5;True
60057;1;1;0;True
60058;4;12;8;True
60059;5;12;7;True
60060;5;9;4;True
60061;6;12;6;True
60062;1;1;0;True
60063;5;6;1;True
60064;2;4;2;True
60065;2;2;0;True
60066;6;12;6;True
60067;5;9;4;True
60068;8;16;8;True
60069;3;4;1;True
60070;7;12;5;True
60071;2;2;0;True
60072;4;8;4;True
60073;6;12;6;True
60074;0;0;0;True
60075;5;16;11;True
60076;0;0;0;True
60077;3;3;0;True
60078;4;8;4;True
60079;10;16;6;True
60080;5;9;4;True
60081;6;12;6;True
60082;4;6;2;True
60083;6;12;6;True
60084;4;9;5;True
60085;0;0;0;True
60086;3;6;3;True
60087;2;4;2;True
60088;6;12;6;True
60089;4;6;2;True
60090;3;6;3;True
60091;5;8;3;True
60092;4;6;2;True
60093;1;1;0;True
60094;1;1;0;True
60095;2;4;2;True
60096;1;1;0;True
60097;0;0;0;True
60098;4;6;2;True
60099;0;0;0;True
60100;2;2;0;True
60101;1;1;0;True
60102;4;9;5;True
60103;6;9;3;True
60104;2;4;2;True
60105;1;1;0;True
60106;1;1;0;True
60107;5;12;7;True
60108;5;16;11;True
60109;6;12;6;True
60110;3;9;6;True
60111;4;12;8;True
60112;6;12;6;True
60113;2;2;0;True
60114;0;0;0;True
60115;1;1;0;True
60116;0;0;0;True
60117;4;6;2;True
60118;0;0;0;True
60119;2;4;2;True
60120;3;6;3;True
60121;3;6;3;True
60122;4;9;5;True
60123;4;9;5;True
60124;3;6;3;True
60125;5;12;7;True
60126;2;4;2;True
60127;0;0;0;True
60128;7;12;5;True
60129;3;4;1;True
60130;3;6;3;True
60131;4;6;2;True
60132;3;9;6;True
60133;0;0;0;True
60134;5;12;7;True
60135;4;6;2;True
60136;3;6;3;True
60137;0;0;0;True
60138;1;1;0;True
60139;2;4;2;True
60140;2;4;2;True
60141;1;1;0;True
60142;1;1;0;True
60143;4;6;2;True
60144;8;16;8;True
60145;3;9;6;True
60146;5;12;7;True
60147;1;1;0;True
60148;4;8;4;True
60149;6;12;6;True
60150;1;1;0;True
60151;2;2;0;True
60152;4;6;2;True
60153;4;9;5;True
60154;4;9;5;True
60155;6;9;3;True
60156;6;12;6;True
60157;4;8;4;True
60158;2;4;2;True
60159;1;1;0;True
60160;6;16;10;True
60161;9;16;7;True
60162;2;4;2;True
60163;3;4;1;True
60164;4;9;5;True
60165;3;6;3;True
60166;4;12;8;True
60167;0;0;0;True
60168;5;12;7;True
60169;0;0;0;True
60170;0;0;0;True
60171;2;2;0;True
60172;5;6;1;True
60173;6;12;6;True
60174;1;1;0;True
60175;4;6;2;True
60176;7;9;2;True
60177;2;4;2;True
60178;5;8;3;True
60179;2;4;2;True
60180;5;16;11;True
60181;5;6;1;True
60182;4;12;8;True
60183;1;1;0;True
60184;2;4;2;True
60185;6;12;6;True
60186;3;6;3;True
60187;5;9;4;True
60188;1;1;0;True
60189;1;1;0;True
60190;4;6;2;True
60191;0;0;0;True
60192;10;12;2;True
60193;5;12;7;True
60194;5;9;4;True
60195;2;4;2;True
60196;4;6;2;True
60197;4;9;5;True
60198;7;12;5;True
60199;6;16;10;True
60200;5;9;4;True
60201;2;4;2;True
60202;0;0;0;True
60203;5;8;3;True
60204;4;9;5;True
60205;7;16;9;True
60206;1;1;0;True
60207;7;12;5;True
60208;2;4;2;True
60209;4;9;5;True
60210;1;1;0;True
60211;0;0;0;True
60212;3;6;3;True
60213;4;6;2;True
60214;4;12;8;True
60215;1;1;0;True
60216;3;9;6;True
60217;6;9;3;True
60218;4;9;5;True
60219;6;12;6;True
60220;2;4;2;True
60221;3;4;1;True
60222;1;1;0;True
60223;5;9;4;True
60224;2;2;0;True
60225;2;4;2;True
60226;2;2;0;True
60227;3;6;3;True
60228;3;6;3;True
60229;2;4;2;True
60230;5;9;4;True
60231;4;9;5;True
60232;4;6;2;True
60233;4;9;5;True
60234;4;9;5;True
60235;0;0;0;True
60236;3;3;0;True
60237;5;12;7;True
60238;0;0;0;True
60239;1;1;0;True
60240;5;9;4;True
60241;2;2;0;True
60242;5;8;3;True
60243;2;4;2;True
60244;1;1;0;True
60245;2;4;2;True
60246;3;9;6;True
60247;5;9;4;True
60248;8;16;8;True
60249;6;12;6;True
60250;6;16;10;True
60251;4;9;5;True
60252;8;12;4;True
60253;4;8;4;True
60254;2;4;2;True
60255;6;16;10;True
60256;2;2;0;True
60257;2;2;0;True
60258;2;4;2;True
60259;1;1;0;True
60260;2;4;2;True
60261;3;9;6;True
60262;3;6;3;True
60263;9;16;7;True
60264;3;9;6;True
60265;0;0;0;True
60266;1;1;0;True
60267;3;4;1;True
60268;2;4;2;True
60269;3;6;3;True
60270;5;9;4;True
60271;6;12;6;True
60272;3;9;6;True
60273;3;6;3;True
60274;5;9;4;True
60275;5;12;7;True
60276;6;12;6;True
60277;3;4;1;True
60278;5;8;3;True
60279;4;9;5;True
60280;3;6;3;True
60281;2;4;2;True
60282;1;1;0;True
60283;5;12;7;True
60284;7;12;5;True
60285;0;0;0;True
60286;6;16;10;True
60287;4;12;8;True
60288;0;0;0;True
60289;5;8;3;True
60290;8;16;8;True
60291;11;16;5;True
60292;5;12;7;True
60293;2;2;0;True
60294;4;9;5;True
60295;7;16;9;True
60296;5;6;1;True
60297;1;1;0;True
60298;5;12;7;True
60299;7;12;5;True
60300;3;4;1;True
60301;3;6;3;True
60302;1;1;0;True
60303;2;4;2;True
60304;1;1;0;True
60305;4;9;5;True
60306;1;1;0;True
60307;4;8;4;True
60308;7;12;5;True
60309;5;12;7;True
60310;6;9;3;True
60311;7;16;9;True
60312;0;0;0;True
60313;1;1;0;True
60314;3;9;6;True
60315;1;1;0;True
60316;5;12;7;True
60317;3;3;0;True
60318;4;6;2;True
60319;4;12;8;True
60320;3;6;3;True
60321;8;16;8;True
60322;4;9;5;True
60323;4;6;2;True
60324;4;9;5;True
60325;5;9;4;True
60326;0;0;0;True
60327;4;8;4;True
60328;1;1;0;True
60329;3;4;1;True
60330;2;4;2;True
60331;5;12;7;True
60332;1;1;0;True
60333;2;2;0;True
60334;8;16;8;True
60335;2;2;0;True
60336;3;6;3;True
60337;4;12;8;True
60338;3;9;6;True
60339;8;16;8;True
60340;1;1;0;True
60341;4;12;8;True
60342;4;8;4;True
60343;4;4;0;True
60344;10;16;6;True
60345;5;9;4;True
60346;8;16;8;True
60347;2;4;2;True
60348;5;12;7;True
60349;1;1;0;True
60350;3;4;1;True
60351;2;2;0;True
60352;8;16;8;True
60353;3;4;1;True
60354;6;9;3;True
60355;5;9;4;True
60356;8;16;8;True
60357;6;16;10;True
60358;7;12;5;True
60359;4;9;5;True
60360;4;8;4;True
60361;3;4;1;True
60362;3;4;1;True
60363;1;1;0;True
60364;2;4;2;True
60365;4;6;2;True
60366;3;6;3;True
60367;6;8;2;True
60368;3;6;3;True
60369;4;8;4;True
60370;1;1;0;True
60371;6;12;6;True
60372;2;4;2;True
60373;6;16;10;True
60374;2;2;0;True
60375;0;0;0;True
60376;1;1;0;True
60377;1;1;0;True
60378;6;9;3;True
60379;7;12;5;True
60380;7;9;2;True
60381;2;4;2;True
60382;7;12;5;True
60383;0;0;0;True
60384;0;0;0;True
60385;1;1;0;True
60386;6;9;3;True
60387;1;1;0;True
60388;3;6;3;True
60389;4;6;2;True
60390;4;9;5;True
60391;6;12;6;True
60392;5;9;4;True
60393;0;0;0;True
60394;2;2;0;True
60395;1;1;0;True
60396;1;1;0;True
60397;2;4;2;True
60398;7;16;9;True
60399;4;4;0;True
60400;6;16;10;True
60401;3;3;0;True
60402;6;8;2;True
60403;1;1;0;True
60404;4;9;5;True
60405;6;12;6;True
60406;6;8;2;True
60407;2;4;2;True
60408;2;4;2;True
60409;4;6;2;True
60410;0;0;0;True
60411;6;9;3;True
60412;4;12;8;True
60413;7;16;9;True
60414;1;1;0;True
60415;4;12;8;True
60416;4;9;5;True
60417;5;12;7;True
60418;4;6;2;True
60419;4;9;5;True
60420;3;6;3;True
60421;7;12;5;True
60422;3;6;3;True
60423;4;9;5;True
60424;1;1;0;True
60425;4;9;5;True
60426;1;1;0;True
60427;4;12;8;True
60428;0;0;0;True
60429;1;1;0;True
60430;1;1;0;True
60431;2;4;2;True
60432;5;12;7;True
60433;2;4;2;True
60434;5;12;7;True
60435;5;16;11;True
60436;4;9;5;True
60437;3;6;3;True
60438;1;1;0;True
60439;5;12;7;True
60440;5;12;7;True
60441;1;1;0;True
60442;9;16;7;True
60443;5;12;7;True
60444;0;0;0;True
60445;3;4;1;True
60446;0;0;0;True
60447;3;3;0;True
60448;1;1;0;True
60449;7;12;5;True
60450;7;12;5;True
60451;2;2;0;True
60452;9;16;7;True
60453;3;6;3;True
60454;3;4;1;True
60455;3;3;0;True
60456;4;8;4;True
60457;8;16;8;True
60458;7;16;9;True
60459;0;0;0;True
60460;3;4;1;True
60461;7;16;9;True
60462;5;9;4;True
60463;4;9;5;True
60464;1;1;0;True
60465;4;9;5;True
60466;5;9;4;True
60467;6;9;3;True
60468;1;1;0;True
60469;7;16;9;True
60470;7;12;5;True
60471;2;2;0;True
60472;6;16;10;True
60473;3;6;3;True
60474;3;6;3;True
60475;3;6;3;True
60476;1;1;0;True
60477;0;0;0;True
60478;2;4;2;True
60479;2;2;0;True
60480;1;1;0;True
60481;3;6;3;True
60482;3;6;3;True
60483;4;6;2;True
60484;8;16;8;True
60485;0;0;0;True
60486;1;1;0;True
60487;7;12;5;True
60488;5;9;4;True
60489;6;16;10;True
60490;2;2;0;True
60491;1;1;0;True
60492;3;6;3;True
60493;3;6;3;True
60494;6;12;6;True
60495;2;4;2;True
60496;4;6;2;True
60497;1;1;0;True
60498;4;6;2;True
60499;0;0;0;True
60500;2;2;0;True
60501;3;4;1;True
60502;4;6;2;True
60503;3;6;3;True
60504;3;6;3;True
60505;8;12;4;True
60506;7;12;5;True
60507;2;2;0;True
60508;8;16;8;True
60509;4;4;0;True
60510;1;1;0;True
60511;9;16;7;True
60512;11;12;1;True
60513;6;16;10;True
60514;8;16;8;True
60515;1;1;0;True
60516;3;6;3;True
60517;8;16;8;True
60518;4;9;5;True
60519;7;12;5;True
60520;2;4;2;True
60521;2;4;2;True
60522;2;2;0;True
60523;5;9;4;True
60524;2;4;2;True
60525;10;16;6;True
60526;4;4;0;True
60527;2;2;0;True
60528;6;16;10;True
60529;4;9;5;True
60530;5;6;1;True
60531;1;1;0;True
60532;6;12;6;True
60533;2;4;2;True
60534;5;12;7;True
60535;3;9;6;True
60536;2;4;2;True
60537;5;12;7;True
60538;4;9;5;True
60539;2;4;2;True
60540;9;12;3;True
60541;6;12;6;True
60542;7;12;5;True
60543;3;6;3;True
60544;9;16;7;True
60545;3;6;3;True
60546;6;16;10;True
60547;0;0;0;True
60548;1;1;0;True
60549;4;16;12;True
60550;3;4;1;True
60551;3;6;3;True
60552;6;12;6;True
60553;9;16;7;True
60554;2;2;0;True
60555;5;9;4;True
60556;6;16;10;True
60557;5;9;4;True
60558;5;12;7;True
60559;8;16;8;True
60560;9;16;7;True
60561;4;9;5;True
60562;3;6;3;True
60563;2;4;2;True
60564;3;6;3;True
60565;7;16;9;True
60566;4;9;5;True
60567;3;6;3;True
60568;1;1;0;True
60569;5;12;7;True
60570;5;6;1;True
60571;2;4;2;True
60572;9;16;7;True
60573;4;6;2;True
60574;7;16;9;True
60575;7;12;5;True
60576;4;9;5;True
60577;0;0;0;True
60578;3;9;6;True
60579;4;9;5;True
60580;1;1;0;True
60581;3;6;3;True
60582;3;4;1;True
60583;4;12;8;True
60584;4;6;2;True
60585;2;2;0;True
60586;7;16;9;True
60587;2;4;2;True
60588;4;9;5;True
60589;10;16;6;True
60590;4;12;8;True
60591;5;12;7;True
60592;1;1;0;True
60593;3;9;6;True
60594;3;6;3;True
60595;1;1;0;True
60596;1;1;0;True
60597;1;1;0;True
60598;6;12;6;True
60599;2;2;0;True
60600;1;1;0;True
60601;2;4;2;True
60602;5;16;11;True
60603;2;2;0;True
60604;4;6;2;True
60605;1;1;0;True
60606;2;4;2;True
60607;5;9;4;True
60608;8;16;8;True
60609;3;6;3;True
60610;3;6;3;True
60611;3;6;3;True
60612;1;1;0;True
60613;8;16;8;True
60614;4;6;2;True
60615;7;16;9;True
60616;3;6;3;True
60617;5;16;11;True
60618;5;9;4;True
60619;5;9;4;True
60620;3;6;3;True
60621;4;9;5;True
60622;2;4;2;True
60623;7;16;9;True
60624;1;1;0;True
60625;3;6;3;True
60626;3;6;3;True
60627;8;16;8;True
60628;3;6;3;True
60629;6;12;6;True
60630;5;12;7;True
60631;1;1;0;True
60632;0;0;0;True
60633;1;1;0;True
60634;6;12;6;True
60635;5;9;4;True
60636;4;6;2;True
60637;3;6;3;True
60638;7;16;9;True
60639;4;9;5;True
60640;0;0;0;True
60641;1;1;0;True
60642;1;1;0;True
60643;2;2;0;True
60644;3;9;6;True
60645;2;4;2;True
60646;6;12;6;True
60647;3;6;3;True
60648;5;12;7;True
60649;2;2;0;True
60650;7;16;9;True
60651;1;1;0;True
60652;5;9;4;True
60653;2;4;2;True
60654;6;9;3;True
60655;4;8;4;True
60656;2;4;2;True
60657;3;9;6;True
60658;3;4;1;True
60659;1;1;0;True
60660;5;12;7;True
60661;0;0;0;True
60662;2;4;2;True
60663;2;2;0;True
60664;4;12;8;True
60665;5;8;3;True
60666;4;9;5;True
60667;2;4;2;True
60668;6;12;6;True
60669;3;4;1;True
60670;6;16;10;True
60671;6;12;6;True
60672;2;4;2;True
60673;2;2;0;True
60674;2;2;0;True
60675;1;1;0;True
60676;7;16;9;True
60677;3;9;6;True
60678;3;6;3;True
60679;9;12;3;True
60680;2;4;2;True
60681;2;4;2;True
60682;6;9;3;True
60683;1;1;0;True
60684;2;2;0;True
60685;2;2;0;True
60686;8;16;8;True
60687;4;12;8;True
60688;6;8;2;True
60689;7;16;9;True
60690;4;9;5;True
60691;6;12;6;True
60692;4;9;5;True
60693;0;0;0;True
60694;5;9;4;True
60695;3;9;6;True
60696;7;12;5;True
60697;6;12;6;True
60698;1;1;0;True
60699;1;1;0;True
60700;7;12;5;True
60701;2;2;0;True
60702;2;4;2;True
60703;7;12;5;True
60704;0;0;0;True
60705;7;16;9;True
60706;2;4;2;True
60707;2;4;2;True
60708;2;4;2;True
60709;4;9;5;True
60710;1;1;0;True
60711;1;1;0;True
60712;3;4;1;True
60713;3;6;3;True
60714;4;9;5;True
60715;5;9;4;True
60716;1;1;0;True
60717;6;16;10;True
60718;5;12;7;True
60719;3;4;1;True
60720;3;6;3;True
60721;3;9;6;True
60722;2;4;2;True
60723;0;0;0;True
60724;2;4;2;True
60725;2;4;2;True
60726;5;6;1;True
60727;5;12;7;True
60728;9;16;7;True
60729;3;6;3;True
60730;3;4;1;True
60731;8;12;4;True
60732;6;12;6;True
60733;6;12;6;True
60734;4;6;2;True
60735;8;9;1;True
60736;3;6;3;True
60737;3;9;6;True
60738;3;6;3;True
60739;2;4;2;True
60740;6;9;3;True
60741;1;1;0;True
60742;6;6;0;True
60743;7;16;9;True
60744;4;12;8;True
60745;1;1;0;True
60746;11;16;5;True
60747;2;4;2;True
60748;2;4;2;True
60749;4;9;5;True
60750;3;6;3;True
60751;2;2;0;True
60752;1;1;0;True
60753;1;1;0;True
60754;8;16;8;True
60755;5;9;4;True
60756;5;12;7;True
60757;1;1;0;True
60758;6;12;6;True
60759;4;6;2;True
60760;4;12;8;True
60761;2;2;0;True
60762;5;12;7;True
60763;5;12;7;True
60764;6;12;6;True
60765;7;12;5;True
60766;5;12;7;True
60767;3;6;3;True
60768;1;1;0;True
60769;5;8;3;True
60770;10;16;6;True
60771;4;6;2;True
60772;8;16;8;True
60773;6;16;10;True
60774;5;9;4;True
60775;3;6;3;True
60776;3;6;3;True
60777;6;16;10;True
60778;6;16;10;True
60779;9;16;7;True
60780;2;4;2;True
60781;7;16;9;True
60782;1;1;0;True
60783;3;6;3;True
60784;5;9;4;True
60785;4;6;2;True
60786;4;6;2;True
60787;5;9;4;True
60788;5;12;7;True
60789;0;0;0;True
60790;7;16;9;True
60791;6;9;3;True
60792;2;2;0;True
60793;1;1;0;True
60794;4;9;5;True
60795;5;12;7;True
60796;4;9;5;True
60797;8;12;4;True
60798;2;2;0;True
60799;7;16;9;True
60800;1;1;0;True
60801;5;12;7;True
60802;4;6;2;True
60803;2;4;2;True
60804;2;4;2;True
60805;1;1;0;True
60806;5;9;4;True
60807;3;4;1;True
60808;4;6;2;True
60809;6;12;6;True
60810;2;4;2;True
60811;7;12;5;True
60812;3;4;1;True
60813;1;1;0;True
60814;3;4;1;True
60815;3;6;3;True
60816;8;12;4;True
60817;4;9;5;True
60818;4;9;5;True
60819;1;1;0;True
60820;1;1;0;True
60821;1;1;0;True
60822;2;2;0;True
60823;3;4;1;True
60824;5;8;3;True
60825;1;1;0;True
60826;3;6;3;True
60827;5;9;4;True
60828;7;16;9;True
60829;1;1;0;True
60830;6;12;6;True
60831;3;9;6;True
60832;7;12;5;True
60833;4;12;8;True
60834;6;16;10;True
60835;1;1;0;True
60836;5;12;7;True
60837;3;6;3;True
60838;6;16;10;True
60839;7;9;2;True
60840;3;6;3;True
60841;2;2;0;True
60842;4;6;2;True
60843;5;9;4;True
60844;2;4;2;True
60845;2;4;2;True
60846;4;6;2;True
60847;5;12;7;True
60848;5;6;1;True
60849;3;4;1;True
60850;5;12;7;True
60851;0;0;0;True
60852;7;12;5;True
60853;2;4;2;True
60854;2;2;0;True
60855;4;8;4;True
60856;3;4;1;True
60857;3;6;3;True
60858;0;0;0;True
60859;1;1;0;True
60860;8;16;8;True
60861;1;1;0;True
60862;4;9;5;True
60863;0;0;0;True
60864;6;16;10;True
60865;3;3;0;True
60866;1;1;0;True
60867;7;16;9;True
60868;8;12;4;True
60869;10;16;6;True
60870;2;2;0;True
60871;2;4;2;True
60872;6;16;10;True
60873;2;4;2;True
60874;5;16;11;True
60875;3;6;3;True
60876;4;9;5;True
60877;3;4;1;True
60878;3;4;1;True
60879;10;16;6;True
60880;4;6;2;True
60881;2;2;0;True
60882;5;9;4;True
60883;0;0;0;True
60884;5;12;7;True
60885;5;9;4;True
60886;6;12;6;True
60887;7;16;9;True
60888;4;6;2;True
60889;3;6;3;True
60890;4;9;5;True
60891;3;6;3;True
60892;5;12;7;True
60893;7;12;5;True
60894;0;0;0;True
60895;4;12;8;True
60896;2;4;2;True
60897;1;1;0;True
60898;2;2;0;True
60899;2;2;0;True
60900;6;12;6;True
60901;0;0;0;True
60902;2;2;0;True
60903;3;9;6;True
60904;3;6;3;True
60905;8;16;8;True
60906;8;16;8;True
60907;3;6;3;True
60908;6;12;6;True
60909;1;1;0;True
60910;1;1;0;True
60911;2;4;2;True
60912;0;0;0;True
60913;3;6;3;True
60914;4;9;5;True
60915;1;1;0;True
60916;5;6;1;True
60917;3;6;3;True
60918;0;0;0;True
60919;4;9;5;True
60920;2;4;2;True
60921;1;1;0;True
60922;3;4;1;True
60923;4;9;5;True
60924;2;4;2;True
60925;2;2;0;True
60926;3;6;3;True
60927;2;2;0;True
60928;0;0;0;True
60929;3;3;0;True
60930;4;6;2;True
60931;2;4;2;True
60932;1;1;0;True
60933;3;4;1;True
60934;4;9;5;True
60935;4;12;8;True
60936;2;4;2;True
60937;4;9;5;True
60938;1;1;0;True
60939;3;6;3;True
60940;4;12;8;True
60941;8;12;4;True
60942;5;9;4;True
60943;2;4;2;True
60944;2;2;0;True
60945;4;12;8;True
60946;0;0;0;True
60947;8;16;8;True
60948;5;12;7;True
60949;3;6;3;True
60950;4;9;5;True
60951;6;12;6;True
60952;4;9;5;True
60953;4;9;5;True
60954;1;1;0;True
60955;1;1;0;True
60956;3;6;3;True
60957;0;0;0;True
60958;3;6;3;True
60959;1;1;0;True
60960;4;12;8;True
60961;2;4;2;True
60962;1;1;0;True
60963;3;6;3;True
60964;5;6;1;True
60965;6;9;3;True
60966;2;2;0;True
60967;4;12;8;True
60968;6;12;6;True
60969;7;12;5;True
60970;5;12;7;True
60971;2;2;0;True
60972;5;16;11;True
60973;2;4;2;True
60974;2;2;0;True
60975;1;1;0;True
60976;1;1;0;True
60977;5;12;7;True
60978;4;6;2;True
60979;3;4;1;True
60980;2;4;2;True
60981;2;4;2;True
60982;4;6;2;True
60983;0;0;0;True
60984;3;6;3;True
60985;4;12;8;True
60986;1;1;0;True
60987;4;6;2;True
60988;1;1;0;True
60989;2;2;0;True
60990;3;6;3;True
60991;4;9;5;True
60992;2;2;0;True
60993;9;12;3;True
60994;2;2;0;True
60995;5;8;3;True
60996;6;12;6;True
60997;8;12;4;True
60998;2;4;2;True
60999;4;4;0;True
61000;5;9;4;True
61001;4;9;5;True
61002;5;12;7;True
61003;2;4;2;True
61004;6;8;2;True
61005;3;6;3;True
61006;3;4;1;True
61007;2;4;2;True
61008;5;16;11;True
61009;1;1;0;True
61010;4;6;2;True
61011;3;4;1;True
61012;7;16;9;True
61013;1;1;0;True
61014;7;12;5;True
61015;7;16;9;True
61016;4;9;5;True
61017;5;9;4;True
61018;6;9;3;True
61019;4;12;8;True
61020;7;12;5;True
61021;2;4;2;True
61022;6;8;2;True
61023;2;4;2;True
61024;5;9;4;True
61025;5;9;4;True
61026;1;1;0;True
61027;4;9;5;True
61028;3;9;6;True
61029;7;12;5;True
61030;2;2;0;True
61031;4;6;2;True
61032;4;8;4;True
61033;0;0;0;True
61034;2;4;2;True
61035;3;6;3;True
61036;1;1;0;True
61037;3;6;3;True
61038;4;12;8;True
61039;4;9;5;True
61040;3;9;6;True
61041;3;6;3;True
61042;7;16;9;True
61043;3;6;3;True
61044;3;9;6;True
61045;7;16;9;True
61046;0;0;0;True
61047;0;0;0;True
61048;5;9;4;True
61049;4;9;5;True
61050;3;4;1;True
61051;5;12;7;True
61052;1;1;0;True
61053;2;4;2;True
61054;4;9;5;True
61055;3;6;3;True
61056;2;2;0;True
61057;6;12;6;True
61058;9;16;7;True
61059;1;1;0;True
61060;1;1;0;True
61061;5;9;4;True
61062;2;2;0;True
61063;2;4;2;True
61064;3;9;6;True
61065;6;16;10;True
61066;2;2;0;True
61067;2;4;2;True
61068;3;9;6;True
61069;7;16;9;True
61070;2;4;2;True
61071;3;4;1;True
61072;6;8;2;True
61073;3;6;3;True
61074;5;9;4;True
61075;1;1;0;True
61076;3;3;0;True
61077;4;12;8;True
61078;3;4;1;True
61079;7;12;5;True
61080;7;12;5;True
61081;5;9;4;True
61082;1;1;0;True
61083;1;1;0;True
61084;8;16;8;True
61085;5;6;1;True
61086;7;12;5;True
61087;5;8;3;True
61088;3;6;3;True
61089;5;12;7;True
61090;6;12;6;True
61091;4;6;2;True
61092;1;1;0;True
61093;3;9;6;True
61094;2;4;2;True
61095;3;6;3;True
61096;3;6;3;True
61097;8;16;8;True
61098;5;9;4;True
61099;6;12;6;True
61100;2;4;2;True
61101;2;4;2;True
61102;0;0;0;True
61103;7;16;9;True
61104;3;4;1;True
61105;1;1;0;True
61106;4;6;2;True
61107;3;6;3;True
61108;6;16;10;True
61109;2;4;2;True
61110;3;4;1;True
61111;3;6;3;True
61112;8;16;8;True
61113;4;9;5;True
61114;6;16;10;True
61115;2;2;0;True
61116;8;16;8;True
61117;7;16;9;True
61118;9;16;7;True
61119;4;16;12;True
61120;2;4;2;True
61121;4;9;5;True
61122;5;9;4;True
61123;1;1;0;True
61124;3;6;3;True
61125;5;12;7;True
61126;3;6;3;True
61127;5;12;7;True
61128;1;1;0;True
61129;7;12;5;True
61130;5;9;4;True
61131;4;8;4;True
61132;5;16;11;True
61133;4;12;8;True
61134;1;1;0;True
61135;7;12;5;True
61136;3;6;3;True
61137;1;1;0;True
61138;6;12;6;True
61139;1;1;0;True
61140;0;0;0;True
61141;3;6;3;True
61142;2;2;0;True
61143;5;12;7;True
61144;3;6;3;True
61145;2;4;2;True
61146;3;6;3;True
61147;2;4;2;True
61148;8;16;8;True
61149;2;4;2;True
61150;9;16;7;True
61151;6;12;6;True
61152;8;12;4;True
61153;4;9;5;True
61154;2;4;2;True
61155;4;9;5;True
61156;5;12;7;True
61157;2;4;2;True
61158;4;6;2;True
61159;1;1;0;True
61160;2;2;0;True
61161;6;12;6;True
61162;2;4;2;True
61163;5;12;7;True
61164;5;9;4;True
61165;2;4;2;True
61166;0;0;0;True
61167;7;16;9;True
61168;4;8;4;True
61169;3;9;6;True
61170;7;12;5;True
61171;0;0;0;True
61172;1;1;0;True
61173;5;16;11;True
61174;0;0;0;True
61175;3;6;3;True
61176;1;1;0;True
61177;7;16;9;True
61178;6;16;10;True
61179;6;9;3;True
61180;2;4;2;True
61181;3;4;1;True
61182;1;1;0;True
61183;3;4;1;True
61184;8;16;8;True
61185;5;12;7;True
61186;3;6;3;True
61187;2;2;0;True
61188;7;16;9;True
61189;4;6;2;True
61190;1;1;0;True
61191;2;4;2;True
61192;1;1;0;True
61193;2;4;2;True
61194;2;2;0;True
61195;1;1;0;True
61196;8;16;8;True
61197;1;1;0;True
61198;5;8;3;True
61199;5;9;4;True
61200;4;9;5;True
61201;5;9;4;True
61202;5;6;1;True
61203;7;12;5;True
61204;5;9;4;True
61205;7;16;9;True
61206;3;9;6;True
61207;6;9;3;True
61208;8;16;8;True
61209;2;2;0;True
61210;5;12;7;True
61211;6;9;3;True
61212;2;2;0;True
61213;0;0;0;True
61214;0;0;0;True
61215;7;16;9;True
61216;4;6;2;True
61217;1;1;0;True
61218;5;6;1;True
61219;7;16;9;True
61220;4;9;5;True
61221;0;0;0;True
61222;5;9;4;True
61223;6;16;10;True
61224;4;9;5;True
61225;3;6;3;True
61226;4;9;5;True
61227;6;12;6;True
61228;7;16;9;True
61229;4;12;8;True
61230;5;6;1;True
61231;4;4;0;True
61232;4;8;4;True
61233;1;1;0;True
61234;1;1;0;True
61235;5;16;11;True
61236;1;1;0;True
61237;5;12;7;True
61238;1;1;0;True
61239;5;9;4;True
61240;3;4;1;True
61241;8;16;8;True
61242;8;16;8;True
61243;4;6;2;True
61244;3;9;6;True
61245;4;12;8;True
61246;3;9;6;True
61247;6;12;6;True
61248;2;4;2;True
61249;5;12;7;True
61250;2;4;2;True
61251;3;6;3;True
61252;3;9;6;True
61253;4;6;2;True
61254;1;1;0;True
61255;3;6;3;True
61256;3;6;3;True
61257;3;9;6;True
61258;5;9;4;True
61259;2;2;0;True
61260;4;6;2;True
61261;1;1;0;True
61262;5;9;4;True
61263;9;16;7;True
61264;3;6;3;True
61265;3;6;3;True
61266;7;12;5;True
61267;1;1;0;True
61268;5;12;7;True
61269;1;1;0;True
61270;4;6;2;True
61271;3;9;6;True
61272;0;0;0;True
61273;1;1;0;True
61274;2;2;0;True
61275;2;2;0;True
61276;0;0;0;True
61277;8;16;8;True
61278;3;4;1;True
61279;0;0;0;True
61280;6;8;2;True
61281;5;12;7;True
61282;5;12;7;True
61283;1;1;0;True
61284;10;16;6;True
61285;7;12;5;True
61286;0;0;0;True
61287;4;9;5;True
61288;5;8;3;True
61289;3;6;3;True
61290;6;9;3;True
61291;2;4;2;True
61292;8;16;8;True
61293;5;8;3;True
61294;2;4;2;True
61295;0;0;0;True
61296;5;12;7;True
61297;0;0;0;True
61298;5;16;11;True
61299;9;16;7;True
61300;2;4;2;True
61301;2;4;2;True
61302;5;16;11;True
61303;5;12;7;True
61304;0;0;0;True
61305;1;1;0;True
61306;7;12;5;True
61307;2;4;2;True
61308;5;9;4;True
61309;2;4;2;True
61310;6;12;6;True
61311;4;16;12;True
61312;5;9;4;True
61313;1;1;0;True
61314;3;6;3;True
61315;3;3;0;True
61316;1;1;0;True
61317;5;9;4;True
61318;5;12;7;True
61319;4;12;8;True
61320;6;12;6;True
61321;8;16;8;True
61322;6;16;10;True
61323;5;9;4;True
61324;8;16;8;True
61325;1;1;0;True
61326;3;6;3;True
61327;3;9;6;True
61328;7;12;5;True
61329;3;4;1;True
61330;6;12;6;True
61331;2;2;0;True
61332;2;2;0;True
61333;2;2;0;True
61334;3;6;3;True
61335;3;6;3;True
61336;5;9;4;True
61337;0;0;0;True
61338;3;9;6;True
61339;5;12;7;True
61340;3;4;1;True
61341;2;2;0;True
61342;5;12;7;True
61343;4;12;8;True
61344;5;9;4;True
61345;1;1;0;True
61346;6;12;6;True
61347;5;6;1;True
61348;4;6;2;True
61349;3;9;6;True
61350;4;9;5;True
61351;6;9;3;True
61352;11;16;5;True
61353;2;4;2;True
61354;5;9;4;True
61355;2;2;0;True
61356;5;6;1;True
61357;4;6;2;True
61358;3;4;1;True
61359;3;4;1;True
61360;4;8;4;True
61361;10;16;6;True
61362;3;6;3;True
61363;0;0;0;True
61364;7;12;5;True
61365;3;9;6;True
61366;4;9;5;True
61367;5;12;7;True
61368;4;9;5;True
61369;2;4;2;True
61370;7;12;5;True
61371;3;4;1;True
61372;8;12;4;True
61373;4;6;2;True
61374;8;12;4;True
61375;2;2;0;True
61376;5;8;3;True
61377;6;16;10;True
61378;2;2;0;True
61379;0;0;0;True
61380;6;9;3;True
61381;4;6;2;True
61382;4;9;5;True
61383;5;12;7;True
61384;1;1;0;True
61385;2;2;0;True
61386;3;4;1;True
61387;8;12;4;True
61388;1;1;0;True
61389;0;0;0;True
61390;3;6;3;True
61391;4;6;2;True
61392;7;16;9;True
61393;1;1;0;True
61394;3;6;3;True
61395;3;6;3;True
61396;2;2;0;True
61397;7;12;5;True
61398;0;0;0;True
61399;5;12;7;True
61400;6;12;6;True
61401;2;4;2;True
61402;2;4;2;True
61403;2;4;2;True
61404;4;6;2;True
61405;4;6;2;True
61406;0;0;0;True
61407;0;0;0;True
61408;1;1;0;True
61409;7;16;9;True
61410;9;12;3;True
61411;2;4;2;True
61412;5;9;4;True
61413;2;4;2;True
61414;2;4;2;True
61415;3;4;1;True
61416;4;6;2;True
61417;3;6;3;True
61418;1;1;0;True
61419;1;1;0;True
61420;3;6;3;True
61421;3;4;1;True
61422;4;6;2;True
61423;6;9;3;True
61424;9;16;7;True
61425;5;12;7;True
61426;3;6;3;True
61427;2;2;0;True
61428;2;2;0;True
61429;4;12;8;True
61430;6;8;2;True
61431;2;4;2;True
61432;5;12;7;True
61433;5;9;4;True
61434;3;6;3;True
61435;3;6;3;True
61436;3;9;6;True
61437;1;1;0;True
61438;9;16;7;True
61439;6;12;6;True
61440;4;9;5;True
61441;0;0;0;True
61442;2;2;0;True
61443;0;0;0;True
61444;3;9;6;True
61445;4;9;5;True
61446;9;16;7;True
61447;4;12;8;True
61448;5;12;7;True
61449;6;12;6;True
61450;7;12;5;True
61451;5;9;4;True
61452;1;1;0;True
61453;5;12;7;True
61454;3;9;6;True
61455;3;4;1;True
61456;3;4;1;True
61457;0;0;0;True
61458;7;16;9;True
61459;5;16;11;True
61460;3;6;3;True
61461;0;0;0;True
61462;1;1;0;True
61463;0;0;0;True
61464;8;16;8;True
61465;5;12;7;True
61466;2;4;2;True
61467;3;6;3;True
61468;4;9;5;True
61469;7;16;9;True
61470;6;16;10;True
61471;4;6;2;True
61472;4;4;0;True
61473;6;9;3;True
61474;1;1;0;True
61475;3;6;3;True
61476;2;4;2;True
61477;1;1;0;True
61478;3;6;3;True
61479;6;12;6;True
61480;1;1;0;True
61481;4;8;4;True
61482;3;4;1;True
61483;3;6;3;True
61484;3;6;3;True
61485;4;12;8;True
61486;4;9;5;True
61487;7;12;5;True
61488;2;4;2;True
61489;7;16;9;True
61490;2;2;0;True
61491;6;16;10;True
61492;6;12;6;True
61493;2;4;2;True
61494;3;6;3;True
61495;2;2;0;True
61496;1;1;0;True
61497;4;8;4;True
61498;3;6;3;True
61499;1;1;0;True
61500;11;16;5;True
61501;3;6;3;True
61502;3;3;0;True
61503;3;6;3;True
61504;3;9;6;True
61505;2;2;0;True
61506;4;12;8;True
61507;2;4;2;True
61508;4;9;5;True
61509;3;6;3;True
61510;4;12;8;True
61511;6;16;10;True
61512;7;16;9;True
61513;8;12;4;True
61514;1;1;0;True
61515;7;9;2;True
61516;2;4;2;True
61517;1;1;0;True
61518;1;1;0;True
61519;8;16;8;True
61520;0;0;0;True
61521;3;6;3;True
61522;0;0;0;True
61523;2;4;2;True
61524;7;16;9;True
61525;2;2;0;True
61526;2;4;2;True
61527;5;8;3;True
61528;2;2;0;True
61529;6;16;10;True
61530;5;9;4;True
61531;3;3;0;True
61532;4;9;5;True
61533;1;1;0;True
61534;4;6;2;True
61535;3;4;1;True
61536;8;16;8;True
61537;3;4;1;True
61538;1;1;0;True
61539;5;6;1;True
61540;2;4;2;True
61541;7;16;9;True
61542;3;9;6;True
61543;4;6;2;True
61544;3;6;3;True
61545;6;9;3;True
61546;7;16;9;True
61547;3;6;3;True
61548;4;9;5;True
61549;3;6;3;True
61550;2;4;2;True
61551;8;16;8;True
61552;5;9;4;True
61553;2;4;2;True
61554;2;4;2;True
61555;3;6;3;True
61556;5;6;1;True
61557;6;16;10;True
61558;2;4;2;True
61559;5;12;7;True
61560;3;4;1;True
61561;3;3;0;True
61562;7;12;5;True
61563;2;4;2;True
61564;7;12;5;True
61565;5;16;11;True
61566;8;12;4;True
61567;4;12;8;True
61568;8;16;8;True
61569;5;12;7;True
61570;5;9;4;True
61571;6;9;3;True
61572;2;4;2;True
61573;5;12;7;True
61574;3;3;0;True
61575;6;16;10;True
61576;8;12;4;True
61577;5;12;7;True
61578;2;2;0;True
61579;3;6;3;True
61580;5;9;4;True
61581;0;0;0;True
61582;3;6;3;True
61583;0;0;0;True
61584;4;9;5;True
61585;1;1;0;True
61586;5;12;7;True
61587;3;4;1;True
61588;3;6;3;True
61589;4;12;8;True
61590;5;9;4;True
61591;1;1;0;True
61592;0;0;0;True
61593;4;9;5;True
61594;1;1;0;True
61595;3;6;3;True
61596;6;12;6;True
61597;7;16;9;True
61598;3;3;0;True
61599;3;9;6;True
61600;7;16;9;True
61601;1;1;0;True
61602;7;12;5;True
61603;8;16;8;True
61604;3;6;3;True
61605;4;9;5;True
61606;3;4;1;True
61607;9;12;3;True
61608;1;1;0;True
61609;2;2;0;True
61610;4;9;5;True
61611;2;2;0;True
61612;4;6;2;True
61613;0;0;0;True
61614;1;1;0;True
61615;2;4;2;True
61616;2;2;0;True
61617;4;4;0;True
61618;4;6;2;True
61619;3;3;0;True
61620;5;12;7;True
61621;2;4;2;True
61622;6;9;3;True
61623;4;9;5;True
61624;5;12;7;True
61625;6;9;3;True
61626;10;16;6;True
61627;5;12;7;True
61628;2;4;2;True
61629;7;12;5;True
61630;3;3;0;True
61631;2;4;2;True
61632;3;4;1;True
61633;7;16;9;True
61634;4;9;5;True
61635;2;2;0;True
61636;3;6;3;True
61637;3;3;0;True
61638;3;4;1;True
61639;5;9;4;True
61640;8;12;4;True
61641;2;2;0;True
61642;4;12;8;True
61643;4;12;8;True
61644;1;1;0;True
61645;5;12;7;True
61646;3;6;3;True
61647;3;4;1;True
61648;8;16;8;True
61649;7;12;5;True
61650;2;4;2;True
61651;9;12;3;True
61652;4;6;2;True
61653;1;1;0;True
61654;1;1;0;True
61655;5;16;11;True
61656;4;6;2;True
61657;1;1;0;True
61658;1;1;0;True
61659;3;4;1;True
61660;7;12;5;True
61661;4;9;5;True
61662;1;1;0;True
61663;2;4;2;True
61664;2;2;0;True
61665;5;9;4;True
61666;0;0;0;True
61667;2;4;2;True
61668;3;6;3;True
61669;5;16;11;True
61670;5;12;7;True
61671;2;4;2;True
61672;6;12;6;True
61673;2;2;0;True
61674;4;6;2;True
61675;2;4;2;True
61676;4;9;5;True
61677;2;4;2;True
61678;3;6;3;True
61679;6;16;10;True
61680;6;16;10;True
61681;3;3;0;True
61682;4;9;5;True
61683;7;16;9;True
61684;1;1;0;True
61685;1;1;0;True
61686;4;6;2;True
61687;1;1;0;True
61688;1;1;0;True
61689;2;2;0;True
61690;1;1;0;True
61691;1;1;0;True
61692;0;0;0;True
61693;7;12;5;True
61694;7;12;5;True
61695;4;9;5;True
61696;5;9;4;True
61697;8;16;8;True
61698;1;1;0;True
61699;9;16;7;True
61700;2;4;2;True
61701;3;4;1;True
61702;3;9;6;True
61703;3;6;3;True
61704;6;12;6;True
61705;6;12;6;True
61706;3;4;1;True
61707;7;9;2;True
61708;3;9;6;True
61709;6;8;2;True
61710;5;9;4;True
61711;6;12;6;True
61712;3;6;3;True
61713;3;6;3;True
61714;8;12;4;True
61715;5;12;7;True
61716;8;16;8;True
61717;2;2;0;True
61718;3;6;3;True
61719;4;6;2;True
61720;5;12;7;True
61721;4;9;5;True
61722;6;16;10;True
61723;2;4;2;True
61724;3;6;3;True
61725;7;9;2;True
61726;4;9;5;True
61727;5;9;4;True
61728;3;6;3;True
61729;6;16;10;True
61730;2;4;2;True
61731;4;6;2;True
61732;8;16;8;True
61733;1;1;0;True
61734;4;12;8;True
61735;3;6;3;True
61736;0;0;0;True
61737;1;1;0;True
61738;3;9;6;True
61739;4;12;8;True
61740;2;2;0;True
61741;10;16;6;True
61742;5;12;7;True
61743;6;12;6;True
61744;2;4;2;True
61745;3;4;1;True
61746;3;9;6;True
61747;1;1;0;True
61748;3;6;3;True
61749;6;12;6;True
61750;5;9;4;True
61751;2;4;2;True
61752;9;16;7;True
61753;3;4;1;True
61754;6;12;6;True
61755;5;9;4;True
61756;2;2;0;True
61757;7;12;5;True
61758;4;6;2;True
61759;6;12;6;True
61760;4;12;8;True
61761;4;6;2;True
61762;0;0;0;True
61763;2;4;2;True
61764;9;16;7;True
61765;0;0;0;True
61766;6;9;3;True
61767;0;0;0;True
61768;4;6;2;True
61769;3;4;1;True
61770;3;6;3;True
61771;7;16;9;True
61772;3;6;3;True
61773;8;16;8;True
61774;4;9;5;True
61775;3;6;3;True
61776;5;9;4;True
61777;1;1;0;True
61778;1;1;0;True
61779;2;4;2;True
61780;3;6;3;True
61781;2;2;0;True
61782;3;4;1;True
61783;3;4;1;True
61784;3;6;3;True
61785;2;4;2;True
61786;4;6;2;True
61787;7;16;9;True
61788;9;16;7;True
61789;1;1;0;True
61790;2;4;2;True
61791;7;12;5;True
61792;2;2;0;True
61793;7;16;9;True
61794;3;6;3;True
61795;7;16;9;True
61796;0;0;0;True
61797;1;1;0;True
61798;3;6;3;True
61799;2;4;2;True
61800;4;12;8;True
61801;4;9;5;True
61802;2;4;2;True
61803;6;12;6;True
61804;7;12;5;True
61805;8;16;8;True
61806;4;9;5;True
61807;1;1;0;True
61808;1;1;0;True
61809;5;9;4;True
61810;0;0;0;True
61811;2;2;0;True
61812;3;4;1;True
61813;2;2;0;True
61814;0;0;0;True
61815;3;6;3;True
61816;5;8;3;True
61817;4;9;5;True
61818;2;4;2;True
61819;1;1;0;True
61820;2;2;0;True
61821;6;16;10;True
61822;7;12;5;True
61823;2;4;2;True
61824;3;6;3;True
61825;1;1;0;True
61826;3;6;3;True
61827;1;1;0;True
61828;6;12;6;True
61829;5;12;7;True
61830;5;12;7;True
61831;4;4;0;True
61832;5;12;7;True
61833;2;2;0;True
61834;7;16;9;True
61835;2;4;2;True
61836;5;12;7;True
61837;5;12;7;True
61838;1;1;0;True
61839;4;9;5;True
61840;7;12;5;True
61841;3;6;3;True
61842;3;6;3;True
61843;4;4;0;True
61844;6;16;10;True
61845;5;12;7;True
61846;1;1;0;True
61847;6;12;6;True
61848;2;2;0;True
61849;2;2;0;True
61850;2;4;2;True
61851;8;16;8;True
61852;4;6;2;True
61853;4;6;2;True
61854;4;6;2;True
61855;1;1;0;True
61856;2;4;2;True
61857;3;6;3;True
61858;3;6;3;True
61859;6;12;6;True
61860;3;4;1;True
61861;2;4;2;True
61862;4;9;5;True
61863;3;6;3;True
61864;5;9;4;True
61865;8;16;8;True
61866;4;6;2;True
61867;5;12;7;True
61868;2;2;0;True
61869;2;4;2;True
61870;3;6;3;True
61871;2;2;0;True
61872;7;12;5;True
61873;9;16;7;True
61874;8;16;8;True
61875;5;12;7;True
61876;3;6;3;True
61877;3;6;3;True
61878;2;2;0;True
61879;4;6;2;True
61880;4;9;5;True
61881;2;4;2;True
61882;4;9;5;True
61883;3;6;3;True
61884;0;0;0;True
61885;3;9;6;True
61886;3;6;3;True
61887;7;16;9;True
61888;3;6;3;True
61889;3;9;6;True
61890;2;4;2;True
61891;5;9;4;True
61892;6;12;6;True
61893;4;9;5;True
61894;4;9;5;True
61895;4;9;5;True
61896;6;16;10;True
61897;3;6;3;True
61898;4;6;2;True
61899;2;4;2;True
61900;6;12;6;True
61901;5;9;4;True
61902;7;16;9;True
61903;1;1;0;True
61904;4;6;2;True
61905;4;9;5;True
61906;4;12;8;True
61907;2;2;0;True
61908;6;12;6;True
61909;5;9;4;True
61910;6;12;6;True
61911;0;0;0;True
61912;1;1;0;True
61913;1;1;0;True
61914;6;12;6;True
61915;2;4;2;True
61916;4;4;0;True
61917;1;1;0;True
61918;2;4;2;True
61919;2;4;2;True
61920;2;4;2;True
61921;6;12;6;True
61922;5;9;4;True
61923;8;12;4;True
61924;1;1;0;True
61925;4;6;2;True
61926;0;0;0;True
61927;2;2;0;True
61928;2;4;2;True
61929;1;1;0;True
61930;6;12;6;True
61931;6;9;3;True
61932;2;2;0;True
61933;6;16;10;True
61934;5;16;11;True
61935;5;12;7;True
61936;4;9;5;True
61937;8;16;8;True
61938;6;9;3;True
61939;5;6;1;True
61940;2;2;0;True
61941;6;9;3;True
61942;3;4;1;True
61943;3;6;3;True
61944;4;6;2;True
61945;6;12;6;True
61946;4;6;2;True
61947;3;9;6;True
61948;1;1;0;True
61949;1;1;0;True
61950;2;2;0;True
61951;6;12;6;True
61952;1;1;0;True
61953;1;1;0;True
61954;4;6;2;True
61955;4;9;5;True
61956;4;6;2;True
61957;2;2;0;True
61958;2;4;2;True
61959;9;12;3;True
61960;5;9;4;True
61961;3;6;3;True
61962;3;3;0;True
61963;0;0;0;True
61964;7;12;5;True
61965;2;4;2;True
61966;7;12;5;True
61967;1;1;0;True
61968;8;16;8;True
61969;11;16;5;True
61970;7;12;5;True
61971;7;16;9;True
61972;3;6;3;True
61973;4;6;2;True
61974;6;12;6;True
61975;6;9;3;True
61976;3;6;3;True
61977;5;9;4;True
61978;1;1;0;True
61979;7;12;5;True
61980;2;4;2;True
61981;2;4;2;True
61982;2;2;0;True
61983;2;2;0;True
61984;6;9;3;True
61985;6;12;6;True
61986;4;6;2;True
61987;8;16;8;True
61988;3;4;1;True
61989;4;12;8;True
61990;3;6;3;True
61991;2;4;2;True
61992;4;9;5;True
61993;0;0;0;True
61994;3;6;3;True
61995;3;9;6;True
61996;0;0;0;True
61997;6;16;10;True
61998;3;6;3;True
61999;0;0;0;True
62000;8;12;4;True
62001;0;0;0;True
62002;1;1;0;True
62003;4;12;8;True
62004;8;16;8;True
62005;4;9;5;True
62006;2;4;2;True
62007;4;9;5;True
62008;1;1;0;True
62009;5;9;4;True
62010;5;9;4;True
62011;2;4;2;True
62012;5;9;4;True
62013;2;4;2;True
62014;6;16;10;True
62015;0;0;0;True
62016;0;0;0;True
62017;4;9;5;True
62018;1;1;0;True
62019;12;16;4;True
62020;2;4;2;True
62021;7;12;5;True
62022;6;12;6;True
62023;6;12;6;True
62024;3;4;1;True
62025;6;12;6;True
62026;1;1;0;True
62027;2;2;0;True
62028;0;0;0;True
62029;5;12;7;True
62030;6;12;6;True
62031;3;3;0;True
62032;1;1;0;True
62033;7;12;5;True
62034;4;12;8;True
62035;4;9;5;True
62036;2;2;0;True
62037;9;16;7;True
62038;2;4;2;True
62039;2;2;0;True
62040;7;9;2;True
62041;8;12;4;True
62042;4;12;8;True
62043;4;9;5;True
62044;4;8;4;True
62045;3;6;3;True
62046;5;12;7;True
62047;2;4;2;True
62048;1;1;0;True
62049;7;12;5;True
62050;3;6;3;True
62051;2;2;0;True
62052;1;1;0;True
62053;12;16;4;True
62054;2;4;2;True
62055;2;4;2;True
62056;3;6;3;True
62057;1;1;0;True
62058;2;4;2;True
62059;4;12;8;True
62060;6;9;3;True
62061;5;6;1;True
62062;5;12;7;True
62063;1;1;0;True
62064;2;2;0;True
62065;1;1;0;True
62066;0;0;0;True
62067;3;6;3;True
62068;2;4;2;True
62069;4;9;5;True
62070;4;9;5;True
62071;4;9;5;True
62072;2;2;0;True
62073;7;16;9;True
62074;2;4;2;True
62075;1;1;0;True
62076;9;16;7;True
62077;2;4;2;True
62078;1;1;0;True
62079;6;12;6;True
62080;2;2;0;True
62081;6;9;3;True
62082;1;1;0;True
62083;7;16;9;True
62084;0;0;0;True
62085;0;0;0;True
62086;5;9;4;True
62087;4;8;4;True
62088;2;4;2;True
62089;3;4;1;True
62090;7;9;2;True
62091;4;9;5;True
62092;4;6;2;True
62093;6;12;6;True
62094;7;12;5;True
62095;6;12;6;True
62096;2;2;0;True
62097;0;0;0;True
62098;6;9;3;True
62099;3;9;6;True
62100;5;12;7;True
62101;1;1;0;True
62102;5;6;1;True
62103;4;9;5;True
62104;3;4;1;True
62105;4;6;2;True
62106;1;1;0;True
62107;2;2;0;True
62108;2;4;2;True
62109;4;6;2;True
62110;5;12;7;True
62111;4;9;5;True
62112;4;8;4;True
62113;5;12;7;True
62114;6;12;6;True
62115;0;0;0;True
62116;4;12;8;True
62117;5;9;4;True
62118;1;1;0;True
62119;4;6;2;True
62120;4;9;5;True
62121;2;4;2;True
62122;1;1;0;True
62123;5;9;4;True
62124;8;16;8;True
62125;4;9;5;True
62126;6;9;3;True
62127;2;2;0;True
62128;4;9;5;True
62129;6;12;6;True
62130;3;4;1;True
62131;3;6;3;True
62132;3;4;1;True
62133;6;12;6;True
62134;5;12;7;True
62135;1;1;0;True
62136;4;6;2;True
62137;1;1;0;True
62138;0;0;0;True
62139;0;0;0;True
62140;3;6;3;True
62141;5;9;4;True
62142;3;6;3;True
62143;6;12;6;True
62144;4;6;2;True
62145;2;4;2;True
62146;6;9;3;True
62147;4;8;4;True
62148;3;6;3;True
62149;1;1;0;True
62150;3;9;6;True
62151;6;12;6;True
62152;6;16;10;True
62153;6;12;6;True
62154;4;6;2;True
62155;6;12;6;True
62156;6;16;10;True
62157;2;2;0;True
62158;3;6;3;True
62159;6;12;6;True
62160;5;12;7;True
62161;7;16;9;True
62162;4;6;2;True
62163;5;12;7;True
62164;3;9;6;True
62165;3;6;3;True
62166;4;9;5;True
62167;5;12;7;True
62168;9;16;7;True
62169;3;4;1;True
62170;2;2;0;True
62171;3;9;6;True
62172;3;9;6;True
62173;5;8;3;True
62174;6;16;10;True
62175;6;12;6;True
62176;1;1;0;True
62177;1;1;0;True
62178;1;1;0;True
62179;2;2;0;True
62180;6;16;10;True
62181;1;1;0;True
62182;5;12;7;True
62183;5;8;3;True
62184;3;4;1;True
62185;3;6;3;True
62186;4;6;2;True
62187;9;16;7;True
62188;4;6;2;True
62189;2;4;2;True
62190;3;6;3;True
62191;7;16;9;True
62192;3;4;1;True
62193;2;4;2;True
62194;1;1;0;True
62195;3;3;0;True
62196;2;4;2;True
62197;0;0;0;True
62198;5;12;7;True
62199;2;4;2;True
62200;2;4;2;True
62201;2;2;0;True
62202;1;1;0;True
62203;1;1;0;True
62204;8;16;8;True
62205;5;16;11;True
62206;4;9;5;True
62207;3;6;3;True
62208;7;12;5;True
62209;0;0;0;True
62210;9;16;7;True
62211;3;3;0;True
62212;1;1;0;True
62213;1;1;0;True
62214;2;4;2;True
62215;1;1;0;True
62216;1;1;0;True
62217;2;4;2;True
62218;4;9;5;True
62219;6;12;6;True
62220;8;16;8;True
62221;6;9;3;True
62222;3;4;1;True
62223;3;6;3;True
62224;0;0;0;True
62225;6;12;6;True
62226;4;12;8;True
62227;3;6;3;True
62228;1;1;0;True
62229;7;16;9;True
62230;3;6;3;True
62231;3;4;1;True
62232;7;16;9;True
62233;1;1;0;True
62234;5;8;3;True
62235;2;4;2;True
62236;3;9;6;True
62237;3;4;1;True
62238;1;1;0;True
62239;8;16;8;True
62240;3;6;3;True
62241;5;9;4;True
62242;6;16;10;True
62243;3;6;3;True
62244;3;6;3;True
62245;4;8;4;True
62246;1;1;0;True
62247;1;1;0;True
62248;7;9;2;True
62249;4;9;5;True
62250;6;9;3;True
62251;5;9;4;True
62252;1;1;0;True
62253;4;9;5;True
62254;1;1;0;True
62255;8;12;4;True
62256;0;0;0;True
62257;3;9;6;True
62258;3;9;6;True
62259;7;12;5;True
62260;4;12;8;True
62261;2;4;2;True
62262;0;0;0;True
62263;2;2;0;True
62264;6;16;10;True
62265;3;4;1;True
62266;5;9;4;True
62267;10;16;6;True
62268;6;16;10;True
62269;2;4;2;True
62270;6;9;3;True
62271;5;9;4;True
62272;4;6;2;True
62273;8;16;8;True
62274;6;9;3;True
62275;4;4;0;True
62276;2;2;0;True
62277;3;9;6;True
62278;0;0;0;True
62279;1;1;0;True
62280;7;16;9;True
62281;5;9;4;True
62282;1;1;0;True
62283;2;2;0;True
62284;0;0;0;True
62285;3;6;3;True
62286;1;1;0;True
62287;2;2;0;True
62288;1;1;0;True
62289;4;9;5;True
62290;3;6;3;True
62291;3;4;1;True
62292;4;9;5;True
62293;3;6;3;True
62294;1;1;0;True
62295;1;1;0;True
62296;3;9;6;True
62297;4;9;5;True
62298;3;6;3;True
62299;2;2;0;True
62300;4;12;8;True
62301;1;1;0;True
62302;2;4;2;True
62303;2;4;2;True
62304;2;4;2;True
62305;5;9;4;True
62306;5;6;1;True
62307;8;12;4;True
62308;2;2;0;True
62309;9;16;7;True
62310;9;16;7;True
62311;2;4;2;True
62312;6;16;10;True
62313;4;9;5;True
62314;5;9;4;True
62315;6;9;3;True
62316;5;9;4;True
62317;2;4;2;True
62318;4;9;5;True
62319;5;12;7;True
62320;3;4;1;True
62321;6;9;3;True
62322;5;16;11;True
62323;7;12;5;True
62324;1;1;0;True
62325;2;2;0;True
62326;7;12;5;True
62327;1;1;0;True
62328;9;16;7;True
62329;5;8;3;True
62330;1;1;0;True
62331;2;4;2;True
62332;0;0;0;True
62333;1;1;0;True
62334;4;9;5;True
62335;5;12;7;True
62336;5;9;4;True
62337;1;1;0;True
62338;0;0;0;True
62339;3;4;1;True
62340;6;12;6;True
62341;4;6;2;True
62342;4;9;5;True
62343;6;9;3;True
62344;5;6;1;True
62345;2;4;2;True
62346;4;6;2;True
62347;8;16;8;True
62348;5;12;7;True
62349;6;12;6;True
62350;6;12;6;True
62351;5;12;7;True
62352;5;9;4;True
62353;2;4;2;True
62354;10;16;6;True
62355;1;1;0;True
62356;6;16;10;True
62357;1;1;0;True
62358;4;9;5;True
62359;6;16;10;True
62360;2;2;0;True
62361;2;4;2;True
62362;7;9;2;True
62363;3;6;3;True
62364;1;1;0;True
62365;7;16;9;True
62366;2;2;0;True
62367;7;12;5;True
62368;5;9;4;True
62369;4;6;2;True
62370;3;9;6;True
62371;3;6;3;True
62372;1;1;0;True
62373;2;4;2;True
62374;8;12;4;True
62375;6;16;10;True
62376;1;1;0;True
62377;2;2;0;True
62378;6;9;3;True
62379;0;0;0;True
62380;4;9;5;True
62381;1;1;0;True
62382;2;4;2;True
62383;9;12;3;True
62384;5;12;7;True
62385;2;4;2;True
62386;5;12;7;True
62387;6;16;10;True
62388;1;1;0;True
62389;1;1;0;True
62390;5;12;7;True
62391;9;16;7;True
62392;4;9;5;True
62393;3;6;3;True
62394;4;6;2;True
62395;1;1;0;True
62396;3;9;6;True
62397;3;9;6;True
62398;2;4;2;True
62399;1;1;0;True
62400;2;2;0;True
62401;5;12;7;True
62402;3;9;6;True
62403;5;8;3;True
62404;0;0;0;True
62405;2;2;0;True
62406;7;16;9;True
62407;5;9;4;True
62408;7;12;5;True
62409;8;12;4;True
62410;6;12;6;True
62411;6;12;6;True
62412;6;9;3;True
62413;3;4;1;True
62414;2;4;2;True
62415;3;4;1;True
62416;5;9;4;True
62417;2;2;0;True
62418;2;2;0;True
62419;2;2;0;True
62420;0;0;0;True
62421;1;1;0;True
62422;7;12;5;True
62423;3;6;3;True
62424;10;16;6;True
62425;4;8;4;True
62426;7;16;9;True
62427;3;6;3;True
62428;3;4;1;True
62429;5;12;7;True
62430;4;6;2;True
62431;4;9;5;True
62432;3;6;3;True
62433;5;9;4;True
62434;2;4;2;True
62435;3;6;3;True
62436;5;12;7;True
62437;4;12;8;True
62438;3;9;6;True
62439;7;16;9;True
62440;2;4;2;True
62441;5;12;7;True
62442;4;9;5;True
62443;8;16;8;True
62444;1;1;0;True
62445;1;1;0;True
62446;6;16;10;True
62447;5;16;11;True
62448;4;9;5;True
62449;5;12;7;True
62450;1;1;0;True
62451;3;3;0;True
62452;4;9;5;True
62453;6;16;10;True
62454;1;1;0;True
62455;3;6;3;True
62456;6;9;3;True
62457;0;0;0;True
62458;2;2;0;True
62459;1;1;0;True
62460;5;9;4;True
62461;2;4;2;True
62462;3;6;3;True
62463;4;6;2;True
62464;5;16;11;True
62465;1;1;0;True
62466;0;0;0;True
62467;0;0;0;True
62468;11;16;5;True
62469;5;12;7;True
62470;4;9;5;True
62471;8;12;4;True
62472;5;12;7;True
62473;4;12;8;True
62474;4;12;8;True
62475;2;4;2;True
62476;7;12;5;True
62477;0;0;0;True
62478;5;9;4;True
62479;2;2;0;True
62480;5;12;7;True
62481;4;9;5;True
62482;2;4;2;True
62483;0;0;0;True
62484;8;12;4;True
62485;7;12;5;True
62486;1;1;0;True
62487;3;6;3;True
62488;4;9;5;True
62489;4;9;5;True
62490;1;1;0;True
62491;4;8;4;True
62492;4;12;8;True
62493;6;12;6;True
62494;2;4;2;True
62495;0;0;0;True
62496;2;2;0;True
62497;5;12;7;True
62498;1;1;0;True
62499;2;2;0;True
62500;6;16;10;True
62501;2;2;0;True
62502;6;16;10;True
62503;1;1;0;True
62504;9;16;7;True
62505;2;2;0;True
62506;3;9;6;True
62507;8;16;8;True
62508;4;9;5;True
62509;3;4;1;True
62510;5;9;4;True
62511;5;9;4;True
62512;2;4;2;True
62513;4;9;5;True
62514;4;9;5;True
62515;5;6;1;True
62516;1;1;0;True
62517;6;12;6;True
62518;2;4;2;True
62519;6;12;6;True
62520;5;8;3;True
62521;4;9;5;True
62522;5;12;7;True
62523;4;8;4;True
62524;4;6;2;True
62525;2;2;0;True
62526;3;6;3;True
62527;7;16;9;True
62528;7;16;9;True
62529;5;12;7;True
62530;3;6;3;True
62531;6;9;3;True
62532;4;6;2;True
62533;1;1;0;True
62534;3;9;6;True
62535;0;0;0;True
62536;8;12;4;True
62537;6;9;3;True
62538;4;6;2;True
62539;5;9;4;True
62540;3;4;1;True
62541;4;12;8;True
62542;4;9;5;True
62543;1;1;0;True
62544;1;1;0;True
62545;5;9;4;True
62546;5;9;4;True
62547;6;16;10;True
62548;1;1;0;True
62549;1;1;0;True
62550;2;4;2;True
62551;6;12;6;True
62552;4;6;2;True
62553;2;4;2;True
62554;1;1;0;True
62555;3;4;1;True
62556;2;2;0;True
62557;3;6;3;True
62558;5;6;1;True
62559;0;0;0;True
62560;1;1;0;True
62561;3;3;0;True
62562;4;6;2;True
62563;5;9;4;True
62564;2;4;2;True
62565;3;9;6;True
62566;4;12;8;True
62567;6;12;6;True
62568;2;2;0;True
62569;1;1;0;True
62570;4;8;4;True
62571;2;4;2;True
62572;5;9;4;True
62573;4;9;5;True
62574;6;16;10;True
62575;2;4;2;True
62576;5;12;7;True
62577;1;1;0;True
62578;5;9;4;True
62579;6;12;6;True
62580;7;16;9;True
62581;2;2;0;True
62582;2;2;0;True
62583;5;12;7;True
62584;1;1;0;True
62585;5;9;4;True
62586;3;6;3;True
62587;4;12;8;True
62588;4;12;8;True
62589;3;3;0;True
62590;4;9;5;True
62591;5;12;7;True
62592;0;0;0;True
62593;1;1;0;True
62594;5;9;4;True
62595;5;12;7;True
62596;4;6;2;True
62597;8;16;8;True
62598;4;6;2;True
62599;2;2;0;True
62600;7;16;9;True
62601;2;4;2;True
62602;2;4;2;True
62603;6;12;6;True
62604;4;9;5;True
62605;5;16;11;True
62606;4;8;4;True
62607;3;4;1;True
62608;3;9;6;True
62609;3;4;1;True
62610;4;9;5;True
62611;1;1;0;True
62612;5;9;4;True
62613;1;1;0;True
62614;5;9;4;True
62615;1;1;0;True
62616;4;9;5;True
62617;4;12;8;True
62618;2;2;0;True
62619;8;12;4;True
62620;6;9;3;True
62621;1;1;0;True
62622;1;1;0;True
62623;4;9;5;True
62624;5;12;7;True
62625;4;9;5;True
62626;4;12;8;True
62627;4;6;2;True
62628;4;8;4;True
62629;5;9;4;True
62630;3;6;3;True
62631;3;9;6;True
62632;2;4;2;True
62633;4;6;2;True
62634;3;4;1;True
62635;5;12;7;True
62636;3;6;3;True
62637;1;1;0;True
62638;2;4;2;True
62639;5;6;1;True
62640;3;6;3;True
62641;3;6;3;True
62642;5;6;1;True
62643;6;12;6;True
62644;2;4;2;True
62645;3;4;1;True
62646;2;4;2;True
62647;4;9;5;True
62648;5;16;11;True
62649;2;2;0;True
62650;1;1;0;True
62651;2;4;2;True
62652;0;0;0;True
62653;2;4;2;True
62654;4;8;4;True
62655;1;1;0;True
62656;1;1;0;True
62657;3;6;3;True
62658;2;2;0;True
62659;6;12;6;True
62660;0;0;0;True
62661;5;9;4;True
62662;1;1;0;True
62663;4;9;5;True
62664;5;12;7;True
62665;3;3;0;True
62666;5;9;4;True
62667;1;1;0;True
62668;5;12;7;True
62669;6;12;6;True
62670;2;4;2;True
62671;3;4;1;True
62672;8;16;8;True
62673;5;9;4;True
62674;3;6;3;True
62675;5;16;11;True
62676;3;4;1;True
62677;6;8;2;True
62678;4;9;5;True
62679;0;0;0;True
62680;4;12;8;True
62681;6;16;10;True
62682;3;6;3;True
62683;3;4;1;True
62684;1;1;0;True
62685;2;2;0;True
62686;5;12;7;True
62687;1;1;0;True
62688;2;2;0;True
62689;5;12;7;True
62690;4;9;5;True
62691;6;12;6;True
62692;4;9;5;True
62693;5;12;7;True
62694;1;1;0;True
62695;4;6;2;True
62696;3;6;3;True
62697;1;1;0;True
62698;3;4;1;True
62699;5;12;7;True
62700;2;4;2;True
62701;3;4;1;True
62702;2;2;0;True
62703;0;0;0;True
62704;2;4;2;True
62705;3;6;3;True
62706;2;4;2;True
62707;4;6;2;True
62708;1;1;0;True
62709;2;4;2;True
62710;4;9;5;True
62711;2;2;0;True
62712;7;16;9;True
62713;3;6;3;True
62714;3;6;3;True
62715;7;16;9;True
62716;0;0;0;True
62717;2;4;2;True
62718;4;9;5;True
62719;8;16;8;True
62720;6;12;6;True
62721;0;0;0;True
62722;1;1;0;True
62723;3;9;6;True
62724;2;4;2;True
62725;6;12;6;True
62726;3;6;3;True
62727;2;2;0;True
62728;1;1;0;True
62729;3;4;1;True
62730;2;4;2;True
62731;7;12;5;True
62732;2;4;2;True
62733;4;12;8;True
62734;0;0;0;True
62735;3;6;3;True
62736;3;6;3;True
62737;5;12;7;True
62738;8;16;8;True
62739;7;12;5;True
62740;4;6;2;True
62741;5;8;3;True
62742;2;2;0;True
62743;10;16;6;True
62744;0;0;0;True
62745;5;16;11;True
62746;2;4;2;True
62747;0;0;0;True
62748;2;2;0;True
62749;8;16;8;True
62750;4;9;5;True
62751;4;6;2;True
62752;2;4;2;True
62753;6;12;6;True
62754;3;6;3;True
62755;5;9;4;True
62756;5;16;11;True
62757;3;9;6;True
62758;7;12;5;True
62759;5;9;4;True
62760;5;8;3;True
62761;3;6;3;True
62762;11;16;5;True
62763;7;16;9;True
62764;2;4;2;True
62765;5;9;4;True
62766;5;9;4;True
62767;2;2;0;True
62768;5;12;7;True
62769;3;9;6;True
62770;4;6;2;True
62771;4;6;2;True
62772;3;9;6;True
62773;3;6;3;True
62774;6;12;6;True
62775;4;6;2;True
62776;2;2;0;True
62777;2;4;2;True
62778;6;16;10;True
62779;3;4;1;True
62780;4;6;2;True
62781;0;0;0;True
62782;6;12;6;True
62783;0;0;0;True
62784;3;4;1;True
62785;7;12;5;True
62786;2;4;2;True
62787;1;1;0;True
62788;3;6;3;True
62789;1;1;0;True
62790;3;9;6;True
62791;1;1;0;True
62792;4;9;5;True
62793;3;6;3;True
62794;5;16;11;True
62795;3;6;3;True
62796;3;3;0;True
62797;3;6;3;True
62798;4;6;2;True
62799;1;1;0;True
62800;3;9;6;True
62801;4;9;5;True
62802;1;1;0;True
62803;5;9;4;True
62804;1;1;0;True
62805;1;1;0;True
62806;3;4;1;True
62807;6;9;3;True
62808;0;0;0;True
62809;7;16;9;True
62810;5;9;4;True
62811;4;6;2;True
62812;2;2;0;True
62813;9;16;7;True
62814;1;1;0;True
62815;4;8;4;True
62816;4;9;5;True
62817;3;9;6;True
62818;4;6;2;True
62819;2;2;0;True
62820;5;9;4;True
62821;2;4;2;True
62822;5;9;4;True
62823;2;2;0;True
62824;5;6;1;True
62825;2;2;0;True
62826;4;9;5;True
62827;5;9;4;True
62828;6;12;6;True
62829;3;6;3;True
62830;4;9;5;True
62831;2;2;0;True
62832;5;12;7;True
62833;2;2;0;True
62834;0;0;0;True
62835;2;4;2;True
62836;3;6;3;True
62837;3;4;1;True
62838;9;16;7;True
62839;3;6;3;True
62840;1;1;0;True
62841;1;1;0;True
62842;6;16;10;True
62843;3;9;6;True
62844;4;9;5;True
62845;2;2;0;True
62846;0;0;0;True
62847;7;16;9;True
62848;1;1;0;True
62849;8;9;1;True
62850;1;1;0;True
62851;7;16;9;True
62852;5;12;7;True
62853;6;16;10;True
62854;5;9;4;True
62855;7;12;5;True
62856;5;12;7;True
62857;1;1;0;True
62858;3;6;3;True
62859;1;1;0;True
62860;2;4;2;True
62861;2;4;2;True
62862;2;4;2;True
62863;2;2;0;True
62864;1;1;0;True
62865;6;12;6;True
62866;2;4;2;True
62867;1;1;0;True
62868;5;12;7;True
62869;4;9;5;True
62870;2;4;2;True
62871;1;1;0;True
62872;1;1;0;True
62873;7;16;9;True
62874;9;16;7;True
62875;2;4;2;True
62876;6;12;6;True
62877;4;9;5;True
62878;3;9;6;True
62879;6;16;10;True
62880;3;6;3;True
62881;4;9;5;True
62882;7;12;5;True
62883;3;9;6;True
62884;3;6;3;True
62885;1;1;0;True
62886;1;1;0;True
62887;3;6;3;True
62888;3;9;6;True
62889;3;4;1;True
62890;2;2;0;True
62891;2;2;0;True
62892;5;9;4;True
62893;6;12;6;True
62894;8;16;8;True
62895;4;12;8;True
62896;3;6;3;True
62897;9;16;7;True
62898;2;4;2;True
62899;3;4;1;True
62900;5;8;3;True
62901;3;6;3;True
62902;2;4;2;True
62903;1;1;0;True
62904;5;6;1;True
62905;1;1;0;True
62906;3;4;1;True
62907;2;2;0;True
62908;2;4;2;True
62909;6;16;10;True
62910;5;9;4;True
62911;6;12;6;True
62912;4;9;5;True
62913;4;12;8;True
62914;1;1;0;True
62915;3;3;0;True
62916;3;6;3;True
62917;3;6;3;True
62918;1;1;0;True
62919;4;12;8;True
62920;2;4;2;True
62921;5;6;1;True
62922;6;16;10;True
62923;2;4;2;True
62924;4;9;5;True
62925;4;9;5;True
62926;3;4;1;True
62927;3;4;1;True
62928;2;2;0;True
62929;1;1;0;True
62930;2;2;0;True
62931;1;1;0;True
62932;4;6;2;True
62933;1;1;0;True
62934;5;12;7;True
62935;3;6;3;True
62936;5;9;4;True
62937;9;16;7;True
62938;7;16;9;True
62939;3;6;3;True
62940;4;12;8;True
62941;3;4;1;True
62942;2;4;2;True
62943;6;16;10;True
62944;5;9;4;True
62945;5;9;4;True
62946;3;4;1;True
62947;4;6;2;True
62948;1;1;0;True
62949;2;2;0;True
62950;5;12;7;True
62951;1;1;0;True
62952;4;8;4;True
62953;2;4;2;True
62954;0;0;0;True
62955;2;2;0;True
62956;4;9;5;True
62957;5;16;11;True
62958;5;9;4;True
62959;7;12;5;True
62960;4;8;4;True
62961;10;16;6;True
62962;4;12;8;True
62963;3;9;6;True
62964;1;1;0;True
62965;5;9;4;True
62966;7;12;5;True
62967;0;0;0;True
62968;1;1;0;True
62969;1;1;0;True
62970;5;9;4;True
62971;3;6;3;True
62972;4;9;5;True
62973;0;0;0;True
62974;2;2;0;True
62975;5;9;4;True
62976;1;1;0;True
62977;6;12;6;True
62978;3;9;6;True
62979;7;12;5;True
62980;2;2;0;True
62981;3;4;1;True
62982;7;16;9;True
62983;3;9;6;True
62984;6;16;10;True
62985;6;12;6;True
62986;2;4;2;True
62987;2;4;2;True
62988;2;4;2;True
62989;0;0;0;True
62990;4;8;4;True
62991;3;4;1;True
62992;5;12;7;True
62993;1;1;0;True
62994;2;4;2;True
62995;4;9;5;True
62996;3;4;1;True
62997;2;4;2;True
62998;5;8;3;True
62999;4;12;8;True
63000;1;1;0;True
63001;4;6;2;True
63002;0;0;0;True
63003;2;4;2;True
63004;4;9;5;True
63005;6;9;3;True
63006;5;9;4;True
63007;5;12;7;True
63008;5;9;4;True
63009;2;4;2;True
63010;2;4;2;True
63011;3;6;3;True
63012;3;9;6;True
63013;5;6;1;True
63014;4;6;2;True
63015;1;1;0;True
63016;8;12;4;True
63017;6;12;6;True
63018;4;6;2;True
63019;4;9;5;True
63020;1;1;0;True
63021;4;8;4;True
63022;5;6;1;True
63023;1;1;0;True
63024;5;12;7;True
63025;7;12;5;True
63026;2;4;2;True
63027;6;12;6;True
63028;0;0;0;True
63029;1;1;0;True
63030;5;9;4;True
63031;1;1;0;True
63032;6;16;10;True
63033;3;6;3;True
63034;4;6;2;True
63035;5;9;4;True
63036;2;4;2;True
63037;2;2;0;True
63038;5;9;4;True
63039;9;16;7;True
63040;3;6;3;True
63041;8;16;8;True
63042;2;4;2;True
63043;7;16;9;True
63044;2;2;0;True
63045;9;16;7;True
63046;7;16;9;True
63047;4;9;5;True
63048;4;9;5;True
63049;5;9;4;True
63050;3;4;1;True
63051;0;0;0;True
63052;3;4;1;True
63053;2;4;2;True
63054;3;6;3;True
63055;3;6;3;True
63056;1;1;0;True
63057;6;12;6;True
63058;6;12;6;True
63059;3;4;1;True
63060;3;9;6;True
63061;4;6;2;True
63062;9;16;7;True
63063;2;4;2;True
63064;9;16;7;True
63065;2;2;0;True
63066;5;12;7;True
63067;7;16;9;True
63068;2;2;0;True
63069;3;6;3;True
63070;1;1;0;True
63071;2;2;0;True
63072;3;6;3;True
63073;7;16;9;True
63074;5;9;4;True
63075;1;1;0;True
63076;5;9;4;True
63077;0;0;0;True
63078;1;1;0;True
63079;7;16;9;True
63080;1;1;0;True
63081;0;0;0;True
63082;2;2;0;True
63083;3;4;1;True
63084;0;0;0;True
63085;5;12;7;True
63086;6;16;10;True
63087;7;12;5;True
63088;6;12;6;True
63089;2;2;0;True
63090;2;4;2;True
63091;0;0;0;True
63092;5;9;4;True
63093;2;4;2;True
63094;2;2;0;True
63095;3;6;3;True
63096;4;8;4;True
63097;3;4;1;True
63098;2;2;0;True
63099;1;1;0;True
63100;1;1;0;True
63101;3;9;6;True
63102;3;9;6;True
63103;2;4;2;True
63104;8;12;4;True
63105;5;8;3;True
63106;5;9;4;True
63107;4;6;2;True
63108;4;8;4;True
63109;4;9;5;True
63110;1;1;0;True
63111;5;12;7;True
63112;4;12;8;True
63113;1;1;0;True
63114;3;6;3;True
63115;1;1;0;True
63116;4;6;2;True
63117;3;6;3;True
63118;4;6;2;True
63119;8;16;8;True
63120;5;9;4;True
63121;3;9;6;True
63122;2;4;2;True
63123;6;9;3;True
63124;3;6;3;True
63125;2;2;0;True
63126;1;1;0;True
63127;4;8;4;True
63128;7;12;5;True
63129;5;12;7;True
63130;0;0;0;True
63131;6;12;6;True
63132;0;0;0;True
63133;3;6;3;True
63134;6;12;6;True
63135;1;1;0;True
63136;2;4;2;True
63137;0;0;0;True
63138;3;9;6;True
63139;3;6;3;True
63140;3;6;3;True
63141;3;6;3;True
63142;3;4;1;True
63143;3;9;6;True
63144;2;2;0;True
63145;3;4;1;True
63146;9;16;7;True
63147;4;6;2;True
63148;6;16;10;True
63149;2;4;2;True
63150;2;4;2;True
63151;2;4;2;True
63152;3;4;1;True
63153;5;12;7;True
63154;2;4;2;True
63155;4;6;2;True
63156;9;16;7;True
63157;9;16;7;True
63158;3;6;3;True
63159;5;6;1;True
63160;3;9;6;True
63161;2;4;2;True
63162;2;4;2;True
63163;3;4;1;True
63164;8;16;8;True
63165;7;16;9;True
63166;8;16;8;True
63167;3;6;3;True
63168;5;9;4;True
63169;8;16;8;True
63170;1;1;0;True
63171;5;12;7;True
63172;5;12;7;True
63173;0;0;0;True
63174;4;9;5;True
63175;1;1;0;True
63176;2;4;2;True
63177;3;6;3;True
63178;2;4;2;True
63179;5;12;7;True
63180;9;16;7;True
63181;2;2;0;True
63182;2;2;0;True
63183;0;0;0;True
63184;4;12;8;True
63185;1;1;0;True
63186;5;6;1;True
63187;6;12;6;True
63188;2;4;2;True
63189;3;4;1;True
63190;3;6;3;True
63191;8;12;4;True
63192;2;4;2;True
63193;4;8;4;True
63194;3;6;3;True
63195;0;0;0;True
63196;3;6;3;True
63197;7;16;9;True
63198;2;4;2;True
63199;3;9;6;True
63200;1;1;0;True
63201;1;1;0;True
63202;3;6;3;True
63203;5;12;7;True
63204;1;1;0;True
63205;5;12;7;True
63206;6;12;6;True
63207;2;2;0;True
63208;8;16;8;True
63209;4;6;2;True
63210;4;6;2;True
63211;3;6;3;True
63212;3;6;3;True
63213;4;6;2;True
63214;2;2;0;True
63215;1;1;0;True
63216;5;6;1;True
63217;2;2;0;True
63218;3;6;3;True
63219;3;4;1;True
63220;8;16;8;True
63221;3;4;1;True
63222;4;9;5;True
63223;5;8;3;True
63224;7;12;5;True
63225;2;2;0;True
63226;1;1;0;True
63227;2;4;2;True
63228;6;16;10;True
63229;6;9;3;True
63230;1;1;0;True
63231;6;12;6;True
63232;0;0;0;True
63233;3;4;1;True
63234;9;16;7;True
63235;5;9;4;True
63236;1;1;0;True
63237;7;16;9;True
63238;2;2;0;True
63239;3;6;3;True
63240;0;0;0;True
63241;2;4;2;True
63242;4;9;5;True
63243;3;9;6;True
63244;1;1;0;True
63245;0;0;0;True
63246;1;1;0;True
63247;1;1;0;True
63248;2;2;0;True
63249;2;4;2;True
63250;1;1;0;True
63251;5;12;7;True
63252;1;1;0;True
63253;0;0;0;True
63254;2;4;2;True
63255;3;9;6;True
63256;1;1;0;True
63257;4;6;2;True
63258;2;4;2;True
63259;10;16;6;True
63260;3;6;3;True
63261;3;9;6;True
63262;5;8;3;True
63263;7;12;5;True
63264;6;12;6;True
63265;0;0;0;True
63266;1;1;0;True
63267;3;9;6;True
63268;8;16;8;True
63269;2;4;2;True
63270;3;6;3;True
63271;5;6;1;True
63272;7;9;2;True
63273;10;16;6;True
63274;1;1;0;True
63275;7;9;2;True
63276;3;4;1;True
63277;3;6;3;True
63278;5;9;4;True
63279;1;1;0;True
63280;6;12;6;True
63281;6;12;6;True
63282;7;12;5;True
63283;3;3;0;True
63284;2;4;2;True
63285;5;16;11;True
63286;4;9;5;True
63287;2;2;0;True
63288;3;9;6;True
63289;4;9;5;True
63290;6;12;6;True
63291;1;1;0;True
63292;1;1;0;True
63293;4;4;0;True
63294;0;0;0;True
63295;4;9;5;True
63296;2;4;2;True
63297;8;16;8;True
63298;7;16;9;True
63299;4;9;5;True
63300;6;9;3;True
63301;7;16;9;True
63302;8;12;4;True
63303;6;12;6;True
63304;2;2;0;True
63305;5;9;4;True
63306;6;9;3;True
63307;3;6;3;True
63308;3;6;3;True
63309;3;6;3;True
63310;4;9;5;True
63311;5;12;7;True
63312;1;1;0;True
63313;5;9;4;True
63314;3;9;6;True
63315;2;4;2;True
63316;1;1;0;True
63317;7;16;9;True
63318;5;12;7;True
63319;2;4;2;True
63320;3;6;3;True
63321;4;9;5;True
63322;5;9;4;True
63323;4;12;8;True
63324;4;9;5;True
63325;4;6;2;True
63326;4;9;5;True
63327;7;12;5;True
63328;1;1;0;True
63329;2;2;0;True
63330;4;9;5;True
63331;1;1;0;True
63332;3;4;1;True
63333;2;2;0;True
63334;3;6;3;True
63335;1;1;0;True
63336;4;8;4;True
63337;4;6;2;True
63338;4;9;5;True
63339;5;12;7;True
63340;2;2;0;True
63341;2;4;2;True
63342;7;12;5;True
63343;0;0;0;True
63344;4;6;2;True
63345;7;9;2;True
63346;3;6;3;True
63347;3;6;3;True
63348;3;6;3;True
63349;1;1;0;True
63350;7;12;5;True
63351;1;1;0;True
63352;3;4;1;True
63353;3;4;1;True
63354;3;6;3;True
63355;3;4;1;True
63356;3;4;1;True
63357;3;9;6;True
63358;7;16;9;True
63359;4;9;5;True
63360;4;12;8;True
63361;5;6;1;True
63362;6;9;3;True
63363;1;1;0;True
63364;7;12;5;True
63365;4;12;8;True
63366;5;6;1;True
63367;3;6;3;True
63368;3;6;3;True
63369;9;16;7;True
63370;0;0;0;True
63371;5;12;7;True
63372;2;4;2;True
63373;1;1;0;True
63374;5;9;4;True
63375;4;6;2;True
63376;4;6;2;True
63377;3;4;1;True
63378;1;1;0;True
63379;3;6;3;True
63380;5;12;7;True
63381;3;4;1;True
63382;4;9;5;True
63383;1;1;0;True
63384;2;4;2;True
63385;2;4;2;True
63386;5;9;4;True
63387;1;1;0;True
63388;1;1;0;True
63389;2;2;0;True
63390;1;1;0;True
63391;6;6;0;True
63392;3;4;1;True
63393;4;6;2;True
63394;4;4;0;True
63395;6;12;6;True
63396;5;8;3;True
63397;3;6;3;True
63398;1;1;0;True
63399;5;12;7;True
63400;2;4;2;True
63401;8;12;4;True
63402;2;4;2;True
63403;0;0;0;True
63404;6;12;6;True
63405;5;12;7;True
63406;5;9;4;True
63407;2;2;0;True
63408;5;12;7;True
63409;6;12;6;True
63410;8;16;8;True
63411;3;6;3;True
63412;7;12;5;True
63413;5;9;4;True
63414;5;12;7;True
63415;7;12;5;True
63416;5;8;3;True
63417;6;12;6;True
63418;8;16;8;True
63419;5;6;1;True
63420;2;4;2;True
63421;5;16;11;True
63422;1;1;0;True
63423;2;2;0;True
63424;6;16;10;True
63425;5;8;3;True
63426;1;1;0;True
63427;4;12;8;True
63428;2;2;0;True
63429;3;4;1;True
63430;4;6;2;True
63431;2;4;2;True
63432;3;9;6;True
63433;1;1;0;True
63434;1;1;0;True
63435;8;12;4;True
63436;3;6;3;True
63437;6;9;3;True
63438;5;8;3;True
63439;7;16;9;True
63440;2;4;2;True
63441;3;9;6;True
63442;7;12;5;True
63443;5;12;7;True
63444;1;1;0;True
63445;4;6;2;True
63446;5;12;7;True
63447;5;12;7;True
63448;3;9;6;True
63449;8;16;8;True
63450;2;2;0;True
63451;7;12;5;True
63452;9;16;7;True
63453;2;4;2;True
63454;4;6;2;True
63455;5;12;7;True
63456;3;4;1;True
63457;6;16;10;True
63458;6;12;6;True
63459;6;12;6;True
63460;1;1;0;True
63461;5;12;7;True
63462;4;12;8;True
63463;4;9;5;True
63464;2;4;2;True
63465;5;12;7;True
63466;8;16;8;True
63467;3;4;1;True
63468;3;3;0;True
63469;5;12;7;True
63470;5;16;11;True
63471;4;9;5;True
63472;2;2;0;True
63473;1;1;0;True
63474;6;12;6;True
63475;5;16;11;True
63476;5;12;7;True
63477;3;6;3;True
63478;4;9;5;True
63479;2;4;2;True
63480;5;9;4;True
63481;6;16;10;True
63482;7;12;5;True
63483;6;12;6;True
63484;5;9;4;True
63485;4;8;4;True
63486;1;1;0;True
63487;1;1;0;True
63488;4;9;5;True
63489;3;4;1;True
63490;6;16;10;True
63491;1;1;0;True
63492;3;6;3;True
63493;4;9;5;True
63494;4;9;5;True
63495;1;1;0;True
63496;6;16;10;True
63497;6;8;2;True
63498;6;12;6;True
63499;2;2;0;True
63500;1;1;0;True
63501;0;0;0;True
63502;1;1;0;True
63503;3;6;3;True
63504;6;9;3;True
63505;2;4;2;True
63506;7;12;5;True
63507;1;1;0;True
63508;3;4;1;True
63509;4;6;2;True
63510;0;0;0;True
63511;7;16;9;True
63512;4;9;5;True
63513;6;16;10;True
63514;1;1;0;True
63515;3;4;1;True
63516;2;2;0;True
63517;3;6;3;True
63518;0;0;0;True
63519;4;9;5;True
63520;1;1;0;True
63521;0;0;0;True
63522;3;4;1;True
63523;7;16;9;True
63524;7;16;9;True
63525;5;12;7;True
63526;2;4;2;True
63527;2;2;0;True
63528;3;4;1;True
63529;7;16;9;True
63530;4;4;0;True
63531;2;2;0;True
63532;7;12;5;True
63533;5;12;7;True
63534;8;16;8;True
63535;7;16;9;True
63536;6;16;10;True
63537;2;4;2;True
63538;0;0;0;True
63539;3;4;1;True
63540;0;0;0;True
63541;5;9;4;True
63542;6;12;6;True
63543;4;9;5;True
63544;3;4;1;True
63545;6;9;3;True
63546;6;16;10;True
63547;3;3;0;True
63548;7;12;5;True
63549;1;1;0;True
63550;1;1;0;True
63551;2;4;2;True
63552;6;16;10;True
63553;1;1;0;True
63554;6;12;6;True
63555;1;1;0;True
63556;2;2;0;True
63557;4;9;5;True
63558;5;12;7;True
63559;2;4;2;True
63560;3;6;3;True
63561;1;1;0;True
63562;6;12;6;True
63563;4;9;5;True
63564;7;12;5;True
63565;9;12;3;True
63566;3;6;3;True
63567;2;2;0;True
63568;2;2;0;True
63569;5;16;11;True
63570;7;12;5;True
63571;7;16;9;True
63572;5;16;11;True
63573;4;9;5;True
63574;3;6;3;True
63575;3;4;1;True
63576;5;9;4;True
63577;9;16;7;True
63578;6;12;6;True
63579;2;2;0;True
63580;4;9;5;True
63581;6;12;6;True
63582;4;9;5;True
63583;1;1;0;True
63584;2;2;0;True
63585;6;16;10;True
63586;6;9;3;True
63587;2;4;2;True
63588;1;1;0;True
63589;1;1;0;True
63590;6;12;6;True
63591;2;2;0;True
63592;6;12;6;True
63593;1;1;0;True
63594;3;9;6;True
63595;0;0;0;True
63596;1;1;0;True
63597;3;6;3;True
63598;1;1;0;True
63599;2;2;0;True
63600;1;1;0;True
63601;4;6;2;True
63602;4;12;8;True
63603;1;1;0;True
63604;3;6;3;True
63605;1;1;0;True
63606;3;4;1;True
63607;10;16;6;True
63608;0;0;0;True
63609;3;9;6;True
63610;8;12;4;True
63611;5;16;11;True
63612;4;12;8;True
63613;5;12;7;True
63614;6;12;6;True
63615;1;1;0;True
63616;1;1;0;True
63617;5;8;3;True
63618;9;16;7;True
63619;2;4;2;True
63620;4;8;4;True
63621;6;12;6;True
63622;2;4;2;True
63623;1;1;0;True
63624;3;6;3;True
63625;2;4;2;True
63626;8;16;8;True
63627;5;12;7;True
63628;6;12;6;True
63629;3;4;1;True
63630;3;4;1;True
63631;6;12;6;True
63632;1;1;0;True
63633;5;12;7;True
63634;5;12;7;True
63635;5;6;1;True
63636;3;4;1;True
63637;4;6;2;True
63638;4;6;2;True
63639;3;6;3;True
63640;8;16;8;True
63641;8;16;8;True
63642;5;6;1;True
63643;0;0;0;True
63644;2;4;2;True
63645;5;12;7;True
63646;7;16;9;True
63647;7;12;5;True
63648;1;1;0;True
63649;1;1;0;True
63650;5;12;7;True
63651;9;16;7;True
63652;4;12;8;True
63653;8;16;8;True
63654;4;12;8;True
63655;2;4;2;True
63656;6;16;10;True
63657;6;9;3;True
63658;5;12;7;True
63659;4;8;4;True
63660;6;16;10;True
63661;2;4;2;True
63662;2;2;0;True
63663;6;9;3;True
63664;2;4;2;True
63665;8;12;4;True
63666;4;6;2;True
63667;4;6;2;True
63668;1;1;0;True
63669;4;6;2;True
63670;3;9;6;True
63671;3;6;3;True
63672;6;12;6;True
63673;5;9;4;True
63674;1;1;0;True
63675;5;12;7;True
63676;2;4;2;True
63677;2;4;2;True
63678;2;4;2;True
63679;0;0;0;True
63680;6;16;10;True
63681;3;6;3;True
63682;7;16;9;True
63683;0;0;0;True
63684;6;12;6;True
63685;7;16;9;True
63686;3;6;3;True
63687;3;6;3;True
63688;2;2;0;True
63689;8;16;8;True
63690;5;9;4;True
63691;2;4;2;True
63692;1;1;0;True
63693;7;16;9;True
63694;2;4;2;True
63695;7;16;9;True
63696;4;8;4;True
63697;6;16;10;True
63698;8;16;8;True
63699;6;12;6;True
63700;7;12;5;True
63701;1;1;0;True
63702;2;4;2;True
63703;8;16;8;True
63704;2;2;0;True
63705;2;2;0;True
63706;6;9;3;True
63707;1;1;0;True
63708;3;6;3;True
63709;2;4;2;True
63710;4;9;5;True
63711;4;12;8;True
63712;1;1;0;True
63713;6;16;10;True
63714;1;1;0;True
63715;0;0;0;True
63716;3;6;3;True
63717;1;1;0;True
63718;6;9;3;True
63719;8;12;4;True
63720;0;0;0;True
63721;5;9;4;True
63722;1;1;0;True
63723;4;9;5;True
63724;3;6;3;True
63725;1;1;0;True
63726;3;6;3;True
63727;1;1;0;True
63728;1;1;0;True
63729;5;12;7;True
63730;7;16;9;True
63731;4;12;8;True
63732;2;4;2;True
63733;7;12;5;True
63734;4;6;2;True
63735;4;6;2;True
63736;2;4;2;True
63737;5;12;7;True
63738;6;12;6;True
63739;8;12;4;True
63740;7;12;5;True
63741;2;4;2;True
63742;2;4;2;True
63743;3;6;3;True
63744;3;6;3;True
63745;5;12;7;True
63746;4;9;5;True
63747;2;2;0;True
63748;1;1;0;True
63749;3;6;3;True
63750;8;16;8;True
63751;4;9;5;True
63752;3;3;0;True
63753;5;12;7;True
63754;0;0;0;True
63755;6;12;6;True
63756;2;4;2;True
63757;4;9;5;True
63758;6;12;6;True
63759;1;1;0;True
63760;4;6;2;True
63761;4;9;5;True
63762;4;6;2;True
63763;5;9;4;True
63764;1;1;0;True
63765;4;6;2;True
63766;4;9;5;True
63767;8;16;8;True
63768;6;12;6;True
63769;1;1;0;True
63770;4;6;2;True
63771;1;1;0;True
63772;1;1;0;True
63773;4;6;2;True
63774;2;2;0;True
63775;6;12;6;True
63776;0;0;0;True
63777;4;6;2;True
63778;1;1;0;True
63779;5;12;7;True
63780;0;0;0;True
63781;5;12;7;True
63782;4;6;2;True
63783;6;16;10;True
63784;4;9;5;True
63785;3;6;3;True
63786;3;6;3;True
63787;5;12;7;True
63788;2;4;2;True
63789;1;1;0;True
63790;3;6;3;True
63791;5;6;1;True
63792;4;8;4;True
63793;0;0;0;True
63794;4;6;2;True
63795;7;16;9;True
63796;1;1;0;True
63797;4;6;2;True
63798;2;4;2;True
63799;6;9;3;True
63800;2;2;0;True
63801;4;8;4;True
63802;2;2;0;True
63803;1;1;0;True
63804;2;4;2;True
63805;7;16;9;True
63806;3;4;1;True
63807;6;12;6;True
63808;2;4;2;True
63809;3;6;3;True
63810;4;9;5;True
63811;3;4;1;True
63812;6;12;6;True
63813;4;12;8;True
63814;0;0;0;True
63815;0;0;0;True
63816;3;6;3;True
63817;5;9;4;True
63818;2;2;0;True
63819;2;2;0;True
63820;1;1;0;True
63821;2;2;0;True
63822;1;1;0;True
63823;1;1;0;True
63824;6;12;6;True
63825;10;16;6;True
63826;1;1;0;True
63827;2;2;0;True
63828;4;6;2;True
63829;4;9;5;True
63830;9;12;3;True
63831;6;12;6;True
63832;2;4;2;True
63833;4;6;2;True
63834;1;1;0;True
63835;4;8;4;True
63836;6;12;6;True
63837;1;1;0;True
63838;2;4;2;True
63839;2;4;2;True
63840;4;9;5;True
63841;6;9;3;True
63842;4;9;5;True
63843;2;2;0;True
63844;4;8;4;True
63845;2;4;2;True
63846;6;12;6;True
63847;3;6;3;True
63848;1;1;0;True
63849;3;6;3;True
63850;4;9;5;True
63851;6;12;6;True
63852;7;16;9;True
63853;1;1;0;True
63854;7;12;5;True
63855;6;16;10;True
63856;3;4;1;True
63857;5;9;4;True
63858;4;12;8;True
63859;3;6;3;True
63860;0;0;0;True
63861;2;2;0;True
63862;4;6;2;True
63863;2;4;2;True
63864;1;1;0;True
63865;7;12;5;True
63866;5;6;1;True
63867;2;4;2;True
63868;4;6;2;True
63869;6;9;3;True
63870;1;1;0;True
63871;7;12;5;True
63872;6;16;10;True
63873;6;12;6;True
63874;3;6;3;True
63875;3;6;3;True
63876;3;6;3;True
63877;5;12;7;True
63878;5;6;1;True
63879;0;0;0;True
63880;5;12;7;True
63881;3;4;1;True
63882;4;9;5;True
63883;6;16;10;True
63884;5;9;4;True
63885;4;12;8;True
63886;7;16;9;True
63887;4;12;8;True
63888;2;2;0;True
63889;2;4;2;True
63890;6;8;2;True
63891;7;12;5;True
63892;1;1;0;True
63893;1;1;0;True
63894;1;1;0;True
63895;3;6;3;True
63896;2;4;2;True
63897;4;12;8;True
63898;2;2;0;True
63899;6;9;3;True
63900;6;12;6;True
63901;1;1;0;True
63902;5;12;7;True
63903;0;0;0;True
63904;0;0;0;True
63905;4;9;5;True
63906;1;1;0;True
63907;0;0;0;True
63908;4;6;2;True
63909;5;9;4;True
63910;5;12;7;True
63911;4;8;4;True
63912;1;1;0;True
63913;4;9;5;True
63914;0;0;0;True
63915;2;2;0;True
63916;2;4;2;True
63917;4;6;2;True
63918;3;6;3;True
63919;2;2;0;True
63920;6;12;6;True
63921;9;16;7;True
63922;6;12;6;True
63923;5;9;4;True
63924;5;8;3;True
63925;1;1;0;True
63926;4;8;4;True
63927;5;6;1;True
63928;4;9;5;True
63929;5;9;4;True
63930;4;9;5;True
63931;4;9;5;True
63932;5;9;4;True
63933;3;6;3;True
63934;0;0;0;True
63935;6;9;3;True
63936;1;1;0;True
63937;0;0;0;True
63938;3;4;1;True
63939;4;6;2;True
63940;2;4;2;True
63941;4;4;0;True
63942;2;4;2;True
63943;4;6;2;True
63944;7;9;2;True
63945;7;12;5;True
63946;4;9;5;True
63947;2;4;2;True
63948;4;8;4;True
63949;6;12;6;True
63950;2;4;2;True
63951;1;1;0;True
63952;7;16;9;True
63953;4;8;4;True
63954;3;9;6;True
63955;2;2;0;True
63956;0;0;0;True
63957;2;4;2;True
63958;2;4;2;True
63959;1;1;0;True
63960;1;1;0;True
63961;0;0;0;True
63962;2;4;2;True
63963;5;8;3;True
63964;3;4;1;True
63965;6;8;2;True
63966;0;0;0;True
63967;2;4;2;True
63968;5;12;7;True
63969;7;16;9;True
63970;5;9;4;True
63971;8;16;8;True
63972;2;4;2;True
63973;3;6;3;True
63974;4;6;2;True
63975;7;16;9;True
63976;4;9;5;True
63977;5;12;7;True
63978;0;0;0;True
63979;1;1;0;True
63980;2;4;2;True
63981;6;12;6;True
63982;2;4;2;True
63983;2;2;0;True
63984;3;6;3;True
63985;8;12;4;True
63986;7;12;5;True
63987;5;16;11;True
63988;6;16;10;True
63989;4;6;2;True
63990;0;0;0;True
63991;3;4;1;True
63992;2;4;2;True
63993;4;6;2;True
63994;3;4;1;True
63995;3;6;3;True
63996;2;4;2;True
63997;6;12;6;True
63998;6;8;2;True
63999;7;12;5;True
64000;3;6;3;True
64001;6;16;10;True
64002;3;6;3;True
64003;4;9;5;True
64004;4;6;2;True
64005;0;0;0;True
64006;5;9;4;True
64007;5;9;4;True
64008;0;0;0;True
64009;1;1;0;True
64010;7;12;5;True
64011;4;12;8;True
64012;2;4;2;True
64013;3;4;1;True
64014;0;0;0;True
64015;9;16;7;True
64016;4;6;2;True
64017;5;8;3;True
64018;7;12;5;True
64019;6;9;3;True
64020;4;6;2;True
64021;4;9;5;True
64022;5;12;7;True
64023;4;12;8;True
64024;2;4;2;True
64025;5;16;11;True
64026;2;4;2;True
64027;4;9;5;True
64028;1;1;0;True
64029;8;16;8;True
64030;4;9;5;True
64031;7;12;5;True
64032;3;9;6;True
64033;1;1;0;True
64034;1;1;0;True
64035;4;9;5;True
64036;5;12;7;True
64037;6;16;10;True
64038;2;4;2;True
64039;2;2;0;True
64040;8;12;4;True
64041;5;16;11;True
64042;2;4;2;True
64043;3;6;3;True
64044;4;6;2;True
64045;5;9;4;True
64046;7;12;5;True
64047;0;0;0;True
64048;6;16;10;True
64049;3;6;3;True
64050;6;12;6;True
64051;4;6;2;True
64052;2;4;2;True
64053;5;12;7;True
64054;3;4;1;True
64055;4;12;8;True
64056;4;9;5;True
64057;1;1;0;True
64058;6;12;6;True
64059;3;6;3;True
64060;4;9;5;True
64061;5;6;1;True
64062;3;4;1;True
64063;2;4;2;True
64064;2;2;0;True
64065;3;6;3;True
64066;6;9;3;True
64067;6;12;6;True
64068;2;2;0;True
64069;6;16;10;True
64070;4;9;5;True
64071;1;1;0;True
64072;4;8;4;True
64073;5;9;4;True
64074;1;1;0;True
64075;4;4;0;True
64076;4;6;2;True
64077;0;0;0;True
64078;0;0;0;True
64079;5;12;7;True
64080;3;6;3;True
64081;0;0;0;True
64082;2;2;0;True
64083;4;9;5;True
64084;5;12;7;True
64085;1;1;0;True
64086;4;6;2;True
64087;3;6;3;True
64088;4;12;8;True
64089;3;6;3;True
64090;6;16;10;True
64091;7;16;9;True
64092;7;12;5;True
64093;3;6;3;True
64094;1;1;0;True
64095;7;16;9;True
64096;7;16;9;True
64097;4;9;5;True
64098;4;6;2;True
64099;2;4;2;True
64100;1;1;0;True
64101;3;4;1;True
64102;0;0;0;True
64103;4;6;2;True
64104;1;1;0;True
64105;3;6;3;True
64106;0;0;0;True
64107;0;0;0;True
64108;8;16;8;True
64109;0;0;0;True
64110;2;4;2;True
64111;7;12;5;True
64112;4;8;4;True
64113;4;6;2;True
64114;10;16;6;True
64115;3;9;6;True
64116;0;0;0;True
64117;2;4;2;True
64118;4;9;5;True
64119;4;6;2;True
64120;1;1;0;True
64121;2;2;0;True
64122;1;1;0;True
64123;6;16;10;True
64124;2;4;2;True
64125;4;6;2;True
64126;4;6;2;True
64127;3;6;3;True
64128;2;4;2;True
64129;12;16;4;True
64130;1;1;0;True
64131;2;4;2;True
64132;6;12;6;True
64133;5;16;11;True
64134;5;9;4;True
64135;0;0;0;True
64136;2;2;0;True
64137;2;4;2;True
64138;2;4;2;True
64139;5;12;7;True
64140;3;4;1;True
64141;4;4;0;True
64142;6;12;6;True
64143;3;6;3;True
64144;1;1;0;True
64145;1;1;0;True
64146;1;1;0;True
64147;2;4;2;True
64148;6;12;6;True
64149;5;9;4;True
64150;2;2;0;True
64151;2;4;2;True
64152;6;16;10;True
64153;4;6;2;True
64154;1;1;0;True
64155;4;12;8;True
64156;6;12;6;True
64157;2;4;2;True
64158;5;9;4;True
64159;3;6;3;True
64160;4;9;5;True
64161;2;4;2;True
64162;4;12;8;True
64163;7;16;9;True
64164;2;4;2;True
64165;2;2;0;True
64166;2;4;2;True
64167;5;12;7;True
64168;7;12;5;True
64169;2;2;0;True
64170;1;1;0;True
64171;4;9;5;True
64172;2;2;0;True
64173;6;12;6;True
64174;6;9;3;True
64175;4;9;5;True
64176;5;6;1;True
64177;1;1;0;True
64178;3;4;1;True
64179;5;12;7;True
64180;6;9;3;True
64181;4;16;12;True
64182;4;6;2;True
64183;0;0;0;True
64184;10;16;6;True
64185;3;9;6;True
64186;3;3;0;True
64187;4;12;8;True
64188;3;4;1;True
64189;4;9;5;True
64190;6;12;6;True
64191;2;2;0;True
64192;3;6;3;True
64193;5;9;4;True
64194;0;0;0;True
64195;7;12;5;True
64196;2;4;2;True
64197;2;2;0;True
64198;7;9;2;True
64199;8;16;8;True
64200;5;9;4;True
64201;2;4;2;True
64202;3;6;3;True
64203;3;6;3;True
64204;3;9;6;True
64205;1;1;0;True
64206;1;1;0;True
64207;9;12;3;True
64208;6;16;10;True
64209;2;4;2;True
64210;3;3;0;True
64211;4;6;2;True
64212;4;6;2;True
64213;3;6;3;True
64214;7;12;5;True
64215;2;4;2;True
64216;2;4;2;True
64217;1;1;0;True
64218;0;0;0;True
64219;2;4;2;True
64220;2;4;2;True
64221;4;6;2;True
64222;3;9;6;True
64223;1;1;0;True
64224;2;2;0;True
64225;7;12;5;True
64226;1;1;0;True
64227;8;12;4;True
64228;2;2;0;True
64229;3;6;3;True
64230;3;6;3;True
64231;8;16;8;True
64232;2;4;2;True
64233;3;6;3;True
64234;2;4;2;True
64235;2;4;2;True
64236;6;12;6;True
64237;0;0;0;True
64238;4;6;2;True
64239;4;8;4;True
64240;5;12;7;True
64241;2;2;0;True
64242;3;6;3;True
64243;5;9;4;True
64244;6;12;6;True
64245;5;16;11;True
64246;1;1;0;True
64247;7;16;9;True
64248;3;4;1;True
64249;0;0;0;True
64250;3;4;1;True
64251;0;0;0;True
64252;4;8;4;True
64253;3;6;3;True
64254;3;9;6;True
64255;6;12;6;True
64256;5;9;4;True
64257;7;12;5;True
64258;2;2;0;True
64259;7;16;9;True
64260;6;12;6;True
64261;3;6;3;True
64262;4;6;2;True
64263;2;2;0;True
64264;5;8;3;True
64265;5;9;4;True
64266;2;2;0;True
64267;4;9;5;True
64268;2;2;0;True
64269;3;4;1;True
64270;6;12;6;True
64271;5;8;3;True
64272;2;4;2;True
64273;1;1;0;True
64274;1;1;0;True
64275;2;2;0;True
64276;3;4;1;True
64277;3;6;3;True
64278;7;12;5;True
64279;3;9;6;True
64280;5;9;4;True
64281;2;2;0;True
64282;3;9;6;True
64283;0;0;0;True
64284;9;16;7;True
64285;3;6;3;True
64286;3;4;1;True
64287;5;9;4;True
64288;2;4;2;True
64289;4;12;8;True
64290;2;4;2;True
64291;5;9;4;True
64292;1;1;0;True
64293;4;6;2;True
64294;1;1;0;True
64295;4;9;5;True
64296;5;12;7;True
64297;2;4;2;True
64298;4;6;2;True
64299;1;1;0;True
64300;2;4;2;True
64301;1;1;0;True
64302;5;12;7;True
64303;3;4;1;True
64304;3;6;3;True
64305;0;0;0;True
64306;7;16;9;True
64307;6;9;3;True
64308;5;12;7;True
64309;6;12;6;True
64310;6;12;6;True
64311;0;0;0;True
64312;1;1;0;True
64313;9;16;7;True
64314;1;1;0;True
64315;2;4;2;True
64316;1;1;0;True
64317;3;3;0;True
64318;2;2;0;True
64319;4;6;2;True
64320;3;4;1;True
64321;11;16;5;True
64322;5;8;3;True
64323;6;12;6;True
64324;3;4;1;True
64325;3;6;3;True
64326;4;12;8;True
64327;6;12;6;True
64328;3;9;6;True
64329;0;0;0;True
64330;1;1;0;True
64331;4;6;2;True
64332;8;16;8;True
64333;8;16;8;True
64334;5;9;4;True
64335;0;0;0;True
64336;3;6;3;True
64337;0;0;0;True
64338;7;16;9;True
64339;10;16;6;True
64340;5;12;7;True
64341;4;6;2;True
64342;6;16;10;True
64343;3;9;6;True
64344;2;4;2;True
64345;7;9;2;True
64346;6;16;10;True
64347;5;9;4;True
64348;7;12;5;True
64349;3;9;6;True
64350;1;1;0;True
64351;4;9;5;True
64352;8;12;4;True
64353;6;12;6;True
64354;3;6;3;True
64355;1;1;0;True
64356;2;2;0;True
64357;5;12;7;True
64358;1;1;0;True
64359;10;16;6;True
64360;4;8;4;True
64361;0;0;0;True
64362;7;16;9;True
64363;4;9;5;True
64364;3;4;1;True
64365;5;8;3;True
64366;6;12;6;True
64367;5;12;7;True
64368;3;6;3;True
64369;2;2;0;True
64370;0;0;0;True
64371;0;0;0;True
64372;0;0;0;True
64373;10;16;6;True
64374;4;6;2;True
64375;4;6;2;True
64376;3;9;6;True
64377;2;4;2;True
64378;5;9;4;True
64379;1;1;0;True
64380;4;6;2;True
64381;2;4;2;True
64382;6;9;3;True
64383;4;6;2;True
64384;3;6;3;True
64385;5;9;4;True
64386;5;9;4;True
64387;5;12;7;True
64388;2;2;0;True
64389;1;1;0;True
64390;6;12;6;True
64391;4;6;2;True
64392;5;8;3;True
64393;1;1;0;True
64394;1;1;0;True
64395;2;2;0;True
64396;7;12;5;True
64397;1;1;0;True
64398;6;9;3;True
64399;4;12;8;True
64400;0;0;0;True
64401;3;6;3;True
64402;6;12;6;True
64403;0;0;0;True
64404;2;4;2;True
64405;3;4;1;True
64406;6;12;6;True
64407;2;2;0;True
64408;8;16;8;True
64409;5;12;7;True
64410;1;1;0;True
64411;3;6;3;True
64412;4;9;5;True
64413;3;9;6;True
64414;1;1;0;True
64415;6;12;6;True
64416;6;16;10;True
64417;10;16;6;True
64418;5;12;7;True
64419;5;16;11;True
64420;7;12;5;True
64421;7;16;9;True
64422;4;9;5;True
64423;5;16;11;True
64424;5;6;1;True
64425;2;4;2;True
64426;1;1;0;True
64427;5;9;4;True
64428;2;2;0;True
64429;5;12;7;True
64430;6;9;3;True
64431;5;9;4;True
64432;0;0;0;True
64433;2;4;2;True
64434;2;4;2;True
64435;1;1;0;True
64436;6;12;6;True
64437;5;12;7;True
64438;1;1;0;True
64439;2;2;0;True
64440;2;4;2;True
64441;1;1;0;True
64442;9;16;7;True
64443;1;1;0;True
64444;10;16;6;True
64445;6;12;6;True
64446;2;4;2;True
64447;0;0;0;True
64448;2;2;0;True
64449;2;4;2;True
64450;1;1;0;True
64451;5;9;4;True
64452;3;6;3;True
64453;6;12;6;True
64454;2;4;2;True
64455;7;16;9;True
64456;8;16;8;True
64457;6;9;3;True
64458;4;6;2;True
64459;1;1;0;True
64460;2;2;0;True
64461;0;0;0;True
64462;3;6;3;True
64463;0;0;0;True
64464;4;12;8;True
64465;3;9;6;True
64466;3;6;3;True
64467;6;12;6;True
64468;5;8;3;True
64469;8;16;8;True
64470;4;9;5;True
64471;6;16;10;True
64472;1;1;0;True
64473;3;4;1;True
64474;5;8;3;True
64475;1;1;0;True
64476;5;9;4;True
64477;6;9;3;True
64478;5;9;4;True
64479;3;6;3;True
64480;5;9;4;True
64481;2;4;2;True
64482;1;1;0;True
64483;5;8;3;True
64484;7;16;9;True
64485;1;1;0;True
64486;5;9;4;True
64487;0;0;0;True
64488;5;12;7;True
64489;4;6;2;True
64490;5;9;4;True
64491;3;6;3;True
64492;5;9;4;True
64493;2;2;0;True
64494;3;6;3;True
64495;1;1;0;True
64496;3;4;1;True
64497;1;1;0;True
64498;7;16;9;True
64499;0;0;0;True
64500;3;3;0;True
64501;2;2;0;True
64502;5;9;4;True
64503;1;1;0;True
64504;6;16;10;True
64505;4;6;2;True
64506;7;16;9;True
64507;2;2;0;True
64508;1;1;0;True
64509;9;16;7;True
64510;3;9;6;True
64511;5;12;7;True
64512;0;0;0;True
64513;9;16;7;True
64514;3;6;3;True
64515;1;1;0;True
64516;5;8;3;True
64517;6;16;10;True
64518;5;12;7;True
64519;3;4;1;True
64520;2;2;0;True
64521;3;6;3;True
64522;1;1;0;True
64523;4;9;5;True
64524;3;4;1;True
64525;6;12;6;True
64526;5;12;7;True
64527;2;4;2;True
64528;2;4;2;True
64529;6;16;10;True
64530;1;1;0;True
64531;4;9;5;True
64532;2;4;2;True
64533;2;4;2;True
64534;2;2;0;True
64535;8;16;8;True
64536;1;1;0;True
64537;0;0;0;True
64538;1;1;0;True
64539;4;8;4;True
64540;1;1;0;True
64541;3;3;0;True
64542;4;9;5;True
64543;4;6;2;True
64544;3;6;3;True
64545;2;2;0;True
64546;5;9;4;True
64547;2;4;2;True
64548;4;9;5;True
64549;3;9;6;True
64550;4;9;5;True
64551;6;12;6;True
64552;1;1;0;True
64553;5;12;7;True
64554;0;0;0;True
64555;9;16;7;True
64556;4;9;5;True
64557;6;16;10;True
64558;5;16;11;True
64559;4;12;8;True
64560;2;4;2;True
64561;4;9;5;True
64562;1;1;0;True
64563;1;1;0;True
64564;1;1;0;True
64565;4;9;5;True
64566;2;4;2;True
64567;4;6;2;True
64568;7;12;5;True
64569;5;9;4;True
64570;5;9;4;True
64571;5;9;4;True
64572;1;1;0;True
64573;4;12;8;True
64574;4;6;2;True
64575;5;12;7;True
64576;2;4;2;True
64577;3;6;3;True
64578;8;16;8;True
64579;2;2;0;True
64580;3;6;3;True
64581;3;6;3;True
64582;2;4;2;True
64583;6;16;10;True
64584;4;9;5;True
64585;7;16;9;True
64586;5;12;7;True
64587;5;12;7;True
64588;0;0;0;True
64589;4;6;2;True
64590;6;12;6;True
64591;3;9;6;True
64592;3;3;0;True
64593;8;12;4;True
64594;6;16;10;True
64595;3;4;1;True
64596;2;4;2;True
64597;5;12;7;True
64598;4;9;5;True
64599;6;12;6;True
64600;5;8;3;True
64601;5;12;7;True
64602;5;16;11;True
64603;5;9;4;True
64604;4;9;5;True
64605;3;4;1;True
64606;6;12;6;True
64607;2;4;2;True
64608;1;1;0;True
64609;1;1;0;True
64610;8;16;8;True
64611;4;8;4;True
64612;6;16;10;True
64613;7;16;9;True
64614;4;9;5;True
64615;5;12;7;True
64616;1;1;0;True
64617;4;9;5;True
64618;2;4;2;True
64619;4;9;5;True
64620;5;16;11;True
64621;1;1;0;True
64622;5;8;3;True
64623;4;6;2;True
64624;3;6;3;True
64625;1;1;0;True
64626;4;9;5;True
64627;2;4;2;True
64628;4;9;5;True
64629;0;0;0;True
64630;1;1;0;True
64631;4;4;0;True
64632;5;9;4;True
64633;7;16;9;True
64634;5;12;7;True
64635;3;6;3;True
64636;4;9;5;True
64637;1;1;0;True
64638;3;6;3;True
64639;5;9;4;True
64640;4;6;2;True
64641;2;4;2;True
64642;8;16;8;True
64643;10;16;6;True
64644;0;0;0;True
64645;7;9;2;True
64646;3;3;0;True
64647;5;8;3;True
64648;2;4;2;True
64649;0;0;0;True
64650;2;4;2;True
64651;3;9;6;True
64652;4;9;5;True
64653;2;4;2;True
64654;5;9;4;True
64655;3;4;1;True
64656;2;4;2;True
64657;3;6;3;True
64658;6;16;10;True
64659;4;9;5;True
64660;7;12;5;True
64661;5;12;7;True
64662;3;6;3;True
64663;1;1;0;True
64664;6;12;6;True
64665;1;1;0;True
64666;3;6;3;True
64667;6;12;6;True
64668;4;9;5;True
64669;2;4;2;True
64670;8;16;8;True
64671;0;0;0;True
64672;2;4;2;True
64673;6;16;10;True
64674;5;12;7;True
64675;2;4;2;True
64676;6;16;10;True
64677;3;6;3;True
64678;7;16;9;True
64679;4;9;5;True
64680;2;2;0;True
64681;5;16;11;True
64682;7;12;5;True
64683;3;6;3;True
64684;0;0;0;True
64685;4;6;2;True
64686;4;8;4;True
64687;2;2;0;True
64688;5;12;7;True
64689;5;9;4;True
64690;2;4;2;True
64691;1;1;0;True
64692;5;12;7;True
64693;8;16;8;True
64694;3;6;3;True
64695;1;1;0;True
64696;4;4;0;True
64697;3;6;3;True
64698;0;0;0;True
64699;0;0;0;True
64700;2;2;0;True
64701;5;12;7;True
64702;1;1;0;True
64703;4;12;8;True
64704;6;12;6;True
64705;3;6;3;True
64706;3;4;1;True
64707;3;4;1;True
64708;1;1;0;True
64709;3;9;6;True
64710;4;12;8;True
64711;1;1;0;True
64712;1;1;0;True
64713;2;4;2;True
64714;3;9;6;True
64715;5;8;3;True
64716;2;2;0;True
64717;4;12;8;True
64718;8;16;8;True
64719;6;12;6;True
64720;5;9;4;True
64721;3;4;1;True
64722;5;16;11;True
64723;2;2;0;True
64724;7;16;9;True
64725;1;1;0;True
64726;7;16;9;True
64727;5;12;7;True
64728;8;16;8;True
64729;4;6;2;True
64730;7;12;5;True
64731;1;1;0;True
64732;1;1;0;True
64733;5;6;1;True
64734;2;2;0;True
64735;2;2;0;True
64736;5;9;4;True
64737;1;1;0;True
64738;0;0;0;True
64739;6;9;3;True
64740;0;0;0;True
64741;3;6;3;True
64742;5;12;7;True
64743;2;4;2;True
64744;5;9;4;True
64745;4;8;4;True
64746;0;0;0;True
64747;6;12;6;True
64748;7;12;5;True
64749;2;4;2;True
64750;0;0;0;True
64751;11;16;5;True
64752;10;12;2;True
64753;4;6;2;True
64754;5;6;1;True
64755;3;9;6;True
64756;2;2;0;True
64757;1;1;0;True
64758;2;4;2;True
64759;2;4;2;True
64760;2;2;0;True
64761;7;16;9;True
64762;4;9;5;True
64763;3;6;3;True
64764;2;4;2;True
64765;3;3;0;True
64766;2;4;2;True
64767;4;8;4;True
64768;3;9;6;True
64769;6;16;10;True
64770;5;12;7;True
64771;8;16;8;True
64772;1;1;0;True
64773;6;16;10;True
64774;2;2;0;True
64775;5;16;11;True
64776;3;6;3;True
64777;2;4;2;True
64778;3;6;3;True
64779;8;12;4;True
64780;3;9;6;True
64781;6;12;6;True
64782;0;0;0;True
64783;8;12;4;True
64784;4;6;2;True
64785;8;16;8;True
64786;2;4;2;True
64787;6;12;6;True
64788;1;1;0;True
64789;5;12;7;True
64790;3;3;0;True
64791;3;6;3;True
64792;6;12;6;True
64793;4;9;5;True
64794;7;16;9;True
64795;2;4;2;True
64796;1;1;0;True
64797;1;1;0;True
64798;2;4;2;True
64799;2;4;2;True
64800;1;1;0;True
64801;5;12;7;True
64802;1;1;0;True
64803;4;9;5;True
64804;5;8;3;True
64805;0;0;0;True
64806;1;1;0;True
64807;9;16;7;True
64808;1;1;0;True
64809;1;1;0;True
64810;3;4;1;True
64811;5;12;7;True
64812;4;6;2;True
64813;3;6;3;True
64814;0;0;0;True
64815;4;6;2;True
64816;4;6;2;True
64817;0;0;0;True
64818;3;3;0;True
64819;2;4;2;True
64820;6;16;10;True
64821;4;6;2;True
64822;1;1;0;True
64823;5;9;4;True
64824;5;9;4;True
64825;7;16;9;True
64826;5;9;4;True
64827;4;9;5;True
64828;3;6;3;True
64829;6;16;10;True
64830;5;8;3;True
64831;1;1;0;True
64832;7;12;5;True
64833;2;4;2;True
64834;5;12;7;True
64835;1;1;0;True
64836;1;1;0;True
64837;5;8;3;True
64838;5;12;7;True
64839;3;9;6;True
64840;4;6;2;True
64841;7;16;9;True
64842;0;0;0;True
64843;2;4;2;True
64844;1;1;0;True
64845;3;3;0;True
64846;3;6;3;True
64847;4;9;5;True
64848;3;4;1;True
64849;4;6;2;True
64850;5;12;7;True
64851;0;0;0;True
64852;3;6;3;True
64853;4;9;5;True
64854;5;16;11;True
64855;6;16;10;True
64856;2;2;0;True
64857;11;16;5;True
64858;1;1;0;True
64859;1;1;0;True
64860;3;4;1;True
64861;1;1;0;True
64862;0;0;0;True
64863;3;6;3;True
64864;5;8;3;True
64865;0;0;0;True
64866;6;16;10;True
64867;4;6;2;True
64868;3;4;1;True
64869;3;6;3;True
64870;2;4;2;True
64871;3;4;1;True
64872;1;1;0;True
64873;3;4;1;True
64874;3;6;3;True
64875;4;6;2;True
64876;4;6;2;True
64877;2;4;2;True
64878;4;9;5;True
64879;5;12;7;True
64880;4;6;2;True
64881;8;16;8;True
64882;4;6;2;True
64883;9;16;7;True
64884;4;9;5;True
64885;2;4;2;True
64886;4;9;5;True
64887;3;6;3;True
64888;5;12;7;True
64889;7;16;9;True
64890;2;4;2;True
64891;3;6;3;True
64892;6;12;6;True
64893;3;6;3;True
64894;4;12;8;True
64895;5;12;7;True
64896;1;1;0;True
64897;3;6;3;True
64898;4;12;8;True
64899;2;4;2;True
64900;3;6;3;True
64901;4;9;5;True
64902;4;9;5;True
64903;2;2;0;True
64904;5;9;4;True
64905;3;4;1;True
64906;4;6;2;True
64907;3;6;3;True
64908;6;12;6;True
64909;3;6;3;True
64910;6;16;10;True
64911;5;6;1;True
64912;5;6;1;True
64913;5;8;3;True
64914;8;16;8;True
64915;3;4;1;True
64916;2;2;0;True
64917;1;1;0;True
64918;7;12;5;True
64919;4;9;5;True
64920;4;8;4;True
64921;4;6;2;True
64922;3;6;3;True
64923;1;1;0;True
64924;2;4;2;True
64925;2;2;0;True
64926;3;4;1;True
64927;4;9;5;True
64928;9;16;7;True
64929;1;1;0;True
64930;9;16;7;True
64931;1;1;0;True
64932;1;1;0;True
64933;4;6;2;True
64934;9;16;7;True
64935;4;6;2;True
64936;5;16;11;True
64937;7;12;5;True
64938;4;8;4;True
64939;4;9;5;True
64940;9;16;7;True
64941;5;12;7;True
64942;3;4;1;True
64943;4;12;8;True
64944;3;6;3;True
64945;0;0;0;True
64946;0;0;0;True
64947;3;4;1;True
64948;0;0;0;True
64949;3;4;1;True
64950;3;6;3;True
64951;1;1;0;True
64952;6;12;6;True
64953;10;16;6;True
64954;9;16;7;True
64955;8;12;4;True
64956;3;9;6;True
64957;2;4;2;True
64958;4;9;5;True
64959;2;4;2;True
64960;3;6;3;True
64961;2;2;0;True
64962;0;0;0;True
64963;6;12;6;True
64964;8;16;8;True
64965;0;0;0;True
64966;3;6;3;True
64967;3;4;1;True
64968;4;8;4;True
64969;6;12;6;True
64970;4;9;5;True
64971;5;8;3;True
64972;3;9;6;True
64973;3;6;3;True
64974;1;1;0;True
64975;6;12;6;True
64976;1;1;0;True
64977;4;9;5;True
64978;1;1;0;True
64979;1;1;0;True
64980;0;0;0;True
64981;0;0;0;True
64982;9;16;7;True
64983;6;16;10;True
64984;1;1;0;True
64985;10;16;6;True
64986;4;12;8;True
64987;6;12;6;True
64988;3;4;1;True
64989;2;4;2;True
64990;6;12;6;True
64991;2;4;2;True
64992;5;16;11;True
64993;5;9;4;True
64994;5;8;3;True
64995;4;6;2;True
64996;2;4;2;True
64997;3;3;0;True
64998;1;1;0;True
64999;5;12;7;True
65000;7;12;5;True
65001;3;6;3;True
65002;6;12;6;True
65003;1;1;0;True
65004;4;12;8;True
65005;5;16;11;True
65006;3;6;3;True
65007;4;12;8;True
65008;2;4;2;True
65009;2;2;0;True
65010;5;8;3;True
65011;3;4;1;True
65012;7;12;5;True
65013;1;1;0;True
65014;12;16;4;True
65015;6;9;3;True
65016;6;9;3;True
65017;4;6;2;True
65018;4;9;5;True
65019;1;1;0;True
65020;4;9;5;True
65021;5;16;11;True
65022;2;2;0;True
65023;7;16;9;True
65024;3;9;6;True
65025;0;0;0;True
65026;3;6;3;True
65027;7;12;5;True
65028;6;12;6;True
65029;5;9;4;True
65030;2;4;2;True
65031;4;9;5;True
65032;3;6;3;True
65033;5;12;7;True
65034;0;0;0;True
65035;2;4;2;True
65036;1;1;0;True
65037;9;16;7;True
65038;4;8;4;True
65039;8;12;4;True
65040;7;12;5;True
65041;2;2;0;True
65042;0;0;0;True
65043;6;9;3;True
65044;2;4;2;True
65045;4;8;4;True
65046;0;0;0;True
65047;2;2;0;True
65048;3;6;3;True
65049;6;12;6;True
65050;4;9;5;True
65051;3;6;3;True
65052;4;9;5;True
65053;2;2;0;True
65054;7;12;5;True
65055;2;4;2;True
65056;4;9;5;True
65057;2;4;2;True
65058;8;12;4;True
65059;5;16;11;True
65060;5;9;4;True
65061;1;1;0;True
65062;6;16;10;True
65063;1;1;0;True
65064;6;12;6;True
65065;6;9;3;True
65066;4;12;8;True
65067;2;4;2;True
65068;4;12;8;True
65069;4;8;4;True
65070;5;12;7;True
65071;11;16;5;True
65072;0;0;0;True
65073;6;16;10;True
65074;3;6;3;True
65075;0;0;0;True
65076;7;16;9;True
65077;2;4;2;True
65078;0;0;0;True
65079;6;12;6;True
65080;8;16;8;True
65081;10;16;6;True
65082;4;6;2;True
65083;2;2;0;True
65084;7;12;5;True
65085;0;0;0;True
65086;2;2;0;True
65087;6;9;3;True
65088;1;1;0;True
65089;1;1;0;True
65090;3;4;1;True
65091;7;12;5;True
65092;2;4;2;True
65093;4;9;5;True
65094;2;2;0;True
65095;7;12;5;True
65096;7;12;5;True
65097;7;16;9;True
65098;8;16;8;True
65099;7;16;9;True
65100;5;9;4;True
65101;3;4;1;True
65102;6;12;6;True
65103;3;6;3;True
65104;3;9;6;True
65105;1;1;0;True
65106;1;1;0;True
65107;2;2;0;True
65108;3;6;3;True
65109;4;9;5;True
65110;4;8;4;True
65111;0;0;0;True
65112;3;4;1;True
65113;1;1;0;True
65114;4;12;8;True
65115;3;6;3;True
65116;4;12;8;True
65117;6;9;3;True
65118;8;16;8;True
65119;0;0;0;True
65120;6;16;10;True
65121;6;16;10;True
65122;4;6;2;True
65123;5;9;4;True
65124;2;2;0;True
65125;2;4;2;True
65126;8;16;8;True
65127;8;16;8;True
65128;1;1;0;True
65129;8;16;8;True
65130;5;8;3;True
65131;8;12;4;True
65132;5;6;1;True
65133;6;12;6;True
65134;2;4;2;True
65135;3;9;6;True
65136;2;4;2;True
65137;2;4;2;True
65138;2;2;0;True
65139;1;1;0;True
65140;1;1;0;True
65141;6;16;10;True
65142;3;4;1;True
65143;1;1;0;True
65144;2;4;2;True
65145;1;1;0;True
65146;4;6;2;True
65147;1;1;0;True
65148;3;3;0;True
65149;2;2;0;True
65150;2;4;2;True
65151;5;16;11;True
65152;3;3;0;True
65153;5;9;4;True
65154;7;9;2;True
65155;4;6;2;True
65156;3;3;0;True
65157;4;4;0;True
65158;6;12;6;True
65159;3;3;0;True
65160;7;16;9;True
65161;4;6;2;True
65162;4;6;2;True
65163;6;12;6;True
65164;0;0;0;True
65165;3;4;1;True
65166;2;4;2;True
65167;3;9;6;True
65168;4;6;2;True
65169;3;9;6;True
65170;2;4;2;True
65171;0;0;0;True
65172;4;6;2;True
65173;0;0;0;True
65174;5;12;7;True
65175;0;0;0;True
65176;2;2;0;True
65177;1;1;0;True
65178;11;16;5;True
65179;2;4;2;True
65180;4;9;5;True
65181;5;8;3;True
65182;3;4;1;True
65183;6;12;6;True
65184;7;12;5;True
65185;6;12;6;True
65186;7;12;5;True
65187;2;4;2;True
65188;4;8;4;True
65189;3;6;3;True
65190;5;16;11;True
65191;4;9;5;True
65192;5;12;7;True
65193;4;6;2;True
65194;3;9;6;True
65195;4;12;8;True
65196;7;16;9;True
65197;1;1;0;True
65198;6;12;6;True
65199;3;4;1;True
65200;5;12;7;True
65201;4;9;5;True
65202;4;12;8;True
65203;0;0;0;True
65204;4;9;5;True
65205;7;16;9;True
65206;3;9;6;True
65207;3;4;1;True
65208;2;4;2;True
65209;8;12;4;True
65210;4;9;5;True
65211;5;9;4;True
65212;6;12;6;True
65213;2;2;0;True
65214;0;0;0;True
65215;4;9;5;True
65216;3;3;0;True
65217;5;12;7;True
65218;6;12;6;True
65219;1;1;0;True
65220;3;4;1;True
65221;2;2;0;True
65222;8;16;8;True
65223;3;6;3;True
65224;5;9;4;True
65225;4;6;2;True
65226;4;9;5;True
65227;7;12;5;True
65228;2;4;2;True
65229;7;16;9;True
65230;0;0;0;True
65231;6;16;10;True
65232;1;1;0;True
65233;5;9;4;True
65234;4;12;8;True
65235;1;1;0;True
65236;2;4;2;True
65237;4;9;5;True
65238;3;3;0;True
65239;2;2;0;True
65240;2;4;2;True
65241;4;9;5;True
65242;5;9;4;True
65243;8;12;4;True
65244;2;2;0;True
65245;6;9;3;True
65246;3;4;1;True
65247;1;1;0;True
65248;3;9;6;True
65249;1;1;0;True
65250;6;16;10;True
65251;3;6;3;True
65252;3;6;3;True
65253;5;9;4;True
65254;5;16;11;True
65255;0;0;0;True
65256;3;4;1;True
65257;1;1;0;True
65258;1;1;0;True
65259;4;12;8;True
65260;3;4;1;True
65261;2;2;0;True
65262;2;2;0;True
65263;2;4;2;True
65264;5;12;7;True
65265;9;16;7;True
65266;4;8;4;True
65267;1;1;0;True
65268;8;16;8;True
65269;2;4;2;True
65270;3;9;6;True
65271;4;9;5;True
65272;2;4;2;True
65273;1;1;0;True
65274;2;4;2;True
65275;4;8;4;True
65276;2;2;0;True
65277;4;9;5;True
65278;4;6;2;True
65279;5;12;7;True
65280;6;12;6;True
65281;5;12;7;True
65282;0;0;0;True
65283;1;1;0;True
65284;3;6;3;True
65285;9;16;7;True
65286;4;8;4;True
65287;4;9;5;True
65288;2;4;2;True
65289;2;4;2;True
65290;4;9;5;True
65291;7;16;9;True
65292;4;6;2;True
65293;2;4;2;True
65294;2;4;2;True
65295;5;8;3;True
65296;1;1;0;True
65297;3;4;1;True
65298;5;9;4;True
65299;4;9;5;True
65300;7;12;5;True
65301;1;1;0;True
65302;1;1;0;True
65303;6;12;6;True
65304;4;12;8;True
65305;2;4;2;True
65306;1;1;0;True
65307;7;16;9;True
65308;4;12;8;True
65309;4;9;5;True
65310;3;6;3;True
65311;1;1;0;True
65312;0;0;0;True
65313;3;6;3;True
65314;2;4;2;True
65315;2;2;0;True
65316;5;12;7;True
65317;4;12;8;True
65318;4;9;5;True
65319;1;1;0;True
65320;2;4;2;True
65321;4;9;5;True
65322;3;6;3;True
65323;4;12;8;True
65324;4;9;5;True
65325;4;12;8;True
65326;5;8;3;True
65327;8;12;4;True
65328;3;4;1;True
65329;3;4;1;True
65330;2;2;0;True
65331;2;2;0;True
65332;3;9;6;True
65333;7;12;5;True
65334;7;16;9;True
65335;3;4;1;True
65336;3;3;0;True
65337;2;4;2;True
65338;6;12;6;True
65339;6;9;3;True
65340;7;16;9;True
65341;2;2;0;True
65342;2;2;0;True
65343;6;9;3;True
65344;2;2;0;True
65345;6;12;6;True
65346;3;6;3;True
65347;5;9;4;True
65348;4;6;2;True
65349;4;9;5;True
65350;7;16;9;True
65351;9;16;7;True
65352;2;4;2;True
65353;0;0;0;True
65354;5;12;7;True
65355;5;12;7;True
65356;0;0;0;True
65357;2;4;2;True
65358;8;9;1;True
65359;2;4;2;True
65360;6;9;3;True
65361;2;4;2;True
65362;0;0;0;True
65363;2;4;2;True
65364;6;16;10;True
65365;5;8;3;True
65366;2;4;2;True
65367;7;12;5;True
65368;2;4;2;True
65369;3;6;3;True
65370;0;0;0;True
65371;4;9;5;True
65372;7;16;9;True
65373;2;4;2;True
65374;0;0;0;True
65375;1;1;0;True
65376;4;9;5;True
65377;0;0;0;True
65378;3;4;1;True
65379;3;4;1;True
65380;3;9;6;True
65381;0;0;0;True
65382;4;16;12;True
65383;1;1;0;True
65384;6;8;2;True
65385;6;12;6;True
65386;5;16;11;True
65387;1;1;0;True
65388;2;2;0;True
65389;1;1;0;True
65390;3;6;3;True
65391;1;1;0;True
65392;4;8;4;True
65393;1;1;0;True
65394;3;3;0;True
65395;7;12;5;True
65396;5;6;1;True
65397;0;0;0;True
65398;4;16;12;True
65399;3;6;3;True
65400;7;12;5;True
65401;6;9;3;True
65402;6;12;6;True
65403;5;12;7;True
65404;7;16;9;True
65405;3;4;1;True
65406;3;6;3;True
65407;4;8;4;True
65408;1;1;0;True
65409;2;4;2;True
65410;6;9;3;True
65411;9;16;7;True
65412;1;1;0;True
65413;4;8;4;True
65414;2;2;0;True
65415;3;9;6;True
65416;7;12;5;True
65417;2;2;0;True
65418;3;4;1;True
65419;4;9;5;True
65420;3;6;3;True
65421;1;1;0;True
65422;3;6;3;True
65423;4;9;5;True
65424;1;1;0;True
65425;3;6;3;True
65426;4;9;5;True
65427;5;9;4;True
65428;1;1;0;True
65429;1;1;0;True
65430;5;8;3;True
65431;4;6;2;True
65432;3;3;0;True
65433;6;12;6;True
65434;3;4;1;True
65435;3;9;6;True
65436;9;12;3;True
65437;3;4;1;True
65438;0;0;0;True
65439;6;12;6;True
65440;0;0;0;True
65441;7;12;5;True
65442;2;4;2;True
65443;4;6;2;True
65444;5;12;7;True
65445;5;9;4;True
65446;6;12;6;True
65447;1;1;0;True
65448;1;1;0;True
65449;3;4;1;True
65450;5;9;4;True
65451;2;2;0;True
65452;2;2;0;True
65453;4;12;8;True
65454;3;4;1;True
65455;2;4;2;True
65456;3;6;3;True
65457;4;9;5;True
65458;0;0;0;True
65459;2;2;0;True
65460;9;16;7;True
65461;7;16;9;True
65462;5;9;4;True
65463;8;16;8;True
65464;5;9;4;True
65465;3;6;3;True
65466;5;12;7;True
65467;4;9;5;True
65468;9;16;7;True
65469;6;12;6;True
65470;5;9;4;True
65471;4;6;2;True
65472;5;12;7;True
65473;0;0;0;True
65474;3;4;1;True
65475;4;12;8;True
65476;2;4;2;True
65477;2;4;2;True
65478;5;12;7;True
65479;5;12;7;True
65480;3;6;3;True
65481;4;12;8;True
65482;5;12;7;True
65483;4;8;4;True
65484;6;12;6;True
65485;3;4;1;True
65486;4;6;2;True
65487;7;12;5;True
65488;2;4;2;True
65489;5;9;4;True
65490;5;12;7;True
65491;10;16;6;True
65492;1;1;0;True
65493;1;1;0;True
65494;2;2;0;True
65495;4;6;2;True
65496;1;1;0;True
65497;5;9;4;True
65498;5;9;4;True
65499;4;6;2;True
65500;6;9;3;True
65501;5;6;1;True
65502;1;1;0;True
65503;4;9;5;True
65504;7;16;9;True
65505;5;12;7;True
65506;3;6;3;True
65507;7;12;5;True
65508;2;2;0;True
65509;4;12;8;True
65510;2;4;2;True
65511;4;9;5;True
65512;4;9;5;True
65513;3;6;3;True
65514;1;1;0;True
65515;0;0;0;True
65516;1;1;0;True
65517;5;12;7;True
65518;4;12;8;True
65519;5;9;4;True
65520;4;6;2;True
65521;4;8;4;True
65522;0;0;0;True
65523;4;9;5;True
65524;8;16;8;True
65525;4;6;2;True
65526;4;6;2;True
65527;2;4;2;True
65528;5;12;7;True
65529;1;1;0;True
65530;1;1;0;True
65531;7;16;9;True
65532;3;9;6;True
65533;6;9;3;True
65534;2;4;2;True
65535;5;12;7;True
65536;6;9;3;True
65537;4;6;2;True
65538;2;4;2;True
65539;2;4;2;True
65540;6;9;3;True
65541;6;9;3;True
65542;0;0;0;True
65543;2;4;2;True
65544;2;2;0;True
65545;3;4;1;True
65546;1;1;0;True
65547;2;4;2;True
65548;3;6;3;True
65549;6;12;6;True
65550;3;9;6;True
65551;1;1;0;True
65552;2;4;2;True
65553;2;4;2;True
65554;6;8;2;True
65555;1;1;0;True
65556;7;16;9;True
65557;6;16;10;True
65558;4;6;2;True
65559;8;16;8;True
65560;4;8;4;True
65561;1;1;0;True
65562;4;9;5;True
65563;6;12;6;True
65564;8;16;8;True
65565;5;16;11;True
65566;1;1;0;True
65567;1;1;0;True
65568;6;16;10;True
65569;2;4;2;True
65570;9;16;7;True
65571;2;4;2;True
65572;5;8;3;True
65573;6;16;10;True
65574;7;16;9;True
65575;7;16;9;True
65576;0;0;0;True
65577;2;2;0;True
65578;8;12;4;True
65579;4;4;0;True
65580;4;9;5;True
65581;3;3;0;True
65582;2;4;2;True
65583;2;4;2;True
65584;7;12;5;True
65585;1;1;0;True
65586;1;1;0;True
65587;2;4;2;True
65588;8;16;8;True
65589;3;6;3;True
65590;4;6;2;True
65591;3;4;1;True
65592;7;12;5;True
65593;1;1;0;True
65594;8;12;4;True
65595;7;16;9;True
65596;6;16;10;True
65597;5;8;3;True
65598;1;1;0;True
65599;4;9;5;True
65600;6;12;6;True
65601;7;12;5;True
65602;1;1;0;True
65603;3;6;3;True
65604;7;16;9;True
65605;3;9;6;True
65606;5;12;7;True
65607;2;4;2;True
65608;4;9;5;True
65609;1;1;0;True
65610;3;9;6;True
65611;6;12;6;True
65612;2;4;2;True
65613;3;6;3;True
65614;10;16;6;True
65615;6;12;6;True
65616;2;4;2;True
65617;7;12;5;True
65618;0;0;0;True
65619;5;6;1;True
65620;4;9;5;True
65621;3;6;3;True
65622;1;1;0;True
65623;0;0;0;True
65624;3;3;0;True
65625;4;9;5;True
65626;3;6;3;True
65627;6;16;10;True
65628;5;9;4;True
65629;5;12;7;True
65630;6;16;10;True
65631;1;1;0;True
65632;6;12;6;True
65633;4;6;2;True
65634;5;9;4;True
65635;3;9;6;True
65636;1;1;0;True
65637;5;9;4;True
65638;1;1;0;True
65639;4;12;8;True
65640;4;6;2;True
65641;2;4;2;True
65642;6;12;6;True
65643;4;12;8;True
65644;3;4;1;True
65645;2;2;0;True
65646;1;1;0;True
65647;6;16;10;True
65648;1;1;0;True
65649;4;9;5;True
65650;1;1;0;True
65651;6;16;10;True
65652;3;4;1;True
65653;3;3;0;True
65654;3;4;1;True
65655;3;3;0;True
65656;3;4;1;True
65657;7;16;9;True
65658;0;0;0;True
65659;1;1;0;True
65660;5;9;4;True
65661;10;16;6;True
65662;4;6;2;True
65663;2;2;0;True
65664;1;1;0;True
65665;2;4;2;True
65666;3;3;0;True
65667;6;12;6;True
65668;4;8;4;True
65669;6;12;6;True
65670;4;9;5;True
65671;2;4;2;True
65672;6;12;6;True
65673;5;9;4;True
65674;5;12;7;True
65675;2;4;2;True
65676;2;2;0;True
65677;1;1;0;True
65678;4;6;2;True
65679;4;6;2;True
65680;5;12;7;True
65681;6;12;6;True
65682;4;6;2;True
65683;2;2;0;True
65684;1;1;0;True
65685;5;12;7;True
65686;9;16;7;True
65687;10;16;6;True
65688;7;12;5;True
65689;3;6;3;True
65690;2;4;2;True
65691;1;1;0;True
65692;4;9;5;True
65693;0;0;0;True
65694;2;2;0;True
65695;3;9;6;True
65696;9;12;3;True
65697;2;4;2;True
65698;6;12;6;True
65699;3;4;1;True
65700;6;12;6;True
65701;4;9;5;True
65702;1;1;0;True
65703;1;1;0;True
65704;5;12;7;True
65705;4;9;5;True
65706;9;16;7;True
65707;4;9;5;True
65708;6;12;6;True
65709;0;0;0;True
65710;2;4;2;True
65711;7;12;5;True
65712;2;2;0;True
65713;2;4;2;True
65714;3;6;3;True
65715;5;12;7;True
65716;2;4;2;True
65717;4;9;5;True
65718;0;0;0;True
65719;5;9;4;True
65720;4;9;5;True
65721;7;9;2;True
65722;1;1;0;True
65723;5;12;7;True
65724;3;6;3;True
65725;4;8;4;True
65726;6;9;3;True
65727;8;16;8;True
65728;4;6;2;True
65729;6;12;6;True
65730;1;1;0;True
65731;5;9;4;True
65732;4;9;5;True
65733;4;6;2;True
65734;2;4;2;True
65735;3;6;3;True
65736;3;9;6;True
65737;2;4;2;True
65738;3;6;3;True
65739;7;16;9;True
65740;8;16;8;True
65741;2;4;2;True
65742;5;12;7;True
65743;5;9;4;True
65744;4;12;8;True
65745;3;3;0;True
65746;1;1;0;True
65747;7;12;5;True
65748;7;9;2;True
65749;4;6;2;True
65750;0;0;0;True
65751;0;0;0;True
65752;1;1;0;True
65753;1;1;0;True
65754;3;6;3;True
65755;6;12;6;True
65756;3;6;3;True
65757;3;6;3;True
65758;3;6;3;True
65759;2;4;2;True
65760;5;9;4;True
65761;8;16;8;True
65762;2;2;0;True
65763;3;4;1;True
65764;5;12;7;True
65765;7;12;5;True
65766;0;0;0;True
65767;7;16;9;True
65768;3;9;6;True
65769;2;4;2;True
65770;5;12;7;True
65771;4;6;2;True
65772;8;16;8;True
65773;8;12;4;True
65774;5;9;4;True
65775;6;12;6;True
65776;1;1;0;True
65777;4;8;4;True
65778;4;8;4;True
65779;2;2;0;True
65780;6;8;2;True
65781;5;16;11;True
65782;2;2;0;True
65783;3;6;3;True
65784;4;9;5;True
65785;2;4;2;True
65786;7;12;5;True
65787;4;6;2;True
65788;7;12;5;True
65789;1;1;0;True
65790;3;9;6;True
65791;2;2;0;True
65792;4;4;0;True
65793;4;6;2;True
65794;5;12;7;True
65795;3;6;3;True
65796;6;12;6;True
65797;6;12;6;True
65798;4;6;2;True
65799;3;9;6;True
65800;2;4;2;True
65801;6;12;6;True
65802;3;6;3;True
65803;2;2;0;True
65804;3;9;6;True
65805;9;16;7;True
65806;5;9;4;True
65807;3;6;3;True
65808;0;0;0;True
65809;1;1;0;True
65810;5;9;4;True
65811;3;9;6;True
65812;1;1;0;True
65813;0;0;0;True
65814;3;6;3;True
65815;3;6;3;True
65816;2;4;2;True
65817;3;6;3;True
65818;1;1;0;True
65819;0;0;0;True
65820;1;1;0;True
65821;1;1;0;True
65822;8;16;8;True
65823;4;9;5;True
65824;3;4;1;True
65825;3;6;3;True
65826;4;6;2;True
65827;4;6;2;True
65828;3;6;3;True
65829;2;4;2;True
65830;4;8;4;True
65831;7;16;9;True
65832;0;0;0;True
65833;5;6;1;True
65834;1;1;0;True
65835;2;4;2;True
65836;1;1;0;True
65837;4;9;5;True
65838;4;9;5;True
65839;0;0;0;True
65840;2;2;0;True
65841;4;6;2;True
65842;9;16;7;True
65843;2;4;2;True
65844;3;6;3;True
65845;1;1;0;True
65846;5;12;7;True
65847;5;16;11;True
65848;7;12;5;True
65849;4;6;2;True
65850;7;16;9;True
65851;7;16;9;True
65852;3;4;1;True
65853;2;2;0;True
65854;5;12;7;True
65855;7;16;9;True
65856;7;12;5;True
65857;2;2;0;True
65858;2;2;0;True
65859;6;9;3;True
65860;2;2;0;True
65861;1;1;0;True
65862;6;12;6;True
65863;5;12;7;True
65864;0;0;0;True
65865;5;12;7;True
65866;2;4;2;True
65867;5;8;3;True
65868;1;1;0;True
65869;2;4;2;True
65870;2;4;2;True
65871;5;6;1;True
65872;6;8;2;True
65873;2;2;0;True
65874;8;16;8;True
65875;3;3;0;True
65876;3;6;3;True
65877;7;12;5;True
65878;2;4;2;True
65879;7;12;5;True
65880;2;4;2;True
65881;0;0;0;True
65882;2;4;2;True
65883;0;0;0;True
65884;2;4;2;True
65885;7;12;5;True
65886;6;12;6;True
65887;5;6;1;True
65888;3;6;3;True
65889;4;9;5;True
65890;0;0;0;True
65891;0;0;0;True
65892;3;6;3;True
65893;0;0;0;True
65894;3;6;3;True
65895;2;4;2;True
65896;6;12;6;True
65897;3;4;1;True
65898;6;9;3;True
65899;1;1;0;True
65900;7;12;5;True
65901;9;16;7;True
65902;4;9;5;True
65903;5;6;1;True
65904;4;6;2;True
65905;0;0;0;True
65906;2;4;2;True
65907;5;12;7;True
65908;2;4;2;True
65909;0;0;0;True
65910;5;9;4;True
65911;4;9;5;True
65912;4;9;5;True
65913;4;9;5;True
65914;6;16;10;True
65915;4;9;5;True
65916;8;16;8;True
65917;7;12;5;True
65918;1;1;0;True
65919;4;16;12;True
65920;0;0;0;True
65921;2;2;0;True
65922;6;12;6;True
65923;5;9;4;True
65924;4;8;4;True
65925;3;6;3;True
65926;0;0;0;True
65927;3;6;3;True
65928;7;16;9;True
65929;6;12;6;True
65930;2;2;0;True
65931;5;8;3;True
65932;8;16;8;True
65933;1;1;0;True
65934;3;6;3;True
65935;7;12;5;True
65936;2;4;2;True
65937;8;16;8;True
65938;1;1;0;True
65939;4;8;4;True
65940;1;1;0;True
65941;11;16;5;True
65942;3;6;3;True
65943;6;9;3;True
65944;2;4;2;True
65945;4;12;8;True
65946;2;4;2;True
65947;2;2;0;True
65948;7;16;9;True
65949;1;1;0;True
65950;0;0;0;True
65951;2;4;2;True
65952;3;6;3;True
65953;5;9;4;True
65954;1;1;0;True
65955;3;6;3;True
65956;5;12;7;True
65957;5;12;7;True
65958;0;0;0;True
65959;1;1;0;True
65960;2;2;0;True
65961;4;9;5;True
65962;4;9;5;True
65963;1;1;0;True
65964;4;12;8;True
65965;4;9;5;True
65966;4;6;2;True
65967;4;6;2;True
65968;4;9;5;True
65969;1;1;0;True
65970;5;9;4;True
65971;3;4;1;True
65972;8;16;8;True
65973;1;1;0;True
65974;2;2;0;True
65975;4;12;8;True
65976;4;9;5;True
65977;2;4;2;True
65978;4;6;2;True
65979;5;9;4;True
65980;8;16;8;True
65981;9;16;7;True
65982;1;1;0;True
65983;10;16;6;True
65984;5;12;7;True
65985;7;16;9;True
65986;3;9;6;True
65987;6;16;10;True
65988;3;6;3;True
65989;2;4;2;True
65990;7;16;9;True
65991;3;6;3;True
65992;1;1;0;True
65993;3;9;6;True
65994;3;9;6;True
65995;6;12;6;True
65996;3;6;3;True
65997;5;12;7;True
65998;8;12;4;True
65999;4;8;4;True
66000;3;9;6;True
66001;2;4;2;True
66002;4;9;5;True
66003;2;2;0;True
66004;0;0;0;True
66005;1;1;0;True
66006;4;9;5;True
66007;2;4;2;True
66008;3;4;1;True
66009;6;12;6;True
66010;4;4;0;True
66011;5;12;7;True
66012;4;9;5;True
66013;5;16;11;True
66014;1;1;0;True
66015;2;4;2;True
66016;1;1;0;True
66017;5;12;7;True
66018;6;8;2;True
66019;6;12;6;True
66020;7;16;9;True
66021;0;0;0;True
66022;5;12;7;True
66023;3;6;3;True
66024;1;1;0;True
66025;8;12;4;True
66026;2;2;0;True
66027;2;2;0;True
66028;7;16;9;True
66029;1;1;0;True
66030;5;12;7;True
66031;3;6;3;True
66032;3;6;3;True
66033;1;1;0;True
66034;2;4;2;True
66035;3;6;3;True
66036;1;1;0;True
66037;1;1;0;True
66038;3;3;0;True
66039;2;4;2;True
66040;6;16;10;True
66041;2;2;0;True
66042;3;6;3;True
66043;9;12;3;True
66044;4;9;5;True
66045;2;2;0;True
66046;8;12;4;True
66047;6;12;6;True
66048;11;16;5;True
66049;4;6;2;True
66050;3;6;3;True
66051;0;0;0;True
66052;3;6;3;True
66053;2;2;0;True
66054;4;9;5;True
66055;1;1;0;True
66056;6;16;10;True
66057;5;12;7;True
66058;2;2;0;True
66059;5;9;4;True
66060;4;9;5;True
66061;5;12;7;True
66062;5;12;7;True
66063;4;9;5;True
66064;8;16;8;True
66065;5;9;4;True
66066;5;6;1;True
66067;3;6;3;True
66068;2;2;0;True
66069;1;1;0;True
66070;2;2;0;True
66071;2;2;0;True
66072;6;12;6;True
66073;4;9;5;True
66074;3;9;6;True
66075;2;4;2;True
66076;1;1;0;True
66077;3;6;3;True
66078;5;9;4;True
66079;4;9;5;True
66080;1;1;0;True
66081;6;12;6;True
66082;5;12;7;True
66083;5;9;4;True
66084;5;9;4;True
66085;3;6;3;True
66086;7;12;5;True
66087;3;4;1;True
66088;4;12;8;True
66089;0;0;0;True
66090;5;6;1;True
66091;3;4;1;True
66092;7;16;9;True
66093;2;4;2;True
66094;5;12;7;True
66095;3;6;3;True
66096;4;9;5;True
66097;5;12;7;True
66098;1;1;0;True
66099;2;4;2;True
66100;1;1;0;True
66101;2;4;2;True
66102;3;6;3;True
66103;4;8;4;True
66104;5;12;7;True
66105;7;12;5;True
66106;6;16;10;True
66107;6;12;6;True
66108;3;4;1;True
66109;6;12;6;True
66110;3;6;3;True
66111;4;9;5;True
66112;0;0;0;True
66113;0;0;0;True
66114;0;0;0;True
66115;2;4;2;True
66116;1;1;0;True
66117;8;16;8;True
66118;4;6;2;True
66119;1;1;0;True
66120;1;1;0;True
66121;6;12;6;True
66122;1;1;0;True
66123;1;1;0;True
66124;7;12;5;True
66125;4;12;8;True
66126;2;4;2;True
66127;4;6;2;True
66128;7;16;9;True
66129;3;6;3;True
66130;8;12;4;True
66131;1;1;0;True
66132;4;6;2;True
66133;1;1;0;True
66134;2;4;2;True
66135;3;9;6;True
66136;0;0;0;True
66137;1;1;0;True
66138;5;12;7;True
66139;4;9;5;True
66140;2;4;2;True
66141;2;2;0;True
66142;2;2;0;True
66143;4;9;5;True
66144;5;16;11;True
66145;5;9;4;True
66146;2;4;2;True
66147;3;9;6;True
66148;2;4;2;True
66149;2;2;0;True
66150;1;1;0;True
66151;3;6;3;True
66152;6;12;6;True
66153;5;12;7;True
66154;6;16;10;True
66155;4;6;2;True
66156;4;9;5;True
66157;2;4;2;True
66158;3;9;6;True
66159;7;12;5;True
66160;0;0;0;True
66161;5;6;1;True
66162;7;12;5;True
66163;2;4;2;True
66164;6;12;6;True
66165;2;4;2;True
66166;3;4;1;True
66167;3;9;6;True
66168;3;4;1;True
66169;10;16;6;True
66170;5;9;4;True
66171;3;4;1;True
66172;6;16;10;True
66173;2;2;0;True
66174;1;1;0;True
66175;4;9;5;True
66176;4;6;2;True
66177;3;6;3;True
66178;4;6;2;True
66179;4;9;5;True
66180;2;2;0;True
66181;3;6;3;True
66182;7;12;5;True
66183;10;16;6;True
66184;8;16;8;True
66185;3;6;3;True
66186;3;6;3;True
66187;5;9;4;True
66188;8;16;8;True
66189;2;4;2;True
66190;1;1;0;True
66191;3;3;0;True
66192;4;6;2;True
66193;3;6;3;True
66194;3;6;3;True
66195;6;9;3;True
66196;2;4;2;True
66197;1;1;0;True
66198;1;1;0;True
66199;4;12;8;True
66200;5;12;7;True
66201;2;4;2;True
66202;0;0;0;True
66203;3;6;3;True
66204;2;4;2;True
66205;2;4;2;True
66206;7;16;9;True
66207;0;0;0;True
66208;3;3;0;True
66209;6;12;6;True
66210;5;12;7;True
66211;4;6;2;True
66212;6;16;10;True
66213;4;6;2;True
66214;1;1;0;True
66215;4;9;5;True
66216;6;12;6;True
66217;7;12;5;True
66218;9;16;7;True
66219;4;6;2;True
66220;4;9;5;True
66221;4;6;2;True
66222;5;9;4;True
66223;5;8;3;True
66224;4;12;8;True
66225;0;0;0;True
66226;8;16;8;True
66227;7;16;9;True
66228;3;9;6;True
66229;4;8;4;True
66230;5;6;1;True
66231;4;6;2;True
66232;4;9;5;True
66233;5;12;7;True
66234;3;6;3;True
66235;6;12;6;True
66236;5;12;7;True
66237;2;2;0;True
66238;1;1;0;True
66239;1;1;0;True
66240;5;12;7;True
66241;4;9;5;True
66242;1;1;0;True
66243;8;16;8;True
66244;7;12;5;True
66245;3;4;1;True
66246;1;1;0;True
66247;4;6;2;True
66248;5;6;1;True
66249;5;9;4;True
66250;2;4;2;True
66251;5;16;11;True
66252;2;4;2;True
66253;1;1;0;True
66254;4;12;8;True
66255;4;6;2;True
66256;4;6;2;True
66257;6;12;6;True
66258;4;9;5;True
66259;4;9;5;True
66260;4;6;2;True
66261;5;6;1;True
66262;5;8;3;True
66263;4;4;0;True
66264;6;12;6;True
66265;0;0;0;True
66266;3;6;3;True
66267;5;8;3;True
66268;2;4;2;True
66269;3;6;3;True
66270;1;1;0;True
66271;9;16;7;True
66272;6;8;2;True
66273;3;4;1;True
66274;4;12;8;True
66275;4;12;8;True
66276;5;16;11;True
66277;6;16;10;True
66278;1;1;0;True
66279;0;0;0;True
66280;4;9;5;True
66281;9;12;3;True
66282;1;1;0;True
66283;6;16;10;True
66284;5;9;4;True
66285;4;6;2;True
66286;8;12;4;True
66287;1;1;0;True
66288;4;9;5;True
66289;3;6;3;True
66290;1;1;0;True
66291;4;12;8;True
66292;1;1;0;True
66293;7;16;9;True
66294;2;4;2;True
66295;2;2;0;True
66296;2;2;0;True
66297;6;12;6;True
66298;1;1;0;True
66299;2;2;0;True
66300;0;0;0;True
66301;4;6;2;True
66302;6;12;6;True
66303;3;4;1;True
66304;2;4;2;True
66305;7;12;5;True
66306;3;6;3;True
66307;8;16;8;True
66308;6;12;6;True
66309;2;4;2;True
66310;5;12;7;True
66311;0;0;0;True
66312;5;12;7;True
66313;4;6;2;True
66314;2;2;0;True
66315;2;4;2;True
66316;5;12;7;True
66317;8;16;8;True
66318;7;16;9;True
66319;2;2;0;True
66320;8;16;8;True
66321;3;4;1;True
66322;1;1;0;True
66323;4;6;2;True
66324;4;9;5;True
66325;2;4;2;True
66326;1;1;0;True
66327;6;12;6;True
66328;0;0;0;True
66329;2;2;0;True
66330;7;8;1;True
66331;6;12;6;True
66332;3;6;3;True
66333;6;12;6;True
66334;1;1;0;True
66335;3;6;3;True
66336;3;4;1;True
66337;1;1;0;True
66338;2;4;2;True
66339;1;1;0;True
66340;6;12;6;True
66341;2;2;0;True
66342;5;9;4;True
66343;7;16;9;True
66344;3;6;3;True
66345;4;9;5;True
66346;4;9;5;True
66347;2;4;2;True
66348;7;12;5;True
66349;6;12;6;True
66350;6;8;2;True
66351;4;6;2;True
66352;6;12;6;True
66353;2;4;2;True
66354;4;9;5;True
66355;6;16;10;True
66356;5;9;4;True
66357;3;9;6;True
66358;1;1;0;True
66359;6;12;6;True
66360;7;16;9;True
66361;4;9;5;True
66362;0;0;0;True
66363;5;9;4;True
66364;0;0;0;True
66365;3;9;6;True
66366;6;9;3;True
66367;8;16;8;True
66368;3;6;3;True
66369;1;1;0;True
66370;11;16;5;True
66371;2;4;2;True
66372;4;9;5;True
66373;4;6;2;True
66374;7;16;9;True
66375;2;4;2;True
66376;3;6;3;True
66377;3;6;3;True
66378;3;6;3;True
66379;4;8;4;True
66380;3;3;0;True
66381;2;4;2;True
66382;0;0;0;True
66383;6;12;6;True
66384;1;1;0;True
66385;1;1;0;True
66386;2;2;0;True
66387;0;0;0;True
66388;6;16;10;True
66389;4;9;5;True
66390;5;9;4;True
66391;4;6;2;True
66392;5;9;4;True
66393;6;12;6;True
66394;4;9;5;True
66395;3;6;3;True
66396;2;4;2;True
66397;2;4;2;True
66398;4;6;2;True
66399;3;4;1;True
66400;0;0;0;True
66401;9;16;7;True
66402;2;2;0;True
66403;5;12;7;True
66404;3;4;1;True
66405;5;8;3;True
66406;1;1;0;True
66407;4;8;4;True
66408;9;16;7;True
66409;4;9;5;True
66410;2;4;2;True
66411;4;9;5;True
66412;1;1;0;True
66413;0;0;0;True
66414;5;16;11;True
66415;4;12;8;True
66416;4;9;5;True
66417;7;9;2;True
66418;1;1;0;True
66419;5;8;3;True
66420;3;4;1;True
66421;3;6;3;True
66422;3;6;3;True
66423;3;3;0;True
66424;5;8;3;True
66425;4;9;5;True
66426;5;8;3;True
66427;3;9;6;True
66428;0;0;0;True
66429;1;1;0;True
66430;7;16;9;True
66431;2;2;0;True
66432;2;4;2;True
66433;4;4;0;True
66434;5;9;4;True
66435;2;2;0;True
66436;3;6;3;True
66437;1;1;0;True
66438;2;2;0;True
66439;4;8;4;True
66440;5;6;1;True
66441;2;4;2;True
66442;3;6;3;True
66443;1;1;0;True
66444;6;12;6;True
66445;7;16;9;True
66446;3;4;1;True
66447;7;16;9;True
66448;2;4;2;True
66449;5;12;7;True
66450;4;12;8;True
66451;6;9;3;True
66452;2;2;0;True
66453;2;2;0;True
66454;3;9;6;True
66455;2;2;0;True
66456;7;12;5;True
66457;6;12;6;True
66458;7;12;5;True
66459;0;0;0;True
66460;0;0;0;True
66461;6;16;10;True
66462;2;2;0;True
66463;3;6;3;True
66464;7;16;9;True
66465;2;2;0;True
66466;5;9;4;True
66467;5;12;7;True
66468;6;16;10;True
66469;6;12;6;True
66470;2;2;0;True
66471;6;12;6;True
66472;5;8;3;True
66473;6;12;6;True
66474;8;16;8;True
66475;3;9;6;True
66476;2;2;0;True
66477;0;0;0;True
66478;7;12;5;True
66479;4;6;2;True
66480;1;1;0;True
66481;0;0;0;True
66482;4;12;8;True
66483;1;1;0;True
66484;3;4;1;True
66485;4;9;5;True
66486;4;6;2;True
66487;3;4;1;True
66488;6;16;10;True
66489;1;1;0;True
66490;3;3;0;True
66491;6;12;6;True
66492;3;4;1;True
66493;4;12;8;True
66494;4;12;8;True
66495;2;2;0;True
66496;1;1;0;True
66497;7;12;5;True
66498;3;6;3;True
66499;1;1;0;True
66500;1;1;0;True
66501;3;4;1;True
66502;3;6;3;True
66503;8;12;4;True
66504;2;2;0;True
66505;1;1;0;True
66506;5;16;11;True
66507;2;4;2;True
66508;3;9;6;True
66509;9;16;7;True
66510;3;6;3;True
66511;5;9;4;True
66512;1;1;0;True
66513;5;9;4;True
66514;3;4;1;True
66515;2;4;2;True
66516;5;6;1;True
66517;0;0;0;True
66518;2;4;2;True
66519;4;6;2;True
66520;1;1;0;True
66521;6;12;6;True
66522;8;16;8;True
66523;7;12;5;True
66524;6;12;6;True
66525;3;6;3;True
66526;4;9;5;True
66527;4;9;5;True
66528;6;12;6;True
66529;3;6;3;True
66530;1;1;0;True
66531;5;9;4;True
66532;1;1;0;True
66533;3;6;3;True
66534;2;2;0;True
66535;3;6;3;True
66536;3;9;6;True
66537;6;12;6;True
66538;1;1;0;True
66539;2;4;2;True
66540;2;4;2;True
66541;7;16;9;True
66542;3;6;3;True
66543;8;16;8;True
66544;4;12;8;True
66545;1;1;0;True
66546;9;12;3;True
66547;3;6;3;True
66548;1;1;0;True
66549;3;3;0;True
66550;2;2;0;True
66551;4;9;5;True
66552;3;4;1;True
66553;4;9;5;True
66554;1;1;0;True
66555;1;1;0;True
66556;10;16;6;True
66557;0;0;0;True
66558;2;2;0;True
66559;8;12;4;True
66560;4;6;2;True
66561;4;6;2;True
66562;6;16;10;True
66563;3;4;1;True
66564;1;1;0;True
66565;5;12;7;True
66566;6;12;6;True
66567;4;8;4;True
66568;5;8;3;True
66569;3;4;1;True
66570;1;1;0;True
66571;1;1;0;True
66572;7;16;9;True
66573;0;0;0;True
66574;4;8;4;True
66575;4;12;8;True
66576;2;4;2;True
66577;2;4;2;True
66578;1;1;0;True
66579;5;9;4;True
66580;0;0;0;True
66581;1;1;0;True
66582;3;6;3;True
66583;6;16;10;True
66584;3;4;1;True
66585;2;2;0;True
66586;6;12;6;True
66587;3;4;1;True
66588;4;12;8;True
66589;7;16;9;True
66590;5;9;4;True
66591;5;9;4;True
66592;0;0;0;True
66593;3;6;3;True
66594;2;4;2;True
66595;6;12;6;True
66596;0;0;0;True
66597;6;12;6;True
66598;2;4;2;True
66599;0;0;0;True
66600;6;12;6;True
66601;2;4;2;True
66602;4;6;2;True
66603;2;4;2;True
66604;1;1;0;True
66605;7;12;5;True
66606;3;4;1;True
66607;3;6;3;True
66608;2;4;2;True
66609;2;2;0;True
66610;2;2;0;True
66611;6;8;2;True
66612;3;4;1;True
66613;1;1;0;True
66614;3;6;3;True
66615;6;12;6;True
66616;5;8;3;True
66617;3;4;1;True
66618;4;12;8;True
66619;7;16;9;True
66620;7;12;5;True
66621;5;9;4;True
66622;9;16;7;True
66623;1;1;0;True
66624;2;4;2;True
66625;4;9;5;True
66626;1;1;0;True
66627;4;12;8;True
66628;8;16;8;True
66629;5;8;3;True
66630;0;0;0;True
66631;0;0;0;True
66632;4;12;8;True
66633;3;6;3;True
66634;1;1;0;True
66635;2;4;2;True
66636;5;9;4;True
66637;1;1;0;True
66638;4;6;2;True
66639;3;6;3;True
66640;4;6;2;True
66641;1;1;0;True
66642;0;0;0;True
66643;0;0;0;True
66644;3;6;3;True
66645;4;9;5;True
66646;3;4;1;True
66647;2;2;0;True
66648;7;16;9;True
66649;3;4;1;True
66650;4;8;4;True
66651;6;9;3;True
66652;2;4;2;True
66653;7;16;9;True
66654;5;16;11;True
66655;6;16;10;True
66656;3;3;0;True
66657;3;4;1;True
66658;4;12;8;True
66659;8;12;4;True
66660;3;6;3;True
66661;6;16;10;True
66662;2;4;2;True
66663;3;6;3;True
66664;7;12;5;True
66665;2;4;2;True
66666;0;0;0;True
66667;4;9;5;True
66668;3;6;3;True
66669;1;1;0;True
66670;1;1;0;True
66671;4;8;4;True
66672;1;1;0;True
66673;3;6;3;True
66674;4;12;8;True
66675;4;6;2;True
66676;3;6;3;True
66677;5;9;4;True
66678;2;4;2;True
66679;5;9;4;True
66680;4;9;5;True
66681;0;0;0;True
66682;5;9;4;True
66683;3;6;3;True
66684;2;4;2;True
66685;2;2;0;True
66686;6;12;6;True
66687;3;3;0;True
66688;4;9;5;True
66689;0;0;0;True
66690;3;6;3;True
66691;3;6;3;True
66692;5;12;7;True
66693;7;16;9;True
66694;1;1;0;True
66695;3;6;3;True
66696;1;1;0;True
66697;2;2;0;True
66698;1;1;0;True
66699;4;12;8;True
66700;6;12;6;True
66701;0;0;0;True
66702;7;16;9;True
66703;3;4;1;True
66704;0;0;0;True
66705;0;0;0;True
66706;5;8;3;True
66707;2;4;2;True
66708;1;1;0;True
66709;0;0;0;True
66710;5;12;7;True
66711;2;2;0;True
66712;6;9;3;True
66713;1;1;0;True
66714;2;4;2;True
66715;4;6;2;True
66716;1;1;0;True
66717;7;16;9;True
66718;3;9;6;True
66719;1;1;0;True
66720;5;16;11;True
66721;5;8;3;True
66722;1;1;0;True
66723;3;3;0;True
66724;2;2;0;True
66725;5;16;11;True
66726;2;4;2;True
66727;3;6;3;True
66728;4;6;2;True
66729;4;12;8;True
66730;3;6;3;True
66731;4;6;2;True
66732;2;4;2;True
66733;2;4;2;True
66734;1;1;0;True
66735;7;9;2;True
66736;6;12;6;True
66737;4;8;4;True
66738;3;4;1;True
66739;6;12;6;True
66740;1;1;0;True
66741;4;9;5;True
66742;3;4;1;True
66743;8;16;8;True
66744;1;1;0;True
66745;7;16;9;True
66746;4;8;4;True
66747;1;1;0;True
66748;4;9;5;True
66749;3;4;1;True
66750;3;9;6;True
66751;2;4;2;True
66752;2;4;2;True
66753;1;1;0;True
66754;7;12;5;True
66755;4;6;2;True
66756;3;9;6;True
66757;2;4;2;True
66758;2;4;2;True
66759;5;12;7;True
66760;7;12;5;True
66761;0;0;0;True
66762;6;12;6;True
66763;7;16;9;True
66764;3;6;3;True
66765;1;1;0;True
66766;3;6;3;True
66767;4;9;5;True
66768;4;9;5;True
66769;8;16;8;True
66770;7;12;5;True
66771;3;9;6;True
66772;9;16;7;True
66773;3;6;3;True
66774;2;4;2;True
66775;2;4;2;True
66776;5;9;4;True
66777;5;9;4;True
66778;2;4;2;True
66779;7;12;5;True
66780;2;2;0;True
66781;4;9;5;True
66782;2;4;2;True
66783;6;16;10;True
66784;9;16;7;True
66785;8;16;8;True
66786;4;9;5;True
66787;4;6;2;True
66788;5;12;7;True
66789;5;8;3;True
66790;7;12;5;True
66791;2;4;2;True
66792;2;2;0;True
66793;3;6;3;True
66794;4;9;5;True
66795;6;12;6;True
66796;1;1;0;True
66797;8;12;4;True
66798;7;16;9;True
66799;9;16;7;True
66800;1;1;0;True
66801;3;9;6;True
66802;5;9;4;True
66803;4;6;2;True
66804;4;12;8;True
66805;5;16;11;True
66806;4;12;8;True
66807;1;1;0;True
66808;4;9;5;True
66809;5;12;7;True
66810;3;4;1;True
66811;5;16;11;True
66812;4;9;5;True
66813;3;9;6;True
66814;0;0;0;True
66815;5;16;11;True
66816;2;4;2;True
66817;2;2;0;True
66818;2;4;2;True
66819;1;1;0;True
66820;5;6;1;True
66821;6;12;6;True
66822;5;12;7;True
66823;3;9;6;True
66824;2;2;0;True
66825;1;1;0;True
66826;3;4;1;True
66827;2;2;0;True
66828;4;6;2;True
66829;2;4;2;True
66830;4;12;8;True
66831;3;6;3;True
66832;6;12;6;True
66833;5;8;3;True
66834;2;2;0;True
66835;8;16;8;True
66836;3;6;3;True
66837;2;2;0;True
66838;1;1;0;True
66839;5;9;4;True
66840;2;4;2;True
66841;3;6;3;True
66842;6;16;10;True
66843;3;6;3;True
66844;1;1;0;True
66845;2;2;0;True
66846;3;4;1;True
66847;4;6;2;True
66848;1;1;0;True
66849;2;4;2;True
66850;5;9;4;True
66851;5;12;7;True
66852;2;4;2;True
66853;8;16;8;True
66854;2;4;2;True
66855;3;6;3;True
66856;6;9;3;True
66857;1;1;0;True
66858;4;9;5;True
66859;2;4;2;True
66860;8;16;8;True
66861;5;9;4;True
66862;0;0;0;True
66863;8;16;8;True
66864;2;4;2;True
66865;2;4;2;True
66866;2;2;0;True
66867;1;1;0;True
66868;4;9;5;True
66869;5;12;7;True
66870;4;9;5;True
66871;4;6;2;True
66872;3;4;1;True
66873;1;1;0;True
66874;3;4;1;True
66875;8;12;4;True
66876;3;4;1;True
66877;5;12;7;True
66878;3;3;0;True
66879;5;9;4;True
66880;3;4;1;True
66881;1;1;0;True
66882;2;2;0;True
66883;2;2;0;True
66884;4;9;5;True
66885;3;4;1;True
66886;2;4;2;True
66887;2;4;2;True
66888;5;9;4;True
66889;7;16;9;True
66890;5;6;1;True
66891;4;6;2;True
66892;5;12;7;True
66893;3;6;3;True
66894;1;1;0;True
66895;2;4;2;True
66896;6;12;6;True
66897;1;1;0;True
66898;1;1;0;True
66899;7;12;5;True
66900;3;6;3;True
66901;8;16;8;True
66902;0;0;0;True
66903;2;4;2;True
66904;3;9;6;True
66905;2;2;0;True
66906;4;6;2;True
66907;6;16;10;True
66908;2;2;0;True
66909;8;16;8;True
66910;5;8;3;True
66911;3;6;3;True
66912;2;2;0;True
66913;5;12;7;True
66914;2;2;0;True
66915;7;16;9;True
66916;6;12;6;True
66917;4;9;5;True
66918;2;2;0;True
66919;3;6;3;True
66920;1;1;0;True
66921;3;6;3;True
66922;4;6;2;True
66923;3;6;3;True
66924;1;1;0;True
66925;1;1;0;True
66926;5;9;4;True
66927;4;4;0;True
66928;7;12;5;True
66929;4;6;2;True
66930;3;4;1;True
66931;0;0;0;True
66932;5;9;4;True
66933;5;9;4;True
66934;1;1;0;True
66935;3;4;1;True
66936;7;12;5;True
66937;2;2;0;True
66938;2;4;2;True
66939;2;4;2;True
66940;3;9;6;True
66941;4;12;8;True
66942;1;1;0;True
66943;6;8;2;True
66944;4;12;8;True
66945;4;6;2;True
66946;4;6;2;True
66947;6;6;0;True
66948;1;1;0;True
66949;4;6;2;True
66950;3;6;3;True
66951;1;1;0;True
66952;6;16;10;True
66953;2;2;0;True
66954;7;16;9;True
66955;4;8;4;True
66956;3;6;3;True
66957;4;9;5;True
66958;0;0;0;True
66959;3;9;6;True
66960;5;12;7;True
66961;0;0;0;True
66962;5;12;7;True
66963;2;2;0;True
66964;1;1;0;True
66965;6;16;10;True
66966;4;6;2;True
66967;1;1;0;True
66968;0;0;0;True
66969;2;2;0;True
66970;2;4;2;True
66971;5;8;3;True
66972;2;4;2;True
66973;1;1;0;True
66974;3;4;1;True
66975;3;9;6;True
66976;2;2;0;True
66977;4;12;8;True
66978;7;9;2;True
66979;1;1;0;True
66980;0;0;0;True
66981;4;9;5;True
66982;1;1;0;True
66983;5;12;7;True
66984;2;4;2;True
66985;4;12;8;True
66986;4;12;8;True
66987;1;1;0;True
66988;6;16;10;True
66989;3;9;6;True
66990;1;1;0;True
66991;5;9;4;True
66992;1;1;0;True
66993;3;4;1;True
66994;2;2;0;True
66995;7;12;5;True
66996;3;4;1;True
66997;0;0;0;True
66998;3;6;3;True
66999;10;16;6;True
67000;0;0;0;True
67001;1;1;0;True
67002;5;9;4;True
67003;4;9;5;True
67004;4;9;5;True
67005;4;6;2;True
67006;6;16;10;True
67007;4;4;0;True
67008;4;6;2;True
67009;1;1;0;True
67010;3;4;1;True
67011;3;4;1;True
67012;3;9;6;True
67013;7;16;9;True
67014;4;9;5;True
67015;2;4;2;True
67016;2;4;2;True
67017;2;4;2;True
67018;3;9;6;True
67019;4;9;5;True
67020;4;6;2;True
67021;5;9;4;True
67022;2;4;2;True
67023;2;4;2;True
67024;1;1;0;True
67025;2;2;0;True
67026;4;6;2;True
67027;10;16;6;True
67028;3;6;3;True
67029;4;9;5;True
67030;5;9;4;True
67031;5;8;3;True
67032;0;0;0;True
67033;2;2;0;True
67034;11;16;5;True
67035;7;16;9;True
67036;5;8;3;True
67037;2;4;2;True
67038;7;12;5;True
67039;2;4;2;True
67040;5;9;4;True
67041;9;16;7;True
67042;0;0;0;True
67043;6;16;10;True
67044;5;12;7;True
67045;2;4;2;True
67046;3;6;3;True
67047;4;6;2;True
67048;0;0;0;True
67049;2;2;0;True
67050;4;4;0;True
67051;9;16;7;True
67052;6;12;6;True
67053;3;6;3;True
67054;6;12;6;True
67055;7;12;5;True
67056;1;1;0;True
67057;1;1;0;True
67058;1;1;0;True
67059;1;1;0;True
67060;3;6;3;True
67061;5;9;4;True
67062;0;0;0;True
67063;3;6;3;True
67064;7;9;2;True
67065;6;16;10;True
67066;6;12;6;True
67067;3;3;0;True
67068;0;0;0;True
67069;1;1;0;True
67070;8;16;8;True
67071;3;6;3;True
67072;4;4;0;True
67073;1;1;0;True
67074;5;12;7;True
67075;4;9;5;True
67076;2;4;2;True
67077;6;12;6;True
67078;0;0;0;True
67079;0;0;0;True
67080;2;2;0;True
67081;0;0;0;True
67082;2;2;0;True
67083;2;2;0;True
67084;8;16;8;True
67085;9;16;7;True
67086;3;6;3;True
67087;5;12;7;True
67088;3;6;3;True
67089;7;9;2;True
67090;3;6;3;True
67091;8;16;8;True
67092;3;6;3;True
67093;0;0;0;True
67094;4;6;2;True
67095;4;6;2;True
67096;4;9;5;True
67097;3;6;3;True
67098;3;6;3;True
67099;3;4;1;True
67100;3;9;6;True
67101;0;0;0;True
67102;5;9;4;True
67103;4;8;4;True
67104;4;6;2;True
67105;7;12;5;True
67106;1;1;0;True
67107;2;4;2;True
67108;4;12;8;True
67109;1;1;0;True
67110;3;9;6;True
67111;1;1;0;True
67112;3;6;3;True
67113;3;6;3;True
67114;6;9;3;True
67115;7;16;9;True
67116;2;4;2;True
67117;2;2;0;True
67118;5;8;3;True
67119;1;1;0;True
67120;3;9;6;True
67121;3;6;3;True
67122;9;16;7;True
67123;2;4;2;True
67124;1;1;0;True
67125;5;6;1;True
67126;2;4;2;True
67127;2;2;0;True
67128;4;9;5;True
67129;5;12;7;True
67130;0;0;0;True
67131;5;9;4;True
67132;2;2;0;True
67133;7;12;5;True
67134;3;4;1;True
67135;5;9;4;True
67136;7;12;5;True
67137;5;12;7;True
67138;4;8;4;True
67139;2;2;0;True
67140;3;9;6;True
67141;3;9;6;True
67142;3;4;1;True
67143;2;4;2;True
67144;7;12;5;True
67145;1;1;0;True
67146;2;2;0;True
67147;2;4;2;True
67148;1;1;0;True
67149;4;9;5;True
67150;5;9;4;True
67151;4;12;8;True
67152;3;4;1;True
67153;3;6;3;True
67154;6;16;10;True
67155;1;1;0;True
67156;9;16;7;True
67157;3;4;1;True
67158;8;12;4;True
67159;8;16;8;True
67160;5;12;7;True
67161;2;2;0;True
67162;5;9;4;True
67163;4;6;2;True
67164;3;6;3;True
67165;6;12;6;True
67166;6;16;10;True
67167;3;6;3;True
67168;5;12;7;True
67169;4;6;2;True
67170;1;1;0;True
67171;4;12;8;True
67172;3;6;3;True
67173;3;3;0;True
67174;0;0;0;True
67175;3;6;3;True
67176;3;9;6;True
67177;2;4;2;True
67178;3;4;1;True
67179;4;12;8;True
67180;5;9;4;True
67181;0;0;0;True
67182;3;6;3;True
67183;0;0;0;True
67184;1;1;0;True
67185;3;6;3;True
67186;8;12;4;True
67187;2;2;0;True
67188;1;1;0;True
67189;1;1;0;True
67190;3;9;6;True
67191;1;1;0;True
67192;4;6;2;True
67193;5;16;11;True
67194;2;4;2;True
67195;3;6;3;True
67196;7;12;5;True
67197;5;12;7;True
67198;3;4;1;True
67199;1;1;0;True
67200;2;2;0;True
67201;6;12;6;True
67202;2;2;0;True
67203;4;12;8;True
67204;1;1;0;True
67205;1;1;0;True
67206;3;6;3;True
67207;4;6;2;True
67208;6;16;10;True
67209;7;16;9;True
67210;7;16;9;True
67211;5;12;7;True
67212;4;16;12;True
67213;1;1;0;True
67214;2;4;2;True
67215;1;1;0;True
67216;5;8;3;True
67217;1;1;0;True
67218;6;12;6;True
67219;2;4;2;True
67220;7;12;5;True
67221;2;4;2;True
67222;3;9;6;True
67223;2;4;2;True
67224;3;4;1;True
67225;4;9;5;True
67226;1;1;0;True
67227;5;12;7;True
67228;1;1;0;True
67229;4;6;2;True
67230;5;9;4;True
67231;4;9;5;True
67232;3;6;3;True
67233;4;6;2;True
67234;7;16;9;True
67235;3;6;3;True
67236;7;16;9;True
67237;5;9;4;True
67238;1;1;0;True
67239;5;8;3;True
67240;5;12;7;True
67241;5;9;4;True
67242;5;8;3;True
67243;2;2;0;True
67244;5;12;7;True
67245;3;6;3;True
67246;3;6;3;True
67247;4;6;2;True
67248;6;16;10;True
67249;1;1;0;True
67250;5;16;11;True
67251;3;9;6;True
67252;0;0;0;True
67253;9;16;7;True
67254;8;16;8;True
67255;1;1;0;True
67256;4;6;2;True
67257;7;16;9;True
67258;2;4;2;True
67259;1;1;0;True
67260;2;2;0;True
67261;5;8;3;True
67262;4;8;4;True
67263;1;1;0;True
67264;3;6;3;True
67265;5;12;7;True
67266;4;6;2;True
67267;3;9;6;True
67268;0;0;0;True
67269;7;16;9;True
67270;2;4;2;True
67271;1;1;0;True
67272;1;1;0;True
67273;5;9;4;True
67274;5;16;11;True
67275;6;12;6;True
67276;6;12;6;True
67277;1;1;0;True
67278;8;16;8;True
67279;8;16;8;True
67280;2;4;2;True
67281;5;12;7;True
67282;1;1;0;True
67283;3;6;3;True
67284;8;16;8;True
67285;9;16;7;True
67286;2;4;2;True
67287;3;9;6;True
67288;4;9;5;True
67289;5;9;4;True
67290;6;12;6;True
67291;4;6;2;True
67292;6;12;6;True
67293;3;6;3;True
67294;10;16;6;True
67295;4;9;5;True
67296;4;9;5;True
67297;5;12;7;True
67298;3;6;3;True
67299;3;6;3;True
67300;2;4;2;True
67301;3;4;1;True
67302;1;1;0;True
67303;6;12;6;True
67304;3;4;1;True
67305;2;2;0;True
67306;1;1;0;True
67307;0;0;0;True
67308;0;0;0;True
67309;1;1;0;True
67310;1;1;0;True
67311;1;1;0;True
67312;7;16;9;True
67313;4;9;5;True
67314;3;6;3;True
67315;5;9;4;True
67316;4;9;5;True
67317;6;16;10;True
67318;2;4;2;True
67319;9;16;7;True
67320;2;4;2;True
67321;2;2;0;True
67322;4;8;4;True
67323;4;6;2;True
67324;3;4;1;True
67325;2;2;0;True
67326;1;1;0;True
67327;8;12;4;True
67328;5;12;7;True
67329;3;4;1;True
67330;2;4;2;True
67331;8;16;8;True
67332;7;16;9;True
67333;5;12;7;True
67334;4;9;5;True
67335;3;9;6;True
67336;5;9;4;True
67337;3;4;1;True
67338;1;1;0;True
67339;2;4;2;True
67340;3;4;1;True
67341;4;6;2;True
67342;0;0;0;True
67343;8;12;4;True
67344;5;6;1;True
67345;5;12;7;True
67346;3;4;1;True
67347;3;6;3;True
67348;4;9;5;True
67349;3;9;6;True
67350;4;9;5;True
67351;2;2;0;True
67352;0;0;0;True
67353;5;9;4;True
67354;7;16;9;True
67355;2;4;2;True
67356;4;8;4;True
67357;6;16;10;True
67358;1;1;0;True
67359;3;6;3;True
67360;6;12;6;True
67361;4;9;5;True
67362;8;16;8;True
67363;2;4;2;True
67364;2;2;0;True
67365;2;2;0;True
67366;4;9;5;True
67367;2;4;2;True
67368;7;9;2;True
67369;1;1;0;True
67370;8;16;8;True
67371;6;9;3;True
67372;9;16;7;True
67373;6;16;10;True
67374;0;0;0;True
67375;6;16;10;True
67376;5;8;3;True
67377;7;16;9;True
67378;6;9;3;True
67379;2;2;0;True
67380;2;4;2;True
67381;5;9;4;True
67382;4;6;2;True
67383;4;9;5;True
67384;2;2;0;True
67385;2;4;2;True
67386;2;4;2;True
67387;0;0;0;True
67388;3;9;6;True
67389;1;1;0;True
67390;6;12;6;True
67391;7;16;9;True
67392;0;0;0;True
67393;3;3;0;True
67394;1;1;0;True
67395;1;1;0;True
67396;1;1;0;True
67397;7;9;2;True
67398;3;4;1;True
67399;1;1;0;True
67400;4;12;8;True
67401;5;16;11;True
67402;1;1;0;True
67403;4;6;2;True
67404;1;1;0;True
67405;2;4;2;True
67406;4;9;5;True
67407;3;6;3;True
67408;4;6;2;True
67409;1;1;0;True
67410;6;12;6;True
67411;7;16;9;True
67412;8;16;8;True
67413;3;6;3;True
67414;5;12;7;True
67415;6;8;2;True
67416;2;4;2;True
67417;1;1;0;True
67418;4;9;5;True
67419;5;12;7;True
67420;6;16;10;True
67421;3;6;3;True
67422;2;4;2;True
67423;4;6;2;True
67424;2;2;0;True
67425;3;6;3;True
67426;2;4;2;True
67427;2;4;2;True
67428;3;4;1;True
67429;6;12;6;True
67430;4;6;2;True
67431;3;6;3;True
67432;4;9;5;True
67433;7;12;5;True
67434;2;2;0;True
67435;5;9;4;True
67436;3;4;1;True
67437;0;0;0;True
67438;9;16;7;True
67439;1;1;0;True
67440;4;9;5;True
67441;5;12;7;True
67442;6;12;6;True
67443;5;12;7;True
67444;0;0;0;True
67445;6;9;3;True
67446;3;6;3;True
67447;2;4;2;True
67448;0;0;0;True
67449;1;1;0;True
67450;4;12;8;True
67451;1;1;0;True
67452;1;1;0;True
67453;3;6;3;True
67454;3;4;1;True
67455;5;12;7;True
67456;3;9;6;True
67457;2;2;0;True
67458;7;12;5;True
67459;0;0;0;True
67460;4;12;8;True
67461;5;9;4;True
67462;7;16;9;True
67463;4;9;5;True
67464;5;9;4;True
67465;5;8;3;True
67466;3;6;3;True
67467;2;4;2;True
67468;6;12;6;True
67469;1;1;0;True
67470;6;12;6;True
67471;6;12;6;True
67472;3;6;3;True
67473;6;16;10;True
67474;5;12;7;True
67475;0;0;0;True
67476;1;1;0;True
67477;4;12;8;True
67478;4;9;5;True
67479;3;4;1;True
67480;3;6;3;True
67481;3;9;6;True
67482;1;1;0;True
67483;6;12;6;True
67484;11;16;5;True
67485;0;0;0;True
67486;3;6;3;True
67487;6;16;10;True
67488;5;12;7;True
67489;5;9;4;True
67490;11;16;5;True
67491;11;16;5;True
67492;0;0;0;True
67493;1;1;0;True
67494;6;16;10;True
67495;6;12;6;True
67496;6;16;10;True
67497;4;9;5;True
67498;0;0;0;True
67499;2;4;2;True
67500;3;6;3;True
67501;6;16;10;True
67502;4;6;2;True
67503;1;1;0;True
67504;3;6;3;True
67505;2;4;2;True
67506;2;2;0;True
67507;4;6;2;True
67508;4;9;5;True
67509;8;16;8;True
67510;6;12;6;True
67511;2;4;2;True
67512;3;6;3;True
67513;4;6;2;True
67514;3;4;1;True
67515;3;4;1;True
67516;2;4;2;True
67517;3;4;1;True
67518;4;6;2;True
67519;5;12;7;True
67520;1;1;0;True
67521;7;12;5;True
67522;6;16;10;True
67523;4;9;5;True
67524;1;1;0;True
67525;1;1;0;True
67526;6;12;6;True
67527;0;0;0;True
67528;4;6;2;True
67529;5;9;4;True
67530;1;1;0;True
67531;0;0;0;True
67532;5;8;3;True
67533;6;16;10;True
67534;4;9;5;True
67535;4;9;5;True
67536;2;4;2;True
67537;2;2;0;True
67538;3;6;3;True
67539;2;4;2;True
67540;3;6;3;True
67541;2;4;2;True
67542;2;4;2;True
67543;6;16;10;True
67544;3;9;6;True
67545;7;16;9;True
67546;9;16;7;True
67547;2;4;2;True
67548;4;12;8;True
67549;5;12;7;True
67550;5;9;4;True
67551;4;6;2;True
67552;10;16;6;True
67553;5;6;1;True
67554;3;4;1;True
67555;4;6;2;True
67556;2;4;2;True
67557;8;16;8;True
67558;0;0;0;True
67559;3;6;3;True
67560;5;12;7;True
67561;3;4;1;True
67562;4;12;8;True
67563;4;6;2;True
67564;4;12;8;True
67565;3;4;1;True
67566;0;0;0;True
67567;0;0;0;True
67568;0;0;0;True
67569;8;16;8;True
67570;1;1;0;True
67571;9;16;7;True
67572;6;12;6;True
67573;2;2;0;True
67574;1;1;0;True
67575;7;12;5;True
67576;6;16;10;True
67577;4;12;8;True
67578;5;12;7;True
67579;3;6;3;True
67580;3;6;3;True
67581;3;6;3;True
67582;6;12;6;True
67583;4;6;2;True
67584;5;6;1;True
67585;3;4;1;True
67586;3;6;3;True
67587;11;16;5;True
67588;4;9;5;True
67589;0;0;0;True
67590;4;9;5;True
67591;3;6;3;True
67592;4;6;2;True
67593;4;9;5;True
67594;6;12;6;True
67595;1;1;0;True
67596;2;4;2;True
67597;6;12;6;True
67598;0;0;0;True
67599;1;1;0;True
67600;6;12;6;True
67601;4;9;5;True
67602;4;6;2;True
67603;0;0;0;True
67604;2;4;2;True
67605;3;6;3;True
67606;3;6;3;True
67607;1;1;0;True
67608;3;6;3;True
67609;5;16;11;True
67610;1;1;0;True
67611;3;6;3;True
67612;2;4;2;True
67613;0;0;0;True
67614;7;16;9;True
67615;4;6;2;True
67616;2;4;2;True
67617;12;16;4;True
67618;3;6;3;True
67619;4;8;4;True
67620;5;12;7;True
67621;5;12;7;True
67622;4;9;5;True
67623;7;16;9;True
67624;5;12;7;True
67625;2;4;2;True
67626;0;0;0;True
67627;6;12;6;True
67628;3;9;6;True
67629;7;12;5;True
67630;6;12;6;True
67631;5;9;4;True
67632;6;12;6;True
67633;5;12;7;True
67634;4;9;5;True
67635;4;6;2;True
67636;5;9;4;True
67637;5;9;4;True
67638;4;12;8;True
67639;2;2;0;True
67640;5;16;11;True
67641;5;16;11;True
67642;4;16;12;True
67643;5;12;7;True
67644;3;6;3;True
67645;6;12;6;True
67646;0;0;0;True
67647;2;2;0;True
67648;6;12;6;True
67649;4;9;5;True
67650;3;9;6;True
67651;4;12;8;True
67652;5;12;7;True
67653;13;16;3;True
67654;3;9;6;True
67655;2;4;2;True
67656;5;12;7;True
67657;4;6;2;True
67658;0;0;0;True
67659;2;2;0;True
67660;0;0;0;True
67661;1;1;0;True
67662;4;9;5;True
67663;8;16;8;True
67664;0;0;0;True
67665;4;6;2;True
67666;2;4;2;True
67667;2;4;2;True
67668;2;2;0;True
67669;6;9;3;True
67670;2;2;0;True
67671;3;6;3;True
67672;4;9;5;True
67673;2;4;2;True
67674;3;6;3;True
67675;4;6;2;True
67676;4;9;5;True
67677;2;2;0;True
67678;6;12;6;True
67679;4;12;8;True
67680;6;9;3;True
67681;3;4;1;True
67682;2;4;2;True
67683;1;1;0;True
67684;5;12;7;True
67685;7;16;9;True
67686;1;1;0;True
67687;5;16;11;True
67688;9;16;7;True
67689;4;9;5;True
67690;4;6;2;True
67691;0;0;0;True
67692;3;4;1;True
67693;7;12;5;True
67694;5;9;4;True
67695;3;6;3;True
67696;0;0;0;True
67697;5;9;4;True
67698;5;12;7;True
67699;4;9;5;True
67700;2;2;0;True
67701;3;4;1;True
67702;0;0;0;True
67703;4;6;2;True
67704;3;6;3;True
67705;2;2;0;True
67706;4;8;4;True
67707;3;3;0;True
67708;6;16;10;True
67709;1;1;0;True
67710;3;4;1;True
67711;2;2;0;True
67712;4;6;2;True
67713;0;0;0;True
67714;6;16;10;True
67715;6;12;6;True
67716;5;9;4;True
67717;3;6;3;True
67718;6;12;6;True
67719;3;6;3;True
67720;3;9;6;True
67721;4;12;8;True
67722;7;16;9;True
67723;0;0;0;True
67724;4;9;5;True
67725;5;16;11;True
67726;1;1;0;True
67727;6;16;10;True
67728;3;4;1;True
67729;6;12;6;True
67730;0;0;0;True
67731;6;12;6;True
67732;8;12;4;True
67733;5;9;4;True
67734;6;12;6;True
67735;4;9;5;True
67736;3;6;3;True
67737;8;16;8;True
67738;2;4;2;True
67739;5;12;7;True
67740;5;9;4;True
67741;2;2;0;True
67742;4;12;8;True
67743;4;9;5;True
67744;6;12;6;True
67745;3;4;1;True
67746;4;12;8;True
67747;8;12;4;True
67748;1;1;0;True
67749;4;9;5;True
67750;5;9;4;True
67751;2;2;0;True
67752;1;1;0;True
67753;4;9;5;True
67754;5;9;4;True
67755;4;9;5;True
67756;3;6;3;True
67757;3;6;3;True
67758;4;9;5;True
67759;6;16;10;True
67760;4;9;5;True
67761;0;0;0;True
67762;5;8;3;True
67763;1;1;0;True
67764;3;6;3;True
67765;4;6;2;True
67766;3;4;1;True
67767;5;16;11;True
67768;4;6;2;True
67769;4;9;5;True
67770;0;0;0;True
67771;2;2;0;True
67772;7;16;9;True
67773;2;2;0;True
67774;8;16;8;True
67775;6;16;10;True
67776;4;9;5;True
67777;7;12;5;True
67778;6;12;6;True
67779;0;0;0;True
67780;2;4;2;True
67781;2;4;2;True
67782;3;6;3;True
67783;2;4;2;True
67784;3;6;3;True
67785;1;1;0;True
67786;1;1;0;True
67787;8;16;8;True
67788;5;9;4;True
67789;4;8;4;True
67790;5;12;7;True
67791;7;16;9;True
67792;1;1;0;True
67793;3;4;1;True
67794;1;1;0;True
67795;1;1;0;True
67796;1;1;0;True
67797;4;6;2;True
67798;6;12;6;True
67799;6;12;6;True
67800;3;6;3;True
67801;3;3;0;True
67802;2;4;2;True
67803;1;1;0;True
67804;5;12;7;True
67805;5;6;1;True
67806;8;16;8;True
67807;5;12;7;True
67808;4;12;8;True
67809;10;16;6;True
67810;7;16;9;True
67811;5;12;7;True
67812;6;12;6;True
67813;2;4;2;True
67814;3;4;1;True
67815;0;0;0;True
67816;3;6;3;True
67817;5;9;4;True
67818;4;12;8;True
67819;0;0;0;True
67820;4;6;2;True
67821;1;1;0;True
67822;4;9;5;True
67823;0;0;0;True
67824;6;12;6;True
67825;6;16;10;True
67826;1;1;0;True
67827;5;12;7;True
67828;3;4;1;True
67829;5;9;4;True
67830;5;9;4;True
67831;5;9;4;True
67832;5;9;4;True
67833;5;9;4;True
67834;8;16;8;True
67835;1;1;0;True
67836;6;12;6;True
67837;5;16;11;True
67838;7;9;2;True
67839;3;6;3;True
67840;1;1;0;True
67841;2;4;2;True
67842;2;4;2;True
67843;5;9;4;True
67844;3;9;6;True
67845;3;4;1;True
67846;1;1;0;True
67847;7;12;5;True
67848;2;4;2;True
67849;1;1;0;True
67850;2;2;0;True
67851;4;4;0;True
67852;1;1;0;True
67853;4;9;5;True
67854;2;2;0;True
67855;5;12;7;True
67856;3;6;3;True
67857;5;12;7;True
67858;3;6;3;True
67859;6;12;6;True
67860;6;16;10;True
67861;4;9;5;True
67862;1;1;0;True
67863;8;16;8;True
67864;1;1;0;True
67865;2;2;0;True
67866;4;4;0;True
67867;4;9;5;True
67868;4;6;2;True
67869;1;1;0;True
67870;1;1;0;True
67871;5;9;4;True
67872;3;6;3;True
67873;2;4;2;True
67874;6;12;6;True
67875;3;4;1;True
67876;2;4;2;True
67877;4;12;8;True
67878;2;4;2;True
67879;6;12;6;True
67880;1;1;0;True
67881;5;12;7;True
67882;2;4;2;True
67883;4;9;5;True
67884;10;16;6;True
67885;3;9;6;True
67886;7;16;9;True
67887;7;16;9;True
67888;2;2;0;True
67889;0;0;0;True
67890;3;4;1;True
67891;2;2;0;True
67892;3;3;0;True
67893;4;8;4;True
67894;10;16;6;True
67895;3;6;3;True
67896;3;4;1;True
67897;8;12;4;True
67898;6;16;10;True
67899;2;4;2;True
67900;3;9;6;True
67901;5;9;4;True
67902;2;4;2;True
67903;5;12;7;True
67904;4;8;4;True
67905;2;4;2;True
67906;1;1;0;True
67907;2;4;2;True
67908;0;0;0;True
67909;4;12;8;True
67910;2;4;2;True
67911;2;2;0;True
67912;1;1;0;True
67913;3;3;0;True
67914;1;1;0;True
67915;4;9;5;True
67916;1;1;0;True
67917;8;16;8;True
67918;2;2;0;True
67919;4;8;4;True
67920;5;6;1;True
67921;1;1;0;True
67922;4;9;5;True
67923;7;16;9;True
67924;8;12;4;True
67925;2;4;2;True
67926;5;12;7;True
67927;3;9;6;True
67928;8;16;8;True
67929;2;2;0;True
67930;5;9;4;True
67931;6;9;3;True
67932;11;16;5;True
67933;6;12;6;True
67934;8;16;8;True
67935;4;9;5;True
67936;8;16;8;True
67937;1;1;0;True
67938;2;2;0;True
67939;0;0;0;True
67940;1;1;0;True
67941;2;2;0;True
67942;5;8;3;True
67943;3;4;1;True
67944;5;12;7;True
67945;3;6;3;True
67946;4;9;5;True
67947;2;4;2;True
67948;3;4;1;True
67949;2;4;2;True
67950;6;16;10;True
67951;6;16;10;True
67952;8;16;8;True
67953;3;4;1;True
67954;1;1;0;True
67955;3;9;6;True
67956;0;0;0;True
67957;5;12;7;True
67958;1;1;0;True
67959;4;6;2;True
67960;12;16;4;True
67961;4;9;5;True
67962;4;12;8;True
67963;6;12;6;True
67964;2;2;0;True
67965;5;8;3;True
67966;1;1;0;True
67967;1;1;0;True
67968;6;9;3;True
67969;4;9;5;True
67970;7;16;9;True
67971;3;6;3;True
67972;4;6;2;True
67973;1;1;0;True
67974;7;16;9;True
67975;4;6;2;True
67976;3;4;1;True
67977;2;2;0;True
67978;3;6;3;True
67979;3;6;3;True
67980;6;12;6;True
67981;7;12;5;True
67982;4;6;2;True
67983;4;9;5;True
67984;7;12;5;True
67985;6;8;2;True
67986;6;12;6;True
67987;5;12;7;True
67988;2;4;2;True
67989;10;16;6;True
67990;5;12;7;True
67991;3;4;1;True
67992;1;1;0;True
67993;1;1;0;True
67994;5;6;1;True
67995;2;4;2;True
67996;3;6;3;True
67997;5;12;7;True
67998;4;4;0;True
67999;2;4;2;True
68000;2;4;2;True
68001;1;1;0;True
68002;6;12;6;True
68003;5;12;7;True
68004;7;16;9;True
68005;3;3;0;True
68006;5;9;4;True
68007;4;9;5;True
68008;7;12;5;True
68009;7;12;5;True
68010;7;12;5;True
68011;2;4;2;True
68012;3;6;3;True
68013;3;6;3;True
68014;5;12;7;True
68015;3;6;3;True
68016;0;0;0;True
68017;6;16;10;True
68018;3;6;3;True
68019;5;9;4;True
68020;2;2;0;True
68021;3;4;1;True
68022;6;12;6;True
68023;1;1;0;True
68024;7;16;9;True
68025;7;16;9;True
68026;6;12;6;True
68027;3;6;3;True
68028;3;6;3;True
68029;5;12;7;True
68030;6;12;6;True
68031;4;6;2;True
68032;2;4;2;True
68033;2;4;2;True
68034;6;12;6;True
68035;10;16;6;True
68036;0;0;0;True
68037;6;12;6;True
68038;7;16;9;True
68039;2;2;0;True
68040;6;12;6;True
68041;10;16;6;True
68042;8;12;4;True
68043;6;12;6;True
68044;3;6;3;True
68045;2;4;2;True
68046;7;9;2;True
68047;4;8;4;True
68048;1;1;0;True
68049;7;8;1;True
68050;2;2;0;True
68051;7;12;5;True
68052;7;12;5;True
68053;2;2;0;True
68054;4;12;8;True
68055;4;12;8;True
68056;5;8;3;True
68057;2;2;0;True
68058;3;6;3;True
68059;7;16;9;True
68060;3;9;6;True
68061;3;9;6;True
68062;5;12;7;True
68063;4;9;5;True
68064;8;16;8;True
68065;4;12;8;True
68066;0;0;0;True
68067;7;16;9;True
68068;4;12;8;True
68069;3;4;1;True
68070;6;12;6;True
68071;2;4;2;True
68072;3;6;3;True
68073;1;1;0;True
68074;0;0;0;True
68075;5;8;3;True
68076;4;6;2;True
68077;3;6;3;True
68078;4;9;5;True
68079;4;6;2;True
68080;1;1;0;True
68081;1;1;0;True
68082;6;12;6;True
68083;4;9;5;True
68084;5;9;4;True
68085;6;16;10;True
68086;2;2;0;True
68087;4;16;12;True
68088;2;2;0;True
68089;5;9;4;True
68090;7;12;5;True
68091;7;16;9;True
68092;6;16;10;True
68093;4;9;5;True
68094;2;2;0;True
68095;2;4;2;True
68096;2;2;0;True
68097;3;6;3;True
68098;2;4;2;True
68099;4;9;5;True
68100;4;9;5;True
68101;6;12;6;True
68102;6;16;10;True
68103;4;12;8;True
68104;1;1;0;True
68105;8;16;8;True
68106;2;2;0;True
68107;3;6;3;True
68108;4;6;2;True
68109;5;12;7;True
68110;3;6;3;True
68111;2;4;2;True
68112;6;12;6;True
68113;5;12;7;True
68114;4;12;8;True
68115;5;16;11;True
68116;4;12;8;True
68117;2;4;2;True
68118;5;12;7;True
68119;7;12;5;True
68120;4;9;5;True
68121;4;9;5;True
68122;2;4;2;True
68123;1;1;0;True
68124;1;1;0;True
68125;0;0;0;True
68126;6;12;6;True
68127;3;6;3;True
68128;6;16;10;True
68129;4;9;5;True
68130;3;9;6;True
68131;5;12;7;True
68132;4;6;2;True
68133;1;1;0;True
68134;3;3;0;True
68135;4;12;8;True
68136;6;12;6;True
68137;4;12;8;True
68138;6;12;6;True
68139;6;8;2;True
68140;3;3;0;True
68141;2;4;2;True
68142;3;4;1;True
68143;1;1;0;True
68144;1;1;0;True
68145;4;9;5;True
68146;6;12;6;True
68147;3;9;6;True
68148;4;6;2;True
68149;5;6;1;True
68150;4;6;2;True
68151;0;0;0;True
68152;7;16;9;True
68153;4;9;5;True
68154;4;6;2;True
68155;6;12;6;True
68156;8;16;8;True
68157;2;4;2;True
68158;1;1;0;True
68159;2;2;0;True
68160;0;0;0;True
68161;2;4;2;True
68162;1;1;0;True
68163;5;9;4;True
68164;5;12;7;True
68165;4;12;8;True
68166;4;6;2;True
68167;1;1;0;True
68168;2;4;2;True
68169;3;6;3;True
68170;2;4;2;True
68171;3;6;3;True
68172;4;9;5;True
68173;0;0;0;True
68174;0;0;0;True
68175;2;4;2;True
68176;0;0;0;True
68177;4;8;4;True
68178;2;4;2;True
68179;0;0;0;True
68180;6;12;6;True
68181;6;16;10;True
68182;3;4;1;True
68183;5;9;4;True
68184;2;4;2;True
68185;2;2;0;True
68186;2;4;2;True
68187;4;6;2;True
68188;7;16;9;True
68189;1;1;0;True
68190;3;6;3;True
68191;1;1;0;True
68192;9;16;7;True
68193;1;1;0;True
68194;2;4;2;True
68195;2;4;2;True
68196;1;1;0;True
68197;6;12;6;True
68198;2;4;2;True
68199;5;6;1;True
68200;5;9;4;True
68201;3;9;6;True
68202;6;12;6;True
68203;1;1;0;True
68204;4;12;8;True
68205;5;12;7;True
68206;1;1;0;True
68207;2;2;0;True
68208;3;9;6;True
68209;1;1;0;True
68210;7;16;9;True
68211;5;9;4;True
68212;0;0;0;True
68213;1;1;0;True
68214;4;9;5;True
68215;6;12;6;True
68216;5;8;3;True
68217;6;9;3;True
68218;5;12;7;True
68219;7;16;9;True
68220;5;12;7;True
68221;5;9;4;True
68222;2;2;0;True
68223;0;0;0;True
68224;3;4;1;True
68225;3;4;1;True
68226;3;6;3;True
68227;0;0;0;True
68228;4;4;0;True
68229;9;16;7;True
68230;6;16;10;True
68231;9;16;7;True
68232;2;4;2;True
68233;2;2;0;True
68234;5;9;4;True
68235;3;6;3;True
68236;9;16;7;True
68237;7;16;9;True
68238;1;1;0;True
68239;1;1;0;True
68240;3;6;3;True
68241;3;6;3;True
68242;7;16;9;True
68243;6;9;3;True
68244;0;0;0;True
68245;2;4;2;True
68246;3;6;3;True
68247;5;6;1;True
68248;7;12;5;True
68249;3;6;3;True
68250;1;1;0;True
68251;1;1;0;True
68252;5;12;7;True
68253;2;4;2;True
68254;4;9;5;True
68255;0;0;0;True
68256;3;4;1;True
68257;6;16;10;True
68258;2;2;0;True
68259;0;0;0;True
68260;4;9;5;True
68261;3;9;6;True
68262;6;12;6;True
68263;2;4;2;True
68264;1;1;0;True
68265;5;9;4;True
68266;8;16;8;True
68267;4;6;2;True
68268;6;16;10;True
68269;3;4;1;True
68270;3;9;6;True
68271;1;1;0;True
68272;8;16;8;True
68273;7;16;9;True
68274;5;9;4;True
68275;0;0;0;True
68276;4;9;5;True
68277;7;16;9;True
68278;6;12;6;True
68279;1;1;0;True
68280;2;4;2;True
68281;6;12;6;True
68282;5;9;4;True
68283;5;9;4;True
68284;5;12;7;True
68285;1;1;0;True
68286;1;1;0;True
68287;5;12;7;True
68288;3;6;3;True
68289;1;1;0;True
68290;3;6;3;True
68291;7;16;9;True
68292;0;0;0;True
68293;6;12;6;True
68294;1;1;0;True
68295;8;16;8;True
68296;1;1;0;True
68297;1;1;0;True
68298;1;1;0;True
68299;4;9;5;True
68300;1;1;0;True
68301;6;12;6;True
68302;2;4;2;True
68303;3;6;3;True
68304;4;6;2;True
68305;4;6;2;True
68306;0;0;0;True
68307;4;12;8;True
68308;1;1;0;True
68309;7;12;5;True
68310;5;9;4;True
68311;3;6;3;True
68312;5;9;4;True
68313;2;2;0;True
68314;9;16;7;True
68315;0;0;0;True
68316;7;16;9;True
68317;1;1;0;True
68318;3;4;1;True
68319;4;6;2;True
68320;4;16;12;True
68321;3;4;1;True
68322;6;16;10;True
68323;3;9;6;True
68324;6;16;10;True
68325;3;4;1;True
68326;2;4;2;True
68327;4;9;5;True
68328;2;4;2;True
68329;5;12;7;True
68330;3;6;3;True
68331;2;2;0;True
68332;1;1;0;True
68333;1;1;0;True
68334;2;4;2;True
68335;2;2;0;True
68336;8;16;8;True
68337;9;16;7;True
68338;2;4;2;True
68339;0;0;0;True
68340;3;6;3;True
68341;2;4;2;True
68342;5;12;7;True
68343;2;4;2;True
68344;1;1;0;True
68345;3;9;6;True
68346;4;9;5;True
68347;3;4;1;True
68348;3;4;1;True
68349;1;1;0;True
68350;6;12;6;True
68351;6;16;10;True
68352;4;6;2;True
68353;6;12;6;True
68354;6;12;6;True
68355;6;12;6;True
68356;4;9;5;True
68357;4;12;8;True
68358;5;9;4;True
68359;4;8;4;True
68360;3;6;3;True
68361;6;16;10;True
68362;1;1;0;True
68363;6;12;6;True
68364;4;12;8;True
68365;4;9;5;True
68366;3;9;6;True
68367;3;4;1;True
68368;3;9;6;True
68369;5;16;11;True
68370;4;6;2;True
68371;5;12;7;True
68372;7;12;5;True
68373;7;16;9;True
68374;3;6;3;True
68375;5;12;7;True
68376;8;12;4;True
68377;3;4;1;True
68378;4;9;5;True
68379;9;16;7;True
68380;6;12;6;True
68381;2;2;0;True
68382;3;6;3;True
68383;8;16;8;True
68384;7;12;5;True
68385;3;6;3;True
68386;1;1;0;True
68387;6;9;3;True
68388;3;6;3;True
68389;10;16;6;True
68390;1;1;0;True
68391;2;2;0;True
68392;2;4;2;True
68393;6;12;6;True
68394;1;1;0;True
68395;2;4;2;True
68396;6;16;10;True
68397;3;4;1;True
68398;0;0;0;True
68399;5;9;4;True
68400;1;1;0;True
68401;4;12;8;True
68402;3;6;3;True
68403;1;1;0;True
68404;8;16;8;True
68405;3;4;1;True
68406;3;6;3;True
68407;0;0;0;True
68408;3;6;3;True
68409;1;1;0;True
68410;3;3;0;True
68411;0;0;0;True
68412;2;4;2;True
68413;4;8;4;True
68414;3;6;3;True
68415;0;0;0;True
68416;2;4;2;True
68417;2;4;2;True
68418;4;8;4;True
68419;6;12;6;True
68420;2;4;2;True
68421;2;4;2;True
68422;4;12;8;True
68423;9;16;7;True
68424;2;2;0;True
68425;0;0;0;True
68426;2;4;2;True
68427;4;9;5;True
68428;1;1;0;True
68429;6;12;6;True
68430;4;12;8;True
68431;2;2;0;True
68432;11;16;5;True
68433;3;6;3;True
68434;8;12;4;True
68435;3;9;6;True
68436;3;4;1;True
68437;4;9;5;True
68438;5;6;1;True
68439;9;16;7;True
68440;4;9;5;True
68441;8;16;8;True
68442;2;2;0;True
68443;0;0;0;True
68444;6;16;10;True
68445;6;16;10;True
68446;7;12;5;True
68447;5;8;3;True
68448;4;12;8;True
68449;1;1;0;True
68450;5;9;4;True
68451;7;12;5;True
68452;0;0;0;True
68453;5;9;4;True
68454;1;1;0;True
68455;1;1;0;True
68456;4;9;5;True
68457;4;12;8;True
68458;4;9;5;True
68459;3;6;3;True
68460;4;12;8;True
68461;1;1;0;True
68462;2;2;0;True
68463;6;12;6;True
68464;5;8;3;True
68465;3;4;1;True
68466;9;16;7;True
68467;1;1;0;True
68468;2;2;0;True
68469;2;4;2;True
68470;3;6;3;True
68471;0;0;0;True
68472;5;6;1;True
68473;2;4;2;True
68474;5;9;4;True
68475;8;16;8;True
68476;3;6;3;True
68477;5;9;4;True
68478;2;2;0;True
68479;6;16;10;True
68480;6;12;6;True
68481;5;9;4;True
68482;6;12;6;True
68483;9;16;7;True
68484;3;4;1;True
68485;3;9;6;True
68486;0;0;0;True
68487;3;9;6;True
68488;6;12;6;True
68489;2;4;2;True
68490;1;1;0;True
68491;2;2;0;True
68492;7;16;9;True
68493;2;2;0;True
68494;3;6;3;True
68495;9;16;7;True
68496;4;16;12;True
68497;0;0;0;True
68498;0;0;0;True
68499;6;12;6;True
68500;3;3;0;True
68501;6;16;10;True
68502;1;1;0;True
68503;1;1;0;True
68504;4;12;8;True
68505;3;9;6;True
68506;1;1;0;True
68507;4;9;5;True
68508;1;1;0;True
68509;3;6;3;True
68510;3;4;1;True
68511;3;4;1;True
68512;5;9;4;True
68513;1;1;0;True
68514;2;4;2;True
68515;6;12;6;True
68516;4;12;8;True
68517;3;6;3;True
68518;6;12;6;True
68519;6;12;6;True
68520;2;2;0;True
68521;4;12;8;True
68522;6;12;6;True
68523;6;12;6;True
68524;4;6;2;True
68525;0;0;0;True
68526;3;6;3;True
68527;3;6;3;True
68528;7;16;9;True
68529;2;2;0;True
68530;3;4;1;True
68531;3;6;3;True
68532;6;12;6;True
68533;5;9;4;True
68534;3;6;3;True
68535;6;12;6;True
68536;5;9;4;True
68537;3;6;3;True
68538;1;1;0;True
68539;2;4;2;True
68540;8;16;8;True
68541;0;0;0;True
68542;3;6;3;True
68543;1;1;0;True
68544;6;12;6;True
68545;2;2;0;True
68546;5;12;7;True
68547;3;6;3;True
68548;5;8;3;True
68549;1;1;0;True
68550;1;1;0;True
68551;2;2;0;True
68552;4;9;5;True
68553;5;9;4;True
68554;5;12;7;True
68555;3;6;3;True
68556;4;9;5;True
68557;2;2;0;True
68558;2;4;2;True
68559;3;9;6;True
68560;2;4;2;True
68561;5;9;4;True
68562;6;8;2;True
68563;7;16;9;True
68564;3;6;3;True
68565;3;6;3;True
68566;3;4;1;True
68567;0;0;0;True
68568;1;1;0;True
68569;6;12;6;True
68570;1;1;0;True
68571;8;16;8;True
68572;3;3;0;True
68573;5;9;4;True
68574;5;12;7;True
68575;6;16;10;True
68576;4;9;5;True
68577;9;12;3;True
68578;3;9;6;True
68579;0;0;0;True
68580;3;6;3;True
68581;4;6;2;True
68582;4;6;2;True
68583;6;12;6;True
68584;2;2;0;True
68585;4;12;8;True
68586;5;16;11;True
68587;2;4;2;True
68588;2;4;2;True
68589;2;4;2;True
68590;9;16;7;True
68591;2;4;2;True
68592;1;1;0;True
68593;0;0;0;True
68594;5;9;4;True
68595;4;12;8;True
68596;0;0;0;True
68597;1;1;0;True
68598;6;9;3;True
68599;8;12;4;True
68600;0;0;0;True
68601;1;1;0;True
68602;0;0;0;True
68603;8;16;8;True
68604;7;16;9;True
68605;1;1;0;True
68606;7;16;9;True
68607;3;3;0;True
68608;3;6;3;True
68609;1;1;0;True
68610;3;6;3;True
68611;7;12;5;True
68612;5;8;3;True
68613;4;8;4;True
68614;1;1;0;True
68615;4;9;5;True
68616;1;1;0;True
68617;3;4;1;True
68618;1;1;0;True
68619;3;6;3;True
68620;5;12;7;True
68621;1;1;0;True
68622;3;6;3;True
68623;2;4;2;True
68624;3;6;3;True
68625;1;1;0;True
68626;9;16;7;True
68627;3;6;3;True
68628;5;16;11;True
68629;4;6;2;True
68630;4;9;5;True
68631;2;4;2;True
68632;0;0;0;True
68633;8;16;8;True
68634;0;0;0;True
68635;0;0;0;True
68636;7;12;5;True
68637;3;4;1;True
68638;4;9;5;True
68639;1;1;0;True
68640;4;12;8;True
68641;4;6;2;True
68642;4;8;4;True
68643;3;9;6;True
68644;8;16;8;True
68645;2;2;0;True
68646;6;12;6;True
68647;5;16;11;True
68648;5;16;11;True
68649;3;6;3;True
68650;1;1;0;True
68651;2;4;2;True
68652;4;9;5;True
68653;3;4;1;True
68654;4;9;5;True
68655;5;12;7;True
68656;5;9;4;True
68657;3;4;1;True
68658;1;1;0;True
68659;6;9;3;True
68660;0;0;0;True
68661;0;0;0;True
68662;6;12;6;True
68663;4;9;5;True
68664;6;12;6;True
68665;1;1;0;True
68666;4;8;4;True
68667;9;16;7;True
68668;3;6;3;True
68669;5;9;4;True
68670;3;6;3;True
68671;1;1;0;True
68672;2;2;0;True
68673;0;0;0;True
68674;6;12;6;True
68675;5;12;7;True
68676;5;12;7;True
68677;3;6;3;True
68678;3;4;1;True
68679;0;0;0;True
68680;1;1;0;True
68681;4;9;5;True
68682;5;9;4;True
68683;6;16;10;True
68684;7;16;9;True
68685;4;9;5;True
68686;2;4;2;True
68687;6;12;6;True
68688;6;16;10;True
68689;4;8;4;True
68690;2;4;2;True
68691;5;12;7;True
68692;3;4;1;True
68693;6;12;6;True
68694;3;6;3;True
68695;2;4;2;True
68696;0;0;0;True
68697;2;2;0;True
68698;6;16;10;True
68699;1;1;0;True
68700;5;9;4;True
68701;4;6;2;True
68702;5;9;4;True
68703;4;12;8;True
68704;3;6;3;True
68705;2;2;0;True
68706;0;0;0;True
68707;3;9;6;True
68708;5;12;7;True
68709;4;8;4;True
68710;8;16;8;True
68711;0;0;0;True
68712;1;1;0;True
68713;2;4;2;True
68714;2;4;2;True
68715;3;6;3;True
68716;2;2;0;True
68717;3;6;3;True
68718;1;1;0;True
68719;0;0;0;True
68720;5;9;4;True
68721;4;6;2;True
68722;3;6;3;True
68723;8;16;8;True
68724;4;12;8;True
68725;2;4;2;True
68726;7;12;5;True
68727;1;1;0;True
68728;2;4;2;True
68729;2;2;0;True
68730;4;8;4;True
68731;3;4;1;True
68732;6;12;6;True
68733;4;6;2;True
68734;3;6;3;True
68735;4;9;5;True
68736;5;9;4;True
68737;9;12;3;True
68738;4;6;2;True
68739;3;6;3;True
68740;5;9;4;True
68741;6;16;10;True
68742;0;0;0;True
68743;2;4;2;True
68744;2;4;2;True
68745;2;2;0;True
68746;3;6;3;True
68747;1;1;0;True
68748;0;0;0;True
68749;6;16;10;True
68750;5;12;7;True
68751;1;1;0;True
68752;4;9;5;True
68753;4;6;2;True
68754;6;16;10;True
68755;1;1;0;True
68756;4;8;4;True
68757;8;16;8;True
68758;2;4;2;True
68759;3;3;0;True
68760;2;2;0;True
68761;5;16;11;True
68762;2;4;2;True
68763;4;6;2;True
68764;2;2;0;True
68765;2;2;0;True
68766;8;16;8;True
68767;0;0;0;True
68768;3;4;1;True
68769;5;9;4;True
68770;9;16;7;True
68771;2;4;2;True
68772;7;12;5;True
68773;5;8;3;True
68774;4;9;5;True
68775;6;16;10;True
68776;4;12;8;True
68777;3;6;3;True
68778;3;6;3;True
68779;5;9;4;True
68780;5;12;7;True
68781;3;6;3;True
68782;2;2;0;True
68783;4;6;2;True
68784;3;4;1;True
68785;1;1;0;True
68786;4;9;5;True
68787;0;0;0;True
68788;6;9;3;True
68789;5;12;7;True
68790;4;6;2;True
68791;5;12;7;True
68792;7;12;5;True
68793;2;4;2;True
68794;5;12;7;True
68795;2;4;2;True
68796;2;2;0;True
68797;5;6;1;True
68798;1;1;0;True
68799;1;1;0;True
68800;5;12;7;True
68801;2;4;2;True
68802;2;4;2;True
68803;4;4;0;True
68804;6;9;3;True
68805;6;12;6;True
68806;0;0;0;True
68807;5;9;4;True
68808;4;6;2;True
68809;4;6;2;True
68810;3;9;6;True
68811;1;1;0;True
68812;2;4;2;True
68813;1;1;0;True
68814;6;12;6;True
68815;3;9;6;True
68816;4;12;8;True
68817;6;16;10;True
68818;4;9;5;True
68819;4;9;5;True
68820;0;0;0;True
68821;3;3;0;True
68822;4;6;2;True
68823;2;4;2;True
68824;5;9;4;True
68825;2;4;2;True
68826;5;12;7;True
68827;5;9;4;True
68828;1;1;0;True
68829;5;9;4;True
68830;0;0;0;True
68831;6;8;2;True
68832;2;4;2;True
68833;11;16;5;True
68834;2;2;0;True
68835;2;4;2;True
68836;1;1;0;True
68837;3;9;6;True
68838;6;9;3;True
68839;2;4;2;True
68840;1;1;0;True
68841;2;4;2;True
68842;3;9;6;True
68843;6;9;3;True
68844;2;4;2;True
68845;0;0;0;True
68846;7;12;5;True
68847;13;16;3;True
68848;5;9;4;True
68849;3;6;3;True
68850;6;12;6;True
68851;2;4;2;True
68852;3;3;0;True
68853;1;1;0;True
68854;8;16;8;True
68855;4;9;5;True
68856;1;1;0;True
68857;3;4;1;True
68858;7;16;9;True
68859;0;0;0;True
68860;8;16;8;True
68861;6;12;6;True
68862;6;9;3;True
68863;5;12;7;True
68864;0;0;0;True
68865;4;9;5;True
68866;7;16;9;True
68867;1;1;0;True
68868;1;1;0;True
68869;10;16;6;True
68870;6;16;10;True
68871;5;8;3;True
68872;1;1;0;True
68873;0;0;0;True
68874;2;2;0;True
68875;3;9;6;True
68876;4;12;8;True
68877;0;0;0;True
68878;3;6;3;True
68879;4;6;2;True
68880;7;12;5;True
68881;4;6;2;True
68882;3;6;3;True
68883;6;16;10;True
68884;1;1;0;True
68885;2;4;2;True
68886;3;4;1;True
68887;2;4;2;True
68888;7;16;9;True
68889;3;9;6;True
68890;3;4;1;True
68891;2;2;0;True
68892;1;1;0;True
68893;2;2;0;True
68894;6;12;6;True
68895;3;6;3;True
68896;8;16;8;True
68897;8;16;8;True
68898;2;2;0;True
68899;5;9;4;True
68900;0;0;0;True
68901;3;6;3;True
68902;1;1;0;True
68903;5;9;4;True
68904;5;16;11;True
68905;2;4;2;True
68906;6;12;6;True
68907;3;4;1;True
68908;0;0;0;True
68909;1;1;0;True
68910;4;8;4;True
68911;3;6;3;True
68912;10;16;6;True
68913;3;6;3;True
68914;5;8;3;True
68915;6;9;3;True
68916;0;0;0;True
68917;2;4;2;True
68918;1;1;0;True
68919;1;1;0;True
68920;3;4;1;True
68921;4;6;2;True
68922;3;4;1;True
68923;2;4;2;True
68924;1;1;0;True
68925;1;1;0;True
68926;3;4;1;True
68927;7;9;2;True
68928;6;9;3;True
68929;3;4;1;True
68930;6;12;6;True
68931;3;6;3;True
68932;0;0;0;True
68933;5;9;4;True
68934;2;2;0;True
68935;4;12;8;True
68936;7;12;5;True
68937;6;9;3;True
68938;6;12;6;True
68939;0;0;0;True
68940;9;16;7;True
68941;3;4;1;True
68942;4;12;8;True
68943;1;1;0;True
68944;3;6;3;True
68945;2;4;2;True
68946;6;16;10;True
68947;4;6;2;True
68948;6;16;10;True
68949;3;6;3;True
68950;1;1;0;True
68951;5;6;1;True
68952;8;16;8;True
68953;2;4;2;True
68954;2;2;0;True
68955;2;4;2;True
68956;4;6;2;True
68957;3;4;1;True
68958;6;12;6;True
68959;0;0;0;True
68960;4;8;4;True
68961;5;12;7;True
68962;5;12;7;True
68963;3;9;6;True
68964;4;12;8;True
68965;6;16;10;True
68966;5;6;1;True
68967;2;4;2;True
68968;1;1;0;True
68969;4;9;5;True
68970;4;9;5;True
68971;5;16;11;True
68972;0;0;0;True
68973;6;12;6;True
68974;5;12;7;True
68975;4;12;8;True
68976;7;12;5;True
68977;3;6;3;True
68978;0;0;0;True
68979;0;0;0;True
68980;3;6;3;True
68981;7;16;9;True
68982;0;0;0;True
68983;4;12;8;True
68984;4;9;5;True
68985;1;1;0;True
68986;3;9;6;True
68987;2;4;2;True
68988;3;6;3;True
68989;7;16;9;True
68990;8;12;4;True
68991;2;4;2;True
68992;5;12;7;True
68993;4;12;8;True
68994;4;12;8;True
68995;7;12;5;True
68996;3;6;3;True
68997;2;4;2;True
68998;1;1;0;True
68999;2;2;0;True
69000;3;6;3;True
69001;2;4;2;True
69002;7;12;5;True
69003;6;12;6;True
69004;1;1;0;True
69005;2;4;2;True
69006;4;6;2;True
69007;0;0;0;True
69008;4;8;4;True
69009;8;16;8;True
69010;10;12;2;True
69011;3;6;3;True
69012;7;12;5;True
69013;0;0;0;True
69014;3;9;6;True
69015;1;1;0;True
69016;1;1;0;True
69017;3;6;3;True
69018;2;4;2;True
69019;6;16;10;True
69020;4;8;4;True
69021;7;9;2;True
69022;6;9;3;True
69023;4;9;5;True
69024;7;16;9;True
69025;2;2;0;True
69026;6;16;10;True
69027;1;1;0;True
69028;2;4;2;True
69029;3;6;3;True
69030;4;9;5;True
69031;6;12;6;True
69032;2;4;2;True
69033;3;6;3;True
69034;6;12;6;True
69035;6;12;6;True
69036;9;12;3;True
69037;3;4;1;True
69038;5;12;7;True
69039;5;16;11;True
69040;2;2;0;True
69041;6;12;6;True
69042;0;0;0;True
69043;0;0;0;True
69044;2;4;2;True
69045;2;4;2;True
69046;6;16;10;True
69047;5;9;4;True
69048;1;1;0;True
69049;4;9;5;True
69050;4;6;2;True
69051;5;12;7;True
69052;3;6;3;True
69053;3;6;3;True
69054;5;16;11;True
69055;2;2;0;True
69056;3;6;3;True
69057;4;6;2;True
69058;1;1;0;True
69059;0;0;0;True
69060;5;12;7;True
69061;4;8;4;True
69062;5;9;4;True
69063;6;16;10;True
69064;3;6;3;True
69065;3;6;3;True
69066;7;16;9;True
69067;1;1;0;True
69068;2;4;2;True
69069;5;12;7;True
69070;0;0;0;True
69071;3;4;1;True
69072;3;3;0;True
69073;5;9;4;True
69074;3;4;1;True
69075;6;9;3;True
69076;4;6;2;True
69077;3;9;6;True
69078;2;2;0;True
69079;7;9;2;True
69080;2;4;2;True
69081;11;16;5;True
69082;0;0;0;True
69083;2;4;2;True
69084;5;9;4;True
69085;1;1;0;True
69086;4;9;5;True
69087;3;4;1;True
69088;4;9;5;True
69089;7;16;9;True
69090;3;6;3;True
69091;8;16;8;True
69092;3;4;1;True
69093;5;9;4;True
69094;4;9;5;True
69095;7;16;9;True
69096;5;9;4;True
69097;2;2;0;True
69098;4;6;2;True
69099;3;4;1;True
69100;2;4;2;True
69101;2;4;2;True
69102;8;16;8;True
69103;2;4;2;True
69104;4;6;2;True
69105;6;12;6;True
69106;0;0;0;True
69107;8;16;8;True
69108;2;4;2;True
69109;3;9;6;True
69110;3;4;1;True
69111;4;9;5;True
69112;5;12;7;True
69113;5;12;7;True
69114;1;1;0;True
69115;5;12;7;True
69116;8;12;4;True
69117;11;16;5;True
69118;6;16;10;True
69119;7;16;9;True
69120;2;4;2;True
69121;3;9;6;True
69122;4;9;5;True
69123;2;4;2;True
69124;3;6;3;True
69125;6;9;3;True
69126;6;9;3;True
69127;3;6;3;True
69128;6;9;3;True
69129;10;16;6;True
69130;1;1;0;True
69131;6;9;3;True
69132;6;12;6;True
69133;4;9;5;True
69134;5;12;7;True
69135;1;1;0;True
69136;6;12;6;True
69137;5;12;7;True
69138;6;12;6;True
69139;6;16;10;True
69140;4;9;5;True
69141;2;2;0;True
69142;3;6;3;True
69143;3;4;1;True
69144;3;9;6;True
69145;4;6;2;True
69146;4;6;2;True
69147;6;12;6;True
69148;3;6;3;True
69149;5;12;7;True
69150;3;4;1;True
69151;3;4;1;True
69152;6;12;6;True
69153;7;12;5;True
69154;0;0;0;True
69155;5;9;4;True
69156;5;6;1;True
69157;2;2;0;True
69158;5;16;11;True
69159;2;4;2;True
69160;4;6;2;True
69161;2;4;2;True
69162;4;6;2;True
69163;1;1;0;True
69164;1;1;0;True
69165;3;9;6;True
69166;2;2;0;True
69167;1;1;0;True
69168;6;12;6;True
69169;5;9;4;True
69170;5;9;4;True
69171;5;6;1;True
69172;5;12;7;True
69173;6;12;6;True
69174;2;2;0;True
69175;4;6;2;True
69176;6;16;10;True
69177;6;16;10;True
69178;0;0;0;True
69179;4;6;2;True
69180;2;2;0;True
69181;1;1;0;True
69182;7;12;5;True
69183;8;16;8;True
69184;4;9;5;True
69185;5;8;3;True
69186;6;16;10;True
69187;3;6;3;True
69188;3;3;0;True
69189;0;0;0;True
69190;5;12;7;True
69191;7;12;5;True
69192;3;9;6;True
69193;5;6;1;True
69194;3;6;3;True
69195;2;4;2;True
69196;5;12;7;True
69197;6;12;6;True
69198;4;9;5;True
69199;6;12;6;True
69200;4;12;8;True
69201;2;4;2;True
69202;6;16;10;True
69203;5;9;4;True
69204;3;6;3;True
69205;3;6;3;True
69206;1;1;0;True
69207;0;0;0;True
69208;5;12;7;True
69209;4;9;5;True
69210;7;12;5;True
69211;1;1;0;True
69212;1;1;0;True
69213;2;2;0;True
69214;6;12;6;True
69215;0;0;0;True
69216;4;12;8;True
69217;6;16;10;True
69218;1;1;0;True
69219;4;8;4;True
69220;5;12;7;True
69221;3;6;3;True
69222;0;0;0;True
69223;4;6;2;True
69224;4;9;5;True
69225;1;1;0;True
69226;6;12;6;True
69227;3;4;1;True
69228;10;16;6;True
69229;2;2;0;True
69230;6;16;10;True
69231;3;3;0;True
69232;11;16;5;True
69233;3;6;3;True
69234;2;2;0;True
69235;4;9;5;True
69236;2;4;2;True
69237;5;12;7;True
69238;8;12;4;True
69239;6;12;6;True
69240;1;1;0;True
69241;3;9;6;True
69242;1;1;0;True
69243;6;8;2;True
69244;3;6;3;True
69245;2;4;2;True
69246;2;4;2;True
69247;1;1;0;True
69248;4;9;5;True
69249;7;16;9;True
69250;4;6;2;True
69251;6;12;6;True
69252;7;16;9;True
69253;3;4;1;True
69254;2;4;2;True
69255;2;2;0;True
69256;6;12;6;True
69257;2;4;2;True
69258;1;1;0;True
69259;2;2;0;True
69260;5;12;7;True
69261;3;9;6;True
69262;1;1;0;True
69263;8;16;8;True
69264;5;12;7;True
69265;4;9;5;True
69266;0;0;0;True
69267;4;8;4;True
69268;6;12;6;True
69269;4;12;8;True
69270;5;12;7;True
69271;2;2;0;True
69272;5;12;7;True
69273;2;4;2;True
69274;7;16;9;True
69275;1;1;0;True
69276;3;9;6;True
69277;3;6;3;True
69278;5;16;11;True
69279;0;0;0;True
69280;4;6;2;True
69281;1;1;0;True
69282;4;9;5;True
69283;1;1;0;True
69284;5;8;3;True
69285;0;0;0;True
69286;5;12;7;True
69287;5;9;4;True
69288;6;12;6;True
69289;0;0;0;True
69290;5;12;7;True
69291;3;3;0;True
69292;5;9;4;True
69293;5;9;4;True
69294;1;1;0;True
69295;1;1;0;True
69296;5;8;3;True
69297;3;4;1;True
69298;3;6;3;True
69299;1;1;0;True
69300;3;4;1;True
69301;5;9;4;True
69302;3;6;3;True
69303;2;4;2;True
69304;1;1;0;True
69305;5;12;7;True
69306;7;12;5;True
69307;2;2;0;True
69308;4;9;5;True
69309;4;9;5;True
69310;4;8;4;True
69311;3;6;3;True
69312;4;9;5;True
69313;2;2;0;True
69314;1;1;0;True
69315;3;4;1;True
69316;0;0;0;True
69317;5;9;4;True
69318;5;6;1;True
69319;1;1;0;True
69320;3;6;3;True
69321;1;1;0;True
69322;4;12;8;True
69323;7;16;9;True
69324;4;9;5;True
69325;4;6;2;True
69326;2;4;2;True
69327;6;9;3;True
69328;1;1;0;True
69329;3;6;3;True
69330;3;9;6;True
69331;1;1;0;True
69332;5;12;7;True
69333;3;6;3;True
69334;4;9;5;True
69335;5;9;4;True
69336;6;16;10;True
69337;5;9;4;True
69338;0;0;0;True
69339;1;1;0;True
69340;3;9;6;True
69341;6;9;3;True
69342;0;0;0;True
69343;2;4;2;True
69344;3;6;3;True
69345;2;4;2;True
69346;3;6;3;True
69347;3;9;6;True
69348;6;9;3;True
69349;3;6;3;True
69350;2;4;2;True
69351;6;16;10;True
69352;6;9;3;True
69353;5;9;4;True
69354;4;9;5;True
69355;0;0;0;True
69356;5;8;3;True
69357;7;12;5;True
69358;7;16;9;True
69359;2;4;2;True
69360;9;16;7;True
69361;3;6;3;True
69362;4;6;2;True
69363;5;12;7;True
69364;1;1;0;True
69365;1;1;0;True
69366;7;12;5;True
69367;5;12;7;True
69368;1;1;0;True
69369;2;4;2;True
69370;7;12;5;True
69371;4;8;4;True
69372;4;9;5;True
69373;3;6;3;True
69374;5;9;4;True
69375;2;2;0;True
69376;0;0;0;True
69377;5;12;7;True
69378;5;12;7;True
69379;3;9;6;True
69380;2;2;0;True
69381;8;16;8;True
69382;3;9;6;True
69383;3;4;1;True
69384;1;1;0;True
69385;4;6;2;True
69386;4;12;8;True
69387;1;1;0;True
69388;8;16;8;True
69389;2;2;0;True
69390;5;12;7;True
69391;2;2;0;True
69392;4;6;2;True
69393;3;3;0;True
69394;6;12;6;True
69395;4;6;2;True
69396;6;12;6;True
69397;1;1;0;True
69398;5;12;7;True
69399;9;16;7;True
69400;6;16;10;True
69401;6;12;6;True
69402;2;4;2;True
69403;0;0;0;True
69404;0;0;0;True
69405;8;16;8;True
69406;0;0;0;True
69407;4;9;5;True
69408;3;3;0;True
69409;3;6;3;True
69410;6;12;6;True
69411;1;1;0;True
69412;2;4;2;True
69413;5;9;4;True
69414;2;2;0;True
69415;2;2;0;True
69416;5;12;7;True
69417;2;2;0;True
69418;2;2;0;True
69419;1;1;0;True
69420;6;9;3;True
69421;2;4;2;True
69422;0;0;0;True
69423;3;4;1;True
69424;9;16;7;True
69425;8;16;8;True
69426;8;16;8;True
69427;4;6;2;True
69428;1;1;0;True
69429;0;0;0;True
69430;8;16;8;True
69431;6;16;10;True
69432;0;0;0;True
69433;3;6;3;True
69434;3;4;1;True
69435;2;4;2;True
69436;3;4;1;True
69437;4;12;8;True
69438;7;16;9;True
69439;2;4;2;True
69440;4;12;8;True
69441;5;16;11;True
69442;6;16;10;True
69443;6;8;2;True
69444;4;9;5;True
69445;1;1;0;True
69446;1;1;0;True
69447;1;1;0;True
69448;8;16;8;True
69449;3;4;1;True
69450;5;12;7;True
69451;4;9;5;True
69452;7;16;9;True
69453;7;16;9;True
69454;3;9;6;True
69455;4;9;5;True
69456;6;12;6;True
69457;3;3;0;True
69458;5;12;7;True
69459;3;6;3;True
69460;4;9;5;True
69461;3;4;1;True
69462;6;12;6;True
69463;4;9;5;True
69464;0;0;0;True
69465;7;16;9;True
69466;7;9;2;True
69467;4;16;12;True
69468;8;16;8;True
69469;3;4;1;True
69470;5;9;4;True
69471;1;1;0;True
69472;7;12;5;True
69473;6;12;6;True
69474;6;16;10;True
69475;5;8;3;True
69476;1;1;0;True
69477;2;4;2;True
69478;5;9;4;True
69479;2;4;2;True
69480;1;1;0;True
69481;4;6;2;True
69482;1;1;0;True
69483;2;4;2;True
69484;3;4;1;True
69485;5;12;7;True
69486;4;6;2;True
69487;2;2;0;True
69488;2;4;2;True
69489;1;1;0;True
69490;2;4;2;True
69491;5;16;11;True
69492;1;1;0;True
69493;5;12;7;True
69494;3;6;3;True
69495;1;1;0;True
69496;1;1;0;True
69497;0;0;0;True
69498;7;16;9;True
69499;2;2;0;True
69500;4;9;5;True
69501;7;16;9;True
69502;8;12;4;True
69503;4;12;8;True
69504;5;9;4;True
69505;2;4;2;True
69506;0;0;0;True
69507;2;2;0;True
69508;2;4;2;True
69509;1;1;0;True
69510;5;9;4;True
69511;5;16;11;True
69512;4;8;4;True
69513;4;9;5;True
69514;0;0;0;True
69515;2;2;0;True
69516;7;12;5;True
69517;3;6;3;True
69518;1;1;0;True
69519;3;6;3;True
69520;0;0;0;True
69521;1;1;0;True
69522;4;9;5;True
69523;2;2;0;True
69524;8;12;4;True
69525;1;1;0;True
69526;1;1;0;True
69527;7;16;9;True
69528;6;16;10;True
69529;2;4;2;True
69530;1;1;0;True
69531;3;6;3;True
69532;2;4;2;True
69533;4;12;8;True
69534;0;0;0;True
69535;2;2;0;True
69536;4;9;5;True
69537;5;12;7;True
69538;2;2;0;True
69539;1;1;0;True
69540;10;12;2;True
69541;0;0;0;True
69542;2;2;0;True
69543;1;1;0;True
69544;0;0;0;True
69545;5;12;7;True
69546;3;9;6;True
69547;4;9;5;True
69548;3;4;1;True
69549;2;2;0;True
69550;3;9;6;True
69551;2;4;2;True
69552;7;16;9;True
69553;5;12;7;True
69554;6;12;6;True
69555;0;0;0;True
69556;6;12;6;True
69557;3;6;3;True
69558;2;4;2;True
69559;5;12;7;True
69560;1;1;0;True
69561;4;6;2;True
69562;5;9;4;True
69563;0;0;0;True
69564;4;6;2;True
69565;6;12;6;True
69566;1;1;0;True
69567;2;2;0;True
69568;6;12;6;True
69569;4;4;0;True
69570;0;0;0;True
69571;5;12;7;True
69572;0;0;0;True
69573;4;9;5;True
69574;1;1;0;True
69575;0;0;0;True
69576;1;1;0;True
69577;6;12;6;True
69578;1;1;0;True
69579;5;12;7;True
69580;2;4;2;True
69581;0;0;0;True
69582;4;9;5;True
69583;0;0;0;True
69584;2;4;2;True
69585;4;12;8;True
69586;6;12;6;True
69587;7;12;5;True
69588;0;0;0;True
69589;1;1;0;True
69590;6;16;10;True
69591;9;16;7;True
69592;4;9;5;True
69593;7;12;5;True
69594;0;0;0;True
69595;6;12;6;True
69596;2;4;2;True
69597;8;16;8;True
69598;6;16;10;True
69599;1;1;0;True
69600;4;9;5;True
69601;7;16;9;True
69602;2;2;0;True
69603;6;9;3;True
69604;1;1;0;True
69605;2;2;0;True
69606;2;4;2;True
69607;3;6;3;True
69608;10;16;6;True
69609;2;4;2;True
69610;6;9;3;True
69611;2;2;0;True
69612;6;12;6;True
69613;3;4;1;True
69614;3;4;1;True
69615;8;12;4;True
69616;3;6;3;True
69617;2;2;0;True
69618;3;6;3;True
69619;4;12;8;True
69620;2;2;0;True
69621;0;0;0;True
69622;5;12;7;True
69623;4;6;2;True
69624;6;16;10;True
69625;5;16;11;True
69626;5;9;4;True
69627;1;1;0;True
69628;7;16;9;True
69629;1;1;0;True
69630;0;0;0;True
69631;0;0;0;True
69632;4;6;2;True
69633;6;12;6;True
69634;1;1;0;True
69635;6;9;3;True
69636;8;16;8;True
69637;5;12;7;True
69638;2;4;2;True
69639;5;12;7;True
69640;1;1;0;True
69641;2;4;2;True
69642;5;16;11;True
69643;4;9;5;True
69644;3;4;1;True
69645;2;4;2;True
69646;8;16;8;True
69647;3;4;1;True
69648;7;16;9;True
69649;1;1;0;True
69650;5;12;7;True
69651;5;12;7;True
69652;5;9;4;True
69653;3;4;1;True
69654;2;4;2;True
69655;5;12;7;True
69656;6;12;6;True
69657;4;12;8;True
69658;7;12;5;True
69659;1;1;0;True
69660;3;4;1;True
69661;8;16;8;True
69662;4;9;5;True
69663;7;16;9;True
69664;8;16;8;True
69665;6;16;10;True
69666;4;6;2;True
69667;5;12;7;True
69668;3;6;3;True
69669;3;3;0;True
69670;1;1;0;True
69671;4;9;5;True
69672;2;2;0;True
69673;2;2;0;True
69674;5;12;7;True
69675;1;1;0;True
69676;0;0;0;True
69677;5;9;4;True
69678;0;0;0;True
69679;7;12;5;True
69680;3;9;6;True
69681;5;9;4;True
69682;5;12;7;True
69683;9;16;7;True
69684;5;9;4;True
69685;6;12;6;True
69686;2;4;2;True
69687;3;6;3;True
69688;2;2;0;True
69689;4;12;8;True
69690;8;16;8;True
69691;2;4;2;True
69692;5;12;7;True
69693;2;2;0;True
69694;5;12;7;True
69695;5;6;1;True
69696;4;6;2;True
69697;2;4;2;True
69698;2;4;2;True
69699;2;2;0;True
69700;5;12;7;True
69701;5;16;11;True
69702;8;12;4;True
69703;5;12;7;True
69704;1;1;0;True
69705;2;4;2;True
69706;2;4;2;True
69707;7;16;9;True
69708;3;4;1;True
69709;4;6;2;True
69710;4;6;2;True
69711;2;4;2;True
69712;10;16;6;True
69713;3;6;3;True
69714;6;16;10;True
69715;5;12;7;True
69716;6;12;6;True
69717;2;4;2;True
69718;1;1;0;True
69719;4;12;8;True
69720;3;9;6;True
69721;2;4;2;True
69722;3;6;3;True
69723;4;8;4;True
69724;6;12;6;True
69725;1;1;0;True
69726;4;6;2;True
69727;6;12;6;True
69728;7;16;9;True
69729;6;16;10;True
69730;3;9;6;True
69731;2;4;2;True
69732;4;12;8;True
69733;3;6;3;True
69734;3;3;0;True
69735;8;12;4;True
69736;7;16;9;True
69737;4;8;4;True
69738;0;0;0;True
69739;0;0;0;True
69740;2;2;0;True
69741;4;6;2;True
69742;6;12;6;True
69743;2;2;0;True
69744;3;4;1;True
69745;3;9;6;True
69746;2;4;2;True
69747;3;4;1;True
69748;2;2;0;True
69749;4;9;5;True
69750;0;0;0;True
69751;9;16;7;True
69752;6;12;6;True
69753;2;2;0;True
69754;5;9;4;True
69755;6;12;6;True
69756;6;12;6;True
69757;2;2;0;True
69758;0;0;0;True
69759;3;6;3;True
69760;4;12;8;True
69761;3;6;3;True
69762;1;1;0;True
69763;2;4;2;True
69764;8;16;8;True
69765;3;6;3;True
69766;8;12;4;True
69767;6;12;6;True
69768;1;1;0;True
69769;5;9;4;True
69770;5;12;7;True
69771;1;1;0;True
69772;3;6;3;True
69773;4;6;2;True
69774;2;4;2;True
69775;8;16;8;True
69776;5;9;4;True
69777;1;1;0;True
69778;0;0;0;True
69779;3;6;3;True
69780;1;1;0;True
69781;7;16;9;True
69782;4;9;5;True
69783;7;12;5;True
69784;8;16;8;True
69785;2;4;2;True
69786;3;4;1;True
69787;1;1;0;True
69788;2;4;2;True
69789;6;16;10;True
69790;1;1;0;True
69791;4;9;5;True
69792;2;4;2;True
69793;1;1;0;True
69794;2;4;2;True
69795;1;1;0;True
69796;2;2;0;True
69797;1;1;0;True
69798;6;12;6;True
69799;9;16;7;True
69800;4;8;4;True
69801;2;2;0;True
69802;5;12;7;True
69803;0;0;0;True
69804;2;4;2;True
69805;6;16;10;True
69806;1;1;0;True
69807;2;4;2;True
69808;3;3;0;True
69809;1;1;0;True
69810;5;16;11;True
69811;8;12;4;True
69812;1;1;0;True
69813;4;6;2;True
69814;5;9;4;True
69815;2;4;2;True
69816;3;6;3;True
69817;5;16;11;True
69818;3;6;3;True
69819;3;6;3;True
69820;3;4;1;True
69821;1;1;0;True
69822;3;6;3;True
69823;0;0;0;True
69824;7;9;2;True
69825;6;12;6;True
69826;7;12;5;True
69827;3;6;3;True
69828;4;6;2;True
69829;2;4;2;True
69830;0;0;0;True
69831;6;16;10;True
69832;10;16;6;True
69833;0;0;0;True
69834;4;9;5;True
69835;5;8;3;True
69836;6;16;10;True
69837;5;9;4;True
69838;5;16;11;True
69839;5;9;4;True
69840;2;4;2;True
69841;4;12;8;True
69842;2;4;2;True
69843;2;2;0;True
69844;3;4;1;True
69845;5;9;4;True
69846;3;4;1;True
69847;2;4;2;True
69848;2;2;0;True
69849;1;1;0;True
69850;1;1;0;True
69851;2;2;0;True
69852;2;2;0;True
69853;4;9;5;True
69854;2;4;2;True
69855;6;9;3;True
69856;5;9;4;True
69857;1;1;0;True
69858;1;1;0;True
69859;0;0;0;True
69860;3;3;0;True
69861;6;12;6;True
69862;4;9;5;True
69863;3;3;0;True
69864;5;16;11;True
69865;3;4;1;True
69866;4;9;5;True
69867;1;1;0;True
69868;1;1;0;True
69869;5;12;7;True
69870;8;16;8;True
69871;1;1;0;True
69872;2;4;2;True
69873;4;9;5;True
69874;4;12;8;True
69875;2;4;2;True
69876;1;1;0;True
69877;5;9;4;True
69878;1;1;0;True
69879;10;16;6;True
69880;0;0;0;True
69881;2;2;0;True
69882;0;0;0;True
69883;3;4;1;True
69884;9;16;7;True
69885;4;6;2;True
69886;1;1;0;True
69887;3;6;3;True
69888;0;0;0;True
69889;4;6;2;True
69890;3;4;1;True
69891;0;0;0;True
69892;4;9;5;True
69893;8;16;8;True
69894;2;4;2;True
69895;0;0;0;True
69896;2;4;2;True
69897;7;16;9;True
69898;1;1;0;True
69899;6;9;3;True
69900;10;16;6;True
69901;7;12;5;True
69902;2;4;2;True
69903;3;4;1;True
69904;5;9;4;True
69905;6;9;3;True
69906;2;4;2;True
69907;2;4;2;True
69908;3;6;3;True
69909;2;2;0;True
69910;3;6;3;True
69911;5;8;3;True
69912;6;12;6;True
69913;3;6;3;True
69914;0;0;0;True
69915;3;6;3;True
69916;2;2;0;True
69917;2;4;2;True
69918;6;16;10;True
69919;3;4;1;True
69920;1;1;0;True
69921;6;12;6;True
69922;4;9;5;True
69923;2;4;2;True
69924;0;0;0;True
69925;1;1;0;True
69926;1;1;0;True
69927;0;0;0;True
69928;2;4;2;True
69929;2;2;0;True
69930;5;16;11;True
69931;4;9;5;True
69932;2;4;2;True
69933;4;9;5;True
69934;2;4;2;True
69935;2;4;2;True
69936;5;12;7;True
69937;6;12;6;True
69938;2;2;0;True
69939;2;4;2;True
69940;4;8;4;True
69941;2;4;2;True
69942;1;1;0;True
69943;2;2;0;True
69944;4;6;2;True
69945;7;16;9;True
69946;0;0;0;True
69947;5;12;7;True
69948;2;2;0;True
69949;5;12;7;True
69950;2;4;2;True
69951;3;6;3;True
69952;0;0;0;True
69953;8;16;8;True
69954;2;4;2;True
69955;3;6;3;True
69956;5;9;4;True
69957;5;12;7;True
69958;1;1;0;True
69959;1;1;0;True
69960;5;9;4;True
69961;8;16;8;True
69962;3;4;1;True
69963;0;0;0;True
69964;4;6;2;True
69965;5;6;1;True
69966;4;9;5;True
69967;2;2;0;True
69968;4;8;4;True
69969;7;12;5;True
69970;3;6;3;True
69971;4;9;5;True
69972;2;4;2;True
69973;1;1;0;True
69974;3;3;0;True
69975;3;6;3;True
69976;3;6;3;True
69977;3;6;3;True
69978;8;16;8;True
69979;2;4;2;True
69980;3;4;1;True
69981;4;6;2;True
69982;5;9;4;True
69983;6;16;10;True
69984;5;9;4;True
69985;5;8;3;True
69986;0;0;0;True
69987;3;6;3;True
69988;2;2;0;True
69989;2;2;0;True
69990;1;1;0;True
69991;3;6;3;True
69992;5;9;4;True
69993;4;9;5;True
69994;6;12;6;True
69995;3;3;0;True
69996;1;1;0;True
69997;7;16;9;True
69998;6;16;10;True
69999;2;2;0;True
70000;2;4;2;True
70001;3;6;3;True
70002;3;6;3;True
70003;8;16;8;True
70004;4;6;2;True
70005;5;9;4;True
70006;1;1;0;True
70007;7;16;9;True
70008;1;1;0;True
70009;6;16;10;True
70010;7;16;9;True
70011;4;8;4;True
70012;9;16;7;True
70013;3;6;3;True
70014;1;1;0;True
70015;6;8;2;True
70016;3;6;3;True
70017;3;6;3;True
70018;2;4;2;True
70019;2;4;2;True
70020;3;6;3;True
70021;1;1;0;True
70022;1;1;0;True
70023;5;12;7;True
70024;2;4;2;True
70025;0;0;0;True
70026;4;12;8;True
70027;0;0;0;True
70028;2;2;0;True
70029;4;12;8;True
70030;6;12;6;True
70031;3;9;6;True
70032;0;0;0;True
70033;7;16;9;True
70034;3;9;6;True
70035;3;6;3;True
70036;3;6;3;True
70037;1;1;0;True
70038;3;9;6;True
70039;2;4;2;True
70040;5;9;4;True
70041;2;4;2;True
70042;2;4;2;True
70043;7;16;9;True
70044;6;12;6;True
70045;3;6;3;True
70046;5;9;4;True
70047;7;16;9;True
70048;4;12;8;True
70049;7;16;9;True
70050;6;12;6;True
70051;2;2;0;True
70052;3;9;6;True
70053;3;6;3;True
70054;6;12;6;True
70055;7;12;5;True
70056;9;16;7;True
70057;11;16;5;True
70058;1;1;0;True
70059;6;16;10;True
70060;3;6;3;True
70061;3;4;1;True
70062;3;4;1;True
70063;4;6;2;True
70064;3;9;6;True
70065;5;16;11;True
70066;3;6;3;True
70067;5;16;11;True
70068;8;16;8;True
70069;7;16;9;True
70070;2;2;0;True
70071;2;2;0;True
70072;3;4;1;True
70073;4;16;12;True
70074;1;1;0;True
70075;5;12;7;True
70076;4;9;5;True
70077;4;9;5;True
70078;1;1;0;True
70079;6;9;3;True
70080;4;6;2;True
70081;5;16;11;True
70082;8;12;4;True
70083;3;6;3;True
70084;2;4;2;True
70085;4;6;2;True
70086;4;9;5;True
70087;1;1;0;True
70088;2;4;2;True
70089;2;4;2;True
70090;3;6;3;True
70091;3;6;3;True
70092;4;6;2;True
70093;1;1;0;True
70094;2;4;2;True
70095;6;12;6;True
70096;2;4;2;True
70097;7;16;9;True
70098;2;4;2;True
70099;3;9;6;True
70100;2;4;2;True
70101;1;1;0;True
70102;5;16;11;True
70103;0;0;0;True
70104;5;12;7;True
70105;2;4;2;True
70106;6;12;6;True
70107;5;12;7;True
70108;5;9;4;True
70109;1;1;0;True
70110;2;2;0;True
70111;0;0;0;True
70112;3;6;3;True
70113;1;1;0;True
70114;8;16;8;True
70115;3;6;3;True
70116;6;12;6;True
70117;4;9;5;True
70118;6;12;6;True
70119;1;1;0;True
70120;1;1;0;True
70121;3;6;3;True
70122;7;16;9;True
70123;3;6;3;True
70124;0;0;0;True
70125;6;9;3;True
70126;5;9;4;True
70127;8;12;4;True
70128;0;0;0;True
70129;8;12;4;True
70130;1;1;0;True
70131;1;1;0;True
70132;1;1;0;True
70133;5;9;4;True
70134;4;6;2;True
70135;1;1;0;True
70136;5;9;4;True
70137;0;0;0;True
70138;3;9;6;True
70139;4;6;2;True
70140;0;0;0;True
70141;3;9;6;True
70142;5;12;7;True
70143;3;4;1;True
70144;5;9;4;True
70145;3;6;3;True
70146;2;4;2;True
70147;3;6;3;True
70148;2;4;2;True
70149;4;4;0;True
70150;3;6;3;True
70151;4;8;4;True
70152;5;12;7;True
70153;3;6;3;True
70154;6;12;6;True
70155;4;6;2;True
70156;3;3;0;True
70157;6;16;10;True
70158;1;1;0;True
70159;1;1;0;True
70160;7;12;5;True
70161;5;9;4;True
70162;0;0;0;True
70163;3;6;3;True
70164;8;12;4;True
70165;2;4;2;True
70166;6;16;10;True
70167;7;16;9;True
70168;2;2;0;True
70169;3;6;3;True
70170;1;1;0;True
70171;3;6;3;True
70172;4;8;4;True
70173;7;16;9;True
70174;5;12;7;True
70175;1;1;0;True
70176;4;9;5;True
70177;5;16;11;True
70178;4;9;5;True
70179;5;12;7;True
70180;4;9;5;True
70181;1;1;0;True
70182;4;12;8;True
70183;7;12;5;True
70184;0;0;0;True
70185;4;6;2;True
70186;5;16;11;True
70187;2;2;0;True
70188;7;16;9;True
70189;4;9;5;True
70190;1;1;0;True
70191;3;4;1;True
70192;1;1;0;True
70193;10;12;2;True
70194;7;12;5;True
70195;4;9;5;True
70196;5;9;4;True
70197;4;6;2;True
70198;6;12;6;True
70199;5;12;7;True
70200;2;2;0;True
70201;4;6;2;True
70202;8;16;8;True
70203;1;1;0;True
70204;5;9;4;True
70205;3;4;1;True
70206;5;6;1;True
70207;2;2;0;True
70208;1;1;0;True
70209;2;4;2;True
70210;6;12;6;True
70211;1;1;0;True
70212;0;0;0;True
70213;2;4;2;True
70214;11;16;5;True
70215;2;4;2;True
70216;2;4;2;True
70217;3;4;1;True
70218;2;2;0;True
70219;3;3;0;True
70220;3;6;3;True
70221;10;16;6;True
70222;1;1;0;True
70223;6;9;3;True
70224;5;9;4;True
70225;1;1;0;True
70226;6;16;10;True
70227;5;12;7;True
70228;6;16;10;True
70229;1;1;0;True
70230;4;12;8;True
70231;6;12;6;True
70232;4;6;2;True
70233;6;12;6;True
70234;2;4;2;True
70235;3;6;3;True
70236;10;16;6;True
70237;9;16;7;True
70238;6;12;6;True
70239;3;4;1;True
70240;1;1;0;True
70241;1;1;0;True
70242;2;2;0;True
70243;7;12;5;True
70244;1;1;0;True
70245;4;12;8;True
70246;2;4;2;True
70247;7;12;5;True
70248;3;4;1;True
70249;3;4;1;True
70250;2;2;0;True
70251;3;6;3;True
70252;5;12;7;True
70253;10;16;6;True
70254;4;9;5;True
70255;1;1;0;True
70256;1;1;0;True
70257;7;16;9;True
70258;1;1;0;True
70259;3;9;6;True
70260;4;9;5;True
70261;11;16;5;True
70262;0;0;0;True
70263;1;1;0;True
70264;2;4;2;True
70265;1;1;0;True
70266;2;4;2;True
70267;1;1;0;True
70268;3;6;3;True
70269;2;2;0;True
70270;3;6;3;True
70271;6;12;6;True
70272;5;12;7;True
70273;1;1;0;True
70274;1;1;0;True
70275;5;9;4;True
70276;1;1;0;True
70277;6;9;3;True
70278;4;9;5;True
70279;4;6;2;True
70280;0;0;0;True
70281;2;4;2;True
70282;7;16;9;True
70283;2;2;0;True
70284;5;12;7;True
70285;4;6;2;True
70286;3;6;3;True
70287;7;12;5;True
70288;7;16;9;True
70289;3;4;1;True
70290;5;12;7;True
70291;5;9;4;True
70292;4;9;5;True
70293;0;0;0;True
70294;6;12;6;True
70295;4;9;5;True
70296;3;6;3;True
70297;7;16;9;True
70298;5;12;7;True
70299;4;12;8;True
70300;2;4;2;True
70301;2;2;0;True
70302;2;4;2;True
70303;2;2;0;True
70304;3;6;3;True
70305;5;12;7;True
70306;1;1;0;True
70307;2;2;0;True
70308;2;4;2;True
70309;5;12;7;True
70310;3;6;3;True
70311;2;2;0;True
70312;4;6;2;True
70313;8;16;8;True
70314;4;6;2;True
70315;2;4;2;True
70316;4;9;5;True
70317;3;9;6;True
70318;7;16;9;True
70319;4;8;4;True
70320;5;16;11;True
70321;6;12;6;True
70322;7;16;9;True
70323;1;1;0;True
70324;7;12;5;True
70325;3;9;6;True
70326;6;12;6;True
70327;4;6;2;True
70328;8;16;8;True
70329;3;6;3;True
70330;5;8;3;True
70331;1;1;0;True
70332;6;12;6;True
70333;4;6;2;True
70334;7;16;9;True
70335;0;0;0;True
70336;2;2;0;True
70337;5;12;7;True
70338;7;12;5;True
70339;1;1;0;True
70340;8;16;8;True
70341;3;9;6;True
70342;3;9;6;True
70343;10;16;6;True
70344;7;12;5;True
70345;4;9;5;True
70346;1;1;0;True
70347;3;6;3;True
70348;1;1;0;True
70349;1;1;0;True
70350;5;9;4;True
70351;1;1;0;True
70352;3;6;3;True
70353;2;4;2;True
70354;4;9;5;True
70355;8;16;8;True
70356;6;12;6;True
70357;6;12;6;True
70358;6;9;3;True
70359;7;9;2;True
70360;1;1;0;True
70361;5;12;7;True
70362;2;4;2;True
70363;3;6;3;True
70364;11;16;5;True
70365;1;1;0;True
70366;7;16;9;True
70367;7;16;9;True
70368;9;16;7;True
70369;4;9;5;True
70370;5;9;4;True
70371;1;1;0;True
70372;3;9;6;True
70373;4;9;5;True
70374;0;0;0;True
70375;3;9;6;True
70376;1;1;0;True
70377;4;9;5;True
70378;5;12;7;True
70379;5;8;3;True
70380;7;16;9;True
70381;7;12;5;True
70382;2;4;2;True
70383;3;3;0;True
70384;3;6;3;True
70385;6;9;3;True
70386;4;9;5;True
70387;5;12;7;True
70388;5;12;7;True
70389;5;12;7;True
70390;0;0;0;True
70391;7;16;9;True
70392;4;6;2;True
70393;4;6;2;True
70394;5;12;7;True
70395;5;8;3;True
70396;5;16;11;True
70397;2;2;0;True
70398;2;4;2;True
70399;1;1;0;True
70400;7;12;5;True
70401;6;16;10;True
70402;6;8;2;True
70403;4;9;5;True
70404;5;8;3;True
70405;4;12;8;True
70406;2;2;0;True
70407;3;6;3;True
70408;2;4;2;True
70409;2;2;0;True
70410;5;12;7;True
70411;5;12;7;True
70412;6;12;6;True
70413;3;4;1;True
70414;1;1;0;True
70415;5;16;11;True
70416;3;4;1;True
70417;6;12;6;True
70418;4;6;2;True
70419;1;1;0;True
70420;9;16;7;True
70421;2;4;2;True
70422;5;12;7;True
70423;7;16;9;True
70424;0;0;0;True
70425;5;12;7;True
70426;3;9;6;True
70427;5;12;7;True
70428;7;16;9;True
70429;4;8;4;True
70430;6;12;6;True
70431;4;9;5;True
70432;3;4;1;True
70433;7;12;5;True
70434;1;1;0;True
70435;6;9;3;True
70436;4;6;2;True
70437;1;1;0;True
70438;1;1;0;True
70439;3;6;3;True
70440;5;8;3;True
70441;1;1;0;True
70442;4;9;5;True
70443;3;3;0;True
70444;7;12;5;True
70445;4;12;8;True
70446;3;9;6;True
70447;5;9;4;True
70448;9;16;7;True
70449;6;16;10;True
70450;4;9;5;True
70451;5;16;11;True
70452;3;3;0;True
70453;4;9;5;True
70454;2;4;2;True
70455;4;6;2;True
70456;3;6;3;True
70457;3;9;6;True
70458;5;6;1;True
70459;1;1;0;True
70460;4;6;2;True
70461;5;9;4;True
70462;4;12;8;True
70463;1;1;0;True
70464;5;12;7;True
70465;4;9;5;True
70466;3;4;1;True
70467;3;6;3;True
70468;2;4;2;True
70469;6;12;6;True
70470;5;9;4;True
70471;7;12;5;True
70472;10;16;6;True
70473;5;9;4;True
70474;2;4;2;True
70475;2;4;2;True
70476;5;12;7;True
70477;3;6;3;True
70478;9;16;7;True
70479;2;4;2;True
70480;1;1;0;True
70481;4;6;2;True
70482;2;4;2;True
70483;0;0;0;True
70484;2;4;2;True
70485;2;4;2;True
70486;0;0;0;True
70487;4;9;5;True
70488;4;12;8;True
70489;5;9;4;True
70490;5;9;4;True
70491;5;9;4;True
70492;1;1;0;True
70493;0;0;0;True
70494;2;4;2;True
70495;6;12;6;True
70496;1;1;0;True
70497;10;16;6;True
70498;3;4;1;True
70499;1;1;0;True
70500;5;6;1;True
70501;0;0;0;True
70502;9;16;7;True
70503;4;9;5;True
70504;2;4;2;True
70505;4;6;2;True
70506;2;4;2;True
70507;2;2;0;True
70508;1;1;0;True
70509;3;6;3;True
70510;3;6;3;True
70511;0;0;0;True
70512;4;6;2;True
70513;10;16;6;True
70514;1;1;0;True
70515;4;12;8;True
70516;2;2;0;True
70517;6;16;10;True
70518;2;4;2;True
70519;1;1;0;True
70520;4;6;2;True
70521;1;1;0;True
70522;3;6;3;True
70523;4;9;5;True
70524;3;3;0;True
70525;1;1;0;True
70526;5;9;4;True
70527;4;9;5;True
70528;1;1;0;True
70529;2;4;2;True
70530;4;6;2;True
70531;0;0;0;True
70532;4;6;2;True
70533;1;1;0;True
70534;3;3;0;True
70535;5;9;4;True
70536;1;1;0;True
70537;2;4;2;True
70538;4;12;8;True
70539;6;9;3;True
70540;8;16;8;True
70541;8;12;4;True
70542;5;9;4;True
70543;5;12;7;True
70544;1;1;0;True
70545;5;12;7;True
70546;5;12;7;True
70547;3;6;3;True
70548;0;0;0;True
70549;2;4;2;True
70550;4;12;8;True
70551;5;8;3;True
70552;2;4;2;True
70553;5;9;4;True
70554;3;4;1;True
70555;6;16;10;True
70556;6;12;6;True
70557;7;12;5;True
70558;3;6;3;True
70559;4;9;5;True
70560;9;16;7;True
70561;6;12;6;True
70562;7;16;9;True
70563;7;16;9;True
70564;4;6;2;True
70565;3;4;1;True
70566;5;12;7;True
70567;3;6;3;True
70568;2;4;2;True
70569;3;4;1;True
70570;1;1;0;True
70571;4;9;5;True
70572;5;8;3;True
70573;7;12;5;True
70574;1;1;0;True
70575;2;4;2;True
70576;4;9;5;True
70577;4;12;8;True
70578;1;1;0;True
70579;2;4;2;True
70580;2;4;2;True
70581;6;9;3;True
70582;0;0;0;True
70583;6;16;10;True
70584;2;4;2;True
70585;5;12;7;True
70586;5;8;3;True
70587;0;0;0;True
70588;2;4;2;True
70589;3;6;3;True
70590;6;9;3;True
70591;0;0;0;True
70592;2;4;2;True
70593;6;12;6;True
70594;8;12;4;True
70595;3;6;3;True
70596;2;4;2;True
70597;6;9;3;True
70598;1;1;0;True
70599;2;2;0;True
70600;0;0;0;True
70601;2;4;2;True
70602;3;6;3;True
70603;7;12;5;True
70604;7;12;5;True
70605;3;6;3;True
70606;2;2;0;True
70607;2;4;2;True
70608;2;2;0;True
70609;3;6;3;True
70610;8;16;8;True
70611;4;6;2;True
70612;1;1;0;True
70613;2;2;0;True
70614;5;8;3;True
70615;5;9;4;True
70616;4;6;2;True
70617;0;0;0;True
70618;4;6;2;True
70619;7;16;9;True
70620;6;12;6;True
70621;4;9;5;True
70622;1;1;0;True
70623;6;9;3;True
70624;6;12;6;True
70625;2;2;0;True
70626;0;0;0;True
70627;6;12;6;True
70628;13;16;3;True
70629;3;4;1;True
70630;1;1;0;True
70631;1;1;0;True
70632;6;9;3;True
70633;3;6;3;True
70634;6;9;3;True
70635;3;6;3;True
70636;2;2;0;True
70637;5;8;3;True
70638;3;9;6;True
70639;0;0;0;True
70640;4;12;8;True
70641;5;9;4;True
70642;4;4;0;True
70643;7;9;2;True
70644;4;9;5;True
70645;3;4;1;True
70646;2;2;0;True
70647;3;6;3;True
70648;1;1;0;True
70649;0;0;0;True
70650;1;1;0;True
70651;2;2;0;True
70652;4;9;5;True
70653;1;1;0;True
70654;4;12;8;True
70655;7;16;9;True
70656;2;4;2;True
70657;7;16;9;True
70658;4;9;5;True
70659;6;12;6;True
70660;4;9;5;True
70661;2;4;2;True
70662;6;12;6;True
70663;5;12;7;True
70664;5;12;7;True
70665;4;6;2;True
70666;4;12;8;True
70667;7;16;9;True
70668;3;3;0;True
70669;5;12;7;True
70670;0;0;0;True
70671;2;2;0;True
70672;4;9;5;True
70673;0;0;0;True
70674;5;16;11;True
70675;2;4;2;True
70676;3;4;1;True
70677;3;6;3;True
70678;5;9;4;True
70679;3;9;6;True
70680;6;8;2;True
70681;6;9;3;True
70682;7;16;9;True
70683;7;16;9;True
70684;4;12;8;True
70685;7;16;9;True
70686;5;9;4;True
70687;4;12;8;True
70688;1;1;0;True
70689;4;12;8;True
70690;7;16;9;True
70691;5;12;7;True
70692;6;9;3;True
70693;9;12;3;True
70694;4;9;5;True
70695;6;12;6;True
70696;8;16;8;True
70697;5;12;7;True
70698;4;6;2;True
70699;6;16;10;True
70700;1;1;0;True
70701;0;0;0;True
70702;2;4;2;True
70703;5;12;7;True
70704;5;9;4;True
70705;1;1;0;True
70706;3;6;3;True
70707;4;9;5;True
70708;5;9;4;True
70709;7;12;5;True
70710;1;1;0;True
70711;0;0;0;True
70712;0;0;0;True
70713;5;9;4;True
70714;2;4;2;True
70715;3;6;3;True
70716;2;4;2;True
70717;2;2;0;True
70718;1;1;0;True
70719;0;0;0;True
70720;2;4;2;True
70721;2;4;2;True
70722;0;0;0;True
70723;1;1;0;True
70724;2;2;0;True
70725;2;4;2;True
70726;1;1;0;True
70727;11;16;5;True
70728;2;2;0;True
70729;0;0;0;True
70730;0;0;0;True
70731;3;6;3;True
70732;4;6;2;True
70733;1;1;0;True
70734;2;2;0;True
70735;3;6;3;True
70736;5;12;7;True
70737;5;8;3;True
70738;3;6;3;True
70739;2;4;2;True
70740;1;1;0;True
70741;0;0;0;True
70742;5;9;4;True
70743;2;4;2;True
70744;5;12;7;True
70745;4;9;5;True
70746;4;6;2;True
70747;3;6;3;True
70748;3;6;3;True
70749;2;4;2;True
70750;5;9;4;True
70751;6;9;3;True
70752;5;8;3;True
70753;3;6;3;True
70754;4;12;8;True
70755;6;9;3;True
70756;0;0;0;True
70757;7;16;9;True
70758;4;6;2;True
70759;6;12;6;True
70760;5;12;7;True
70761;4;6;2;True
70762;3;6;3;True
70763;2;4;2;True
70764;3;9;6;True
70765;1;1;0;True
70766;1;1;0;True
70767;4;6;2;True
70768;0;0;0;True
70769;1;1;0;True
70770;4;8;4;True
70771;7;12;5;True
70772;1;1;0;True
70773;2;2;0;True
70774;4;8;4;True
70775;2;2;0;True
70776;5;12;7;True
70777;3;6;3;True
70778;4;9;5;True
70779;2;2;0;True
70780;2;4;2;True
70781;7;12;5;True
70782;1;1;0;True
70783;6;9;3;True
70784;5;12;7;True
70785;2;4;2;True
70786;0;0;0;True
70787;2;4;2;True
70788;5;12;7;True
70789;0;0;0;True
70790;5;12;7;True
70791;0;0;0;True
70792;3;6;3;True
70793;2;2;0;True
70794;3;9;6;True
70795;11;16;5;True
70796;6;16;10;True
70797;6;9;3;True
70798;3;4;1;True
70799;3;6;3;True
70800;2;4;2;True
70801;4;6;2;True
70802;6;16;10;True
70803;3;9;6;True
70804;0;0;0;True
70805;4;9;5;True
70806;4;6;2;True
70807;1;1;0;True
70808;1;1;0;True
70809;0;0;0;True
70810;4;16;12;True
70811;3;3;0;True
70812;2;2;0;True
70813;6;12;6;True
70814;4;6;2;True
70815;0;0;0;True
70816;2;4;2;True
70817;0;0;0;True
70818;2;4;2;True
70819;7;12;5;True
70820;2;4;2;True
70821;5;16;11;True
70822;5;9;4;True
70823;1;1;0;True
70824;0;0;0;True
70825;1;1;0;True
70826;3;6;3;True
70827;5;12;7;True
70828;3;4;1;True
70829;4;9;5;True
70830;2;4;2;True
70831;3;3;0;True
70832;3;4;1;True
70833;4;9;5;True
70834;1;1;0;True
70835;4;9;5;True
70836;8;16;8;True
70837;5;16;11;True
70838;10;16;6;True
70839;2;4;2;True
70840;7;12;5;True
70841;0;0;0;True
70842;6;16;10;True
70843;4;6;2;True
70844;3;4;1;True
70845;3;6;3;True
70846;4;9;5;True
70847;4;6;2;True
70848;1;1;0;True
70849;1;1;0;True
70850;8;16;8;True
70851;4;9;5;True
70852;4;12;8;True
70853;5;12;7;True
70854;1;1;0;True
70855;1;1;0;True
70856;2;2;0;True
70857;5;12;7;True
70858;4;6;2;True
70859;8;16;8;True
70860;6;16;10;True
70861;7;16;9;True
70862;0;0;0;True
70863;7;16;9;True
70864;2;4;2;True
70865;2;4;2;True
70866;1;1;0;True
70867;5;12;7;True
70868;3;4;1;True
70869;3;4;1;True
70870;4;9;5;True
70871;1;1;0;True
70872;3;6;3;True
70873;3;9;6;True
70874;2;2;0;True
70875;1;1;0;True
70876;4;6;2;True
70877;1;1;0;True
70878;5;12;7;True
70879;6;9;3;True
70880;1;1;0;True
70881;3;6;3;True
70882;6;16;10;True
70883;5;9;4;True
70884;6;12;6;True
70885;3;6;3;True
70886;4;6;2;True
70887;0;0;0;True
70888;1;1;0;True
70889;3;6;3;True
70890;2;4;2;True
70891;2;4;2;True
70892;3;6;3;True
70893;3;9;6;True
70894;7;16;9;True
70895;5;12;7;True
70896;5;9;4;True
70897;4;12;8;True
70898;6;12;6;True
70899;2;4;2;True
70900;2;4;2;True
70901;0;0;0;True
70902;8;16;8;True
70903;4;8;4;True
70904;1;1;0;True
70905;1;1;0;True
70906;2;4;2;True
70907;2;4;2;True
70908;2;4;2;True
70909;4;6;2;True
70910;4;12;8;True
70911;4;16;12;True
70912;0;0;0;True
70913;5;12;7;True
70914;3;6;3;True
70915;12;16;4;True
70916;5;12;7;True
70917;2;4;2;True
70918;4;6;2;True
70919;6;12;6;True
70920;1;1;0;True
70921;4;8;4;True
70922;4;6;2;True
70923;5;12;7;True
70924;9;16;7;True
70925;4;9;5;True
70926;6;12;6;True
70927;3;4;1;True
70928;4;9;5;True
70929;0;0;0;True
70930;1;1;0;True
70931;2;4;2;True
70932;1;1;0;True
70933;4;6;2;True
70934;1;1;0;True
70935;7;12;5;True
70936;0;0;0;True
70937;2;4;2;True
70938;1;1;0;True
70939;7;12;5;True
70940;0;0;0;True
70941;1;1;0;True
70942;1;1;0;True
70943;3;9;6;True
70944;6;9;3;True
70945;2;4;2;True
70946;1;1;0;True
70947;3;6;3;True
70948;4;6;2;True
70949;2;4;2;True
70950;7;16;9;True
70951;3;6;3;True
70952;0;0;0;True
70953;1;1;0;True
70954;3;6;3;True
70955;5;9;4;True
70956;7;12;5;True
70957;4;12;8;True
70958;2;4;2;True
70959;7;16;9;True
70960;4;12;8;True
70961;1;1;0;True
70962;6;9;3;True
70963;6;16;10;True
70964;4;6;2;True
70965;1;1;0;True
70966;0;0;0;True
70967;5;9;4;True
70968;7;16;9;True
70969;2;4;2;True
70970;8;16;8;True
70971;1;1;0;True
70972;1;1;0;True
70973;4;16;12;True
70974;4;9;5;True
70975;4;9;5;True
70976;1;1;0;True
70977;3;6;3;True
70978;0;0;0;True
70979;2;4;2;True
70980;4;9;5;True
70981;4;6;2;True
70982;3;6;3;True
70983;1;1;0;True
70984;3;6;3;True
70985;5;12;7;True
70986;1;1;0;True
70987;8;16;8;True
70988;2;2;0;True
70989;3;6;3;True
70990;1;1;0;True
70991;2;4;2;True
70992;5;16;11;True
70993;1;1;0;True
70994;7;16;9;True
70995;3;6;3;True
70996;6;12;6;True
70997;3;6;3;True
70998;4;9;5;True
70999;4;9;5;True
71000;6;12;6;True
71001;7;16;9;True
71002;5;12;7;True
71003;5;16;11;True
71004;2;2;0;True
71005;4;9;5;True
71006;1;1;0;True
71007;3;9;6;True
71008;1;1;0;True
71009;4;9;5;True
71010;4;8;4;True
71011;6;9;3;True
71012;3;4;1;True
71013;5;12;7;True
71014;3;6;3;True
71015;3;9;6;True
71016;1;1;0;True
71017;1;1;0;True
71018;4;12;8;True
71019;7;16;9;True
71020;2;4;2;True
71021;1;1;0;True
71022;2;2;0;True
71023;5;9;4;True
71024;6;12;6;True
71025;1;1;0;True
71026;1;1;0;True
71027;4;6;2;True
71028;4;6;2;True
71029;11;16;5;True
71030;1;1;0;True
71031;3;6;3;True
71032;0;0;0;True
71033;4;8;4;True
71034;1;1;0;True
71035;5;9;4;True
71036;4;6;2;True
71037;5;12;7;True
71038;4;6;2;True
71039;6;12;6;True
71040;3;6;3;True
71041;2;4;2;True
71042;0;0;0;True
71043;5;12;7;True
71044;5;9;4;True
71045;6;16;10;True
71046;2;2;0;True
71047;0;0;0;True
71048;5;12;7;True
71049;6;9;3;True
71050;3;4;1;True
71051;3;6;3;True
71052;2;4;2;True
71053;4;12;8;True
71054;4;12;8;True
71055;6;12;6;True
71056;1;1;0;True
71057;2;2;0;True
71058;3;6;3;True
71059;0;0;0;True
71060;2;4;2;True
71061;5;12;7;True
71062;3;6;3;True
71063;2;2;0;True
71064;1;1;0;True
71065;3;6;3;True
71066;5;9;4;True
71067;3;6;3;True
71068;4;9;5;True
71069;1;1;0;True
71070;0;0;0;True
71071;8;16;8;True
71072;3;4;1;True
71073;5;12;7;True
71074;3;4;1;True
71075;8;12;4;True
71076;3;4;1;True
71077;7;16;9;True
71078;4;6;2;True
71079;6;12;6;True
71080;0;0;0;True
71081;7;16;9;True
71082;1;1;0;True
71083;6;12;6;True
71084;4;9;5;True
71085;3;4;1;True
71086;2;2;0;True
71087;1;1;0;True
71088;11;16;5;True
71089;3;3;0;True
71090;1;1;0;True
71091;6;9;3;True
71092;1;1;0;True
71093;4;4;0;True
71094;0;0;0;True
71095;3;9;6;True
71096;5;6;1;True
71097;2;2;0;True
71098;6;12;6;True
71099;2;4;2;True
71100;1;1;0;True
71101;8;16;8;True
71102;3;9;6;True
71103;4;9;5;True
71104;9;12;3;True
71105;3;4;1;True
71106;2;4;2;True
71107;6;12;6;True
71108;2;4;2;True
71109;5;9;4;True
71110;2;4;2;True
71111;2;4;2;True
71112;3;6;3;True
71113;1;1;0;True
71114;4;9;5;True
71115;1;1;0;True
71116;7;16;9;True
71117;9;12;3;True
71118;0;0;0;True
71119;4;8;4;True
71120;6;12;6;True
71121;6;16;10;True
71122;0;0;0;True
71123;2;4;2;True
71124;5;12;7;True
71125;7;9;2;True
71126;3;9;6;True
71127;6;9;3;True
71128;4;8;4;True
71129;8;16;8;True
71130;4;9;5;True
71131;7;16;9;True
71132;4;6;2;True
71133;9;16;7;True
71134;3;4;1;True
71135;6;12;6;True
71136;6;16;10;True
71137;3;4;1;True
71138;8;16;8;True
71139;1;1;0;True
71140;4;9;5;True
71141;4;6;2;True
71142;6;16;10;True
71143;4;6;2;True
71144;4;6;2;True
71145;4;6;2;True
71146;7;16;9;True
71147;5;12;7;True
71148;8;16;8;True
71149;6;12;6;True
71150;2;4;2;True
71151;5;9;4;True
71152;5;6;1;True
71153;5;16;11;True
71154;0;0;0;True
71155;1;1;0;True
71156;3;6;3;True
71157;3;4;1;True
71158;2;4;2;True
71159;3;9;6;True
71160;3;6;3;True
71161;6;12;6;True
71162;6;9;3;True
71163;2;2;0;True
71164;4;9;5;True
71165;4;6;2;True
71166;4;6;2;True
71167;3;6;3;True
71168;3;6;3;True
71169;6;12;6;True
71170;3;6;3;True
71171;2;4;2;True
71172;4;16;12;True
71173;4;9;5;True
71174;1;1;0;True
71175;3;4;1;True
71176;7;16;9;True
71177;7;12;5;True
71178;4;9;5;True
71179;7;16;9;True
71180;2;2;0;True
71181;4;9;5;True
71182;2;2;0;True
71183;3;6;3;True
71184;3;6;3;True
71185;3;6;3;True
71186;3;4;1;True
71187;0;0;0;True
71188;5;12;7;True
71189;2;4;2;True
71190;3;6;3;True
71191;12;16;4;True
71192;7;12;5;True
71193;5;16;11;True
71194;3;6;3;True
71195;3;6;3;True
71196;10;16;6;True
71197;3;6;3;True
71198;1;1;0;True
71199;4;8;4;True
71200;0;0;0;True
71201;7;16;9;True
71202;4;4;0;True
71203;0;0;0;True
71204;8;16;8;True
71205;2;4;2;True
71206;5;12;7;True
71207;2;4;2;True
71208;4;8;4;True
71209;8;16;8;True
71210;1;1;0;True
71211;2;4;2;True
71212;5;16;11;True
71213;3;6;3;True
71214;4;6;2;True
71215;4;6;2;True
71216;0;0;0;True
71217;7;16;9;True
71218;3;6;3;True
71219;5;9;4;True
71220;4;12;8;True
71221;6;12;6;True
71222;1;1;0;True
71223;8;12;4;True
71224;4;6;2;True
71225;3;6;3;True
71226;2;4;2;True
71227;3;4;1;True
71228;0;0;0;True
71229;7;12;5;True
71230;0;0;0;True
71231;2;4;2;True
71232;5;12;7;True
71233;2;4;2;True
71234;6;16;10;True
71235;5;9;4;True
71236;6;9;3;True
71237;0;0;0;True
71238;3;4;1;True
71239;5;9;4;True
71240;5;16;11;True
71241;9;16;7;True
71242;1;1;0;True
71243;0;0;0;True
71244;3;6;3;True
71245;6;12;6;True
71246;1;1;0;True
71247;2;4;2;True
71248;7;16;9;True
71249;4;6;2;True
71250;2;4;2;True
71251;2;4;2;True
71252;5;9;4;True
71253;6;12;6;True
71254;3;6;3;True
71255;4;9;5;True
71256;5;9;4;True
71257;7;12;5;True
71258;4;9;5;True
71259;4;6;2;True
71260;2;2;0;True
71261;8;12;4;True
71262;3;4;1;True
71263;6;16;10;True
71264;3;9;6;True
71265;6;16;10;True
71266;6;12;6;True
71267;1;1;0;True
71268;6;12;6;True
71269;4;6;2;True
71270;6;12;6;True
71271;1;1;0;True
71272;3;6;3;True
71273;6;12;6;True
71274;2;2;0;True
71275;5;9;4;True
71276;4;6;2;True
71277;3;4;1;True
71278;2;4;2;True
71279;2;2;0;True
71280;6;16;10;True
71281;1;1;0;True
71282;2;4;2;True
71283;1;1;0;True
71284;3;6;3;True
71285;1;1;0;True
71286;11;16;5;True
71287;2;4;2;True
71288;2;2;0;True
71289;4;6;2;True
71290;0;0;0;True
71291;0;0;0;True
71292;2;2;0;True
71293;1;1;0;True
71294;0;0;0;True
71295;6;16;10;True
71296;0;0;0;True
71297;3;6;3;True
71298;2;4;2;True
71299;2;4;2;True
71300;2;2;0;True
71301;0;0;0;True
71302;4;12;8;True
71303;2;2;0;True
71304;8;16;8;True
71305;1;1;0;True
71306;3;4;1;True
71307;4;6;2;True
71308;1;1;0;True
71309;6;12;6;True
71310;5;6;1;True
71311;3;4;1;True
71312;1;1;0;True
71313;1;1;0;True
71314;5;8;3;True
71315;5;8;3;True
71316;7;12;5;True
71317;5;12;7;True
71318;9;16;7;True
71319;5;9;4;True
71320;6;12;6;True
71321;6;8;2;True
71322;9;16;7;True
71323;7;12;5;True
71324;3;6;3;True
71325;2;2;0;True
71326;5;9;4;True
71327;5;8;3;True
71328;2;4;2;True
71329;4;8;4;True
71330;4;9;5;True
71331;6;12;6;True
71332;2;2;0;True
71333;2;2;0;True
71334;5;12;7;True
71335;6;12;6;True
71336;7;16;9;True
71337;3;4;1;True
71338;3;3;0;True
71339;4;12;8;True
71340;3;6;3;True
71341;1;1;0;True
71342;7;9;2;True
71343;3;3;0;True
71344;5;9;4;True
71345;2;4;2;True
71346;0;0;0;True
71347;6;12;6;True
71348;7;12;5;True
71349;3;6;3;True
71350;2;2;0;True
71351;5;9;4;True
71352;2;4;2;True
71353;5;9;4;True
71354;2;2;0;True
71355;2;2;0;True
71356;2;2;0;True
71357;1;1;0;True
71358;4;9;5;True
71359;5;9;4;True
71360;5;9;4;True
71361;3;6;3;True
71362;4;12;8;True
71363;2;2;0;True
71364;3;6;3;True
71365;8;16;8;True
71366;3;6;3;True
71367;7;12;5;True
71368;4;6;2;True
71369;3;6;3;True
71370;7;16;9;True
71371;2;2;0;True
71372;2;4;2;True
71373;1;1;0;True
71374;1;1;0;True
71375;4;9;5;True
71376;2;2;0;True
71377;4;6;2;True
71378;2;4;2;True
71379;5;6;1;True
71380;3;9;6;True
71381;3;6;3;True
71382;4;6;2;True
71383;1;1;0;True
71384;5;12;7;True
71385;1;1;0;True
71386;3;6;3;True
71387;6;8;2;True
71388;0;0;0;True
71389;2;4;2;True
71390;1;1;0;True
71391;7;16;9;True
71392;4;9;5;True
71393;4;8;4;True
71394;6;9;3;True
71395;5;12;7;True
71396;4;9;5;True
71397;8;16;8;True
71398;4;9;5;True
71399;0;0;0;True
71400;5;12;7;True
71401;2;2;0;True
71402;5;9;4;True
71403;5;9;4;True
71404;5;8;3;True
71405;5;9;4;True
71406;4;9;5;True
71407;3;9;6;True
71408;3;4;1;True
71409;6;12;6;True
71410;2;2;0;True
71411;4;9;5;True
71412;4;9;5;True
71413;6;16;10;True
71414;5;9;4;True
71415;5;9;4;True
71416;5;12;7;True
71417;4;6;2;True
71418;5;12;7;True
71419;6;12;6;True
71420;1;1;0;True
71421;1;1;0;True
71422;4;9;5;True
71423;4;6;2;True
71424;10;16;6;True
71425;5;12;7;True
71426;3;6;3;True
71427;4;9;5;True
71428;7;12;5;True
71429;2;4;2;True
71430;7;9;2;True
71431;6;9;3;True
71432;3;4;1;True
71433;7;16;9;True
71434;7;16;9;True
71435;3;6;3;True
71436;4;6;2;True
71437;6;12;6;True
71438;1;1;0;True
71439;3;6;3;True
71440;4;9;5;True
71441;9;16;7;True
71442;2;4;2;True
71443;6;12;6;True
71444;2;2;0;True
71445;1;1;0;True
71446;0;0;0;True
71447;5;16;11;True
71448;5;9;4;True
71449;6;12;6;True
71450;2;4;2;True
71451;6;12;6;True
71452;6;12;6;True
71453;2;2;0;True
71454;4;6;2;True
71455;8;16;8;True
71456;3;4;1;True
71457;5;12;7;True
71458;7;12;5;True
71459;2;4;2;True
71460;2;4;2;True
71461;4;9;5;True
71462;7;12;5;True
71463;3;6;3;True
71464;6;9;3;True
71465;4;6;2;True
71466;4;6;2;True
71467;8;16;8;True
71468;0;0;0;True
71469;4;9;5;True
71470;8;12;4;True
71471;4;9;5;True
71472;4;9;5;True
71473;2;2;0;True
71474;3;4;1;True
71475;1;1;0;True
71476;9;16;7;True
71477;1;1;0;True
71478;2;4;2;True
71479;6;12;6;True
71480;10;12;2;True
71481;3;4;1;True
71482;5;9;4;True
71483;6;16;10;True
71484;4;9;5;True
71485;7;16;9;True
71486;7;16;9;True
71487;0;0;0;True
71488;3;4;1;True
71489;3;9;6;True
71490;1;1;0;True
71491;5;12;7;True
71492;3;6;3;True
71493;9;12;3;True
71494;5;9;4;True
71495;4;9;5;True
71496;7;16;9;True
71497;4;9;5;True
71498;1;1;0;True
71499;8;16;8;True
71500;1;1;0;True
71501;8;16;8;True
71502;3;4;1;True
71503;4;6;2;True
71504;1;1;0;True
71505;1;1;0;True
71506;3;3;0;True
71507;2;4;2;True
71508;1;1;0;True
71509;7;16;9;True
71510;7;16;9;True
71511;5;12;7;True
71512;3;9;6;True
71513;6;16;10;True
71514;0;0;0;True
71515;4;6;2;True
71516;9;16;7;True
71517;3;6;3;True
71518;0;0;0;True
71519;1;1;0;True
71520;4;6;2;True
71521;3;6;3;True
71522;3;4;1;True
71523;5;12;7;True
71524;5;9;4;True
71525;5;16;11;True
71526;3;4;1;True
71527;2;2;0;True
71528;4;12;8;True
71529;5;9;4;True
71530;5;9;4;True
71531;5;12;7;True
71532;0;0;0;True
71533;6;12;6;True
71534;6;12;6;True
71535;6;12;6;True
71536;5;9;4;True
71537;2;2;0;True
71538;10;16;6;True
71539;1;1;0;True
71540;4;6;2;True
71541;5;12;7;True
71542;10;16;6;True
71543;3;6;3;True
71544;3;6;3;True
71545;5;12;7;True
71546;3;6;3;True
71547;2;4;2;True
71548;3;9;6;True
71549;10;16;6;True
71550;6;16;10;True
71551;1;1;0;True
71552;6;8;2;True
71553;0;0;0;True
71554;1;1;0;True
71555;4;9;5;True
71556;5;9;4;True
71557;4;12;8;True
71558;1;1;0;True
71559;5;12;7;True
71560;1;1;0;True
71561;5;12;7;True
71562;4;9;5;True
71563;0;0;0;True
71564;1;1;0;True
71565;5;12;7;True
71566;3;6;3;True
71567;6;12;6;True
71568;4;12;8;True
71569;5;8;3;True
71570;4;9;5;True
71571;4;9;5;True
71572;5;12;7;True
71573;2;4;2;True
71574;5;12;7;True
71575;6;12;6;True
71576;0;0;0;True
71577;4;9;5;True
71578;2;2;0;True
71579;5;9;4;True
71580;2;4;2;True
71581;8;12;4;True
71582;0;0;0;True
71583;4;12;8;True
71584;1;1;0;True
71585;3;4;1;True
71586;6;12;6;True
71587;2;2;0;True
71588;2;4;2;True
71589;2;4;2;True
71590;4;6;2;True
71591;5;9;4;True
71592;4;9;5;True
71593;5;16;11;True
71594;3;9;6;True
71595;1;1;0;True
71596;6;12;6;True
71597;6;8;2;True
71598;1;1;0;True
71599;5;8;3;True
71600;2;2;0;True
71601;6;12;6;True
71602;1;1;0;True
71603;1;1;0;True
71604;5;16;11;True
71605;2;2;0;True
71606;1;1;0;True
71607;5;12;7;True
71608;6;16;10;True
71609;7;16;9;True
71610;7;16;9;True
71611;1;1;0;True
71612;4;12;8;True
71613;4;6;2;True
71614;2;4;2;True
71615;4;6;2;True
71616;2;2;0;True
71617;2;4;2;True
71618;3;9;6;True
71619;6;9;3;True
71620;0;0;0;True
71621;6;9;3;True
71622;2;4;2;True
71623;6;16;10;True
71624;9;16;7;True
71625;2;4;2;True
71626;4;9;5;True
71627;3;6;3;True
71628;4;9;5;True
71629;1;1;0;True
71630;2;4;2;True
71631;5;12;7;True
71632;1;1;0;True
71633;6;16;10;True
71634;5;6;1;True
71635;1;1;0;True
71636;3;6;3;True
71637;4;4;0;True
71638;6;12;6;True
71639;1;1;0;True
71640;4;9;5;True
71641;4;9;5;True
71642;5;12;7;True
71643;6;9;3;True
71644;4;9;5;True
71645;0;0;0;True
71646;5;16;11;True
71647;3;6;3;True
71648;6;12;6;True
71649;11;16;5;True
71650;1;1;0;True
71651;3;6;3;True
71652;4;6;2;True
71653;8;12;4;True
71654;5;12;7;True
71655;2;4;2;True
71656;3;4;1;True
71657;7;16;9;True
71658;2;4;2;True
71659;5;8;3;True
71660;6;16;10;True
71661;2;4;2;True
71662;2;4;2;True
71663;9;16;7;True
71664;4;6;2;True
71665;2;2;0;True
71666;0;0;0;True
71667;5;12;7;True
71668;3;4;1;True
71669;3;6;3;True
71670;2;2;0;True
71671;4;9;5;True
71672;4;9;5;True
71673;3;6;3;True
71674;3;9;6;True
71675;4;12;8;True
71676;4;6;2;True
71677;4;12;8;True
71678;3;6;3;True
71679;11;16;5;True
71680;6;12;6;True
71681;1;1;0;True
71682;1;1;0;True
71683;4;9;5;True
71684;2;4;2;True
71685;1;1;0;True
71686;6;12;6;True
71687;4;6;2;True
71688;3;6;3;True
71689;2;2;0;True
71690;4;16;12;True
71691;5;12;7;True
71692;7;16;9;True
71693;0;0;0;True
71694;2;2;0;True
71695;0;0;0;True
71696;4;9;5;True
71697;1;1;0;True
71698;1;1;0;True
71699;3;6;3;True
71700;5;9;4;True
71701;3;9;6;True
71702;6;16;10;True
71703;6;12;6;True
71704;1;1;0;True
71705;9;16;7;True
71706;5;8;3;True
71707;2;4;2;True
71708;2;4;2;True
71709;3;6;3;True
71710;0;0;0;True
71711;3;9;6;True
71712;1;1;0;True
71713;3;6;3;True
71714;2;4;2;True
71715;1;1;0;True
71716;5;12;7;True
71717;1;1;0;True
71718;2;2;0;True
71719;3;9;6;True
71720;4;16;12;True
71721;5;16;11;True
71722;3;6;3;True
71723;6;12;6;True
71724;3;6;3;True
71725;2;2;0;True
71726;5;16;11;True
71727;1;1;0;True
71728;3;9;6;True
71729;3;4;1;True
71730;9;16;7;True
71731;2;2;0;True
71732;4;9;5;True
71733;3;6;3;True
71734;3;4;1;True
71735;5;12;7;True
71736;3;6;3;True
71737;2;4;2;True
71738;6;16;10;True
71739;6;16;10;True
71740;4;12;8;True
71741;2;2;0;True
71742;3;3;0;True
71743;1;1;0;True
71744;7;16;9;True
71745;2;4;2;True
71746;0;0;0;True
71747;7;16;9;True
71748;6;12;6;True
71749;7;12;5;True
71750;3;6;3;True
71751;5;12;7;True
71752;4;9;5;True
71753;6;9;3;True
71754;2;4;2;True
71755;5;9;4;True
71756;7;12;5;True
71757;4;9;5;True
71758;4;9;5;True
71759;2;4;2;True
71760;6;12;6;True
71761;5;12;7;True
71762;3;6;3;True
71763;7;12;5;True
71764;6;16;10;True
71765;4;6;2;True
71766;5;12;7;True
71767;7;12;5;True
71768;6;8;2;True
71769;9;16;7;True
71770;5;12;7;True
71771;3;9;6;True
71772;4;12;8;True
71773;4;12;8;True
71774;5;8;3;True
71775;4;6;2;True
71776;4;9;5;True
71777;0;0;0;True
71778;4;12;8;True
71779;7;16;9;True
71780;2;4;2;True
71781;2;4;2;True
71782;6;12;6;True
71783;6;12;6;True
71784;3;4;1;True
71785;1;1;0;True
71786;1;1;0;True
71787;1;1;0;True
71788;2;4;2;True
71789;3;6;3;True
71790;2;4;2;True
71791;1;1;0;True
71792;1;1;0;True
71793;3;6;3;True
71794;2;2;0;True
71795;4;6;2;True
71796;3;6;3;True
71797;0;0;0;True
71798;7;16;9;True
71799;3;6;3;True
71800;2;4;2;True
71801;3;3;0;True
71802;0;0;0;True
71803;3;9;6;True
71804;4;6;2;True
71805;3;4;1;True
71806;7;16;9;True
71807;3;6;3;True
71808;5;16;11;True
71809;2;4;2;True
71810;4;9;5;True
71811;5;9;4;True
71812;2;4;2;True
71813;4;12;8;True
71814;1;1;0;True
71815;3;9;6;True
71816;4;9;5;True
71817;5;9;4;True
71818;4;9;5;True
71819;6;8;2;True
71820;3;6;3;True
71821;5;12;7;True
71822;4;12;8;True
71823;7;16;9;True
71824;3;4;1;True
71825;2;4;2;True
71826;6;16;10;True
71827;2;4;2;True
71828;5;12;7;True
71829;2;4;2;True
71830;3;9;6;True
71831;4;16;12;True
71832;7;12;5;True
71833;2;4;2;True
71834;2;4;2;True
71835;3;9;6;True
71836;3;6;3;True
71837;2;2;0;True
71838;4;6;2;True
71839;7;16;9;True
71840;2;2;0;True
71841;3;6;3;True
71842;3;6;3;True
71843;1;1;0;True
71844;6;16;10;True
71845;7;12;5;True
71846;8;12;4;True
71847;1;1;0;True
71848;4;9;5;True
71849;5;12;7;True
71850;5;9;4;True
71851;4;9;5;True
71852;6;12;6;True
71853;2;4;2;True
71854;3;9;6;True
71855;3;6;3;True
71856;2;2;0;True
71857;6;9;3;True
71858;1;1;0;True
71859;3;9;6;True
71860;2;4;2;True
71861;0;0;0;True
71862;7;12;5;True
71863;5;12;7;True
71864;3;3;0;True
71865;2;4;2;True
71866;4;9;5;True
71867;6;9;3;True
71868;7;16;9;True
71869;1;1;0;True
71870;2;2;0;True
71871;4;6;2;True
71872;3;4;1;True
71873;5;12;7;True
71874;5;12;7;True
71875;2;4;2;True
71876;4;9;5;True
71877;2;4;2;True
71878;6;12;6;True
71879;2;4;2;True
71880;2;2;0;True
71881;2;4;2;True
71882;2;4;2;True
71883;3;4;1;True
71884;2;4;2;True
71885;3;4;1;True
71886;1;1;0;True
71887;6;12;6;True
71888;1;1;0;True
71889;2;4;2;True
71890;4;9;5;True
71891;2;2;0;True
71892;2;4;2;True
71893;8;12;4;True
71894;1;1;0;True
71895;3;6;3;True
71896;6;12;6;True
71897;5;9;4;True
71898;3;6;3;True
71899;3;9;6;True
71900;1;1;0;True
71901;2;2;0;True
71902;2;2;0;True
71903;7;12;5;True
71904;2;4;2;True
71905;1;1;0;True
71906;5;12;7;True
71907;1;1;0;True
71908;3;9;6;True
71909;1;1;0;True
71910;3;6;3;True
71911;5;8;3;True
71912;2;4;2;True
71913;7;16;9;True
71914;1;1;0;True
71915;1;1;0;True
71916;7;16;9;True
71917;3;4;1;True
71918;0;0;0;True
71919;8;16;8;True
71920;8;16;8;True
71921;2;2;0;True
71922;4;6;2;True
71923;1;1;0;True
71924;2;4;2;True
71925;4;6;2;True
71926;4;6;2;True
71927;3;9;6;True
71928;0;0;0;True
71929;2;4;2;True
71930;2;2;0;True
71931;6;12;6;True
71932;2;4;2;True
71933;6;16;10;True
71934;3;6;3;True
71935;3;6;3;True
71936;5;16;11;True
71937;7;16;9;True
71938;7;16;9;True
71939;4;9;5;True
71940;1;1;0;True
71941;3;6;3;True
71942;1;1;0;True
71943;3;6;3;True
71944;5;9;4;True
71945;0;0;0;True
71946;3;6;3;True
71947;5;12;7;True
71948;2;4;2;True
71949;1;1;0;True
71950;3;6;3;True
71951;2;4;2;True
71952;4;9;5;True
71953;3;9;6;True
71954;1;1;0;True
71955;3;4;1;True
71956;0;0;0;True
71957;2;2;0;True
71958;3;6;3;True
71959;6;12;6;True
71960;6;12;6;True
71961;5;12;7;True
71962;4;12;8;True
71963;3;4;1;True
71964;3;9;6;True
71965;5;16;11;True
71966;1;1;0;True
71967;4;9;5;True
71968;3;4;1;True
71969;3;9;6;True
71970;2;2;0;True
71971;2;2;0;True
71972;5;16;11;True
71973;3;3;0;True
71974;3;6;3;True
71975;2;4;2;True
71976;4;4;0;True
71977;10;16;6;True
71978;1;1;0;True
71979;2;2;0;True
71980;3;4;1;True
71981;1;1;0;True
71982;4;9;5;True
71983;2;4;2;True
71984;4;6;2;True
71985;4;12;8;True
71986;4;6;2;True
71987;5;9;4;True
71988;2;2;0;True
71989;4;9;5;True
71990;2;4;2;True
71991;5;9;4;True
71992;3;6;3;True
71993;1;1;0;True
71994;1;1;0;True
71995;2;2;0;True
71996;5;16;11;True
71997;6;12;6;True
71998;2;4;2;True
71999;5;12;7;True
72000;3;4;1;True
72001;4;12;8;True
72002;8;12;4;True
72003;6;16;10;True
72004;2;4;2;True
72005;5;12;7;True
72006;4;9;5;True
72007;1;1;0;True
72008;3;3;0;True
72009;1;1;0;True
72010;8;16;8;True
72011;1;1;0;True
72012;6;12;6;True
72013;2;2;0;True
72014;5;12;7;True
72015;7;12;5;True
72016;2;4;2;True
72017;4;12;8;True
72018;3;6;3;True
72019;3;6;3;True
72020;1;1;0;True
72021;4;9;5;True
72022;10;16;6;True
72023;1;1;0;True
72024;4;9;5;True
72025;5;12;7;True
72026;6;12;6;True
72027;7;12;5;True
72028;5;16;11;True
72029;2;4;2;True
72030;2;4;2;True
72031;0;0;0;True
72032;2;4;2;True
72033;1;1;0;True
72034;4;6;2;True
72035;5;9;4;True
72036;3;6;3;True
72037;2;2;0;True
72038;0;0;0;True
72039;3;6;3;True
72040;7;12;5;True
72041;5;8;3;True
72042;4;9;5;True
72043;3;4;1;True
72044;2;4;2;True
72045;6;12;6;True
72046;5;12;7;True
72047;4;6;2;True
72048;5;12;7;True
72049;1;1;0;True
72050;3;9;6;True
72051;2;2;0;True
72052;3;6;3;True
72053;1;1;0;True
72054;1;1;0;True
72055;1;1;0;True
72056;2;4;2;True
72057;2;2;0;True
72058;5;9;4;True
72059;1;1;0;True
72060;5;9;4;True
72061;7;16;9;True
72062;2;4;2;True
72063;2;4;2;True
72064;10;16;6;True
72065;1;1;0;True
72066;4;9;5;True
72067;3;3;0;True
72068;3;6;3;True
72069;5;6;1;True
72070;7;16;9;True
72071;2;4;2;True
72072;6;9;3;True
72073;7;12;5;True
72074;5;9;4;True
72075;6;16;10;True
72076;2;2;0;True
72077;0;0;0;True
72078;4;9;5;True
72079;5;8;3;True
72080;2;4;2;True
72081;7;16;9;True
72082;2;2;0;True
72083;0;0;0;True
72084;7;16;9;True
72085;4;12;8;True
72086;5;8;3;True
72087;5;6;1;True
72088;1;1;0;True
72089;9;16;7;True
72090;10;16;6;True
72091;1;1;0;True
72092;3;6;3;True
72093;3;9;6;True
72094;2;4;2;True
72095;2;4;2;True
72096;2;2;0;True
72097;3;6;3;True
72098;3;6;3;True
72099;7;12;5;True
72100;5;9;4;True
72101;1;1;0;True
72102;4;9;5;True
72103;4;6;2;True
72104;1;1;0;True
72105;6;12;6;True
72106;4;8;4;True
72107;7;12;5;True
72108;3;6;3;True
72109;6;12;6;True
72110;5;12;7;True
72111;4;6;2;True
72112;3;6;3;True
72113;1;1;0;True
72114;5;6;1;True
72115;1;1;0;True
72116;0;0;0;True
72117;1;1;0;True
72118;1;1;0;True
72119;2;2;0;True
72120;4;9;5;True
72121;9;16;7;True
72122;1;1;0;True
72123;2;2;0;True
72124;6;12;6;True
72125;2;2;0;True
72126;7;12;5;True
72127;2;2;0;True
72128;1;1;0;True
72129;5;9;4;True
72130;3;9;6;True
72131;7;16;9;True
72132;6;12;6;True
72133;8;12;4;True
72134;8;16;8;True
72135;6;16;10;True
72136;5;12;7;True
72137;2;4;2;True
72138;1;1;0;True
72139;2;2;0;True
72140;5;9;4;True
72141;6;16;10;True
72142;5;6;1;True
72143;6;9;3;True
72144;2;4;2;True
72145;4;12;8;True
72146;11;16;5;True
72147;3;6;3;True
72148;2;2;0;True
72149;4;9;5;True
72150;5;12;7;True
72151;0;0;0;True
72152;2;2;0;True
72153;0;0;0;True
72154;6;16;10;True
72155;1;1;0;True
72156;1;1;0;True
72157;4;6;2;True
72158;5;12;7;True
72159;2;4;2;True
72160;4;12;8;True
72161;6;12;6;True
72162;1;1;0;True
72163;4;6;2;True
72164;1;1;0;True
72165;3;6;3;True
72166;6;9;3;True
72167;2;4;2;True
72168;2;4;2;True
72169;3;9;6;True
72170;7;16;9;True
72171;1;1;0;True
72172;8;16;8;True
72173;6;12;6;True
72174;4;9;5;True
72175;2;4;2;True
72176;3;6;3;True
72177;2;4;2;True
72178;8;16;8;True
72179;2;2;0;True
72180;4;9;5;True
72181;5;9;4;True
72182;10;16;6;True
72183;2;4;2;True
72184;5;16;11;True
72185;5;9;4;True
72186;3;6;3;True
72187;3;6;3;True
72188;4;9;5;True
72189;6;9;3;True
72190;6;16;10;True
72191;4;8;4;True
72192;4;6;2;True
72193;5;8;3;True
72194;7;9;2;True
72195;5;9;4;True
72196;1;1;0;True
72197;1;1;0;True
72198;2;2;0;True
72199;2;2;0;True
72200;5;9;4;True
72201;1;1;0;True
72202;6;16;10;True
72203;8;16;8;True
72204;1;1;0;True
72205;4;9;5;True
72206;5;9;4;True
72207;0;0;0;True
72208;3;6;3;True
72209;5;6;1;True
72210;1;1;0;True
72211;4;9;5;True
72212;5;9;4;True
72213;2;2;0;True
72214;4;9;5;True
72215;6;12;6;True
72216;3;3;0;True
72217;8;12;4;True
72218;8;16;8;True
72219;2;4;2;True
72220;3;4;1;True
72221;5;9;4;True
72222;5;12;7;True
72223;0;0;0;True
72224;1;1;0;True
72225;1;1;0;True
72226;3;6;3;True
72227;2;4;2;True
72228;1;1;0;True
72229;3;6;3;True
72230;6;16;10;True
72231;3;4;1;True
72232;7;16;9;True
72233;4;6;2;True
72234;4;9;5;True
72235;6;16;10;True
72236;4;9;5;True
72237;3;6;3;True
72238;5;8;3;True
72239;3;6;3;True
72240;3;6;3;True
72241;3;6;3;True
72242;4;9;5;True
72243;6;12;6;True
72244;4;4;0;True
72245;1;1;0;True
72246;3;4;1;True
72247;3;6;3;True
72248;4;9;5;True
72249;4;12;8;True
72250;10;16;6;True
72251;8;12;4;True
72252;2;4;2;True
72253;1;1;0;True
72254;5;8;3;True
72255;6;16;10;True
72256;4;6;2;True
72257;3;4;1;True
72258;1;1;0;True
72259;9;16;7;True
72260;4;6;2;True
72261;5;9;4;True
72262;3;4;1;True
72263;5;9;4;True
72264;2;4;2;True
72265;1;1;0;True
72266;3;9;6;True
72267;4;12;8;True
72268;4;12;8;True
72269;3;6;3;True
72270;2;4;2;True
72271;5;8;3;True
72272;6;8;2;True
72273;1;1;0;True
72274;4;6;2;True
72275;5;9;4;True
72276;2;4;2;True
72277;1;1;0;True
72278;5;9;4;True
72279;5;12;7;True
72280;3;6;3;True
72281;9;16;7;True
72282;5;12;7;True
72283;9;16;7;True
72284;2;2;0;True
72285;4;6;2;True
72286;1;1;0;True
72287;5;12;7;True
72288;10;16;6;True
72289;0;0;0;True
72290;3;4;1;True
72291;5;16;11;True
72292;9;16;7;True
72293;5;12;7;True
72294;5;9;4;True
72295;0;0;0;True
72296;2;4;2;True
72297;4;12;8;True
72298;0;0;0;True
72299;4;9;5;True
72300;3;4;1;True
72301;7;16;9;True
72302;4;12;8;True
72303;0;0;0;True
72304;11;16;5;True
72305;7;12;5;True
72306;6;8;2;True
72307;3;9;6;True
72308;5;6;1;True
72309;7;12;5;True
72310;2;2;0;True
72311;3;9;6;True
72312;1;1;0;True
72313;5;12;7;True
72314;4;9;5;True
72315;1;1;0;True
72316;4;9;5;True
72317;3;4;1;True
72318;2;4;2;True
72319;4;9;5;True
72320;5;12;7;True
72321;1;1;0;True
72322;4;6;2;True
72323;3;3;0;True
72324;5;9;4;True
72325;7;16;9;True
72326;3;4;1;True
72327;1;1;0;True
72328;2;2;0;True
72329;8;12;4;True
72330;2;4;2;True
72331;4;9;5;True
72332;4;6;2;True
72333;2;4;2;True
72334;2;2;0;True
72335;1;1;0;True
72336;4;6;2;True
72337;6;9;3;True
72338;3;6;3;True
72339;2;4;2;True
72340;2;2;0;True
72341;5;9;4;True
72342;8;9;1;True
72343;2;4;2;True
72344;6;9;3;True
72345;2;4;2;True
72346;5;16;11;True
72347;2;4;2;True
72348;2;4;2;True
72349;4;12;8;True
72350;2;2;0;True
72351;3;3;0;True
72352;4;16;12;True
72353;1;1;0;True
72354;3;6;3;True
72355;6;12;6;True
72356;1;1;0;True
72357;3;9;6;True
72358;0;0;0;True
72359;6;12;6;True
72360;4;9;5;True
72361;7;16;9;True
72362;3;9;6;True
72363;5;9;4;True
72364;7;12;5;True
72365;4;6;2;True
72366;7;16;9;True
72367;4;12;8;True
72368;3;3;0;True
72369;0;0;0;True
72370;1;1;0;True
72371;4;8;4;True
72372;1;1;0;True
72373;5;12;7;True
72374;4;6;2;True
72375;3;4;1;True
72376;2;4;2;True
72377;3;6;3;True
72378;5;12;7;True
72379;0;0;0;True
72380;5;8;3;True
72381;2;2;0;True
72382;6;12;6;True
72383;7;12;5;True
72384;3;6;3;True
72385;5;8;3;True
72386;6;12;6;True
72387;5;9;4;True
72388;6;12;6;True
72389;5;12;7;True
72390;5;12;7;True
72391;2;2;0;True
72392;0;0;0;True
72393;3;6;3;True
72394;3;4;1;True
72395;4;9;5;True
72396;4;9;5;True
72397;4;6;2;True
72398;1;1;0;True
72399;2;2;0;True
72400;3;9;6;True
72401;5;16;11;True
72402;4;12;8;True
72403;5;12;7;True
72404;3;9;6;True
72405;9;16;7;True
72406;2;4;2;True
72407;3;9;6;True
72408;4;12;8;True
72409;5;12;7;True
72410;3;4;1;True
72411;2;2;0;True
72412;2;2;0;True
72413;0;0;0;True
72414;7;16;9;True
72415;2;2;0;True
72416;5;6;1;True
72417;6;9;3;True
72418;3;6;3;True
72419;7;16;9;True
72420;2;4;2;True
72421;2;4;2;True
72422;5;8;3;True
72423;1;1;0;True
72424;6;12;6;True
72425;2;2;0;True
72426;5;9;4;True
72427;6;12;6;True
72428;2;4;2;True
72429;2;4;2;True
72430;3;4;1;True
72431;6;16;10;True
72432;2;2;0;True
72433;8;16;8;True
72434;4;9;5;True
72435;4;6;2;True
72436;2;4;2;True
72437;4;9;5;True
72438;6;12;6;True
72439;8;16;8;True
72440;1;1;0;True
72441;2;4;2;True
72442;1;1;0;True
72443;4;9;5;True
72444;2;4;2;True
72445;0;0;0;True
72446;0;0;0;True
72447;6;12;6;True
72448;5;9;4;True
72449;7;16;9;True
72450;3;6;3;True
72451;6;9;3;True
72452;3;6;3;True
72453;3;4;1;True
72454;3;9;6;True
72455;3;4;1;True
72456;2;2;0;True
72457;7;12;5;True
72458;3;6;3;True
72459;4;8;4;True
72460;4;12;8;True
72461;5;9;4;True
72462;3;4;1;True
72463;6;9;3;True
72464;5;12;7;True
72465;3;6;3;True
72466;2;4;2;True
72467;0;0;0;True
72468;6;12;6;True
72469;1;1;0;True
72470;4;12;8;True
72471;3;6;3;True
72472;3;4;1;True
72473;9;16;7;True
72474;3;6;3;True
72475;6;12;6;True
72476;3;6;3;True
72477;1;1;0;True
72478;2;4;2;True
72479;1;1;0;True
72480;5;9;4;True
72481;1;1;0;True
72482;6;16;10;True
72483;8;16;8;True
72484;0;0;0;True
72485;1;1;0;True
72486;1;1;0;True
72487;9;16;7;True
72488;4;6;2;True
72489;2;4;2;True
72490;8;12;4;True
72491;4;6;2;True
72492;3;4;1;True
72493;4;4;0;True
72494;2;4;2;True
72495;3;4;1;True
72496;4;8;4;True
72497;5;12;7;True
72498;5;12;7;True
72499;1;1;0;True
72500;2;2;0;True
72501;3;4;1;True
72502;1;1;0;True
72503;6;12;6;True
72504;4;9;5;True
72505;3;4;1;True
72506;7;16;9;True
72507;9;16;7;True
72508;1;1;0;True
72509;5;9;4;True
72510;7;12;5;True
72511;2;4;2;True
72512;3;6;3;True
72513;4;9;5;True
72514;9;12;3;True
72515;2;4;2;True
72516;1;1;0;True
72517;7;16;9;True
72518;3;4;1;True
72519;3;9;6;True
72520;2;4;2;True
72521;7;12;5;True
72522;3;9;6;True
72523;5;8;3;True
72524;3;6;3;True
72525;8;16;8;True
72526;4;9;5;True
72527;9;16;7;True
72528;8;16;8;True
72529;4;6;2;True
72530;7;12;5;True
72531;3;6;3;True
72532;5;6;1;True
72533;6;16;10;True
72534;2;4;2;True
72535;6;12;6;True
72536;3;6;3;True
72537;1;1;0;True
72538;4;12;8;True
72539;2;2;0;True
72540;3;9;6;True
72541;1;1;0;True
72542;1;1;0;True
72543;2;4;2;True
72544;3;6;3;True
72545;1;1;0;True
72546;6;12;6;True
72547;5;9;4;True
72548;8;12;4;True
72549;2;2;0;True
72550;3;4;1;True
72551;5;9;4;True
72552;4;9;5;True
72553;3;6;3;True
72554;9;16;7;True
72555;1;1;0;True
72556;1;1;0;True
72557;6;12;6;True
72558;10;16;6;True
72559;10;16;6;True
72560;2;4;2;True
72561;4;8;4;True
72562;8;16;8;True
72563;0;0;0;True
72564;6;16;10;True
72565;2;4;2;True
72566;2;4;2;True
72567;3;6;3;True
72568;3;6;3;True
72569;3;6;3;True
72570;6;12;6;True
72571;5;12;7;True
72572;5;12;7;True
72573;6;12;6;True
72574;6;16;10;True
72575;4;12;8;True
72576;2;4;2;True
72577;6;9;3;True
72578;4;6;2;True
72579;7;12;5;True
72580;2;4;2;True
72581;6;12;6;True
72582;1;1;0;True
72583;4;8;4;True
72584;4;6;2;True
72585;2;2;0;True
72586;7;12;5;True
72587;2;4;2;True
72588;2;4;2;True
72589;6;16;10;True
72590;3;6;3;True
72591;4;9;5;True
72592;3;4;1;True
72593;1;1;0;True
72594;8;16;8;True
72595;2;4;2;True
72596;7;16;9;True
72597;7;12;5;True
72598;2;4;2;True
72599;2;4;2;True
72600;0;0;0;True
72601;4;9;5;True
72602;1;1;0;True
72603;4;8;4;True
72604;2;2;0;True
72605;3;9;6;True
72606;4;8;4;True
72607;5;9;4;True
72608;2;2;0;True
72609;1;1;0;True
72610;6;12;6;True
72611;1;1;0;True
72612;2;2;0;True
72613;8;16;8;True
72614;1;1;0;True
72615;6;9;3;True
72616;3;4;1;True
72617;8;12;4;True
72618;4;6;2;True
72619;7;16;9;True
72620;6;16;10;True
72621;2;2;0;True
72622;5;8;3;True
72623;2;4;2;True
72624;6;12;6;True
72625;3;9;6;True
72626;3;6;3;True
72627;4;12;8;True
72628;6;12;6;True
72629;1;1;0;True
72630;4;9;5;True
72631;8;16;8;True
72632;0;0;0;True
72633;6;12;6;True
72634;3;3;0;True
72635;6;12;6;True
72636;4;8;4;True
72637;4;9;5;True
72638;6;16;10;True
72639;3;6;3;True
72640;2;4;2;True
72641;6;12;6;True
72642;0;0;0;True
72643;4;6;2;True
72644;4;9;5;True
72645;2;4;2;True
72646;0;0;0;True
72647;2;2;0;True
72648;1;1;0;True
72649;4;6;2;True
72650;4;12;8;True
72651;4;9;5;True
72652;6;9;3;True
72653;4;6;2;True
72654;1;1;0;True
72655;4;9;5;True
72656;0;0;0;True
72657;0;0;0;True
72658;7;16;9;True
72659;4;9;5;True
72660;5;9;4;True
72661;0;0;0;True
72662;5;6;1;True
72663;2;2;0;True
72664;2;4;2;True
72665;0;0;0;True
72666;3;4;1;True
72667;1;1;0;True
72668;6;12;6;True
72669;4;8;4;True
72670;0;0;0;True
72671;3;6;3;True
72672;4;16;12;True
72673;1;1;0;True
72674;5;6;1;True
72675;4;12;8;True
72676;7;12;5;True
72677;1;1;0;True
72678;4;6;2;True
72679;3;6;3;True
72680;3;6;3;True
72681;7;16;9;True
72682;3;6;3;True
72683;3;9;6;True
72684;7;12;5;True
72685;3;6;3;True
72686;2;4;2;True
72687;4;6;2;True
72688;7;12;5;True
72689;6;16;10;True
72690;1;1;0;True
72691;3;6;3;True
72692;5;8;3;True
72693;8;16;8;True
72694;1;1;0;True
72695;3;6;3;True
72696;2;4;2;True
72697;3;6;3;True
72698;1;1;0;True
72699;9;16;7;True
72700;9;12;3;True
72701;6;9;3;True
72702;3;6;3;True
72703;4;6;2;True
72704;4;6;2;True
72705;2;4;2;True
72706;2;4;2;True
72707;4;9;5;True
72708;6;9;3;True
72709;6;9;3;True
72710;4;6;2;True
72711;8;16;8;True
72712;9;16;7;True
72713;7;16;9;True
72714;2;2;0;True
72715;4;9;5;True
72716;6;16;10;True
72717;8;16;8;True
72718;1;1;0;True
72719;1;1;0;True
72720;4;9;5;True
72721;2;4;2;True
72722;3;9;6;True
72723;5;9;4;True
72724;2;4;2;True
72725;2;4;2;True
72726;7;16;9;True
72727;4;12;8;True
72728;2;2;0;True
72729;1;1;0;True
72730;2;4;2;True
72731;5;8;3;True
72732;3;6;3;True
72733;2;4;2;True
72734;5;16;11;True
72735;4;8;4;True
72736;8;16;8;True
72737;7;16;9;True
72738;7;12;5;True
72739;3;9;6;True
72740;3;4;1;True
72741;1;1;0;True
72742;3;9;6;True
72743;5;12;7;True
72744;2;2;0;True
72745;2;2;0;True
72746;5;12;7;True
72747;7;16;9;True
72748;6;12;6;True
72749;1;1;0;True
72750;5;9;4;True
72751;0;0;0;True
72752;6;16;10;True
72753;1;1;0;True
72754;3;6;3;True
72755;2;2;0;True
72756;4;9;5;True
72757;8;16;8;True
72758;4;6;2;True
72759;1;1;0;True
72760;1;1;0;True
72761;2;2;0;True
72762;4;9;5;True
72763;0;0;0;True
72764;2;4;2;True
72765;5;16;11;True
72766;4;6;2;True
72767;6;12;6;True
72768;5;9;4;True
72769;4;6;2;True
72770;5;8;3;True
72771;2;4;2;True
72772;4;6;2;True
72773;4;8;4;True
72774;6;16;10;True
72775;5;9;4;True
72776;3;9;6;True
72777;4;6;2;True
72778;4;12;8;True
72779;3;6;3;True
72780;7;16;9;True
72781;2;4;2;True
72782;7;12;5;True
72783;4;8;4;True
72784;3;6;3;True
72785;6;12;6;True
72786;6;16;10;True
72787;5;12;7;True
72788;4;4;0;True
72789;4;9;5;True
72790;5;12;7;True
72791;2;4;2;True
72792;7;16;9;True
72793;4;9;5;True
72794;5;9;4;True
72795;0;0;0;True
72796;5;9;4;True
72797;0;0;0;True
72798;3;4;1;True
72799;1;1;0;True
72800;5;9;4;True
72801;3;6;3;True
72802;4;8;4;True
72803;2;4;2;True
72804;8;16;8;True
72805;3;6;3;True
72806;4;6;2;True
72807;2;2;0;True
72808;2;2;0;True
72809;2;4;2;True
72810;2;2;0;True
72811;3;9;6;True
72812;6;8;2;True
72813;5;12;7;True
72814;3;9;6;True
72815;8;16;8;True
72816;4;9;5;True
72817;5;12;7;True
72818;4;9;5;True
72819;6;16;10;True
72820;1;1;0;True
72821;5;6;1;True
72822;2;4;2;True
72823;5;16;11;True
72824;4;12;8;True
72825;6;12;6;True
72826;0;0;0;True
72827;3;6;3;True
72828;2;4;2;True
72829;5;12;7;True
72830;4;12;8;True
72831;1;1;0;True
72832;2;4;2;True
72833;6;16;10;True
72834;3;6;3;True
72835;4;12;8;True
72836;0;0;0;True
72837;1;1;0;True
72838;6;12;6;True
72839;6;12;6;True
72840;1;1;0;True
72841;5;9;4;True
72842;4;6;2;True
72843;6;16;10;True
72844;6;16;10;True
72845;1;1;0;True
72846;6;12;6;True
72847;4;12;8;True
72848;10;16;6;True
72849;0;0;0;True
72850;9;12;3;True
72851;2;4;2;True
72852;3;4;1;True
72853;5;8;3;True
72854;2;4;2;True
72855;8;12;4;True
72856;4;12;8;True
72857;6;16;10;True
72858;3;9;6;True
72859;6;12;6;True
72860;4;9;5;True
72861;1;1;0;True
72862;1;1;0;True
72863;7;16;9;True
72864;2;4;2;True
72865;4;6;2;True
72866;4;6;2;True
72867;4;6;2;True
72868;2;4;2;True
72869;3;9;6;True
72870;5;12;7;True
72871;2;4;2;True
72872;3;6;3;True
72873;8;9;1;True
72874;0;0;0;True
72875;0;0;0;True
72876;2;2;0;True
72877;0;0;0;True
72878;5;9;4;True
72879;1;1;0;True
72880;3;4;1;True
72881;6;12;6;True
72882;2;4;2;True
72883;1;1;0;True
72884;3;6;3;True
72885;6;9;3;True
72886;4;9;5;True
72887;5;12;7;True
72888;0;0;0;True
72889;7;16;9;True
72890;7;12;5;True
72891;0;0;0;True
72892;7;16;9;True
72893;4;9;5;True
72894;4;6;2;True
72895;7;12;5;True
72896;2;4;2;True
72897;3;6;3;True
72898;2;2;0;True
72899;9;16;7;True
72900;8;16;8;True
72901;0;0;0;True
72902;2;4;2;True
72903;4;12;8;True
72904;4;6;2;True
72905;8;16;8;True
72906;6;16;10;True
72907;7;16;9;True
72908;4;9;5;True
72909;6;12;6;True
72910;5;12;7;True
72911;3;3;0;True
72912;3;4;1;True
72913;9;12;3;True
72914;3;9;6;True
72915;6;16;10;True
72916;3;6;3;True
72917;6;12;6;True
72918;4;9;5;True
72919;0;0;0;True
72920;5;9;4;True
72921;4;6;2;True
72922;6;12;6;True
72923;3;4;1;True
72924;5;9;4;True
72925;5;9;4;True
72926;2;2;0;True
72927;4;8;4;True
72928;5;9;4;True
72929;1;1;0;True
72930;9;16;7;True
72931;6;12;6;True
72932;4;9;5;True
72933;4;9;5;True
72934;7;16;9;True
72935;10;16;6;True
72936;4;6;2;True
72937;4;9;5;True
72938;7;16;9;True
72939;10;16;6;True
72940;2;2;0;True
72941;4;9;5;True
72942;5;12;7;True
72943;3;6;3;True
72944;6;12;6;True
72945;0;0;0;True
72946;4;9;5;True
72947;1;1;0;True
72948;8;16;8;True
72949;4;12;8;True
72950;4;8;4;True
72951;2;4;2;True
72952;2;4;2;True
72953;3;3;0;True
72954;7;16;9;True
72955;3;9;6;True
72956;4;9;5;True
72957;6;12;6;True
72958;2;4;2;True
72959;2;4;2;True
72960;6;16;10;True
72961;2;2;0;True
72962;6;16;10;True
72963;1;1;0;True
72964;6;16;10;True
72965;6;16;10;True
72966;8;16;8;True
72967;2;4;2;True
72968;5;12;7;True
72969;4;8;4;True
72970;3;6;3;True
72971;6;16;10;True
72972;6;16;10;True
72973;7;12;5;True
72974;1;1;0;True
72975;3;6;3;True
72976;4;9;5;True
72977;1;1;0;True
72978;2;2;0;True
72979;4;12;8;True
72980;7;16;9;True
72981;2;4;2;True
72982;2;4;2;True
72983;5;12;7;True
72984;4;9;5;True
72985;1;1;0;True
72986;3;4;1;True
72987;6;16;10;True
72988;5;9;4;True
72989;1;1;0;True
72990;4;9;5;True
72991;8;12;4;True
72992;4;12;8;True
72993;2;4;2;True
72994;6;16;10;True
72995;1;1;0;True
72996;0;0;0;True
72997;1;1;0;True
72998;1;1;0;True
72999;1;1;0;True
73000;8;16;8;True
73001;0;0;0;True
73002;8;12;4;True
73003;0;0;0;True
73004;5;6;1;True
73005;0;0;0;True
73006;2;2;0;True
73007;2;2;0;True
73008;7;16;9;True
73009;11;16;5;True
73010;3;6;3;True
73011;8;16;8;True
73012;2;2;0;True
73013;1;1;0;True
73014;8;9;1;True
73015;2;4;2;True
73016;7;16;9;True
73017;2;4;2;True
73018;1;1;0;True
73019;5;16;11;True
73020;2;2;0;True
73021;3;6;3;True
73022;2;2;0;True
73023;0;0;0;True
73024;0;0;0;True
73025;2;4;2;True
73026;2;4;2;True
73027;2;2;0;True
73028;7;12;5;True
73029;3;6;3;True
73030;6;12;6;True
73031;2;4;2;True
73032;5;16;11;True
73033;6;9;3;True
73034;1;1;0;True
73035;7;16;9;True
73036;3;6;3;True
73037;1;1;0;True
73038;8;16;8;True
73039;2;4;2;True
73040;6;12;6;True
73041;3;4;1;True
73042;2;4;2;True
73043;3;6;3;True
73044;0;0;0;True
73045;3;6;3;True
73046;3;6;3;True
73047;2;4;2;True
73048;1;1;0;True
73049;4;6;2;True
73050;5;12;7;True
73051;3;9;6;True
73052;2;4;2;True
73053;2;4;2;True
73054;2;2;0;True
73055;3;4;1;True
73056;4;4;0;True
73057;4;9;5;True
73058;5;9;4;True
73059;3;3;0;True
73060;0;0;0;True
73061;6;9;3;True
73062;4;6;2;True
73063;7;16;9;True
73064;2;4;2;True
73065;3;6;3;True
73066;1;1;0;True
73067;2;2;0;True
73068;3;4;1;True
73069;5;12;7;True
73070;0;0;0;True
73071;7;12;5;True
73072;5;12;7;True
73073;4;8;4;True
73074;1;1;0;True
73075;8;12;4;True
73076;4;9;5;True
73077;0;0;0;True
73078;9;16;7;True
73079;1;1;0;True
73080;4;12;8;True
73081;3;6;3;True
73082;7;16;9;True
73083;5;12;7;True
73084;2;2;0;True
73085;6;12;6;True
73086;2;4;2;True
73087;2;2;0;True
73088;7;16;9;True
73089;3;3;0;True
73090;1;1;0;True
73091;8;16;8;True
73092;6;12;6;True
73093;7;16;9;True
73094;0;0;0;True
73095;3;9;6;True
73096;2;2;0;True
73097;5;8;3;True
73098;6;12;6;True
73099;2;4;2;True
73100;5;9;4;True
73101;2;4;2;True
73102;3;6;3;True
73103;5;12;7;True
73104;10;16;6;True
73105;5;9;4;True
73106;5;12;7;True
73107;1;1;0;True
73108;3;6;3;True
73109;6;12;6;True
73110;7;12;5;True
73111;4;6;2;True
73112;6;12;6;True
73113;7;16;9;True
73114;6;16;10;True
73115;5;12;7;True
73116;1;1;0;True
73117;6;12;6;True
73118;3;6;3;True
73119;5;12;7;True
73120;4;6;2;True
73121;1;1;0;True
73122;6;9;3;True
73123;4;12;8;True
73124;3;9;6;True
73125;3;9;6;True
73126;4;12;8;True
73127;4;9;5;True
73128;1;1;0;True
73129;4;12;8;True
73130;3;9;6;True
73131;6;12;6;True
73132;3;6;3;True
73133;2;2;0;True
73134;3;6;3;True
73135;3;6;3;True
73136;5;12;7;True
73137;4;9;5;True
73138;4;12;8;True
73139;1;1;0;True
73140;5;8;3;True
73141;8;16;8;True
73142;2;4;2;True
73143;4;6;2;True
73144;5;9;4;True
73145;7;16;9;True
73146;6;16;10;True
73147;6;16;10;True
73148;3;6;3;True
73149;8;16;8;True
73150;3;6;3;True
73151;4;12;8;True
73152;0;0;0;True
73153;2;4;2;True
73154;8;16;8;True
73155;5;9;4;True
73156;4;6;2;True
73157;2;2;0;True
73158;4;6;2;True
73159;5;16;11;True
73160;0;0;0;True
73161;4;9;5;True
73162;6;12;6;True
73163;5;9;4;True
73164;8;12;4;True
73165;1;1;0;True
73166;1;1;0;True
73167;5;9;4;True
73168;0;0;0;True
73169;3;4;1;True
73170;5;6;1;True
73171;8;16;8;True
73172;2;4;2;True
73173;3;6;3;True
73174;1;1;0;True
73175;4;9;5;True
73176;2;4;2;True
73177;4;9;5;True
73178;6;16;10;True
73179;7;16;9;True
73180;4;6;2;True
73181;2;2;0;True
73182;6;12;6;True
73183;4;6;2;True
73184;5;16;11;True
73185;6;9;3;True
73186;2;4;2;True
73187;6;9;3;True
73188;6;12;6;True
73189;1;1;0;True
73190;4;6;2;True
73191;9;12;3;True
73192;1;1;0;True
73193;6;12;6;True
73194;2;4;2;True
73195;5;9;4;True
73196;3;6;3;True
73197;5;12;7;True
73198;4;6;2;True
73199;2;2;0;True
73200;5;9;4;True
73201;6;12;6;True
73202;2;4;2;True
73203;1;1;0;True
73204;9;16;7;True
73205;7;12;5;True
73206;0;0;0;True
73207;4;12;8;True
73208;4;9;5;True
73209;8;16;8;True
73210;2;4;2;True
73211;6;12;6;True
73212;4;9;5;True
73213;4;12;8;True
73214;0;0;0;True
73215;3;4;1;True
73216;3;6;3;True
73217;1;1;0;True
73218;2;2;0;True
73219;8;12;4;True
73220;7;16;9;True
73221;5;9;4;True
73222;6;12;6;True
73223;2;4;2;True
73224;3;4;1;True
73225;0;0;0;True
73226;1;1;0;True
73227;2;2;0;True
73228;1;1;0;True
73229;2;4;2;True
73230;2;4;2;True
73231;2;4;2;True
73232;3;3;0;True
73233;2;4;2;True
73234;6;12;6;True
73235;8;12;4;True
73236;5;12;7;True
73237;5;16;11;True
73238;4;8;4;True
73239;0;0;0;True
73240;7;12;5;True
73241;7;12;5;True
73242;4;9;5;True
73243;6;12;6;True
73244;3;6;3;True
73245;2;4;2;True
73246;2;4;2;True
73247;5;9;4;True
73248;0;0;0;True
73249;4;12;8;True
73250;3;4;1;True
73251;6;16;10;True
73252;4;6;2;True
73253;6;16;10;True
73254;1;1;0;True
73255;3;6;3;True
73256;3;6;3;True
73257;5;9;4;True
73258;2;4;2;True
73259;3;6;3;True
73260;5;12;7;True
73261;0;0;0;True
73262;2;2;0;True
73263;2;4;2;True
73264;1;1;0;True
73265;4;12;8;True
73266;2;4;2;True
73267;4;6;2;True
73268;3;4;1;True
73269;2;4;2;True
73270;2;2;0;True
73271;3;6;3;True
73272;4;4;0;True
73273;6;16;10;True
73274;4;4;0;True
73275;6;16;10;True
73276;4;6;2;True
73277;0;0;0;True
73278;3;6;3;True
73279;2;4;2;True
73280;2;4;2;True
73281;0;0;0;True
73282;7;12;5;True
73283;2;4;2;True
73284;2;2;0;True
73285;3;6;3;True
73286;6;16;10;True
73287;2;2;0;True
73288;0;0;0;True
73289;6;12;6;True
73290;1;1;0;True
73291;1;1;0;True
73292;4;6;2;True
73293;4;9;5;True
73294;1;1;0;True
73295;4;6;2;True
73296;8;12;4;True
73297;2;2;0;True
73298;1;1;0;True
73299;4;12;8;True
73300;4;12;8;True
73301;6;12;6;True
73302;4;9;5;True
73303;9;16;7;True
73304;4;9;5;True
73305;5;9;4;True
73306;2;2;0;True
73307;2;4;2;True
73308;0;0;0;True
73309;3;4;1;True
73310;3;4;1;True
73311;2;2;0;True
73312;7;12;5;True
73313;6;16;10;True
73314;3;6;3;True
73315;1;1;0;True
73316;4;6;2;True
73317;7;12;5;True
73318;4;12;8;True
73319;5;9;4;True
73320;2;4;2;True
73321;7;12;5;True
73322;5;9;4;True
73323;1;1;0;True
73324;4;9;5;True
73325;0;0;0;True
73326;3;6;3;True
73327;3;9;6;True
73328;4;4;0;True
73329;2;4;2;True
73330;2;4;2;True
73331;2;4;2;True
73332;3;9;6;True
73333;5;12;7;True
73334;5;12;7;True
73335;4;12;8;True
73336;1;1;0;True
73337;2;4;2;True
73338;2;2;0;True
73339;5;12;7;True
73340;1;1;0;True
73341;4;9;5;True
73342;4;9;5;True
73343;1;1;0;True
73344;4;9;5;True
73345;5;9;4;True
73346;7;16;9;True
73347;5;9;4;True
73348;0;0;0;True
73349;3;4;1;True
73350;2;2;0;True
73351;1;1;0;True
73352;1;1;0;True
73353;2;2;0;True
73354;1;1;0;True
73355;9;16;7;True
73356;4;12;8;True
73357;7;12;5;True
73358;9;16;7;True
73359;2;2;0;True
73360;2;2;0;True
73361;5;12;7;True
73362;3;3;0;True
73363;2;4;2;True
73364;1;1;0;True
73365;3;6;3;True
73366;3;3;0;True
73367;1;1;0;True
73368;1;1;0;True
73369;2;2;0;True
73370;1;1;0;True
73371;5;9;4;True
73372;7;16;9;True
73373;7;16;9;True
73374;6;8;2;True
73375;0;0;0;True
73376;5;6;1;True
73377;5;16;11;True
73378;4;16;12;True
73379;3;9;6;True
73380;1;1;0;True
73381;3;4;1;True
73382;1;1;0;True
73383;9;16;7;True
73384;3;6;3;True
73385;1;1;0;True
73386;1;1;0;True
73387;3;6;3;True
73388;1;1;0;True
73389;1;1;0;True
73390;6;12;6;True
73391;1;1;0;True
73392;3;6;3;True
73393;2;4;2;True
73394;3;9;6;True
73395;4;12;8;True
73396;0;0;0;True
73397;9;12;3;True
73398;4;9;5;True
73399;4;6;2;True
73400;0;0;0;True
73401;1;1;0;True
73402;3;6;3;True
73403;4;8;4;True
73404;4;9;5;True
73405;1;1;0;True
73406;5;6;1;True
73407;3;6;3;True
73408;5;9;4;True
73409;1;1;0;True
73410;1;1;0;True
73411;1;1;0;True
73412;2;2;0;True
73413;2;4;2;True
73414;5;8;3;True
73415;1;1;0;True
73416;4;8;4;True
73417;3;6;3;True
73418;5;12;7;True
73419;5;6;1;True
73420;4;6;2;True
73421;0;0;0;True
73422;3;3;0;True
73423;3;6;3;True
73424;2;2;0;True
73425;2;4;2;True
73426;0;0;0;True
73427;4;9;5;True
73428;5;12;7;True
73429;3;6;3;True
73430;2;4;2;True
73431;5;9;4;True
73432;6;9;3;True
73433;3;6;3;True
73434;4;9;5;True
73435;2;2;0;True
73436;7;12;5;True
73437;2;4;2;True
73438;9;16;7;True
73439;2;4;2;True
73440;6;12;6;True
73441;2;2;0;True
73442;3;4;1;True
73443;1;1;0;True
73444;4;6;2;True
73445;3;4;1;True
73446;1;1;0;True
73447;2;4;2;True
73448;7;12;5;True
73449;3;3;0;True
73450;2;4;2;True
73451;6;12;6;True
73452;1;1;0;True
73453;2;2;0;True
73454;3;4;1;True
73455;7;12;5;True
73456;3;6;3;True
73457;6;12;6;True
73458;6;16;10;True
73459;4;6;2;True
73460;3;4;1;True
73461;1;1;0;True
73462;3;4;1;True
73463;1;1;0;True
73464;6;9;3;True
73465;4;6;2;True
73466;7;16;9;True
73467;7;12;5;True
73468;2;4;2;True
73469;2;2;0;True
73470;3;6;3;True
73471;4;6;2;True
73472;10;16;6;True
73473;3;6;3;True
73474;5;12;7;True
73475;1;1;0;True
73476;3;4;1;True
73477;4;6;2;True
73478;3;4;1;True
73479;1;1;0;True
73480;3;4;1;True
73481;5;8;3;True
73482;0;0;0;True
73483;5;9;4;True
73484;5;9;4;True
73485;2;2;0;True
73486;2;4;2;True
73487;3;6;3;True
73488;2;4;2;True
73489;4;6;2;True
73490;1;1;0;True
73491;5;12;7;True
73492;5;9;4;True
73493;2;4;2;True
73494;3;9;6;True
73495;4;12;8;True
73496;5;9;4;True
73497;8;16;8;True
73498;0;0;0;True
73499;1;1;0;True
73500;2;4;2;True
73501;5;9;4;True
73502;7;16;9;True
73503;3;6;3;True
73504;2;4;2;True
73505;5;9;4;True
73506;6;12;6;True
73507;2;2;0;True
73508;4;12;8;True
73509;4;16;12;True
73510;8;12;4;True
73511;5;9;4;True
73512;0;0;0;True
73513;0;0;0;True
73514;2;4;2;True
73515;4;9;5;True
73516;2;4;2;True
73517;5;12;7;True
73518;7;16;9;True
73519;1;1;0;True
73520;4;9;5;True
73521;4;4;0;True
73522;2;4;2;True
73523;2;4;2;True
73524;3;6;3;True
73525;1;1;0;True
73526;3;6;3;True
73527;2;4;2;True
73528;2;2;0;True
73529;3;4;1;True
73530;2;2;0;True
73531;2;2;0;True
73532;0;0;0;True
73533;5;12;7;True
73534;3;4;1;True
73535;2;4;2;True
73536;4;9;5;True
73537;4;6;2;True
73538;5;9;4;True
73539;5;12;7;True
73540;6;16;10;True
73541;8;16;8;True
73542;1;1;0;True
73543;5;12;7;True
73544;5;12;7;True
73545;3;4;1;True
73546;3;9;6;True
73547;3;6;3;True
73548;1;1;0;True
73549;3;4;1;True
73550;4;9;5;True
73551;1;1;0;True
73552;4;6;2;True
73553;8;16;8;True
73554;8;16;8;True
73555;3;6;3;True
73556;6;12;6;True
73557;2;4;2;True
73558;1;1;0;True
73559;3;6;3;True
73560;1;1;0;True
73561;7;12;5;True
73562;5;6;1;True
73563;8;16;8;True
73564;6;12;6;True
73565;0;0;0;True
73566;5;12;7;True
73567;1;1;0;True
73568;2;2;0;True
73569;5;9;4;True
73570;6;12;6;True
73571;4;6;2;True
73572;3;9;6;True
73573;4;6;2;True
73574;7;12;5;True
73575;8;16;8;True
73576;1;1;0;True
73577;1;1;0;True
73578;2;4;2;True
73579;3;6;3;True
73580;6;12;6;True
73581;3;6;3;True
73582;3;6;3;True
73583;0;0;0;True
73584;1;1;0;True
73585;1;1;0;True
73586;5;9;4;True
73587;5;16;11;True
73588;3;6;3;True
73589;0;0;0;True
73590;5;16;11;True
73591;7;12;5;True
73592;6;12;6;True
73593;2;2;0;True
73594;4;8;4;True
73595;3;4;1;True
73596;6;16;10;True
73597;3;6;3;True
73598;3;3;0;True
73599;2;4;2;True
73600;2;2;0;True
73601;3;6;3;True
73602;1;1;0;True
73603;3;9;6;True
73604;5;6;1;True
73605;1;1;0;True
73606;3;6;3;True
73607;2;4;2;True
73608;5;12;7;True
73609;2;4;2;True
73610;2;2;0;True
73611;5;12;7;True
73612;5;12;7;True
73613;1;1;0;True
73614;5;8;3;True
73615;4;6;2;True
73616;3;4;1;True
73617;1;1;0;True
73618;2;2;0;True
73619;3;9;6;True
73620;5;12;7;True
73621;2;4;2;True
73622;3;6;3;True
73623;7;12;5;True
73624;4;6;2;True
73625;2;2;0;True
73626;1;1;0;True
73627;11;16;5;True
73628;5;8;3;True
73629;1;1;0;True
73630;5;6;1;True
73631;0;0;0;True
73632;7;12;5;True
73633;1;1;0;True
73634;7;12;5;True
73635;2;4;2;True
73636;5;9;4;True
73637;6;12;6;True
73638;3;4;1;True
73639;2;2;0;True
73640;3;9;6;True
73641;1;1;0;True
73642;8;12;4;True
73643;1;1;0;True
73644;4;12;8;True
73645;3;9;6;True
73646;4;9;5;True
73647;0;0;0;True
73648;6;12;6;True
73649;3;3;0;True
73650;7;12;5;True
73651;8;16;8;True
73652;1;1;0;True
73653;0;0;0;True
73654;6;6;0;True
73655;1;1;0;True
73656;8;16;8;True
73657;2;2;0;True
73658;5;12;7;True
73659;2;2;0;True
73660;5;9;4;True
73661;5;16;11;True
73662;4;6;2;True
73663;5;12;7;True
73664;6;12;6;True
73665;6;16;10;True
73666;2;2;0;True
73667;6;9;3;True
73668;1;1;0;True
73669;7;12;5;True
73670;0;0;0;True
73671;7;12;5;True
73672;4;12;8;True
73673;4;12;8;True
73674;2;4;2;True
73675;2;4;2;True
73676;3;4;1;True
73677;2;2;0;True
73678;4;9;5;True
73679;4;9;5;True
73680;8;16;8;True
73681;1;1;0;True
73682;9;16;7;True
73683;2;4;2;True
73684;2;4;2;True
73685;2;2;0;True
73686;3;6;3;True
73687;2;4;2;True
73688;1;1;0;True
73689;4;9;5;True
73690;7;16;9;True
73691;8;12;4;True
73692;1;1;0;True
73693;6;16;10;True
73694;2;4;2;True
73695;5;9;4;True
73696;9;16;7;True
73697;3;9;6;True
73698;2;4;2;True
73699;2;4;2;True
73700;5;9;4;True
73701;1;1;0;True
73702;7;12;5;True
73703;4;6;2;True
73704;4;9;5;True
73705;4;8;4;True
73706;3;4;1;True
73707;3;4;1;True
73708;2;2;0;True
73709;1;1;0;True
73710;4;6;2;True
73711;2;4;2;True
73712;2;4;2;True
73713;5;12;7;True
73714;3;6;3;True
73715;5;9;4;True
73716;4;12;8;True
73717;5;12;7;True
73718;0;0;0;True
73719;0;0;0;True
73720;4;8;4;True
73721;2;4;2;True
73722;4;6;2;True
73723;2;4;2;True
73724;3;6;3;True
73725;7;12;5;True
73726;5;6;1;True
73727;2;4;2;True
73728;6;12;6;True
73729;3;6;3;True
73730;5;12;7;True
73731;6;9;3;True
73732;8;16;8;True
73733;1;1;0;True
73734;6;16;10;True
73735;9;16;7;True
73736;8;12;4;True
73737;4;9;5;True
73738;1;1;0;True
73739;4;16;12;True
73740;4;6;2;True
73741;4;9;5;True
73742;8;16;8;True
73743;3;9;6;True
73744;5;9;4;True
73745;1;1;0;True
73746;6;12;6;True
73747;2;4;2;True
73748;8;16;8;True
73749;3;6;3;True
73750;3;9;6;True
73751;1;1;0;True
73752;1;1;0;True
73753;2;4;2;True
73754;2;4;2;True
73755;1;1;0;True
73756;9;16;7;True
73757;4;12;8;True
73758;0;0;0;True
73759;4;8;4;True
73760;0;0;0;True
73761;5;9;4;True
73762;7;12;5;True
73763;5;9;4;True
73764;4;6;2;True
73765;8;16;8;True
73766;3;4;1;True
73767;6;12;6;True
73768;9;16;7;True
73769;2;4;2;True
73770;2;4;2;True
73771;8;12;4;True
73772;5;12;7;True
73773;3;6;3;True
73774;2;4;2;True
73775;7;9;2;True
73776;9;16;7;True
73777;0;0;0;True
73778;2;4;2;True
73779;6;16;10;True
73780;2;4;2;True
73781;1;1;0;True
73782;2;4;2;True
73783;4;6;2;True
73784;5;16;11;True
73785;2;4;2;True
73786;7;16;9;True
73787;1;1;0;True
73788;4;6;2;True
73789;4;6;2;True
73790;4;6;2;True
73791;3;9;6;True
73792;3;6;3;True
73793;7;16;9;True
73794;3;6;3;True
73795;5;8;3;True
73796;4;6;2;True
73797;6;16;10;True
73798;3;4;1;True
73799;6;16;10;True
73800;4;6;2;True
73801;5;16;11;True
73802;5;8;3;True
73803;7;16;9;True
73804;4;8;4;True
73805;6;12;6;True
73806;6;16;10;True
73807;2;4;2;True
73808;6;12;6;True
73809;7;16;9;True
73810;1;1;0;True
73811;3;9;6;True
73812;1;1;0;True
73813;6;12;6;True
73814;2;2;0;True
73815;6;12;6;True
73816;3;4;1;True
73817;3;9;6;True
73818;5;12;7;True
73819;4;9;5;True
73820;4;12;8;True
73821;7;16;9;True
73822;7;12;5;True
73823;1;1;0;True
73824;2;2;0;True
73825;7;16;9;True
73826;3;6;3;True
73827;1;1;0;True
73828;1;1;0;True
73829;3;6;3;True
73830;5;16;11;True
73831;7;16;9;True
73832;5;12;7;True
73833;5;16;11;True
73834;5;12;7;True
73835;2;4;2;True
73836;5;12;7;True
73837;0;0;0;True
73838;5;12;7;True
73839;4;6;2;True
73840;2;4;2;True
73841;8;12;4;True
73842;6;12;6;True
73843;2;2;0;True
73844;8;16;8;True
73845;2;4;2;True
73846;4;9;5;True
73847;6;12;6;True
73848;3;6;3;True
73849;5;12;7;True
73850;3;9;6;True
73851;3;9;6;True
73852;3;9;6;True
73853;4;16;12;True
73854;3;6;3;True
73855;7;16;9;True
73856;4;12;8;True
73857;3;4;1;True
73858;3;6;3;True
73859;1;1;0;True
73860;1;1;0;True
73861;3;9;6;True
73862;0;0;0;True
73863;4;6;2;True
73864;2;4;2;True
73865;2;2;0;True
73866;2;2;0;True
73867;4;9;5;True
73868;7;12;5;True
73869;1;1;0;True
73870;2;4;2;True
73871;3;6;3;True
73872;8;16;8;True
73873;3;6;3;True
73874;0;0;0;True
73875;4;6;2;True
73876;5;12;7;True
73877;3;6;3;True
73878;2;4;2;True
73879;1;1;0;True
73880;4;9;5;True
73881;5;9;4;True
73882;0;0;0;True
73883;4;9;5;True
73884;3;4;1;True
73885;5;12;7;True
73886;8;12;4;True
73887;0;0;0;True
73888;2;4;2;True
73889;3;9;6;True
73890;7;16;9;True
73891;5;9;4;True
73892;4;12;8;True
73893;5;6;1;True
73894;1;1;0;True
73895;0;0;0;True
73896;2;4;2;True
73897;2;4;2;True
73898;3;4;1;True
73899;0;0;0;True
73900;2;4;2;True
73901;5;12;7;True
73902;2;2;0;True
73903;3;6;3;True
73904;5;8;3;True
73905;6;16;10;True
73906;3;4;1;True
73907;7;9;2;True
73908;0;0;0;True
73909;6;9;3;True
73910;5;6;1;True
73911;1;1;0;True
73912;4;8;4;True
73913;5;12;7;True
73914;3;6;3;True
73915;5;12;7;True
73916;1;1;0;True
73917;0;0;0;True
73918;3;6;3;True
73919;6;12;6;True
73920;6;12;6;True
73921;4;6;2;True
73922;4;6;2;True
73923;3;6;3;True
73924;4;9;5;True
73925;4;6;2;True
73926;5;12;7;True
73927;5;12;7;True
73928;3;3;0;True
73929;2;4;2;True
73930;5;12;7;True
73931;2;4;2;True
73932;4;9;5;True
73933;3;6;3;True
73934;5;12;7;True
73935;2;4;2;True
73936;6;8;2;True
73937;4;12;8;True
73938;8;16;8;True
73939;3;6;3;True
73940;7;16;9;True
73941;8;12;4;True
73942;1;1;0;True
73943;5;12;7;True
73944;5;12;7;True
73945;4;9;5;True
73946;2;4;2;True
73947;5;9;4;True
73948;4;6;2;True
73949;4;9;5;True
73950;8;12;4;True
73951;0;0;0;True
73952;3;6;3;True
73953;3;6;3;True
73954;4;6;2;True
73955;0;0;0;True
73956;2;4;2;True
73957;1;1;0;True
73958;3;9;6;True
73959;3;6;3;True
73960;6;12;6;True
73961;2;4;2;True
73962;5;16;11;True
73963;8;16;8;True
73964;4;9;5;True
73965;3;6;3;True
73966;3;6;3;True
73967;5;9;4;True
73968;4;6;2;True
73969;2;4;2;True
73970;5;9;4;True
73971;5;9;4;True
73972;3;6;3;True
73973;1;1;0;True
73974;3;6;3;True
73975;4;6;2;True
73976;4;6;2;True
73977;1;1;0;True
73978;5;12;7;True
73979;7;16;9;True
73980;8;12;4;True
73981;3;6;3;True
73982;4;6;2;True
73983;9;16;7;True
73984;4;12;8;True
73985;5;6;1;True
73986;3;9;6;True
73987;4;9;5;True
73988;6;12;6;True
73989;5;12;7;True
73990;1;1;0;True
73991;5;9;4;True
73992;5;16;11;True
73993;2;4;2;True
73994;2;2;0;True
73995;0;0;0;True
73996;3;6;3;True
73997;4;9;5;True
73998;11;16;5;True
73999;6;12;6;True
74000;4;9;5;True
74001;5;9;4;True
74002;4;9;5;True
74003;2;4;2;True
74004;2;4;2;True
74005;2;2;0;True
74006;5;8;3;True
74007;4;12;8;True
74008;2;4;2;True
74009;2;4;2;True
74010;1;1;0;True
74011;3;6;3;True
74012;4;9;5;True
74013;9;16;7;True
74014;6;8;2;True
74015;5;12;7;True
74016;4;12;8;True
74017;6;12;6;True
74018;6;12;6;True
74019;1;1;0;True
74020;0;0;0;True
74021;4;6;2;True
74022;3;4;1;True
74023;2;2;0;True
74024;6;12;6;True
74025;2;2;0;True
74026;3;6;3;True
74027;2;2;0;True
74028;3;6;3;True
74029;3;9;6;True
74030;1;1;0;True
74031;6;12;6;True
74032;7;12;5;True
74033;9;12;3;True
74034;8;12;4;True
74035;1;1;0;True
74036;1;1;0;True
74037;6;12;6;True
74038;2;2;0;True
74039;4;8;4;True
74040;3;6;3;True
74041;3;6;3;True
74042;8;16;8;True
74043;6;8;2;True
74044;0;0;0;True
74045;5;16;11;True
74046;3;6;3;True
74047;2;2;0;True
74048;3;4;1;True
74049;1;1;0;True
74050;3;4;1;True
74051;2;2;0;True
74052;6;12;6;True
74053;5;12;7;True
74054;2;2;0;True
74055;7;16;9;True
74056;1;1;0;True
74057;4;9;5;True
74058;3;6;3;True
74059;4;9;5;True
74060;2;4;2;True
74061;6;16;10;True
74062;2;2;0;True
74063;3;6;3;True
74064;4;6;2;True
74065;1;1;0;True
74066;4;12;8;True
74067;5;12;7;True
74068;1;1;0;True
74069;4;9;5;True
74070;4;6;2;True
74071;5;9;4;True
74072;4;6;2;True
74073;1;1;0;True
74074;8;16;8;True
74075;2;4;2;True
74076;1;1;0;True
74077;5;12;7;True
74078;2;2;0;True
74079;7;12;5;True
74080;1;1;0;True
74081;6;16;10;True
74082;11;16;5;True
74083;5;9;4;True
74084;4;12;8;True
74085;0;0;0;True
74086;2;2;0;True
74087;3;4;1;True
74088;5;16;11;True
74089;4;9;5;True
74090;4;6;2;True
74091;3;6;3;True
74092;8;16;8;True
74093;2;2;0;True
74094;1;1;0;True
74095;3;9;6;True
74096;7;12;5;True
74097;10;16;6;True
74098;2;2;0;True
74099;3;6;3;True
74100;2;2;0;True
74101;8;16;8;True
74102;2;2;0;True
74103;8;16;8;True
74104;2;4;2;True
74105;5;9;4;True
74106;0;0;0;True
74107;9;16;7;True
74108;10;16;6;True
74109;1;1;0;True
74110;3;9;6;True
74111;3;6;3;True
74112;5;9;4;True
74113;5;12;7;True
74114;4;8;4;True
74115;6;12;6;True
74116;5;12;7;True
74117;2;4;2;True
74118;6;9;3;True
74119;5;8;3;True
74120;2;4;2;True
74121;8;16;8;True
74122;4;9;5;True
74123;4;9;5;True
74124;7;9;2;True
74125;7;12;5;True
74126;2;2;0;True
74127;8;12;4;True
74128;3;4;1;True
74129;1;1;0;True
74130;1;1;0;True
74131;5;12;7;True
74132;4;8;4;True
74133;11;16;5;True
74134;0;0;0;True
74135;1;1;0;True
74136;1;1;0;True
74137;5;6;1;True
74138;1;1;0;True
74139;1;1;0;True
74140;4;9;5;True
74141;2;4;2;True
74142;3;6;3;True
74143;6;9;3;True
74144;0;0;0;True
74145;7;16;9;True
74146;2;2;0;True
74147;2;2;0;True
74148;7;16;9;True
74149;1;1;0;True
74150;3;6;3;True
74151;4;12;8;True
74152;5;12;7;True
74153;4;9;5;True
74154;2;4;2;True
74155;8;16;8;True
74156;5;12;7;True
74157;3;6;3;True
74158;1;1;0;True
74159;2;2;0;True
74160;6;12;6;True
74161;6;16;10;True
74162;5;8;3;True
74163;5;9;4;True
74164;3;4;1;True
74165;3;4;1;True
74166;3;9;6;True
74167;3;3;0;True
74168;2;2;0;True
74169;3;9;6;True
74170;5;9;4;True
74171;4;9;5;True
74172;6;9;3;True
74173;0;0;0;True
74174;8;16;8;True
74175;1;1;0;True
74176;2;2;0;True
74177;6;12;6;True
74178;4;9;5;True
74179;5;9;4;True
74180;1;1;0;True
74181;1;1;0;True
74182;6;12;6;True
74183;8;12;4;True
74184;5;12;7;True
74185;2;4;2;True
74186;4;6;2;True
74187;3;4;1;True
74188;2;4;2;True
74189;4;9;5;True
74190;5;12;7;True
74191;3;4;1;True
74192;1;1;0;True
74193;5;9;4;True
74194;2;2;0;True
74195;0;0;0;True
74196;0;0;0;True
74197;2;2;0;True
74198;4;9;5;True
74199;5;12;7;True
74200;3;3;0;True
74201;3;6;3;True
74202;6;12;6;True
74203;8;16;8;True
74204;3;6;3;True
74205;4;12;8;True
74206;2;4;2;True
74207;4;12;8;True
74208;6;12;6;True
74209;7;12;5;True
74210;2;4;2;True
74211;5;12;7;True
74212;5;12;7;True
74213;3;6;3;True
74214;3;6;3;True
74215;3;9;6;True
74216;2;2;0;True
74217;6;12;6;True
74218;3;6;3;True
74219;6;16;10;True
74220;6;16;10;True
74221;2;4;2;True
74222;4;9;5;True
74223;2;2;0;True
74224;4;6;2;True
74225;2;2;0;True
74226;4;16;12;True
74227;4;6;2;True
74228;5;9;4;True
74229;5;12;7;True
74230;4;9;5;True
74231;2;4;2;True
74232;5;6;1;True
74233;3;6;3;True
74234;4;6;2;True
74235;6;12;6;True
74236;2;2;0;True
74237;7;9;2;True
74238;5;6;1;True
74239;3;4;1;True
74240;2;2;0;True
74241;3;6;3;True
74242;4;8;4;True
74243;4;6;2;True
74244;7;16;9;True
74245;3;4;1;True
74246;6;8;2;True
74247;4;6;2;True
74248;4;9;5;True
74249;2;4;2;True
74250;3;6;3;True
74251;9;12;3;True
74252;1;1;0;True
74253;4;9;5;True
74254;6;12;6;True
74255;3;6;3;True
74256;6;9;3;True
74257;5;9;4;True
74258;3;3;0;True
74259;2;4;2;True
74260;1;1;0;True
74261;1;1;0;True
74262;2;4;2;True
74263;7;16;9;True
74264;3;6;3;True
74265;0;0;0;True
74266;5;12;7;True
74267;3;9;6;True
74268;3;6;3;True
74269;1;1;0;True
74270;8;16;8;True
74271;0;0;0;True
74272;2;2;0;True
74273;3;9;6;True
74274;5;16;11;True
74275;4;9;5;True
74276;4;12;8;True
74277;2;4;2;True
74278;6;16;10;True
74279;2;4;2;True
74280;8;12;4;True
74281;6;6;0;True
74282;3;6;3;True
74283;6;16;10;True
74284;5;12;7;True
74285;3;6;3;True
74286;5;6;1;True
74287;4;9;5;True
74288;6;12;6;True
74289;7;16;9;True
74290;1;1;0;True
74291;3;3;0;True
74292;0;0;0;True
74293;1;1;0;True
74294;1;1;0;True
74295;3;4;1;True
74296;0;0;0;True
74297;7;12;5;True
74298;5;12;7;True
74299;1;1;0;True
74300;3;4;1;True
74301;2;2;0;True
74302;3;4;1;True
74303;2;4;2;True
74304;3;6;3;True
74305;3;4;1;True
74306;3;4;1;True
74307;1;1;0;True
74308;1;1;0;True
74309;5;8;3;True
74310;5;12;7;True
74311;3;6;3;True
74312;0;0;0;True
74313;1;1;0;True
74314;3;4;1;True
74315;5;9;4;True
74316;4;9;5;True
74317;5;8;3;True
74318;1;1;0;True
74319;5;9;4;True
74320;2;2;0;True
74321;0;0;0;True
74322;1;1;0;True
74323;5;6;1;True
74324;0;0;0;True
74325;6;12;6;True
74326;3;3;0;True
74327;8;16;8;True
74328;6;12;6;True
74329;3;4;1;True
74330;3;6;3;True
74331;4;6;2;True
74332;5;8;3;True
74333;8;16;8;True
74334;7;16;9;True
74335;2;2;0;True
74336;2;2;0;True
74337;1;1;0;True
74338;4;9;5;True
74339;3;6;3;True
74340;3;6;3;True
74341;5;12;7;True
74342;4;9;5;True
74343;1;1;0;True
74344;1;1;0;True
74345;5;12;7;True
74346;1;1;0;True
74347;4;12;8;True
74348;3;6;3;True
74349;2;2;0;True
74350;4;9;5;True
74351;3;4;1;True
74352;3;6;3;True
74353;2;4;2;True
74354;2;4;2;True
74355;1;1;0;True
74356;2;4;2;True
74357;3;4;1;True
74358;8;16;8;True
74359;3;6;3;True
74360;4;9;5;True
74361;4;6;2;True
74362;3;4;1;True
74363;5;16;11;True
74364;2;4;2;True
74365;2;4;2;True
74366;4;12;8;True
74367;6;12;6;True
74368;1;1;0;True
74369;5;9;4;True
74370;4;6;2;True
74371;2;4;2;True
74372;5;12;7;True
74373;0;0;0;True
74374;6;12;6;True
74375;3;9;6;True
74376;2;4;2;True
74377;4;6;2;True
74378;5;8;3;True
74379;6;12;6;True
74380;7;16;9;True
74381;6;16;10;True
74382;2;4;2;True
74383;2;2;0;True
74384;1;1;0;True
74385;5;9;4;True
74386;6;12;6;True
74387;1;1;0;True
74388;2;2;0;True
74389;5;9;4;True
74390;3;6;3;True
74391;4;4;0;True
74392;10;16;6;True
74393;9;16;7;True
74394;4;12;8;True
74395;4;4;0;True
74396;5;12;7;True
74397;3;6;3;True
74398;0;0;0;True
74399;4;9;5;True
74400;5;12;7;True
74401;3;6;3;True
74402;7;12;5;True
74403;6;9;3;True
74404;0;0;0;True
74405;5;9;4;True
74406;2;2;0;True
74407;5;16;11;True
74408;3;4;1;True
74409;4;6;2;True
74410;4;6;2;True
74411;1;1;0;True
74412;1;1;0;True
74413;4;9;5;True
74414;6;16;10;True
74415;2;4;2;True
74416;1;1;0;True
74417;0;0;0;True
74418;2;4;2;True
74419;3;4;1;True
74420;5;8;3;True
74421;3;6;3;True
74422;1;1;0;True
74423;9;12;3;True
74424;5;16;11;True
74425;5;6;1;True
74426;1;1;0;True
74427;3;9;6;True
74428;2;4;2;True
74429;4;9;5;True
74430;0;0;0;True
74431;5;12;7;True
74432;6;12;6;True
74433;3;9;6;True
74434;4;6;2;True
74435;4;9;5;True
74436;4;8;4;True
74437;7;16;9;True
74438;4;9;5;True
74439;1;1;0;True
74440;6;16;10;True
74441;3;9;6;True
74442;7;16;9;True
74443;0;0;0;True
74444;5;9;4;True
74445;7;16;9;True
74446;4;6;2;True
74447;5;12;7;True
74448;2;4;2;True
74449;4;8;4;True
74450;2;2;0;True
74451;5;12;7;True
74452;2;2;0;True
74453;6;9;3;True
74454;1;1;0;True
74455;5;9;4;True
74456;6;12;6;True
74457;2;4;2;True
74458;2;4;2;True
74459;6;9;3;True
74460;0;0;0;True
74461;2;4;2;True
74462;5;12;7;True
74463;0;0;0;True
74464;3;4;1;True
74465;4;6;2;True
74466;4;12;8;True
74467;2;4;2;True
74468;0;0;0;True
74469;3;3;0;True
74470;1;1;0;True
74471;4;9;5;True
74472;2;2;0;True
74473;5;9;4;True
74474;7;12;5;True
74475;0;0;0;True
74476;5;12;7;True
74477;4;8;4;True
74478;7;16;9;True
74479;4;8;4;True
74480;5;12;7;True
74481;1;1;0;True
74482;3;6;3;True
74483;4;9;5;True
74484;1;1;0;True
74485;0;0;0;True
74486;3;9;6;True
74487;4;6;2;True
74488;4;8;4;True
74489;3;6;3;True
74490;1;1;0;True
74491;3;6;3;True
74492;3;3;0;True
74493;7;16;9;True
74494;1;1;0;True
74495;3;3;0;True
74496;3;6;3;True
74497;11;16;5;True
74498;4;9;5;True
74499;7;16;9;True
74500;7;16;9;True
74501;2;4;2;True
74502;4;6;2;True
74503;2;4;2;True
74504;4;6;2;True
74505;1;1;0;True
74506;3;4;1;True
74507;4;9;5;True
74508;4;12;8;True
74509;6;9;3;True
74510;4;9;5;True
74511;10;16;6;True
74512;6;12;6;True
74513;6;9;3;True
74514;5;6;1;True
74515;3;6;3;True
74516;4;6;2;True
74517;4;12;8;True
74518;0;0;0;True
74519;1;1;0;True
74520;0;0;0;True
74521;2;4;2;True
74522;1;1;0;True
74523;4;6;2;True
74524;4;6;2;True
74525;2;4;2;True
74526;3;4;1;True
74527;2;2;0;True
74528;4;8;4;True
74529;4;12;8;True
74530;3;6;3;True
74531;9;12;3;True
74532;3;6;3;True
74533;4;12;8;True
74534;2;4;2;True
74535;5;12;7;True
74536;6;12;6;True
74537;3;6;3;True
74538;4;9;5;True
74539;3;4;1;True
74540;1;1;0;True
74541;7;12;5;True
74542;3;6;3;True
74543;4;12;8;True
74544;1;1;0;True
74545;3;4;1;True
74546;3;6;3;True
74547;4;6;2;True
74548;3;6;3;True
74549;5;8;3;True
74550;7;16;9;True
74551;4;6;2;True
74552;5;9;4;True
74553;4;6;2;True
74554;3;9;6;True
74555;3;6;3;True
74556;5;12;7;True
74557;2;2;0;True
74558;3;4;1;True
74559;5;9;4;True
74560;2;4;2;True
74561;5;6;1;True
74562;6;12;6;True
74563;0;0;0;True
74564;10;16;6;True
74565;2;4;2;True
74566;8;16;8;True
74567;4;8;4;True
74568;6;16;10;True
74569;5;12;7;True
74570;3;6;3;True
74571;6;12;6;True
74572;2;4;2;True
74573;2;2;0;True
74574;5;16;11;True
74575;1;1;0;True
74576;4;6;2;True
74577;3;9;6;True
74578;5;12;7;True
74579;3;6;3;True
74580;7;16;9;True
74581;0;0;0;True
74582;7;16;9;True
74583;5;8;3;True
74584;1;1;0;True
74585;3;4;1;True
74586;5;9;4;True
74587;3;4;1;True
74588;2;4;2;True
74589;6;9;3;True
74590;6;12;6;True
74591;4;9;5;True
74592;2;4;2;True
74593;0;0;0;True
74594;9;16;7;True
74595;3;6;3;True
74596;2;4;2;True
74597;6;9;3;True
74598;7;16;9;True
74599;6;12;6;True
74600;3;4;1;True
74601;2;2;0;True
74602;7;16;9;True
74603;4;9;5;True
74604;2;4;2;True
74605;6;8;2;True
74606;0;0;0;True
74607;3;9;6;True
74608;3;4;1;True
74609;2;4;2;True
74610;3;3;0;True
74611;4;6;2;True
74612;3;4;1;True
74613;1;1;0;True
74614;3;6;3;True
74615;3;6;3;True
74616;3;9;6;True
74617;5;9;4;True
74618;2;2;0;True
74619;4;6;2;True
74620;7;16;9;True
74621;0;0;0;True
74622;9;16;7;True
74623;3;9;6;True
74624;0;0;0;True
74625;4;9;5;True
74626;7;16;9;True
74627;5;6;1;True
74628;4;12;8;True
74629;2;4;2;True
74630;5;12;7;True
74631;2;2;0;True
74632;1;1;0;True
74633;8;16;8;True
74634;1;1;0;True
74635;4;9;5;True
74636;6;16;10;True
74637;7;12;5;True
74638;0;0;0;True
74639;1;1;0;True
74640;5;12;7;True
74641;3;6;3;True
74642;1;1;0;True
74643;4;6;2;True
74644;6;9;3;True
74645;2;2;0;True
74646;3;6;3;True
74647;4;12;8;True
74648;7;12;5;True
74649;9;16;7;True
74650;6;9;3;True
74651;3;6;3;True
74652;7;16;9;True
74653;9;16;7;True
74654;2;4;2;True
74655;3;6;3;True
74656;4;9;5;True
74657;0;0;0;True
74658;3;6;3;True
74659;6;12;6;True
74660;5;16;11;True
74661;5;9;4;True
74662;6;16;10;True
74663;3;4;1;True
74664;5;12;7;True
74665;3;6;3;True
74666;2;4;2;True
74667;4;6;2;True
74668;0;0;0;True
74669;4;9;5;True
74670;4;6;2;True
74671;6;12;6;True
74672;1;1;0;True
74673;7;16;9;True
74674;4;9;5;True
74675;2;4;2;True
74676;4;9;5;True
74677;2;2;0;True
74678;3;4;1;True
74679;3;4;1;True
74680;3;6;3;True
74681;10;16;6;True
74682;7;12;5;True
74683;4;6;2;True
74684;2;4;2;True
74685;1;1;0;True
74686;1;1;0;True
74687;3;6;3;True
74688;1;1;0;True
74689;7;12;5;True
74690;4;9;5;True
74691;4;8;4;True
74692;3;9;6;True
74693;4;9;5;True
74694;8;16;8;True
74695;8;12;4;True
74696;3;4;1;True
74697;4;12;8;True
74698;3;6;3;True
74699;5;12;7;True
74700;4;8;4;True
74701;7;9;2;True
74702;3;9;6;True
74703;5;12;7;True
74704;5;12;7;True
74705;2;2;0;True
74706;4;9;5;True
74707;5;9;4;True
74708;6;12;6;True
74709;6;12;6;True
74710;6;9;3;True
74711;7;16;9;True
74712;5;12;7;True
74713;0;0;0;True
74714;3;4;1;True
74715;4;12;8;True
74716;6;12;6;True
74717;2;2;0;True
74718;4;9;5;True
74719;3;9;6;True
74720;1;1;0;True
74721;4;9;5;True
74722;7;16;9;True
74723;1;1;0;True
74724;5;12;7;True
74725;7;16;9;True
74726;3;6;3;True
74727;5;9;4;True
74728;2;4;2;True
74729;5;12;7;True
74730;2;4;2;True
74731;7;12;5;True
74732;2;2;0;True
74733;5;12;7;True
74734;2;2;0;True
74735;4;9;5;True
74736;3;6;3;True
74737;3;6;3;True
74738;3;6;3;True
74739;0;0;0;True
74740;0;0;0;True
74741;5;12;7;True
74742;1;1;0;True
74743;0;0;0;True
74744;8;16;8;True
74745;4;6;2;True
74746;1;1;0;True
74747;3;6;3;True
74748;0;0;0;True
74749;6;9;3;True
74750;3;6;3;True
74751;2;4;2;True
74752;5;9;4;True
74753;4;8;4;True
74754;5;9;4;True
74755;5;12;7;True
74756;1;1;0;True
74757;7;16;9;True
74758;5;16;11;True
74759;2;2;0;True
74760;0;0;0;True
74761;2;4;2;True
74762;5;9;4;True
74763;2;4;2;True
74764;8;16;8;True
74765;1;1;0;True
74766;4;8;4;True
74767;2;4;2;True
74768;4;9;5;True
74769;5;12;7;True
74770;2;2;0;True
74771;6;16;10;True
74772;7;16;9;True
74773;1;1;0;True
74774;0;0;0;True
74775;7;16;9;True
74776;5;12;7;True
74777;2;4;2;True
74778;7;16;9;True
74779;2;2;0;True
74780;7;16;9;True
74781;2;2;0;True
74782;3;6;3;True
74783;1;1;0;True
74784;7;12;5;True
74785;3;4;1;True
74786;3;6;3;True
74787;2;2;0;True
74788;1;1;0;True
74789;2;4;2;True
74790;2;2;0;True
74791;4;9;5;True
74792;5;9;4;True
74793;4;8;4;True
74794;2;2;0;True
74795;6;16;10;True
74796;2;2;0;True
74797;5;8;3;True
74798;0;0;0;True
74799;4;9;5;True
74800;5;12;7;True
74801;1;1;0;True
74802;3;4;1;True
74803;3;4;1;True
74804;2;2;0;True
74805;2;4;2;True
74806;7;12;5;True
74807;1;1;0;True
74808;6;12;6;True
74809;5;12;7;True
74810;1;1;0;True
74811;3;6;3;True
74812;3;6;3;True
74813;5;6;1;True
74814;2;4;2;True
74815;4;12;8;True
74816;3;6;3;True
74817;1;1;0;True
74818;2;2;0;True
74819;1;1;0;True
74820;3;6;3;True
74821;4;9;5;True
74822;2;4;2;True
74823;6;12;6;True
74824;7;12;5;True
74825;2;2;0;True
74826;4;9;5;True
74827;0;0;0;True
74828;3;4;1;True
74829;3;9;6;True
74830;0;0;0;True
74831;4;9;5;True
74832;5;12;7;True
74833;4;9;5;True
74834;1;1;0;True
74835;7;16;9;True
74836;4;6;2;True
74837;3;6;3;True
74838;2;4;2;True
74839;6;12;6;True
74840;4;12;8;True
74841;6;16;10;True
74842;3;3;0;True
74843;9;16;7;True
74844;6;12;6;True
74845;4;9;5;True
74846;1;1;0;True
74847;3;6;3;True
74848;3;4;1;True
74849;7;16;9;True
74850;6;9;3;True
74851;6;12;6;True
74852;6;16;10;True
74853;2;2;0;True
74854;7;16;9;True
74855;5;6;1;True
74856;3;6;3;True
74857;6;12;6;True
74858;6;16;10;True
74859;4;9;5;True
74860;8;16;8;True
74861;1;1;0;True
74862;2;4;2;True
74863;8;16;8;True
74864;3;6;3;True
74865;0;0;0;True
74866;2;4;2;True
74867;3;4;1;True
74868;5;9;4;True
74869;5;12;7;True
74870;6;12;6;True
74871;4;16;12;True
74872;5;6;1;True
74873;6;12;6;True
74874;4;6;2;True
74875;4;9;5;True
74876;3;9;6;True
74877;7;9;2;True
74878;5;8;3;True
74879;1;1;0;True
74880;3;6;3;True
74881;2;4;2;True
74882;6;9;3;True
74883;7;16;9;True
74884;10;16;6;True
74885;1;1;0;True
74886;3;6;3;True
74887;1;1;0;True
74888;3;4;1;True
74889;5;12;7;True
74890;9;16;7;True
74891;2;2;0;True
74892;9;16;7;True
74893;2;4;2;True
74894;3;9;6;True
74895;4;4;0;True
74896;2;4;2;True
74897;8;16;8;True
74898;4;9;5;True
74899;3;3;0;True
74900;3;6;3;True
74901;4;6;2;True
74902;7;16;9;True
74903;8;16;8;True
74904;4;9;5;True
74905;8;16;8;True
74906;1;1;0;True
74907;0;0;0;True
74908;2;2;0;True
74909;2;4;2;True
74910;5;9;4;True
74911;3;4;1;True
74912;2;4;2;True
74913;2;4;2;True
74914;4;9;5;True
74915;1;1;0;True
74916;3;4;1;True
74917;2;2;0;True
74918;1;1;0;True
74919;4;9;5;True
74920;2;4;2;True
74921;4;8;4;True
74922;5;9;4;True
74923;1;1;0;True
74924;3;3;0;True
74925;7;16;9;True
74926;1;1;0;True
74927;3;6;3;True
74928;1;1;0;True
74929;0;0;0;True
74930;8;16;8;True
74931;5;9;4;True
74932;5;9;4;True
74933;4;9;5;True
74934;2;2;0;True
74935;2;4;2;True
74936;2;4;2;True
74937;3;9;6;True
74938;1;1;0;True
74939;0;0;0;True
74940;1;1;0;True
74941;8;16;8;True
74942;4;6;2;True
74943;1;1;0;True
74944;3;6;3;True
74945;5;8;3;True
74946;3;6;3;True
74947;8;16;8;True
74948;5;16;11;True
74949;7;9;2;True
74950;3;4;1;True
74951;6;12;6;True
74952;3;6;3;True
74953;4;9;5;True
74954;2;4;2;True
74955;5;12;7;True
74956;4;8;4;True
74957;2;4;2;True
74958;3;9;6;True
74959;1;1;0;True
74960;4;6;2;True
74961;3;6;3;True
74962;7;16;9;True
74963;6;16;10;True
74964;3;3;0;True
74965;7;16;9;True
74966;4;9;5;True
74967;1;1;0;True
74968;2;2;0;True
74969;7;16;9;True
74970;6;12;6;True
74971;7;16;9;True
74972;5;12;7;True
74973;0;0;0;True
74974;5;12;7;True
74975;3;3;0;True
74976;3;6;3;True
74977;7;12;5;True
74978;1;1;0;True
74979;2;4;2;True
74980;1;1;0;True
74981;7;12;5;True
74982;5;8;3;True
74983;4;9;5;True
74984;5;12;7;True
74985;2;2;0;True
74986;5;12;7;True
74987;5;12;7;True
74988;6;16;10;True
74989;3;6;3;True
74990;6;16;10;True
74991;3;6;3;True
74992;3;6;3;True
74993;5;16;11;True
74994;1;1;0;True
74995;4;8;4;True
74996;9;16;7;True
74997;3;4;1;True
74998;5;16;11;True
74999;4;6;2;True
75000;3;6;3;True
75001;1;1;0;True
75002;1;1;0;True
75003;4;12;8;True
75004;0;0;0;True
75005;2;4;2;True
75006;2;4;2;True
75007;2;2;0;True
75008;1;1;0;True
75009;9;16;7;True
75010;3;6;3;True
75011;8;16;8;True
75012;4;9;5;True
75013;2;2;0;True
75014;3;6;3;True
75015;6;12;6;True
75016;2;2;0;True
75017;8;16;8;True
75018;2;4;2;True
75019;3;4;1;True
75020;4;12;8;True
75021;6;12;6;True
75022;7;16;9;True
75023;1;1;0;True
75024;0;0;0;True
75025;5;16;11;True
75026;4;6;2;True
75027;7;16;9;True
75028;4;6;2;True
75029;4;9;5;True
75030;4;12;8;True
75031;5;6;1;True
75032;5;9;4;True
75033;4;6;2;True
75034;3;4;1;True
75035;4;9;5;True
75036;4;9;5;True
75037;5;12;7;True
75038;0;0;0;True
75039;10;16;6;True
75040;3;6;3;True
75041;3;9;6;True
75042;2;2;0;True
75043;6;16;10;True
75044;2;4;2;True
75045;8;12;4;True
75046;7;9;2;True
75047;2;4;2;True
75048;5;9;4;True
75049;7;16;9;True
75050;4;16;12;True
75051;6;9;3;True
75052;1;1;0;True
75053;3;6;3;True
75054;0;0;0;True
75055;2;4;2;True
75056;5;9;4;True
75057;7;16;9;True
75058;0;0;0;True
75059;2;4;2;True
75060;4;12;8;True
75061;6;8;2;True
75062;1;1;0;True
75063;5;9;4;True
75064;6;9;3;True
75065;5;16;11;True
75066;3;9;6;True
75067;3;3;0;True
75068;3;4;1;True
75069;4;6;2;True
75070;3;6;3;True
75071;1;1;0;True
75072;0;0;0;True
75073;4;4;0;True
75074;4;6;2;True
75075;3;4;1;True
75076;2;4;2;True
75077;1;1;0;True
75078;4;9;5;True
75079;4;6;2;True
75080;5;8;3;True
75081;4;9;5;True
75082;5;8;3;True
75083;1;1;0;True
75084;2;4;2;True
75085;5;12;7;True
75086;8;12;4;True
75087;8;16;8;True
75088;2;4;2;True
75089;10;16;6;True
75090;3;9;6;True
75091;6;12;6;True
75092;2;4;2;True
75093;4;9;5;True
75094;0;0;0;True
75095;7;16;9;True
75096;2;4;2;True
75097;3;6;3;True
75098;4;9;5;True
75099;1;1;0;True
75100;6;12;6;True
75101;2;4;2;True
75102;7;12;5;True
75103;6;16;10;True
75104;3;9;6;True
75105;0;0;0;True
75106;2;4;2;True
75107;4;6;2;True
75108;5;9;4;True
75109;6;12;6;True
75110;5;16;11;True
75111;5;16;11;True
75112;7;16;9;True
75113;4;12;8;True
75114;8;16;8;True
75115;1;1;0;True
75116;0;0;0;True
75117;4;6;2;True
75118;6;12;6;True
75119;4;6;2;True
75120;2;4;2;True
75121;7;16;9;True
75122;8;16;8;True
75123;4;12;8;True
75124;0;0;0;True
75125;7;16;9;True
75126;0;0;0;True
75127;4;9;5;True
75128;1;1;0;True
75129;7;16;9;True
75130;2;4;2;True
75131;2;4;2;True
75132;2;2;0;True
75133;8;12;4;True
75134;6;12;6;True
75135;1;1;0;True
75136;0;0;0;True
75137;6;16;10;True
75138;4;6;2;True
75139;10;16;6;True
75140;4;6;2;True
75141;0;0;0;True
75142;1;1;0;True
75143;0;0;0;True
75144;1;1;0;True
75145;3;3;0;True
75146;2;2;0;True
75147;3;4;1;True
75148;1;1;0;True
75149;6;9;3;True
75150;5;12;7;True
75151;1;1;0;True
75152;3;6;3;True
75153;8;12;4;True
75154;2;4;2;True
75155;4;6;2;True
75156;10;16;6;True
75157;3;9;6;True
75158;4;6;2;True
75159;0;0;0;True
75160;8;12;4;True
75161;2;4;2;True
75162;4;9;5;True
75163;2;2;0;True
75164;2;4;2;True
75165;4;12;8;True
75166;4;6;2;True
75167;6;12;6;True
75168;1;1;0;True
75169;0;0;0;True
75170;6;12;6;True
75171;5;9;4;True
75172;5;9;4;True
75173;1;1;0;True
75174;5;9;4;True
75175;2;4;2;True
75176;1;1;0;True
75177;1;1;0;True
75178;3;6;3;True
75179;4;9;5;True
75180;6;12;6;True
75181;3;9;6;True
75182;6;12;6;True
75183;4;9;5;True
75184;3;9;6;True
75185;1;1;0;True
75186;0;0;0;True
75187;7;12;5;True
75188;1;1;0;True
75189;8;16;8;True
75190;3;9;6;True
75191;3;3;0;True
75192;4;6;2;True
75193;7;16;9;True
75194;7;16;9;True
75195;5;9;4;True
75196;0;0;0;True
75197;1;1;0;True
75198;0;0;0;True
75199;4;9;5;True
75200;6;16;10;True
75201;3;9;6;True
75202;1;1;0;True
75203;3;6;3;True
75204;4;9;5;True
75205;6;16;10;True
75206;4;6;2;True
75207;4;6;2;True
75208;3;6;3;True
75209;2;4;2;True
75210;2;4;2;True
75211;5;9;4;True
75212;2;2;0;True
75213;0;0;0;True
75214;2;4;2;True
75215;6;9;3;True
75216;5;12;7;True
75217;5;9;4;True
75218;3;6;3;True
75219;2;4;2;True
75220;2;2;0;True
75221;2;4;2;True
75222;7;16;9;True
75223;3;6;3;True
75224;3;9;6;True
75225;1;1;0;True
75226;1;1;0;True
75227;0;0;0;True
75228;2;4;2;True
75229;5;12;7;True
75230;2;2;0;True
75231;2;4;2;True
75232;1;1;0;True
75233;5;12;7;True
75234;5;12;7;True
75235;5;9;4;True
75236;3;4;1;True
75237;4;9;5;True
75238;2;2;0;True
75239;9;16;7;True
75240;6;8;2;True
75241;1;1;0;True
75242;5;9;4;True
75243;5;12;7;True
75244;2;2;0;True
75245;7;9;2;True
75246;3;3;0;True
75247;3;9;6;True
75248;0;0;0;True
75249;3;6;3;True
75250;3;9;6;True
75251;3;6;3;True
75252;2;4;2;True
75253;1;1;0;True
75254;0;0;0;True
75255;5;16;11;True
75256;3;4;1;True
75257;7;12;5;True
75258;3;4;1;True
75259;3;9;6;True
75260;4;12;8;True
75261;3;9;6;True
75262;4;12;8;True
75263;7;16;9;True
75264;3;6;3;True
75265;5;12;7;True
75266;1;1;0;True
75267;3;9;6;True
75268;1;1;0;True
75269;0;0;0;True
75270;2;4;2;True
75271;5;12;7;True
75272;10;16;6;True
75273;5;12;7;True
75274;9;12;3;True
75275;5;12;7;True
75276;0;0;0;True
75277;5;9;4;True
75278;4;12;8;True
75279;3;6;3;True
75280;4;9;5;True
75281;7;16;9;True
75282;3;6;3;True
75283;2;4;2;True
75284;4;9;5;True
75285;5;12;7;True
75286;6;16;10;True
75287;2;2;0;True
75288;4;6;2;True
75289;3;6;3;True
75290;0;0;0;True
75291;5;8;3;True
75292;1;1;0;True
75293;3;6;3;True
75294;7;16;9;True
75295;2;2;0;True
75296;3;4;1;True
75297;5;9;4;True
75298;1;1;0;True
75299;2;4;2;True
75300;5;9;4;True
75301;3;4;1;True
75302;7;12;5;True
75303;5;9;4;True
75304;3;6;3;True
75305;5;12;7;True
75306;5;12;7;True
75307;0;0;0;True
75308;1;1;0;True
75309;3;4;1;True
75310;4;9;5;True
75311;5;12;7;True
75312;3;6;3;True
75313;4;9;5;True
75314;2;2;0;True
75315;6;12;6;True
75316;3;9;6;True
75317;6;16;10;True
75318;1;1;0;True
75319;2;4;2;True
75320;8;16;8;True
75321;0;0;0;True
75322;3;9;6;True
75323;1;1;0;True
75324;0;0;0;True
75325;3;4;1;True
75326;2;4;2;True
75327;7;16;9;True
75328;3;6;3;True
75329;7;12;5;True
75330;0;0;0;True
75331;0;0;0;True
75332;7;12;5;True
75333;0;0;0;True
75334;6;8;2;True
75335;5;12;7;True
75336;4;6;2;True
75337;2;2;0;True
75338;4;6;2;True
75339;2;4;2;True
75340;3;4;1;True
75341;2;4;2;True
75342;3;6;3;True
75343;9;16;7;True
75344;6;12;6;True
75345;6;12;6;True
75346;2;4;2;True
75347;5;9;4;True
75348;1;1;0;True
75349;4;9;5;True
75350;5;12;7;True
75351;3;6;3;True
75352;7;16;9;True
75353;6;16;10;True
75354;3;6;3;True
75355;6;12;6;True
75356;2;4;2;True
75357;3;3;0;True
75358;6;16;10;True
75359;2;4;2;True
75360;4;6;2;True
75361;4;16;12;True
75362;0;0;0;True
75363;4;12;8;True
75364;1;1;0;True
75365;8;12;4;True
75366;3;4;1;True
75367;8;16;8;True
75368;2;2;0;True
75369;4;9;5;True
75370;1;1;0;True
75371;4;6;2;True
75372;2;4;2;True
75373;4;6;2;True
75374;4;8;4;True
75375;3;6;3;True
75376;7;12;5;True
75377;1;1;0;True
75378;7;16;9;True
75379;3;4;1;True
75380;4;9;5;True
75381;4;9;5;True
75382;1;1;0;True
75383;4;9;5;True
75384;3;9;6;True
75385;3;9;6;True
75386;6;16;10;True
75387;8;16;8;True
75388;4;12;8;True
75389;1;1;0;True
75390;2;4;2;True
75391;2;2;0;True
75392;2;2;0;True
75393;2;4;2;True
75394;1;1;0;True
75395;4;8;4;True
75396;4;12;8;True
75397;7;9;2;True
75398;6;12;6;True
75399;6;12;6;True
75400;4;6;2;True
75401;8;16;8;True
75402;3;6;3;True
75403;8;16;8;True
75404;6;16;10;True
75405;4;6;2;True
75406;3;4;1;True
75407;9;16;7;True
75408;7;12;5;True
75409;8;16;8;True
75410;3;9;6;True
75411;5;12;7;True
75412;0;0;0;True
75413;1;1;0;True
75414;0;0;0;True
75415;4;6;2;True
75416;2;4;2;True
75417;1;1;0;True
75418;7;12;5;True
75419;4;6;2;True
75420;4;12;8;True
75421;2;4;2;True
75422;3;6;3;True
75423;7;12;5;True
75424;5;12;7;True
75425;4;9;5;True
75426;4;6;2;True
75427;7;16;9;True
75428;6;16;10;True
75429;4;9;5;True
75430;6;12;6;True
75431;2;4;2;True
75432;8;12;4;True
75433;2;4;2;True
75434;4;9;5;True
75435;3;6;3;True
75436;10;16;6;True
75437;6;12;6;True
75438;3;6;3;True
75439;7;16;9;True
75440;4;12;8;True
75441;4;6;2;True
75442;6;16;10;True
75443;5;9;4;True
75444;7;12;5;True
75445;6;16;10;True
75446;3;4;1;True
75447;4;6;2;True
75448;1;1;0;True
75449;9;16;7;True
75450;0;0;0;True
75451;9;16;7;True
75452;4;6;2;True
75453;2;2;0;True
75454;1;1;0;True
75455;8;16;8;True
75456;9;16;7;True
75457;3;6;3;True
75458;3;6;3;True
75459;6;8;2;True
75460;6;16;10;True
75461;5;6;1;True
75462;1;1;0;True
75463;3;6;3;True
75464;7;16;9;True
75465;2;4;2;True
75466;6;8;2;True
75467;3;4;1;True
75468;5;8;3;True
75469;8;16;8;True
75470;4;9;5;True
75471;6;9;3;True
75472;4;12;8;True
75473;0;0;0;True
75474;2;4;2;True
75475;1;1;0;True
75476;7;16;9;True
75477;11;16;5;True
75478;1;1;0;True
75479;11;16;5;True
75480;2;4;2;True
75481;3;6;3;True
75482;4;12;8;True
75483;3;3;0;True
75484;3;6;3;True
75485;3;6;3;True
75486;3;6;3;True
75487;7;12;5;True
75488;3;3;0;True
75489;7;8;1;True
75490;3;4;1;True
75491;0;0;0;True
75492;5;12;7;True
75493;6;12;6;True
75494;7;12;5;True
75495;1;1;0;True
75496;6;12;6;True
75497;2;4;2;True
75498;1;1;0;True
75499;2;2;0;True
75500;1;1;0;True
75501;8;16;8;True
75502;0;0;0;True
75503;2;4;2;True
75504;5;16;11;True
75505;5;12;7;True
75506;2;2;0;True
75507;1;1;0;True
75508;2;2;0;True
75509;6;12;6;True
75510;5;12;7;True
75511;3;6;3;True
75512;4;9;5;True
75513;2;4;2;True
75514;3;3;0;True
75515;8;16;8;True
75516;4;9;5;True
75517;2;4;2;True
75518;7;9;2;True
75519;5;12;7;True
75520;3;9;6;True
75521;7;16;9;True
75522;4;12;8;True
75523;6;9;3;True
75524;2;2;0;True
75525;4;8;4;True
75526;5;16;11;True
75527;1;1;0;True
75528;6;9;3;True
75529;5;9;4;True
75530;8;16;8;True
75531;3;4;1;True
75532;6;12;6;True
75533;5;12;7;True
75534;1;1;0;True
75535;2;4;2;True
75536;1;1;0;True
75537;5;9;4;True
75538;6;16;10;True
75539;6;12;6;True
75540;2;2;0;True
75541;9;16;7;True
75542;7;9;2;True
75543;1;1;0;True
75544;10;16;6;True
75545;7;12;5;True
75546;6;12;6;True
75547;5;8;3;True
75548;4;6;2;True
75549;4;9;5;True
75550;5;9;4;True
75551;6;16;10;True
75552;6;12;6;True
75553;3;9;6;True
75554;5;12;7;True
75555;1;1;0;True
75556;5;16;11;True
75557;4;6;2;True
75558;3;9;6;True
75559;6;12;6;True
75560;6;16;10;True
75561;1;1;0;True
75562;4;6;2;True
75563;5;9;4;True
75564;4;8;4;True
75565;2;4;2;True
75566;4;9;5;True
75567;5;12;7;True
75568;3;6;3;True
75569;2;4;2;True
75570;3;9;6;True
75571;0;0;0;True
75572;4;9;5;True
75573;7;16;9;True
75574;4;12;8;True
75575;8;16;8;True
75576;1;1;0;True
75577;7;16;9;True
75578;2;4;2;True
75579;1;1;0;True
75580;0;0;0;True
75581;5;12;7;True
75582;4;9;5;True
75583;2;4;2;True
75584;3;6;3;True
75585;4;12;8;True
75586;4;6;2;True
75587;0;0;0;True
75588;7;16;9;True
75589;7;16;9;True
75590;3;6;3;True
75591;1;1;0;True
75592;2;2;0;True
75593;6;12;6;True
75594;6;16;10;True
75595;5;16;11;True
75596;10;16;6;True
75597;4;6;2;True
75598;4;9;5;True
75599;2;4;2;True
75600;3;4;1;True
75601;3;6;3;True
75602;3;6;3;True
75603;6;12;6;True
75604;8;16;8;True
75605;5;12;7;True
75606;5;6;1;True
75607;7;12;5;True
75608;3;4;1;True
75609;3;6;3;True
75610;4;6;2;True
75611;9;12;3;True
75612;2;4;2;True
75613;9;16;7;True
75614;7;16;9;True
75615;5;9;4;True
75616;7;16;9;True
75617;8;16;8;True
75618;3;4;1;True
75619;4;6;2;True
75620;5;9;4;True
75621;4;12;8;True
75622;2;4;2;True
75623;0;0;0;True
75624;6;12;6;True
75625;3;4;1;True
75626;3;9;6;True
75627;3;9;6;True
75628;0;0;0;True
75629;0;0;0;True
75630;4;6;2;True
75631;0;0;0;True
75632;3;6;3;True
75633;7;12;5;True
75634;1;1;0;True
75635;2;4;2;True
75636;1;1;0;True
75637;4;6;2;True
75638;7;16;9;True
75639;4;6;2;True
75640;4;6;2;True
75641;6;9;3;True
75642;4;9;5;True
75643;3;6;3;True
75644;2;2;0;True
75645;8;16;8;True
75646;4;4;0;True
75647;6;12;6;True
75648;1;1;0;True
75649;3;4;1;True
75650;3;6;3;True
75651;3;4;1;True
75652;6;12;6;True
75653;3;6;3;True
75654;1;1;0;True
75655;2;4;2;True
75656;1;1;0;True
75657;2;4;2;True
75658;3;9;6;True
75659;3;9;6;True
75660;4;12;8;True
75661;2;2;0;True
75662;8;16;8;True
75663;5;8;3;True
75664;0;0;0;True
75665;1;1;0;True
75666;8;16;8;True
75667;7;12;5;True
75668;7;16;9;True
75669;3;6;3;True
75670;2;2;0;True
75671;7;12;5;True
75672;1;1;0;True
75673;4;6;2;True
75674;6;12;6;True
75675;1;1;0;True
75676;6;9;3;True
75677;4;6;2;True
75678;4;9;5;True
75679;3;9;6;True
75680;1;1;0;True
75681;1;1;0;True
75682;3;6;3;True
75683;2;2;0;True
75684;2;2;0;True
75685;5;9;4;True
75686;4;9;5;True
75687;2;2;0;True
75688;6;12;6;True
75689;4;6;2;True
75690;4;12;8;True
75691;5;9;4;True
75692;1;1;0;True
75693;7;16;9;True
75694;1;1;0;True
75695;5;8;3;True
75696;2;4;2;True
75697;9;12;3;True
75698;8;16;8;True
75699;7;16;9;True
75700;3;6;3;True
75701;4;6;2;True
75702;4;6;2;True
75703;2;2;0;True
75704;2;4;2;True
75705;7;16;9;True
75706;2;4;2;True
75707;6;12;6;True
75708;5;12;7;True
75709;1;1;0;True
75710;5;8;3;True
75711;3;9;6;True
75712;2;4;2;True
75713;5;12;7;True
75714;3;6;3;True
75715;7;12;5;True
75716;2;2;0;True
75717;1;1;0;True
75718;3;4;1;True
75719;7;12;5;True
75720;2;4;2;True
75721;5;12;7;True
75722;2;2;0;True
75723;1;1;0;True
75724;8;16;8;True
75725;1;1;0;True
75726;6;16;10;True
75727;1;1;0;True
75728;4;9;5;True
75729;0;0;0;True
75730;7;12;5;True
75731;4;6;2;True
75732;1;1;0;True
75733;3;9;6;True
75734;6;12;6;True
75735;2;4;2;True
75736;0;0;0;True
75737;6;16;10;True
75738;0;0;0;True
75739;3;4;1;True
75740;5;12;7;True
75741;4;12;8;True
75742;5;12;7;True
75743;1;1;0;True
75744;9;16;7;True
75745;5;9;4;True
75746;0;0;0;True
75747;9;16;7;True
75748;7;16;9;True
75749;3;6;3;True
75750;5;6;1;True
75751;7;16;9;True
75752;5;9;4;True
75753;1;1;0;True
75754;2;2;0;True
75755;6;12;6;True
75756;0;0;0;True
75757;6;12;6;True
75758;2;4;2;True
75759;8;16;8;True
75760;1;1;0;True
75761;4;9;5;True
75762;6;12;6;True
75763;2;4;2;True
75764;9;16;7;True
75765;2;4;2;True
75766;5;9;4;True
75767;4;9;5;True
75768;4;6;2;True
75769;4;12;8;True
75770;2;2;0;True
75771;4;6;2;True
75772;3;6;3;True
75773;0;0;0;True
75774;5;12;7;True
75775;3;3;0;True
75776;3;4;1;True
75777;2;2;0;True
75778;0;0;0;True
75779;6;9;3;True
75780;5;16;11;True
75781;7;16;9;True
75782;8;16;8;True
75783;3;6;3;True
75784;2;4;2;True
75785;5;12;7;True
75786;2;4;2;True
75787;1;1;0;True
75788;5;12;7;True
75789;4;8;4;True
75790;0;0;0;True
75791;4;6;2;True
75792;9;16;7;True
75793;6;12;6;True
75794;4;6;2;True
75795;2;4;2;True
75796;5;12;7;True
75797;5;12;7;True
75798;4;9;5;True
75799;3;6;3;True
75800;5;16;11;True
75801;2;4;2;True
75802;3;6;3;True
75803;1;1;0;True
75804;3;6;3;True
75805;3;6;3;True
75806;2;4;2;True
75807;5;12;7;True
75808;7;16;9;True
75809;5;12;7;True
75810;4;9;5;True
75811;4;6;2;True
75812;9;16;7;True
75813;2;4;2;True
75814;2;4;2;True
75815;1;1;0;True
75816;2;2;0;True
75817;2;4;2;True
75818;1;1;0;True
75819;10;16;6;True
75820;5;9;4;True
75821;3;6;3;True
75822;4;12;8;True
75823;3;9;6;True
75824;8;16;8;True
75825;4;12;8;True
75826;5;6;1;True
75827;2;4;2;True
75828;7;16;9;True
75829;2;2;0;True
75830;2;4;2;True
75831;10;16;6;True
75832;5;16;11;True
75833;5;9;4;True
75834;9;16;7;True
75835;4;6;2;True
75836;3;9;6;True
75837;3;9;6;True
75838;4;6;2;True
75839;6;12;6;True
75840;5;9;4;True
75841;2;4;2;True
75842;6;12;6;True
75843;2;4;2;True
75844;4;9;5;True
75845;9;16;7;True
75846;3;4;1;True
75847;1;1;0;True
75848;5;16;11;True
75849;5;12;7;True
75850;9;16;7;True
75851;1;1;0;True
75852;3;6;3;True
75853;1;1;0;True
75854;6;9;3;True
75855;3;6;3;True
75856;5;9;4;True
75857;7;16;9;True
75858;5;12;7;True
75859;1;1;0;True
75860;5;12;7;True
75861;7;12;5;True
75862;1;1;0;True
75863;2;4;2;True
75864;5;16;11;True
75865;4;9;5;True
75866;3;6;3;True
75867;6;12;6;True
75868;4;8;4;True
75869;3;6;3;True
75870;4;9;5;True
75871;5;8;3;True
75872;4;6;2;True
75873;6;12;6;True
75874;5;9;4;True
75875;2;4;2;True
75876;5;12;7;True
75877;1;1;0;True
75878;3;3;0;True
75879;5;16;11;True
75880;4;6;2;True
75881;5;9;4;True
75882;6;9;3;True
75883;4;6;2;True
75884;7;16;9;True
75885;5;12;7;True
75886;4;9;5;True
75887;2;2;0;True
75888;0;0;0;True
75889;8;16;8;True
75890;5;12;7;True
75891;5;6;1;True
75892;0;0;0;True
75893;2;4;2;True
75894;1;1;0;True
75895;4;6;2;True
75896;2;2;0;True
75897;5;9;4;True
75898;5;12;7;True
75899;1;1;0;True
75900;1;1;0;True
75901;4;6;2;True
75902;1;1;0;True
75903;3;6;3;True
75904;5;16;11;True
75905;3;6;3;True
75906;1;1;0;True
75907;3;3;0;True
75908;4;6;2;True
75909;2;4;2;True
75910;2;4;2;True
75911;7;16;9;True
75912;1;1;0;True
75913;2;4;2;True
75914;6;12;6;True
75915;7;12;5;True
75916;3;4;1;True
75917;7;8;1;True
75918;3;9;6;True
75919;5;12;7;True
75920;5;12;7;True
75921;6;12;6;True
75922;4;9;5;True
75923;7;12;5;True
75924;4;6;2;True
75925;4;9;5;True
75926;2;4;2;True
75927;5;12;7;True
75928;3;4;1;True
75929;4;9;5;True
75930;3;6;3;True
75931;3;9;6;True
75932;2;4;2;True
75933;2;2;0;True
75934;2;2;0;True
75935;0;0;0;True
75936;7;12;5;True
75937;1;1;0;True
75938;2;2;0;True
75939;4;12;8;True
75940;8;16;8;True
75941;3;6;3;True
75942;0;0;0;True
75943;0;0;0;True
75944;2;2;0;True
75945;3;3;0;True
75946;1;1;0;True
75947;5;12;7;True
75948;5;16;11;True
75949;0;0;0;True
75950;4;6;2;True
75951;4;9;5;True
75952;3;6;3;True
75953;5;12;7;True
75954;5;9;4;True
75955;7;16;9;True
75956;6;12;6;True
75957;6;16;10;True
75958;2;2;0;True
75959;6;9;3;True
75960;7;12;5;True
75961;4;6;2;True
75962;1;1;0;True
75963;4;9;5;True
75964;5;16;11;True
75965;5;9;4;True
75966;9;16;7;True
75967;6;12;6;True
75968;3;6;3;True
75969;6;16;10;True
75970;4;6;2;True
75971;0;0;0;True
75972;1;1;0;True
75973;8;12;4;True
75974;3;6;3;True
75975;1;1;0;True
75976;6;12;6;True
75977;3;6;3;True
75978;3;6;3;True
75979;2;4;2;True
75980;0;0;0;True
75981;3;4;1;True
75982;3;3;0;True
75983;4;8;4;True
75984;6;12;6;True
75985;3;3;0;True
75986;2;4;2;True
75987;4;6;2;True
75988;3;6;3;True
75989;2;4;2;True
75990;3;6;3;True
75991;5;8;3;True
75992;2;2;0;True
75993;3;6;3;True
75994;8;16;8;True
75995;2;4;2;True
75996;2;4;2;True
75997;5;9;4;True
75998;5;12;7;True
75999;3;4;1;True
76000;2;4;2;True
76001;2;4;2;True
76002;0;0;0;True
76003;2;4;2;True
76004;0;0;0;True
76005;0;0;0;True
76006;6;16;10;True
76007;2;4;2;True
76008;3;6;3;True
76009;2;4;2;True
76010;3;4;1;True
76011;4;6;2;True
76012;5;9;4;True
76013;4;6;2;True
76014;6;12;6;True
76015;5;16;11;True
76016;9;16;7;True
76017;4;6;2;True
76018;4;9;5;True
76019;5;12;7;True
76020;0;0;0;True
76021;1;1;0;True
76022;4;9;5;True
76023;4;6;2;True
76024;4;9;5;True
76025;1;1;0;True
76026;4;6;2;True
76027;2;2;0;True
76028;6;12;6;True
76029;4;12;8;True
76030;1;1;0;True
76031;9;12;3;True
76032;2;2;0;True
76033;5;12;7;True
76034;3;6;3;True
76035;8;16;8;True
76036;5;12;7;True
76037;2;4;2;True
76038;5;16;11;True
76039;6;9;3;True
76040;3;6;3;True
76041;4;9;5;True
76042;7;16;9;True
76043;8;16;8;True
76044;0;0;0;True
76045;2;2;0;True
76046;5;12;7;True
76047;5;9;4;True
76048;2;4;2;True
76049;3;4;1;True
76050;2;2;0;True
76051;7;12;5;True
76052;2;2;0;True
76053;5;16;11;True
76054;5;12;7;True
76055;7;16;9;True
76056;5;9;4;True
76057;2;4;2;True
76058;6;12;6;True
76059;5;16;11;True
76060;4;6;2;True
76061;2;4;2;True
76062;4;6;2;True
76063;1;1;0;True
76064;3;6;3;True
76065;4;6;2;True
76066;3;9;6;True
76067;4;9;5;True
76068;4;9;5;True
76069;4;12;8;True
76070;0;0;0;True
76071;4;6;2;True
76072;8;16;8;True
76073;6;12;6;True
76074;7;12;5;True
76075;0;0;0;True
76076;3;6;3;True
76077;5;8;3;True
76078;5;16;11;True
76079;6;8;2;True
76080;8;12;4;True
76081;3;4;1;True
76082;1;1;0;True
76083;5;6;1;True
76084;3;9;6;True
76085;4;9;5;True
76086;4;9;5;True
76087;0;0;0;True
76088;1;1;0;True
76089;3;9;6;True
76090;7;12;5;True
76091;1;1;0;True
76092;7;12;5;True
76093;4;12;8;True
76094;9;16;7;True
76095;9;12;3;True
76096;0;0;0;True
76097;0;0;0;True
76098;3;4;1;True
76099;3;6;3;True
76100;3;9;6;True
76101;2;4;2;True
76102;2;2;0;True
76103;7;8;1;True
76104;7;16;9;True
76105;7;12;5;True
76106;4;6;2;True
76107;4;8;4;True
76108;4;8;4;True
76109;3;4;1;True
76110;0;0;0;True
76111;5;12;7;True
76112;0;0;0;True
76113;4;9;5;True
76114;3;4;1;True
76115;2;4;2;True
76116;5;16;11;True
76117;1;1;0;True
76118;0;0;0;True
76119;3;6;3;True
76120;5;9;4;True
76121;2;4;2;True
76122;3;6;3;True
76123;7;12;5;True
76124;5;12;7;True
76125;3;6;3;True
76126;4;6;2;True
76127;3;9;6;True
76128;1;1;0;True
76129;1;1;0;True
76130;2;4;2;True
76131;8;12;4;True
76132;4;6;2;True
76133;4;9;5;True
76134;2;4;2;True
76135;2;4;2;True
76136;4;9;5;True
76137;1;1;0;True
76138;3;6;3;True
76139;5;9;4;True
76140;3;4;1;True
76141;7;12;5;True
76142;1;1;0;True
76143;7;16;9;True
76144;3;6;3;True
76145;7;16;9;True
76146;4;9;5;True
76147;2;4;2;True
76148;5;8;3;True
76149;1;1;0;True
76150;1;1;0;True
76151;5;12;7;True
76152;3;6;3;True
76153;4;9;5;True
76154;7;16;9;True
76155;5;12;7;True
76156;2;4;2;True
76157;0;0;0;True
76158;3;4;1;True
76159;2;4;2;True
76160;6;12;6;True
76161;4;9;5;True
76162;3;9;6;True
76163;3;6;3;True
76164;7;16;9;True
76165;2;4;2;True
76166;1;1;0;True
76167;5;9;4;True
76168;3;4;1;True
76169;6;12;6;True
76170;5;9;4;True
76171;4;6;2;True
76172;4;9;5;True
76173;2;4;2;True
76174;0;0;0;True
76175;4;8;4;True
76176;3;4;1;True
76177;3;6;3;True
76178;8;16;8;True
76179;6;9;3;True
76180;2;4;2;True
76181;6;12;6;True
76182;5;12;7;True
76183;0;0;0;True
76184;10;16;6;True
76185;7;16;9;True
76186;2;2;0;True
76187;4;9;5;True
76188;3;6;3;True
76189;4;8;4;True
76190;4;9;5;True
76191;5;8;3;True
76192;5;9;4;True
76193;3;6;3;True
76194;0;0;0;True
76195;0;0;0;True
76196;4;8;4;True
76197;1;1;0;True
76198;7;16;9;True
76199;1;1;0;True
76200;6;16;10;True
76201;1;1;0;True
76202;0;0;0;True
76203;8;16;8;True
76204;3;6;3;True
76205;4;9;5;True
76206;3;9;6;True
76207;6;16;10;True
76208;7;16;9;True
76209;7;12;5;True
76210;3;4;1;True
76211;2;4;2;True
76212;1;1;0;True
76213;5;9;4;True
76214;1;1;0;True
76215;2;2;0;True
76216;3;4;1;True
76217;3;6;3;True
76218;3;6;3;True
76219;3;6;3;True
76220;4;9;5;True
76221;7;16;9;True
76222;2;4;2;True
76223;6;9;3;True
76224;5;9;4;True
76225;3;6;3;True
76226;2;2;0;True
76227;4;9;5;True
76228;3;4;1;True
76229;4;6;2;True
76230;6;9;3;True
76231;2;4;2;True
76232;2;4;2;True
76233;1;1;0;True
76234;2;4;2;True
76235;4;9;5;True
76236;2;4;2;True
76237;9;16;7;True
76238;0;0;0;True
76239;2;2;0;True
76240;1;1;0;True
76241;2;2;0;True
76242;3;6;3;True
76243;2;4;2;True
76244;8;12;4;True
76245;6;12;6;True
76246;6;12;6;True
76247;0;0;0;True
76248;0;0;0;True
76249;6;12;6;True
76250;1;1;0;True
76251;4;6;2;True
76252;3;4;1;True
76253;10;16;6;True
76254;5;9;4;True
76255;1;1;0;True
76256;0;0;0;True
76257;3;3;0;True
76258;6;12;6;True
76259;3;6;3;True
76260;6;12;6;True
76261;4;9;5;True
76262;1;1;0;True
76263;7;12;5;True
76264;1;1;0;True
76265;5;12;7;True
76266;5;9;4;True
76267;3;4;1;True
76268;7;16;9;True
76269;1;1;0;True
76270;0;0;0;True
76271;5;12;7;True
76272;6;9;3;True
76273;3;6;3;True
76274;7;16;9;True
76275;1;1;0;True
76276;6;12;6;True
76277;1;1;0;True
76278;0;0;0;True
76279;4;6;2;True
76280;4;9;5;True
76281;2;4;2;True
76282;10;16;6;True
76283;5;16;11;True
76284;7;12;5;True
76285;3;6;3;True
76286;2;4;2;True
76287;7;12;5;True
76288;4;9;5;True
76289;5;12;7;True
76290;6;12;6;True
76291;2;4;2;True
76292;7;12;5;True
76293;1;1;0;True
76294;0;0;0;True
76295;3;6;3;True
76296;5;12;7;True
76297;5;9;4;True
76298;2;4;2;True
76299;2;2;0;True
76300;8;16;8;True
76301;4;4;0;True
76302;3;6;3;True
76303;3;9;6;True
76304;4;6;2;True
76305;4;9;5;True
76306;6;16;10;True
76307;2;4;2;True
76308;3;6;3;True
76309;6;12;6;True
76310;4;6;2;True
76311;3;4;1;True
76312;10;16;6;True
76313;4;6;2;True
76314;1;1;0;True
76315;4;9;5;True
76316;6;9;3;True
76317;3;9;6;True
76318;0;0;0;True
76319;3;6;3;True
76320;6;16;10;True
76321;5;8;3;True
76322;5;12;7;True
76323;3;9;6;True
76324;5;12;7;True
76325;4;8;4;True
76326;5;9;4;True
76327;0;0;0;True
76328;3;9;6;True
76329;1;1;0;True
76330;2;2;0;True
76331;3;6;3;True
76332;3;9;6;True
76333;4;6;2;True
76334;3;6;3;True
76335;3;4;1;True
76336;4;12;8;True
76337;2;4;2;True
76338;3;6;3;True
76339;3;6;3;True
76340;5;9;4;True
76341;4;12;8;True
76342;3;9;6;True
76343;6;16;10;True
76344;3;6;3;True
76345;1;1;0;True
76346;7;12;5;True
76347;2;2;0;True
76348;6;16;10;True
76349;0;0;0;True
76350;3;4;1;True
76351;3;9;6;True
76352;4;9;5;True
76353;8;12;4;True
76354;0;0;0;True
76355;6;12;6;True
76356;3;4;1;True
76357;2;2;0;True
76358;7;12;5;True
76359;4;6;2;True
76360;4;12;8;True
76361;3;6;3;True
76362;4;6;2;True
76363;3;6;3;True
76364;3;4;1;True
76365;5;6;1;True
76366;5;9;4;True
76367;7;12;5;True
76368;3;4;1;True
76369;5;12;7;True
76370;7;16;9;True
76371;6;12;6;True
76372;7;12;5;True
76373;0;0;0;True
76374;8;16;8;True
76375;1;1;0;True
76376;3;6;3;True
76377;2;4;2;True
76378;1;1;0;True
76379;4;9;5;True
76380;6;16;10;True
76381;0;0;0;True
76382;4;9;5;True
76383;0;0;0;True
76384;2;2;0;True
76385;3;6;3;True
76386;5;12;7;True
76387;1;1;0;True
76388;6;6;0;True
76389;5;9;4;True
76390;7;12;5;True
76391;1;1;0;True
76392;4;9;5;True
76393;5;9;4;True
76394;6;16;10;True
76395;1;1;0;True
76396;3;6;3;True
76397;5;9;4;True
76398;7;12;5;True
76399;5;12;7;True
76400;5;12;7;True
76401;5;12;7;True
76402;0;0;0;True
76403;5;9;4;True
76404;4;6;2;True
76405;2;4;2;True
76406;4;9;5;True
76407;2;4;2;True
76408;2;2;0;True
76409;1;1;0;True
76410;4;9;5;True
76411;3;4;1;True
76412;6;12;6;True
76413;0;0;0;True
76414;4;9;5;True
76415;2;2;0;True
76416;4;9;5;True
76417;3;9;6;True
76418;4;6;2;True
76419;5;12;7;True
76420;3;6;3;True
76421;3;4;1;True
76422;5;12;7;True
76423;2;4;2;True
76424;1;1;0;True
76425;0;0;0;True
76426;7;12;5;True
76427;4;6;2;True
76428;4;12;8;True
76429;2;4;2;True
76430;1;1;0;True
76431;7;12;5;True
76432;2;4;2;True
76433;6;9;3;True
76434;3;6;3;True
76435;1;1;0;True
76436;1;1;0;True
76437;0;0;0;True
76438;3;6;3;True
76439;2;4;2;True
76440;6;12;6;True
76441;4;6;2;True
76442;2;2;0;True
76443;4;6;2;True
76444;4;9;5;True
76445;5;12;7;True
76446;1;1;0;True
76447;1;1;0;True
76448;6;9;3;True
76449;7;12;5;True
76450;1;1;0;True
76451;4;4;0;True
76452;9;16;7;True
76453;7;16;9;True
76454;0;0;0;True
76455;3;4;1;True
76456;4;6;2;True
76457;4;4;0;True
76458;2;4;2;True
76459;7;12;5;True
76460;1;1;0;True
76461;7;12;5;True
76462;4;9;5;True
76463;2;4;2;True
76464;7;16;9;True
76465;4;8;4;True
76466;4;12;8;True
76467;8;16;8;True
76468;2;4;2;True
76469;1;1;0;True
76470;4;9;5;True
76471;4;9;5;True
76472;4;9;5;True
76473;2;2;0;True
76474;3;9;6;True
76475;1;1;0;True
76476;8;12;4;True
76477;7;16;9;True
76478;5;9;4;True
76479;4;9;5;True
76480;2;2;0;True
76481;5;8;3;True
76482;1;1;0;True
76483;4;9;5;True
76484;1;1;0;True
76485;1;1;0;True
76486;5;9;4;True
76487;6;16;10;True
76488;4;9;5;True
76489;4;6;2;True
76490;3;9;6;True
76491;5;8;3;True
76492;5;12;7;True
76493;3;9;6;True
76494;5;12;7;True
76495;6;12;6;True
76496;7;12;5;True
76497;3;6;3;True
76498;3;3;0;True
76499;4;9;5;True
76500;6;12;6;True
76501;0;0;0;True
76502;3;6;3;True
76503;2;4;2;True
76504;6;12;6;True
76505;2;2;0;True
76506;6;12;6;True
76507;0;0;0;True
76508;6;16;10;True
76509;6;8;2;True
76510;6;12;6;True
76511;3;4;1;True
76512;4;9;5;True
76513;5;9;4;True
76514;5;12;7;True
76515;3;6;3;True
76516;0;0;0;True
76517;1;1;0;True
76518;5;12;7;True
76519;5;9;4;True
76520;5;12;7;True
76521;6;16;10;True
76522;4;9;5;True
76523;8;16;8;True
76524;8;16;8;True
76525;3;6;3;True
76526;5;9;4;True
76527;1;1;0;True
76528;1;1;0;True
76529;5;8;3;True
76530;3;9;6;True
76531;3;6;3;True
76532;0;0;0;True
76533;9;16;7;True
76534;1;1;0;True
76535;0;0;0;True
76536;4;16;12;True
76537;3;4;1;True
76538;1;1;0;True
76539;3;9;6;True
76540;5;12;7;True
76541;4;12;8;True
76542;5;12;7;True
76543;6;9;3;True
76544;1;1;0;True
76545;2;4;2;True
76546;3;6;3;True
76547;1;1;0;True
76548;4;9;5;True
76549;3;9;6;True
76550;8;16;8;True
76551;1;1;0;True
76552;3;6;3;True
76553;8;12;4;True
76554;2;4;2;True
76555;6;16;10;True
76556;1;1;0;True
76557;6;12;6;True
76558;7;12;5;True
76559;3;6;3;True
76560;2;4;2;True
76561;6;16;10;True
76562;0;0;0;True
76563;2;4;2;True
76564;5;12;7;True
76565;7;16;9;True
76566;5;12;7;True
76567;4;6;2;True
76568;0;0;0;True
76569;3;6;3;True
76570;3;4;1;True
76571;3;4;1;True
76572;0;0;0;True
76573;3;6;3;True
76574;1;1;0;True
76575;9;12;3;True
76576;3;9;6;True
76577;0;0;0;True
76578;4;6;2;True
76579;2;4;2;True
76580;4;8;4;True
76581;1;1;0;True
76582;3;4;1;True
76583;5;8;3;True
76584;7;16;9;True
76585;3;6;3;True
76586;3;6;3;True
76587;1;1;0;True
76588;1;1;0;True
76589;2;4;2;True
76590;5;12;7;True
76591;8;12;4;True
76592;5;12;7;True
76593;6;12;6;True
76594;3;6;3;True
76595;2;4;2;True
76596;0;0;0;True
76597;5;12;7;True
76598;1;1;0;True
76599;5;12;7;True
76600;4;9;5;True
76601;0;0;0;True
76602;4;9;5;True
76603;1;1;0;True
76604;3;6;3;True
76605;2;4;2;True
76606;5;9;4;True
76607;5;9;4;True
76608;5;16;11;True
76609;3;9;6;True
76610;3;4;1;True
76611;5;8;3;True
76612;4;6;2;True
76613;1;1;0;True
76614;2;2;0;True
76615;5;12;7;True
76616;1;1;0;True
76617;4;6;2;True
76618;4;12;8;True
76619;0;0;0;True
76620;3;9;6;True
76621;6;16;10;True
76622;2;4;2;True
76623;6;16;10;True
76624;0;0;0;True
76625;1;1;0;True
76626;3;3;0;True
76627;4;6;2;True
76628;1;1;0;True
76629;8;16;8;True
76630;4;6;2;True
76631;6;12;6;True
76632;3;4;1;True
76633;3;6;3;True
76634;0;0;0;True
76635;1;1;0;True
76636;4;8;4;True
76637;4;9;5;True
76638;8;12;4;True
76639;3;3;0;True
76640;6;16;10;True
76641;3;9;6;True
76642;5;12;7;True
76643;0;0;0;True
76644;1;1;0;True
76645;1;1;0;True
76646;6;12;6;True
76647;1;1;0;True
76648;1;1;0;True
76649;3;6;3;True
76650;4;8;4;True
76651;3;6;3;True
76652;5;12;7;True
76653;6;12;6;True
76654;7;16;9;True
76655;6;12;6;True
76656;2;4;2;True
76657;4;12;8;True
76658;3;9;6;True
76659;6;9;3;True
76660;1;1;0;True
76661;5;12;7;True
76662;8;12;4;True
76663;4;6;2;True
76664;7;12;5;True
76665;4;12;8;True
76666;6;12;6;True
76667;1;1;0;True
76668;7;12;5;True
76669;4;6;2;True
76670;1;1;0;True
76671;6;16;10;True
76672;1;1;0;True
76673;4;6;2;True
76674;4;9;5;True
76675;1;1;0;True
76676;3;6;3;True
76677;6;9;3;True
76678;3;4;1;True
76679;5;8;3;True
76680;5;9;4;True
76681;2;2;0;True
76682;1;1;0;True
76683;0;0;0;True
76684;1;1;0;True
76685;6;12;6;True
76686;3;9;6;True
76687;3;4;1;True
76688;3;3;0;True
76689;4;9;5;True
76690;7;16;9;True
76691;4;9;5;True
76692;7;16;9;True
76693;6;12;6;True
76694;3;6;3;True
76695;1;1;0;True
76696;2;4;2;True
76697;0;0;0;True
76698;2;2;0;True
76699;3;4;1;True
76700;10;16;6;True
76701;0;0;0;True
76702;4;8;4;True
76703;1;1;0;True
76704;3;4;1;True
76705;4;6;2;True
76706;6;9;3;True
76707;4;9;5;True
76708;3;9;6;True
76709;3;6;3;True
76710;4;6;2;True
76711;4;8;4;True
76712;4;8;4;True
76713;6;9;3;True
76714;1;1;0;True
76715;0;0;0;True
76716;1;1;0;True
76717;2;2;0;True
76718;6;12;6;True
76719;1;1;0;True
76720;5;9;4;True
76721;4;6;2;True
76722;5;9;4;True
76723;3;4;1;True
76724;5;12;7;True
76725;2;4;2;True
76726;6;9;3;True
76727;4;6;2;True
76728;3;6;3;True
76729;6;9;3;True
76730;0;0;0;True
76731;4;9;5;True
76732;4;6;2;True
76733;7;16;9;True
76734;8;16;8;True
76735;4;6;2;True
76736;2;4;2;True
76737;1;1;0;True
76738;6;12;6;True
76739;4;12;8;True
76740;4;12;8;True
76741;5;8;3;True
76742;5;9;4;True
76743;6;9;3;True
76744;0;0;0;True
76745;1;1;0;True
76746;1;1;0;True
76747;4;6;2;True
76748;7;16;9;True
76749;1;1;0;True
76750;5;8;3;True
76751;1;1;0;True
76752;0;0;0;True
76753;7;12;5;True
76754;4;8;4;True
76755;5;12;7;True
76756;7;12;5;True
76757;0;0;0;True
76758;8;12;4;True
76759;3;4;1;True
76760;8;12;4;True
76761;7;12;5;True
76762;3;6;3;True
76763;4;9;5;True
76764;4;9;5;True
76765;1;1;0;True
76766;7;12;5;True
76767;2;2;0;True
76768;5;12;7;True
76769;5;16;11;True
76770;3;6;3;True
76771;5;6;1;True
76772;1;1;0;True
76773;2;4;2;True
76774;8;12;4;True
76775;2;2;0;True
76776;4;9;5;True
76777;6;9;3;True
76778;0;0;0;True
76779;2;4;2;True
76780;1;1;0;True
76781;2;2;0;True
76782;8;16;8;True
76783;7;16;9;True
76784;3;6;3;True
76785;8;16;8;True
76786;2;4;2;True
76787;4;6;2;True
76788;5;12;7;True
76789;2;4;2;True
76790;4;9;5;True
76791;0;0;0;True
76792;0;0;0;True
76793;3;4;1;True
76794;3;4;1;True
76795;9;12;3;True
76796;1;1;0;True
76797;1;1;0;True
76798;8;16;8;True
76799;4;9;5;True
76800;6;16;10;True
76801;2;4;2;True
76802;2;2;0;True
76803;8;12;4;True
76804;4;6;2;True
76805;5;12;7;True
76806;1;1;0;True
76807;4;6;2;True
76808;0;0;0;True
76809;7;9;2;True
76810;1;1;0;True
76811;4;9;5;True
76812;1;1;0;True
76813;5;9;4;True
76814;3;6;3;True
76815;4;9;5;True
76816;3;6;3;True
76817;7;16;9;True
76818;5;8;3;True
76819;4;8;4;True
76820;8;16;8;True
76821;3;3;0;True
76822;4;12;8;True
76823;5;12;7;True
76824;2;4;2;True
76825;2;4;2;True
76826;8;16;8;True
76827;2;2;0;True
76828;4;6;2;True
76829;1;1;0;True
76830;4;6;2;True
76831;0;0;0;True
76832;3;6;3;True
76833;4;8;4;True
76834;5;9;4;True
76835;3;6;3;True
76836;6;16;10;True
76837;2;4;2;True
76838;6;12;6;True
76839;3;4;1;True
76840;9;16;7;True
76841;0;0;0;True
76842;4;12;8;True
76843;3;6;3;True
76844;6;12;6;True
76845;5;9;4;True
76846;6;16;10;True
76847;3;6;3;True
76848;4;4;0;True
76849;2;4;2;True
76850;5;12;7;True
76851;6;12;6;True
76852;1;1;0;True
76853;7;12;5;True
76854;1;1;0;True
76855;1;1;0;True
76856;2;4;2;True
76857;2;4;2;True
76858;9;16;7;True
76859;0;0;0;True
76860;4;12;8;True
76861;1;1;0;True
76862;5;9;4;True
76863;5;16;11;True
76864;7;16;9;True
76865;4;6;2;True
76866;6;16;10;True
76867;6;12;6;True
76868;8;12;4;True
76869;4;6;2;True
76870;3;6;3;True
76871;2;4;2;True
76872;1;1;0;True
76873;3;4;1;True
76874;3;4;1;True
76875;3;6;3;True
76876;2;2;0;True
76877;3;4;1;True
76878;7;16;9;True
76879;4;9;5;True
76880;0;0;0;True
76881;0;0;0;True
76882;4;6;2;True
76883;2;4;2;True
76884;5;12;7;True
76885;3;4;1;True
76886;1;1;0;True
76887;5;12;7;True
76888;6;12;6;True
76889;7;12;5;True
76890;1;1;0;True
76891;3;6;3;True
76892;3;6;3;True
76893;2;4;2;True
76894;3;4;1;True
76895;2;4;2;True
76896;6;16;10;True
76897;1;1;0;True
76898;4;8;4;True
76899;1;1;0;True
76900;5;12;7;True
76901;4;9;5;True
76902;5;9;4;True
76903;0;0;0;True
76904;5;8;3;True
76905;3;6;3;True
76906;1;1;0;True
76907;5;12;7;True
76908;1;1;0;True
76909;6;12;6;True
76910;6;12;6;True
76911;0;0;0;True
76912;5;12;7;True
76913;1;1;0;True
76914;2;2;0;True
76915;2;2;0;True
76916;3;4;1;True
76917;10;16;6;True
76918;3;6;3;True
76919;2;4;2;True
76920;3;6;3;True
76921;1;1;0;True
76922;7;16;9;True
76923;4;6;2;True
76924;0;0;0;True
76925;2;2;0;True
76926;3;4;1;True
76927;1;1;0;True
76928;0;0;0;True
76929;1;1;0;True
76930;7;16;9;True
76931;3;6;3;True
76932;5;9;4;True
76933;3;4;1;True
76934;2;2;0;True
76935;7;16;9;True
76936;2;4;2;True
76937;7;12;5;True
76938;1;1;0;True
76939;2;2;0;True
76940;9;16;7;True
76941;2;4;2;True
76942;5;6;1;True
76943;3;6;3;True
76944;2;4;2;True
76945;0;0;0;True
76946;8;16;8;True
76947;2;4;2;True
76948;5;12;7;True
76949;5;16;11;True
76950;1;1;0;True
76951;5;12;7;True
76952;5;12;7;True
76953;6;16;10;True
76954;1;1;0;True
76955;6;12;6;True
76956;6;12;6;True
76957;4;9;5;True
76958;2;4;2;True
76959;0;0;0;True
76960;2;2;0;True
76961;8;16;8;True
76962;3;6;3;True
76963;2;2;0;True
76964;3;4;1;True
76965;5;12;7;True
76966;1;1;0;True
76967;9;12;3;True
76968;1;1;0;True
76969;3;9;6;True
76970;1;1;0;True
76971;2;4;2;True
76972;9;16;7;True
76973;7;9;2;True
76974;6;8;2;True
76975;2;2;0;True
76976;7;16;9;True
76977;8;16;8;True
76978;5;16;11;True
76979;4;9;5;True
76980;3;4;1;True
76981;1;1;0;True
76982;2;4;2;True
76983;1;1;0;True
76984;2;2;0;True
76985;5;16;11;True
76986;3;6;3;True
76987;2;4;2;True
76988;3;4;1;True
76989;5;16;11;True
76990;4;12;8;True
76991;4;4;0;True
76992;2;4;2;True
76993;2;2;0;True
76994;3;4;1;True
76995;4;8;4;True
76996;5;16;11;True
76997;13;16;3;True
76998;4;6;2;True
76999;2;4;2;True
77000;4;12;8;True
77001;8;16;8;True
77002;6;8;2;True
77003;2;4;2;True
77004;2;4;2;True
77005;6;16;10;True
77006;4;6;2;True
77007;2;4;2;True
77008;5;6;1;True
77009;7;16;9;True
77010;5;16;11;True
77011;5;9;4;True
77012;7;12;5;True
77013;2;4;2;True
77014;3;6;3;True
77015;2;4;2;True
77016;4;12;8;True
77017;3;6;3;True
77018;7;12;5;True
77019;2;2;0;True
77020;0;0;0;True
77021;1;1;0;True
77022;5;8;3;True
77023;2;2;0;True
77024;0;0;0;True
77025;3;6;3;True
77026;4;6;2;True
77027;2;4;2;True
77028;1;1;0;True
77029;5;9;4;True
77030;5;12;7;True
77031;1;1;0;True
77032;0;0;0;True
77033;2;4;2;True
77034;0;0;0;True
77035;7;16;9;True
77036;2;4;2;True
77037;4;9;5;True
77038;0;0;0;True
77039;3;6;3;True
77040;1;1;0;True
77041;3;6;3;True
77042;4;9;5;True
77043;1;1;0;True
77044;3;9;6;True
77045;1;1;0;True
77046;5;9;4;True
77047;2;2;0;True
77048;3;6;3;True
77049;3;6;3;True
77050;3;9;6;True
77051;5;9;4;True
77052;1;1;0;True
77053;5;12;7;True
77054;2;4;2;True
77055;1;1;0;True
77056;8;16;8;True
77057;2;2;0;True
77058;2;2;0;True
77059;3;6;3;True
77060;6;9;3;True
77061;4;6;2;True
77062;10;16;6;True
77063;4;6;2;True
77064;5;9;4;True
77065;1;1;0;True
77066;3;4;1;True
77067;8;12;4;True
77068;6;16;10;True
77069;4;6;2;True
77070;3;6;3;True
77071;2;4;2;True
77072;6;12;6;True
77073;5;9;4;True
77074;4;12;8;True
77075;2;2;0;True
77076;5;12;7;True
77077;2;4;2;True
77078;6;12;6;True
77079;0;0;0;True
77080;4;9;5;True
77081;2;4;2;True
77082;3;9;6;True
77083;5;12;7;True
77084;3;9;6;True
77085;3;3;0;True
77086;1;1;0;True
77087;3;6;3;True
77088;9;12;3;True
77089;2;4;2;True
77090;5;8;3;True
77091;3;6;3;True
77092;7;16;9;True
77093;1;1;0;True
77094;7;16;9;True
77095;9;16;7;True
77096;3;4;1;True
77097;5;16;11;True
77098;6;12;6;True
77099;3;6;3;True
77100;3;6;3;True
77101;5;9;4;True
77102;7;12;5;True
77103;2;4;2;True
77104;1;1;0;True
77105;6;9;3;True
77106;10;16;6;True
77107;7;12;5;True
77108;4;9;5;True
77109;3;6;3;True
77110;1;1;0;True
77111;2;4;2;True
77112;2;4;2;True
77113;2;4;2;True
77114;5;9;4;True
77115;2;2;0;True
77116;3;9;6;True
77117;2;4;2;True
77118;4;9;5;True
77119;5;12;7;True
77120;3;6;3;True
77121;6;16;10;True
77122;3;6;3;True
77123;2;2;0;True
77124;2;4;2;True
77125;0;0;0;True
77126;1;1;0;True
77127;7;12;5;True
77128;3;6;3;True
77129;1;1;0;True
77130;8;16;8;True
77131;0;0;0;True
77132;6;12;6;True
77133;3;6;3;True
77134;1;1;0;True
77135;2;2;0;True
77136;5;12;7;True
77137;2;4;2;True
77138;6;12;6;True
77139;1;1;0;True
77140;0;0;0;True
77141;5;9;4;True
77142;7;16;9;True
77143;4;6;2;True
77144;0;0;0;True
77145;5;12;7;True
77146;6;12;6;True
77147;7;16;9;True
77148;4;12;8;True
77149;3;6;3;True
77150;2;2;0;True
77151;5;9;4;True
77152;4;12;8;True
77153;6;12;6;True
77154;1;1;0;True
77155;2;4;2;True
77156;6;8;2;True
77157;3;6;3;True
77158;1;1;0;True
77159;1;1;0;True
77160;4;9;5;True
77161;3;9;6;True
77162;4;9;5;True
77163;3;6;3;True
77164;3;9;6;True
77165;5;9;4;True
77166;4;6;2;True
77167;1;1;0;True
77168;7;12;5;True
77169;4;6;2;True
77170;1;1;0;True
77171;4;6;2;True
77172;9;16;7;True
77173;3;6;3;True
77174;0;0;0;True
77175;2;2;0;True
77176;4;12;8;True
77177;5;6;1;True
77178;2;2;0;True
77179;3;6;3;True
77180;3;6;3;True
77181;2;2;0;True
77182;8;12;4;True
77183;6;16;10;True
77184;4;6;2;True
77185;3;9;6;True
77186;1;1;0;True
77187;4;12;8;True
77188;5;12;7;True
77189;3;6;3;True
77190;3;9;6;True
77191;4;12;8;True
77192;3;9;6;True
77193;3;6;3;True
77194;6;9;3;True
77195;7;12;5;True
77196;4;6;2;True
77197;0;0;0;True
77198;2;2;0;True
77199;2;4;2;True
77200;3;6;3;True
77201;3;4;1;True
77202;8;12;4;True
77203;4;12;8;True
77204;6;9;3;True
77205;4;6;2;True
77206;2;2;0;True
77207;6;16;10;True
77208;6;16;10;True
77209;3;6;3;True
77210;4;12;8;True
77211;7;16;9;True
77212;3;4;1;True
77213;2;2;0;True
77214;3;6;3;True
77215;5;9;4;True
77216;0;0;0;True
77217;3;6;3;True
77218;1;1;0;True
77219;4;6;2;True
77220;3;6;3;True
77221;1;1;0;True
77222;5;9;4;True
77223;8;16;8;True
77224;2;4;2;True
77225;4;6;2;True
77226;3;6;3;True
77227;4;6;2;True
77228;3;6;3;True
77229;6;16;10;True
77230;5;12;7;True
77231;5;9;4;True
77232;4;9;5;True
77233;5;9;4;True
77234;1;1;0;True
77235;5;9;4;True
77236;4;9;5;True
77237;1;1;0;True
77238;3;6;3;True
77239;2;4;2;True
77240;2;2;0;True
77241;1;1;0;True
77242;4;9;5;True
77243;0;0;0;True
77244;3;6;3;True
77245;3;6;3;True
77246;5;12;7;True
77247;1;1;0;True
77248;8;12;4;True
77249;2;4;2;True
77250;2;2;0;True
77251;3;4;1;True
77252;5;6;1;True
77253;3;9;6;True
77254;3;6;3;True
77255;5;12;7;True
77256;1;1;0;True
77257;3;6;3;True
77258;3;6;3;True
77259;0;0;0;True
77260;2;4;2;True
77261;2;4;2;True
77262;3;6;3;True
77263;4;12;8;True
77264;3;9;6;True
77265;6;9;3;True
77266;6;16;10;True
77267;2;4;2;True
77268;6;9;3;True
77269;2;2;0;True
77270;3;6;3;True
77271;4;9;5;True
77272;5;12;7;True
77273;6;16;10;True
77274;3;4;1;True
77275;3;6;3;True
77276;7;16;9;True
77277;8;16;8;True
77278;4;9;5;True
77279;5;6;1;True
77280;2;2;0;True
77281;2;2;0;True
77282;10;16;6;True
77283;1;1;0;True
77284;3;9;6;True
77285;2;4;2;True
77286;4;9;5;True
77287;1;1;0;True
77288;2;4;2;True
77289;4;12;8;True
77290;2;4;2;True
77291;3;4;1;True
77292;0;0;0;True
77293;5;9;4;True
77294;7;12;5;True
77295;4;12;8;True
77296;1;1;0;True
77297;1;1;0;True
77298;3;6;3;True
77299;1;1;0;True
77300;1;1;0;True
77301;3;4;1;True
77302;7;16;9;True
77303;2;4;2;True
77304;1;1;0;True
77305;1;1;0;True
77306;0;0;0;True
77307;7;12;5;True
77308;6;16;10;True
77309;2;2;0;True
77310;6;16;10;True
77311;4;12;8;True
77312;3;4;1;True
77313;2;4;2;True
77314;6;16;10;True
77315;6;12;6;True
77316;4;9;5;True
77317;5;9;4;True
77318;4;12;8;True
77319;1;1;0;True
77320;6;16;10;True
77321;7;12;5;True
77322;1;1;0;True
77323;5;9;4;True
77324;4;12;8;True
77325;3;4;1;True
77326;2;4;2;True
77327;9;16;7;True
77328;6;12;6;True
77329;5;6;1;True
77330;1;1;0;True
77331;8;16;8;True
77332;2;4;2;True
77333;3;6;3;True
77334;2;2;0;True
77335;8;12;4;True
77336;3;6;3;True
77337;4;9;5;True
77338;1;1;0;True
77339;2;4;2;True
77340;2;4;2;True
77341;2;2;0;True
77342;2;2;0;True
77343;2;4;2;True
77344;8;16;8;True
77345;2;2;0;True
77346;3;9;6;True
77347;0;0;0;True
77348;4;6;2;True
77349;6;16;10;True
77350;5;12;7;True
77351;3;4;1;True
77352;3;4;1;True
77353;5;9;4;True
77354;5;9;4;True
77355;2;2;0;True
77356;4;6;2;True
77357;2;4;2;True
77358;3;6;3;True
77359;6;16;10;True
77360;8;16;8;True
77361;1;1;0;True
77362;2;4;2;True
77363;3;6;3;True
77364;8;16;8;True
77365;4;8;4;True
77366;1;1;0;True
77367;2;2;0;True
77368;6;9;3;True
77369;4;9;5;True
77370;3;6;3;True
77371;2;4;2;True
77372;3;6;3;True
77373;3;6;3;True
77374;0;0;0;True
77375;4;9;5;True
77376;3;4;1;True
77377;3;6;3;True
77378;10;16;6;True
77379;1;1;0;True
77380;5;9;4;True
77381;3;4;1;True
77382;7;16;9;True
77383;4;9;5;True
77384;1;1;0;True
77385;4;16;12;True
77386;1;1;0;True
77387;2;4;2;True
77388;10;16;6;True
77389;4;6;2;True
77390;7;12;5;True
77391;1;1;0;True
77392;4;6;2;True
77393;3;6;3;True
77394;5;9;4;True
77395;2;4;2;True
77396;4;6;2;True
77397;8;16;8;True
77398;9;16;7;True
77399;5;12;7;True
77400;6;12;6;True
77401;2;2;0;True
77402;4;6;2;True
77403;6;16;10;True
77404;1;1;0;True
77405;8;12;4;True
77406;3;9;6;True
77407;4;8;4;True
77408;6;12;6;True
77409;6;12;6;True
77410;3;4;1;True
77411;1;1;0;True
77412;4;6;2;True
77413;3;6;3;True
77414;1;1;0;True
77415;7;16;9;True
77416;9;12;3;True
77417;8;16;8;True
77418;0;0;0;True
77419;4;12;8;True
77420;3;6;3;True
77421;0;0;0;True
77422;2;2;0;True
77423;0;0;0;True
77424;4;6;2;True
77425;6;12;6;True
77426;1;1;0;True
77427;6;12;6;True
77428;0;0;0;True
77429;1;1;0;True
77430;6;16;10;True
77431;6;16;10;True
77432;3;6;3;True
77433;7;16;9;True
77434;0;0;0;True
77435;5;12;7;True
77436;1;1;0;True
77437;9;16;7;True
77438;2;4;2;True
77439;5;9;4;True
77440;6;12;6;True
77441;9;16;7;True
77442;3;4;1;True
77443;2;2;0;True
77444;2;2;0;True
77445;2;2;0;True
77446;6;9;3;True
77447;5;12;7;True
77448;2;2;0;True
77449;5;16;11;True
77450;1;1;0;True
77451;6;12;6;True
77452;3;6;3;True
77453;6;12;6;True
77454;2;4;2;True
77455;3;4;1;True
77456;0;0;0;True
77457;4;9;5;True
77458;7;16;9;True
77459;0;0;0;True
77460;4;12;8;True
77461;5;6;1;True
77462;4;12;8;True
77463;2;4;2;True
77464;2;2;0;True
77465;4;9;5;True
77466;3;6;3;True
77467;2;4;2;True
77468;2;4;2;True
77469;4;6;2;True
77470;7;16;9;True
77471;4;6;2;True
77472;3;9;6;True
77473;4;8;4;True
77474;3;4;1;True
77475;4;9;5;True
77476;3;9;6;True
77477;6;16;10;True
77478;7;12;5;True
77479;7;12;5;True
77480;4;9;5;True
77481;2;2;0;True
77482;9;16;7;True
77483;4;6;2;True
77484;1;1;0;True
77485;3;9;6;True
77486;7;16;9;True
77487;4;6;2;True
77488;5;12;7;True
77489;0;0;0;True
77490;2;2;0;True
77491;1;1;0;True
77492;8;16;8;True
77493;7;12;5;True
77494;4;6;2;True
77495;1;1;0;True
77496;6;16;10;True
77497;6;12;6;True
77498;6;9;3;True
77499;2;4;2;True
77500;4;9;5;True
77501;3;4;1;True
77502;5;9;4;True
77503;0;0;0;True
77504;4;12;8;True
77505;5;6;1;True
77506;4;6;2;True
77507;0;0;0;True
77508;1;1;0;True
77509;4;9;5;True
77510;5;12;7;True
77511;5;16;11;True
77512;4;6;2;True
77513;3;9;6;True
77514;5;16;11;True
77515;3;4;1;True
77516;7;9;2;True
77517;3;9;6;True
77518;0;0;0;True
77519;6;16;10;True
77520;9;16;7;True
77521;3;6;3;True
77522;3;9;6;True
77523;4;9;5;True
77524;1;1;0;True
77525;5;9;4;True
77526;6;12;6;True
77527;2;4;2;True
77528;7;16;9;True
77529;4;6;2;True
77530;3;4;1;True
77531;1;1;0;True
77532;5;8;3;True
77533;4;6;2;True
77534;9;16;7;True
77535;2;2;0;True
77536;6;12;6;True
77537;0;0;0;True
77538;5;9;4;True
77539;10;16;6;True
77540;2;2;0;True
77541;6;16;10;True
77542;8;12;4;True
77543;2;4;2;True
77544;5;9;4;True
77545;1;1;0;True
77546;1;1;0;True
77547;2;4;2;True
77548;5;9;4;True
77549;5;9;4;True
77550;4;12;8;True
77551;6;16;10;True
77552;3;3;0;True
77553;4;8;4;True
77554;4;4;0;True
77555;1;1;0;True
77556;3;4;1;True
77557;2;2;0;True
77558;2;2;0;True
77559;2;4;2;True
77560;2;2;0;True
77561;11;16;5;True
77562;2;4;2;True
77563;1;1;0;True
77564;7;16;9;True
77565;9;16;7;True
77566;4;12;8;True
77567;1;1;0;True
77568;4;12;8;True
77569;0;0;0;True
77570;2;2;0;True
77571;1;1;0;True
77572;4;8;4;True
77573;1;1;0;True
77574;2;4;2;True
77575;3;4;1;True
77576;6;12;6;True
77577;7;12;5;True
77578;4;6;2;True
77579;1;1;0;True
77580;6;9;3;True
77581;0;0;0;True
77582;3;6;3;True
77583;4;9;5;True
77584;4;8;4;True
77585;7;12;5;True
77586;5;9;4;True
77587;5;12;7;True
77588;4;9;5;True
77589;2;4;2;True
77590;4;4;0;True
77591;4;9;5;True
77592;7;12;5;True
77593;8;16;8;True
77594;3;6;3;True
77595;3;6;3;True
77596;1;1;0;True
77597;1;1;0;True
77598;1;1;0;True
77599;5;9;4;True
77600;2;2;0;True
77601;2;2;0;True
77602;4;9;5;True
77603;5;9;4;True
77604;3;6;3;True
77605;7;16;9;True
77606;1;1;0;True
77607;6;16;10;True
77608;6;16;10;True
77609;7;16;9;True
77610;4;6;2;True
77611;1;1;0;True
77612;1;1;0;True
77613;4;9;5;True
77614;4;9;5;True
77615;9;16;7;True
77616;6;12;6;True
77617;1;1;0;True
77618;6;9;3;True
77619;2;4;2;True
77620;5;12;7;True
77621;0;0;0;True
77622;2;2;0;True
77623;7;16;9;True
77624;1;1;0;True
77625;7;16;9;True
77626;2;4;2;True
77627;7;16;9;True
77628;7;16;9;True
77629;5;9;4;True
77630;5;9;4;True
77631;2;2;0;True
77632;0;0;0;True
77633;1;1;0;True
77634;2;2;0;True
77635;5;9;4;True
77636;2;4;2;True
77637;9;16;7;True
77638;3;6;3;True
77639;3;4;1;True
77640;5;9;4;True
77641;4;12;8;True
77642;9;16;7;True
77643;2;4;2;True
77644;7;16;9;True
77645;3;4;1;True
77646;6;16;10;True
77647;2;2;0;True
77648;0;0;0;True
77649;5;12;7;True
77650;1;1;0;True
77651;1;1;0;True
77652;5;9;4;True
77653;4;4;0;True
77654;5;9;4;True
77655;4;9;5;True
77656;5;12;7;True
77657;10;16;6;True
77658;3;6;3;True
77659;5;12;7;True
77660;5;6;1;True
77661;4;8;4;True
77662;0;0;0;True
77663;4;6;2;True
77664;1;1;0;True
77665;7;12;5;True
77666;4;9;5;True
77667;3;6;3;True
77668;6;16;10;True
77669;6;12;6;True
77670;5;16;11;True
77671;8;12;4;True
77672;2;4;2;True
77673;7;16;9;True
77674;5;9;4;True
77675;6;16;10;True
77676;7;16;9;True
77677;1;1;0;True
77678;5;12;7;True
77679;1;1;0;True
77680;4;12;8;True
77681;2;4;2;True
77682;5;9;4;True
77683;8;12;4;True
77684;0;0;0;True
77685;2;2;0;True
77686;2;4;2;True
77687;2;4;2;True
77688;4;8;4;True
77689;7;16;9;True
77690;5;12;7;True
77691;3;4;1;True
77692;0;0;0;True
77693;2;4;2;True
77694;3;6;3;True
77695;5;9;4;True
77696;1;1;0;True
77697;6;16;10;True
77698;1;1;0;True
77699;4;6;2;True
77700;3;4;1;True
77701;4;9;5;True
77702;3;6;3;True
77703;2;2;0;True
77704;6;9;3;True
77705;3;6;3;True
77706;5;12;7;True
77707;1;1;0;True
77708;4;9;5;True
77709;3;9;6;True
77710;2;2;0;True
77711;5;6;1;True
77712;10;16;6;True
77713;4;9;5;True
77714;4;9;5;True
77715;4;12;8;True
77716;6;12;6;True
77717;5;8;3;True
77718;2;4;2;True
77719;6;16;10;True
77720;4;9;5;True
77721;8;16;8;True
77722;7;16;9;True
77723;3;6;3;True
77724;6;12;6;True
77725;2;4;2;True
77726;4;6;2;True
77727;4;9;5;True
77728;7;12;5;True
77729;4;6;2;True
77730;4;8;4;True
77731;5;16;11;True
77732;2;4;2;True
77733;5;12;7;True
77734;4;12;8;True
77735;6;12;6;True
77736;8;12;4;True
77737;6;9;3;True
77738;4;6;2;True
77739;4;9;5;True
77740;5;8;3;True
77741;9;16;7;True
77742;7;16;9;True
77743;5;12;7;True
77744;4;9;5;True
77745;6;16;10;True
77746;2;4;2;True
77747;4;9;5;True
77748;4;9;5;True
77749;4;8;4;True
77750;1;1;0;True
77751;3;4;1;True
77752;4;9;5;True
77753;0;0;0;True
77754;5;12;7;True
77755;4;6;2;True
77756;1;1;0;True
77757;8;16;8;True
77758;2;4;2;True
77759;2;4;2;True
77760;0;0;0;True
77761;2;4;2;True
77762;4;12;8;True
77763;4;6;2;True
77764;7;16;9;True
77765;3;6;3;True
77766;7;12;5;True
77767;3;4;1;True
77768;3;4;1;True
77769;1;1;0;True
77770;2;4;2;True
77771;2;4;2;True
77772;2;4;2;True
77773;0;0;0;True
77774;1;1;0;True
77775;9;16;7;True
77776;7;16;9;True
77777;4;9;5;True
77778;3;4;1;True
77779;5;9;4;True
77780;9;16;7;True
77781;4;9;5;True
77782;1;1;0;True
77783;6;12;6;True
77784;6;8;2;True
77785;2;4;2;True
77786;7;16;9;True
77787;3;4;1;True
77788;5;9;4;True
77789;0;0;0;True
77790;6;12;6;True
77791;4;4;0;True
77792;4;9;5;True
77793;4;12;8;True
77794;6;12;6;True
77795;4;6;2;True
77796;5;9;4;True
77797;4;4;0;True
77798;9;16;7;True
77799;4;12;8;True
77800;6;16;10;True
77801;1;1;0;True
77802;4;6;2;True
77803;7;16;9;True
77804;1;1;0;True
77805;4;6;2;True
77806;3;4;1;True
77807;1;1;0;True
77808;3;9;6;True
77809;7;16;9;True
77810;8;16;8;True
77811;3;4;1;True
77812;2;2;0;True
77813;3;6;3;True
77814;3;3;0;True
77815;5;6;1;True
77816;4;6;2;True
77817;4;9;5;True
77818;2;4;2;True
77819;3;6;3;True
77820;2;2;0;True
77821;4;9;5;True
77822;0;0;0;True
77823;5;16;11;True
77824;1;1;0;True
77825;6;16;10;True
77826;1;1;0;True
77827;8;16;8;True
77828;2;4;2;True
77829;3;9;6;True
77830;2;2;0;True
77831;4;9;5;True
77832;1;1;0;True
77833;6;9;3;True
77834;7;16;9;True
77835;2;4;2;True
77836;4;9;5;True
77837;5;12;7;True
77838;1;1;0;True
77839;3;4;1;True
77840;3;4;1;True
77841;1;1;0;True
77842;0;0;0;True
77843;2;2;0;True
77844;9;16;7;True
77845;3;4;1;True
77846;4;6;2;True
77847;6;12;6;True
77848;6;12;6;True
77849;7;16;9;True
77850;5;12;7;True
77851;2;4;2;True
77852;5;6;1;True
77853;6;12;6;True
77854;3;6;3;True
77855;1;1;0;True
77856;3;6;3;True
77857;5;12;7;True
77858;4;9;5;True
77859;3;9;6;True
77860;5;16;11;True
77861;2;4;2;True
77862;3;9;6;True
77863;1;1;0;True
77864;1;1;0;True
77865;1;1;0;True
77866;4;9;5;True
77867;3;4;1;True
77868;7;12;5;True
77869;3;4;1;True
77870;0;0;0;True
77871;5;9;4;True
77872;6;9;3;True
77873;4;12;8;True
77874;5;12;7;True
77875;7;16;9;True
77876;9;12;3;True
77877;4;9;5;True
77878;3;6;3;True
77879;5;12;7;True
77880;3;6;3;True
77881;7;16;9;True
77882;1;1;0;True
77883;5;12;7;True
77884;6;12;6;True
77885;3;6;3;True
77886;2;2;0;True
77887;4;9;5;True
77888;3;3;0;True
77889;3;4;1;True
77890;5;12;7;True
77891;2;4;2;True
77892;7;16;9;True
77893;5;8;3;True
77894;3;4;1;True
77895;6;8;2;True
77896;9;16;7;True
77897;4;6;2;True
77898;2;4;2;True
77899;6;12;6;True
77900;0;0;0;True
77901;7;16;9;True
77902;4;12;8;True
77903;8;12;4;True
77904;5;16;11;True
77905;0;0;0;True
77906;4;16;12;True
77907;0;0;0;True
77908;6;12;6;True
77909;4;6;2;True
77910;1;1;0;True
77911;2;4;2;True
77912;2;2;0;True
77913;2;4;2;True
77914;6;16;10;True
77915;5;12;7;True
77916;6;9;3;True
77917;4;12;8;True
77918;3;6;3;True
77919;2;2;0;True
77920;5;6;1;True
77921;5;12;7;True
77922;4;12;8;True
77923;5;8;3;True
77924;4;12;8;True
77925;5;16;11;True
77926;3;6;3;True
77927;3;6;3;True
77928;1;1;0;True
77929;2;4;2;True
77930;9;12;3;True
77931;2;4;2;True
77932;7;16;9;True
77933;7;16;9;True
77934;4;9;5;True
77935;1;1;0;True
77936;2;2;0;True
77937;5;12;7;True
77938;2;2;0;True
77939;4;9;5;True
77940;5;9;4;True
77941;1;1;0;True
77942;3;4;1;True
77943;2;2;0;True
77944;2;4;2;True
77945;3;6;3;True
77946;5;9;4;True
77947;6;16;10;True
77948;4;8;4;True
77949;2;4;2;True
77950;0;0;0;True
77951;3;4;1;True
77952;0;0;0;True
77953;0;0;0;True
77954;2;2;0;True
77955;4;12;8;True
77956;5;12;7;True
77957;1;1;0;True
77958;8;16;8;True
77959;3;4;1;True
77960;4;6;2;True
77961;1;1;0;True
77962;4;12;8;True
77963;3;3;0;True
77964;1;1;0;True
77965;1;1;0;True
77966;5;12;7;True
77967;3;4;1;True
77968;2;2;0;True
77969;6;9;3;True
77970;2;4;2;True
77971;1;1;0;True
77972;4;9;5;True
77973;3;6;3;True
77974;6;9;3;True
77975;2;4;2;True
77976;2;2;0;True
77977;1;1;0;True
77978;4;6;2;True
77979;4;9;5;True
77980;3;6;3;True
77981;7;12;5;True
77982;3;4;1;True
77983;2;2;0;True
77984;2;4;2;True
77985;2;2;0;True
77986;5;9;4;True
77987;4;6;2;True
77988;8;12;4;True
77989;7;16;9;True
77990;2;4;2;True
77991;3;6;3;True
77992;6;16;10;True
77993;5;12;7;True
77994;2;4;2;True
77995;3;6;3;True
77996;5;12;7;True
77997;1;1;0;True
77998;5;12;7;True
77999;8;12;4;True
78000;3;6;3;True
78001;4;6;2;True
78002;5;8;3;True
78003;2;4;2;True
78004;7;16;9;True
78005;3;6;3;True
78006;6;12;6;True
78007;3;6;3;True
78008;4;16;12;True
78009;6;12;6;True
78010;5;12;7;True
78011;6;12;6;True
78012;1;1;0;True
78013;1;1;0;True
78014;4;6;2;True
78015;4;9;5;True
78016;7;12;5;True
78017;1;1;0;True
78018;4;4;0;True
78019;2;2;0;True
78020;7;16;9;True
78021;5;9;4;True
78022;2;2;0;True
78023;3;6;3;True
78024;5;9;4;True
78025;3;6;3;True
78026;2;4;2;True
78027;8;12;4;True
78028;2;4;2;True
78029;3;6;3;True
78030;4;9;5;True
78031;2;2;0;True
78032;6;12;6;True
78033;1;1;0;True
78034;1;1;0;True
78035;4;9;5;True
78036;4;4;0;True
78037;3;6;3;True
78038;5;6;1;True
78039;7;16;9;True
78040;7;12;5;True
78041;0;0;0;True
78042;5;8;3;True
78043;7;12;5;True
78044;6;12;6;True
78045;1;1;0;True
78046;7;16;9;True
78047;5;12;7;True
78048;3;6;3;True
78049;0;0;0;True
78050;2;2;0;True
78051;3;6;3;True
78052;4;6;2;True
78053;6;12;6;True
78054;4;9;5;True
78055;6;12;6;True
78056;0;0;0;True
78057;1;1;0;True
78058;3;6;3;True
78059;2;2;0;True
78060;0;0;0;True
78061;3;9;6;True
78062;2;4;2;True
78063;5;12;7;True
78064;2;4;2;True
78065;3;6;3;True
78066;4;6;2;True
78067;5;9;4;True
78068;1;1;0;True
78069;8;16;8;True
78070;5;6;1;True
78071;3;4;1;True
78072;0;0;0;True
78073;0;0;0;True
78074;2;4;2;True
78075;7;16;9;True
78076;4;8;4;True
78077;0;0;0;True
78078;7;16;9;True
78079;3;6;3;True
78080;3;6;3;True
78081;1;1;0;True
78082;5;6;1;True
78083;2;4;2;True
78084;3;6;3;True
78085;0;0;0;True
78086;2;4;2;True
78087;0;0;0;True
78088;8;12;4;True
78089;4;4;0;True
78090;8;12;4;True
78091;4;9;5;True
78092;2;2;0;True
78093;2;4;2;True
78094;9;16;7;True
78095;0;0;0;True
78096;1;1;0;True
78097;3;6;3;True
78098;3;6;3;True
78099;2;4;2;True
78100;5;12;7;True
78101;1;1;0;True
78102;0;0;0;True
78103;5;16;11;True
78104;2;2;0;True
78105;2;4;2;True
78106;4;12;8;True
78107;0;0;0;True
78108;0;0;0;True
78109;5;8;3;True
78110;10;16;6;True
78111;2;4;2;True
78112;7;12;5;True
78113;5;12;7;True
78114;2;4;2;True
78115;7;16;9;True
78116;3;9;6;True
78117;7;12;5;True
78118;7;12;5;True
78119;4;9;5;True
78120;2;4;2;True
78121;5;12;7;True
78122;1;1;0;True
78123;1;1;0;True
78124;3;3;0;True
78125;1;1;0;True
78126;1;1;0;True
78127;1;1;0;True
78128;4;9;5;True
78129;4;12;8;True
78130;1;1;0;True
78131;2;2;0;True
78132;5;12;7;True
78133;8;12;4;True
78134;3;6;3;True
78135;4;9;5;True
78136;5;12;7;True
78137;3;6;3;True
78138;1;1;0;True
78139;2;4;2;True
78140;5;12;7;True
78141;6;12;6;True
78142;1;1;0;True
78143;4;9;5;True
78144;4;12;8;True
78145;3;6;3;True
78146;7;16;9;True
78147;4;9;5;True
78148;3;6;3;True
78149;7;12;5;True
78150;2;4;2;True
78151;3;6;3;True
78152;6;12;6;True
78153;5;12;7;True
78154;6;12;6;True
78155;2;4;2;True
78156;1;1;0;True
78157;8;16;8;True
78158;4;12;8;True
78159;1;1;0;True
78160;7;16;9;True
78161;5;12;7;True
78162;1;1;0;True
78163;5;12;7;True
78164;6;9;3;True
78165;4;6;2;True
78166;2;4;2;True
78167;4;8;4;True
78168;4;6;2;True
78169;1;1;0;True
78170;3;6;3;True
78171;3;6;3;True
78172;6;12;6;True
78173;4;6;2;True
78174;6;12;6;True
78175;1;1;0;True
78176;6;9;3;True
78177;7;12;5;True
78178;1;1;0;True
78179;4;9;5;True
78180;5;12;7;True
78181;7;16;9;True
78182;2;2;0;True
78183;3;4;1;True
78184;6;16;10;True
78185;6;9;3;True
78186;1;1;0;True
78187;5;16;11;True
78188;4;6;2;True
78189;3;4;1;True
78190;4;6;2;True
78191;3;6;3;True
78192;1;1;0;True
78193;7;16;9;True
78194;2;4;2;True
78195;2;2;0;True
78196;2;2;0;True
78197;4;16;12;True
78198;5;12;7;True
78199;6;9;3;True
78200;1;1;0;True
78201;2;2;0;True
78202;4;12;8;True
78203;6;12;6;True
78204;1;1;0;True
78205;0;0;0;True
78206;5;6;1;True
78207;4;6;2;True
78208;1;1;0;True
78209;1;1;0;True
78210;5;12;7;True
78211;3;4;1;True
78212;6;16;10;True
78213;5;9;4;True
78214;3;6;3;True
78215;8;16;8;True
78216;2;2;0;True
78217;5;16;11;True
78218;5;12;7;True
78219;3;3;0;True
78220;3;6;3;True
78221;2;4;2;True
78222;2;2;0;True
78223;5;9;4;True
78224;0;0;0;True
78225;0;0;0;True
78226;5;9;4;True
78227;5;16;11;True
78228;0;0;0;True
78229;8;12;4;True
78230;3;9;6;True
78231;7;16;9;True
78232;3;6;3;True
78233;6;16;10;True
78234;4;6;2;True
78235;2;4;2;True
78236;8;16;8;True
78237;0;0;0;True
78238;1;1;0;True
78239;4;8;4;True
78240;3;3;0;True
78241;5;9;4;True
78242;4;9;5;True
78243;3;6;3;True
78244;8;12;4;True
78245;0;0;0;True
78246;5;12;7;True
78247;2;2;0;True
78248;3;6;3;True
78249;10;16;6;True
78250;1;1;0;True
78251;0;0;0;True
78252;3;6;3;True
78253;4;9;5;True
78254;9;16;7;True
78255;4;6;2;True
78256;3;4;1;True
78257;1;1;0;True
78258;1;1;0;True
78259;5;12;7;True
78260;2;4;2;True
78261;3;6;3;True
78262;6;9;3;True
78263;3;6;3;True
78264;0;0;0;True
78265;6;16;10;True
78266;4;9;5;True
78267;1;1;0;True
78268;2;2;0;True
78269;2;4;2;True
78270;1;1;0;True
78271;2;2;0;True
78272;4;6;2;True
78273;6;16;10;True
78274;4;9;5;True
78275;9;16;7;True
78276;4;6;2;True
78277;4;9;5;True
78278;0;0;0;True
78279;1;1;0;True
78280;5;9;4;True
78281;4;6;2;True
78282;9;12;3;True
78283;7;12;5;True
78284;4;8;4;True
78285;2;4;2;True
78286;4;6;2;True
78287;5;12;7;True
78288;5;8;3;True
78289;1;1;0;True
78290;3;6;3;True
78291;0;0;0;True
78292;5;12;7;True
78293;2;4;2;True
78294;7;12;5;True
78295;7;12;5;True
78296;3;6;3;True
78297;4;9;5;True
78298;4;9;5;True
78299;4;9;5;True
78300;2;4;2;True
78301;5;6;1;True
78302;3;6;3;True
78303;9;16;7;True
78304;4;8;4;True
78305;7;12;5;True
78306;6;16;10;True
78307;8;16;8;True
78308;5;12;7;True
78309;8;16;8;True
78310;5;9;4;True
78311;5;12;7;True
78312;8;16;8;True
78313;2;4;2;True
78314;7;9;2;True
78315;8;16;8;True
78316;3;6;3;True
78317;3;4;1;True
78318;5;12;7;True
78319;4;6;2;True
78320;0;0;0;True
78321;1;1;0;True
78322;2;4;2;True
78323;6;9;3;True
78324;2;2;0;True
78325;8;16;8;True
78326;0;0;0;True
78327;4;6;2;True
78328;2;4;2;True
78329;0;0;0;True
78330;4;9;5;True
78331;6;16;10;True
78332;4;9;5;True
78333;2;4;2;True
78334;5;9;4;True
78335;5;12;7;True
78336;4;9;5;True
78337;8;12;4;True
78338;3;4;1;True
78339;10;16;6;True
78340;5;8;3;True
78341;3;6;3;True
78342;1;1;0;True
78343;5;12;7;True
78344;5;16;11;True
78345;1;1;0;True
78346;1;1;0;True
78347;3;4;1;True
78348;5;6;1;True
78349;6;16;10;True
78350;5;12;7;True
78351;5;9;4;True
78352;4;6;2;True
78353;5;9;4;True
78354;5;16;11;True
78355;7;12;5;True
78356;2;2;0;True
78357;1;1;0;True
78358;2;2;0;True
78359;1;1;0;True
78360;3;6;3;True
78361;6;12;6;True
78362;5;12;7;True
78363;4;8;4;True
78364;7;16;9;True
78365;3;6;3;True
78366;5;9;4;True
78367;3;6;3;True
78368;1;1;0;True
78369;3;6;3;True
78370;2;4;2;True
78371;3;6;3;True
78372;2;4;2;True
78373;3;4;1;True
78374;5;9;4;True
78375;2;4;2;True
78376;3;9;6;True
78377;4;9;5;True
78378;6;8;2;True
78379;3;6;3;True
78380;5;12;7;True
78381;6;12;6;True
78382;0;0;0;True
78383;1;1;0;True
78384;3;6;3;True
78385;4;9;5;True
78386;2;4;2;True
78387;13;16;3;True
78388;6;12;6;True
78389;6;8;2;True
78390;5;9;4;True
78391;10;16;6;True
78392;3;6;3;True
78393;5;12;7;True
78394;4;6;2;True
78395;2;2;0;True
78396;2;4;2;True
78397;3;3;0;True
78398;5;12;7;True
78399;4;6;2;True
78400;1;1;0;True
78401;8;16;8;True
78402;2;4;2;True
78403;3;6;3;True
78404;5;8;3;True
78405;3;9;6;True
78406;0;0;0;True
78407;5;8;3;True
78408;3;9;6;True
78409;4;8;4;True
78410;0;0;0;True
78411;3;6;3;True
78412;2;2;0;True
78413;5;12;7;True
78414;5;16;11;True
78415;3;9;6;True
78416;2;4;2;True
78417;2;4;2;True
78418;9;16;7;True
78419;7;12;5;True
78420;1;1;0;True
78421;1;1;0;True
78422;2;4;2;True
78423;4;9;5;True
78424;6;16;10;True
78425;8;16;8;True
78426;1;1;0;True
78427;1;1;0;True
78428;1;1;0;True
78429;4;6;2;True
78430;5;12;7;True
78431;4;8;4;True
78432;3;6;3;True
78433;8;16;8;True
78434;6;12;6;True
78435;3;6;3;True
78436;5;12;7;True
78437;5;12;7;True
78438;2;2;0;True
78439;8;16;8;True
78440;6;12;6;True
78441;7;16;9;True
78442;3;4;1;True
78443;0;0;0;True
78444;6;12;6;True
78445;3;6;3;True
78446;6;8;2;True
78447;2;2;0;True
78448;2;4;2;True
78449;1;1;0;True
78450;4;9;5;True
78451;6;12;6;True
78452;1;1;0;True
78453;3;6;3;True
78454;2;4;2;True
78455;5;9;4;True
78456;2;4;2;True
78457;7;16;9;True
78458;3;4;1;True
78459;4;6;2;True
78460;4;9;5;True
78461;3;4;1;True
78462;3;9;6;True
78463;0;0;0;True
78464;5;9;4;True
78465;2;2;0;True
78466;1;1;0;True
78467;5;12;7;True
78468;5;9;4;True
78469;6;12;6;True
78470;0;0;0;True
78471;0;0;0;True
78472;3;3;0;True
78473;4;12;8;True
78474;9;16;7;True
78475;4;6;2;True
78476;3;6;3;True
78477;3;6;3;True
78478;2;2;0;True
78479;4;12;8;True
78480;4;9;5;True
78481;5;12;7;True
78482;6;9;3;True
78483;3;6;3;True
78484;4;9;5;True
78485;3;4;1;True
78486;1;1;0;True
78487;2;4;2;True
78488;1;1;0;True
78489;1;1;0;True
78490;6;16;10;True
78491;1;1;0;True
78492;1;1;0;True
78493;5;16;11;True
78494;4;9;5;True
78495;3;6;3;True
78496;3;3;0;True
78497;4;12;8;True
78498;7;12;5;True
78499;4;9;5;True
78500;4;6;2;True
78501;0;0;0;True
78502;9;16;7;True
78503;2;2;0;True
78504;3;4;1;True
78505;2;4;2;True
78506;6;16;10;True
78507;5;12;7;True
78508;1;1;0;True
78509;3;4;1;True
78510;3;4;1;True
78511;5;12;7;True
78512;3;4;1;True
78513;6;9;3;True
78514;2;4;2;True
78515;3;9;6;True
78516;5;9;4;True
78517;1;1;0;True
78518;4;12;8;True
78519;1;1;0;True
78520;2;2;0;True
78521;6;16;10;True
78522;9;16;7;True
78523;1;1;0;True
78524;3;3;0;True
78525;4;6;2;True
78526;5;9;4;True
78527;1;1;0;True
78528;1;1;0;True
78529;5;12;7;True
78530;5;8;3;True
78531;7;16;9;True
78532;8;16;8;True
78533;5;8;3;True
78534;2;4;2;True
78535;7;12;5;True
78536;6;9;3;True
78537;5;8;3;True
78538;4;4;0;True
78539;4;9;5;True
78540;3;6;3;True
78541;3;6;3;True
78542;5;12;7;True
78543;7;16;9;True
78544;3;4;1;True
78545;8;16;8;True
78546;2;2;0;True
78547;5;16;11;True
78548;3;3;0;True
78549;1;1;0;True
78550;3;4;1;True
78551;2;4;2;True
78552;8;16;8;True
78553;2;4;2;True
78554;0;0;0;True
78555;3;4;1;True
78556;0;0;0;True
78557;4;9;5;True
78558;7;12;5;True
78559;3;6;3;True
78560;3;6;3;True
78561;0;0;0;True
78562;5;9;4;True
78563;9;16;7;True
78564;1;1;0;True
78565;6;12;6;True
78566;2;4;2;True
78567;2;4;2;True
78568;1;1;0;True
78569;4;6;2;True
78570;2;2;0;True
78571;3;4;1;True
78572;4;9;5;True
78573;2;4;2;True
78574;6;12;6;True
78575;2;2;0;True
78576;5;6;1;True
78577;4;12;8;True
78578;7;16;9;True
78579;4;6;2;True
78580;3;6;3;True
78581;6;12;6;True
78582;3;6;3;True
78583;7;16;9;True
78584;6;12;6;True
78585;0;0;0;True
78586;1;1;0;True
78587;0;0;0;True
78588;1;1;0;True
78589;9;16;7;True
78590;2;4;2;True
78591;0;0;0;True
78592;4;9;5;True
78593;8;12;4;True
78594;5;12;7;True
78595;4;9;5;True
78596;1;1;0;True
78597;3;3;0;True
78598;4;8;4;True
78599;1;1;0;True
78600;7;8;1;True
78601;4;8;4;True
78602;5;8;3;True
78603;5;12;7;True
78604;2;4;2;True
78605;9;16;7;True
78606;4;9;5;True
78607;1;1;0;True
78608;2;4;2;True
78609;1;1;0;True
78610;9;16;7;True
78611;2;4;2;True
78612;2;2;0;True
78613;4;9;5;True
78614;5;9;4;True
78615;3;4;1;True
78616;5;9;4;True
78617;1;1;0;True
78618;4;4;0;True
78619;2;2;0;True
78620;1;1;0;True
78621;5;12;7;True
78622;5;6;1;True
78623;3;4;1;True
78624;6;12;6;True
78625;6;16;10;True
78626;7;9;2;True
78627;3;9;6;True
78628;1;1;0;True
78629;8;16;8;True
78630;1;1;0;True
78631;1;1;0;True
78632;2;4;2;True
78633;1;1;0;True
78634;0;0;0;True
78635;3;6;3;True
78636;0;0;0;True
78637;3;9;6;True
78638;7;16;9;True
78639;4;9;5;True
78640;4;8;4;True
78641;1;1;0;True
78642;1;1;0;True
78643;5;9;4;True
78644;6;12;6;True
78645;1;1;0;True
78646;3;4;1;True
78647;4;9;5;True
78648;5;9;4;True
78649;2;2;0;True
78650;3;6;3;True
78651;3;6;3;True
78652;6;16;10;True
78653;6;12;6;True
78654;2;2;0;True
78655;2;4;2;True
78656;7;8;1;True
78657;8;16;8;True
78658;1;1;0;True
78659;2;4;2;True
78660;4;6;2;True
78661;2;2;0;True
78662;1;1;0;True
78663;3;3;0;True
78664;5;16;11;True
78665;1;1;0;True
78666;2;4;2;True
78667;2;4;2;True
78668;3;6;3;True
78669;1;1;0;True
78670;7;12;5;True
78671;1;1;0;True
78672;2;4;2;True
78673;7;12;5;True
78674;2;2;0;True
78675;1;1;0;True
78676;5;12;7;True
78677;4;6;2;True
78678;1;1;0;True
78679;0;0;0;True
78680;3;9;6;True
78681;5;8;3;True
78682;6;9;3;True
78683;2;4;2;True
78684;0;0;0;True
78685;1;1;0;True
78686;8;16;8;True
78687;3;6;3;True
78688;9;16;7;True
78689;1;1;0;True
78690;3;6;3;True
78691;7;16;9;True
78692;6;16;10;True
78693;6;9;3;True
78694;1;1;0;True
78695;5;6;1;True
78696;6;12;6;True
78697;4;9;5;True
78698;4;6;2;True
78699;3;6;3;True
78700;6;12;6;True
78701;2;2;0;True
78702;10;16;6;True
78703;2;2;0;True
78704;6;12;6;True
78705;6;16;10;True
78706;1;1;0;True
78707;0;0;0;True
78708;9;16;7;True
78709;3;6;3;True
78710;3;4;1;True
78711;2;2;0;True
78712;7;9;2;True
78713;4;8;4;True
78714;1;1;0;True
78715;2;4;2;True
78716;3;4;1;True
78717;1;1;0;True
78718;5;12;7;True
78719;3;6;3;True
78720;2;2;0;True
78721;6;12;6;True
78722;3;6;3;True
78723;5;6;1;True
78724;0;0;0;True
78725;2;2;0;True
78726;9;16;7;True
78727;3;9;6;True
78728;4;4;0;True
78729;6;9;3;True
78730;2;4;2;True
78731;2;2;0;True
78732;4;12;8;True
78733;4;12;8;True
78734;4;9;5;True
78735;3;6;3;True
78736;6;16;10;True
78737;0;0;0;True
78738;2;4;2;True
78739;6;12;6;True
78740;0;0;0;True
78741;4;6;2;True
78742;4;9;5;True
78743;2;2;0;True
78744;5;9;4;True
78745;9;16;7;True
78746;7;16;9;True
78747;2;2;0;True
78748;6;9;3;True
78749;5;6;1;True
78750;4;9;5;True
78751;6;9;3;True
78752;2;2;0;True
78753;5;9;4;True
78754;5;12;7;True
78755;1;1;0;True
78756;4;9;5;True
78757;6;12;6;True
78758;8;16;8;True
78759;3;3;0;True
78760;10;16;6;True
78761;5;8;3;True
78762;8;16;8;True
78763;6;12;6;True
78764;2;4;2;True
78765;3;3;0;True
78766;1;1;0;True
78767;5;16;11;True
78768;1;1;0;True
78769;2;4;2;True
78770;0;0;0;True
78771;1;1;0;True
78772;5;8;3;True
78773;9;16;7;True
78774;5;9;4;True
78775;1;1;0;True
78776;1;1;0;True
78777;1;1;0;True
78778;5;12;7;True
78779;6;8;2;True
78780;2;4;2;True
78781;2;4;2;True
78782;0;0;0;True
78783;1;1;0;True
78784;7;12;5;True
78785;3;3;0;True
78786;0;0;0;True
78787;4;9;5;True
78788;5;12;7;True
78789;0;0;0;True
78790;3;6;3;True
78791;5;16;11;True
78792;4;8;4;True
78793;1;1;0;True
78794;1;1;0;True
78795;3;6;3;True
78796;2;4;2;True
78797;3;9;6;True
78798;3;4;1;True
78799;2;4;2;True
78800;7;12;5;True
78801;6;12;6;True
78802;3;6;3;True
78803;9;16;7;True
78804;5;9;4;True
78805;7;8;1;True
78806;1;1;0;True
78807;3;6;3;True
78808;3;6;3;True
78809;2;4;2;True
78810;7;12;5;True
78811;6;12;6;True
78812;0;0;0;True
78813;6;9;3;True
78814;4;9;5;True
78815;4;9;5;True
78816;7;12;5;True
78817;7;16;9;True
78818;5;9;4;True
78819;2;2;0;True
78820;5;6;1;True
78821;5;12;7;True
78822;1;1;0;True
78823;2;2;0;True
78824;0;0;0;True
78825;2;4;2;True
78826;1;1;0;True
78827;6;12;6;True
78828;4;16;12;True
78829;4;6;2;True
78830;1;1;0;True
78831;5;16;11;True
78832;3;4;1;True
78833;5;16;11;True
78834;2;2;0;True
78835;2;4;2;True
78836;3;6;3;True
78837;2;2;0;True
78838;7;16;9;True
78839;2;4;2;True
78840;1;1;0;True
78841;8;12;4;True
78842;3;4;1;True
78843;5;6;1;True
78844;1;1;0;True
78845;5;9;4;True
78846;3;9;6;True
78847;3;6;3;True
78848;5;12;7;True
78849;5;12;7;True
78850;4;6;2;True
78851;0;0;0;True
78852;3;4;1;True
78853;2;4;2;True
78854;1;1;0;True
78855;2;4;2;True
78856;1;1;0;True
78857;3;4;1;True
78858;7;12;5;True
78859;6;12;6;True
78860;4;6;2;True
78861;1;1;0;True
78862;4;9;5;True
78863;7;16;9;True
78864;1;1;0;True
78865;4;9;5;True
78866;1;1;0;True
78867;3;4;1;True
78868;2;2;0;True
78869;4;9;5;True
78870;3;9;6;True
78871;4;9;5;True
78872;0;0;0;True
78873;8;16;8;True
78874;2;4;2;True
78875;3;4;1;True
78876;1;1;0;True
78877;0;0;0;True
78878;3;6;3;True
78879;1;1;0;True
78880;1;1;0;True
78881;2;4;2;True
78882;6;12;6;True
78883;5;12;7;True
78884;3;6;3;True
78885;5;12;7;True
78886;3;3;0;True
78887;8;12;4;True
78888;5;9;4;True
78889;4;12;8;True
78890;6;8;2;True
78891;1;1;0;True
78892;4;6;2;True
78893;5;12;7;True
78894;1;1;0;True
78895;2;4;2;True
78896;6;9;3;True
78897;5;9;4;True
78898;5;9;4;True
78899;1;1;0;True
78900;3;6;3;True
78901;3;4;1;True
78902;3;6;3;True
78903;1;1;0;True
78904;5;12;7;True
78905;3;6;3;True
78906;5;9;4;True
78907;2;4;2;True
78908;2;2;0;True
78909;3;6;3;True
78910;5;12;7;True
78911;5;9;4;True
78912;1;1;0;True
78913;3;4;1;True
78914;0;0;0;True
78915;2;4;2;True
78916;11;16;5;True
78917;5;9;4;True
78918;7;16;9;True
78919;10;16;6;True
78920;4;9;5;True
78921;0;0;0;True
78922;2;2;0;True
78923;3;4;1;True
78924;0;0;0;True
78925;5;12;7;True
78926;5;12;7;True
78927;4;9;5;True
78928;8;16;8;True
78929;6;12;6;True
78930;2;2;0;True
78931;5;9;4;True
78932;6;12;6;True
78933;2;4;2;True
78934;1;1;0;True
78935;2;4;2;True
78936;2;4;2;True
78937;5;8;3;True
78938;4;9;5;True
78939;4;9;5;True
78940;3;6;3;True
78941;3;9;6;True
78942;4;8;4;True
78943;1;1;0;True
78944;8;16;8;True
78945;4;9;5;True
78946;2;4;2;True
78947;2;4;2;True
78948;1;1;0;True
78949;4;9;5;True
78950;3;4;1;True
78951;4;6;2;True
78952;1;1;0;True
78953;1;1;0;True
78954;3;6;3;True
78955;0;0;0;True
78956;9;12;3;True
78957;9;16;7;True
78958;1;1;0;True
78959;1;1;0;True
78960;8;16;8;True
78961;3;6;3;True
78962;4;9;5;True
78963;7;16;9;True
78964;5;9;4;True
78965;2;4;2;True
78966;3;9;6;True
78967;4;9;5;True
78968;1;1;0;True
78969;2;2;0;True
78970;4;9;5;True
78971;7;16;9;True
78972;6;9;3;True
78973;3;4;1;True
78974;5;12;7;True
78975;8;16;8;True
78976;2;2;0;True
78977;4;9;5;True
78978;3;6;3;True
78979;2;2;0;True
78980;3;4;1;True
78981;5;12;7;True
78982;2;4;2;True
78983;5;12;7;True
78984;4;8;4;True
78985;1;1;0;True
78986;5;16;11;True
78987;5;9;4;True
78988;3;6;3;True
78989;4;6;2;True
78990;5;16;11;True
78991;3;9;6;True
78992;4;9;5;True
78993;4;6;2;True
78994;3;4;1;True
78995;3;6;3;True
78996;5;12;7;True
78997;4;6;2;True
78998;5;9;4;True
78999;7;12;5;True
79000;2;2;0;True
79001;1;1;0;True
79002;3;4;1;True
79003;4;12;8;True
79004;1;1;0;True
79005;2;2;0;True
79006;3;9;6;True
79007;6;12;6;True
79008;6;16;10;True
79009;3;6;3;True
79010;2;4;2;True
79011;7;16;9;True
79012;4;6;2;True
79013;1;1;0;True
79014;1;1;0;True
79015;7;16;9;True
79016;2;4;2;True
79017;3;9;6;True
79018;7;16;9;True
79019;4;9;5;True
79020;5;9;4;True
79021;0;0;0;True
79022;1;1;0;True
79023;0;0;0;True
79024;0;0;0;True
79025;9;16;7;True
79026;0;0;0;True
79027;3;9;6;True
79028;4;6;2;True
79029;7;16;9;True
79030;6;12;6;True
79031;1;1;0;True
79032;6;9;3;True
79033;3;6;3;True
79034;1;1;0;True
79035;3;6;3;True
79036;5;9;4;True
79037;1;1;0;True
79038;1;1;0;True
79039;1;1;0;True
79040;3;6;3;True
79041;2;4;2;True
79042;0;0;0;True
79043;7;12;5;True
79044;7;12;5;True
79045;3;4;1;True
79046;4;12;8;True
79047;5;12;7;True
79048;3;6;3;True
79049;9;16;7;True
79050;2;2;0;True
79051;0;0;0;True
79052;4;12;8;True
79053;5;12;7;True
79054;2;4;2;True
79055;2;4;2;True
79056;2;2;0;True
79057;2;2;0;True
79058;3;6;3;True
79059;4;9;5;True
79060;4;12;8;True
79061;4;6;2;True
79062;6;16;10;True
79063;1;1;0;True
79064;5;6;1;True
79065;6;12;6;True
79066;6;12;6;True
79067;6;12;6;True
79068;3;6;3;True
79069;2;4;2;True
79070;4;9;5;True
79071;2;4;2;True
79072;6;12;6;True
79073;5;16;11;True
79074;4;9;5;True
79075;6;12;6;True
79076;4;9;5;True
79077;2;2;0;True
79078;3;4;1;True
79079;5;12;7;True
79080;2;2;0;True
79081;4;6;2;True
79082;3;9;6;True
79083;7;12;5;True
79084;8;16;8;True
79085;5;12;7;True
79086;5;9;4;True
79087;4;6;2;True
79088;4;9;5;True
79089;5;12;7;True
79090;3;4;1;True
79091;3;6;3;True
79092;3;6;3;True
79093;0;0;0;True
79094;4;6;2;True
79095;5;12;7;True
79096;6;9;3;True
79097;3;4;1;True
79098;0;0;0;True
79099;2;4;2;True
79100;2;2;0;True
79101;3;4;1;True
79102;3;4;1;True
79103;1;1;0;True
79104;3;4;1;True
79105;3;4;1;True
79106;3;6;3;True
79107;3;6;3;True
79108;6;12;6;True
79109;4;6;2;True
79110;6;9;3;True
79111;4;6;2;True
79112;3;9;6;True
79113;5;9;4;True
79114;3;9;6;True
79115;4;9;5;True
79116;6;9;3;True
79117;2;4;2;True
79118;4;6;2;True
79119;3;4;1;True
79120;5;16;11;True
79121;2;2;0;True
79122;4;9;5;True
79123;2;4;2;True
79124;8;16;8;True
79125;6;12;6;True
79126;3;4;1;True
79127;2;4;2;True
79128;7;16;9;True
79129;1;1;0;True
79130;0;0;0;True
79131;4;9;5;True
79132;4;9;5;True
79133;7;16;9;True
79134;2;2;0;True
79135;3;6;3;True
79136;5;12;7;True
79137;3;6;3;True
79138;4;6;2;True
79139;4;6;2;True
79140;6;12;6;True
79141;3;9;6;True
79142;3;6;3;True
79143;0;0;0;True
79144;1;1;0;True
79145;4;9;5;True
79146;3;6;3;True
79147;2;2;0;True
79148;0;0;0;True
79149;4;12;8;True
79150;3;6;3;True
79151;5;12;7;True
79152;1;1;0;True
79153;2;4;2;True
79154;9;16;7;True
79155;6;6;0;True
79156;7;16;9;True
79157;4;9;5;True
79158;6;12;6;True
79159;3;6;3;True
79160;6;12;6;True
79161;5;12;7;True
79162;2;4;2;True
79163;2;4;2;True
79164;1;1;0;True
79165;0;0;0;True
79166;3;6;3;True
79167;2;2;0;True
79168;2;4;2;True
79169;4;16;12;True
79170;3;6;3;True
79171;6;16;10;True
79172;6;12;6;True
79173;1;1;0;True
79174;3;9;6;True
79175;4;12;8;True
79176;2;2;0;True
79177;4;9;5;True
79178;4;6;2;True
79179;3;9;6;True
79180;8;16;8;True
79181;4;12;8;True
79182;3;6;3;True
79183;5;6;1;True
79184;0;0;0;True
79185;4;8;4;True
79186;2;4;2;True
79187;4;6;2;True
79188;5;12;7;True
79189;2;4;2;True
79190;7;12;5;True
79191;1;1;0;True
79192;8;16;8;True
79193;1;1;0;True
79194;3;3;0;True
79195;7;12;5;True
79196;0;0;0;True
79197;10;16;6;True
79198;5;9;4;True
79199;4;9;5;True
79200;9;16;7;True
79201;2;4;2;True
79202;4;12;8;True
79203;3;6;3;True
79204;2;4;2;True
79205;6;12;6;True
79206;3;4;1;True
79207;3;6;3;True
79208;2;4;2;True
79209;6;16;10;True
79210;6;12;6;True
79211;1;1;0;True
79212;4;8;4;True
79213;2;2;0;True
79214;1;1;0;True
79215;0;0;0;True
79216;0;0;0;True
79217;1;1;0;True
79218;5;12;7;True
79219;5;12;7;True
79220;3;9;6;True
79221;0;0;0;True
79222;1;1;0;True
79223;1;1;0;True
79224;2;2;0;True
79225;8;16;8;True
79226;1;1;0;True
79227;5;9;4;True
79228;4;6;2;True
79229;5;8;3;True
79230;7;16;9;True
79231;6;12;6;True
79232;5;12;7;True
79233;5;9;4;True
79234;5;9;4;True
79235;2;4;2;True
79236;6;16;10;True
79237;2;4;2;True
79238;1;1;0;True
79239;4;9;5;True
79240;4;6;2;True
79241;6;16;10;True
79242;4;8;4;True
79243;1;1;0;True
79244;3;9;6;True
79245;2;4;2;True
79246;3;3;0;True
79247;6;9;3;True
79248;2;4;2;True
79249;0;0;0;True
79250;6;12;6;True
79251;3;9;6;True
79252;7;16;9;True
79253;6;9;3;True
79254;6;16;10;True
79255;2;2;0;True
79256;2;2;0;True
79257;6;12;6;True
79258;5;9;4;True
79259;0;0;0;True
79260;6;16;10;True
79261;4;12;8;True
79262;0;0;0;True
79263;0;0;0;True
79264;2;4;2;True
79265;2;4;2;True
79266;5;12;7;True
79267;4;12;8;True
79268;9;16;7;True
79269;4;9;5;True
79270;4;9;5;True
79271;2;2;0;True
79272;5;8;3;True
79273;3;3;0;True
79274;2;2;0;True
79275;6;12;6;True
79276;4;6;2;True
79277;2;4;2;True
79278;4;16;12;True
79279;5;12;7;True
79280;3;4;1;True
79281;12;16;4;True
79282;3;6;3;True
79283;4;9;5;True
79284;0;0;0;True
79285;5;12;7;True
79286;4;6;2;True
79287;4;6;2;True
79288;4;6;2;True
79289;3;6;3;True
79290;2;4;2;True
79291;2;4;2;True
79292;3;6;3;True
79293;6;16;10;True
79294;3;9;6;True
79295;4;12;8;True
79296;6;12;6;True
79297;4;6;2;True
79298;6;12;6;True
79299;2;4;2;True
79300;2;2;0;True
79301;5;9;4;True
79302;0;0;0;True
79303;2;4;2;True
79304;4;6;2;True
79305;8;16;8;True
79306;4;8;4;True
79307;1;1;0;True
79308;1;1;0;True
79309;7;16;9;True
79310;6;16;10;True
79311;3;4;1;True
79312;3;4;1;True
79313;2;2;0;True
79314;5;9;4;True
79315;3;6;3;True
79316;6;9;3;True
79317;8;16;8;True
79318;4;8;4;True
79319;8;12;4;True
79320;3;6;3;True
79321;0;0;0;True
79322;0;0;0;True
79323;2;2;0;True
79324;3;9;6;True
79325;6;12;6;True
79326;9;16;7;True
79327;6;12;6;True
79328;4;9;5;True
79329;5;12;7;True
79330;3;6;3;True
79331;2;2;0;True
79332;2;2;0;True
79333;7;12;5;True
79334;0;0;0;True
79335;4;9;5;True
79336;4;8;4;True
79337;4;9;5;True
79338;2;4;2;True
79339;4;9;5;True
79340;3;9;6;True
79341;3;6;3;True
79342;0;0;0;True
79343;2;4;2;True
79344;3;6;3;True
79345;0;0;0;True
79346;4;6;2;True
79347;2;4;2;True
79348;1;1;0;True
79349;7;16;9;True
79350;3;6;3;True
79351;4;9;5;True
79352;3;9;6;True
79353;4;12;8;True
79354;5;12;7;True
79355;1;1;0;True
79356;2;2;0;True
79357;4;6;2;True
79358;6;16;10;True
79359;6;9;3;True
79360;8;16;8;True
79361;6;12;6;True
79362;4;6;2;True
79363;8;16;8;True
79364;4;6;2;True
79365;1;1;0;True
79366;3;6;3;True
79367;1;1;0;True
79368;2;2;0;True
79369;5;12;7;True
79370;3;3;0;True
79371;1;1;0;True
79372;3;3;0;True
79373;5;12;7;True
79374;3;4;1;True
79375;1;1;0;True
79376;0;0;0;True
79377;2;2;0;True
79378;4;6;2;True
79379;4;9;5;True
79380;3;4;1;True
79381;3;6;3;True
79382;4;9;5;True
79383;7;12;5;True
79384;2;2;0;True
79385;3;9;6;True
79386;7;12;5;True
79387;4;6;2;True
79388;1;1;0;True
79389;1;1;0;True
79390;2;4;2;True
79391;4;9;5;True
79392;2;4;2;True
79393;4;6;2;True
79394;1;1;0;True
79395;5;9;4;True
79396;8;12;4;True
79397;4;6;2;True
79398;3;6;3;True
79399;3;4;1;True
79400;1;1;0;True
79401;2;2;0;True
79402;5;9;4;True
79403;2;4;2;True
79404;7;12;5;True
79405;1;1;0;True
79406;3;6;3;True
79407;2;4;2;True
79408;7;16;9;True
79409;1;1;0;True
79410;1;1;0;True
79411;1;1;0;True
79412;0;0;0;True
79413;4;9;5;True
79414;2;4;2;True
79415;3;9;6;True
79416;3;4;1;True
79417;6;9;3;True
79418;10;16;6;True
79419;6;16;10;True
79420;4;6;2;True
79421;2;2;0;True
79422;3;6;3;True
79423;0;0;0;True
79424;3;6;3;True
79425;2;4;2;True
79426;3;6;3;True
79427;0;0;0;True
79428;5;9;4;True
79429;0;0;0;True
79430;3;6;3;True
79431;6;12;6;True
79432;1;1;0;True
79433;0;0;0;True
79434;6;12;6;True
79435;3;6;3;True
79436;2;4;2;True
79437;6;12;6;True
79438;2;4;2;True
79439;3;4;1;True
79440;4;4;0;True
79441;8;16;8;True
79442;2;2;0;True
79443;5;6;1;True
79444;4;9;5;True
79445;1;1;0;True
79446;3;6;3;True
79447;6;8;2;True
79448;6;16;10;True
79449;4;6;2;True
79450;1;1;0;True
79451;0;0;0;True
79452;2;4;2;True
79453;4;9;5;True
79454;9;16;7;True
79455;5;9;4;True
79456;4;6;2;True
79457;1;1;0;True
79458;2;4;2;True
79459;0;0;0;True
79460;1;1;0;True
79461;7;16;9;True
79462;3;6;3;True
79463;3;4;1;True
79464;1;1;0;True
79465;3;9;6;True
79466;1;1;0;True
79467;6;12;6;True
79468;3;6;3;True
79469;4;6;2;True
79470;5;9;4;True
79471;6;8;2;True
79472;7;9;2;True
79473;2;2;0;True
79474;3;9;6;True
79475;3;4;1;True
79476;9;16;7;True
79477;5;12;7;True
79478;8;12;4;True
79479;4;9;5;True
79480;4;6;2;True
79481;4;9;5;True
79482;5;12;7;True
79483;3;6;3;True
79484;5;12;7;True
79485;2;2;0;True
79486;3;6;3;True
79487;3;6;3;True
79488;3;4;1;True
79489;5;12;7;True
79490;5;12;7;True
79491;6;12;6;True
79492;4;9;5;True
79493;6;12;6;True
79494;10;16;6;True
79495;8;12;4;True
79496;4;6;2;True
79497;7;12;5;True
79498;3;9;6;True
79499;8;12;4;True
79500;2;2;0;True
79501;5;16;11;True
79502;6;12;6;True
79503;7;12;5;True
79504;4;9;5;True
79505;2;2;0;True
79506;2;2;0;True
79507;5;12;7;True
79508;5;12;7;True
79509;0;0;0;True
79510;6;16;10;True
79511;4;6;2;True
79512;5;12;7;True
79513;2;4;2;True
79514;2;2;0;True
79515;7;12;5;True
79516;4;6;2;True
79517;2;4;2;True
79518;2;4;2;True
79519;6;12;6;True
79520;8;12;4;True
79521;2;4;2;True
79522;6;12;6;True
79523;5;9;4;True
79524;8;16;8;True
79525;1;1;0;True
79526;4;12;8;True
79527;3;4;1;True
79528;1;1;0;True
79529;7;12;5;True
79530;3;6;3;True
79531;5;12;7;True
79532;7;16;9;True
79533;2;2;0;True
79534;1;1;0;True
79535;4;16;12;True
79536;2;4;2;True
79537;2;4;2;True
79538;4;9;5;True
79539;4;8;4;True
79540;6;16;10;True
79541;3;6;3;True
79542;1;1;0;True
79543;6;8;2;True
79544;4;6;2;True
79545;5;12;7;True
79546;6;8;2;True
79547;4;9;5;True
79548;3;4;1;True
79549;2;4;2;True
79550;5;9;4;True
79551;6;16;10;True
79552;6;12;6;True
79553;3;6;3;True
79554;3;6;3;True
79555;1;1;0;True
79556;3;6;3;True
79557;4;6;2;True
79558;3;4;1;True
79559;0;0;0;True
79560;2;4;2;True
79561;11;16;5;True
79562;5;12;7;True
79563;1;1;0;True
79564;1;1;0;True
79565;0;0;0;True
79566;5;9;4;True
79567;4;6;2;True
79568;6;9;3;True
79569;7;16;9;True
79570;6;16;10;True
79571;2;2;0;True
79572;4;12;8;True
79573;2;2;0;True
79574;3;9;6;True
79575;4;9;5;True
79576;5;16;11;True
79577;0;0;0;True
79578;4;9;5;True
79579;3;4;1;True
79580;5;16;11;True
79581;2;2;0;True
79582;4;9;5;True
79583;5;9;4;True
79584;0;0;0;True
79585;6;8;2;True
79586;2;2;0;True
79587;2;2;0;True
79588;1;1;0;True
79589;1;1;0;True
79590;4;9;5;True
79591;2;4;2;True
79592;4;12;8;True
79593;2;4;2;True
79594;4;6;2;True
79595;2;2;0;True
79596;4;9;5;True
79597;3;6;3;True
79598;2;4;2;True
79599;4;9;5;True
79600;8;16;8;True
79601;5;9;4;True
79602;5;9;4;True
79603;3;6;3;True
79604;3;6;3;True
79605;4;9;5;True
79606;4;9;5;True
79607;2;4;2;True
79608;7;12;5;True
79609;6;16;10;True
79610;5;12;7;True
79611;4;8;4;True
79612;3;3;0;True
79613;5;12;7;True
79614;2;4;2;True
79615;2;4;2;True
79616;2;2;0;True
79617;3;6;3;True
79618;0;0;0;True
79619;3;9;6;True
79620;6;9;3;True
79621;5;12;7;True
79622;2;2;0;True
79623;6;16;10;True
79624;2;2;0;True
79625;2;4;2;True
79626;3;6;3;True
79627;4;6;2;True
79628;0;0;0;True
79629;3;6;3;True
79630;4;12;8;True
79631;1;1;0;True
79632;2;4;2;True
79633;5;8;3;True
79634;6;16;10;True
79635;6;16;10;True
79636;5;9;4;True
79637;0;0;0;True
79638;7;12;5;True
79639;6;12;6;True
79640;5;8;3;True
79641;7;9;2;True
79642;2;2;0;True
79643;3;6;3;True
79644;5;8;3;True
79645;4;16;12;True
79646;5;16;11;True
79647;0;0;0;True
79648;6;16;10;True
79649;6;16;10;True
79650;3;3;0;True
79651;2;4;2;True
79652;4;8;4;True
79653;1;1;0;True
79654;4;6;2;True
79655;4;9;5;True
79656;2;4;2;True
79657;3;4;1;True
79658;6;16;10;True
79659;5;9;4;True
79660;1;1;0;True
79661;6;16;10;True
79662;7;8;1;True
79663;3;9;6;True
79664;4;12;8;True
79665;4;9;5;True
79666;3;6;3;True
79667;4;6;2;True
79668;2;4;2;True
79669;3;4;1;True
79670;2;2;0;True
79671;7;12;5;True
79672;3;6;3;True
79673;3;6;3;True
79674;1;1;0;True
79675;4;9;5;True
79676;5;12;7;True
79677;0;0;0;True
79678;0;0;0;True
79679;4;4;0;True
79680;3;6;3;True
79681;3;4;1;True
79682;0;0;0;True
79683;4;9;5;True
79684;3;6;3;True
79685;6;12;6;True
79686;1;1;0;True
79687;1;1;0;True
79688;4;6;2;True
79689;5;9;4;True
79690;8;16;8;True
79691;3;6;3;True
79692;7;12;5;True
79693;1;1;0;True
79694;0;0;0;True
79695;1;1;0;True
79696;5;9;4;True
79697;5;12;7;True
79698;1;1;0;True
79699;3;6;3;True
79700;5;12;7;True
79701;3;6;3;True
79702;4;6;2;True
79703;4;6;2;True
79704;5;9;4;True
79705;7;16;9;True
79706;4;12;8;True
79707;7;9;2;True
79708;12;16;4;True
79709;4;6;2;True
79710;3;6;3;True
79711;8;16;8;True
79712;2;2;0;True
79713;3;4;1;True
79714;2;4;2;True
79715;3;6;3;True
79716;2;2;0;True
79717;3;9;6;True
79718;6;12;6;True
79719;6;9;3;True
79720;2;2;0;True
79721;5;9;4;True
79722;3;4;1;True
79723;3;6;3;True
79724;5;12;7;True
79725;3;6;3;True
79726;1;1;0;True
79727;5;12;7;True
79728;3;4;1;True
79729;7;12;5;True
79730;2;4;2;True
79731;3;6;3;True
79732;4;4;0;True
79733;5;12;7;True
79734;2;4;2;True
79735;5;12;7;True
79736;0;0;0;True
79737;5;8;3;True
79738;4;8;4;True
79739;2;2;0;True
79740;6;12;6;True
79741;2;4;2;True
79742;8;16;8;True
79743;8;16;8;True
79744;4;9;5;True
79745;6;12;6;True
79746;1;1;0;True
79747;7;12;5;True
79748;7;9;2;True
79749;5;16;11;True
79750;4;12;8;True
79751;5;6;1;True
79752;4;12;8;True
79753;4;12;8;True
79754;4;6;2;True
79755;2;4;2;True
79756;0;0;0;True
79757;4;12;8;True
79758;6;16;10;True
79759;1;1;0;True
79760;4;12;8;True
79761;9;12;3;True
79762;8;16;8;True
79763;7;12;5;True
79764;4;6;2;True
79765;7;12;5;True
79766;1;1;0;True
79767;4;9;5;True
79768;4;6;2;True
79769;3;9;6;True
79770;2;2;0;True
79771;2;4;2;True
79772;2;4;2;True
79773;6;12;6;True
79774;2;2;0;True
79775;2;4;2;True
79776;6;8;2;True
79777;3;6;3;True
79778;6;9;3;True
79779;1;1;0;True
79780;0;0;0;True
79781;4;8;4;True
79782;3;9;6;True
79783;1;1;0;True
79784;1;1;0;True
79785;9;16;7;True
79786;0;0;0;True
79787;3;9;6;True
79788;5;12;7;True
79789;4;12;8;True
79790;4;12;8;True
79791;2;2;0;True
79792;6;12;6;True
79793;6;12;6;True
79794;5;12;7;True
79795;8;16;8;True
79796;3;6;3;True
79797;4;6;2;True
79798;9;16;7;True
79799;6;12;6;True
79800;8;16;8;True
79801;2;4;2;True
79802;5;16;11;True
79803;1;1;0;True
79804;5;6;1;True
79805;6;9;3;True
79806;7;12;5;True
79807;6;12;6;True
79808;1;1;0;True
79809;4;9;5;True
79810;5;16;11;True
79811;4;9;5;True
79812;3;6;3;True
79813;0;0;0;True
79814;5;8;3;True
79815;5;9;4;True
79816;5;12;7;True
79817;2;4;2;True
79818;3;6;3;True
79819;1;1;0;True
79820;1;1;0;True
79821;6;12;6;True
79822;3;6;3;True
79823;3;6;3;True
79824;3;4;1;True
79825;2;2;0;True
79826;2;4;2;True
79827;5;12;7;True
79828;5;12;7;True
79829;6;12;6;True
79830;2;2;0;True
79831;3;6;3;True
79832;6;12;6;True
79833;7;16;9;True
79834;1;1;0;True
79835;7;12;5;True
79836;7;16;9;True
79837;1;1;0;True
79838;2;4;2;True
79839;7;12;5;True
79840;6;16;10;True
79841;4;8;4;True
79842;4;12;8;True
79843;5;12;7;True
79844;4;6;2;True
79845;4;4;0;True
79846;1;1;0;True
79847;3;6;3;True
79848;5;9;4;True
79849;1;1;0;True
79850;3;6;3;True
79851;6;12;6;True
79852;6;12;6;True
79853;2;4;2;True
79854;6;9;3;True
79855;3;6;3;True
79856;0;0;0;True
79857;2;4;2;True
79858;6;12;6;True
79859;5;9;4;True
79860;3;9;6;True
79861;2;4;2;True
79862;8;16;8;True
79863;1;1;0;True
79864;7;12;5;True
79865;6;12;6;True
79866;5;12;7;True
79867;5;12;7;True
79868;3;6;3;True
79869;6;12;6;True
79870;6;12;6;True
79871;7;12;5;True
79872;7;12;5;True
79873;2;2;0;True
79874;7;12;5;True
79875;7;16;9;True
79876;7;12;5;True
79877;7;16;9;True
79878;4;6;2;True
79879;8;16;8;True
79880;1;1;0;True
79881;0;0;0;True
79882;6;9;3;True
79883;6;12;6;True
79884;1;1;0;True
79885;3;9;6;True
79886;2;4;2;True
79887;5;8;3;True
79888;4;12;8;True
79889;3;4;1;True
79890;2;2;0;True
79891;6;12;6;True
79892;9;16;7;True
79893;0;0;0;True
79894;2;2;0;True
79895;2;4;2;True
79896;3;9;6;True
79897;0;0;0;True
79898;0;0;0;True
79899;5;9;4;True
79900;4;12;8;True
79901;5;9;4;True
79902;3;6;3;True
79903;1;1;0;True
79904;3;4;1;True
79905;1;1;0;True
79906;2;4;2;True
79907;4;9;5;True
79908;2;4;2;True
79909;5;9;4;True
79910;3;4;1;True
79911;3;4;1;True
79912;3;6;3;True
79913;3;6;3;True
79914;4;9;5;True
79915;6;12;6;True
79916;4;9;5;True
79917;6;16;10;True
79918;5;9;4;True
79919;1;1;0;True
79920;1;1;0;True
79921;1;1;0;True
79922;1;1;0;True
79923;2;4;2;True
79924;1;1;0;True
79925;3;4;1;True
79926;0;0;0;True
79927;5;9;4;True
79928;5;9;4;True
79929;7;12;5;True
79930;3;6;3;True
79931;1;1;0;True
79932;0;0;0;True
79933;2;4;2;True
79934;5;9;4;True
79935;3;4;1;True
79936;2;2;0;True
79937;4;8;4;True
79938;2;4;2;True
79939;0;0;0;True
79940;10;16;6;True
79941;3;6;3;True
79942;3;6;3;True
79943;2;4;2;True
79944;7;16;9;True
79945;0;0;0;True
79946;2;2;0;True
79947;2;2;0;True
79948;4;6;2;True
79949;0;0;0;True
79950;5;12;7;True
79951;6;16;10;True
79952;5;9;4;True
79953;1;1;0;True
79954;2;4;2;True
79955;3;6;3;True
79956;4;4;0;True
79957;4;12;8;True
79958;8;16;8;True
79959;7;12;5;True
79960;6;9;3;True
79961;1;1;0;True
79962;5;12;7;True
79963;5;12;7;True
79964;6;16;10;True
79965;4;9;5;True
79966;1;1;0;True
79967;4;9;5;True
79968;6;12;6;True
79969;0;0;0;True
79970;3;3;0;True
79971;2;2;0;True
79972;2;4;2;True
79973;3;6;3;True
79974;5;6;1;True
79975;6;16;10;True
79976;3;6;3;True
79977;3;6;3;True
79978;3;6;3;True
79979;3;9;6;True
79980;6;12;6;True
79981;4;6;2;True
79982;7;12;5;True
79983;5;12;7;True
79984;3;6;3;True
79985;7;12;5;True
79986;4;6;2;True
79987;3;6;3;True
79988;1;1;0;True
79989;3;4;1;True
79990;6;12;6;True
79991;4;6;2;True
79992;3;6;3;True
79993;3;4;1;True
79994;1;1;0;True
79995;4;6;2;True
79996;7;16;9;True
79997;7;12;5;True
79998;3;4;1;True
79999;7;12;5;True
80000;2;4;2;True
80001;3;6;3;True
80002;3;9;6;True
80003;2;2;0;True
80004;3;6;3;True
80005;8;16;8;True
80006;5;12;7;True
80007;5;6;1;True
80008;1;1;0;True
80009;2;4;2;True
80010;6;12;6;True
80011;5;8;3;True
80012;4;9;5;True
80013;4;9;5;True
80014;1;1;0;True
80015;7;16;9;True
80016;7;16;9;True
80017;1;1;0;True
80018;6;12;6;True
80019;8;16;8;True
80020;7;12;5;True
80021;4;6;2;True
80022;8;9;1;True
80023;6;12;6;True
80024;5;9;4;True
80025;1;1;0;True
80026;4;9;5;True
80027;11;16;5;True
80028;3;6;3;True
80029;5;9;4;True
80030;3;6;3;True
80031;3;4;1;True
80032;2;2;0;True
80033;1;1;0;True
80034;3;6;3;True
80035;1;1;0;True
80036;4;9;5;True
80037;7;8;1;True
80038;1;1;0;True
80039;1;1;0;True
80040;5;9;4;True
80041;4;12;8;True
80042;7;16;9;True
80043;7;12;5;True
80044;2;2;0;True
80045;6;9;3;True
80046;2;2;0;True
80047;6;12;6;True
80048;10;16;6;True
80049;1;1;0;True
80050;4;12;8;True
80051;2;2;0;True
80052;9;16;7;True
80053;6;16;10;True
80054;2;4;2;True
80055;3;9;6;True
80056;2;4;2;True
80057;5;9;4;True
80058;3;9;6;True
80059;3;4;1;True
80060;2;4;2;True
80061;5;9;4;True
80062;1;1;0;True
80063;3;6;3;True
80064;6;12;6;True
80065;4;9;5;True
80066;5;9;4;True
80067;0;0;0;True
80068;1;1;0;True
80069;0;0;0;True
80070;5;12;7;True
80071;5;12;7;True
80072;3;9;6;True
80073;4;9;5;True
80074;1;1;0;True
80075;5;9;4;True
80076;4;9;5;True
80077;3;3;0;True
80078;6;12;6;True
80079;1;1;0;True
80080;5;12;7;True
80081;1;1;0;True
80082;5;9;4;True
80083;9;16;7;True
80084;3;4;1;True
80085;2;4;2;True
80086;1;1;0;True
80087;5;16;11;True
80088;0;0;0;True
80089;4;6;2;True
80090;1;1;0;True
80091;5;9;4;True
80092;4;6;2;True
80093;1;1;0;True
80094;7;16;9;True
80095;6;12;6;True
80096;9;16;7;True
80097;3;6;3;True
80098;6;12;6;True
80099;7;12;5;True
80100;4;6;2;True
80101;4;12;8;True
80102;3;6;3;True
80103;5;9;4;True
80104;6;12;6;True
80105;2;2;0;True
80106;5;9;4;True
80107;4;12;8;True
80108;4;6;2;True
80109;0;0;0;True
80110;3;6;3;True
80111;0;0;0;True
80112;6;12;6;True
80113;4;9;5;True
80114;3;6;3;True
80115;4;9;5;True
80116;6;16;10;True
80117;3;4;1;True
80118;5;16;11;True
80119;3;3;0;True
80120;6;16;10;True
80121;6;12;6;True
80122;6;12;6;True
80123;2;4;2;True
80124;5;16;11;True
80125;7;16;9;True
80126;3;6;3;True
80127;1;1;0;True
80128;0;0;0;True
80129;5;8;3;True
80130;1;1;0;True
80131;0;0;0;True
80132;5;12;7;True
80133;4;6;2;True
80134;7;12;5;True
80135;2;2;0;True
80136;3;6;3;True
80137;5;12;7;True
80138;6;12;6;True
80139;0;0;0;True
80140;0;0;0;True
80141;5;12;7;True
80142;6;12;6;True
80143;4;9;5;True
80144;6;12;6;True
80145;1;1;0;True
80146;5;9;4;True
80147;5;9;4;True
80148;5;12;7;True
80149;1;1;0;True
80150;4;6;2;True
80151;1;1;0;True
80152;4;6;2;True
80153;1;1;0;True
80154;3;9;6;True
80155;6;12;6;True
80156;7;16;9;True
80157;7;16;9;True
80158;6;16;10;True
80159;5;9;4;True
80160;7;16;9;True
80161;2;2;0;True
80162;7;16;9;True
80163;7;9;2;True
80164;3;4;1;True
80165;4;9;5;True
80166;0;0;0;True
80167;5;9;4;True
80168;5;9;4;True
80169;2;2;0;True
80170;1;1;0;True
80171;7;16;9;True
80172;2;2;0;True
80173;2;2;0;True
80174;8;16;8;True
80175;0;0;0;True
80176;3;4;1;True
80177;1;1;0;True
80178;5;16;11;True
80179;6;12;6;True
80180;2;4;2;True
80181;0;0;0;True
80182;4;12;8;True
80183;5;9;4;True
80184;3;6;3;True
80185;2;4;2;True
80186;2;2;0;True
80187;1;1;0;True
80188;7;12;5;True
80189;4;12;8;True
80190;4;6;2;True
80191;4;6;2;True
80192;5;12;7;True
80193;7;12;5;True
80194;5;12;7;True
80195;5;6;1;True
80196;3;6;3;True
80197;5;12;7;True
80198;4;8;4;True
80199;9;12;3;True
80200;7;16;9;True
80201;0;0;0;True
80202;5;12;7;True
80203;1;1;0;True
80204;5;9;4;True
80205;0;0;0;True
80206;3;6;3;True
80207;4;9;5;True
80208;3;4;1;True
80209;5;12;7;True
80210;7;16;9;True
80211;2;2;0;True
80212;6;12;6;True
80213;5;12;7;True
80214;3;6;3;True
80215;5;12;7;True
80216;4;9;5;True
80217;3;9;6;True
80218;4;9;5;True
80219;4;9;5;True
80220;3;9;6;True
80221;1;1;0;True
80222;2;4;2;True
80223;1;1;0;True
80224;7;12;5;True
80225;6;9;3;True
80226;4;8;4;True
80227;2;2;0;True
80228;0;0;0;True
80229;3;6;3;True
80230;1;1;0;True
80231;3;6;3;True
80232;5;12;7;True
80233;7;16;9;True
80234;5;9;4;True
80235;3;4;1;True
80236;1;1;0;True
80237;0;0;0;True
80238;0;0;0;True
80239;2;2;0;True
80240;3;6;3;True
80241;2;4;2;True
80242;7;16;9;True
80243;3;4;1;True
80244;2;4;2;True
80245;3;9;6;True
80246;5;6;1;True
80247;2;4;2;True
80248;1;1;0;True
80249;5;12;7;True
80250;3;4;1;True
80251;2;4;2;True
80252;2;2;0;True
80253;3;6;3;True
80254;5;12;7;True
80255;1;1;0;True
80256;0;0;0;True
80257;3;6;3;True
80258;4;9;5;True
80259;4;6;2;True
80260;4;9;5;True
80261;3;9;6;True
80262;4;9;5;True
80263;4;12;8;True
80264;2;2;0;True
80265;3;6;3;True
80266;4;6;2;True
80267;5;12;7;True
80268;5;8;3;True
80269;1;1;0;True
80270;6;16;10;True
80271;4;9;5;True
80272;4;6;2;True
80273;3;9;6;True
80274;2;4;2;True
80275;3;6;3;True
80276;9;16;7;True
80277;0;0;0;True
80278;2;2;0;True
80279;6;16;10;True
80280;6;16;10;True
80281;0;0;0;True
80282;1;1;0;True
80283;3;6;3;True
80284;4;9;5;True
80285;3;4;1;True
80286;4;6;2;True
80287;3;9;6;True
80288;3;3;0;True
80289;6;16;10;True
80290;5;12;7;True
80291;3;3;0;True
80292;1;1;0;True
80293;4;6;2;True
80294;7;12;5;True
80295;5;9;4;True
80296;4;9;5;True
80297;3;3;0;True
80298;1;1;0;True
80299;6;12;6;True
80300;0;0;0;True
80301;5;12;7;True
80302;5;6;1;True
80303;1;1;0;True
80304;1;1;0;True
80305;4;9;5;True
80306;3;4;1;True
80307;1;1;0;True
80308;8;16;8;True
80309;2;2;0;True
80310;3;4;1;True
80311;0;0;0;True
80312;0;0;0;True
80313;3;6;3;True
80314;3;6;3;True
80315;7;16;9;True
80316;2;2;0;True
80317;2;4;2;True
80318;3;6;3;True
80319;3;9;6;True
80320;3;4;1;True
80321;5;12;7;True
80322;2;4;2;True
80323;2;4;2;True
80324;1;1;0;True
80325;5;16;11;True
80326;6;16;10;True
80327;4;6;2;True
80328;8;12;4;True
80329;7;12;5;True
80330;1;1;0;True
80331;3;3;0;True
80332;3;9;6;True
80333;5;12;7;True
80334;2;4;2;True
80335;5;12;7;True
80336;1;1;0;True
80337;3;6;3;True
80338;4;9;5;True
80339;0;0;0;True
80340;4;6;2;True
80341;5;12;7;True
80342;3;9;6;True
80343;5;12;7;True
80344;3;6;3;True
80345;8;16;8;True
80346;5;12;7;True
80347;2;2;0;True
80348;4;6;2;True
80349;2;4;2;True
80350;7;16;9;True
80351;4;6;2;True
80352;10;16;6;True
80353;5;12;7;True
80354;5;16;11;True
80355;8;16;8;True
80356;14;16;2;True
80357;0;0;0;True
80358;4;9;5;True
80359;5;8;3;True
80360;1;1;0;True
80361;6;12;6;True
80362;8;16;8;True
80363;6;6;0;True
80364;3;6;3;True
80365;1;1;0;True
80366;5;16;11;True
80367;3;3;0;True
80368;6;16;10;True
80369;1;1;0;True
80370;2;4;2;True
80371;3;9;6;True
80372;5;12;7;True
80373;5;9;4;True
80374;4;6;2;True
80375;2;2;0;True
80376;0;0;0;True
80377;3;6;3;True
80378;3;6;3;True
80379;4;9;5;True
80380;0;0;0;True
80381;6;9;3;True
80382;1;1;0;True
80383;5;8;3;True
80384;5;9;4;True
80385;4;9;5;True
80386;4;9;5;True
80387;2;4;2;True
80388;3;6;3;True
80389;5;12;7;True
80390;4;9;5;True
80391;4;6;2;True
80392;6;12;6;True
80393;2;4;2;True
80394;8;16;8;True
80395;3;4;1;True
80396;5;9;4;True
80397;0;0;0;True
80398;4;8;4;True
80399;1;1;0;True
80400;1;1;0;True
80401;1;1;0;True
80402;5;12;7;True
80403;6;12;6;True
80404;3;4;1;True
80405;3;6;3;True
80406;6;12;6;True
80407;5;12;7;True
80408;7;12;5;True
80409;6;12;6;True
80410;1;1;0;True
80411;1;1;0;True
80412;6;12;6;True
80413;5;16;11;True
80414;4;6;2;True
80415;2;4;2;True
80416;2;4;2;True
80417;4;6;2;True
80418;1;1;0;True
80419;3;9;6;True
80420;4;9;5;True
80421;3;9;6;True
80422;7;12;5;True
80423;5;9;4;True
80424;6;16;10;True
80425;4;6;2;True
80426;8;16;8;True
80427;3;6;3;True
80428;2;4;2;True
80429;1;1;0;True
80430;0;0;0;True
80431;3;4;1;True
80432;2;2;0;True
80433;2;2;0;True
80434;3;4;1;True
80435;5;16;11;True
80436;1;1;0;True
80437;2;2;0;True
80438;1;1;0;True
80439;4;8;4;True
80440;5;9;4;True
80441;1;1;0;True
80442;4;9;5;True
80443;7;16;9;True
80444;2;2;0;True
80445;2;2;0;True
80446;5;9;4;True
80447;2;4;2;True
80448;1;1;0;True
80449;2;4;2;True
80450;4;9;5;True
80451;6;12;6;True
80452;4;9;5;True
80453;1;1;0;True
80454;6;16;10;True
80455;0;0;0;True
80456;5;9;4;True
80457;4;9;5;True
80458;4;8;4;True
80459;4;6;2;True
80460;5;9;4;True
80461;1;1;0;True
80462;0;0;0;True
80463;7;12;5;True
80464;4;6;2;True
80465;5;12;7;True
80466;3;6;3;True
80467;5;16;11;True
80468;3;9;6;True
80469;3;6;3;True
80470;4;8;4;True
80471;9;12;3;True
80472;0;0;0;True
80473;2;2;0;True
80474;7;16;9;True
80475;2;4;2;True
80476;3;6;3;True
80477;2;2;0;True
80478;0;0;0;True
80479;5;9;4;True
80480;5;8;3;True
80481;2;4;2;True
80482;5;16;11;True
80483;4;12;8;True
80484;7;12;5;True
80485;4;9;5;True
80486;3;9;6;True
80487;7;12;5;True
80488;5;12;7;True
80489;5;9;4;True
80490;5;12;7;True
80491;2;4;2;True
80492;0;0;0;True
80493;1;1;0;True
80494;1;1;0;True
80495;0;0;0;True
80496;5;12;7;True
80497;6;9;3;True
80498;0;0;0;True
80499;1;1;0;True
80500;1;1;0;True
80501;5;12;7;True
80502;2;2;0;True
80503;1;1;0;True
80504;4;6;2;True
80505;9;16;7;True
80506;2;4;2;True
80507;2;4;2;True
80508;4;6;2;True
80509;3;6;3;True
80510;2;4;2;True
80511;6;8;2;True
80512;4;9;5;True
80513;5;12;7;True
80514;5;9;4;True
80515;6;16;10;True
80516;5;12;7;True
80517;4;9;5;True
80518;7;9;2;True
80519;4;12;8;True
80520;2;4;2;True
80521;9;16;7;True
80522;8;16;8;True
80523;6;12;6;True
80524;2;4;2;True
80525;1;1;0;True
80526;2;4;2;True
80527;5;9;4;True
80528;3;6;3;True
80529;2;4;2;True
80530;4;9;5;True
80531;4;9;5;True
80532;5;12;7;True
80533;5;12;7;True
80534;5;9;4;True
80535;5;12;7;True
80536;7;16;9;True
80537;7;12;5;True
80538;4;6;2;True
80539;2;4;2;True
80540;4;9;5;True
80541;4;6;2;True
80542;0;0;0;True
80543;4;9;5;True
80544;6;16;10;True
80545;5;8;3;True
80546;8;16;8;True
80547;3;6;3;True
80548;3;4;1;True
80549;2;4;2;True
80550;6;12;6;True
80551;6;16;10;True
80552;2;4;2;True
80553;1;1;0;True
80554;2;2;0;True
80555;1;1;0;True
80556;2;4;2;True
80557;2;2;0;True
80558;1;1;0;True
80559;9;16;7;True
80560;8;16;8;True
80561;5;9;4;True
80562;6;9;3;True
80563;7;12;5;True
80564;6;12;6;True
80565;4;12;8;True
80566;8;16;8;True
80567;4;9;5;True
80568;3;3;0;True
80569;5;12;7;True
80570;2;2;0;True
80571;2;2;0;True
80572;8;16;8;True
80573;2;2;0;True
80574;1;1;0;True
80575;4;9;5;True
80576;6;12;6;True
80577;7;16;9;True
80578;5;8;3;True
80579;5;8;3;True
80580;6;16;10;True
80581;5;12;7;True
80582;1;1;0;True
80583;2;4;2;True
80584;3;3;0;True
80585;1;1;0;True
80586;4;12;8;True
80587;3;9;6;True
80588;9;16;7;True
80589;0;0;0;True
80590;4;9;5;True
80591;6;12;6;True
80592;5;16;11;True
80593;4;16;12;True
80594;5;16;11;True
80595;3;6;3;True
80596;0;0;0;True
80597;7;16;9;True
80598;5;8;3;True
80599;4;6;2;True
80600;2;2;0;True
80601;3;9;6;True
80602;6;12;6;True
80603;5;9;4;True
80604;4;9;5;True
80605;5;12;7;True
80606;4;6;2;True
80607;0;0;0;True
80608;2;4;2;True
80609;1;1;0;True
80610;4;9;5;True
80611;2;2;0;True
80612;2;4;2;True
80613;4;8;4;True
80614;5;12;7;True
80615;4;12;8;True
80616;3;4;1;True
80617;4;12;8;True
80618;3;4;1;True
80619;2;4;2;True
80620;7;16;9;True
80621;7;12;5;True
80622;3;4;1;True
80623;6;12;6;True
80624;2;4;2;True
80625;3;6;3;True
80626;2;2;0;True
80627;4;9;5;True
80628;6;8;2;True
80629;7;12;5;True
80630;2;2;0;True
80631;2;2;0;True
80632;3;6;3;True
80633;9;16;7;True
80634;0;0;0;True
80635;6;16;10;True
80636;3;6;3;True
80637;4;8;4;True
80638;4;9;5;True
80639;4;9;5;True
80640;3;6;3;True
80641;1;1;0;True
80642;5;12;7;True
80643;6;16;10;True
80644;2;2;0;True
80645;8;16;8;True
80646;3;6;3;True
80647;8;16;8;True
80648;3;9;6;True
80649;1;1;0;True
80650;4;9;5;True
80651;5;9;4;True
80652;1;1;0;True
80653;4;6;2;True
80654;8;12;4;True
80655;2;4;2;True
80656;4;9;5;True
80657;4;9;5;True
80658;6;12;6;True
80659;4;12;8;True
80660;9;16;7;True
80661;5;12;7;True
80662;3;6;3;True
80663;4;9;5;True
80664;4;9;5;True
80665;4;4;0;True
80666;3;6;3;True
80667;6;9;3;True
80668;3;6;3;True
80669;3;6;3;True
80670;6;9;3;True
80671;0;0;0;True
80672;2;2;0;True
80673;3;9;6;True
80674;2;4;2;True
80675;5;9;4;True
80676;5;6;1;True
80677;5;12;7;True
80678;7;12;5;True
80679;2;4;2;True
80680;8;16;8;True
80681;1;1;0;True
80682;8;16;8;True
80683;3;9;6;True
80684;4;9;5;True
80685;3;6;3;True
80686;4;6;2;True
80687;6;16;10;True
80688;1;1;0;True
80689;0;0;0;True
80690;1;1;0;True
80691;4;6;2;True
80692;4;9;5;True
80693;7;12;5;True
80694;1;1;0;True
80695;4;6;2;True
80696;4;6;2;True
80697;3;4;1;True
80698;2;4;2;True
80699;6;12;6;True
80700;4;6;2;True
80701;4;8;4;True
80702;5;9;4;True
80703;3;6;3;True
80704;3;6;3;True
80705;7;16;9;True
80706;1;1;0;True
80707;1;1;0;True
80708;6;12;6;True
80709;2;2;0;True
80710;0;0;0;True
80711;2;2;0;True
80712;2;4;2;True
80713;4;6;2;True
80714;1;1;0;True
80715;1;1;0;True
80716;3;6;3;True
80717;5;9;4;True
80718;6;12;6;True
80719;3;6;3;True
80720;0;0;0;True
80721;3;6;3;True
80722;2;2;0;True
80723;5;12;7;True
80724;3;6;3;True
80725;3;9;6;True
80726;3;4;1;True
80727;4;8;4;True
80728;7;12;5;True
80729;1;1;0;True
80730;8;16;8;True
80731;4;9;5;True
80732;2;2;0;True
80733;2;2;0;True
80734;3;6;3;True
80735;3;6;3;True
80736;4;12;8;True
80737;9;12;3;True
80738;6;12;6;True
80739;3;4;1;True
80740;3;6;3;True
80741;7;12;5;True
80742;6;12;6;True
80743;3;6;3;True
80744;4;9;5;True
80745;1;1;0;True
80746;2;4;2;True
80747;2;4;2;True
80748;1;1;0;True
80749;7;16;9;True
80750;2;4;2;True
80751;3;4;1;True
80752;6;12;6;True
80753;4;12;8;True
80754;5;9;4;True
80755;2;2;0;True
80756;9;16;7;True
80757;1;1;0;True
80758;5;12;7;True
80759;2;2;0;True
80760;9;16;7;True
80761;1;1;0;True
80762;2;4;2;True
80763;2;2;0;True
80764;0;0;0;True
80765;5;16;11;True
80766;3;6;3;True
80767;4;12;8;True
80768;2;4;2;True
80769;5;8;3;True
80770;1;1;0;True
80771;0;0;0;True
80772;2;2;0;True
80773;5;8;3;True
80774;9;16;7;True
80775;2;4;2;True
80776;4;6;2;True
80777;3;6;3;True
80778;1;1;0;True
80779;4;12;8;True
80780;0;0;0;True
80781;5;12;7;True
80782;3;6;3;True
80783;6;12;6;True
80784;2;2;0;True
80785;7;12;5;True
80786;2;4;2;True
80787;2;4;2;True
80788;1;1;0;True
80789;3;6;3;True
80790;6;8;2;True
80791;1;1;0;True
80792;3;6;3;True
80793;6;12;6;True
80794;4;9;5;True
80795;7;12;5;True
80796;1;1;0;True
80797;6;16;10;True
80798;4;9;5;True
80799;4;8;4;True
80800;1;1;0;True
80801;3;6;3;True
80802;1;1;0;True
80803;3;4;1;True
80804;3;6;3;True
80805;2;2;0;True
80806;2;2;0;True
80807;7;12;5;True
80808;3;6;3;True
80809;2;2;0;True
80810;2;2;0;True
80811;6;16;10;True
80812;2;4;2;True
80813;5;12;7;True
80814;4;9;5;True
80815;2;4;2;True
80816;7;12;5;True
80817;4;12;8;True
80818;1;1;0;True
80819;3;4;1;True
80820;4;6;2;True
80821;6;16;10;True
80822;2;4;2;True
80823;3;4;1;True
80824;8;16;8;True
80825;5;9;4;True
80826;3;4;1;True
80827;1;1;0;True
80828;3;6;3;True
80829;4;9;5;True
80830;4;8;4;True
80831;6;16;10;True
80832;5;12;7;True
80833;9;16;7;True
80834;7;12;5;True
80835;4;6;2;True
80836;4;8;4;True
80837;3;6;3;True
80838;2;4;2;True
80839;5;6;1;True
80840;2;4;2;True
80841;2;4;2;True
80842;3;4;1;True
80843;1;1;0;True
80844;8;9;1;True
80845;2;4;2;True
80846;3;6;3;True
80847;7;12;5;True
80848;3;6;3;True
80849;8;16;8;True
80850;7;12;5;True
80851;3;6;3;True
80852;4;12;8;True
80853;4;9;5;True
80854;7;16;9;True
80855;8;16;8;True
80856;10;16;6;True
80857;8;16;8;True
80858;3;9;6;True
80859;6;16;10;True
80860;7;16;9;True
80861;4;12;8;True
80862;6;12;6;True
80863;6;16;10;True
80864;2;4;2;True
80865;2;4;2;True
80866;7;16;9;True
80867;3;9;6;True
80868;2;2;0;True
80869;7;12;5;True
80870;4;9;5;True
80871;4;9;5;True
80872;8;16;8;True
80873;4;9;5;True
80874;1;1;0;True
80875;3;4;1;True
80876;2;4;2;True
80877;3;6;3;True
80878;6;8;2;True
80879;2;4;2;True
80880;3;9;6;True
80881;3;4;1;True
80882;4;8;4;True
80883;4;6;2;True
80884;2;4;2;True
80885;6;12;6;True
80886;4;9;5;True
80887;6;9;3;True
80888;3;3;0;True
80889;0;0;0;True
80890;1;1;0;True
80891;5;12;7;True
80892;2;2;0;True
80893;3;9;6;True
80894;4;9;5;True
80895;2;4;2;True
80896;6;12;6;True
80897;8;16;8;True
80898;9;16;7;True
80899;5;9;4;True
80900;2;4;2;True
80901;7;16;9;True
80902;5;12;7;True
80903;3;6;3;True
80904;8;12;4;True
80905;4;6;2;True
80906;7;16;9;True
80907;5;6;1;True
80908;6;16;10;True
80909;1;1;0;True
80910;5;8;3;True
80911;6;12;6;True
80912;4;6;2;True
80913;4;12;8;True
80914;5;16;11;True
80915;2;2;0;True
80916;5;9;4;True
80917;2;2;0;True
80918;5;12;7;True
80919;3;9;6;True
80920;2;2;0;True
80921;2;2;0;True
80922;2;2;0;True
80923;7;16;9;True
80924;1;1;0;True
80925;2;4;2;True
80926;3;4;1;True
80927;4;8;4;True
80928;3;9;6;True
80929;6;12;6;True
80930;5;8;3;True
80931;4;6;2;True
80932;2;4;2;True
80933;7;12;5;True
80934;2;2;0;True
80935;1;1;0;True
80936;1;1;0;True
80937;1;1;0;True
80938;3;4;1;True
80939;1;1;0;True
80940;5;12;7;True
80941;5;12;7;True
80942;4;9;5;True
80943;4;12;8;True
80944;6;12;6;True
80945;5;9;4;True
80946;4;6;2;True
80947;5;12;7;True
80948;4;6;2;True
80949;6;12;6;True
80950;1;1;0;True
80951;6;12;6;True
80952;2;2;0;True
80953;2;2;0;True
80954;2;4;2;True
80955;5;8;3;True
80956;5;12;7;True
80957;5;12;7;True
80958;4;9;5;True
80959;6;16;10;True
80960;1;1;0;True
80961;1;1;0;True
80962;6;12;6;True
80963;7;16;9;True
80964;1;1;0;True
80965;4;6;2;True
80966;5;12;7;True
80967;7;16;9;True
80968;3;9;6;True
80969;6;12;6;True
80970;4;6;2;True
80971;3;4;1;True
80972;3;6;3;True
80973;5;16;11;True
80974;4;6;2;True
80975;2;2;0;True
80976;4;9;5;True
80977;2;2;0;True
80978;0;0;0;True
80979;9;16;7;True
80980;1;1;0;True
80981;2;4;2;True
80982;4;12;8;True
80983;8;16;8;True
80984;7;12;5;True
80985;4;9;5;True
80986;4;8;4;True
80987;12;16;4;True
80988;8;16;8;True
80989;0;0;0;True
80990;4;4;0;True
80991;3;4;1;True
80992;5;16;11;True
80993;1;1;0;True
80994;7;16;9;True
80995;4;9;5;True
80996;4;12;8;True
80997;5;9;4;True
80998;0;0;0;True
80999;6;9;3;True
81000;4;9;5;True
81001;0;0;0;True
81002;4;9;5;True
81003;0;0;0;True
81004;6;9;3;True
81005;4;9;5;True
81006;6;9;3;True
81007;2;2;0;True
81008;1;1;0;True
81009;6;9;3;True
81010;5;12;7;True
81011;4;6;2;True
81012;7;16;9;True
81013;3;9;6;True
81014;5;12;7;True
81015;4;8;4;True
81016;4;6;2;True
81017;4;6;2;True
81018;4;9;5;True
81019;7;12;5;True
81020;3;4;1;True
81021;5;16;11;True
81022;6;12;6;True
81023;0;0;0;True
81024;5;9;4;True
81025;3;6;3;True
81026;4;12;8;True
81027;7;16;9;True
81028;7;16;9;True
81029;1;1;0;True
81030;8;16;8;True
81031;4;12;8;True
81032;6;12;6;True
81033;1;1;0;True
81034;4;4;0;True
81035;7;12;5;True
81036;6;12;6;True
81037;4;8;4;True
81038;2;4;2;True
81039;6;12;6;True
81040;0;0;0;True
81041;5;12;7;True
81042;5;9;4;True
81043;9;12;3;True
81044;5;12;7;True
81045;0;0;0;True
81046;2;2;0;True
81047;1;1;0;True
81048;2;2;0;True
81049;3;6;3;True
81050;6;12;6;True
81051;5;16;11;True
81052;4;6;2;True
81053;8;12;4;True
81054;2;2;0;True
81055;4;12;8;True
81056;0;0;0;True
81057;2;4;2;True
81058;1;1;0;True
81059;4;9;5;True
81060;5;9;4;True
81061;7;12;5;True
81062;4;9;5;True
81063;2;4;2;True
81064;2;4;2;True
81065;7;16;9;True
81066;7;16;9;True
81067;5;9;4;True
81068;8;16;8;True
81069;3;6;3;True
81070;3;6;3;True
81071;2;4;2;True
81072;8;12;4;True
81073;2;4;2;True
81074;5;12;7;True
81075;8;12;4;True
81076;2;4;2;True
81077;3;4;1;True
81078;6;9;3;True
81079;6;12;6;True
81080;8;16;8;True
81081;1;1;0;True
81082;0;0;0;True
81083;2;2;0;True
81084;5;16;11;True
81085;5;12;7;True
81086;1;1;0;True
81087;3;9;6;True
81088;9;16;7;True
81089;3;9;6;True
81090;6;12;6;True
81091;6;12;6;True
81092;5;16;11;True
81093;4;6;2;True
81094;5;9;4;True
81095;3;6;3;True
81096;6;12;6;True
81097;2;4;2;True
81098;2;4;2;True
81099;5;9;4;True
81100;2;4;2;True
81101;6;9;3;True
81102;3;3;0;True
81103;6;12;6;True
81104;3;6;3;True
81105;3;3;0;True
81106;4;6;2;True
81107;4;9;5;True
81108;1;1;0;True
81109;4;9;5;True
81110;1;1;0;True
81111;1;1;0;True
81112;0;0;0;True
81113;9;16;7;True
81114;3;6;3;True
81115;2;2;0;True
81116;6;12;6;True
81117;5;9;4;True
81118;3;4;1;True
81119;7;12;5;True
81120;1;1;0;True
81121;2;4;2;True
81122;2;2;0;True
81123;5;9;4;True
81124;4;6;2;True
81125;6;12;6;True
81126;4;12;8;True
81127;2;4;2;True
81128;0;0;0;True
81129;6;16;10;True
81130;6;16;10;True
81131;2;4;2;True
81132;2;4;2;True
81133;2;4;2;True
81134;8;12;4;True
81135;4;6;2;True
81136;2;4;2;True
81137;7;16;9;True
81138;4;6;2;True
81139;11;16;5;True
81140;1;1;0;True
81141;3;6;3;True
81142;3;9;6;True
81143;1;1;0;True
81144;4;12;8;True
81145;0;0;0;True
81146;5;8;3;True
81147;1;1;0;True
81148;3;6;3;True
81149;5;12;7;True
81150;3;4;1;True
81151;5;16;11;True
81152;4;12;8;True
81153;4;9;5;True
81154;3;6;3;True
81155;3;4;1;True
81156;3;6;3;True
81157;9;16;7;True
81158;7;16;9;True
81159;3;4;1;True
81160;3;9;6;True
81161;5;9;4;True
81162;4;9;5;True
81163;7;12;5;True
81164;2;4;2;True
81165;0;0;0;True
81166;3;9;6;True
81167;1;1;0;True
81168;5;12;7;True
81169;1;1;0;True
81170;6;12;6;True
81171;5;9;4;True
81172;3;6;3;True
81173;2;4;2;True
81174;3;9;6;True
81175;3;9;6;True
81176;7;12;5;True
81177;4;6;2;True
81178;2;4;2;True
81179;1;1;0;True
81180;0;0;0;True
81181;4;9;5;True
81182;5;8;3;True
81183;3;6;3;True
81184;3;6;3;True
81185;2;4;2;True
81186;6;16;10;True
81187;5;12;7;True
81188;2;2;0;True
81189;1;1;0;True
81190;3;9;6;True
81191;5;16;11;True
81192;7;16;9;True
81193;3;4;1;True
81194;3;3;0;True
81195;5;8;3;True
81196;6;12;6;True
81197;7;12;5;True
81198;5;12;7;True
81199;2;4;2;True
81200;5;9;4;True
81201;0;0;0;True
81202;4;6;2;True
81203;4;6;2;True
81204;5;12;7;True
81205;2;4;2;True
81206;5;12;7;True
81207;6;9;3;True
81208;4;6;2;True
81209;6;12;6;True
81210;7;12;5;True
81211;3;3;0;True
81212;5;9;4;True
81213;7;16;9;True
81214;1;1;0;True
81215;8;12;4;True
81216;3;6;3;True
81217;3;9;6;True
81218;6;9;3;True
81219;6;12;6;True
81220;5;12;7;True
81221;4;6;2;True
81222;3;6;3;True
81223;4;12;8;True
81224;5;12;7;True
81225;3;4;1;True
81226;4;6;2;True
81227;6;12;6;True
81228;1;1;0;True
81229;7;12;5;True
81230;1;1;0;True
81231;4;6;2;True
81232;3;9;6;True
81233;1;1;0;True
81234;1;1;0;True
81235;3;9;6;True
81236;5;8;3;True
81237;6;9;3;True
81238;2;2;0;True
81239;3;6;3;True
81240;2;4;2;True
81241;4;6;2;True
81242;3;6;3;True
81243;5;9;4;True
81244;4;6;2;True
81245;2;2;0;True
81246;8;16;8;True
81247;0;0;0;True
81248;2;2;0;True
81249;4;6;2;True
81250;7;16;9;True
81251;4;9;5;True
81252;5;12;7;True
81253;9;16;7;True
81254;1;1;0;True
81255;1;1;0;True
81256;3;6;3;True
81257;3;6;3;True
81258;1;1;0;True
81259;0;0;0;True
81260;7;12;5;True
81261;4;6;2;True
81262;5;12;7;True
81263;3;6;3;True
81264;0;0;0;True
81265;7;12;5;True
81266;4;12;8;True
81267;1;1;0;True
81268;2;4;2;True
81269;8;12;4;True
81270;0;0;0;True
81271;4;6;2;True
81272;5;6;1;True
81273;6;16;10;True
81274;3;6;3;True
81275;5;9;4;True
81276;1;1;0;True
81277;2;4;2;True
81278;3;4;1;True
81279;4;12;8;True
81280;6;12;6;True
81281;1;1;0;True
81282;0;0;0;True
81283;2;4;2;True
81284;1;1;0;True
81285;3;3;0;True
81286;7;12;5;True
81287;5;12;7;True
81288;6;12;6;True
81289;2;4;2;True
81290;0;0;0;True
81291;5;12;7;True
81292;4;9;5;True
81293;4;9;5;True
81294;2;4;2;True
81295;5;8;3;True
81296;4;9;5;True
81297;1;1;0;True
81298;3;6;3;True
81299;4;6;2;True
81300;4;12;8;True
81301;4;6;2;True
81302;3;9;6;True
81303;3;6;3;True
81304;6;12;6;True
81305;5;9;4;True
81306;4;6;2;True
81307;2;4;2;True
81308;4;6;2;True
81309;4;6;2;True
81310;8;12;4;True
81311;6;12;6;True
81312;6;9;3;True
81313;2;4;2;True
81314;10;16;6;True
81315;1;1;0;True
81316;0;0;0;True
81317;2;4;2;True
81318;6;16;10;True
81319;6;12;6;True
81320;6;12;6;True
81321;6;12;6;True
81322;6;16;10;True
81323;5;9;4;True
81324;5;8;3;True
81325;1;1;0;True
81326;6;16;10;True
81327;2;2;0;True
81328;7;16;9;True
81329;1;1;0;True
81330;5;6;1;True
81331;6;9;3;True
81332;4;6;2;True
81333;2;4;2;True
81334;3;4;1;True
81335;3;4;1;True
81336;7;12;5;True
81337;3;9;6;True
81338;2;2;0;True
81339;3;6;3;True
81340;3;4;1;True
81341;1;1;0;True
81342;4;6;2;True
81343;4;6;2;True
81344;4;8;4;True
81345;0;0;0;True
81346;8;16;8;True
81347;8;12;4;True
81348;0;0;0;True
81349;5;9;4;True
81350;1;1;0;True
81351;3;3;0;True
81352;7;12;5;True
81353;0;0;0;True
81354;2;4;2;True
81355;9;16;7;True
81356;4;8;4;True
81357;7;16;9;True
81358;4;6;2;True
81359;3;4;1;True
81360;0;0;0;True
81361;2;4;2;True
81362;1;1;0;True
81363;3;9;6;True
81364;7;16;9;True
81365;6;16;10;True
81366;4;9;5;True
81367;0;0;0;True
81368;4;8;4;True
81369;0;0;0;True
81370;6;16;10;True
81371;7;12;5;True
81372;9;16;7;True
81373;0;0;0;True
81374;6;12;6;True
81375;3;6;3;True
81376;0;0;0;True
81377;2;4;2;True
81378;6;9;3;True
81379;3;6;3;True
81380;1;1;0;True
81381;1;1;0;True
81382;5;12;7;True
81383;2;4;2;True
81384;8;16;8;True
81385;6;16;10;True
81386;3;6;3;True
81387;2;4;2;True
81388;3;4;1;True
81389;6;9;3;True
81390;3;6;3;True
81391;6;8;2;True
81392;3;6;3;True
81393;5;9;4;True
81394;1;1;0;True
81395;0;0;0;True
81396;1;1;0;True
81397;3;6;3;True
81398;7;16;9;True
81399;1;1;0;True
81400;4;9;5;True
81401;6;9;3;True
81402;2;2;0;True
81403;2;4;2;True
81404;3;6;3;True
81405;2;4;2;True
81406;0;0;0;True
81407;7;12;5;True
81408;5;12;7;True
81409;3;6;3;True
81410;1;1;0;True
81411;3;4;1;True
81412;6;12;6;True
81413;0;0;0;True
81414;3;4;1;True
81415;1;1;0;True
81416;3;3;0;True
81417;1;1;0;True
81418;2;4;2;True
81419;1;1;0;True
81420;4;9;5;True
81421;7;16;9;True
81422;2;2;0;True
81423;0;0;0;True
81424;5;9;4;True
81425;6;12;6;True
81426;1;1;0;True
81427;3;6;3;True
81428;2;2;0;True
81429;1;1;0;True
81430;4;9;5;True
81431;3;9;6;True
81432;6;9;3;True
81433;4;12;8;True
81434;5;9;4;True
81435;4;9;5;True
81436;2;4;2;True
81437;1;1;0;True
81438;2;2;0;True
81439;3;6;3;True
81440;2;4;2;True
81441;1;1;0;True
81442;5;12;7;True
81443;5;12;7;True
81444;3;9;6;True
81445;1;1;0;True
81446;5;12;7;True
81447;2;4;2;True
81448;1;1;0;True
81449;1;1;0;True
81450;7;12;5;True
81451;2;4;2;True
81452;3;9;6;True
81453;6;12;6;True
81454;3;9;6;True
81455;1;1;0;True
81456;2;2;0;True
81457;2;4;2;True
81458;3;9;6;True
81459;5;12;7;True
81460;7;12;5;True
81461;7;16;9;True
81462;1;1;0;True
81463;7;16;9;True
81464;1;1;0;True
81465;4;9;5;True
81466;0;0;0;True
81467;3;6;3;True
81468;3;9;6;True
81469;3;4;1;True
81470;3;6;3;True
81471;1;1;0;True
81472;8;16;8;True
81473;7;12;5;True
81474;5;8;3;True
81475;3;6;3;True
81476;1;1;0;True
81477;6;12;6;True
81478;5;12;7;True
81479;6;9;3;True
81480;2;4;2;True
81481;5;12;7;True
81482;7;12;5;True
81483;6;9;3;True
81484;1;1;0;True
81485;3;6;3;True
81486;5;16;11;True
81487;5;9;4;True
81488;6;12;6;True
81489;0;0;0;True
81490;5;9;4;True
81491;1;1;0;True
81492;4;9;5;True
81493;3;4;1;True
81494;5;12;7;True
81495;0;0;0;True
81496;1;1;0;True
81497;4;9;5;True
81498;1;1;0;True
81499;1;1;0;True
81500;9;16;7;True
81501;3;4;1;True
81502;10;16;6;True
81503;2;4;2;True
81504;4;12;8;True
81505;1;1;0;True
81506;7;9;2;True
81507;4;9;5;True
81508;9;16;7;True
81509;3;9;6;True
81510;3;9;6;True
81511;2;2;0;True
81512;10;16;6;True
81513;7;16;9;True
81514;5;12;7;True
81515;0;0;0;True
81516;8;16;8;True
81517;3;6;3;True
81518;0;0;0;True
81519;2;4;2;True
81520;6;12;6;True
81521;1;1;0;True
81522;1;1;0;True
81523;7;12;5;True
81524;6;12;6;True
81525;6;12;6;True
81526;4;9;5;True
81527;1;1;0;True
81528;4;6;2;True
81529;0;0;0;True
81530;2;2;0;True
81531;3;6;3;True
81532;2;4;2;True
81533;2;4;2;True
81534;8;12;4;True
81535;6;12;6;True
81536;3;4;1;True
81537;8;16;8;True
81538;4;9;5;True
81539;7;16;9;True
81540;2;4;2;True
81541;5;9;4;True
81542;3;9;6;True
81543;0;0;0;True
81544;2;4;2;True
81545;6;16;10;True
81546;0;0;0;True
81547;8;12;4;True
81548;0;0;0;True
81549;5;9;4;True
81550;5;16;11;True
81551;2;4;2;True
81552;2;4;2;True
81553;6;16;10;True
81554;5;16;11;True
81555;1;1;0;True
81556;3;6;3;True
81557;6;12;6;True
81558;0;0;0;True
81559;2;2;0;True
81560;3;6;3;True
81561;2;4;2;True
81562;4;4;0;True
81563;1;1;0;True
81564;3;9;6;True
81565;3;3;0;True
81566;3;6;3;True
81567;5;9;4;True
81568;0;0;0;True
81569;1;1;0;True
81570;4;6;2;True
81571;2;2;0;True
81572;1;1;0;True
81573;3;4;1;True
81574;0;0;0;True
81575;3;6;3;True
81576;2;2;0;True
81577;7;16;9;True
81578;1;1;0;True
81579;1;1;0;True
81580;3;9;6;True
81581;3;6;3;True
81582;4;6;2;True
81583;0;0;0;True
81584;2;4;2;True
81585;1;1;0;True
81586;1;1;0;True
81587;3;4;1;True
81588;1;1;0;True
81589;4;4;0;True
81590;8;16;8;True
81591;5;9;4;True
81592;1;1;0;True
81593;3;4;1;True
81594;2;4;2;True
81595;7;16;9;True
81596;1;1;0;True
81597;6;12;6;True
81598;2;4;2;True
81599;6;9;3;True
81600;4;6;2;True
81601;2;2;0;True
81602;5;9;4;True
81603;1;1;0;True
81604;3;6;3;True
81605;9;16;7;True
81606;5;8;3;True
81607;3;6;3;True
81608;1;1;0;True
81609;2;2;0;True
81610;5;12;7;True
81611;8;16;8;True
81612;4;6;2;True
81613;11;16;5;True
81614;2;2;0;True
81615;3;4;1;True
81616;3;6;3;True
81617;3;6;3;True
81618;3;9;6;True
81619;4;9;5;True
81620;1;1;0;True
81621;2;4;2;True
81622;1;1;0;True
81623;3;6;3;True
81624;5;9;4;True
81625;7;9;2;True
81626;5;9;4;True
81627;5;9;4;True
81628;4;8;4;True
81629;0;0;0;True
81630;2;2;0;True
81631;4;6;2;True
81632;0;0;0;True
81633;10;16;6;True
81634;5;12;7;True
81635;2;2;0;True
81636;0;0;0;True
81637;3;3;0;True
81638;8;16;8;True
81639;4;12;8;True
81640;0;0;0;True
81641;4;9;5;True
81642;2;4;2;True
81643;5;16;11;True
81644;2;2;0;True
81645;7;16;9;True
81646;7;12;5;True
81647;4;6;2;True
81648;0;0;0;True
81649;7;16;9;True
81650;5;9;4;True
81651;3;9;6;True
81652;5;9;4;True
81653;1;1;0;True
81654;3;6;3;True
81655;4;12;8;True
81656;1;1;0;True
81657;7;16;9;True
81658;3;9;6;True
81659;2;2;0;True
81660;5;12;7;True
81661;0;0;0;True
81662;2;2;0;True
81663;1;1;0;True
81664;5;6;1;True
81665;7;16;9;True
81666;4;8;4;True
81667;3;4;1;True
81668;4;9;5;True
81669;3;6;3;True
81670;5;8;3;True
81671;3;6;3;True
81672;2;4;2;True
81673;2;4;2;True
81674;5;9;4;True
81675;4;4;0;True
81676;2;4;2;True
81677;4;9;5;True
81678;1;1;0;True
81679;3;9;6;True
81680;3;6;3;True
81681;4;12;8;True
81682;7;12;5;True
81683;2;4;2;True
81684;4;6;2;True
81685;3;4;1;True
81686;2;2;0;True
81687;0;0;0;True
81688;4;6;2;True
81689;3;6;3;True
81690;3;4;1;True
81691;7;12;5;True
81692;6;12;6;True
81693;3;4;1;True
81694;5;12;7;True
81695;7;16;9;True
81696;8;16;8;True
81697;3;6;3;True
81698;4;9;5;True
81699;2;4;2;True
81700;1;1;0;True
81701;4;16;12;True
81702;2;4;2;True
81703;2;4;2;True
81704;3;6;3;True
81705;2;2;0;True
81706;4;9;5;True
81707;6;12;6;True
81708;9;16;7;True
81709;2;2;0;True
81710;3;4;1;True
81711;6;12;6;True
81712;5;12;7;True
81713;1;1;0;True
81714;4;16;12;True
81715;3;6;3;True
81716;3;9;6;True
81717;3;6;3;True
81718;2;4;2;True
81719;6;16;10;True
81720;3;6;3;True
81721;2;4;2;True
81722;4;6;2;True
81723;1;1;0;True
81724;5;12;7;True
81725;3;9;6;True
81726;2;4;2;True
81727;2;4;2;True
81728;3;9;6;True
81729;2;4;2;True
81730;1;1;0;True
81731;1;1;0;True
81732;3;9;6;True
81733;5;12;7;True
81734;3;4;1;True
81735;4;9;5;True
81736;5;12;7;True
81737;1;1;0;True
81738;0;0;0;True
81739;4;9;5;True
81740;3;6;3;True
81741;3;6;3;True
81742;4;6;2;True
81743;1;1;0;True
81744;6;16;10;True
81745;5;9;4;True
81746;4;8;4;True
81747;4;6;2;True
81748;5;12;7;True
81749;4;8;4;True
81750;7;12;5;True
81751;4;6;2;True
81752;8;16;8;True
81753;2;4;2;True
81754;6;16;10;True
81755;3;4;1;True
81756;2;4;2;True
81757;0;0;0;True
81758;4;9;5;True
81759;2;4;2;True
81760;0;0;0;True
81761;2;4;2;True
81762;5;9;4;True
81763;2;2;0;True
81764;5;9;4;True
81765;2;4;2;True
81766;3;4;1;True
81767;4;9;5;True
81768;9;16;7;True
81769;0;0;0;True
81770;3;6;3;True
81771;5;9;4;True
81772;2;4;2;True
81773;5;16;11;True
81774;1;1;0;True
81775;2;2;0;True
81776;6;12;6;True
81777;8;16;8;True
81778;3;4;1;True
81779;8;9;1;True
81780;3;4;1;True
81781;2;4;2;True
81782;4;9;5;True
81783;6;16;10;True
81784;6;9;3;True
81785;2;4;2;True
81786;0;0;0;True
81787;3;6;3;True
81788;5;16;11;True
81789;8;16;8;True
81790;1;1;0;True
81791;1;1;0;True
81792;1;1;0;True
81793;7;16;9;True
81794;0;0;0;True
81795;1;1;0;True
81796;1;1;0;True
81797;3;4;1;True
81798;7;16;9;True
81799;5;9;4;True
81800;3;6;3;True
81801;1;1;0;True
81802;7;12;5;True
81803;5;12;7;True
81804;1;1;0;True
81805;2;4;2;True
81806;6;16;10;True
81807;5;12;7;True
81808;1;1;0;True
81809;5;9;4;True
81810;5;8;3;True
81811;7;12;5;True
81812;1;1;0;True
81813;2;4;2;True
81814;4;6;2;True
81815;3;6;3;True
81816;1;1;0;True
81817;3;6;3;True
81818;8;16;8;True
81819;2;4;2;True
81820;3;9;6;True
81821;4;9;5;True
81822;8;12;4;True
81823;3;9;6;True
81824;3;4;1;True
81825;6;16;10;True
81826;4;6;2;True
81827;5;12;7;True
81828;5;9;4;True
81829;5;12;7;True
81830;6;16;10;True
81831;5;9;4;True
81832;3;6;3;True
81833;1;1;0;True
81834;2;4;2;True
81835;0;0;0;True
81836;2;2;0;True
81837;6;12;6;True
81838;2;4;2;True
81839;2;2;0;True
81840;1;1;0;True
81841;2;2;0;True
81842;5;9;4;True
81843;1;1;0;True
81844;3;6;3;True
81845;3;6;3;True
81846;6;16;10;True
81847;2;4;2;True
81848;3;9;6;True
81849;10;16;6;True
81850;5;8;3;True
81851;4;6;2;True
81852;5;12;7;True
81853;2;4;2;True
81854;5;9;4;True
81855;0;0;0;True
81856;7;16;9;True
81857;2;4;2;True
81858;5;12;7;True
81859;7;16;9;True
81860;2;4;2;True
81861;1;1;0;True
81862;9;16;7;True
81863;9;16;7;True
81864;2;2;0;True
81865;4;6;2;True
81866;4;9;5;True
81867;5;16;11;True
81868;3;6;3;True
81869;4;9;5;True
81870;6;12;6;True
81871;5;9;4;True
81872;2;4;2;True
81873;3;4;1;True
81874;2;4;2;True
81875;0;0;0;True
81876;0;0;0;True
81877;0;0;0;True
81878;5;9;4;True
81879;6;16;10;True
81880;1;1;0;True
81881;0;0;0;True
81882;7;12;5;True
81883;4;9;5;True
81884;3;4;1;True
81885;4;6;2;True
81886;4;6;2;True
81887;5;9;4;True
81888;6;16;10;True
81889;5;9;4;True
81890;2;4;2;True
81891;2;2;0;True
81892;4;8;4;True
81893;0;0;0;True
81894;0;0;0;True
81895;5;12;7;True
81896;5;9;4;True
81897;3;6;3;True
81898;2;2;0;True
81899;4;12;8;True
81900;1;1;0;True
81901;6;12;6;True
81902;3;9;6;True
81903;2;4;2;True
81904;2;4;2;True
81905;4;9;5;True
81906;3;4;1;True
81907;2;2;0;True
81908;2;2;0;True
81909;3;3;0;True
81910;3;6;3;True
81911;2;2;0;True
81912;3;6;3;True
81913;5;9;4;True
81914;2;2;0;True
81915;6;16;10;True
81916;6;16;10;True
81917;3;6;3;True
81918;2;4;2;True
81919;3;6;3;True
81920;2;2;0;True
81921;6;12;6;True
81922;2;4;2;True
81923;4;9;5;True
81924;2;2;0;True
81925;1;1;0;True
81926;3;9;6;True
81927;3;6;3;True
81928;4;8;4;True
81929;6;16;10;True
81930;2;2;0;True
81931;4;9;5;True
81932;2;2;0;True
81933;2;4;2;True
81934;0;0;0;True
81935;3;6;3;True
81936;4;6;2;True
81937;2;2;0;True
81938;0;0;0;True
81939;7;9;2;True
81940;2;4;2;True
81941;0;0;0;True
81942;7;12;5;True
81943;5;6;1;True
81944;2;2;0;True
81945;3;9;6;True
81946;3;6;3;True
81947;2;4;2;True
81948;4;12;8;True
81949;3;9;6;True
81950;3;4;1;True
81951;2;2;0;True
81952;6;12;6;True
81953;8;16;8;True
81954;4;9;5;True
81955;4;6;2;True
81956;5;12;7;True
81957;2;2;0;True
81958;5;12;7;True
81959;7;12;5;True
81960;3;9;6;True
81961;0;0;0;True
81962;6;9;3;True
81963;3;9;6;True
81964;3;6;3;True
81965;3;3;0;True
81966;2;4;2;True
81967;1;1;0;True
81968;1;1;0;True
81969;7;12;5;True
81970;4;9;5;True
81971;5;12;7;True
81972;7;16;9;True
81973;2;4;2;True
81974;5;9;4;True
81975;5;12;7;True
81976;5;9;4;True
81977;3;4;1;True
81978;1;1;0;True
81979;2;2;0;True
81980;4;9;5;True
81981;3;4;1;True
81982;4;12;8;True
81983;3;6;3;True
81984;3;6;3;True
81985;6;16;10;True
81986;2;4;2;True
81987;7;16;9;True
81988;1;1;0;True
81989;5;8;3;True
81990;1;1;0;True
81991;1;1;0;True
81992;3;4;1;True
81993;2;4;2;True
81994;7;9;2;True
81995;3;6;3;True
81996;7;16;9;True
81997;10;16;6;True
81998;0;0;0;True
81999;6;12;6;True
82000;5;8;3;True
82001;2;2;0;True
82002;7;16;9;True
82003;3;6;3;True
82004;2;2;0;True
82005;5;9;4;True
82006;0;0;0;True
82007;1;1;0;True
82008;6;12;6;True
82009;1;1;0;True
82010;3;6;3;True
82011;6;12;6;True
82012;4;12;8;True
82013;8;16;8;True
82014;6;16;10;True
82015;4;12;8;True
82016;3;6;3;True
82017;3;9;6;True
82018;3;6;3;True
82019;6;16;10;True
82020;1;1;0;True
82021;3;6;3;True
82022;5;12;7;True
82023;5;12;7;True
82024;6;12;6;True
82025;3;9;6;True
82026;3;4;1;True
82027;7;12;5;True
82028;2;4;2;True
82029;7;12;5;True
82030;1;1;0;True
82031;5;12;7;True
82032;3;6;3;True
82033;2;2;0;True
82034;1;1;0;True
82035;2;4;2;True
82036;2;4;2;True
82037;3;6;3;True
82038;5;9;4;True
82039;7;12;5;True
82040;3;4;1;True
82041;2;4;2;True
82042;4;12;8;True
82043;4;12;8;True
82044;2;2;0;True
82045;7;16;9;True
82046;3;9;6;True
82047;0;0;0;True
82048;5;9;4;True
82049;3;6;3;True
82050;5;9;4;True
82051;7;12;5;True
82052;3;4;1;True
82053;5;9;4;True
82054;2;2;0;True
82055;1;1;0;True
82056;4;9;5;True
82057;2;4;2;True
82058;5;12;7;True
82059;1;1;0;True
82060;3;6;3;True
82061;9;16;7;True
82062;5;12;7;True
82063;8;16;8;True
82064;3;4;1;True
82065;9;12;3;True
82066;2;2;0;True
82067;1;1;0;True
82068;5;6;1;True
82069;9;16;7;True
82070;8;12;4;True
82071;7;16;9;True
82072;2;2;0;True
82073;4;9;5;True
82074;2;4;2;True
82075;5;9;4;True
82076;0;0;0;True
82077;7;16;9;True
82078;2;4;2;True
82079;8;16;8;True
82080;1;1;0;True
82081;2;4;2;True
82082;4;12;8;True
82083;3;4;1;True
82084;2;4;2;True
82085;2;4;2;True
82086;4;8;4;True
82087;2;4;2;True
82088;3;6;3;True
82089;8;16;8;True
82090;7;12;5;True
82091;5;12;7;True
82092;6;8;2;True
82093;6;16;10;True
82094;8;12;4;True
82095;5;8;3;True
82096;2;4;2;True
82097;2;4;2;True
82098;2;2;0;True
82099;5;12;7;True
82100;3;6;3;True
82101;5;9;4;True
82102;4;9;5;True
82103;3;6;3;True
82104;2;4;2;True
82105;6;12;6;True
82106;6;12;6;True
82107;2;2;0;True
82108;2;4;2;True
82109;4;12;8;True
82110;2;4;2;True
82111;1;1;0;True
82112;2;4;2;True
82113;6;16;10;True
82114;3;6;3;True
82115;4;12;8;True
82116;3;6;3;True
82117;4;9;5;True
82118;8;16;8;True
82119;9;16;7;True
82120;3;4;1;True
82121;3;6;3;True
82122;1;1;0;True
82123;4;9;5;True
82124;5;16;11;True
82125;6;16;10;True
82126;1;1;0;True
82127;7;9;2;True
82128;5;12;7;True
82129;2;4;2;True
82130;5;12;7;True
82131;4;12;8;True
82132;4;9;5;True
82133;12;16;4;True
82134;2;4;2;True
82135;1;1;0;True
82136;2;2;0;True
82137;2;2;0;True
82138;1;1;0;True
82139;1;1;0;True
82140;4;6;2;True
82141;1;1;0;True
82142;3;9;6;True
82143;2;2;0;True
82144;6;12;6;True
82145;4;6;2;True
82146;3;9;6;True
82147;0;0;0;True
82148;7;12;5;True
82149;1;1;0;True
82150;0;0;0;True
82151;5;9;4;True
82152;4;9;5;True
82153;2;4;2;True
82154;6;12;6;True
82155;3;4;1;True
82156;7;12;5;True
82157;7;12;5;True
82158;5;12;7;True
82159;7;16;9;True
82160;3;6;3;True
82161;8;16;8;True
82162;8;12;4;True
82163;1;1;0;True
82164;5;9;4;True
82165;0;0;0;True
82166;6;12;6;True
82167;3;4;1;True
82168;1;1;0;True
82169;3;3;0;True
82170;3;3;0;True
82171;1;1;0;True
82172;3;4;1;True
82173;4;12;8;True
82174;3;6;3;True
82175;4;9;5;True
82176;6;12;6;True
82177;2;4;2;True
82178;0;0;0;True
82179;6;16;10;True
82180;5;9;4;True
82181;5;16;11;True
82182;3;4;1;True
82183;6;12;6;True
82184;3;6;3;True
82185;5;8;3;True
82186;0;0;0;True
82187;3;6;3;True
82188;3;6;3;True
82189;5;8;3;True
82190;2;4;2;True
82191;1;1;0;True
82192;2;4;2;True
82193;5;12;7;True
82194;8;12;4;True
82195;2;2;0;True
82196;1;1;0;True
82197;2;2;0;True
82198;7;16;9;True
82199;4;4;0;True
82200;0;0;0;True
82201;2;2;0;True
82202;5;12;7;True
82203;9;16;7;True
82204;1;1;0;True
82205;4;6;2;True
82206;3;6;3;True
82207;2;4;2;True
82208;6;12;6;True
82209;5;12;7;True
82210;2;4;2;True
82211;4;9;5;True
82212;3;9;6;True
82213;3;4;1;True
82214;1;1;0;True
82215;7;12;5;True
82216;5;12;7;True
82217;2;4;2;True
82218;5;12;7;True
82219;2;4;2;True
82220;9;12;3;True
82221;7;12;5;True
82222;2;4;2;True
82223;1;1;0;True
82224;1;1;0;True
82225;4;9;5;True
82226;1;1;0;True
82227;5;12;7;True
82228;3;3;0;True
82229;1;1;0;True
82230;6;12;6;True
82231;5;9;4;True
82232;3;6;3;True
82233;4;9;5;True
82234;3;6;3;True
82235;9;16;7;True
82236;0;0;0;True
82237;1;1;0;True
82238;5;9;4;True
82239;6;12;6;True
82240;1;1;0;True
82241;7;16;9;True
82242;10;16;6;True
82243;3;6;3;True
82244;4;9;5;True
82245;5;9;4;True
82246;6;12;6;True
82247;5;8;3;True
82248;6;12;6;True
82249;2;2;0;True
82250;0;0;0;True
82251;6;12;6;True
82252;5;12;7;True
82253;3;9;6;True
82254;2;4;2;True
82255;5;12;7;True
82256;7;12;5;True
82257;6;16;10;True
82258;3;6;3;True
82259;3;9;6;True
82260;3;6;3;True
82261;4;8;4;True
82262;0;0;0;True
82263;3;9;6;True
82264;2;4;2;True
82265;7;16;9;True
82266;7;12;5;True
82267;2;4;2;True
82268;8;16;8;True
82269;3;4;1;True
82270;5;6;1;True
82271;4;4;0;True
82272;1;1;0;True
82273;6;16;10;True
82274;2;4;2;True
82275;3;6;3;True
82276;1;1;0;True
82277;5;12;7;True
82278;1;1;0;True
82279;0;0;0;True
82280;5;12;7;True
82281;3;3;0;True
82282;2;4;2;True
82283;4;6;2;True
82284;2;4;2;True
82285;6;12;6;True
82286;5;6;1;True
82287;4;6;2;True
82288;1;1;0;True
82289;3;6;3;True
82290;2;2;0;True
82291;5;12;7;True
82292;2;2;0;True
82293;6;9;3;True
82294;4;8;4;True
82295;7;12;5;True
82296;3;3;0;True
82297;1;1;0;True
82298;2;4;2;True
82299;2;2;0;True
82300;4;6;2;True
82301;5;12;7;True
82302;7;16;9;True
82303;1;1;0;True
82304;3;6;3;True
82305;0;0;0;True
82306;6;12;6;True
82307;3;6;3;True
82308;3;6;3;True
82309;8;16;8;True
82310;4;9;5;True
82311;3;6;3;True
82312;5;12;7;True
82313;1;1;0;True
82314;1;1;0;True
82315;1;1;0;True
82316;3;4;1;True
82317;0;0;0;True
82318;2;4;2;True
82319;1;1;0;True
82320;4;8;4;True
82321;1;1;0;True
82322;4;9;5;True
82323;7;16;9;True
82324;3;6;3;True
82325;2;2;0;True
82326;4;6;2;True
82327;4;6;2;True
82328;6;12;6;True
82329;4;9;5;True
82330;6;8;2;True
82331;4;6;2;True
82332;1;1;0;True
82333;10;16;6;True
82334;0;0;0;True
82335;8;16;8;True
82336;3;4;1;True
82337;5;12;7;True
82338;4;6;2;True
82339;2;4;2;True
82340;4;9;5;True
82341;10;12;2;True
82342;3;4;1;True
82343;3;6;3;True
82344;4;9;5;True
82345;0;0;0;True
82346;4;6;2;True
82347;1;1;0;True
82348;6;12;6;True
82349;1;1;0;True
82350;1;1;0;True
82351;2;2;0;True
82352;7;16;9;True
82353;4;9;5;True
82354;5;12;7;True
82355;4;6;2;True
82356;5;9;4;True
82357;0;0;0;True
82358;9;16;7;True
82359;6;9;3;True
82360;3;6;3;True
82361;2;4;2;True
82362;3;9;6;True
82363;8;16;8;True
82364;5;12;7;True
82365;6;12;6;True
82366;9;16;7;True
82367;0;0;0;True
82368;1;1;0;True
82369;5;12;7;True
82370;3;9;6;True
82371;7;16;9;True
82372;3;9;6;True
82373;8;16;8;True
82374;3;6;3;True
82375;4;6;2;True
82376;2;2;0;True
82377;5;9;4;True
82378;2;2;0;True
82379;1;1;0;True
82380;7;16;9;True
82381;3;6;3;True
82382;2;2;0;True
82383;3;4;1;True
82384;10;16;6;True
82385;3;4;1;True
82386;4;12;8;True
82387;2;4;2;True
82388;9;12;3;True
82389;1;1;0;True
82390;9;16;7;True
82391;6;12;6;True
82392;8;16;8;True
82393;3;6;3;True
82394;1;1;0;True
82395;0;0;0;True
82396;5;12;7;True
82397;5;9;4;True
82398;7;16;9;True
82399;1;1;0;True
82400;6;12;6;True
82401;3;4;1;True
82402;1;1;0;True
82403;3;6;3;True
82404;2;2;0;True
82405;2;4;2;True
82406;0;0;0;True
82407;4;9;5;True
82408;2;4;2;True
82409;5;12;7;True
82410;6;12;6;True
82411;5;12;7;True
82412;5;6;1;True
82413;1;1;0;True
82414;0;0;0;True
82415;11;16;5;True
82416;2;4;2;True
82417;0;0;0;True
82418;1;1;0;True
82419;2;2;0;True
82420;5;9;4;True
82421;7;12;5;True
82422;5;12;7;True
82423;6;12;6;True
82424;4;12;8;True
82425;8;16;8;True
82426;3;6;3;True
82427;2;4;2;True
82428;1;1;0;True
82429;6;9;3;True
82430;5;12;7;True
82431;2;4;2;True
82432;5;9;4;True
82433;4;6;2;True
82434;1;1;0;True
82435;9;16;7;True
82436;1;1;0;True
82437;2;4;2;True
82438;6;12;6;True
82439;7;12;5;True
82440;8;16;8;True
82441;3;4;1;True
82442;3;6;3;True
82443;3;3;0;True
82444;4;9;5;True
82445;3;4;1;True
82446;2;4;2;True
82447;6;12;6;True
82448;7;12;5;True
82449;7;12;5;True
82450;7;16;9;True
82451;3;6;3;True
82452;0;0;0;True
82453;3;6;3;True
82454;8;12;4;True
82455;5;12;7;True
82456;10;16;6;True
82457;3;6;3;True
82458;5;12;7;True
82459;3;6;3;True
82460;3;6;3;True
82461;3;6;3;True
82462;6;16;10;True
82463;3;6;3;True
82464;3;6;3;True
82465;3;3;0;True
82466;6;16;10;True
82467;8;16;8;True
82468;9;16;7;True
82469;7;16;9;True
82470;7;16;9;True
82471;3;6;3;True
82472;2;2;0;True
82473;3;4;1;True
82474;4;9;5;True
82475;5;9;4;True
82476;6;16;10;True
82477;8;12;4;True
82478;1;1;0;True
82479;5;12;7;True
82480;2;4;2;True
82481;5;9;4;True
82482;5;6;1;True
82483;6;12;6;True
82484;8;16;8;True
82485;5;12;7;True
82486;1;1;0;True
82487;5;9;4;True
82488;5;9;4;True
82489;2;2;0;True
82490;2;4;2;True
82491;6;16;10;True
82492;1;1;0;True
82493;2;4;2;True
82494;2;2;0;True
82495;2;4;2;True
82496;2;4;2;True
82497;5;16;11;True
82498;2;4;2;True
82499;0;0;0;True
82500;7;12;5;True
82501;2;4;2;True
82502;6;9;3;True
82503;8;16;8;True
82504;2;4;2;True
82505;10;16;6;True
82506;1;1;0;True
82507;0;0;0;True
82508;5;9;4;True
82509;9;16;7;True
82510;2;4;2;True
82511;1;1;0;True
82512;3;4;1;True
82513;3;4;1;True
82514;0;0;0;True
82515;7;12;5;True
82516;5;16;11;True
82517;5;9;4;True
82518;3;4;1;True
82519;7;16;9;True
82520;1;1;0;True
82521;1;1;0;True
82522;7;16;9;True
82523;5;12;7;True
82524;4;4;0;True
82525;3;6;3;True
82526;3;6;3;True
82527;5;8;3;True
82528;11;16;5;True
82529;3;6;3;True
82530;5;12;7;True
82531;3;4;1;True
82532;5;9;4;True
82533;7;12;5;True
82534;1;1;0;True
82535;5;12;7;True
82536;6;12;6;True
82537;5;12;7;True
82538;8;16;8;True
82539;5;8;3;True
82540;4;9;5;True
82541;10;16;6;True
82542;1;1;0;True
82543;5;9;4;True
82544;1;1;0;True
82545;2;4;2;True
82546;6;16;10;True
82547;5;9;4;True
82548;3;4;1;True
82549;7;16;9;True
82550;2;2;0;True
82551;2;4;2;True
82552;3;6;3;True
82553;3;6;3;True
82554;3;4;1;True
82555;3;6;3;True
82556;5;9;4;True
82557;8;12;4;True
82558;2;2;0;True
82559;9;16;7;True
82560;0;0;0;True
82561;0;0;0;True
82562;2;4;2;True
82563;2;4;2;True
82564;3;4;1;True
82565;5;9;4;True
82566;2;4;2;True
82567;6;9;3;True
82568;4;9;5;True
82569;1;1;0;True
82570;2;4;2;True
82571;3;6;3;True
82572;5;9;4;True
82573;2;4;2;True
82574;2;2;0;True
82575;9;16;7;True
82576;5;9;4;True
82577;1;1;0;True
82578;4;12;8;True
82579;2;4;2;True
82580;7;16;9;True
82581;6;12;6;True
82582;3;3;0;True
82583;2;4;2;True
82584;1;1;0;True
82585;4;12;8;True
82586;6;12;6;True
82587;1;1;0;True
82588;4;16;12;True
82589;5;12;7;True
82590;2;4;2;True
82591;4;9;5;True
82592;1;1;0;True
82593;4;6;2;True
82594;1;1;0;True
82595;7;16;9;True
82596;3;9;6;True
82597;6;12;6;True
82598;1;1;0;True
82599;10;16;6;True
82600;7;12;5;True
82601;9;16;7;True
82602;4;9;5;True
82603;2;4;2;True
82604;3;6;3;True
82605;3;6;3;True
82606;1;1;0;True
82607;3;6;3;True
82608;3;9;6;True
82609;7;12;5;True
82610;3;6;3;True
82611;5;12;7;True
82612;3;4;1;True
82613;3;4;1;True
82614;3;6;3;True
82615;3;6;3;True
82616;6;9;3;True
82617;7;16;9;True
82618;5;9;4;True
82619;2;2;0;True
82620;3;6;3;True
82621;6;16;10;True
82622;4;6;2;True
82623;1;1;0;True
82624;4;12;8;True
82625;3;6;3;True
82626;6;16;10;True
82627;2;4;2;True
82628;4;9;5;True
82629;7;12;5;True
82630;7;12;5;True
82631;3;4;1;True
82632;7;16;9;True
82633;3;6;3;True
82634;1;1;0;True
82635;0;0;0;True
82636;3;9;6;True
82637;4;9;5;True
82638;1;1;0;True
82639;2;4;2;True
82640;3;4;1;True
82641;2;4;2;True
82642;2;4;2;True
82643;1;1;0;True
82644;3;6;3;True
82645;1;1;0;True
82646;3;6;3;True
82647;4;12;8;True
82648;1;1;0;True
82649;4;6;2;True
82650;5;12;7;True
82651;3;6;3;True
82652;3;9;6;True
82653;7;12;5;True
82654;4;9;5;True
82655;1;1;0;True
82656;4;6;2;True
82657;0;0;0;True
82658;7;16;9;True
82659;1;1;0;True
82660;7;16;9;True
82661;1;1;0;True
82662;4;9;5;True
82663;4;6;2;True
82664;4;6;2;True
82665;6;12;6;True
82666;5;16;11;True
82667;2;2;0;True
82668;2;4;2;True
82669;0;0;0;True
82670;3;4;1;True
82671;3;4;1;True
82672;3;6;3;True
82673;7;16;9;True
82674;1;1;0;True
82675;2;4;2;True
82676;4;6;2;True
82677;4;6;2;True
82678;5;12;7;True
82679;2;4;2;True
82680;0;0;0;True
82681;3;4;1;True
82682;0;0;0;True
82683;7;16;9;True
82684;0;0;0;True
82685;3;6;3;True
82686;2;4;2;True
82687;1;1;0;True
82688;0;0;0;True
82689;0;0;0;True
82690;4;8;4;True
82691;4;6;2;True
82692;2;2;0;True
82693;7;12;5;True
82694;9;16;7;True
82695;7;16;9;True
82696;3;9;6;True
82697;5;9;4;True
82698;6;8;2;True
82699;0;0;0;True
82700;1;1;0;True
82701;3;6;3;True
82702;0;0;0;True
82703;5;16;11;True
82704;7;12;5;True
82705;2;2;0;True
82706;7;12;5;True
82707;2;2;0;True
82708;1;1;0;True
82709;3;6;3;True
82710;6;12;6;True
82711;6;12;6;True
82712;4;6;2;True
82713;1;1;0;True
82714;2;4;2;True
82715;4;12;8;True
82716;6;12;6;True
82717;2;2;0;True
82718;4;6;2;True
82719;5;12;7;True
82720;4;6;2;True
82721;4;6;2;True
82722;5;8;3;True
82723;3;4;1;True
82724;9;16;7;True
82725;1;1;0;True
82726;5;12;7;True
82727;0;0;0;True
82728;3;9;6;True
82729;2;2;0;True
82730;3;6;3;True
82731;2;4;2;True
82732;8;16;8;True
82733;6;12;6;True
82734;4;9;5;True
82735;5;9;4;True
82736;4;12;8;True
82737;1;1;0;True
82738;2;4;2;True
82739;2;4;2;True
82740;6;12;6;True
82741;5;9;4;True
82742;2;4;2;True
82743;3;6;3;True
82744;5;12;7;True
82745;5;9;4;True
82746;4;6;2;True
82747;3;9;6;True
82748;2;4;2;True
82749;8;16;8;True
82750;1;1;0;True
82751;8;16;8;True
82752;5;12;7;True
82753;4;8;4;True
82754;3;4;1;True
82755;2;4;2;True
82756;1;1;0;True
82757;4;9;5;True
82758;5;9;4;True
82759;2;4;2;True
82760;3;6;3;True
82761;1;1;0;True
82762;6;12;6;True
82763;7;12;5;True
82764;4;9;5;True
82765;1;1;0;True
82766;9;16;7;True
82767;5;12;7;True
82768;3;4;1;True
82769;2;2;0;True
82770;6;12;6;True
82771;3;6;3;True
82772;5;12;7;True
82773;2;4;2;True
82774;2;4;2;True
82775;6;12;6;True
82776;7;12;5;True
82777;4;6;2;True
82778;6;12;6;True
82779;6;12;6;True
82780;4;9;5;True
82781;1;1;0;True
82782;5;12;7;True
82783;3;9;6;True
82784;1;1;0;True
82785;0;0;0;True
82786;5;12;7;True
82787;5;9;4;True
82788;2;2;0;True
82789;3;4;1;True
82790;1;1;0;True
82791;1;1;0;True
82792;4;9;5;True
82793;2;2;0;True
82794;4;9;5;True
82795;2;2;0;True
82796;2;2;0;True
82797;5;12;7;True
82798;2;4;2;True
82799;3;3;0;True
82800;5;9;4;True
82801;5;9;4;True
82802;4;6;2;True
82803;6;9;3;True
82804;6;9;3;True
82805;2;4;2;True
82806;9;16;7;True
82807;3;9;6;True
82808;5;12;7;True
82809;1;1;0;True
82810;0;0;0;True
82811;4;12;8;True
82812;3;6;3;True
82813;4;9;5;True
82814;5;12;7;True
82815;2;4;2;True
82816;3;4;1;True
82817;3;6;3;True
82818;7;12;5;True
82819;1;1;0;True
82820;0;0;0;True
82821;4;6;2;True
82822;6;16;10;True
82823;1;1;0;True
82824;2;2;0;True
82825;1;1;0;True
82826;1;1;0;True
82827;1;1;0;True
82828;4;12;8;True
82829;3;6;3;True
82830;4;9;5;True
82831;3;9;6;True
82832;3;9;6;True
82833;1;1;0;True
82834;2;4;2;True
82835;5;12;7;True
82836;0;0;0;True
82837;6;12;6;True
82838;0;0;0;True
82839;3;4;1;True
82840;7;12;5;True
82841;8;16;8;True
82842;3;6;3;True
82843;6;12;6;True
82844;2;4;2;True
82845;3;4;1;True
82846;5;9;4;True
82847;3;9;6;True
82848;1;1;0;True
82849;2;2;0;True
82850;2;2;0;True
82851;7;12;5;True
82852;5;9;4;True
82853;2;2;0;True
82854;1;1;0;True
82855;5;16;11;True
82856;3;4;1;True
82857;0;0;0;True
82858;5;12;7;True
82859;3;9;6;True
82860;4;6;2;True
82861;2;4;2;True
82862;3;6;3;True
82863;6;12;6;True
82864;5;12;7;True
82865;6;12;6;True
82866;2;4;2;True
82867;5;12;7;True
82868;3;4;1;True
82869;7;16;9;True
82870;7;16;9;True
82871;2;2;0;True
82872;5;9;4;True
82873;1;1;0;True
82874;5;9;4;True
82875;5;9;4;True
82876;5;9;4;True
82877;3;9;6;True
82878;2;2;0;True
82879;1;1;0;True
82880;4;12;8;True
82881;5;6;1;True
82882;3;9;6;True
82883;5;12;7;True
82884;3;3;0;True
82885;4;8;4;True
82886;2;2;0;True
82887;3;6;3;True
82888;5;16;11;True
82889;9;16;7;True
82890;7;9;2;True
82891;3;4;1;True
82892;1;1;0;True
82893;5;9;4;True
82894;8;16;8;True
82895;2;4;2;True
82896;8;16;8;True
82897;6;16;10;True
82898;4;8;4;True
82899;10;16;6;True
82900;4;9;5;True
82901;5;9;4;True
82902;3;9;6;True
82903;2;4;2;True
82904;1;1;0;True
82905;8;12;4;True
82906;7;16;9;True
82907;4;6;2;True
82908;2;4;2;True
82909;3;6;3;True
82910;2;2;0;True
82911;6;12;6;True
82912;6;12;6;True
82913;6;16;10;True
82914;5;16;11;True
82915;7;16;9;True
82916;2;4;2;True
82917;1;1;0;True
82918;4;9;5;True
82919;8;9;1;True
82920;1;1;0;True
82921;2;4;2;True
82922;1;1;0;True
82923;7;12;5;True
82924;3;6;3;True
82925;1;1;0;True
82926;5;12;7;True
82927;7;12;5;True
82928;2;4;2;True
82929;3;9;6;True
82930;4;9;5;True
82931;2;2;0;True
82932;1;1;0;True
82933;5;9;4;True
82934;3;3;0;True
82935;1;1;0;True
82936;3;4;1;True
82937;3;4;1;True
82938;5;12;7;True
82939;3;6;3;True
82940;3;9;6;True
82941;2;2;0;True
82942;5;12;7;True
82943;3;6;3;True
82944;4;8;4;True
82945;3;9;6;True
82946;3;4;1;True
82947;5;12;7;True
82948;1;1;0;True
82949;1;1;0;True
82950;6;16;10;True
82951;2;2;0;True
82952;7;12;5;True
82953;7;12;5;True
82954;7;16;9;True
82955;3;9;6;True
82956;3;6;3;True
82957;7;12;5;True
82958;3;9;6;True
82959;6;16;10;True
82960;3;9;6;True
82961;3;3;0;True
82962;5;12;7;True
82963;2;2;0;True
82964;6;9;3;True
82965;2;2;0;True
82966;1;1;0;True
82967;3;6;3;True
82968;4;6;2;True
82969;5;12;7;True
82970;6;12;6;True
82971;3;6;3;True
82972;2;2;0;True
82973;2;2;0;True
82974;2;2;0;True
82975;2;2;0;True
82976;5;12;7;True
82977;3;6;3;True
82978;1;1;0;True
82979;4;9;5;True
82980;5;9;4;True
82981;5;9;4;True
82982;2;4;2;True
82983;11;16;5;True
82984;1;1;0;True
82985;5;8;3;True
82986;6;9;3;True
82987;7;16;9;True
82988;5;9;4;True
82989;4;9;5;True
82990;2;4;2;True
82991;3;6;3;True
82992;6;12;6;True
82993;6;16;10;True
82994;3;9;6;True
82995;1;1;0;True
82996;5;9;4;True
82997;4;6;2;True
82998;5;9;4;True
82999;7;16;9;True
83000;3;4;1;True
83001;2;4;2;True
83002;1;1;0;True
83003;4;9;5;True
83004;5;12;7;True
83005;4;6;2;True
83006;7;12;5;True
83007;2;2;0;True
83008;5;12;7;True
83009;3;6;3;True
83010;6;12;6;True
83011;2;2;0;True
83012;3;6;3;True
83013;4;12;8;True
83014;2;4;2;True
83015;5;12;7;True
83016;3;6;3;True
83017;7;12;5;True
83018;9;16;7;True
83019;4;8;4;True
83020;3;6;3;True
83021;5;12;7;True
83022;3;4;1;True
83023;1;1;0;True
83024;0;0;0;True
83025;3;6;3;True
83026;4;9;5;True
83027;5;12;7;True
83028;4;9;5;True
83029;2;4;2;True
83030;1;1;0;True
83031;5;8;3;True
83032;7;12;5;True
83033;8;12;4;True
83034;4;9;5;True
83035;3;6;3;True
83036;0;0;0;True
83037;3;6;3;True
83038;2;4;2;True
83039;5;12;7;True
83040;8;12;4;True
83041;3;3;0;True
83042;3;6;3;True
83043;1;1;0;True
83044;4;9;5;True
83045;2;4;2;True
83046;4;9;5;True
83047;4;9;5;True
83048;8;16;8;True
83049;1;1;0;True
83050;3;6;3;True
83051;6;8;2;True
83052;9;16;7;True
83053;0;0;0;True
83054;4;8;4;True
83055;5;12;7;True
83056;7;16;9;True
83057;10;16;6;True
83058;4;12;8;True
83059;1;1;0;True
83060;2;4;2;True
83061;2;2;0;True
83062;3;4;1;True
83063;11;16;5;True
83064;10;16;6;True
83065;2;4;2;True
83066;3;9;6;True
83067;6;12;6;True
83068;7;12;5;True
83069;4;6;2;True
83070;6;12;6;True
83071;3;6;3;True
83072;9;16;7;True
83073;7;16;9;True
83074;3;4;1;True
83075;4;12;8;True
83076;1;1;0;True
83077;7;16;9;True
83078;2;2;0;True
83079;4;6;2;True
83080;4;12;8;True
83081;2;4;2;True
83082;1;1;0;True
83083;6;9;3;True
83084;10;16;6;True
83085;5;9;4;True
83086;4;9;5;True
83087;4;6;2;True
83088;8;12;4;True
83089;4;8;4;True
83090;7;12;5;True
83091;3;9;6;True
83092;4;9;5;True
83093;0;0;0;True
83094;5;9;4;True
83095;4;6;2;True
83096;2;4;2;True
83097;3;9;6;True
83098;3;6;3;True
83099;9;16;7;True
83100;5;9;4;True
83101;5;12;7;True
83102;4;12;8;True
83103;8;12;4;True
83104;3;9;6;True
83105;7;12;5;True
83106;2;4;2;True
83107;6;12;6;True
83108;2;4;2;True
83109;2;2;0;True
83110;2;4;2;True
83111;3;6;3;True
83112;5;12;7;True
83113;7;12;5;True
83114;2;4;2;True
83115;6;12;6;True
83116;5;9;4;True
83117;5;16;11;True
83118;5;12;7;True
83119;2;4;2;True
83120;3;6;3;True
83121;4;6;2;True
83122;2;4;2;True
83123;6;12;6;True
83124;0;0;0;True
83125;0;0;0;True
83126;5;9;4;True
83127;4;9;5;True
83128;2;4;2;True
83129;0;0;0;True
83130;5;12;7;True
83131;1;1;0;True
83132;2;4;2;True
83133;0;0;0;True
83134;1;1;0;True
83135;2;4;2;True
83136;8;16;8;True
83137;6;8;2;True
83138;10;16;6;True
83139;6;8;2;True
83140;2;4;2;True
83141;3;4;1;True
83142;1;1;0;True
83143;4;6;2;True
83144;4;6;2;True
83145;4;6;2;True
83146;4;6;2;True
83147;0;0;0;True
83148;3;9;6;True
83149;0;0;0;True
83150;10;16;6;True
83151;1;1;0;True
83152;4;6;2;True
83153;4;9;5;True
83154;2;4;2;True
83155;3;4;1;True
83156;6;16;10;True
83157;7;16;9;True
83158;4;9;5;True
83159;6;12;6;True
83160;2;4;2;True
83161;1;1;0;True
83162;2;4;2;True
83163;4;9;5;True
83164;9;16;7;True
83165;1;1;0;True
83166;3;4;1;True
83167;0;0;0;True
83168;6;12;6;True
83169;6;9;3;True
83170;2;2;0;True
83171;4;4;0;True
83172;0;0;0;True
83173;2;4;2;True
83174;5;12;7;True
83175;5;9;4;True
83176;5;9;4;True
83177;10;16;6;True
83178;6;16;10;True
83179;5;12;7;True
83180;8;12;4;True
83181;1;1;0;True
83182;1;1;0;True
83183;2;4;2;True
83184;5;9;4;True
83185;4;6;2;True
83186;6;16;10;True
83187;5;9;4;True
83188;7;12;5;True
83189;3;6;3;True
83190;3;3;0;True
83191;5;12;7;True
83192;3;6;3;True
83193;7;12;5;True
83194;2;4;2;True
83195;2;2;0;True
83196;3;9;6;True
83197;3;6;3;True
83198;8;12;4;True
83199;2;4;2;True
83200;1;1;0;True
83201;2;2;0;True
83202;8;16;8;True
83203;1;1;0;True
83204;3;6;3;True
83205;1;1;0;True
83206;1;1;0;True
83207;3;6;3;True
83208;2;2;0;True
83209;5;9;4;True
83210;1;1;0;True
83211;3;6;3;True
83212;1;1;0;True
83213;2;4;2;True
83214;1;1;0;True
83215;6;12;6;True
83216;3;4;1;True
83217;1;1;0;True
83218;2;4;2;True
83219;5;8;3;True
83220;7;12;5;True
83221;3;6;3;True
83222;4;12;8;True
83223;3;9;6;True
83224;5;12;7;True
83225;1;1;0;True
83226;4;9;5;True
83227;0;0;0;True
83228;3;9;6;True
83229;4;9;5;True
83230;0;0;0;True
83231;6;12;6;True
83232;9;16;7;True
83233;5;9;4;True
83234;4;6;2;True
83235;3;6;3;True
83236;3;6;3;True
83237;4;6;2;True
83238;3;4;1;True
83239;2;4;2;True
83240;2;2;0;True
83241;5;16;11;True
83242;4;6;2;True
83243;3;6;3;True
83244;3;4;1;True
83245;1;1;0;True
83246;2;4;2;True
83247;4;6;2;True
83248;5;12;7;True
83249;3;6;3;True
83250;2;4;2;True
83251;6;16;10;True
83252;2;4;2;True
83253;1;1;0;True
83254;4;9;5;True
83255;2;4;2;True
83256;8;12;4;True
83257;2;4;2;True
83258;0;0;0;True
83259;2;2;0;True
83260;7;16;9;True
83261;5;16;11;True
83262;9;16;7;True
83263;6;12;6;True
83264;5;8;3;True
83265;5;9;4;True
83266;4;6;2;True
83267;5;12;7;True
83268;3;3;0;True
83269;1;1;0;True
83270;8;12;4;True
83271;0;0;0;True
83272;3;6;3;True
83273;7;16;9;True
83274;2;2;0;True
83275;7;16;9;True
83276;4;9;5;True
83277;9;16;7;True
83278;5;9;4;True
83279;4;6;2;True
83280;2;4;2;True
83281;6;16;10;True
83282;2;2;0;True
83283;1;1;0;True
83284;8;16;8;True
83285;0;0;0;True
83286;5;12;7;True
83287;3;4;1;True
83288;4;8;4;True
83289;9;16;7;True
83290;3;6;3;True
83291;7;16;9;True
83292;1;1;0;True
83293;1;1;0;True
83294;5;12;7;True
83295;4;9;5;True
83296;4;12;8;True
83297;4;12;8;True
83298;5;9;4;True
83299;0;0;0;True
83300;0;0;0;True
83301;5;12;7;True
83302;1;1;0;True
83303;6;9;3;True
83304;1;1;0;True
83305;2;2;0;True
83306;3;6;3;True
83307;0;0;0;True
83308;2;4;2;True
83309;4;6;2;True
83310;1;1;0;True
83311;5;12;7;True
83312;5;12;7;True
83313;2;4;2;True
83314;1;1;0;True
83315;3;4;1;True
83316;6;12;6;True
83317;5;9;4;True
83318;4;4;0;True
83319;5;8;3;True
83320;6;8;2;True
83321;5;9;4;True
83322;3;6;3;True
83323;3;6;3;True
83324;2;4;2;True
83325;0;0;0;True
83326;5;12;7;True
83327;7;12;5;True
83328;0;0;0;True
83329;3;6;3;True
83330;5;12;7;True
83331;6;12;6;True
83332;2;4;2;True
83333;1;1;0;True
83334;5;12;7;True
83335;2;4;2;True
83336;6;12;6;True
83337;4;6;2;True
83338;4;6;2;True
83339;7;16;9;True
83340;2;2;0;True
83341;9;16;7;True
83342;2;2;0;True
83343;4;6;2;True
83344;4;9;5;True
83345;5;12;7;True
83346;6;16;10;True
83347;5;9;4;True
83348;4;4;0;True
83349;4;8;4;True
83350;8;16;8;True
83351;2;2;0;True
83352;2;4;2;True
83353;0;0;0;True
83354;2;4;2;True
83355;4;9;5;True
83356;4;9;5;True
83357;7;16;9;True
83358;1;1;0;True
83359;3;6;3;True
83360;2;4;2;True
83361;4;8;4;True
83362;1;1;0;True
83363;5;8;3;True
83364;3;4;1;True
83365;3;9;6;True
83366;8;16;8;True
83367;2;2;0;True
83368;0;0;0;True
83369;3;6;3;True
83370;4;6;2;True
83371;3;9;6;True
83372;2;4;2;True
83373;3;9;6;True
83374;2;4;2;True
83375;4;12;8;True
83376;1;1;0;True
83377;0;0;0;True
83378;2;2;0;True
83379;2;4;2;True
83380;4;6;2;True
83381;8;16;8;True
83382;2;2;0;True
83383;3;9;6;True
83384;3;3;0;True
83385;5;16;11;True
83386;4;12;8;True
83387;3;3;0;True
83388;8;16;8;True
83389;8;12;4;True
83390;5;16;11;True
83391;1;1;0;True
83392;2;2;0;True
83393;0;0;0;True
83394;0;0;0;True
83395;1;1;0;True
83396;7;12;5;True
83397;5;16;11;True
83398;4;6;2;True
83399;4;6;2;True
83400;1;1;0;True
83401;3;9;6;True
83402;8;16;8;True
83403;3;4;1;True
83404;9;12;3;True
83405;3;6;3;True
83406;2;4;2;True
83407;4;8;4;True
83408;2;2;0;True
83409;3;9;6;True
83410;5;9;4;True
83411;10;16;6;True
83412;6;16;10;True
83413;3;6;3;True
83414;4;9;5;True
83415;6;12;6;True
83416;10;16;6;True
83417;4;9;5;True
83418;2;4;2;True
83419;1;1;0;True
83420;6;12;6;True
83421;5;9;4;True
83422;5;12;7;True
83423;2;4;2;True
83424;3;6;3;True
83425;0;0;0;True
83426;4;8;4;True
83427;3;6;3;True
83428;5;8;3;True
83429;2;2;0;True
83430;6;16;10;True
83431;2;4;2;True
83432;5;12;7;True
83433;2;4;2;True
83434;3;3;0;True
83435;5;12;7;True
83436;1;1;0;True
83437;0;0;0;True
83438;4;9;5;True
83439;3;4;1;True
83440;9;16;7;True
83441;9;12;3;True
83442;6;9;3;True
83443;5;8;3;True
83444;3;6;3;True
83445;2;4;2;True
83446;2;2;0;True
83447;5;12;7;True
83448;2;2;0;True
83449;2;4;2;True
83450;4;6;2;True
83451;6;12;6;True
83452;3;6;3;True
83453;3;4;1;True
83454;6;12;6;True
83455;5;9;4;True
83456;4;9;5;True
83457;5;12;7;True
83458;0;0;0;True
83459;3;6;3;True
83460;5;12;7;True
83461;2;2;0;True
83462;8;16;8;True
83463;7;16;9;True
83464;5;12;7;True
83465;4;6;2;True
83466;3;4;1;True
83467;4;6;2;True
83468;5;6;1;True
83469;5;12;7;True
83470;1;1;0;True
83471;2;4;2;True
83472;3;4;1;True
83473;1;1;0;True
83474;3;4;1;True
83475;4;9;5;True
83476;2;2;0;True
83477;7;9;2;True
83478;0;0;0;True
83479;1;1;0;True
83480;0;0;0;True
83481;2;2;0;True
83482;3;4;1;True
83483;4;8;4;True
83484;4;8;4;True
83485;3;6;3;True
83486;3;6;3;True
83487;2;4;2;True
83488;0;0;0;True
83489;2;2;0;True
83490;8;16;8;True
83491;5;6;1;True
83492;6;16;10;True
83493;4;12;8;True
83494;4;4;0;True
83495;3;6;3;True
83496;0;0;0;True
83497;1;1;0;True
83498;3;6;3;True
83499;3;9;6;True
83500;5;12;7;True
83501;2;2;0;True
83502;1;1;0;True
83503;9;16;7;True
83504;3;6;3;True
83505;1;1;0;True
83506;1;1;0;True
83507;1;1;0;True
83508;2;4;2;True
83509;1;1;0;True
83510;5;8;3;True
83511;1;1;0;True
83512;5;12;7;True
83513;2;4;2;True
83514;5;9;4;True
83515;2;4;2;True
83516;2;4;2;True
83517;1;1;0;True
83518;1;1;0;True
83519;6;12;6;True
83520;5;12;7;True
83521;7;9;2;True
83522;2;4;2;True
83523;2;2;0;True
83524;2;2;0;True
83525;1;1;0;True
83526;6;12;6;True
83527;4;6;2;True
83528;1;1;0;True
83529;0;0;0;True
83530;2;2;0;True
83531;5;8;3;True
83532;5;9;4;True
83533;3;6;3;True
83534;3;6;3;True
83535;2;2;0;True
83536;4;6;2;True
83537;3;6;3;True
83538;6;16;10;True
83539;4;6;2;True
83540;3;6;3;True
83541;5;9;4;True
83542;3;4;1;True
83543;2;4;2;True
83544;7;16;9;True
83545;2;2;0;True
83546;2;2;0;True
83547;2;4;2;True
83548;3;6;3;True
83549;0;0;0;True
83550;4;9;5;True
83551;6;12;6;True
83552;3;6;3;True
83553;6;16;10;True
83554;2;2;0;True
83555;3;9;6;True
83556;6;9;3;True
83557;1;1;0;True
83558;5;16;11;True
83559;8;16;8;True
83560;2;4;2;True
83561;0;0;0;True
83562;8;16;8;True
83563;1;1;0;True
83564;6;16;10;True
83565;6;9;3;True
83566;5;12;7;True
83567;2;4;2;True
83568;6;12;6;True
83569;3;6;3;True
83570;5;9;4;True
83571;4;12;8;True
83572;5;9;4;True
83573;3;9;6;True
83574;2;4;2;True
83575;6;16;10;True
83576;5;9;4;True
83577;6;9;3;True
83578;6;12;6;True
83579;5;12;7;True
83580;6;12;6;True
83581;2;2;0;True
83582;4;9;5;True
83583;1;1;0;True
83584;4;6;2;True
83585;6;12;6;True
83586;4;6;2;True
83587;3;6;3;True
83588;1;1;0;True
83589;1;1;0;True
83590;5;9;4;True
83591;0;0;0;True
83592;2;4;2;True
83593;4;9;5;True
83594;10;16;6;True
83595;7;12;5;True
83596;5;12;7;True
83597;5;12;7;True
83598;2;4;2;True
83599;5;12;7;True
83600;4;6;2;True
83601;5;16;11;True
83602;2;2;0;True
83603;0;0;0;True
83604;0;0;0;True
83605;2;2;0;True
83606;4;12;8;True
83607;8;16;8;True
83608;7;16;9;True
83609;2;4;2;True
83610;5;12;7;True
83611;0;0;0;True
83612;2;4;2;True
83613;0;0;0;True
83614;5;16;11;True
83615;3;6;3;True
83616;9;16;7;True
83617;6;12;6;True
83618;1;1;0;True
83619;5;12;7;True
83620;5;8;3;True
83621;5;16;11;True
83622;6;12;6;True
83623;2;2;0;True
83624;8;16;8;True
83625;4;6;2;True
83626;1;1;0;True
83627;5;9;4;True
83628;5;9;4;True
83629;7;16;9;True
83630;2;4;2;True
83631;1;1;0;True
83632;4;12;8;True
83633;4;9;5;True
83634;6;12;6;True
83635;4;12;8;True
83636;7;16;9;True
83637;4;9;5;True
83638;2;4;2;True
83639;3;3;0;True
83640;2;4;2;True
83641;8;16;8;True
83642;0;0;0;True
83643;1;1;0;True
83644;9;16;7;True
83645;6;16;10;True
83646;5;12;7;True
83647;1;1;0;True
83648;4;6;2;True
83649;2;4;2;True
83650;0;0;0;True
83651;4;8;4;True
83652;1;1;0;True
83653;3;3;0;True
83654;4;12;8;True
83655;1;1;0;True
83656;3;6;3;True
83657;6;8;2;True
83658;1;1;0;True
83659;8;16;8;True
83660;5;16;11;True
83661;0;0;0;True
83662;5;12;7;True
83663;8;12;4;True
83664;9;12;3;True
83665;5;6;1;True
83666;7;16;9;True
83667;4;9;5;True
83668;6;12;6;True
83669;4;9;5;True
83670;1;1;0;True
83671;2;2;0;True
83672;6;12;6;True
83673;5;9;4;True
83674;4;12;8;True
83675;2;4;2;True
83676;0;0;0;True
83677;1;1;0;True
83678;2;4;2;True
83679;6;9;3;True
83680;3;6;3;True
83681;10;16;6;True
83682;4;6;2;True
83683;5;8;3;True
83684;2;4;2;True
83685;3;4;1;True
83686;4;16;12;True
83687;7;12;5;True
83688;3;6;3;True
83689;8;16;8;True
83690;3;6;3;True
83691;8;12;4;True
83692;3;6;3;True
83693;3;4;1;True
83694;5;9;4;True
83695;8;16;8;True
83696;2;4;2;True
83697;8;16;8;True
83698;1;1;0;True
83699;5;16;11;True
83700;4;8;4;True
83701;3;6;3;True
83702;5;8;3;True
83703;4;4;0;True
83704;1;1;0;True
83705;2;4;2;True
83706;1;1;0;True
83707;3;9;6;True
83708;1;1;0;True
83709;1;1;0;True
83710;1;1;0;True
83711;4;9;5;True
83712;2;4;2;True
83713;2;2;0;True
83714;5;12;7;True
83715;0;0;0;True
83716;0;0;0;True
83717;5;12;7;True
83718;5;12;7;True
83719;2;4;2;True
83720;4;6;2;True
83721;2;2;0;True
83722;3;9;6;True
83723;3;4;1;True
83724;6;16;10;True
83725;0;0;0;True
83726;4;12;8;True
83727;1;1;0;True
83728;2;2;0;True
83729;3;6;3;True
83730;4;12;8;True
83731;2;4;2;True
83732;6;9;3;True
83733;0;0;0;True
83734;7;12;5;True
83735;1;1;0;True
83736;2;2;0;True
83737;2;4;2;True
83738;5;9;4;True
83739;4;9;5;True
83740;4;9;5;True
83741;4;6;2;True
83742;3;6;3;True
83743;4;9;5;True
83744;3;6;3;True
83745;3;6;3;True
83746;1;1;0;True
83747;5;9;4;True
83748;6;16;10;True
83749;4;6;2;True
83750;4;9;5;True
83751;3;9;6;True
83752;4;9;5;True
83753;2;2;0;True
83754;3;9;6;True
83755;5;16;11;True
83756;6;12;6;True
83757;3;6;3;True
83758;3;6;3;True
83759;4;9;5;True
83760;7;16;9;True
83761;2;4;2;True
83762;2;4;2;True
83763;7;12;5;True
83764;5;12;7;True
83765;3;4;1;True
83766;2;4;2;True
83767;4;12;8;True
83768;8;16;8;True
83769;6;12;6;True
83770;6;16;10;True
83771;7;12;5;True
83772;4;6;2;True
83773;5;12;7;True
83774;7;12;5;True
83775;3;6;3;True
83776;1;1;0;True
83777;3;6;3;True
83778;4;9;5;True
83779;1;1;0;True
83780;3;4;1;True
83781;2;4;2;True
83782;4;9;5;True
83783;4;8;4;True
83784;5;6;1;True
83785;4;9;5;True
83786;4;12;8;True
83787;1;1;0;True
83788;2;2;0;True
83789;3;6;3;True
83790;5;12;7;True
83791;4;9;5;True
83792;4;9;5;True
83793;1;1;0;True
83794;4;8;4;True
83795;1;1;0;True
83796;4;12;8;True
83797;6;12;6;True
83798;2;2;0;True
83799;7;12;5;True
83800;0;0;0;True
83801;1;1;0;True
83802;9;16;7;True
83803;2;4;2;True
83804;2;4;2;True
83805;3;6;3;True
83806;3;6;3;True
83807;6;12;6;True
83808;4;4;0;True
83809;6;16;10;True
83810;7;12;5;True
83811;5;8;3;True
83812;3;6;3;True
83813;4;6;2;True
83814;3;4;1;True
83815;9;16;7;True
83816;4;9;5;True
83817;6;16;10;True
83818;1;1;0;True
83819;2;4;2;True
83820;7;12;5;True
83821;4;12;8;True
83822;1;1;0;True
83823;2;2;0;True
83824;4;9;5;True
83825;6;16;10;True
83826;1;1;0;True
83827;6;16;10;True
83828;4;12;8;True
83829;3;6;3;True
83830;5;9;4;True
83831;3;4;1;True
83832;5;9;4;True
83833;7;12;5;True
83834;1;1;0;True
83835;5;12;7;True
83836;5;12;7;True
83837;7;16;9;True
83838;6;12;6;True
83839;0;0;0;True
83840;1;1;0;True
83841;2;4;2;True
83842;5;6;1;True
83843;2;4;2;True
83844;3;3;0;True
83845;4;6;2;True
83846;3;9;6;True
83847;4;9;5;True
83848;4;9;5;True
83849;2;4;2;True
83850;1;1;0;True
83851;2;4;2;True
83852;4;12;8;True
83853;5;12;7;True
83854;0;0;0;True
83855;4;8;4;True
83856;1;1;0;True
83857;4;9;5;True
83858;2;2;0;True
83859;1;1;0;True
83860;4;6;2;True
83861;5;12;7;True
83862;4;6;2;True
83863;2;2;0;True
83864;4;6;2;True
83865;2;2;0;True
83866;9;16;7;True
83867;6;9;3;True
83868;2;2;0;True
83869;3;6;3;True
83870;3;6;3;True
83871;3;9;6;True
83872;2;4;2;True
83873;2;2;0;True
83874;2;4;2;True
83875;2;4;2;True
83876;6;12;6;True
83877;3;9;6;True
83878;2;4;2;True
83879;0;0;0;True
83880;2;4;2;True
83881;6;9;3;True
83882;8;16;8;True
83883;3;6;3;True
83884;9;16;7;True
83885;3;3;0;True
83886;4;6;2;True
83887;4;8;4;True
83888;1;1;0;True
83889;4;6;2;True
83890;1;1;0;True
83891;4;9;5;True
83892;3;9;6;True
83893;3;4;1;True
83894;7;12;5;True
83895;0;0;0;True
83896;4;6;2;True
83897;0;0;0;True
83898;4;9;5;True
83899;3;6;3;True
83900;5;8;3;True
83901;6;12;6;True
83902;5;12;7;True
83903;1;1;0;True
83904;9;16;7;True
83905;7;16;9;True
83906;5;6;1;True
83907;7;16;9;True
83908;7;16;9;True
83909;1;1;0;True
83910;2;4;2;True
83911;9;12;3;True
83912;5;9;4;True
83913;5;9;4;True
83914;2;4;2;True
83915;1;1;0;True
83916;3;3;0;True
83917;2;2;0;True
83918;6;16;10;True
83919;1;1;0;True
83920;4;6;2;True
83921;6;16;10;True
83922;6;12;6;True
83923;0;0;0;True
83924;3;4;1;True
83925;4;6;2;True
83926;3;4;1;True
83927;5;8;3;True
83928;1;1;0;True
83929;7;12;5;True
83930;5;9;4;True
83931;3;6;3;True
83932;4;9;5;True
83933;4;6;2;True
83934;6;16;10;True
83935;6;16;10;True
83936;3;6;3;True
83937;5;12;7;True
83938;6;12;6;True
83939;8;16;8;True
83940;7;16;9;True
83941;3;6;3;True
83942;0;0;0;True
83943;5;9;4;True
83944;3;4;1;True
83945;3;6;3;True
83946;4;9;5;True
83947;1;1;0;True
83948;3;9;6;True
83949;6;9;3;True
83950;6;16;10;True
83951;6;16;10;True
83952;3;6;3;True
83953;5;16;11;True
83954;4;9;5;True
83955;4;6;2;True
83956;3;6;3;True
83957;0;0;0;True
83958;1;1;0;True
83959;1;1;0;True
83960;7;12;5;True
83961;2;4;2;True
83962;3;9;6;True
83963;5;9;4;True
83964;1;1;0;True
83965;2;4;2;True
83966;6;12;6;True
83967;6;16;10;True
83968;1;1;0;True
83969;8;16;8;True
83970;3;6;3;True
83971;4;8;4;True
83972;4;12;8;True
83973;1;1;0;True
83974;8;12;4;True
83975;8;16;8;True
83976;2;4;2;True
83977;4;9;5;True
83978;3;6;3;True
83979;8;16;8;True
83980;5;12;7;True
83981;3;9;6;True
83982;9;16;7;True
83983;2;4;2;True
83984;1;1;0;True
83985;0;0;0;True
83986;5;8;3;True
83987;5;9;4;True
83988;3;4;1;True
83989;5;12;7;True
83990;5;9;4;True
83991;0;0;0;True
83992;3;6;3;True
83993;5;9;4;True
83994;2;4;2;True
83995;3;6;3;True
83996;5;9;4;True
83997;8;12;4;True
83998;3;4;1;True
83999;8;16;8;True
84000;5;9;4;True
84001;6;12;6;True
84002;6;16;10;True
84003;5;6;1;True
84004;0;0;0;True
84005;3;9;6;True
84006;3;6;3;True
84007;6;16;10;True
84008;0;0;0;True
84009;5;12;7;True
84010;1;1;0;True
84011;2;4;2;True
84012;5;6;1;True
84013;2;4;2;True
84014;9;16;7;True
84015;5;12;7;True
84016;7;16;9;True
84017;5;9;4;True
84018;3;9;6;True
84019;4;9;5;True
84020;2;4;2;True
84021;6;16;10;True
84022;5;12;7;True
84023;9;12;3;True
84024;4;9;5;True
84025;1;1;0;True
84026;4;8;4;True
84027;8;12;4;True
84028;1;1;0;True
84029;8;12;4;True
84030;5;12;7;True
84031;7;12;5;True
84032;2;2;0;True
84033;4;9;5;True
84034;2;2;0;True
84035;1;1;0;True
84036;6;9;3;True
84037;3;4;1;True
84038;1;1;0;True
84039;3;6;3;True
84040;4;9;5;True
84041;1;1;0;True
84042;3;4;1;True
84043;5;16;11;True
84044;0;0;0;True
84045;2;4;2;True
84046;3;6;3;True
84047;5;12;7;True
84048;3;4;1;True
84049;1;1;0;True
84050;3;6;3;True
84051;5;8;3;True
84052;5;16;11;True
84053;2;4;2;True
84054;0;0;0;True
84055;5;12;7;True
84056;2;2;0;True
84057;4;6;2;True
84058;4;9;5;True
84059;4;8;4;True
84060;5;12;7;True
84061;3;6;3;True
84062;4;8;4;True
84063;1;1;0;True
84064;2;4;2;True
84065;4;6;2;True
84066;4;6;2;True
84067;8;16;8;True
84068;4;6;2;True
84069;0;0;0;True
84070;7;16;9;True
84071;1;1;0;True
84072;1;1;0;True
84073;4;9;5;True
84074;4;9;5;True
84075;4;6;2;True
84076;9;12;3;True
84077;1;1;0;True
84078;0;0;0;True
84079;8;16;8;True
84080;2;4;2;True
84081;6;16;10;True
84082;7;16;9;True
84083;4;9;5;True
84084;1;1;0;True
84085;2;2;0;True
84086;3;6;3;True
84087;2;2;0;True
84088;2;2;0;True
84089;6;12;6;True
84090;3;6;3;True
84091;5;9;4;True
84092;4;9;5;True
84093;3;9;6;True
84094;3;4;1;True
84095;5;8;3;True
84096;6;16;10;True
84097;2;4;2;True
84098;7;12;5;True
84099;3;9;6;True
84100;0;0;0;True
84101;4;9;5;True
84102;4;6;2;True
84103;4;9;5;True
84104;0;0;0;True
84105;2;2;0;True
84106;1;1;0;True
84107;5;12;7;True
84108;4;9;5;True
84109;6;16;10;True
84110;5;9;4;True
84111;4;9;5;True
84112;4;4;0;True
84113;1;1;0;True
84114;7;12;5;True
84115;3;4;1;True
84116;7;16;9;True
84117;3;9;6;True
84118;3;6;3;True
84119;6;8;2;True
84120;3;6;3;True
84121;4;12;8;True
84122;6;16;10;True
84123;2;4;2;True
84124;5;9;4;True
84125;4;12;8;True
84126;2;4;2;True
84127;6;16;10;True
84128;6;12;6;True
84129;1;1;0;True
84130;4;6;2;True
84131;5;12;7;True
84132;5;12;7;True
84133;4;12;8;True
84134;6;12;6;True
84135;6;12;6;True
84136;5;9;4;True
84137;4;9;5;True
84138;5;9;4;True
84139;2;4;2;True
84140;2;4;2;True
84141;1;1;0;True
84142;3;6;3;True
84143;5;12;7;True
84144;4;12;8;True
84145;6;12;6;True
84146;2;4;2;True
84147;6;12;6;True
84148;7;12;5;True
84149;7;16;9;True
84150;2;4;2;True
84151;1;1;0;True
84152;6;12;6;True
84153;4;9;5;True
84154;2;4;2;True
84155;4;9;5;True
84156;7;16;9;True
84157;2;2;0;True
84158;0;0;0;True
84159;0;0;0;True
84160;8;16;8;True
84161;1;1;0;True
84162;6;12;6;True
84163;3;3;0;True
84164;5;16;11;True
84165;3;6;3;True
84166;3;4;1;True
84167;2;4;2;True
84168;6;12;6;True
84169;4;9;5;True
84170;2;2;0;True
84171;3;3;0;True
84172;2;2;0;True
84173;2;2;0;True
84174;5;12;7;True
84175;1;1;0;True
84176;1;1;0;True
84177;2;2;0;True
84178;6;16;10;True
84179;2;2;0;True
84180;3;6;3;True
84181;4;6;2;True
84182;3;9;6;True
84183;4;6;2;True
84184;1;1;0;True
84185;4;16;12;True
84186;3;3;0;True
84187;6;12;6;True
84188;2;2;0;True
84189;4;9;5;True
84190;1;1;0;True
84191;3;9;6;True
84192;5;8;3;True
84193;2;2;0;True
84194;2;4;2;True
84195;4;9;5;True
84196;4;9;5;True
84197;4;9;5;True
84198;2;4;2;True
84199;2;2;0;True
84200;2;4;2;True
84201;2;2;0;True
84202;2;2;0;True
84203;4;8;4;True
84204;3;6;3;True
84205;1;1;0;True
84206;1;1;0;True
84207;1;1;0;True
84208;1;1;0;True
84209;6;12;6;True
84210;4;9;5;True
84211;4;6;2;True
84212;3;6;3;True
84213;6;12;6;True
84214;8;16;8;True
84215;4;9;5;True
84216;0;0;0;True
84217;0;0;0;True
84218;5;9;4;True
84219;3;6;3;True
84220;1;1;0;True
84221;2;4;2;True
84222;2;4;2;True
84223;2;2;0;True
84224;4;12;8;True
84225;1;1;0;True
84226;2;4;2;True
84227;2;4;2;True
84228;8;12;4;True
84229;3;6;3;True
84230;7;12;5;True
84231;4;6;2;True
84232;5;9;4;True
84233;5;12;7;True
84234;4;12;8;True
84235;7;12;5;True
84236;0;0;0;True
84237;3;6;3;True
84238;0;0;0;True
84239;1;1;0;True
84240;7;16;9;True
84241;7;16;9;True
84242;7;16;9;True
84243;7;16;9;True
84244;4;12;8;True
84245;7;16;9;True
84246;3;6;3;True
84247;3;9;6;True
84248;6;9;3;True
84249;2;4;2;True
84250;1;1;0;True
84251;3;9;6;True
84252;2;4;2;True
84253;3;6;3;True
84254;2;4;2;True
84255;2;4;2;True
84256;4;9;5;True
84257;5;6;1;True
84258;6;16;10;True
84259;1;1;0;True
84260;3;6;3;True
84261;4;8;4;True
84262;6;12;6;True
84263;5;12;7;True
84264;1;1;0;True
84265;6;16;10;True
84266;5;12;7;True
84267;0;0;0;True
84268;3;9;6;True
84269;2;4;2;True
84270;6;16;10;True
84271;5;9;4;True
84272;0;0;0;True
84273;5;12;7;True
84274;2;2;0;True
84275;5;6;1;True
84276;7;16;9;True
84277;2;4;2;True
84278;5;12;7;True
84279;6;12;6;True
84280;5;8;3;True
84281;3;9;6;True
84282;4;12;8;True
84283;4;8;4;True
84284;4;12;8;True
84285;3;6;3;True
84286;6;16;10;True
84287;3;6;3;True
84288;2;4;2;True
84289;7;16;9;True
84290;5;6;1;True
84291;2;4;2;True
84292;5;9;4;True
84293;3;6;3;True
84294;1;1;0;True
84295;3;3;0;True
84296;6;16;10;True
84297;2;2;0;True
84298;5;6;1;True
84299;2;2;0;True
84300;5;12;7;True
84301;2;2;0;True
84302;2;2;0;True
84303;3;4;1;True
84304;2;4;2;True
84305;2;4;2;True
84306;1;1;0;True
84307;5;9;4;True
84308;4;9;5;True
84309;5;8;3;True
84310;3;6;3;True
84311;8;12;4;True
84312;0;0;0;True
84313;1;1;0;True
84314;4;6;2;True
84315;2;4;2;True
84316;1;1;0;True
84317;4;9;5;True
84318;4;6;2;True
84319;5;9;4;True
84320;7;16;9;True
84321;3;6;3;True
84322;2;2;0;True
84323;7;16;9;True
84324;7;16;9;True
84325;2;4;2;True
84326;2;4;2;True
84327;9;16;7;True
84328;5;16;11;True
84329;5;16;11;True
84330;0;0;0;True
84331;1;1;0;True
84332;5;12;7;True
84333;2;2;0;True
84334;3;6;3;True
84335;1;1;0;True
84336;7;12;5;True
84337;6;9;3;True
84338;3;4;1;True
84339;1;1;0;True
84340;2;4;2;True
84341;4;6;2;True
84342;7;12;5;True
84343;4;12;8;True
84344;1;1;0;True
84345;2;2;0;True
84346;7;12;5;True
84347;0;0;0;True
84348;7;16;9;True
84349;3;6;3;True
84350;5;8;3;True
84351;5;12;7;True
84352;6;8;2;True
84353;3;6;3;True
84354;4;6;2;True
84355;3;9;6;True
84356;4;6;2;True
84357;3;9;6;True
84358;6;16;10;True
84359;4;12;8;True
84360;3;4;1;True
84361;5;9;4;True
84362;7;16;9;True
84363;10;16;6;True
84364;3;6;3;True
84365;3;4;1;True
84366;3;6;3;True
84367;0;0;0;True
84368;4;9;5;True
84369;6;9;3;True
84370;3;4;1;True
84371;4;9;5;True
84372;4;12;8;True
84373;7;12;5;True
84374;4;9;5;True
84375;4;12;8;True
84376;2;4;2;True
84377;6;12;6;True
84378;4;12;8;True
84379;7;12;5;True
84380;4;8;4;True
84381;8;12;4;True
84382;1;1;0;True
84383;5;9;4;True
84384;0;0;0;True
84385;3;6;3;True
84386;2;2;0;True
84387;3;6;3;True
84388;3;4;1;True
84389;2;4;2;True
84390;6;9;3;True
84391;3;6;3;True
84392;3;6;3;True
84393;4;9;5;True
84394;4;12;8;True
84395;7;16;9;True
84396;6;16;10;True
84397;7;16;9;True
84398;2;4;2;True
84399;7;16;9;True
84400;1;1;0;True
84401;3;4;1;True
84402;1;1;0;True
84403;5;12;7;True
84404;2;2;0;True
84405;4;12;8;True
84406;0;0;0;True
84407;3;6;3;True
84408;6;16;10;True
84409;4;8;4;True
84410;1;1;0;True
84411;5;8;3;True
84412;7;12;5;True
84413;3;4;1;True
84414;3;4;1;True
84415;6;12;6;True
84416;1;1;0;True
84417;4;9;5;True
84418;5;12;7;True
84419;7;16;9;True
84420;5;12;7;True
84421;7;16;9;True
84422;5;12;7;True
84423;4;9;5;True
84424;4;6;2;True
84425;6;12;6;True
84426;5;16;11;True
84427;6;12;6;True
84428;3;9;6;True
84429;4;9;5;True
84430;3;6;3;True
84431;5;12;7;True
84432;5;12;7;True
84433;1;1;0;True
84434;2;4;2;True
84435;3;9;6;True
84436;3;4;1;True
84437;3;6;3;True
84438;7;9;2;True
84439;5;12;7;True
84440;4;12;8;True
84441;3;6;3;True
84442;6;16;10;True
84443;1;1;0;True
84444;4;9;5;True
84445;6;12;6;True
84446;3;6;3;True
84447;7;12;5;True
84448;1;1;0;True
84449;0;0;0;True
84450;4;8;4;True
84451;1;1;0;True
84452;3;4;1;True
84453;4;9;5;True
84454;4;6;2;True
84455;6;9;3;True
84456;4;4;0;True
84457;3;6;3;True
84458;4;9;5;True
84459;2;2;0;True
84460;4;12;8;True
84461;7;16;9;True
84462;3;3;0;True
84463;4;6;2;True
84464;5;9;4;True
84465;1;1;0;True
84466;3;9;6;True
84467;1;1;0;True
84468;5;9;4;True
84469;2;2;0;True
84470;7;16;9;True
84471;4;6;2;True
84472;2;4;2;True
84473;2;2;0;True
84474;2;2;0;True
84475;2;2;0;True
84476;5;9;4;True
84477;3;6;3;True
84478;2;4;2;True
84479;2;2;0;True
84480;5;12;7;True
84481;8;12;4;True
84482;2;2;0;True
84483;4;8;4;True
84484;4;6;2;True
84485;2;4;2;True
84486;2;4;2;True
84487;0;0;0;True
84488;3;6;3;True
84489;5;12;7;True
84490;1;1;0;True
84491;6;16;10;True
84492;10;16;6;True
84493;4;9;5;True
84494;3;6;3;True
84495;4;9;5;True
84496;4;8;4;True
84497;3;4;1;True
84498;4;9;5;True
84499;3;4;1;True
84500;7;12;5;True
84501;4;9;5;True
84502;2;4;2;True
84503;2;4;2;True
84504;6;12;6;True
84505;3;6;3;True
84506;6;16;10;True
84507;4;6;2;True
84508;2;2;0;True
84509;4;9;5;True
84510;4;9;5;True
84511;4;9;5;True
84512;9;16;7;True
84513;2;4;2;True
84514;4;9;5;True
84515;2;2;0;True
84516;1;1;0;True
84517;2;4;2;True
84518;0;0;0;True
84519;3;6;3;True
84520;6;12;6;True
84521;5;16;11;True
84522;7;12;5;True
84523;1;1;0;True
84524;3;6;3;True
84525;2;4;2;True
84526;1;1;0;True
84527;4;6;2;True
84528;4;9;5;True
84529;3;4;1;True
84530;4;9;5;True
84531;2;4;2;True
84532;9;16;7;True
84533;6;9;3;True
84534;6;12;6;True
84535;5;12;7;True
84536;1;1;0;True
84537;4;8;4;True
84538;5;12;7;True
84539;2;4;2;True
84540;6;16;10;True
84541;1;1;0;True
84542;5;12;7;True
84543;4;9;5;True
84544;4;6;2;True
84545;0;0;0;True
84546;8;16;8;True
84547;5;12;7;True
84548;5;12;7;True
84549;0;0;0;True
84550;6;12;6;True
84551;4;9;5;True
84552;10;16;6;True
84553;5;9;4;True
84554;5;9;4;True
84555;2;4;2;True
84556;3;6;3;True
84557;0;0;0;True
84558;4;9;5;True
84559;4;9;5;True
84560;3;9;6;True
84561;7;12;5;True
84562;6;16;10;True
84563;1;1;0;True
84564;5;12;7;True
84565;8;12;4;True
84566;2;4;2;True
84567;6;16;10;True
84568;4;9;5;True
84569;4;6;2;True
84570;4;6;2;True
84571;5;9;4;True
84572;5;6;1;True
84573;3;6;3;True
84574;2;4;2;True
84575;7;16;9;True
84576;4;9;5;True
84577;5;9;4;True
84578;5;16;11;True
84579;3;4;1;True
84580;1;1;0;True
84581;7;16;9;True
84582;4;12;8;True
84583;2;4;2;True
84584;2;4;2;True
84585;1;1;0;True
84586;1;1;0;True
84587;2;4;2;True
84588;1;1;0;True
84589;8;16;8;True
84590;4;6;2;True
84591;0;0;0;True
84592;4;12;8;True
84593;2;2;0;True
84594;2;4;2;True
84595;6;12;6;True
84596;2;4;2;True
84597;2;4;2;True
84598;5;12;7;True
84599;3;9;6;True
84600;6;16;10;True
84601;11;16;5;True
84602;6;12;6;True
84603;7;16;9;True
84604;2;4;2;True
84605;7;16;9;True
84606;5;12;7;True
84607;7;12;5;True
84608;2;4;2;True
84609;4;4;0;True
84610;5;9;4;True
84611;6;12;6;True
84612;5;8;3;True
84613;5;9;4;True
84614;5;12;7;True
84615;3;4;1;True
84616;4;9;5;True
84617;8;16;8;True
84618;8;16;8;True
84619;3;6;3;True
84620;2;2;0;True
84621;3;9;6;True
84622;6;12;6;True
84623;4;9;5;True
84624;2;2;0;True
84625;3;4;1;True
84626;5;12;7;True
84627;2;2;0;True
84628;3;4;1;True
84629;0;0;0;True
84630;5;12;7;True
84631;2;4;2;True
84632;4;9;5;True
84633;5;12;7;True
84634;3;9;6;True
84635;2;4;2;True
84636;0;0;0;True
84637;7;12;5;True
84638;3;6;3;True
84639;5;16;11;True
84640;3;4;1;True
84641;2;2;0;True
84642;4;6;2;True
84643;3;9;6;True
84644;4;6;2;True
84645;4;6;2;True
84646;3;9;6;True
84647;8;12;4;True
84648;2;2;0;True
84649;0;0;0;True
84650;1;1;0;True
84651;6;12;6;True
84652;0;0;0;True
84653;4;8;4;True
84654;2;4;2;True
84655;5;12;7;True
84656;3;6;3;True
84657;2;4;2;True
84658;2;4;2;True
84659;6;12;6;True
84660;1;1;0;True
84661;1;1;0;True
84662;5;12;7;True
84663;2;2;0;True
84664;3;4;1;True
84665;5;12;7;True
84666;5;6;1;True
84667;2;4;2;True
84668;2;4;2;True
84669;3;9;6;True
84670;3;9;6;True
84671;2;4;2;True
84672;5;9;4;True
84673;4;6;2;True
84674;0;0;0;True
84675;6;12;6;True
84676;5;12;7;True
84677;3;9;6;True
84678;13;16;3;True
84679;7;12;5;True
84680;5;12;7;True
84681;0;0;0;True
84682;4;9;5;True
84683;4;6;2;True
84684;1;1;0;True
84685;7;16;9;True
84686;4;8;4;True
84687;5;12;7;True
84688;7;12;5;True
84689;4;12;8;True
84690;7;12;5;True
84691;3;3;0;True
84692;5;12;7;True
84693;6;16;10;True
84694;1;1;0;True
84695;1;1;0;True
84696;3;6;3;True
84697;9;16;7;True
84698;6;16;10;True
84699;2;4;2;True
84700;2;4;2;True
84701;2;4;2;True
84702;6;16;10;True
84703;4;12;8;True
84704;1;1;0;True
84705;2;4;2;True
84706;2;4;2;True
84707;1;1;0;True
84708;2;4;2;True
84709;5;12;7;True
84710;2;4;2;True
84711;4;9;5;True
84712;2;4;2;True
84713;2;4;2;True
84714;1;1;0;True
84715;4;6;2;True
84716;5;9;4;True
84717;6;12;6;True
84718;4;6;2;True
84719;2;2;0;True
84720;7;16;9;True
84721;4;9;5;True
84722;2;4;2;True
84723;1;1;0;True
84724;2;4;2;True
84725;1;1;0;True
84726;5;6;1;True
84727;5;9;4;True
84728;3;6;3;True
84729;1;1;0;True
84730;1;1;0;True
84731;3;6;3;True
84732;4;12;8;True
84733;1;1;0;True
84734;0;0;0;True
84735;2;4;2;True
84736;1;1;0;True
84737;0;0;0;True
84738;5;8;3;True
84739;6;16;10;True
84740;1;1;0;True
84741;2;4;2;True
84742;4;9;5;True
84743;4;6;2;True
84744;2;4;2;True
84745;2;2;0;True
84746;4;4;0;True
84747;6;16;10;True
84748;4;6;2;True
84749;5;9;4;True
84750;0;0;0;True
84751;4;6;2;True
84752;2;2;0;True
84753;1;1;0;True
84754;3;3;0;True
84755;2;4;2;True
84756;1;1;0;True
84757;8;16;8;True
84758;7;12;5;True
84759;3;4;1;True
84760;1;1;0;True
84761;3;4;1;True
84762;6;12;6;True
84763;6;8;2;True
84764;6;12;6;True
84765;8;12;4;True
84766;5;6;1;True
84767;3;4;1;True
84768;6;12;6;True
84769;0;0;0;True
84770;4;6;2;True
84771;5;12;7;True
84772;2;2;0;True
84773;8;16;8;True
84774;4;9;5;True
84775;4;9;5;True
84776;4;6;2;True
84777;4;6;2;True
84778;0;0;0;True
84779;2;2;0;True
84780;2;2;0;True
84781;2;2;0;True
84782;4;9;5;True
84783;4;6;2;True
84784;7;12;5;True
84785;6;16;10;True
84786;3;6;3;True
84787;10;16;6;True
84788;6;12;6;True
84789;3;9;6;True
84790;0;0;0;True
84791;2;4;2;True
84792;4;9;5;True
84793;6;16;10;True
84794;1;1;0;True
84795;2;4;2;True
84796;4;6;2;True
84797;1;1;0;True
84798;5;9;4;True
84799;0;0;0;True
84800;0;0;0;True
84801;1;1;0;True
84802;6;12;6;True
84803;2;2;0;True
84804;4;8;4;True
84805;3;6;3;True
84806;4;9;5;True
84807;4;6;2;True
84808;0;0;0;True
84809;6;16;10;True
84810;4;12;8;True
84811;0;0;0;True
84812;5;12;7;True
84813;4;9;5;True
84814;7;16;9;True
84815;8;16;8;True
84816;4;9;5;True
84817;5;9;4;True
84818;4;8;4;True
84819;6;9;3;True
84820;3;6;3;True
84821;4;12;8;True
84822;6;9;3;True
84823;6;16;10;True
84824;7;16;9;True
84825;7;12;5;True
84826;9;16;7;True
84827;4;9;5;True
84828;2;2;0;True
84829;2;2;0;True
84830;2;4;2;True
84831;6;9;3;True
84832;4;9;5;True
84833;3;4;1;True
84834;2;2;0;True
84835;2;2;0;True
84836;0;0;0;True
84837;3;9;6;True
84838;2;4;2;True
84839;5;9;4;True
84840;6;12;6;True
84841;6;12;6;True
84842;3;9;6;True
84843;0;0;0;True
84844;7;12;5;True
84845;2;2;0;True
84846;7;12;5;True
84847;2;4;2;True
84848;5;9;4;True
84849;6;12;6;True
84850;2;2;0;True
84851;4;12;8;True
84852;4;6;2;True
84853;5;12;7;True
84854;0;0;0;True
84855;7;9;2;True
84856;3;6;3;True
84857;3;6;3;True
84858;4;6;2;True
84859;2;2;0;True
84860;5;12;7;True
84861;5;9;4;True
84862;3;4;1;True
84863;5;12;7;True
84864;0;0;0;True
84865;4;6;2;True
84866;5;8;3;True
84867;0;0;0;True
84868;5;12;7;True
84869;2;4;2;True
84870;8;16;8;True
84871;5;9;4;True
84872;7;16;9;True
84873;2;4;2;True
84874;3;6;3;True
84875;8;16;8;True
84876;7;16;9;True
84877;2;2;0;True
84878;6;12;6;True
84879;3;6;3;True
84880;0;0;0;True
84881;4;6;2;True
84882;2;2;0;True
84883;5;9;4;True
84884;8;16;8;True
84885;3;9;6;True
84886;6;9;3;True
84887;1;1;0;True
84888;4;6;2;True
84889;2;4;2;True
84890;1;1;0;True
84891;3;4;1;True
84892;4;9;5;True
84893;4;16;12;True
84894;4;12;8;True
84895;4;6;2;True
84896;2;4;2;True
84897;1;1;0;True
84898;1;1;0;True
84899;3;4;1;True
84900;2;4;2;True
84901;4;8;4;True
84902;6;16;10;True
84903;6;16;10;True
84904;0;0;0;True
84905;5;9;4;True
84906;0;0;0;True
84907;4;9;5;True
84908;0;0;0;True
84909;9;16;7;True
84910;2;2;0;True
84911;8;16;8;True
84912;3;9;6;True
84913;0;0;0;True
84914;3;6;3;True
84915;1;1;0;True
84916;5;12;7;True
84917;5;8;3;True
84918;5;6;1;True
84919;2;4;2;True
84920;5;9;4;True
84921;4;12;8;True
84922;0;0;0;True
84923;0;0;0;True
84924;4;12;8;True
84925;5;12;7;True
84926;3;6;3;True
84927;6;16;10;True
84928;0;0;0;True
84929;4;6;2;True
84930;2;4;2;True
84931;7;12;5;True
84932;2;2;0;True
84933;8;16;8;True
84934;1;1;0;True
84935;5;9;4;True
84936;3;9;6;True
84937;2;4;2;True
84938;5;8;3;True
84939;6;12;6;True
84940;3;6;3;True
84941;3;4;1;True
84942;2;2;0;True
84943;4;6;2;True
84944;3;6;3;True
84945;8;12;4;True
84946;1;1;0;True
84947;1;1;0;True
84948;1;1;0;True
84949;5;12;7;True
84950;8;12;4;True
84951;2;2;0;True
84952;7;16;9;True
84953;1;1;0;True
84954;0;0;0;True
84955;2;4;2;True
84956;5;12;7;True
84957;1;1;0;True
84958;4;9;5;True
84959;0;0;0;True
84960;2;4;2;True
84961;3;6;3;True
84962;1;1;0;True
84963;3;4;1;True
84964;3;6;3;True
84965;4;12;8;True
84966;0;0;0;True
84967;7;16;9;True
84968;5;12;7;True
84969;3;6;3;True
84970;7;12;5;True
84971;8;16;8;True
84972;5;9;4;True
84973;6;12;6;True
84974;7;16;9;True
84975;1;1;0;True
84976;2;4;2;True
84977;5;9;4;True
84978;3;4;1;True
84979;2;4;2;True
84980;5;12;7;True
84981;3;6;3;True
84982;1;1;0;True
84983;4;8;4;True
84984;4;9;5;True
84985;5;9;4;True
84986;6;12;6;True
84987;5;9;4;True
84988;3;4;1;True
84989;0;0;0;True
84990;5;9;4;True
84991;9;16;7;True
84992;8;12;4;True
84993;1;1;0;True
84994;7;16;9;True
84995;7;16;9;True
84996;0;0;0;True
84997;4;9;5;True
84998;2;4;2;True
84999;2;4;2;True
85000;1;1;0;True
85001;4;6;2;True
85002;3;6;3;True
85003;7;16;9;True
85004;5;9;4;True
85005;3;4;1;True
85006;2;4;2;True
85007;0;0;0;True
85008;4;9;5;True
85009;1;1;0;True
85010;1;1;0;True
85011;7;12;5;True
85012;3;6;3;True
85013;4;9;5;True
85014;2;2;0;True
85015;2;4;2;True
85016;4;9;5;True
85017;4;6;2;True
85018;3;4;1;True
85019;3;9;6;True
85020;2;4;2;True
85021;4;6;2;True
85022;7;12;5;True
85023;9;16;7;True
85024;6;12;6;True
85025;2;2;0;True
85026;1;1;0;True
85027;4;9;5;True
85028;2;2;0;True
85029;0;0;0;True
85030;5;12;7;True
85031;7;12;5;True
85032;6;16;10;True
85033;2;4;2;True
85034;4;6;2;True
85035;3;6;3;True
85036;0;0;0;True
85037;2;2;0;True
85038;1;1;0;True
85039;8;16;8;True
85040;1;1;0;True
85041;8;12;4;True
85042;2;4;2;True
85043;7;16;9;True
85044;3;9;6;True
85045;8;16;8;True
85046;3;6;3;True
85047;0;0;0;True
85048;2;2;0;True
85049;3;3;0;True
85050;3;6;3;True
85051;1;1;0;True
85052;0;0;0;True
85053;2;4;2;True
85054;4;6;2;True
85055;4;8;4;True
85056;5;12;7;True
85057;1;1;0;True
85058;4;8;4;True
85059;1;1;0;True
85060;2;4;2;True
85061;2;4;2;True
85062;7;16;9;True
85063;2;4;2;True
85064;10;16;6;True
85065;7;12;5;True
85066;7;16;9;True
85067;3;6;3;True
85068;4;6;2;True
85069;3;6;3;True
85070;3;4;1;True
85071;6;12;6;True
85072;2;4;2;True
85073;2;4;2;True
85074;2;2;0;True
85075;3;6;3;True
85076;1;1;0;True
85077;8;12;4;True
85078;7;12;5;True
85079;6;16;10;True
85080;0;0;0;True
85081;4;12;8;True
85082;5;9;4;True
85083;4;8;4;True
85084;4;8;4;True
85085;1;1;0;True
85086;2;4;2;True
85087;2;4;2;True
85088;4;8;4;True
85089;4;6;2;True
85090;5;12;7;True
85091;1;1;0;True
85092;4;6;2;True
85093;1;1;0;True
85094;2;4;2;True
85095;1;1;0;True
85096;2;2;0;True
85097;0;0;0;True
85098;2;4;2;True
85099;3;6;3;True
85100;6;16;10;True
85101;2;4;2;True
85102;1;1;0;True
85103;1;1;0;True
85104;5;12;7;True
85105;7;12;5;True
85106;6;12;6;True
85107;4;6;2;True
85108;4;8;4;True
85109;3;6;3;True
85110;0;0;0;True
85111;8;16;8;True
85112;0;0;0;True
85113;3;6;3;True
85114;8;16;8;True
85115;3;6;3;True
85116;0;0;0;True
85117;3;6;3;True
85118;2;4;2;True
85119;3;6;3;True
85120;7;16;9;True
85121;4;12;8;True
85122;2;2;0;True
85123;3;4;1;True
85124;5;12;7;True
85125;0;0;0;True
85126;0;0;0;True
85127;5;12;7;True
85128;1;1;0;True
85129;3;6;3;True
85130;4;9;5;True
85131;2;2;0;True
85132;1;1;0;True
85133;2;4;2;True
85134;3;6;3;True
85135;2;4;2;True
85136;7;16;9;True
85137;5;12;7;True
85138;6;12;6;True
85139;4;8;4;True
85140;5;8;3;True
85141;1;1;0;True
85142;3;6;3;True
85143;5;9;4;True
85144;4;9;5;True
85145;4;6;2;True
85146;2;4;2;True
85147;4;6;2;True
85148;4;9;5;True
85149;6;9;3;True
85150;2;4;2;True
85151;7;16;9;True
85152;3;4;1;True
85153;0;0;0;True
85154;5;16;11;True
85155;9;12;3;True
85156;2;2;0;True
85157;1;1;0;True
85158;1;1;0;True
85159;2;2;0;True
85160;5;12;7;True
85161;3;4;1;True
85162;4;9;5;True
85163;2;2;0;True
85164;5;12;7;True
85165;2;4;2;True
85166;4;9;5;True
85167;5;12;7;True
85168;2;4;2;True
85169;3;6;3;True
85170;4;12;8;True
85171;2;2;0;True
85172;0;0;0;True
85173;2;2;0;True
85174;2;4;2;True
85175;2;4;2;True
85176;2;4;2;True
85177;0;0;0;True
85178;3;9;6;True
85179;1;1;0;True
85180;5;8;3;True
85181;10;16;6;True
85182;0;0;0;True
85183;2;4;2;True
85184;6;16;10;True
85185;4;9;5;True
85186;4;8;4;True
85187;2;4;2;True
85188;1;1;0;True
85189;3;6;3;True
85190;6;16;10;True
85191;7;12;5;True
85192;2;4;2;True
85193;1;1;0;True
85194;8;12;4;True
85195;2;2;0;True
85196;4;9;5;True
85197;3;4;1;True
85198;6;16;10;True
85199;5;9;4;True
85200;0;0;0;True
85201;2;4;2;True
85202;7;12;5;True
85203;1;1;0;True
85204;3;3;0;True
85205;6;12;6;True
85206;2;4;2;True
85207;6;16;10;True
85208;6;9;3;True
85209;2;4;2;True
85210;2;4;2;True
85211;2;4;2;True
85212;9;16;7;True
85213;3;6;3;True
85214;4;6;2;True
85215;5;9;4;True
85216;3;9;6;True
85217;1;1;0;True
85218;8;16;8;True
85219;6;12;6;True
85220;3;6;3;True
85221;1;1;0;True
85222;1;1;0;True
85223;2;4;2;True
85224;2;2;0;True
85225;5;9;4;True
85226;2;2;0;True
85227;1;1;0;True
85228;3;4;1;True
85229;3;3;0;True
85230;4;4;0;True
85231;8;12;4;True
85232;3;6;3;True
85233;7;12;5;True
85234;2;2;0;True
85235;5;12;7;True
85236;2;2;0;True
85237;7;16;9;True
85238;3;9;6;True
85239;6;9;3;True
85240;2;2;0;True
85241;4;9;5;True
85242;2;4;2;True
85243;1;1;0;True
85244;4;6;2;True
85245;1;1;0;True
85246;3;6;3;True
85247;5;6;1;True
85248;7;12;5;True
85249;3;4;1;True
85250;2;4;2;True
85251;0;0;0;True
85252;6;16;10;True
85253;1;1;0;True
85254;4;8;4;True
85255;5;12;7;True
85256;3;9;6;True
85257;4;4;0;True
85258;7;16;9;True
85259;4;9;5;True
85260;3;6;3;True
85261;1;1;0;True
85262;2;2;0;True
85263;1;1;0;True
85264;3;4;1;True
85265;3;6;3;True
85266;4;6;2;True
85267;4;8;4;True
85268;1;1;0;True
85269;4;6;2;True
85270;8;16;8;True
85271;6;16;10;True
85272;2;4;2;True
85273;5;12;7;True
85274;3;6;3;True
85275;8;16;8;True
85276;1;1;0;True
85277;4;9;5;True
85278;2;4;2;True
85279;7;12;5;True
85280;4;9;5;True
85281;6;12;6;True
85282;3;6;3;True
85283;3;3;0;True
85284;3;6;3;True
85285;3;4;1;True
85286;5;12;7;True
85287;4;9;5;True
85288;5;16;11;True
85289;3;9;6;True
85290;5;12;7;True
85291;6;12;6;True
85292;4;6;2;True
85293;6;8;2;True
85294;4;12;8;True
85295;6;9;3;True
85296;0;0;0;True
85297;1;1;0;True
85298;2;2;0;True
85299;9;16;7;True
85300;0;0;0;True
85301;2;2;0;True
85302;0;0;0;True
85303;3;6;3;True
85304;5;12;7;True
85305;1;1;0;True
85306;5;12;7;True
85307;7;16;9;True
85308;2;2;0;True
85309;6;12;6;True
85310;1;1;0;True
85311;4;9;5;True
85312;2;2;0;True
85313;4;8;4;True
85314;4;9;5;True
85315;9;16;7;True
85316;0;0;0;True
85317;7;12;5;True
85318;8;12;4;True
85319;3;4;1;True
85320;3;9;6;True
85321;5;12;7;True
85322;5;16;11;True
85323;3;9;6;True
85324;0;0;0;True
85325;9;16;7;True
85326;1;1;0;True
85327;2;2;0;True
85328;2;4;2;True
85329;1;1;0;True
85330;7;12;5;True
85331;2;4;2;True
85332;8;16;8;True
85333;2;4;2;True
85334;7;16;9;True
85335;2;4;2;True
85336;10;16;6;True
85337;2;2;0;True
85338;4;4;0;True
85339;4;8;4;True
85340;0;0;0;True
85341;7;16;9;True
85342;4;9;5;True
85343;4;12;8;True
85344;4;6;2;True
85345;4;9;5;True
85346;2;2;0;True
85347;4;12;8;True
85348;1;1;0;True
85349;6;12;6;True
85350;3;6;3;True
85351;1;1;0;True
85352;6;12;6;True
85353;3;6;3;True
85354;7;12;5;True
85355;3;4;1;True
85356;5;9;4;True
85357;4;6;2;True
85358;1;1;0;True
85359;5;12;7;True
85360;6;12;6;True
85361;5;9;4;True
85362;2;2;0;True
85363;5;12;7;True
85364;3;3;0;True
85365;11;16;5;True
85366;1;1;0;True
85367;5;12;7;True
85368;3;6;3;True
85369;5;12;7;True
85370;2;4;2;True
85371;8;16;8;True
85372;3;6;3;True
85373;5;9;4;True
85374;4;9;5;True
85375;4;9;5;True
85376;3;9;6;True
85377;9;16;7;True
85378;2;4;2;True
85379;1;1;0;True
85380;1;1;0;True
85381;3;9;6;True
85382;5;12;7;True
85383;3;4;1;True
85384;0;0;0;True
85385;3;6;3;True
85386;5;9;4;True
85387;1;1;0;True
85388;3;9;6;True
85389;3;3;0;True
85390;3;6;3;True
85391;9;16;7;True
85392;3;4;1;True
85393;2;2;0;True
85394;1;1;0;True
85395;7;12;5;True
85396;3;4;1;True
85397;3;6;3;True
85398;4;6;2;True
85399;4;9;5;True
85400;2;2;0;True
85401;4;9;5;True
85402;3;6;3;True
85403;7;16;9;True
85404;2;4;2;True
85405;3;9;6;True
85406;0;0;0;True
85407;3;9;6;True
85408;5;9;4;True
85409;3;6;3;True
85410;2;2;0;True
85411;5;9;4;True
85412;4;8;4;True
85413;4;4;0;True
85414;5;9;4;True
85415;0;0;0;True
85416;1;1;0;True
85417;3;6;3;True
85418;4;12;8;True
85419;1;1;0;True
85420;3;6;3;True
85421;5;6;1;True
85422;3;9;6;True
85423;8;16;8;True
85424;3;6;3;True
85425;2;4;2;True
85426;4;9;5;True
85427;5;8;3;True
85428;3;6;3;True
85429;2;4;2;True
85430;5;12;7;True
85431;5;9;4;True
85432;1;1;0;True
85433;3;6;3;True
85434;4;9;5;True
85435;1;1;0;True
85436;7;12;5;True
85437;6;12;6;True
85438;3;6;3;True
85439;2;2;0;True
85440;2;2;0;True
85441;4;9;5;True
85442;0;0;0;True
85443;4;6;2;True
85444;7;16;9;True
85445;1;1;0;True
85446;3;6;3;True
85447;2;4;2;True
85448;1;1;0;True
85449;4;9;5;True
85450;1;1;0;True
85451;1;1;0;True
85452;8;16;8;True
85453;3;4;1;True
85454;4;6;2;True
85455;6;12;6;True
85456;1;1;0;True
85457;2;4;2;True
85458;4;9;5;True
85459;3;6;3;True
85460;3;3;0;True
85461;4;6;2;True
85462;8;16;8;True
85463;6;12;6;True
85464;2;2;0;True
85465;4;9;5;True
85466;1;1;0;True
85467;3;6;3;True
85468;6;9;3;True
85469;2;2;0;True
85470;1;1;0;True
85471;4;6;2;True
85472;4;6;2;True
85473;2;2;0;True
85474;7;16;9;True
85475;2;4;2;True
85476;3;6;3;True
85477;2;4;2;True
85478;4;6;2;True
85479;4;6;2;True
85480;6;12;6;True
85481;1;1;0;True
85482;3;9;6;True
85483;4;6;2;True
85484;8;12;4;True
85485;6;16;10;True
85486;8;16;8;True
85487;2;2;0;True
85488;6;16;10;True
85489;3;6;3;True
85490;7;12;5;True
85491;6;12;6;True
85492;4;8;4;True
85493;2;2;0;True
85494;2;4;2;True
85495;3;4;1;True
85496;2;4;2;True
85497;1;1;0;True
85498;3;4;1;True
85499;9;16;7;True
85500;3;3;0;True
85501;4;6;2;True
85502;2;4;2;True
85503;5;8;3;True
85504;3;6;3;True
85505;4;6;2;True
85506;4;9;5;True
85507;5;12;7;True
85508;6;9;3;True
85509;3;6;3;True
85510;2;2;0;True
85511;3;6;3;True
85512;6;16;10;True
85513;2;4;2;True
85514;5;9;4;True
85515;8;16;8;True
85516;5;9;4;True
85517;1;1;0;True
85518;5;6;1;True
85519;2;2;0;True
85520;3;4;1;True
85521;6;9;3;True
85522;5;9;4;True
85523;4;12;8;True
85524;4;6;2;True
85525;4;9;5;True
85526;3;6;3;True
85527;4;6;2;True
85528;5;8;3;True
85529;2;2;0;True
85530;5;12;7;True
85531;8;16;8;True
85532;3;4;1;True
85533;2;4;2;True
85534;1;1;0;True
85535;1;1;0;True
85536;5;12;7;True
85537;2;4;2;True
85538;3;6;3;True
85539;6;12;6;True
85540;1;1;0;True
85541;1;1;0;True
85542;3;6;3;True
85543;1;1;0;True
85544;2;2;0;True
85545;1;1;0;True
85546;4;6;2;True
85547;5;16;11;True
85548;1;1;0;True
85549;7;12;5;True
85550;1;1;0;True
85551;4;12;8;True
85552;1;1;0;True
85553;1;1;0;True
85554;3;6;3;True
85555;1;1;0;True
85556;5;9;4;True
85557;3;6;3;True
85558;3;6;3;True
85559;5;9;4;True
85560;5;8;3;True
85561;5;16;11;True
85562;2;2;0;True
85563;5;8;3;True
85564;2;4;2;True
85565;4;8;4;True
85566;2;4;2;True
85567;4;12;8;True
85568;5;8;3;True
85569;3;6;3;True
85570;2;2;0;True
85571;4;6;2;True
85572;2;2;0;True
85573;0;0;0;True
85574;4;9;5;True
85575;1;1;0;True
85576;4;9;5;True
85577;1;1;0;True
85578;3;9;6;True
85579;4;6;2;True
85580;4;9;5;True
85581;6;16;10;True
85582;5;12;7;True
85583;2;4;2;True
85584;6;12;6;True
85585;5;8;3;True
85586;0;0;0;True
85587;5;12;7;True
85588;4;6;2;True
85589;6;9;3;True
85590;3;9;6;True
85591;7;16;9;True
85592;9;16;7;True
85593;3;6;3;True
85594;1;1;0;True
85595;7;16;9;True
85596;3;9;6;True
85597;4;12;8;True
85598;1;1;0;True
85599;3;6;3;True
85600;6;12;6;True
85601;5;12;7;True
85602;2;4;2;True
85603;1;1;0;True
85604;4;6;2;True
85605;5;12;7;True
85606;3;4;1;True
85607;3;6;3;True
85608;0;0;0;True
85609;1;1;0;True
85610;3;9;6;True
85611;4;9;5;True
85612;5;12;7;True
85613;2;4;2;True
85614;7;16;9;True
85615;4;4;0;True
85616;5;9;4;True
85617;2;2;0;True
85618;4;6;2;True
85619;5;16;11;True
85620;7;16;9;True
85621;2;4;2;True
85622;5;12;7;True
85623;5;8;3;True
85624;4;9;5;True
85625;2;2;0;True
85626;4;8;4;True
85627;7;12;5;True
85628;2;4;2;True
85629;4;4;0;True
85630;5;12;7;True
85631;4;6;2;True
85632;5;16;11;True
85633;5;9;4;True
85634;7;12;5;True
85635;2;4;2;True
85636;2;4;2;True
85637;3;4;1;True
85638;2;4;2;True
85639;3;4;1;True
85640;6;9;3;True
85641;2;2;0;True
85642;5;16;11;True
85643;7;16;9;True
85644;2;2;0;True
85645;2;4;2;True
85646;2;4;2;True
85647;4;12;8;True
85648;5;12;7;True
85649;3;4;1;True
85650;6;12;6;True
85651;1;1;0;True
85652;4;6;2;True
85653;8;16;8;True
85654;5;9;4;True
85655;2;2;0;True
85656;1;1;0;True
85657;2;2;0;True
85658;3;6;3;True
85659;0;0;0;True
85660;1;1;0;True
85661;3;6;3;True
85662;8;12;4;True
85663;2;2;0;True
85664;5;8;3;True
85665;2;4;2;True
85666;2;2;0;True
85667;1;1;0;True
85668;5;9;4;True
85669;1;1;0;True
85670;7;16;9;True
85671;3;6;3;True
85672;6;16;10;True
85673;2;2;0;True
85674;1;1;0;True
85675;6;16;10;True
85676;5;8;3;True
85677;2;4;2;True
85678;2;4;2;True
85679;2;2;0;True
85680;2;4;2;True
85681;4;6;2;True
85682;3;6;3;True
85683;7;16;9;True
85684;1;1;0;True
85685;3;4;1;True
85686;1;1;0;True
85687;4;6;2;True
85688;2;4;2;True
85689;1;1;0;True
85690;2;4;2;True
85691;4;12;8;True
85692;4;9;5;True
85693;0;0;0;True
85694;3;6;3;True
85695;6;12;6;True
85696;2;4;2;True
85697;3;9;6;True
85698;1;1;0;True
85699;6;16;10;True
85700;5;8;3;True
85701;2;4;2;True
85702;5;9;4;True
85703;5;12;7;True
85704;3;6;3;True
85705;3;9;6;True
85706;2;2;0;True
85707;7;12;5;True
85708;5;9;4;True
85709;7;16;9;True
85710;4;6;2;True
85711;7;16;9;True
85712;7;16;9;True
85713;2;4;2;True
85714;7;12;5;True
85715;7;16;9;True
85716;2;2;0;True
85717;5;12;7;True
85718;1;1;0;True
85719;1;1;0;True
85720;3;9;6;True
85721;4;6;2;True
85722;7;12;5;True
85723;8;16;8;True
85724;4;4;0;True
85725;3;6;3;True
85726;3;6;3;True
85727;0;0;0;True
85728;2;4;2;True
85729;0;0;0;True
85730;7;12;5;True
85731;1;1;0;True
85732;8;16;8;True
85733;6;16;10;True
85734;7;12;5;True
85735;1;1;0;True
85736;2;4;2;True
85737;2;4;2;True
85738;4;6;2;True
85739;3;6;3;True
85740;3;6;3;True
85741;0;0;0;True
85742;4;12;8;True
85743;1;1;0;True
85744;3;3;0;True
85745;4;9;5;True
85746;0;0;0;True
85747;3;4;1;True
85748;3;6;3;True
85749;6;12;6;True
85750;5;9;4;True
85751;7;12;5;True
85752;4;6;2;True
85753;3;6;3;True
85754;1;1;0;True
85755;4;8;4;True
85756;6;12;6;True
85757;3;9;6;True
85758;6;12;6;True
85759;9;16;7;True
85760;1;1;0;True
85761;2;2;0;True
85762;3;6;3;True
85763;2;2;0;True
85764;6;16;10;True
85765;7;12;5;True
85766;0;0;0;True
85767;3;6;3;True
85768;6;16;10;True
85769;3;6;3;True
85770;4;8;4;True
85771;4;9;5;True
85772;1;1;0;True
85773;7;12;5;True
85774;1;1;0;True
85775;1;1;0;True
85776;3;6;3;True
85777;1;1;0;True
85778;7;16;9;True
85779;2;4;2;True
85780;1;1;0;True
85781;5;8;3;True
85782;0;0;0;True
85783;3;9;6;True
85784;7;12;5;True
85785;4;9;5;True
85786;3;4;1;True
85787;6;16;10;True
85788;2;2;0;True
85789;7;12;5;True
85790;2;2;0;True
85791;5;9;4;True
85792;6;12;6;True
85793;3;6;3;True
85794;5;12;7;True
85795;8;16;8;True
85796;7;12;5;True
85797;9;12;3;True
85798;1;1;0;True
85799;6;12;6;True
85800;0;0;0;True
85801;3;6;3;True
85802;4;9;5;True
85803;7;16;9;True
85804;1;1;0;True
85805;6;12;6;True
85806;7;12;5;True
85807;4;12;8;True
85808;5;9;4;True
85809;4;16;12;True
85810;4;9;5;True
85811;1;1;0;True
85812;1;1;0;True
85813;4;6;2;True
85814;0;0;0;True
85815;5;9;4;True
85816;3;4;1;True
85817;0;0;0;True
85818;0;0;0;True
85819;6;12;6;True
85820;4;12;8;True
85821;4;6;2;True
85822;5;16;11;True
85823;4;12;8;True
85824;5;6;1;True
85825;7;9;2;True
85826;4;9;5;True
85827;2;4;2;True
85828;2;4;2;True
85829;4;9;5;True
85830;4;12;8;True
85831;1;1;0;True
85832;0;0;0;True
85833;3;4;1;True
85834;1;1;0;True
85835;7;12;5;True
85836;2;2;0;True
85837;5;12;7;True
85838;2;2;0;True
85839;3;9;6;True
85840;4;9;5;True
85841;4;12;8;True
85842;3;6;3;True
85843;3;9;6;True
85844;7;12;5;True
85845;3;9;6;True
85846;6;12;6;True
85847;2;4;2;True
85848;6;16;10;True
85849;1;1;0;True
85850;2;2;0;True
85851;6;16;10;True
85852;2;4;2;True
85853;4;9;5;True
85854;2;2;0;True
85855;7;12;5;True
85856;7;12;5;True
85857;2;2;0;True
85858;0;0;0;True
85859;2;4;2;True
85860;2;4;2;True
85861;1;1;0;True
85862;0;0;0;True
85863;6;12;6;True
85864;5;6;1;True
85865;3;6;3;True
85866;6;16;10;True
85867;1;1;0;True
85868;5;9;4;True
85869;3;6;3;True
85870;3;6;3;True
85871;6;8;2;True
85872;12;16;4;True
85873;11;16;5;True
85874;0;0;0;True
85875;5;8;3;True
85876;4;9;5;True
85877;7;16;9;True
85878;3;6;3;True
85879;6;9;3;True
85880;5;9;4;True
85881;3;4;1;True
85882;1;1;0;True
85883;2;2;0;True
85884;1;1;0;True
85885;4;12;8;True
85886;6;9;3;True
85887;2;4;2;True
85888;2;2;0;True
85889;7;12;5;True
85890;1;1;0;True
85891;4;9;5;True
85892;5;9;4;True
85893;5;12;7;True
85894;4;6;2;True
85895;3;4;1;True
85896;2;2;0;True
85897;3;3;0;True
85898;4;9;5;True
85899;0;0;0;True
85900;8;16;8;True
85901;3;9;6;True
85902;7;12;5;True
85903;2;2;0;True
85904;1;1;0;True
85905;8;16;8;True
85906;6;9;3;True
85907;1;1;0;True
85908;5;16;11;True
85909;7;16;9;True
85910;6;16;10;True
85911;6;16;10;True
85912;12;16;4;True
85913;2;4;2;True
85914;7;9;2;True
85915;7;12;5;True
85916;2;2;0;True
85917;3;6;3;True
85918;4;12;8;True
85919;6;12;6;True
85920;1;1;0;True
85921;1;1;0;True
85922;2;2;0;True
85923;1;1;0;True
85924;6;16;10;True
85925;3;6;3;True
85926;1;1;0;True
85927;6;16;10;True
85928;1;1;0;True
85929;6;16;10;True
85930;6;12;6;True
85931;2;2;0;True
85932;2;4;2;True
85933;4;12;8;True
85934;2;4;2;True
85935;4;9;5;True
85936;4;6;2;True
85937;6;16;10;True
85938;1;1;0;True
85939;6;12;6;True
85940;4;9;5;True
85941;3;3;0;True
85942;2;2;0;True
85943;5;9;4;True
85944;2;2;0;True
85945;7;16;9;True
85946;6;12;6;True
85947;7;12;5;True
85948;3;4;1;True
85949;3;6;3;True
85950;3;4;1;True
85951;2;4;2;True
85952;4;8;4;True
85953;5;9;4;True
85954;8;16;8;True
85955;7;12;5;True
85956;3;9;6;True
85957;4;8;4;True
85958;0;0;0;True
85959;2;4;2;True
85960;0;0;0;True
85961;4;12;8;True
85962;1;1;0;True
85963;2;4;2;True
85964;1;1;0;True
85965;7;16;9;True
85966;8;12;4;True
85967;1;1;0;True
85968;4;9;5;True
85969;4;12;8;True
85970;5;9;4;True
85971;2;4;2;True
85972;3;9;6;True
85973;7;16;9;True
85974;3;4;1;True
85975;6;16;10;True
85976;2;4;2;True
85977;1;1;0;True
85978;1;1;0;True
85979;4;12;8;True
85980;6;9;3;True
85981;0;0;0;True
85982;5;8;3;True
85983;0;0;0;True
85984;1;1;0;True
85985;2;2;0;True
85986;7;16;9;True
85987;5;12;7;True
85988;2;4;2;True
85989;5;12;7;True
85990;5;12;7;True
85991;5;12;7;True
85992;2;4;2;True
85993;6;12;6;True
85994;2;4;2;True
85995;6;12;6;True
85996;2;4;2;True
85997;4;9;5;True
85998;4;12;8;True
85999;5;12;7;True
86000;8;12;4;True
86001;1;1;0;True
86002;7;12;5;True
86003;1;1;0;True
86004;6;12;6;True
86005;2;4;2;True
86006;2;2;0;True
86007;7;16;9;True
86008;5;8;3;True
86009;6;12;6;True
86010;2;2;0;True
86011;1;1;0;True
86012;4;12;8;True
86013;0;0;0;True
86014;6;12;6;True
86015;4;12;8;True
86016;4;9;5;True
86017;0;0;0;True
86018;6;9;3;True
86019;6;9;3;True
86020;7;16;9;True
86021;0;0;0;True
86022;2;4;2;True
86023;2;2;0;True
86024;2;2;0;True
86025;7;12;5;True
86026;2;2;0;True
86027;2;2;0;True
86028;4;6;2;True
86029;6;16;10;True
86030;2;2;0;True
86031;2;4;2;True
86032;5;12;7;True
86033;4;9;5;True
86034;3;3;0;True
86035;2;4;2;True
86036;4;6;2;True
86037;3;4;1;True
86038;4;12;8;True
86039;6;9;3;True
86040;5;9;4;True
86041;2;2;0;True
86042;4;9;5;True
86043;7;16;9;True
86044;1;1;0;True
86045;4;9;5;True
86046;2;4;2;True
86047;6;8;2;True
86048;3;6;3;True
86049;4;12;8;True
86050;6;12;6;True
86051;7;12;5;True
86052;1;1;0;True
86053;3;4;1;True
86054;6;9;3;True
86055;5;12;7;True
86056;5;6;1;True
86057;5;16;11;True
86058;1;1;0;True
86059;3;9;6;True
86060;6;16;10;True
86061;4;6;2;True
86062;2;4;2;True
86063;5;9;4;True
86064;6;9;3;True
86065;4;9;5;True
86066;1;1;0;True
86067;5;9;4;True
86068;5;12;7;True
86069;5;12;7;True
86070;3;9;6;True
86071;4;9;5;True
86072;3;6;3;True
86073;2;4;2;True
86074;1;1;0;True
86075;6;12;6;True
86076;3;6;3;True
86077;1;1;0;True
86078;1;1;0;True
86079;2;2;0;True
86080;2;4;2;True
86081;5;9;4;True
86082;1;1;0;True
86083;4;6;2;True
86084;2;2;0;True
86085;2;4;2;True
86086;5;9;4;True
86087;4;9;5;True
86088;7;16;9;True
86089;1;1;0;True
86090;3;3;0;True
86091;4;9;5;True
86092;7;16;9;True
86093;2;4;2;True
86094;0;0;0;True
86095;6;12;6;True
86096;1;1;0;True
86097;3;9;6;True
86098;1;1;0;True
86099;5;12;7;True
86100;3;6;3;True
86101;4;8;4;True
86102;6;12;6;True
86103;5;12;7;True
86104;9;16;7;True
86105;4;12;8;True
86106;4;6;2;True
86107;10;16;6;True
86108;4;9;5;True
86109;3;6;3;True
86110;4;9;5;True
86111;5;16;11;True
86112;6;12;6;True
86113;5;12;7;True
86114;2;4;2;True
86115;3;4;1;True
86116;5;12;7;True
86117;1;1;0;True
86118;2;4;2;True
86119;1;1;0;True
86120;3;9;6;True
86121;5;9;4;True
86122;4;6;2;True
86123;4;9;5;True
86124;7;9;2;True
86125;3;9;6;True
86126;5;9;4;True
86127;6;16;10;True
86128;3;6;3;True
86129;1;1;0;True
86130;1;1;0;True
86131;1;1;0;True
86132;0;0;0;True
86133;0;0;0;True
86134;5;12;7;True
86135;3;6;3;True
86136;5;12;7;True
86137;6;12;6;True
86138;3;3;0;True
86139;5;9;4;True
86140;6;16;10;True
86141;6;16;10;True
86142;5;9;4;True
86143;5;12;7;True
86144;0;0;0;True
86145;4;9;5;True
86146;0;0;0;True
86147;1;1;0;True
86148;1;1;0;True
86149;4;9;5;True
86150;9;16;7;True
86151;4;9;5;True
86152;2;4;2;True
86153;4;12;8;True
86154;4;8;4;True
86155;2;4;2;True
86156;1;1;0;True
86157;5;12;7;True
86158;6;12;6;True
86159;6;9;3;True
86160;5;6;1;True
86161;4;9;5;True
86162;1;1;0;True
86163;4;6;2;True
86164;0;0;0;True
86165;4;12;8;True
86166;6;12;6;True
86167;4;6;2;True
86168;4;4;0;True
86169;3;4;1;True
86170;0;0;0;True
86171;5;12;7;True
86172;8;16;8;True
86173;5;16;11;True
86174;3;6;3;True
86175;6;16;10;True
86176;3;6;3;True
86177;9;16;7;True
86178;1;1;0;True
86179;2;4;2;True
86180;5;16;11;True
86181;3;6;3;True
86182;6;12;6;True
86183;4;9;5;True
86184;2;4;2;True
86185;3;6;3;True
86186;4;6;2;True
86187;6;12;6;True
86188;7;16;9;True
86189;1;1;0;True
86190;5;9;4;True
86191;7;16;9;True
86192;4;9;5;True
86193;3;6;3;True
86194;1;1;0;True
86195;5;9;4;True
86196;6;12;6;True
86197;3;9;6;True
86198;2;4;2;True
86199;7;12;5;True
86200;2;4;2;True
86201;2;2;0;True
86202;4;12;8;True
86203;7;16;9;True
86204;4;9;5;True
86205;4;9;5;True
86206;7;16;9;True
86207;4;6;2;True
86208;5;9;4;True
86209;4;12;8;True
86210;7;12;5;True
86211;5;12;7;True
86212;3;6;3;True
86213;6;9;3;True
86214;3;9;6;True
86215;7;12;5;True
86216;5;12;7;True
86217;4;6;2;True
86218;6;12;6;True
86219;6;12;6;True
86220;8;12;4;True
86221;5;6;1;True
86222;3;6;3;True
86223;1;1;0;True
86224;6;16;10;True
86225;1;1;0;True
86226;7;16;9;True
86227;5;16;11;True
86228;5;12;7;True
86229;3;4;1;True
86230;0;0;0;True
86231;5;6;1;True
86232;4;9;5;True
86233;8;16;8;True
86234;7;16;9;True
86235;6;12;6;True
86236;3;6;3;True
86237;8;12;4;True
86238;4;12;8;True
86239;2;2;0;True
86240;7;8;1;True
86241;3;6;3;True
86242;3;4;1;True
86243;7;9;2;True
86244;1;1;0;True
86245;5;6;1;True
86246;4;6;2;True
86247;0;0;0;True
86248;3;6;3;True
86249;2;2;0;True
86250;6;16;10;True
86251;3;4;1;True
86252;7;9;2;True
86253;6;12;6;True
86254;8;16;8;True
86255;2;4;2;True
86256;3;6;3;True
86257;1;1;0;True
86258;3;4;1;True
86259;0;0;0;True
86260;2;2;0;True
86261;6;12;6;True
86262;7;12;5;True
86263;6;16;10;True
86264;6;16;10;True
86265;6;6;0;True
86266;4;8;4;True
86267;1;1;0;True
86268;3;4;1;True
86269;2;2;0;True
86270;3;6;3;True
86271;3;6;3;True
86272;2;4;2;True
86273;4;9;5;True
86274;4;9;5;True
86275;0;0;0;True
86276;3;4;1;True
86277;4;9;5;True
86278;5;6;1;True
86279;3;9;6;True
86280;0;0;0;True
86281;6;12;6;True
86282;2;4;2;True
86283;2;4;2;True
86284;0;0;0;True
86285;1;1;0;True
86286;7;12;5;True
86287;3;6;3;True
86288;3;4;1;True
86289;3;6;3;True
86290;4;8;4;True
86291;1;1;0;True
86292;3;6;3;True
86293;4;9;5;True
86294;9;12;3;True
86295;3;6;3;True
86296;2;2;0;True
86297;3;4;1;True
86298;2;4;2;True
86299;0;0;0;True
86300;5;12;7;True
86301;6;16;10;True
86302;2;4;2;True
86303;6;16;10;True
86304;4;9;5;True
86305;2;4;2;True
86306;5;9;4;True
86307;5;8;3;True
86308;8;16;8;True
86309;5;8;3;True
86310;3;9;6;True
86311;5;9;4;True
86312;4;9;5;True
86313;6;12;6;True
86314;5;9;4;True
86315;1;1;0;True
86316;1;1;0;True
86317;6;12;6;True
86318;2;4;2;True
86319;5;9;4;True
86320;3;4;1;True
86321;1;1;0;True
86322;7;16;9;True
86323;5;16;11;True
86324;3;6;3;True
86325;6;9;3;True
86326;2;2;0;True
86327;6;9;3;True
86328;2;4;2;True
86329;5;9;4;True
86330;2;4;2;True
86331;2;4;2;True
86332;4;9;5;True
86333;2;2;0;True
86334;1;1;0;True
86335;1;1;0;True
86336;5;9;4;True
86337;1;1;0;True
86338;4;6;2;True
86339;4;12;8;True
86340;3;4;1;True
86341;4;9;5;True
86342;4;6;2;True
86343;8;12;4;True
86344;7;16;9;True
86345;6;12;6;True
86346;2;4;2;True
86347;3;4;1;True
86348;2;4;2;True
86349;2;4;2;True
86350;6;12;6;True
86351;1;1;0;True
86352;5;9;4;True
86353;5;16;11;True
86354;2;4;2;True
86355;2;2;0;True
86356;3;6;3;True
86357;3;4;1;True
86358;1;1;0;True
86359;1;1;0;True
86360;1;1;0;True
86361;1;1;0;True
86362;3;6;3;True
86363;4;8;4;True
86364;4;6;2;True
86365;7;16;9;True
86366;2;4;2;True
86367;1;1;0;True
86368;9;16;7;True
86369;1;1;0;True
86370;3;3;0;True
86371;3;6;3;True
86372;5;9;4;True
86373;2;4;2;True
86374;1;1;0;True
86375;5;12;7;True
86376;8;12;4;True
86377;3;4;1;True
86378;4;6;2;True
86379;1;1;0;True
86380;1;1;0;True
86381;5;12;7;True
86382;0;0;0;True
86383;4;9;5;True
86384;7;16;9;True
86385;5;9;4;True
86386;4;12;8;True
86387;1;1;0;True
86388;7;16;9;True
86389;5;9;4;True
86390;3;6;3;True
86391;1;1;0;True
86392;6;12;6;True
86393;2;2;0;True
86394;4;8;4;True
86395;4;9;5;True
86396;5;6;1;True
86397;5;9;4;True
86398;8;16;8;True
86399;3;4;1;True
86400;5;12;7;True
86401;0;0;0;True
86402;6;9;3;True
86403;4;6;2;True
86404;5;9;4;True
86405;2;4;2;True
86406;4;9;5;True
86407;2;4;2;True
86408;6;16;10;True
86409;3;6;3;True
86410;0;0;0;True
86411;7;16;9;True
86412;7;12;5;True
86413;2;4;2;True
86414;5;6;1;True
86415;4;9;5;True
86416;1;1;0;True
86417;7;16;9;True
86418;3;9;6;True
86419;0;0;0;True
86420;6;9;3;True
86421;1;1;0;True
86422;3;3;0;True
86423;2;4;2;True
86424;4;9;5;True
86425;7;16;9;True
86426;7;16;9;True
86427;5;9;4;True
86428;0;0;0;True
86429;2;2;0;True
86430;6;12;6;True
86431;7;16;9;True
86432;4;9;5;True
86433;6;16;10;True
86434;6;12;6;True
86435;4;6;2;True
86436;3;6;3;True
86437;5;12;7;True
86438;4;6;2;True
86439;9;16;7;True
86440;1;1;0;True
86441;6;9;3;True
86442;2;2;0;True
86443;2;2;0;True
86444;2;4;2;True
86445;3;4;1;True
86446;1;1;0;True
86447;10;16;6;True
86448;4;9;5;True
86449;3;6;3;True
86450;3;9;6;True
86451;0;0;0;True
86452;3;3;0;True
86453;4;6;2;True
86454;3;4;1;True
86455;3;4;1;True
86456;2;4;2;True
86457;2;2;0;True
86458;3;6;3;True
86459;3;4;1;True
86460;5;6;1;True
86461;5;16;11;True
86462;3;6;3;True
86463;2;4;2;True
86464;0;0;0;True
86465;1;1;0;True
86466;5;12;7;True
86467;3;4;1;True
86468;8;16;8;True
86469;0;0;0;True
86470;1;1;0;True
86471;3;4;1;True
86472;3;9;6;True
86473;5;12;7;True
86474;4;8;4;True
86475;5;9;4;True
86476;2;2;0;True
86477;0;0;0;True
86478;3;9;6;True
86479;11;16;5;True
86480;2;2;0;True
86481;4;9;5;True
86482;3;6;3;True
86483;2;2;0;True
86484;3;4;1;True
86485;10;16;6;True
86486;3;4;1;True
86487;4;16;12;True
86488;4;9;5;True
86489;11;16;5;True
86490;6;12;6;True
86491;3;3;0;True
86492;8;16;8;True
86493;2;4;2;True
86494;1;1;0;True
86495;8;16;8;True
86496;2;4;2;True
86497;1;1;0;True
86498;1;1;0;True
86499;3;6;3;True
86500;5;16;11;True
86501;1;1;0;True
86502;3;6;3;True
86503;2;2;0;True
86504;2;4;2;True
86505;5;12;7;True
86506;5;12;7;True
86507;6;16;10;True
86508;3;3;0;True
86509;7;12;5;True
86510;0;0;0;True
86511;2;4;2;True
86512;5;9;4;True
86513;4;9;5;True
86514;4;9;5;True
86515;1;1;0;True
86516;5;12;7;True
86517;1;1;0;True
86518;3;6;3;True
86519;1;1;0;True
86520;1;1;0;True
86521;5;12;7;True
86522;3;4;1;True
86523;1;1;0;True
86524;6;12;6;True
86525;6;16;10;True
86526;1;1;0;True
86527;1;1;0;True
86528;2;2;0;True
86529;2;4;2;True
86530;0;0;0;True
86531;2;2;0;True
86532;5;12;7;True
86533;1;1;0;True
86534;2;2;0;True
86535;8;16;8;True
86536;0;0;0;True
86537;1;1;0;True
86538;5;12;7;True
86539;3;6;3;True
86540;5;12;7;True
86541;3;6;3;True
86542;3;6;3;True
86543;1;1;0;True
86544;3;4;1;True
86545;4;6;2;True
86546;3;9;6;True
86547;7;16;9;True
86548;2;4;2;True
86549;3;6;3;True
86550;2;2;0;True
86551;3;3;0;True
86552;1;1;0;True
86553;5;6;1;True
86554;9;16;7;True
86555;5;6;1;True
86556;4;12;8;True
86557;2;4;2;True
86558;4;8;4;True
86559;4;9;5;True
86560;1;1;0;True
86561;6;16;10;True
86562;8;12;4;True
86563;3;6;3;True
86564;5;12;7;True
86565;4;8;4;True
86566;4;9;5;True
86567;3;6;3;True
86568;2;2;0;True
86569;2;4;2;True
86570;8;16;8;True
86571;1;1;0;True
86572;4;9;5;True
86573;1;1;0;True
86574;4;9;5;True
86575;0;0;0;True
86576;6;12;6;True
86577;0;0;0;True
86578;3;4;1;True
86579;5;12;7;True
86580;2;4;2;True
86581;2;4;2;True
86582;2;4;2;True
86583;4;6;2;True
86584;4;6;2;True
86585;8;16;8;True
86586;4;8;4;True
86587;0;0;0;True
86588;5;12;7;True
86589;3;9;6;True
86590;5;12;7;True
86591;3;6;3;True
86592;9;16;7;True
86593;4;6;2;True
86594;2;2;0;True
86595;0;0;0;True
86596;5;8;3;True
86597;0;0;0;True
86598;7;16;9;True
86599;3;4;1;True
86600;5;8;3;True
86601;3;4;1;True
86602;4;6;2;True
86603;6;12;6;True
86604;5;12;7;True
86605;3;6;3;True
86606;1;1;0;True
86607;1;1;0;True
86608;5;12;7;True
86609;4;6;2;True
86610;4;9;5;True
86611;3;4;1;True
86612;3;9;6;True
86613;3;6;3;True
86614;3;6;3;True
86615;0;0;0;True
86616;6;12;6;True
86617;2;2;0;True
86618;7;12;5;True
86619;3;6;3;True
86620;2;2;0;True
86621;7;16;9;True
86622;8;16;8;True
86623;6;16;10;True
86624;2;2;0;True
86625;1;1;0;True
86626;0;0;0;True
86627;4;6;2;True
86628;3;4;1;True
86629;4;8;4;True
86630;6;12;6;True
86631;6;12;6;True
86632;3;6;3;True
86633;5;12;7;True
86634;3;6;3;True
86635;1;1;0;True
86636;5;12;7;True
86637;0;0;0;True
86638;2;4;2;True
86639;5;12;7;True
86640;6;9;3;True
86641;1;1;0;True
86642;4;9;5;True
86643;2;2;0;True
86644;0;0;0;True
86645;8;12;4;True
86646;4;9;5;True
86647;5;9;4;True
86648;3;6;3;True
86649;0;0;0;True
86650;5;12;7;True
86651;5;9;4;True
86652;6;12;6;True
86653;2;4;2;True
86654;4;6;2;True
86655;5;12;7;True
86656;4;9;5;True
86657;6;12;6;True
86658;4;6;2;True
86659;3;6;3;True
86660;0;0;0;True
86661;3;6;3;True
86662;1;1;0;True
86663;5;16;11;True
86664;4;9;5;True
86665;2;2;0;True
86666;3;6;3;True
86667;4;6;2;True
86668;8;16;8;True
86669;8;12;4;True
86670;2;2;0;True
86671;6;9;3;True
86672;4;6;2;True
86673;0;0;0;True
86674;1;1;0;True
86675;7;16;9;True
86676;1;1;0;True
86677;9;16;7;True
86678;2;2;0;True
86679;3;6;3;True
86680;7;12;5;True
86681;6;9;3;True
86682;4;9;5;True
86683;5;12;7;True
86684;9;16;7;True
86685;7;12;5;True
86686;3;6;3;True
86687;2;2;0;True
86688;1;1;0;True
86689;2;2;0;True
86690;2;2;0;True
86691;5;12;7;True
86692;6;12;6;True
86693;2;4;2;True
86694;2;2;0;True
86695;2;2;0;True
86696;4;12;8;True
86697;4;6;2;True
86698;3;6;3;True
86699;5;8;3;True
86700;1;1;0;True
86701;7;16;9;True
86702;4;9;5;True
86703;3;9;6;True
86704;5;9;4;True
86705;7;12;5;True
86706;5;9;4;True
86707;2;2;0;True
86708;7;16;9;True
86709;6;16;10;True
86710;5;12;7;True
86711;2;4;2;True
86712;2;4;2;True
86713;2;2;0;True
86714;3;4;1;True
86715;6;12;6;True
86716;2;4;2;True
86717;5;9;4;True
86718;4;8;4;True
86719;1;1;0;True
86720;2;2;0;True
86721;4;9;5;True
86722;3;6;3;True
86723;5;6;1;True
86724;7;16;9;True
86725;3;3;0;True
86726;4;6;2;True
86727;2;4;2;True
86728;0;0;0;True
86729;2;4;2;True
86730;4;6;2;True
86731;7;16;9;True
86732;5;9;4;True
86733;1;1;0;True
86734;1;1;0;True
86735;3;6;3;True
86736;2;2;0;True
86737;0;0;0;True
86738;6;16;10;True
86739;2;2;0;True
86740;5;9;4;True
86741;3;4;1;True
86742;2;4;2;True
86743;0;0;0;True
86744;3;4;1;True
86745;4;12;8;True
86746;0;0;0;True
86747;6;16;10;True
86748;5;12;7;True
86749;2;4;2;True
86750;2;4;2;True
86751;4;12;8;True
86752;4;6;2;True
86753;5;12;7;True
86754;3;6;3;True
86755;2;2;0;True
86756;2;4;2;True
86757;3;6;3;True
86758;5;12;7;True
86759;1;1;0;True
86760;3;3;0;True
86761;3;4;1;True
86762;1;1;0;True
86763;4;12;8;True
86764;7;12;5;True
86765;4;9;5;True
86766;6;16;10;True
86767;3;3;0;True
86768;2;2;0;True
86769;4;6;2;True
86770;3;6;3;True
86771;0;0;0;True
86772;9;16;7;True
86773;0;0;0;True
86774;4;12;8;True
86775;0;0;0;True
86776;2;4;2;True
86777;6;12;6;True
86778;0;0;0;True
86779;6;16;10;True
86780;5;12;7;True
86781;5;9;4;True
86782;7;12;5;True
86783;3;6;3;True
86784;3;6;3;True
86785;3;9;6;True
86786;7;12;5;True
86787;4;6;2;True
86788;4;9;5;True
86789;2;4;2;True
86790;1;1;0;True
86791;2;4;2;True
86792;5;9;4;True
86793;5;9;4;True
86794;8;16;8;True
86795;4;6;2;True
86796;5;12;7;True
86797;3;6;3;True
86798;3;9;6;True
86799;0;0;0;True
86800;1;1;0;True
86801;3;6;3;True
86802;5;12;7;True
86803;5;12;7;True
86804;5;9;4;True
86805;3;6;3;True
86806;5;6;1;True
86807;6;16;10;True
86808;3;4;1;True
86809;3;4;1;True
86810;5;9;4;True
86811;5;9;4;True
86812;4;12;8;True
86813;0;0;0;True
86814;1;1;0;True
86815;7;16;9;True
86816;4;9;5;True
86817;3;9;6;True
86818;8;16;8;True
86819;4;6;2;True
86820;9;16;7;True
86821;2;4;2;True
86822;0;0;0;True
86823;1;1;0;True
86824;5;12;7;True
86825;3;6;3;True
86826;5;9;4;True
86827;2;4;2;True
86828;4;9;5;True
86829;5;9;4;True
86830;3;6;3;True
86831;7;12;5;True
86832;1;1;0;True
86833;8;12;4;True
86834;7;12;5;True
86835;3;4;1;True
86836;3;4;1;True
86837;7;9;2;True
86838;2;4;2;True
86839;1;1;0;True
86840;2;4;2;True
86841;2;4;2;True
86842;1;1;0;True
86843;2;2;0;True
86844;5;9;4;True
86845;2;4;2;True
86846;4;8;4;True
86847;2;4;2;True
86848;7;16;9;True
86849;7;16;9;True
86850;2;2;0;True
86851;6;12;6;True
86852;8;12;4;True
86853;7;16;9;True
86854;2;2;0;True
86855;4;6;2;True
86856;1;1;0;True
86857;1;1;0;True
86858;0;0;0;True
86859;5;9;4;True
86860;5;12;7;True
86861;1;1;0;True
86862;5;6;1;True
86863;2;2;0;True
86864;1;1;0;True
86865;4;9;5;True
86866;7;16;9;True
86867;6;12;6;True
86868;1;1;0;True
86869;0;0;0;True
86870;4;9;5;True
86871;5;12;7;True
86872;5;9;4;True
86873;1;1;0;True
86874;6;16;10;True
86875;4;9;5;True
86876;1;1;0;True
86877;2;4;2;True
86878;3;6;3;True
86879;1;1;0;True
86880;4;9;5;True
86881;2;2;0;True
86882;3;3;0;True
86883;5;9;4;True
86884;8;16;8;True
86885;5;12;7;True
86886;5;9;4;True
86887;1;1;0;True
86888;1;1;0;True
86889;2;4;2;True
86890;4;12;8;True
86891;2;4;2;True
86892;2;4;2;True
86893;11;16;5;True
86894;2;4;2;True
86895;5;9;4;True
86896;2;2;0;True
86897;8;16;8;True
86898;10;12;2;True
86899;6;12;6;True
86900;3;6;3;True
86901;0;0;0;True
86902;2;4;2;True
86903;6;12;6;True
86904;8;16;8;True
86905;5;12;7;True
86906;1;1;0;True
86907;3;6;3;True
86908;2;2;0;True
86909;2;2;0;True
86910;0;0;0;True
86911;5;12;7;True
86912;7;16;9;True
86913;6;16;10;True
86914;2;2;0;True
86915;4;8;4;True
86916;3;9;6;True
86917;4;6;2;True
86918;2;4;2;True
86919;2;2;0;True
86920;3;9;6;True
86921;0;0;0;True
86922;3;6;3;True
86923;3;6;3;True
86924;3;4;1;True
86925;3;6;3;True
86926;1;1;0;True
86927;4;6;2;True
86928;7;16;9;True
86929;2;4;2;True
86930;1;1;0;True
86931;2;2;0;True
86932;6;12;6;True
86933;4;12;8;True
86934;2;2;0;True
86935;3;6;3;True
86936;4;8;4;True
86937;1;1;0;True
86938;3;6;3;True
86939;2;4;2;True
86940;5;8;3;True
86941;5;12;7;True
86942;2;4;2;True
86943;3;4;1;True
86944;5;9;4;True
86945;3;6;3;True
86946;8;16;8;True
86947;2;4;2;True
86948;4;6;2;True
86949;7;16;9;True
86950;4;9;5;True
86951;1;1;0;True
86952;6;16;10;True
86953;6;12;6;True
86954;2;2;0;True
86955;1;1;0;True
86956;3;6;3;True
86957;1;1;0;True
86958;3;4;1;True
86959;2;4;2;True
86960;2;4;2;True
86961;6;9;3;True
86962;2;4;2;True
86963;1;1;0;True
86964;5;12;7;True
86965;4;9;5;True
86966;3;6;3;True
86967;3;6;3;True
86968;1;1;0;True
86969;7;16;9;True
86970;3;3;0;True
86971;5;9;4;True
86972;5;12;7;True
86973;2;2;0;True
86974;3;4;1;True
86975;5;8;3;True
86976;1;1;0;True
86977;4;4;0;True
86978;5;12;7;True
86979;2;2;0;True
86980;4;9;5;True
86981;1;1;0;True
86982;3;4;1;True
86983;3;3;0;True
86984;4;9;5;True
86985;6;9;3;True
86986;5;16;11;True
86987;5;12;7;True
86988;3;6;3;True
86989;6;12;6;True
86990;6;16;10;True
86991;8;16;8;True
86992;6;12;6;True
86993;3;9;6;True
86994;4;9;5;True
86995;4;6;2;True
86996;5;9;4;True
86997;5;12;7;True
86998;3;6;3;True
86999;2;2;0;True
87000;1;1;0;True
87001;3;6;3;True
87002;2;4;2;True
87003;1;1;0;True
87004;4;6;2;True
87005;5;9;4;True
87006;7;16;9;True
87007;8;16;8;True
87008;3;6;3;True
87009;4;12;8;True
87010;3;4;1;True
87011;5;9;4;True
87012;8;16;8;True
87013;2;2;0;True
87014;0;0;0;True
87015;2;2;0;True
87016;3;6;3;True
87017;3;6;3;True
87018;1;1;0;True
87019;5;12;7;True
87020;2;4;2;True
87021;0;0;0;True
87022;5;12;7;True
87023;5;8;3;True
87024;4;9;5;True
87025;1;1;0;True
87026;2;4;2;True
87027;10;16;6;True
87028;4;8;4;True
87029;7;8;1;True
87030;7;16;9;True
87031;1;1;0;True
87032;8;16;8;True
87033;5;9;4;True
87034;7;12;5;True
87035;5;16;11;True
87036;6;12;6;True
87037;3;6;3;True
87038;3;9;6;True
87039;1;1;0;True
87040;4;9;5;True
87041;5;8;3;True
87042;4;4;0;True
87043;3;6;3;True
87044;2;2;0;True
87045;5;12;7;True
87046;1;1;0;True
87047;3;6;3;True
87048;9;12;3;True
87049;2;4;2;True
87050;3;4;1;True
87051;4;9;5;True
87052;7;12;5;True
87053;3;6;3;True
87054;2;2;0;True
87055;0;0;0;True
87056;4;9;5;True
87057;2;4;2;True
87058;3;6;3;True
87059;1;1;0;True
87060;4;9;5;True
87061;3;6;3;True
87062;1;1;0;True
87063;5;12;7;True
87064;5;9;4;True
87065;4;12;8;True
87066;3;6;3;True
87067;3;3;0;True
87068;3;6;3;True
87069;2;2;0;True
87070;3;6;3;True
87071;2;2;0;True
87072;1;1;0;True
87073;5;9;4;True
87074;6;16;10;True
87075;4;9;5;True
87076;3;3;0;True
87077;3;6;3;True
87078;2;2;0;True
87079;3;4;1;True
87080;3;6;3;True
87081;0;0;0;True
87082;4;6;2;True
87083;1;1;0;True
87084;2;2;0;True
87085;3;6;3;True
87086;4;12;8;True
87087;2;4;2;True
87088;0;0;0;True
87089;6;16;10;True
87090;3;6;3;True
87091;5;12;7;True
87092;3;6;3;True
87093;2;2;0;True
87094;2;4;2;True
87095;6;12;6;True
87096;7;16;9;True
87097;1;1;0;True
87098;5;12;7;True
87099;5;9;4;True
87100;5;16;11;True
87101;6;12;6;True
87102;6;9;3;True
87103;3;4;1;True
87104;1;1;0;True
87105;5;12;7;True
87106;5;12;7;True
87107;5;12;7;True
87108;2;4;2;True
87109;0;0;0;True
87110;1;1;0;True
87111;3;4;1;True
87112;5;9;4;True
87113;2;4;2;True
87114;3;6;3;True
87115;5;12;7;True
87116;3;3;0;True
87117;5;12;7;True
87118;2;2;0;True
87119;1;1;0;True
87120;5;8;3;True
87121;5;12;7;True
87122;4;6;2;True
87123;3;6;3;True
87124;3;6;3;True
87125;3;6;3;True
87126;2;4;2;True
87127;9;16;7;True
87128;3;4;1;True
87129;2;2;0;True
87130;4;8;4;True
87131;3;9;6;True
87132;3;4;1;True
87133;2;4;2;True
87134;5;12;7;True
87135;3;6;3;True
87136;11;16;5;True
87137;2;2;0;True
87138;4;6;2;True
87139;2;2;0;True
87140;4;8;4;True
87141;4;6;2;True
87142;5;8;3;True
87143;2;4;2;True
87144;6;16;10;True
87145;4;9;5;True
87146;3;4;1;True
87147;6;12;6;True
87148;0;0;0;True
87149;0;0;0;True
87150;2;4;2;True
87151;5;12;7;True
87152;7;16;9;True
87153;0;0;0;True
87154;10;16;6;True
87155;3;6;3;True
87156;3;4;1;True
87157;3;6;3;True
87158;2;2;0;True
87159;3;3;0;True
87160;2;4;2;True
87161;3;4;1;True
87162;4;9;5;True
87163;6;16;10;True
87164;3;6;3;True
87165;7;16;9;True
87166;5;9;4;True
87167;7;12;5;True
87168;6;16;10;True
87169;5;9;4;True
87170;0;0;0;True
87171;2;2;0;True
87172;10;16;6;True
87173;2;4;2;True
87174;2;4;2;True
87175;1;1;0;True
87176;5;9;4;True
87177;3;4;1;True
87178;3;6;3;True
87179;0;0;0;True
87180;7;12;5;True
87181;4;6;2;True
87182;7;12;5;True
87183;2;4;2;True
87184;2;4;2;True
87185;0;0;0;True
87186;4;9;5;True
87187;1;1;0;True
87188;2;4;2;True
87189;3;4;1;True
87190;4;16;12;True
87191;1;1;0;True
87192;2;2;0;True
87193;4;6;2;True
87194;6;16;10;True
87195;0;0;0;True
87196;6;12;6;True
87197;6;9;3;True
87198;3;4;1;True
87199;0;0;0;True
87200;3;6;3;True
87201;3;6;3;True
87202;1;1;0;True
87203;4;6;2;True
87204;1;1;0;True
87205;3;4;1;True
87206;2;4;2;True
87207;3;4;1;True
87208;5;9;4;True
87209;5;12;7;True
87210;10;16;6;True
87211;1;1;0;True
87212;2;4;2;True
87213;4;9;5;True
87214;1;1;0;True
87215;3;6;3;True
87216;7;16;9;True
87217;6;12;6;True
87218;5;12;7;True
87219;3;4;1;True
87220;2;4;2;True
87221;6;8;2;True
87222;3;6;3;True
87223;2;2;0;True
87224;4;9;5;True
87225;0;0;0;True
87226;1;1;0;True
87227;3;6;3;True
87228;2;4;2;True
87229;2;4;2;True
87230;6;12;6;True
87231;2;2;0;True
87232;6;12;6;True
87233;1;1;0;True
87234;6;12;6;True
87235;2;4;2;True
87236;4;9;5;True
87237;5;9;4;True
87238;5;16;11;True
87239;4;16;12;True
87240;2;4;2;True
87241;4;9;5;True
87242;4;9;5;True
87243;4;4;0;True
87244;4;6;2;True
87245;5;12;7;True
87246;1;1;0;True
87247;3;6;3;True
87248;3;6;3;True
87249;1;1;0;True
87250;2;4;2;True
87251;5;6;1;True
87252;4;6;2;True
87253;0;0;0;True
87254;3;4;1;True
87255;4;9;5;True
87256;6;16;10;True
87257;0;0;0;True
87258;0;0;0;True
87259;2;2;0;True
87260;9;16;7;True
87261;4;4;0;True
87262;5;9;4;True
87263;3;9;6;True
87264;2;4;2;True
87265;0;0;0;True
87266;4;9;5;True
87267;5;12;7;True
87268;3;4;1;True
87269;7;9;2;True
87270;5;8;3;True
87271;2;4;2;True
87272;10;12;2;True
87273;3;6;3;True
87274;1;1;0;True
87275;2;4;2;True
87276;6;8;2;True
87277;1;1;0;True
87278;1;1;0;True
87279;1;1;0;True
87280;2;4;2;True
87281;5;9;4;True
87282;5;12;7;True
87283;5;12;7;True
87284;1;1;0;True
87285;4;6;2;True
87286;3;4;1;True
87287;2;2;0;True
87288;4;12;8;True
87289;2;4;2;True
87290;2;2;0;True
87291;1;1;0;True
87292;0;0;0;True
87293;4;8;4;True
87294;3;3;0;True
87295;5;9;4;True
87296;2;4;2;True
87297;4;12;8;True
87298;7;16;9;True
87299;4;6;2;True
87300;1;1;0;True
87301;5;9;4;True
87302;2;4;2;True
87303;9;12;3;True
87304;6;12;6;True
87305;1;1;0;True
87306;2;2;0;True
87307;1;1;0;True
87308;1;1;0;True
87309;4;6;2;True
87310;1;1;0;True
87311;7;12;5;True
87312;3;9;6;True
87313;1;1;0;True
87314;3;9;6;True
87315;6;12;6;True
87316;4;12;8;True
87317;11;16;5;True
87318;10;16;6;True
87319;7;12;5;True
87320;4;12;8;True
87321;5;12;7;True
87322;2;2;0;True
87323;5;16;11;True
87324;2;2;0;True
87325;4;6;2;True
87326;9;16;7;True
87327;1;1;0;True
87328;4;8;4;True
87329;2;4;2;True
87330;3;6;3;True
87331;3;6;3;True
87332;2;2;0;True
87333;1;1;0;True
87334;3;4;1;True
87335;1;1;0;True
87336;2;2;0;True
87337;3;6;3;True
87338;5;9;4;True
87339;6;9;3;True
87340;4;6;2;True
87341;3;4;1;True
87342;1;1;0;True
87343;2;4;2;True
87344;0;0;0;True
87345;1;1;0;True
87346;3;6;3;True
87347;3;4;1;True
87348;2;4;2;True
87349;1;1;0;True
87350;6;12;6;True
87351;2;2;0;True
87352;6;16;10;True
87353;9;16;7;True
87354;6;12;6;True
87355;1;1;0;True
87356;1;1;0;True
87357;4;9;5;True
87358;1;1;0;True
87359;2;4;2;True
87360;1;1;0;True
87361;5;12;7;True
87362;1;1;0;True
87363;2;4;2;True
87364;4;9;5;True
87365;0;0;0;True
87366;0;0;0;True
87367;0;0;0;True
87368;2;4;2;True
87369;2;2;0;True
87370;8;12;4;True
87371;9;16;7;True
87372;4;9;5;True
87373;0;0;0;True
87374;6;16;10;True
87375;0;0;0;True
87376;5;9;4;True
87377;4;6;2;True
87378;4;12;8;True
87379;7;16;9;True
87380;4;9;5;True
87381;8;16;8;True
87382;3;4;1;True
87383;6;12;6;True
87384;1;1;0;True
87385;4;6;2;True
87386;6;12;6;True
87387;2;4;2;True
87388;2;4;2;True
87389;0;0;0;True
87390;3;4;1;True
87391;4;4;0;True
87392;3;9;6;True
87393;1;1;0;True
87394;1;1;0;True
87395;5;9;4;True
87396;3;9;6;True
87397;2;2;0;True
87398;4;8;4;True
87399;5;12;7;True
87400;2;4;2;True
87401;3;4;1;True
87402;6;12;6;True
87403;6;12;6;True
87404;2;2;0;True
87405;2;2;0;True
87406;2;2;0;True
87407;3;4;1;True
87408;4;6;2;True
87409;3;4;1;True
87410;2;4;2;True
87411;4;16;12;True
87412;2;4;2;True
87413;5;9;4;True
87414;6;12;6;True
87415;5;12;7;True
87416;4;9;5;True
87417;3;6;3;True
87418;5;9;4;True
87419;1;1;0;True
87420;5;9;4;True
87421;2;2;0;True
87422;2;4;2;True
87423;5;9;4;True
87424;2;2;0;True
87425;0;0;0;True
87426;2;4;2;True
87427;0;0;0;True
87428;2;4;2;True
87429;6;12;6;True
87430;5;12;7;True
87431;1;1;0;True
87432;10;16;6;True
87433;5;9;4;True
87434;7;12;5;True
87435;6;12;6;True
87436;3;3;0;True
87437;6;16;10;True
87438;2;2;0;True
87439;3;4;1;True
87440;7;12;5;True
87441;2;4;2;True
87442;1;1;0;True
87443;2;2;0;True
87444;4;9;5;True
87445;8;12;4;True
87446;4;12;8;True
87447;4;6;2;True
87448;2;2;0;True
87449;7;16;9;True
87450;3;4;1;True
87451;5;9;4;True
87452;10;12;2;True
87453;6;16;10;True
87454;3;6;3;True
87455;5;12;7;True
87456;2;4;2;True
87457;2;2;0;True
87458;2;2;0;True
87459;5;12;7;True
87460;4;9;5;True
87461;3;4;1;True
87462;4;6;2;True
87463;5;8;3;True
87464;8;16;8;True
87465;5;12;7;True
87466;4;9;5;True
87467;1;1;0;True
87468;3;6;3;True
87469;4;12;8;True
87470;1;1;0;True
87471;6;16;10;True
87472;3;3;0;True
87473;5;8;3;True
87474;9;16;7;True
87475;8;16;8;True
87476;5;12;7;True
87477;4;12;8;True
87478;6;9;3;True
87479;2;4;2;True
87480;5;9;4;True
87481;8;16;8;True
87482;2;4;2;True
87483;4;6;2;True
87484;8;16;8;True
87485;6;16;10;True
87486;3;6;3;True
87487;5;12;7;True
87488;9;16;7;True
87489;9;12;3;True
87490;9;16;7;True
87491;2;4;2;True
87492;2;4;2;True
87493;2;4;2;True
87494;4;9;5;True
87495;8;16;8;True
87496;5;12;7;True
87497;1;1;0;True
87498;0;0;0;True
87499;3;6;3;True
87500;1;1;0;True
87501;10;16;6;True
87502;7;8;1;True
87503;9;16;7;True
87504;4;9;5;True
87505;3;4;1;True
87506;1;1;0;True
87507;1;1;0;True
87508;3;6;3;True
87509;2;4;2;True
87510;4;9;5;True
87511;7;16;9;True
87512;7;12;5;True
87513;4;9;5;True
87514;2;2;0;True
87515;1;1;0;True
87516;6;12;6;True
87517;5;9;4;True
87518;5;8;3;True
87519;1;1;0;True
87520;4;6;2;True
87521;1;1;0;True
87522;4;8;4;True
87523;6;12;6;True
87524;1;1;0;True
87525;6;16;10;True
87526;1;1;0;True
87527;4;9;5;True
87528;3;4;1;True
87529;4;12;8;True
87530;1;1;0;True
87531;0;0;0;True
87532;4;6;2;True
87533;6;16;10;True
87534;7;12;5;True
87535;6;12;6;True
87536;6;8;2;True
87537;3;6;3;True
87538;1;1;0;True
87539;1;1;0;True
87540;0;0;0;True
87541;0;0;0;True
87542;4;6;2;True
87543;9;16;7;True
87544;7;16;9;True
87545;8;16;8;True
87546;2;4;2;True
87547;5;9;4;True
87548;5;9;4;True
87549;0;0;0;True
87550;2;2;0;True
87551;5;16;11;True
87552;2;4;2;True
87553;4;9;5;True
87554;4;6;2;True
87555;5;12;7;True
87556;5;9;4;True
87557;4;12;8;True
87558;3;4;1;True
87559;6;9;3;True
87560;3;9;6;True
87561;4;9;5;True
87562;6;16;10;True
87563;3;4;1;True
87564;4;9;5;True
87565;3;6;3;True
87566;3;6;3;True
87567;2;4;2;True
87568;4;12;8;True
87569;1;1;0;True
87570;2;4;2;True
87571;3;6;3;True
87572;11;16;5;True
87573;1;1;0;True
87574;5;12;7;True
87575;4;6;2;True
87576;3;6;3;True
87577;4;6;2;True
87578;5;12;7;True
87579;6;12;6;True
87580;7;16;9;True
87581;4;6;2;True
87582;0;0;0;True
87583;10;16;6;True
87584;4;9;5;True
87585;8;16;8;True
87586;7;12;5;True
87587;5;9;4;True
87588;4;6;2;True
87589;3;4;1;True
87590;2;4;2;True
87591;10;16;6;True
87592;4;6;2;True
87593;6;12;6;True
87594;3;6;3;True
87595;5;9;4;True
87596;6;12;6;True
87597;4;4;0;True
87598;0;0;0;True
87599;4;6;2;True
87600;7;12;5;True
87601;3;9;6;True
87602;4;12;8;True
87603;6;16;10;True
87604;6;9;3;True
87605;6;9;3;True
87606;5;9;4;True
87607;3;9;6;True
87608;5;12;7;True
87609;1;1;0;True
87610;7;16;9;True
87611;5;12;7;True
87612;5;9;4;True
87613;4;6;2;True
87614;6;12;6;True
87615;1;1;0;True
87616;4;12;8;True
87617;6;12;6;True
87618;3;6;3;True
87619;5;9;4;True
87620;4;12;8;True
87621;2;4;2;True
87622;3;3;0;True
87623;6;9;3;True
87624;3;4;1;True
87625;5;12;7;True
87626;3;6;3;True
87627;2;2;0;True
87628;0;0;0;True
87629;6;12;6;True
87630;6;6;0;True
87631;1;1;0;True
87632;7;16;9;True
87633;1;1;0;True
87634;2;4;2;True
87635;3;6;3;True
87636;3;9;6;True
87637;5;9;4;True
87638;3;6;3;True
87639;1;1;0;True
87640;1;1;0;True
87641;1;1;0;True
87642;5;12;7;True
87643;2;4;2;True
87644;2;2;0;True
87645;1;1;0;True
87646;2;4;2;True
87647;7;16;9;True
87648;6;12;6;True
87649;8;12;4;True
87650;5;16;11;True
87651;5;8;3;True
87652;2;4;2;True
87653;3;4;1;True
87654;2;2;0;True
87655;4;8;4;True
87656;9;16;7;True
87657;3;9;6;True
87658;4;12;8;True
87659;7;12;5;True
87660;2;2;0;True
87661;3;6;3;True
87662;0;0;0;True
87663;0;0;0;True
87664;3;4;1;True
87665;7;12;5;True
87666;4;9;5;True
87667;3;6;3;True
87668;4;8;4;True
87669;4;8;4;True
87670;2;4;2;True
87671;7;16;9;True
87672;3;6;3;True
87673;1;1;0;True
87674;3;6;3;True
87675;4;16;12;True
87676;2;4;2;True
87677;5;12;7;True
87678;7;16;9;True
87679;4;6;2;True
87680;5;9;4;True
87681;3;4;1;True
87682;6;9;3;True
87683;3;6;3;True
87684;0;0;0;True
87685;7;16;9;True
87686;4;9;5;True
87687;6;12;6;True
87688;6;16;10;True
87689;1;1;0;True
87690;5;9;4;True
87691;7;16;9;True
87692;4;8;4;True
87693;3;6;3;True
87694;3;6;3;True
87695;1;1;0;True
87696;5;8;3;True
87697;9;16;7;True
87698;3;6;3;True
87699;4;9;5;True
87700;6;12;6;True
87701;4;9;5;True
87702;5;16;11;True
87703;3;4;1;True
87704;2;2;0;True
87705;3;4;1;True
87706;9;16;7;True
87707;5;16;11;True
87708;1;1;0;True
87709;0;0;0;True
87710;5;12;7;True
87711;4;9;5;True
87712;2;4;2;True
87713;2;4;2;True
87714;2;4;2;True
87715;1;1;0;True
87716;6;9;3;True
87717;0;0;0;True
87718;3;4;1;True
87719;1;1;0;True
87720;1;1;0;True
87721;1;1;0;True
87722;2;2;0;True
87723;8;16;8;True
87724;3;6;3;True
87725;5;16;11;True
87726;8;16;8;True
87727;2;4;2;True
87728;1;1;0;True
87729;4;6;2;True
87730;3;6;3;True
87731;5;9;4;True
87732;3;9;6;True
87733;4;9;5;True
87734;6;12;6;True
87735;3;6;3;True
87736;2;2;0;True
87737;2;4;2;True
87738;6;9;3;True
87739;4;9;5;True
87740;2;2;0;True
87741;4;6;2;True
87742;0;0;0;True
87743;4;9;5;True
87744;1;1;0;True
87745;3;9;6;True
87746;0;0;0;True
87747;8;12;4;True
87748;0;0;0;True
87749;2;2;0;True
87750;6;12;6;True
87751;1;1;0;True
87752;4;6;2;True
87753;4;9;5;True
87754;3;6;3;True
87755;3;4;1;True
87756;4;12;8;True
87757;2;2;0;True
87758;5;9;4;True
87759;5;12;7;True
87760;3;4;1;True
87761;5;8;3;True
87762;5;12;7;True
87763;7;16;9;True
87764;5;9;4;True
87765;4;9;5;True
87766;2;2;0;True
87767;0;0;0;True
87768;7;16;9;True
87769;4;9;5;True
87770;3;6;3;True
87771;4;9;5;True
87772;4;9;5;True
87773;1;1;0;True
87774;4;9;5;True
87775;1;1;0;True
87776;5;9;4;True
87777;2;4;2;True
87778;2;4;2;True
87779;5;12;7;True
87780;1;1;0;True
87781;7;12;5;True
87782;3;4;1;True
87783;1;1;0;True
87784;3;4;1;True
87785;2;4;2;True
87786;2;4;2;True
87787;0;0;0;True
87788;2;4;2;True
87789;2;4;2;True
87790;4;9;5;True
87791;2;4;2;True
87792;7;16;9;True
87793;1;1;0;True
87794;6;12;6;True
87795;1;1;0;True
87796;7;12;5;True
87797;3;9;6;True
87798;4;6;2;True
87799;10;16;6;True
87800;4;9;5;True
87801;10;16;6;True
87802;2;2;0;True
87803;3;4;1;True
87804;2;2;0;True
87805;9;16;7;True
87806;4;9;5;True
87807;2;2;0;True
87808;4;6;2;True
87809;3;4;1;True
87810;2;4;2;True
87811;4;9;5;True
87812;2;4;2;True
87813;2;2;0;True
87814;4;6;2;True
87815;7;12;5;True
87816;2;4;2;True
87817;1;1;0;True
87818;3;4;1;True
87819;2;2;0;True
87820;5;12;7;True
87821;4;8;4;True
87822;6;12;6;True
87823;7;12;5;True
87824;5;12;7;True
87825;10;16;6;True
87826;4;6;2;True
87827;9;16;7;True
87828;1;1;0;True
87829;4;9;5;True
87830;5;9;4;True
87831;1;1;0;True
87832;2;4;2;True
87833;3;6;3;True
87834;4;8;4;True
87835;0;0;0;True
87836;6;12;6;True
87837;0;0;0;True
87838;2;2;0;True
87839;9;16;7;True
87840;2;2;0;True
87841;0;0;0;True
87842;2;4;2;True
87843;2;2;0;True
87844;0;0;0;True
87845;6;12;6;True
87846;2;4;2;True
87847;4;9;5;True
87848;7;16;9;True
87849;4;9;5;True
87850;1;1;0;True
87851;3;9;6;True
87852;5;8;3;True
87853;1;1;0;True
87854;10;16;6;True
87855;0;0;0;True
87856;0;0;0;True
87857;6;16;10;True
87858;5;12;7;True
87859;3;4;1;True
87860;0;0;0;True
87861;6;12;6;True
87862;3;6;3;True
87863;9;16;7;True
87864;4;6;2;True
87865;3;6;3;True
87866;2;4;2;True
87867;2;4;2;True
87868;7;16;9;True
87869;4;6;2;True
87870;4;12;8;True
87871;3;6;3;True
87872;4;12;8;True
87873;5;12;7;True
87874;7;12;5;True
87875;1;1;0;True
87876;0;0;0;True
87877;2;4;2;True
87878;3;9;6;True
87879;8;16;8;True
87880;4;9;5;True
87881;6;12;6;True
87882;3;6;3;True
87883;5;9;4;True
87884;4;9;5;True
87885;8;16;8;True
87886;5;12;7;True
87887;4;9;5;True
87888;0;0;0;True
87889;2;4;2;True
87890;5;12;7;True
87891;3;4;1;True
87892;8;16;8;True
87893;2;4;2;True
87894;5;9;4;True
87895;4;6;2;True
87896;2;4;2;True
87897;3;6;3;True
87898;2;4;2;True
87899;1;1;0;True
87900;3;9;6;True
87901;6;12;6;True
87902;0;0;0;True
87903;7;12;5;True
87904;3;6;3;True
87905;4;6;2;True
87906;3;6;3;True
87907;3;6;3;True
87908;4;9;5;True
87909;2;4;2;True
87910;5;9;4;True
87911;7;12;5;True
87912;4;12;8;True
87913;3;4;1;True
87914;4;16;12;True
87915;4;9;5;True
87916;2;4;2;True
87917;7;16;9;True
87918;5;9;4;True
87919;5;12;7;True
87920;4;8;4;True
87921;7;12;5;True
87922;6;9;3;True
87923;7;16;9;True
87924;7;16;9;True
87925;6;16;10;True
87926;7;12;5;True
87927;1;1;0;True
87928;4;9;5;True
87929;1;1;0;True
87930;4;9;5;True
87931;5;12;7;True
87932;3;4;1;True
87933;3;6;3;True
87934;2;4;2;True
87935;1;1;0;True
87936;3;3;0;True
87937;5;12;7;True
87938;2;2;0;True
87939;1;1;0;True
87940;7;9;2;True
87941;4;12;8;True
87942;5;16;11;True
87943;0;0;0;True
87944;1;1;0;True
87945;5;9;4;True
87946;2;2;0;True
87947;3;6;3;True
87948;6;12;6;True
87949;6;12;6;True
87950;2;4;2;True
87951;4;9;5;True
87952;4;9;5;True
87953;4;6;2;True
87954;9;16;7;True
87955;2;2;0;True
87956;3;6;3;True
87957;1;1;0;True
87958;3;6;3;True
87959;2;4;2;True
87960;3;4;1;True
87961;2;4;2;True
87962;7;16;9;True
87963;1;1;0;True
87964;1;1;0;True
87965;2;4;2;True
87966;0;0;0;True
87967;5;12;7;True
87968;0;0;0;True
87969;8;12;4;True
87970;2;2;0;True
87971;2;2;0;True
87972;3;9;6;True
87973;5;12;7;True
87974;5;12;7;True
87975;3;4;1;True
87976;2;4;2;True
87977;0;0;0;True
87978;5;12;7;True
87979;6;9;3;True
87980;1;1;0;True
87981;3;9;6;True
87982;6;12;6;True
87983;1;1;0;True
87984;6;12;6;True
87985;1;1;0;True
87986;5;12;7;True
87987;4;8;4;True
87988;3;4;1;True
87989;4;9;5;True
87990;0;0;0;True
87991;5;12;7;True
87992;2;4;2;True
87993;3;4;1;True
87994;3;6;3;True
87995;1;1;0;True
87996;5;9;4;True
87997;0;0;0;True
87998;8;16;8;True
87999;3;6;3;True
88000;5;9;4;True
88001;7;16;9;True
88002;5;12;7;True
88003;2;4;2;True
88004;2;4;2;True
88005;7;9;2;True
88006;3;3;0;True
88007;5;9;4;True
88008;6;9;3;True
88009;2;4;2;True
88010;4;8;4;True
88011;4;6;2;True
88012;5;12;7;True
88013;1;1;0;True
88014;2;4;2;True
88015;1;1;0;True
88016;10;16;6;True
88017;2;4;2;True
88018;6;16;10;True
88019;5;6;1;True
88020;9;16;7;True
88021;1;1;0;True
88022;3;6;3;True
88023;2;2;0;True
88024;4;9;5;True
88025;4;6;2;True
88026;4;9;5;True
88027;5;6;1;True
88028;6;8;2;True
88029;8;16;8;True
88030;5;16;11;True
88031;3;4;1;True
88032;5;9;4;True
88033;2;2;0;True
88034;3;6;3;True
88035;2;4;2;True
88036;3;4;1;True
88037;5;9;4;True
88038;4;6;2;True
88039;3;9;6;True
88040;3;4;1;True
88041;2;4;2;True
88042;3;6;3;True
88043;6;12;6;True
88044;1;1;0;True
88045;4;9;5;True
88046;5;12;7;True
88047;0;0;0;True
88048;6;12;6;True
88049;5;6;1;True
88050;4;16;12;True
88051;2;4;2;True
88052;2;2;0;True
88053;5;12;7;True
88054;8;16;8;True
88055;2;4;2;True
88056;9;12;3;True
88057;2;4;2;True
88058;0;0;0;True
88059;5;9;4;True
88060;3;3;0;True
88061;3;6;3;True
88062;4;8;4;True
88063;7;16;9;True
88064;4;9;5;True
88065;2;4;2;True
88066;6;16;10;True
88067;7;16;9;True
88068;6;12;6;True
88069;3;6;3;True
88070;2;2;0;True
88071;2;2;0;True
88072;5;16;11;True
88073;3;6;3;True
88074;2;4;2;True
88075;0;0;0;True
88076;1;1;0;True
88077;3;4;1;True
88078;7;12;5;True
88079;4;6;2;True
88080;7;16;9;True
88081;5;12;7;True
88082;2;2;0;True
88083;5;12;7;True
88084;3;4;1;True
88085;4;12;8;True
88086;2;2;0;True
88087;4;6;2;True
88088;2;4;2;True
88089;7;16;9;True
88090;10;16;6;True
88091;5;9;4;True
88092;3;4;1;True
88093;4;9;5;True
88094;5;12;7;True
88095;3;4;1;True
88096;2;4;2;True
88097;5;9;4;True
88098;5;12;7;True
88099;1;1;0;True
88100;4;6;2;True
88101;0;0;0;True
88102;2;4;2;True
88103;3;9;6;True
88104;0;0;0;True
88105;4;9;5;True
88106;6;9;3;True
88107;2;4;2;True
88108;3;4;1;True
88109;3;9;6;True
88110;6;16;10;True
88111;4;6;2;True
88112;1;1;0;True
88113;5;9;4;True
88114;3;3;0;True
88115;1;1;0;True
88116;5;6;1;True
88117;11;16;5;True
88118;1;1;0;True
88119;7;12;5;True
88120;4;12;8;True
88121;6;16;10;True
88122;2;4;2;True
88123;3;6;3;True
88124;0;0;0;True
88125;3;4;1;True
88126;0;0;0;True
88127;1;1;0;True
88128;6;16;10;True
88129;5;12;7;True
88130;3;6;3;True
88131;5;16;11;True
88132;1;1;0;True
88133;7;12;5;True
88134;1;1;0;True
88135;3;3;0;True
88136;5;9;4;True
88137;6;16;10;True
88138;7;16;9;True
88139;2;2;0;True
88140;0;0;0;True
88141;3;6;3;True
88142;6;12;6;True
88143;1;1;0;True
88144;1;1;0;True
88145;7;16;9;True
88146;2;4;2;True
88147;7;16;9;True
88148;8;16;8;True
88149;3;6;3;True
88150;11;16;5;True
88151;0;0;0;True
88152;3;6;3;True
88153;0;0;0;True
88154;3;9;6;True
88155;7;12;5;True
88156;2;2;0;True
88157;0;0;0;True
88158;3;4;1;True
88159;4;6;2;True
88160;9;16;7;True
88161;2;2;0;True
88162;1;1;0;True
88163;0;0;0;True
88164;2;4;2;True
88165;2;2;0;True
88166;3;6;3;True
88167;4;6;2;True
88168;4;8;4;True
88169;2;4;2;True
88170;5;9;4;True
88171;3;6;3;True
88172;7;16;9;True
88173;4;4;0;True
88174;1;1;0;True
88175;10;16;6;True
88176;2;4;2;True
88177;4;9;5;True
88178;3;9;6;True
88179;3;6;3;True
88180;7;12;5;True
88181;3;6;3;True
88182;8;16;8;True
88183;1;1;0;True
88184;4;6;2;True
88185;2;4;2;True
88186;8;12;4;True
88187;5;12;7;True
88188;4;9;5;True
88189;3;3;0;True
88190;3;6;3;True
88191;4;6;2;True
88192;4;6;2;True
88193;5;12;7;True
88194;2;4;2;True
88195;5;12;7;True
88196;2;4;2;True
88197;4;8;4;True
88198;3;9;6;True
88199;2;4;2;True
88200;2;4;2;True
88201;2;4;2;True
88202;5;9;4;True
88203;6;9;3;True
88204;2;2;0;True
88205;2;2;0;True
88206;4;6;2;True
88207;3;9;6;True
88208;4;9;5;True
88209;8;16;8;True
88210;4;9;5;True
88211;6;12;6;True
88212;4;9;5;True
88213;5;12;7;True
88214;5;9;4;True
88215;6;9;3;True
88216;5;12;7;True
88217;2;2;0;True
88218;3;6;3;True
88219;3;6;3;True
88220;6;12;6;True
88221;6;12;6;True
88222;6;12;6;True
88223;3;6;3;True
88224;2;4;2;True
88225;8;16;8;True
88226;7;16;9;True
88227;3;3;0;True
88228;4;12;8;True
88229;8;12;4;True
88230;0;0;0;True
88231;3;6;3;True
88232;2;4;2;True
88233;3;4;1;True
88234;3;4;1;True
88235;1;1;0;True
88236;3;6;3;True
88237;2;4;2;True
88238;4;6;2;True
88239;5;9;4;True
88240;3;4;1;True
88241;2;4;2;True
88242;3;6;3;True
88243;2;4;2;True
88244;1;1;0;True
88245;4;9;5;True
88246;0;0;0;True
88247;3;6;3;True
88248;3;9;6;True
88249;5;9;4;True
88250;0;0;0;True
88251;2;4;2;True
88252;0;0;0;True
88253;9;16;7;True
88254;6;16;10;True
88255;3;6;3;True
88256;6;12;6;True
88257;4;6;2;True
88258;4;6;2;True
88259;2;4;2;True
88260;3;9;6;True
88261;8;12;4;True
88262;5;12;7;True
88263;0;0;0;True
88264;4;9;5;True
88265;4;9;5;True
88266;2;4;2;True
88267;5;9;4;True
88268;3;9;6;True
88269;4;12;8;True
88270;2;4;2;True
88271;2;4;2;True
88272;8;16;8;True
88273;2;4;2;True
88274;3;3;0;True
88275;1;1;0;True
88276;1;1;0;True
88277;2;2;0;True
88278;1;1;0;True
88279;5;12;7;True
88280;6;8;2;True
88281;3;6;3;True
88282;0;0;0;True
88283;3;4;1;True
88284;5;16;11;True
88285;2;2;0;True
88286;0;0;0;True
88287;6;6;0;True
88288;8;12;4;True
88289;7;12;5;True
88290;6;12;6;True
88291;5;9;4;True
88292;4;6;2;True
88293;7;16;9;True
88294;2;4;2;True
88295;7;16;9;True
88296;6;9;3;True
88297;5;12;7;True
88298;6;12;6;True
88299;6;12;6;True
88300;1;1;0;True
88301;2;4;2;True
88302;6;12;6;True
88303;3;6;3;True
88304;4;9;5;True
88305;5;12;7;True
88306;2;4;2;True
88307;2;2;0;True
88308;4;9;5;True
88309;2;4;2;True
88310;2;2;0;True
88311;10;16;6;True
88312;1;1;0;True
88313;5;12;7;True
88314;2;2;0;True
88315;4;12;8;True
88316;4;6;2;True
88317;7;16;9;True
88318;4;9;5;True
88319;2;2;0;True
88320;5;8;3;True
88321;4;9;5;True
88322;6;12;6;True
88323;7;16;9;True
88324;5;12;7;True
88325;5;12;7;True
88326;7;12;5;True
88327;3;4;1;True
88328;3;6;3;True
88329;5;9;4;True
88330;4;8;4;True
88331;2;4;2;True
88332;3;6;3;True
88333;3;6;3;True
88334;1;1;0;True
88335;10;16;6;True
88336;3;6;3;True
88337;4;9;5;True
88338;0;0;0;True
88339;5;12;7;True
88340;5;12;7;True
88341;2;4;2;True
88342;3;6;3;True
88343;1;1;0;True
88344;1;1;0;True
88345;6;12;6;True
88346;7;12;5;True
88347;1;1;0;True
88348;6;12;6;True
88349;9;16;7;True
88350;0;0;0;True
88351;2;4;2;True
88352;4;9;5;True
88353;4;9;5;True
88354;6;12;6;True
88355;5;9;4;True
88356;4;9;5;True
88357;3;6;3;True
88358;3;4;1;True
88359;7;12;5;True
88360;5;12;7;True
88361;4;9;5;True
88362;1;1;0;True
88363;3;4;1;True
88364;6;9;3;True
88365;3;4;1;True
88366;6;9;3;True
88367;5;12;7;True
88368;4;6;2;True
88369;4;9;5;True
88370;5;12;7;True
88371;3;6;3;True
88372;4;9;5;True
88373;6;12;6;True
88374;4;6;2;True
88375;5;6;1;True
88376;3;6;3;True
88377;2;2;0;True
88378;5;12;7;True
88379;7;16;9;True
88380;3;6;3;True
88381;3;6;3;True
88382;5;9;4;True
88383;5;9;4;True
88384;4;12;8;True
88385;8;16;8;True
88386;3;6;3;True
88387;3;4;1;True
88388;4;9;5;True
88389;5;16;11;True
88390;5;12;7;True
88391;4;9;5;True
88392;2;4;2;True
88393;8;16;8;True
88394;1;1;0;True
88395;1;1;0;True
88396;8;12;4;True
88397;6;9;3;True
88398;7;12;5;True
88399;0;0;0;True
88400;2;2;0;True
88401;4;9;5;True
88402;4;16;12;True
88403;6;8;2;True
88404;5;9;4;True
88405;5;12;7;True
88406;4;6;2;True
88407;7;12;5;True
88408;3;4;1;True
88409;5;16;11;True
88410;4;9;5;True
88411;6;12;6;True
88412;3;4;1;True
88413;3;6;3;True
88414;2;4;2;True
88415;8;16;8;True
88416;4;9;5;True
88417;1;1;0;True
88418;2;4;2;True
88419;4;9;5;True
88420;5;8;3;True
88421;4;9;5;True
88422;6;12;6;True
88423;6;8;2;True
88424;3;3;0;True
88425;5;12;7;True
88426;7;12;5;True
88427;8;12;4;True
88428;4;9;5;True
88429;3;6;3;True
88430;7;12;5;True
88431;1;1;0;True
88432;2;4;2;True
88433;1;1;0;True
88434;1;1;0;True
88435;4;12;8;True
88436;1;1;0;True
88437;7;16;9;True
88438;0;0;0;True
88439;5;9;4;True
88440;6;12;6;True
88441;7;12;5;True
88442;2;4;2;True
88443;2;4;2;True
88444;2;2;0;True
88445;4;9;5;True
88446;7;12;5;True
88447;3;9;6;True
88448;5;8;3;True
88449;0;0;0;True
88450;5;9;4;True
88451;5;9;4;True
88452;4;6;2;True
88453;5;8;3;True
88454;3;4;1;True
88455;3;6;3;True
88456;5;8;3;True
88457;0;0;0;True
88458;0;0;0;True
88459;0;0;0;True
88460;9;16;7;True
88461;3;6;3;True
88462;5;9;4;True
88463;1;1;0;True
88464;2;4;2;True
88465;5;8;3;True
88466;4;6;2;True
88467;4;6;2;True
88468;4;6;2;True
88469;4;9;5;True
88470;2;2;0;True
88471;3;3;0;True
88472;7;9;2;True
88473;3;6;3;True
88474;7;16;9;True
88475;0;0;0;True
88476;4;9;5;True
88477;9;16;7;True
88478;3;4;1;True
88479;0;0;0;True
88480;6;12;6;True
88481;0;0;0;True
88482;2;4;2;True
88483;1;1;0;True
88484;1;1;0;True
88485;1;1;0;True
88486;4;9;5;True
88487;2;4;2;True
88488;3;3;0;True
88489;3;4;1;True
88490;3;6;3;True
88491;0;0;0;True
88492;8;16;8;True
88493;6;12;6;True
88494;1;1;0;True
88495;5;9;4;True
88496;5;9;4;True
88497;3;9;6;True
88498;1;1;0;True
88499;2;4;2;True
88500;1;1;0;True
88501;5;12;7;True
88502;2;4;2;True
88503;3;9;6;True
88504;4;9;5;True
88505;6;8;2;True
88506;3;6;3;True
88507;8;16;8;True
88508;2;2;0;True
88509;8;16;8;True
88510;3;4;1;True
88511;2;4;2;True
88512;4;8;4;True
88513;8;16;8;True
88514;2;4;2;True
88515;3;6;3;True
88516;2;4;2;True
88517;9;16;7;True
88518;5;9;4;True
88519;2;2;0;True
88520;5;8;3;True
88521;4;9;5;True
88522;8;16;8;True
88523;6;16;10;True
88524;5;9;4;True
88525;1;1;0;True
88526;6;8;2;True
88527;7;16;9;True
88528;3;4;1;True
88529;2;4;2;True
88530;5;12;7;True
88531;2;4;2;True
88532;4;9;5;True
88533;9;16;7;True
88534;6;12;6;True
88535;4;6;2;True
88536;10;16;6;True
88537;5;9;4;True
88538;4;9;5;True
88539;6;12;6;True
88540;6;12;6;True
88541;1;1;0;True
88542;2;2;0;True
88543;8;16;8;True
88544;7;16;9;True
88545;2;4;2;True
88546;5;8;3;True
88547;6;9;3;True
88548;2;4;2;True
88549;1;1;0;True
88550;0;0;0;True
88551;2;4;2;True
88552;2;4;2;True
88553;5;12;7;True
88554;6;9;3;True
88555;3;6;3;True
88556;6;9;3;True
88557;0;0;0;True
88558;2;4;2;True
88559;0;0;0;True
88560;1;1;0;True
88561;3;6;3;True
88562;4;6;2;True
88563;7;16;9;True
88564;6;16;10;True
88565;4;6;2;True
88566;9;12;3;True
88567;3;6;3;True
88568;4;9;5;True
88569;1;1;0;True
88570;2;4;2;True
88571;7;16;9;True
88572;2;4;2;True
88573;4;6;2;True
88574;4;6;2;True
88575;2;2;0;True
88576;5;8;3;True
88577;0;0;0;True
88578;3;3;0;True
88579;2;4;2;True
88580;0;0;0;True
88581;1;1;0;True
88582;0;0;0;True
88583;5;9;4;True
88584;4;6;2;True
88585;6;12;6;True
88586;6;16;10;True
88587;4;9;5;True
88588;2;4;2;True
88589;6;12;6;True
88590;6;12;6;True
88591;2;4;2;True
88592;3;6;3;True
88593;3;9;6;True
88594;3;9;6;True
88595;5;9;4;True
88596;3;4;1;True
88597;7;12;5;True
88598;4;12;8;True
88599;4;9;5;True
88600;0;0;0;True
88601;3;6;3;True
88602;2;2;0;True
88603;4;9;5;True
88604;4;6;2;True
88605;1;1;0;True
88606;2;4;2;True
88607;6;8;2;True
88608;0;0;0;True
88609;4;6;2;True
88610;3;6;3;True
88611;0;0;0;True
88612;3;6;3;True
88613;4;9;5;True
88614;1;1;0;True
88615;4;6;2;True
88616;3;4;1;True
88617;8;16;8;True
88618;3;9;6;True
88619;2;4;2;True
88620;0;0;0;True
88621;4;8;4;True
88622;3;4;1;True
88623;3;6;3;True
88624;2;2;0;True
88625;1;1;0;True
88626;5;6;1;True
88627;0;0;0;True
88628;0;0;0;True
88629;6;12;6;True
88630;1;1;0;True
88631;3;9;6;True
88632;5;12;7;True
88633;3;4;1;True
88634;3;6;3;True
88635;2;4;2;True
88636;3;6;3;True
88637;1;1;0;True
88638;1;1;0;True
88639;4;6;2;True
88640;4;9;5;True
88641;3;3;0;True
88642;1;1;0;True
88643;5;9;4;True
88644;1;1;0;True
88645;2;4;2;True
88646;4;16;12;True
88647;3;4;1;True
88648;5;16;11;True
88649;10;12;2;True
88650;4;6;2;True
88651;2;4;2;True
88652;3;6;3;True
88653;5;8;3;True
88654;4;6;2;True
88655;3;4;1;True
88656;1;1;0;True
88657;6;12;6;True
88658;6;12;6;True
88659;1;1;0;True
88660;2;2;0;True
88661;0;0;0;True
88662;8;16;8;True
88663;0;0;0;True
88664;3;6;3;True
88665;2;2;0;True
88666;2;4;2;True
88667;1;1;0;True
88668;1;1;0;True
88669;7;16;9;True
88670;5;12;7;True
88671;5;12;7;True
88672;3;4;1;True
88673;7;12;5;True
88674;3;6;3;True
88675;4;6;2;True
88676;4;9;5;True
88677;3;4;1;True
88678;3;6;3;True
88679;2;4;2;True
88680;6;9;3;True
88681;2;4;2;True
88682;2;4;2;True
88683;4;12;8;True
88684;2;2;0;True
88685;2;4;2;True
88686;4;9;5;True
88687;1;1;0;True
88688;6;16;10;True
88689;4;9;5;True
88690;3;6;3;True
88691;2;4;2;True
88692;1;1;0;True
88693;1;1;0;True
88694;7;16;9;True
88695;9;12;3;True
88696;3;6;3;True
88697;4;9;5;True
88698;1;1;0;True
88699;2;4;2;True
88700;4;6;2;True
88701;6;16;10;True
88702;7;16;9;True
88703;4;6;2;True
88704;3;4;1;True
88705;4;6;2;True
88706;2;4;2;True
88707;1;1;0;True
88708;5;12;7;True
88709;1;1;0;True
88710;5;16;11;True
88711;1;1;0;True
88712;4;9;5;True
88713;7;9;2;True
88714;6;12;6;True
88715;5;16;11;True
88716;2;2;0;True
88717;1;1;0;True
88718;0;0;0;True
88719;2;2;0;True
88720;0;0;0;True
88721;0;0;0;True
88722;5;12;7;True
88723;7;16;9;True
88724;5;16;11;True
88725;0;0;0;True
88726;8;16;8;True
88727;8;16;8;True
88728;2;4;2;True
88729;4;9;5;True
88730;2;4;2;True
88731;1;1;0;True
88732;1;1;0;True
88733;7;16;9;True
88734;5;9;4;True
88735;6;9;3;True
88736;4;9;5;True
88737;3;3;0;True
88738;4;9;5;True
88739;0;0;0;True
88740;2;2;0;True
88741;4;8;4;True
88742;5;9;4;True
88743;2;2;0;True
88744;4;9;5;True
88745;5;6;1;True
88746;2;4;2;True
88747;4;6;2;True
88748;5;9;4;True
88749;3;6;3;True
88750;4;9;5;True
88751;6;12;6;True
88752;0;0;0;True
88753;0;0;0;True
88754;4;6;2;True
88755;6;12;6;True
88756;4;6;2;True
88757;5;12;7;True
88758;2;4;2;True
88759;5;12;7;True
88760;2;4;2;True
88761;4;9;5;True
88762;1;1;0;True
88763;7;12;5;True
88764;6;12;6;True
88765;6;12;6;True
88766;4;6;2;True
88767;2;2;0;True
88768;9;16;7;True
88769;3;9;6;True
88770;3;6;3;True
88771;5;12;7;True
88772;2;4;2;True
88773;2;4;2;True
88774;1;1;0;True
88775;2;4;2;True
88776;5;9;4;True
88777;5;8;3;True
88778;8;16;8;True
88779;4;9;5;True
88780;2;4;2;True
88781;5;12;7;True
88782;6;9;3;True
88783;4;4;0;True
88784;1;1;0;True
88785;3;6;3;True
88786;7;12;5;True
88787;3;6;3;True
88788;6;12;6;True
88789;5;8;3;True
88790;5;9;4;True
88791;2;2;0;True
88792;1;1;0;True
88793;4;16;12;True
88794;4;9;5;True
88795;4;6;2;True
88796;4;12;8;True
88797;4;9;5;True
88798;4;9;5;True
88799;2;2;0;True
88800;7;16;9;True
88801;3;6;3;True
88802;4;12;8;True
88803;3;6;3;True
88804;5;12;7;True
88805;2;4;2;True
88806;2;4;2;True
88807;1;1;0;True
88808;3;9;6;True
88809;1;1;0;True
88810;2;4;2;True
88811;1;1;0;True
88812;1;1;0;True
88813;6;12;6;True
88814;3;6;3;True
88815;3;4;1;True
88816;2;4;2;True
88817;8;16;8;True
88818;2;4;2;True
88819;4;9;5;True
88820;3;6;3;True
88821;8;12;4;True
88822;1;1;0;True
88823;2;4;2;True
88824;5;9;4;True
88825;2;2;0;True
88826;5;6;1;True
88827;5;8;3;True
88828;6;12;6;True
88829;4;9;5;True
88830;1;1;0;True
88831;6;12;6;True
88832;2;4;2;True
88833;5;12;7;True
88834;5;9;4;True
88835;1;1;0;True
88836;12;16;4;True
88837;4;12;8;True
88838;5;8;3;True
88839;7;16;9;True
88840;9;16;7;True
88841;4;9;5;True
88842;7;16;9;True
88843;1;1;0;True
88844;2;4;2;True
88845;1;1;0;True
88846;1;1;0;True
88847;7;16;9;True
88848;6;16;10;True
88849;3;6;3;True
88850;3;6;3;True
88851;1;1;0;True
88852;5;12;7;True
88853;3;6;3;True
88854;3;6;3;True
88855;1;1;0;True
88856;4;9;5;True
88857;3;4;1;True
88858;5;6;1;True
88859;4;4;0;True
88860;8;16;8;True
88861;1;1;0;True
88862;4;12;8;True
88863;2;4;2;True
88864;3;9;6;True
88865;2;2;0;True
88866;4;6;2;True
88867;3;3;0;True
88868;2;4;2;True
88869;2;4;2;True
88870;2;4;2;True
88871;3;4;1;True
88872;6;12;6;True
88873;1;1;0;True
88874;7;16;9;True
88875;2;4;2;True
88876;2;2;0;True
88877;3;4;1;True
88878;8;16;8;True
88879;5;12;7;True
88880;0;0;0;True
88881;5;12;7;True
88882;2;2;0;True
88883;4;9;5;True
88884;4;9;5;True
88885;3;6;3;True
88886;2;2;0;True
88887;6;16;10;True
88888;0;0;0;True
88889;5;9;4;True
88890;3;6;3;True
88891;7;12;5;True
88892;6;16;10;True
88893;3;6;3;True
88894;0;0;0;True
88895;8;16;8;True
88896;6;12;6;True
88897;4;9;5;True
88898;4;4;0;True
88899;5;8;3;True
88900;5;12;7;True
88901;2;4;2;True
88902;6;12;6;True
88903;6;12;6;True
88904;2;2;0;True
88905;4;9;5;True
88906;0;0;0;True
88907;6;12;6;True
88908;1;1;0;True
88909;5;9;4;True
88910;2;4;2;True
88911;2;4;2;True
88912;4;12;8;True
88913;2;2;0;True
88914;7;12;5;True
88915;3;6;3;True
88916;0;0;0;True
88917;4;9;5;True
88918;3;9;6;True
88919;2;4;2;True
88920;5;9;4;True
88921;6;12;6;True
88922;4;9;5;True
88923;6;12;6;True
88924;1;1;0;True
88925;3;9;6;True
88926;4;9;5;True
88927;4;12;8;True
88928;3;6;3;True
88929;2;4;2;True
88930;6;9;3;True
88931;3;9;6;True
88932;2;2;0;True
88933;5;9;4;True
88934;2;4;2;True
88935;4;9;5;True
88936;4;6;2;True
88937;2;4;2;True
88938;6;16;10;True
88939;7;16;9;True
88940;4;9;5;True
88941;5;8;3;True
88942;8;16;8;True
88943;0;0;0;True
88944;5;9;4;True
88945;1;1;0;True
88946;6;9;3;True
88947;3;9;6;True
88948;4;6;2;True
88949;8;12;4;True
88950;3;4;1;True
88951;6;16;10;True
88952;3;4;1;True
88953;6;12;6;True
88954;1;1;0;True
88955;5;12;7;True
88956;3;3;0;True
88957;4;9;5;True
88958;0;0;0;True
88959;5;12;7;True
88960;6;12;6;True
88961;4;8;4;True
88962;2;4;2;True
88963;2;4;2;True
88964;3;6;3;True
88965;3;6;3;True
88966;9;16;7;True
88967;7;16;9;True
88968;1;1;0;True
88969;1;1;0;True
88970;4;6;2;True
88971;4;9;5;True
88972;8;16;8;True
88973;7;16;9;True
88974;10;16;6;True
88975;3;4;1;True
88976;8;12;4;True
88977;0;0;0;True
88978;2;2;0;True
88979;2;4;2;True
88980;2;4;2;True
88981;3;6;3;True
88982;3;4;1;True
88983;0;0;0;True
88984;1;1;0;True
88985;6;16;10;True
88986;5;12;7;True
88987;3;4;1;True
88988;4;6;2;True
88989;3;3;0;True
88990;4;12;8;True
88991;1;1;0;True
88992;6;12;6;True
88993;11;16;5;True
88994;6;12;6;True
88995;2;4;2;True
88996;1;1;0;True
88997;3;6;3;True
88998;7;12;5;True
88999;2;2;0;True
89000;5;8;3;True
89001;3;4;1;True
89002;2;4;2;True
89003;3;6;3;True
89004;4;8;4;True
89005;4;9;5;True
89006;4;16;12;True
89007;4;8;4;True
89008;2;4;2;True
89009;1;1;0;True
89010;7;16;9;True
89011;3;9;6;True
89012;5;12;7;True
89013;6;12;6;True
89014;3;4;1;True
89015;3;9;6;True
89016;5;12;7;True
89017;5;16;11;True
89018;6;12;6;True
89019;3;6;3;True
89020;3;6;3;True
89021;2;4;2;True
89022;6;12;6;True
89023;5;6;1;True
89024;3;6;3;True
89025;4;9;5;True
89026;0;0;0;True
89027;7;12;5;True
89028;3;6;3;True
89029;2;2;0;True
89030;0;0;0;True
89031;6;16;10;True
89032;4;9;5;True
89033;4;9;5;True
89034;3;4;1;True
89035;2;2;0;True
89036;0;0;0;True
89037;6;16;10;True
89038;6;12;6;True
89039;5;12;7;True
89040;2;4;2;True
89041;4;6;2;True
89042;8;12;4;True
89043;4;9;5;True
89044;4;6;2;True
89045;2;4;2;True
89046;2;2;0;True
89047;6;12;6;True
89048;8;12;4;True
89049;1;1;0;True
89050;1;1;0;True
89051;0;0;0;True
89052;6;16;10;True
89053;1;1;0;True
89054;7;16;9;True
89055;1;1;0;True
89056;3;9;6;True
89057;8;16;8;True
89058;11;16;5;True
89059;3;6;3;True
89060;3;4;1;True
89061;2;2;0;True
89062;0;0;0;True
89063;1;1;0;True
89064;4;12;8;True
89065;4;9;5;True
89066;5;6;1;True
89067;3;6;3;True
89068;1;1;0;True
89069;6;12;6;True
89070;1;1;0;True
89071;7;12;5;True
89072;3;6;3;True
89073;2;4;2;True
89074;0;0;0;True
89075;6;12;6;True
89076;3;6;3;True
89077;2;4;2;True
89078;4;6;2;True
89079;3;9;6;True
89080;0;0;0;True
89081;5;12;7;True
89082;1;1;0;True
89083;0;0;0;True
89084;5;9;4;True
89085;3;6;3;True
89086;5;12;7;True
89087;3;6;3;True
89088;5;12;7;True
89089;5;12;7;True
89090;8;12;4;True
89091;5;9;4;True
89092;8;16;8;True
89093;1;1;0;True
89094;5;9;4;True
89095;1;1;0;True
89096;9;16;7;True
89097;5;12;7;True
89098;5;8;3;True
89099;3;6;3;True
89100;4;6;2;True
89101;3;6;3;True
89102;5;9;4;True
89103;1;1;0;True
89104;4;4;0;True
89105;3;6;3;True
89106;4;4;0;True
89107;5;12;7;True
89108;10;16;6;True
89109;5;9;4;True
89110;4;6;2;True
89111;3;6;3;True
89112;1;1;0;True
89113;3;9;6;True
89114;1;1;0;True
89115;3;9;6;True
89116;5;12;7;True
89117;8;16;8;True
89118;2;4;2;True
89119;4;6;2;True
89120;2;2;0;True
89121;5;9;4;True
89122;2;4;2;True
89123;7;12;5;True
89124;4;6;2;True
89125;4;9;5;True
89126;1;1;0;True
89127;2;4;2;True
89128;6;12;6;True
89129;5;12;7;True
89130;3;6;3;True
89131;4;4;0;True
89132;12;16;4;True
89133;9;16;7;True
89134;3;6;3;True
89135;5;6;1;True
89136;3;4;1;True
89137;3;9;6;True
89138;4;6;2;True
89139;3;6;3;True
89140;2;2;0;True
89141;4;9;5;True
89142;6;12;6;True
89143;4;6;2;True
89144;1;1;0;True
89145;3;9;6;True
89146;0;0;0;True
89147;4;6;2;True
89148;5;9;4;True
89149;0;0;0;True
89150;4;12;8;True
89151;1;1;0;True
89152;7;16;9;True
89153;5;12;7;True
89154;1;1;0;True
89155;1;1;0;True
89156;7;16;9;True
89157;4;12;8;True
89158;1;1;0;True
89159;3;6;3;True
89160;4;6;2;True
89161;5;9;4;True
89162;7;12;5;True
89163;7;8;1;True
89164;5;9;4;True
89165;3;4;1;True
89166;0;0;0;True
89167;1;1;0;True
89168;1;1;0;True
89169;4;9;5;True
89170;3;4;1;True
89171;4;12;8;True
89172;3;3;0;True
89173;6;16;10;True
89174;6;16;10;True
89175;3;4;1;True
89176;4;6;2;True
89177;2;2;0;True
89178;3;6;3;True
89179;7;16;9;True
89180;2;4;2;True
89181;4;6;2;True
89182;3;6;3;True
89183;8;16;8;True
89184;5;8;3;True
89185;1;1;0;True
89186;5;9;4;True
89187;4;6;2;True
89188;4;6;2;True
89189;9;16;7;True
89190;4;9;5;True
89191;6;16;10;True
89192;2;2;0;True
89193;3;9;6;True
89194;2;4;2;True
89195;3;4;1;True
89196;3;6;3;True
89197;1;1;0;True
89198;2;4;2;True
89199;4;6;2;True
89200;4;9;5;True
89201;1;1;0;True
89202;2;4;2;True
89203;6;12;6;True
89204;3;6;3;True
89205;4;9;5;True
89206;4;8;4;True
89207;7;12;5;True
89208;1;1;0;True
89209;2;2;0;True
89210;6;16;10;True
89211;4;12;8;True
89212;6;12;6;True
89213;4;9;5;True
89214;7;12;5;True
89215;6;16;10;True
89216;0;0;0;True
89217;4;12;8;True
89218;5;12;7;True
89219;2;4;2;True
89220;2;4;2;True
89221;9;16;7;True
89222;4;9;5;True
89223;8;16;8;True
89224;2;4;2;True
89225;6;12;6;True
89226;1;1;0;True
89227;5;12;7;True
89228;0;0;0;True
89229;1;1;0;True
89230;1;1;0;True
89231;4;6;2;True
89232;3;6;3;True
89233;5;6;1;True
89234;0;0;0;True
89235;1;1;0;True
89236;6;12;6;True
89237;2;4;2;True
89238;2;4;2;True
89239;3;4;1;True
89240;0;0;0;True
89241;7;16;9;True
89242;2;4;2;True
89243;1;1;0;True
89244;2;2;0;True
89245;2;2;0;True
89246;5;9;4;True
89247;2;4;2;True
89248;6;12;6;True
89249;3;6;3;True
89250;1;1;0;True
89251;3;9;6;True
89252;1;1;0;True
89253;7;12;5;True
89254;7;12;5;True
89255;3;4;1;True
89256;0;0;0;True
89257;0;0;0;True
89258;0;0;0;True
89259;3;4;1;True
89260;6;12;6;True
89261;3;6;3;True
89262;2;4;2;True
89263;5;12;7;True
89264;3;9;6;True
89265;7;16;9;True
89266;2;2;0;True
89267;5;9;4;True
89268;6;9;3;True
89269;3;9;6;True
89270;1;1;0;True
89271;7;12;5;True
89272;3;6;3;True
89273;1;1;0;True
89274;7;12;5;True
89275;3;6;3;True
89276;0;0;0;True
89277;3;4;1;True
89278;5;9;4;True
89279;3;6;3;True
89280;5;9;4;True
89281;6;16;10;True
89282;4;9;5;True
89283;4;9;5;True
89284;4;9;5;True
89285;2;2;0;True
89286;5;9;4;True
89287;2;4;2;True
89288;2;2;0;True
89289;2;4;2;True
89290;4;6;2;True
89291;4;6;2;True
89292;2;4;2;True
89293;0;0;0;True
89294;2;2;0;True
89295;4;9;5;True
89296;2;2;0;True
89297;2;4;2;True
89298;1;1;0;True
89299;5;9;4;True
89300;0;0;0;True
89301;3;6;3;True
89302;3;4;1;True
89303;3;4;1;True
89304;4;6;2;True
89305;4;6;2;True
89306;5;12;7;True
89307;2;4;2;True
89308;2;4;2;True
89309;4;6;2;True
89310;8;16;8;True
89311;7;12;5;True
89312;1;1;0;True
89313;2;4;2;True
89314;8;16;8;True
89315;2;2;0;True
89316;1;1;0;True
89317;0;0;0;True
89318;7;16;9;True
89319;3;4;1;True
89320;3;6;3;True
89321;0;0;0;True
89322;5;9;4;True
89323;4;6;2;True
89324;3;6;3;True
89325;3;6;3;True
89326;3;6;3;True
89327;3;4;1;True
89328;2;2;0;True
89329;0;0;0;True
89330;7;12;5;True
89331;7;16;9;True
89332;0;0;0;True
89333;8;16;8;True
89334;6;12;6;True
89335;1;1;0;True
89336;3;6;3;True
89337;7;12;5;True
89338;6;16;10;True
89339;4;8;4;True
89340;2;2;0;True
89341;4;6;2;True
89342;6;16;10;True
89343;0;0;0;True
89344;4;6;2;True
89345;1;1;0;True
89346;7;16;9;True
89347;6;16;10;True
89348;0;0;0;True
89349;5;9;4;True
89350;1;1;0;True
89351;4;12;8;True
89352;3;9;6;True
89353;2;4;2;True
89354;6;16;10;True
89355;3;4;1;True
89356;1;1;0;True
89357;6;12;6;True
89358;1;1;0;True
89359;1;1;0;True
89360;1;1;0;True
89361;2;4;2;True
89362;0;0;0;True
89363;2;2;0;True
89364;7;16;9;True
89365;1;1;0;True
89366;4;6;2;True
89367;2;2;0;True
89368;9;12;3;True
89369;6;16;10;True
89370;5;9;4;True
89371;1;1;0;True
89372;2;2;0;True
89373;2;2;0;True
89374;2;4;2;True
89375;3;9;6;True
89376;3;6;3;True
89377;4;12;8;True
89378;3;6;3;True
89379;7;16;9;True
89380;6;12;6;True
89381;2;4;2;True
89382;2;4;2;True
89383;2;4;2;True
89384;4;9;5;True
89385;5;12;7;True
89386;3;3;0;True
89387;6;9;3;True
89388;5;8;3;True
89389;7;16;9;True
89390;2;2;0;True
89391;9;16;7;True
89392;1;1;0;True
89393;1;1;0;True
89394;1;1;0;True
89395;4;6;2;True
89396;6;12;6;True
89397;0;0;0;True
89398;2;4;2;True
89399;3;6;3;True
89400;4;6;2;True
89401;5;9;4;True
89402;1;1;0;True
89403;4;9;5;True
89404;3;9;6;True
89405;4;6;2;True
89406;2;2;0;True
89407;4;12;8;True
89408;2;2;0;True
89409;4;12;8;True
89410;2;4;2;True
89411;3;4;1;True
89412;2;4;2;True
89413;5;9;4;True
89414;5;12;7;True
89415;3;6;3;True
89416;0;0;0;True
89417;5;12;7;True
89418;3;9;6;True
89419;6;16;10;True
89420;1;1;0;True
89421;6;12;6;True
89422;2;2;0;True
89423;6;12;6;True
89424;2;2;0;True
89425;2;4;2;True
89426;3;9;6;True
89427;5;12;7;True
89428;1;1;0;True
89429;4;9;5;True
89430;6;9;3;True
89431;7;16;9;True
89432;3;4;1;True
89433;6;12;6;True
89434;2;2;0;True
89435;2;2;0;True
89436;1;1;0;True
89437;1;1;0;True
89438;0;0;0;True
89439;7;12;5;True
89440;9;16;7;True
89441;8;12;4;True
89442;4;9;5;True
89443;10;16;6;True
89444;10;16;6;True
89445;0;0;0;True
89446;1;1;0;True
89447;6;12;6;True
89448;2;4;2;True
89449;3;9;6;True
89450;5;12;7;True
89451;3;4;1;True
89452;5;9;4;True
89453;6;12;6;True
89454;3;6;3;True
89455;7;12;5;True
89456;3;6;3;True
89457;1;1;0;True
89458;5;9;4;True
89459;10;12;2;True
89460;3;9;6;True
89461;4;6;2;True
89462;2;4;2;True
89463;4;6;2;True
89464;4;12;8;True
89465;2;2;0;True
89466;0;0;0;True
89467;8;16;8;True
89468;1;1;0;True
89469;5;6;1;True
89470;5;12;7;True
89471;1;1;0;True
89472;7;16;9;True
89473;1;1;0;True
89474;0;0;0;True
89475;5;9;4;True
89476;1;1;0;True
89477;6;12;6;True
89478;3;6;3;True
89479;4;12;8;True
89480;4;6;2;True
89481;6;16;10;True
89482;2;2;0;True
89483;2;2;0;True
89484;4;8;4;True
89485;2;4;2;True
89486;4;6;2;True
89487;2;4;2;True
89488;2;4;2;True
89489;4;9;5;True
89490;1;1;0;True
89491;1;1;0;True
89492;2;4;2;True
89493;4;9;5;True
89494;3;6;3;True
89495;5;16;11;True
89496;7;12;5;True
89497;1;1;0;True
89498;10;16;6;True
89499;5;12;7;True
89500;6;12;6;True
89501;9;16;7;True
89502;3;6;3;True
89503;7;12;5;True
89504;1;1;0;True
89505;2;4;2;True
89506;2;2;0;True
89507;7;16;9;True
89508;5;12;7;True
89509;2;2;0;True
89510;4;9;5;True
89511;1;1;0;True
89512;7;8;1;True
89513;7;16;9;True
89514;4;6;2;True
89515;0;0;0;True
89516;2;4;2;True
89517;3;6;3;True
89518;1;1;0;True
89519;3;6;3;True
89520;5;12;7;True
89521;6;12;6;True
89522;3;6;3;True
89523;6;12;6;True
89524;6;16;10;True
89525;6;9;3;True
89526;2;4;2;True
89527;5;12;7;True
89528;5;12;7;True
89529;4;9;5;True
89530;5;12;7;True
89531;2;2;0;True
89532;3;6;3;True
89533;6;12;6;True
89534;6;16;10;True
89535;2;2;0;True
89536;4;12;8;True
89537;8;16;8;True
89538;5;9;4;True
89539;8;12;4;True
89540;2;4;2;True
89541;2;2;0;True
89542;3;4;1;True
89543;5;6;1;True
89544;1;1;0;True
89545;5;12;7;True
89546;7;16;9;True
89547;3;9;6;True
89548;5;8;3;True
89549;9;16;7;True
89550;0;0;0;True
89551;3;6;3;True
89552;3;4;1;True
89553;8;16;8;True
89554;9;16;7;True
89555;7;16;9;True
89556;5;16;11;True
89557;2;4;2;True
89558;2;2;0;True
89559;0;0;0;True
89560;4;6;2;True
89561;3;4;1;True
89562;1;1;0;True
89563;2;4;2;True
89564;4;12;8;True
89565;4;9;5;True
89566;0;0;0;True
89567;2;4;2;True
89568;4;9;5;True
89569;2;2;0;True
89570;3;6;3;True
89571;3;6;3;True
89572;5;8;3;True
89573;1;1;0;True
89574;5;9;4;True
89575;0;0;0;True
89576;6;16;10;True
89577;7;12;5;True
89578;4;12;8;True
89579;6;12;6;True
89580;2;4;2;True
89581;6;12;6;True
89582;5;12;7;True
89583;3;6;3;True
89584;4;4;0;True
89585;1;1;0;True
89586;5;9;4;True
89587;2;4;2;True
89588;6;12;6;True
89589;0;0;0;True
89590;7;12;5;True
89591;5;9;4;True
89592;5;9;4;True
89593;4;12;8;True
89594;5;8;3;True
89595;3;6;3;True
89596;4;6;2;True
89597;5;9;4;True
89598;6;16;10;True
89599;4;9;5;True
89600;5;12;7;True
89601;4;6;2;True
89602;4;9;5;True
89603;4;6;2;True
89604;4;9;5;True
89605;1;1;0;True
89606;2;4;2;True
89607;4;9;5;True
89608;4;12;8;True
89609;4;9;5;True
89610;3;6;3;True
89611;5;8;3;True
89612;2;4;2;True
89613;7;8;1;True
89614;5;9;4;True
89615;4;6;2;True
89616;5;8;3;True
89617;2;4;2;True
89618;3;6;3;True
89619;5;12;7;True
89620;3;6;3;True
89621;6;12;6;True
89622;3;4;1;True
89623;3;6;3;True
89624;5;16;11;True
89625;2;4;2;True
89626;3;6;3;True
89627;5;12;7;True
89628;5;16;11;True
89629;7;16;9;True
89630;3;6;3;True
89631;4;9;5;True
89632;7;12;5;True
89633;6;16;10;True
89634;5;12;7;True
89635;4;9;5;True
89636;3;4;1;True
89637;5;9;4;True
89638;4;9;5;True
89639;3;4;1;True
89640;2;2;0;True
89641;1;1;0;True
89642;3;9;6;True
89643;1;1;0;True
89644;2;4;2;True
89645;5;9;4;True
89646;4;9;5;True
89647;2;4;2;True
89648;3;6;3;True
89649;1;1;0;True
89650;1;1;0;True
89651;8;16;8;True
89652;6;12;6;True
89653;1;1;0;True
89654;6;16;10;True
89655;5;12;7;True
89656;8;16;8;True
89657;4;9;5;True
89658;2;2;0;True
89659;5;12;7;True
89660;1;1;0;True
89661;6;12;6;True
89662;1;1;0;True
89663;4;9;5;True
89664;2;4;2;True
89665;3;6;3;True
89666;4;8;4;True
89667;2;2;0;True
89668;7;9;2;True
89669;7;16;9;True
89670;8;12;4;True
89671;4;9;5;True
89672;1;1;0;True
89673;1;1;0;True
89674;5;16;11;True
89675;4;9;5;True
89676;4;12;8;True
89677;2;2;0;True
89678;1;1;0;True
89679;4;9;5;True
89680;5;12;7;True
89681;0;0;0;True
89682;3;4;1;True
89683;0;0;0;True
89684;3;4;1;True
89685;3;4;1;True
89686;2;4;2;True
89687;7;16;9;True
89688;3;4;1;True
89689;6;12;6;True
89690;3;6;3;True
89691;6;12;6;True
89692;9;12;3;True
89693;0;0;0;True
89694;3;4;1;True
89695;2;4;2;True
89696;4;12;8;True
89697;2;4;2;True
89698;3;6;3;True
89699;6;16;10;True
89700;2;2;0;True
89701;4;9;5;True
89702;0;0;0;True
89703;6;9;3;True
89704;3;4;1;True
89705;3;6;3;True
89706;5;12;7;True
89707;1;1;0;True
89708;6;9;3;True
89709;2;4;2;True
89710;6;16;10;True
89711;5;12;7;True
89712;5;9;4;True
89713;6;16;10;True
89714;4;9;5;True
89715;5;8;3;True
89716;1;1;0;True
89717;10;16;6;True
89718;4;9;5;True
89719;4;9;5;True
89720;4;9;5;True
89721;8;16;8;True
89722;1;1;0;True
89723;1;1;0;True
89724;2;2;0;True
89725;2;2;0;True
89726;2;2;0;True
89727;1;1;0;True
89728;2;4;2;True
89729;4;8;4;True
89730;2;2;0;True
89731;5;12;7;True
89732;3;6;3;True
89733;0;0;0;True
89734;4;9;5;True
89735;1;1;0;True
89736;5;12;7;True
89737;4;12;8;True
89738;9;16;7;True
89739;7;16;9;True
89740;6;12;6;True
89741;5;12;7;True
89742;0;0;0;True
89743;3;4;1;True
89744;2;4;2;True
89745;2;2;0;True
89746;2;4;2;True
89747;4;9;5;True
89748;0;0;0;True
89749;5;12;7;True
89750;5;9;4;True
89751;4;6;2;True
89752;7;16;9;True
89753;1;1;0;True
89754;5;12;7;True
89755;1;1;0;True
89756;10;16;6;True
89757;2;4;2;True
89758;0;0;0;True
89759;2;4;2;True
89760;4;9;5;True
89761;1;1;0;True
89762;3;6;3;True
89763;1;1;0;True
89764;5;6;1;True
89765;4;12;8;True
89766;12;16;4;True
89767;2;4;2;True
89768;7;16;9;True
89769;9;16;7;True
89770;1;1;0;True
89771;3;3;0;True
89772;10;16;6;True
89773;4;4;0;True
89774;3;9;6;True
89775;4;9;5;True
89776;8;12;4;True
89777;1;1;0;True
89778;4;6;2;True
89779;3;4;1;True
89780;3;9;6;True
89781;5;12;7;True
89782;5;12;7;True
89783;5;9;4;True
89784;4;9;5;True
89785;5;12;7;True
89786;1;1;0;True
89787;2;4;2;True
89788;1;1;0;True
89789;7;12;5;True
89790;2;4;2;True
89791;4;6;2;True
89792;3;9;6;True
89793;1;1;0;True
89794;2;2;0;True
89795;10;16;6;True
89796;2;4;2;True
89797;2;4;2;True
89798;2;4;2;True
89799;11;16;5;True
89800;3;6;3;True
89801;0;0;0;True
89802;5;8;3;True
89803;1;1;0;True
89804;3;9;6;True
89805;4;12;8;True
89806;1;1;0;True
89807;2;2;0;True
89808;3;3;0;True
89809;1;1;0;True
89810;2;4;2;True
89811;3;6;3;True
89812;6;12;6;True
89813;6;12;6;True
89814;6;12;6;True
89815;4;6;2;True
89816;4;9;5;True
89817;1;1;0;True
89818;1;1;0;True
89819;4;6;2;True
89820;0;0;0;True
89821;1;1;0;True
89822;6;12;6;True
89823;3;4;1;True
89824;1;1;0;True
89825;2;4;2;True
89826;4;9;5;True
89827;3;6;3;True
89828;5;12;7;True
89829;2;2;0;True
89830;10;16;6;True
89831;5;12;7;True
89832;3;4;1;True
89833;4;6;2;True
89834;4;6;2;True
89835;6;16;10;True
89836;1;1;0;True
89837;3;6;3;True
89838;6;16;10;True
89839;1;1;0;True
89840;5;12;7;True
89841;8;12;4;True
89842;4;6;2;True
89843;3;6;3;True
89844;4;9;5;True
89845;2;4;2;True
89846;0;0;0;True
89847;0;0;0;True
89848;5;12;7;True
89849;4;9;5;True
89850;3;4;1;True
89851;2;2;0;True
89852;1;1;0;True
89853;7;16;9;True
89854;9;16;7;True
89855;1;1;0;True
89856;6;16;10;True
89857;5;9;4;True
89858;5;9;4;True
89859;0;0;0;True
89860;6;16;10;True
89861;4;9;5;True
89862;0;0;0;True
89863;3;6;3;True
89864;1;1;0;True
89865;2;4;2;True
89866;3;4;1;True
89867;2;4;2;True
89868;4;6;2;True
89869;3;9;6;True
89870;3;6;3;True
89871;5;16;11;True
89872;2;2;0;True
89873;0;0;0;True
89874;5;16;11;True
89875;2;4;2;True
89876;6;12;6;True
89877;2;4;2;True
89878;3;4;1;True
89879;2;4;2;True
89880;2;4;2;True
89881;7;12;5;True
89882;6;9;3;True
89883;3;9;6;True
89884;4;9;5;True
89885;0;0;0;True
89886;1;1;0;True
89887;1;1;0;True
89888;5;9;4;True
89889;5;12;7;True
89890;5;9;4;True
89891;2;4;2;True
89892;5;12;7;True
89893;6;16;10;True
89894;6;12;6;True
89895;1;1;0;True
89896;0;0;0;True
89897;2;2;0;True
89898;3;4;1;True
89899;8;16;8;True
89900;6;16;10;True
89901;4;12;8;True
89902;4;12;8;True
89903;0;0;0;True
89904;1;1;0;True
89905;6;12;6;True
89906;2;4;2;True
89907;1;1;0;True
89908;5;12;7;True
89909;5;9;4;True
89910;5;8;3;True
89911;6;12;6;True
89912;5;12;7;True
89913;2;4;2;True
89914;3;9;6;True
89915;3;6;3;True
89916;2;2;0;True
89917;2;4;2;True
89918;3;6;3;True
89919;2;2;0;True
89920;6;12;6;True
89921;1;1;0;True
89922;4;6;2;True
89923;3;6;3;True
89924;2;2;0;True
89925;5;12;7;True
89926;8;12;4;True
89927;2;4;2;True
89928;2;2;0;True
89929;4;9;5;True
89930;2;4;2;True
89931;5;9;4;True
89932;8;16;8;True
89933;4;6;2;True
89934;1;1;0;True
89935;2;2;0;True
89936;6;16;10;True
89937;5;9;4;True
89938;1;1;0;True
89939;7;12;5;True
89940;2;4;2;True
89941;2;2;0;True
89942;1;1;0;True
89943;0;0;0;True
89944;5;8;3;True
89945;1;1;0;True
89946;1;1;0;True
89947;2;2;0;True
89948;6;16;10;True
89949;6;12;6;True
89950;1;1;0;True
89951;6;9;3;True
89952;3;4;1;True
89953;1;1;0;True
89954;8;16;8;True
89955;6;12;6;True
89956;4;9;5;True
89957;7;12;5;True
89958;2;4;2;True
89959;7;16;9;True
89960;1;1;0;True
89961;3;4;1;True
89962;3;4;1;True
89963;5;12;7;True
89964;5;12;7;True
89965;2;2;0;True
89966;3;4;1;True
89967;7;16;9;True
89968;3;6;3;True
89969;4;8;4;True
89970;7;12;5;True
89971;5;9;4;True
89972;1;1;0;True
89973;7;8;1;True
89974;4;6;2;True
89975;1;1;0;True
89976;2;2;0;True
89977;4;4;0;True
89978;3;6;3;True
89979;7;16;9;True
89980;7;16;9;True
89981;5;9;4;True
89982;4;12;8;True
89983;9;12;3;True
89984;8;16;8;True
89985;7;16;9;True
89986;1;1;0;True
89987;6;12;6;True
89988;4;6;2;True
89989;3;9;6;True
89990;4;12;8;True
89991;5;9;4;True
89992;4;6;2;True
89993;0;0;0;True
89994;0;0;0;True
89995;5;12;7;True
89996;3;4;1;True
89997;2;2;0;True
89998;3;4;1;True
89999;0;0;0;True
90000;8;12;4;True
90001;5;8;3;True
90002;4;6;2;True
90003;4;12;8;True
90004;4;9;5;True
90005;5;9;4;True
90006;1;1;0;True
90007;1;1;0;True
90008;5;12;7;True
90009;1;1;0;True
90010;5;9;4;True
90011;4;6;2;True
90012;6;16;10;True
90013;2;2;0;True
90014;3;4;1;True
90015;4;12;8;True
90016;5;9;4;True
90017;4;12;8;True
90018;1;1;0;True
90019;4;8;4;True
90020;5;12;7;True
90021;7;12;5;True
90022;4;9;5;True
90023;3;6;3;True
90024;4;12;8;True
90025;6;12;6;True
90026;0;0;0;True
90027;4;9;5;True
90028;5;12;7;True
90029;1;1;0;True
90030;5;16;11;True
90031;1;1;0;True
90032;7;12;5;True
90033;1;1;0;True
90034;2;2;0;True
90035;2;4;2;True
90036;3;9;6;True
90037;3;6;3;True
90038;2;2;0;True
90039;6;16;10;True
90040;4;16;12;True
90041;1;1;0;True
90042;5;9;4;True
90043;4;16;12;True
90044;3;6;3;True
90045;2;4;2;True
90046;4;6;2;True
90047;2;4;2;True
90048;3;4;1;True
90049;6;9;3;True
90050;5;16;11;True
90051;5;9;4;True
90052;1;1;0;True
90053;4;9;5;True
90054;4;6;2;True
90055;0;0;0;True
90056;5;6;1;True
90057;2;2;0;True
90058;0;0;0;True
90059;1;1;0;True
90060;4;9;5;True
90061;3;9;6;True
90062;2;4;2;True
90063;3;4;1;True
90064;2;4;2;True
90065;4;6;2;True
90066;1;1;0;True
90067;2;4;2;True
90068;4;9;5;True
90069;5;12;7;True
90070;7;12;5;True
90071;5;12;7;True
90072;4;9;5;True
90073;4;6;2;True
90074;5;12;7;True
90075;3;6;3;True
90076;0;0;0;True
90077;5;12;7;True
90078;6;12;6;True
90079;4;9;5;True
90080;0;0;0;True
90081;0;0;0;True
90082;4;12;8;True
90083;8;12;4;True
90084;4;9;5;True
90085;4;9;5;True
90086;4;6;2;True
90087;5;12;7;True
90088;6;12;6;True
90089;7;16;9;True
90090;3;6;3;True
90091;4;12;8;True
90092;2;2;0;True
90093;3;6;3;True
90094;1;1;0;True
90095;1;1;0;True
90096;4;6;2;True
90097;6;9;3;True
90098;6;12;6;True
90099;4;9;5;True
90100;1;1;0;True
90101;5;12;7;True
90102;2;4;2;True
90103;1;1;0;True
90104;5;12;7;True
90105;6;12;6;True
90106;4;6;2;True
90107;3;4;1;True
90108;0;0;0;True
90109;2;2;0;True
90110;6;16;10;True
90111;6;16;10;True
90112;4;9;5;True
90113;3;6;3;True
90114;5;9;4;True
90115;1;1;0;True
90116;3;6;3;True
90117;1;1;0;True
90118;2;4;2;True
90119;3;9;6;True
90120;7;16;9;True
90121;3;4;1;True
90122;2;4;2;True
90123;0;0;0;True
90124;4;9;5;True
90125;5;12;7;True
90126;1;1;0;True
90127;8;16;8;True
90128;0;0;0;True
90129;2;2;0;True
90130;3;9;6;True
90131;0;0;0;True
90132;2;4;2;True
90133;3;4;1;True
90134;7;12;5;True
90135;3;6;3;True
90136;5;12;7;True
90137;3;4;1;True
90138;1;1;0;True
90139;1;1;0;True
90140;3;6;3;True
90141;8;16;8;True
90142;1;1;0;True
90143;3;4;1;True
90144;0;0;0;True
90145;3;6;3;True
90146;2;2;0;True
90147;0;0;0;True
90148;5;12;7;True
90149;3;6;3;True
90150;1;1;0;True
90151;3;4;1;True
90152;2;2;0;True
90153;3;4;1;True
90154;3;6;3;True
90155;5;9;4;True
90156;0;0;0;True
90157;4;6;2;True
90158;3;3;0;True
90159;1;1;0;True
90160;5;12;7;True
90161;3;4;1;True
90162;5;9;4;True
90163;3;6;3;True
90164;4;9;5;True
90165;1;1;0;True
90166;4;6;2;True
90167;2;2;0;True
90168;0;0;0;True
90169;5;9;4;True
90170;5;6;1;True
90171;1;1;0;True
90172;0;0;0;True
90173;4;9;5;True
90174;4;6;2;True
90175;3;6;3;True
90176;8;16;8;True
90177;4;12;8;True
90178;5;12;7;True
90179;3;9;6;True
90180;4;4;0;True
90181;2;2;0;True
90182;5;9;4;True
90183;4;16;12;True
90184;2;4;2;True
90185;4;16;12;True
90186;0;0;0;True
90187;1;1;0;True
90188;7;12;5;True
90189;7;9;2;True
90190;1;1;0;True
90191;1;1;0;True
90192;1;1;0;True
90193;1;1;0;True
90194;2;2;0;True
90195;6;16;10;True
90196;2;4;2;True
90197;9;16;7;True
90198;5;12;7;True
90199;3;6;3;True
90200;8;16;8;True
90201;8;16;8;True
90202;3;3;0;True
90203;2;2;0;True
90204;5;6;1;True
90205;4;6;2;True
90206;4;6;2;True
90207;5;9;4;True
90208;3;6;3;True
90209;2;4;2;True
90210;5;12;7;True
90211;5;9;4;True
90212;2;4;2;True
90213;1;1;0;True
90214;7;12;5;True
90215;4;9;5;True
90216;4;12;8;True
90217;3;6;3;True
90218;0;0;0;True
90219;7;16;9;True
90220;2;4;2;True
90221;4;9;5;True
90222;2;4;2;True
90223;7;12;5;True
90224;2;4;2;True
90225;4;9;5;True
90226;9;12;3;True
90227;8;12;4;True
90228;0;0;0;True
90229;2;2;0;True
90230;5;9;4;True
90231;4;12;8;True
90232;0;0;0;True
90233;5;6;1;True
90234;4;9;5;True
90235;6;12;6;True
90236;2;2;0;True
90237;4;9;5;True
90238;2;4;2;True
90239;3;4;1;True
90240;3;6;3;True
90241;0;0;0;True
90242;2;2;0;True
90243;0;0;0;True
90244;11;16;5;True
90245;6;9;3;True
90246;1;1;0;True
90247;7;16;9;True
90248;6;12;6;True
90249;3;4;1;True
90250;7;9;2;True
90251;6;12;6;True
90252;4;9;5;True
90253;4;4;0;True
90254;3;4;1;True
90255;7;16;9;True
90256;1;1;0;True
90257;1;1;0;True
90258;3;9;6;True
90259;0;0;0;True
90260;3;9;6;True
90261;3;9;6;True
90262;2;2;0;True
90263;2;4;2;True
90264;0;0;0;True
90265;0;0;0;True
90266;3;9;6;True
90267;4;12;8;True
90268;4;9;5;True
90269;7;16;9;True
90270;5;9;4;True
90271;3;9;6;True
90272;3;9;6;True
90273;1;1;0;True
90274;7;12;5;True
90275;4;6;2;True
90276;1;1;0;True
90277;2;4;2;True
90278;3;4;1;True
90279;3;9;6;True
90280;1;1;0;True
90281;1;1;0;True
90282;1;1;0;True
90283;2;4;2;True
90284;6;12;6;True
90285;0;0;0;True
90286;5;9;4;True
90287;5;12;7;True
90288;10;16;6;True
90289;3;6;3;True
90290;3;9;6;True
90291;3;4;1;True
90292;0;0;0;True
90293;4;12;8;True
90294;7;16;9;True
90295;3;6;3;True
90296;4;6;2;True
90297;0;0;0;True
90298;7;12;5;True
90299;0;0;0;True
90300;5;9;4;True
90301;2;4;2;True
90302;6;12;6;True
90303;6;16;10;True
90304;2;4;2;True
90305;1;1;0;True
90306;6;12;6;True
90307;4;6;2;True
90308;3;6;3;True
90309;2;4;2;True
90310;3;6;3;True
90311;4;8;4;True
90312;1;1;0;True
90313;3;6;3;True
90314;6;8;2;True
90315;2;4;2;True
90316;5;8;3;True
90317;0;0;0;True
90318;5;16;11;True
90319;1;1;0;True
90320;7;9;2;True
90321;5;12;7;True
90322;5;9;4;True
90323;3;4;1;True
90324;7;8;1;True
90325;9;16;7;True
90326;2;2;0;True
90327;6;12;6;True
90328;3;9;6;True
90329;7;9;2;True
90330;1;1;0;True
90331;6;12;6;True
90332;3;4;1;True
90333;6;12;6;True
90334;5;12;7;True
90335;2;4;2;True
90336;6;16;10;True
90337;7;16;9;True
90338;2;4;2;True
90339;3;6;3;True
90340;3;6;3;True
90341;3;6;3;True
90342;0;0;0;True
90343;1;1;0;True
90344;2;4;2;True
90345;3;6;3;True
90346;3;4;1;True
90347;3;9;6;True
90348;8;16;8;True
90349;3;6;3;True
90350;4;6;2;True
90351;6;16;10;True
90352;7;16;9;True
90353;7;9;2;True
90354;5;9;4;True
90355;3;4;1;True
90356;2;2;0;True
90357;1;1;0;True
90358;3;9;6;True
90359;4;6;2;True
90360;1;1;0;True
90361;4;9;5;True
90362;6;12;6;True
90363;4;9;5;True
90364;2;4;2;True
90365;9;12;3;True
90366;4;9;5;True
90367;4;9;5;True
90368;5;9;4;True
90369;8;12;4;True
90370;4;6;2;True
90371;0;0;0;True
90372;5;12;7;True
90373;3;9;6;True
90374;2;4;2;True
90375;3;4;1;True
90376;2;2;0;True
90377;8;16;8;True
90378;2;4;2;True
90379;3;4;1;True
90380;7;12;5;True
90381;4;9;5;True
90382;4;9;5;True
90383;2;2;0;True
90384;4;9;5;True
90385;4;6;2;True
90386;3;4;1;True
90387;2;2;0;True
90388;6;12;6;True
90389;6;12;6;True
90390;1;1;0;True
90391;0;0;0;True
90392;3;3;0;True
90393;2;4;2;True
90394;4;9;5;True
90395;4;8;4;True
90396;0;0;0;True
90397;1;1;0;True
90398;4;9;5;True
90399;2;4;2;True
90400;3;4;1;True
90401;0;0;0;True
90402;6;12;6;True
90403;4;6;2;True
90404;3;4;1;True
90405;0;0;0;True
90406;1;1;0;True
90407;5;12;7;True
90408;3;4;1;True
90409;3;4;1;True
90410;5;16;11;True
90411;0;0;0;True
90412;3;4;1;True
90413;10;16;6;True
90414;3;9;6;True
90415;4;9;5;True
90416;2;2;0;True
90417;6;12;6;True
90418;2;4;2;True
90419;3;4;1;True
90420;4;6;2;True
90421;2;4;2;True
90422;4;12;8;True
90423;2;4;2;True
90424;1;1;0;True
90425;1;1;0;True
90426;3;9;6;True
90427;0;0;0;True
90428;1;1;0;True
90429;2;4;2;True
90430;2;2;0;True
90431;8;12;4;True
90432;5;16;11;True
90433;2;4;2;True
90434;5;12;7;True
90435;3;9;6;True
90436;3;6;3;True
90437;3;6;3;True
90438;3;3;0;True
90439;4;9;5;True
90440;4;12;8;True
90441;3;3;0;True
90442;2;4;2;True
90443;2;4;2;True
90444;2;4;2;True
90445;1;1;0;True
90446;6;12;6;True
90447;4;9;5;True
90448;3;6;3;True
90449;3;6;3;True
90450;4;6;2;True
90451;0;0;0;True
90452;0;0;0;True
90453;5;8;3;True
90454;4;9;5;True
90455;1;1;0;True
90456;4;6;2;True
90457;6;16;10;True
90458;1;1;0;True
90459;4;9;5;True
90460;1;1;0;True
90461;4;6;2;True
90462;4;6;2;True
90463;4;6;2;True
90464;7;16;9;True
90465;4;6;2;True
90466;5;12;7;True
90467;0;0;0;True
90468;1;1;0;True
90469;2;2;0;True
90470;2;4;2;True
90471;4;9;5;True
90472;4;6;2;True
90473;5;8;3;True
90474;6;9;3;True
90475;4;8;4;True
90476;5;12;7;True
90477;0;0;0;True
90478;4;9;5;True
90479;4;9;5;True
90480;1;1;0;True
90481;7;12;5;True
90482;3;4;1;True
90483;4;8;4;True
90484;3;4;1;True
90485;6;12;6;True
90486;1;1;0;True
90487;4;8;4;True
90488;4;9;5;True
90489;2;4;2;True
90490;1;1;0;True
90491;3;4;1;True
90492;3;6;3;True
90493;4;9;5;True
90494;2;4;2;True
90495;4;9;5;True
90496;4;8;4;True
90497;3;4;1;True
90498;1;1;0;True
90499;4;9;5;True
90500;4;6;2;True
90501;5;16;11;True
90502;5;12;7;True
90503;4;9;5;True
90504;5;12;7;True
90505;1;1;0;True
90506;2;4;2;True
90507;9;16;7;True
90508;5;9;4;True
90509;7;12;5;True
90510;1;1;0;True
90511;4;9;5;True
90512;5;12;7;True
90513;3;6;3;True
90514;4;9;5;True
90515;3;4;1;True
90516;6;12;6;True
90517;4;6;2;True
90518;5;12;7;True
90519;3;6;3;True
90520;5;12;7;True
90521;6;16;10;True
90522;5;16;11;True
90523;1;1;0;True
90524;6;16;10;True
90525;6;12;6;True
90526;1;1;0;True
90527;6;12;6;True
90528;0;0;0;True
90529;3;3;0;True
90530;4;12;8;True
90531;5;16;11;True
90532;1;1;0;True
90533;3;6;3;True
90534;1;1;0;True
90535;0;0;0;True
90536;5;8;3;True
90537;0;0;0;True
90538;4;9;5;True
90539;1;1;0;True
90540;2;2;0;True
90541;8;16;8;True
90542;8;16;8;True
90543;3;6;3;True
90544;3;4;1;True
90545;5;9;4;True
90546;3;3;0;True
90547;4;6;2;True
90548;1;1;0;True
90549;3;6;3;True
90550;1;1;0;True
90551;4;12;8;True
90552;0;0;0;True
90553;0;0;0;True
90554;8;16;8;True
90555;2;4;2;True
90556;7;16;9;True
90557;7;12;5;True
90558;4;6;2;True
90559;2;2;0;True
90560;3;6;3;True
90561;4;9;5;True
90562;2;2;0;True
90563;0;0;0;True
90564;5;12;7;True
90565;3;6;3;True
90566;5;9;4;True
90567;7;12;5;True
90568;3;6;3;True
90569;3;6;3;True
90570;7;12;5;True
90571;3;6;3;True
90572;4;8;4;True
90573;3;4;1;True
90574;2;4;2;True
90575;0;0;0;True
90576;9;16;7;True
90577;4;8;4;True
90578;0;0;0;True
90579;5;12;7;True
90580;1;1;0;True
90581;5;16;11;True
90582;4;6;2;True
90583;3;6;3;True
90584;3;6;3;True
90585;5;9;4;True
90586;1;1;0;True
90587;9;16;7;True
90588;4;8;4;True
90589;3;9;6;True
90590;5;9;4;True
90591;9;16;7;True
90592;6;16;10;True
90593;5;12;7;True
90594;4;6;2;True
90595;6;16;10;True
90596;3;4;1;True
90597;2;4;2;True
90598;1;1;0;True
90599;6;12;6;True
90600;0;0;0;True
90601;6;16;10;True
90602;3;4;1;True
90603;6;12;6;True
90604;2;2;0;True
90605;5;9;4;True
90606;0;0;0;True
90607;4;9;5;True
90608;1;1;0;True
90609;3;6;3;True
90610;4;9;5;True
90611;5;9;4;True
90612;8;16;8;True
90613;1;1;0;True
90614;3;9;6;True
90615;7;12;5;True
90616;2;4;2;True
90617;6;9;3;True
90618;6;9;3;True
90619;6;16;10;True
90620;3;6;3;True
90621;9;16;7;True
90622;4;6;2;True
90623;2;2;0;True
90624;6;12;6;True
90625;4;9;5;True
90626;3;6;3;True
90627;3;6;3;True
90628;8;16;8;True
90629;2;2;0;True
90630;0;0;0;True
90631;4;9;5;True
90632;5;6;1;True
90633;10;16;6;True
90634;2;2;0;True
90635;6;12;6;True
90636;1;1;0;True
90637;6;9;3;True
90638;6;9;3;True
90639;3;6;3;True
90640;7;12;5;True
90641;7;16;9;True
90642;3;6;3;True
90643;6;12;6;True
90644;5;12;7;True
90645;4;12;8;True
90646;2;2;0;True
90647;1;1;0;True
90648;1;1;0;True
90649;5;16;11;True
90650;2;4;2;True
90651;2;2;0;True
90652;5;9;4;True
90653;2;2;0;True
90654;6;16;10;True
90655;6;12;6;True
90656;4;9;5;True
90657;5;12;7;True
90658;1;1;0;True
90659;7;12;5;True
90660;3;6;3;True
90661;8;12;4;True
90662;2;4;2;True
90663;4;6;2;True
90664;1;1;0;True
90665;4;9;5;True
90666;6;16;10;True
90667;7;12;5;True
90668;1;1;0;True
90669;2;4;2;True
90670;2;4;2;True
90671;7;12;5;True
90672;3;6;3;True
90673;3;6;3;True
90674;1;1;0;True
90675;6;12;6;True
90676;6;16;10;True
90677;3;6;3;True
90678;6;9;3;True
90679;1;1;0;True
90680;5;12;7;True
90681;0;0;0;True
90682;5;16;11;True
90683;6;16;10;True
90684;3;6;3;True
90685;1;1;0;True
90686;3;6;3;True
90687;7;16;9;True
90688;5;12;7;True
90689;3;4;1;True
90690;1;1;0;True
90691;1;1;0;True
90692;5;8;3;True
90693;4;9;5;True
90694;0;0;0;True
90695;1;1;0;True
90696;4;8;4;True
90697;5;9;4;True
90698;4;9;5;True
90699;8;16;8;True
90700;2;4;2;True
90701;5;9;4;True
90702;5;12;7;True
90703;3;6;3;True
90704;0;0;0;True
90705;5;9;4;True
90706;4;9;5;True
90707;1;1;0;True
90708;3;9;6;True
90709;8;16;8;True
90710;6;16;10;True
90711;3;9;6;True
90712;3;6;3;True
90713;8;16;8;True
90714;3;6;3;True
90715;2;2;0;True
90716;8;16;8;True
90717;2;2;0;True
90718;4;9;5;True
90719;4;6;2;True
90720;7;16;9;True
90721;5;12;7;True
90722;6;9;3;True
90723;1;1;0;True
90724;2;4;2;True
90725;1;1;0;True
90726;7;12;5;True
90727;5;9;4;True
90728;1;1;0;True
90729;3;6;3;True
90730;5;12;7;True
90731;5;12;7;True
90732;2;4;2;True
90733;4;9;5;True
90734;4;9;5;True
90735;4;8;4;True
90736;4;6;2;True
90737;4;12;8;True
90738;1;1;0;True
90739;1;1;0;True
90740;0;0;0;True
90741;6;16;10;True
90742;5;12;7;True
90743;1;1;0;True
90744;4;12;8;True
90745;2;2;0;True
90746;4;8;4;True
90747;5;12;7;True
90748;5;9;4;True
90749;2;2;0;True
90750;4;12;8;True
90751;0;0;0;True
90752;4;12;8;True
90753;0;0;0;True
90754;0;0;0;True
90755;1;1;0;True
90756;7;16;9;True
90757;5;9;4;True
90758;4;9;5;True
90759;2;2;0;True
90760;5;16;11;True
90761;2;4;2;True
90762;5;12;7;True
90763;2;2;0;True
90764;5;9;4;True
90765;9;12;3;True
90766;4;9;5;True
90767;3;6;3;True
90768;1;1;0;True
90769;5;9;4;True
90770;5;12;7;True
90771;4;9;5;True
90772;4;6;2;True
90773;10;16;6;True
90774;2;2;0;True
90775;6;12;6;True
90776;3;6;3;True
90777;2;4;2;True
90778;3;6;3;True
90779;6;12;6;True
90780;2;4;2;True
90781;3;6;3;True
90782;8;12;4;True
90783;7;16;9;True
90784;3;9;6;True
90785;3;4;1;True
90786;2;2;0;True
90787;8;16;8;True
90788;4;9;5;True
90789;0;0;0;True
90790;2;2;0;True
90791;5;8;3;True
90792;1;1;0;True
90793;2;2;0;True
90794;8;16;8;True
90795;8;12;4;True
90796;6;12;6;True
90797;2;4;2;True
90798;6;12;6;True
90799;4;9;5;True
90800;0;0;0;True
90801;7;16;9;True
90802;1;1;0;True
90803;5;12;7;True
90804;4;9;5;True
90805;4;9;5;True
90806;0;0;0;True
90807;0;0;0;True
90808;0;0;0;True
90809;2;2;0;True
90810;3;3;0;True
90811;1;1;0;True
90812;2;4;2;True
90813;4;6;2;True
90814;1;1;0;True
90815;6;12;6;True
90816;0;0;0;True
90817;7;16;9;True
90818;0;0;0;True
90819;3;6;3;True
90820;1;1;0;True
90821;8;12;4;True
90822;0;0;0;True
90823;3;6;3;True
90824;7;12;5;True
90825;2;4;2;True
90826;4;12;8;True
90827;1;1;0;True
90828;6;16;10;True
90829;5;16;11;True
90830;4;12;8;True
90831;4;9;5;True
90832;8;16;8;True
90833;4;6;2;True
90834;2;2;0;True
90835;5;16;11;True
90836;0;0;0;True
90837;1;1;0;True
90838;1;1;0;True
90839;5;6;1;True
90840;5;12;7;True
90841;5;12;7;True
90842;7;16;9;True
90843;6;16;10;True
90844;1;1;0;True
90845;5;12;7;True
90846;1;1;0;True
90847;4;4;0;True
90848;1;1;0;True
90849;3;9;6;True
90850;4;12;8;True
90851;2;2;0;True
90852;9;16;7;True
90853;4;6;2;True
90854;6;16;10;True
90855;3;6;3;True
90856;0;0;0;True
90857;5;12;7;True
90858;3;4;1;True
90859;6;16;10;True
90860;1;1;0;True
90861;7;9;2;True
90862;3;9;6;True
90863;2;2;0;True
90864;0;0;0;True
90865;2;2;0;True
90866;2;4;2;True
90867;7;16;9;True
90868;2;2;0;True
90869;4;8;4;True
90870;6;12;6;True
90871;3;9;6;True
90872;5;16;11;True
90873;2;2;0;True
90874;2;2;0;True
90875;6;9;3;True
90876;3;6;3;True
90877;4;6;2;True
90878;1;1;0;True
90879;5;12;7;True
90880;5;8;3;True
90881;6;16;10;True
90882;4;6;2;True
90883;3;4;1;True
90884;6;12;6;True
90885;1;1;0;True
90886;3;6;3;True
90887;2;2;0;True
90888;5;6;1;True
90889;4;6;2;True
90890;2;4;2;True
90891;9;12;3;True
90892;4;12;8;True
90893;1;1;0;True
90894;3;6;3;True
90895;2;4;2;True
90896;3;6;3;True
90897;4;9;5;True
90898;5;9;4;True
90899;1;1;0;True
90900;6;12;6;True
90901;8;16;8;True
90902;7;12;5;True
90903;7;12;5;True
90904;2;4;2;True
90905;5;12;7;True
90906;0;0;0;True
90907;1;1;0;True
90908;2;2;0;True
90909;2;4;2;True
90910;5;16;11;True
90911;4;12;8;True
90912;1;1;0;True
90913;7;16;9;True
90914;3;6;3;True
90915;5;12;7;True
90916;2;4;2;True
90917;0;0;0;True
90918;7;16;9;True
90919;5;12;7;True
90920;4;8;4;True
90921;6;12;6;True
90922;6;9;3;True
90923;2;2;0;True
90924;0;0;0;True
90925;3;6;3;True
90926;1;1;0;True
90927;3;4;1;True
90928;4;12;8;True
90929;0;0;0;True
90930;8;16;8;True
90931;4;12;8;True
90932;6;12;6;True
90933;2;2;0;True
90934;4;12;8;True
90935;4;9;5;True
90936;6;12;6;True
90937;5;12;7;True
90938;5;12;7;True
90939;3;6;3;True
90940;4;12;8;True
90941;7;12;5;True
90942;6;12;6;True
90943;3;6;3;True
90944;4;9;5;True
90945;3;4;1;True
90946;6;12;6;True
90947;6;12;6;True
90948;2;4;2;True
90949;5;12;7;True
90950;6;16;10;True
90951;7;16;9;True
90952;1;1;0;True
90953;6;12;6;True
90954;5;9;4;True
90955;3;6;3;True
90956;2;4;2;True
90957;4;12;8;True
90958;5;9;4;True
90959;0;0;0;True
90960;2;2;0;True
90961;8;16;8;True
90962;4;8;4;True
90963;5;12;7;True
90964;4;6;2;True
90965;9;16;7;True
90966;1;1;0;True
90967;1;1;0;True
90968;4;6;2;True
90969;3;9;6;True
90970;1;1;0;True
90971;3;6;3;True
90972;2;4;2;True
90973;2;4;2;True
90974;2;4;2;True
90975;1;1;0;True
90976;6;16;10;True
90977;8;16;8;True
90978;4;6;2;True
90979;5;8;3;True
90980;4;8;4;True
90981;7;12;5;True
90982;2;4;2;True
90983;4;8;4;True
90984;5;12;7;True
90985;5;9;4;True
90986;1;1;0;True
90987;2;4;2;True
90988;9;16;7;True
90989;8;16;8;True
90990;2;4;2;True
90991;3;6;3;True
90992;2;2;0;True
90993;0;0;0;True
90994;6;16;10;True
90995;3;6;3;True
90996;8;16;8;True
90997;3;6;3;True
90998;5;12;7;True
90999;5;12;7;True
91000;4;6;2;True
91001;4;8;4;True
91002;4;9;5;True
91003;2;4;2;True
91004;4;4;0;True
91005;5;12;7;True
91006;4;6;2;True
91007;0;0;0;True
91008;2;4;2;True
91009;4;12;8;True
91010;5;12;7;True
91011;9;16;7;True
91012;3;9;6;True
91013;4;6;2;True
91014;6;16;10;True
91015;4;8;4;True
91016;5;9;4;True
91017;6;12;6;True
91018;8;16;8;True
91019;7;16;9;True
91020;5;8;3;True
91021;3;4;1;True
91022;7;16;9;True
91023;5;12;7;True
91024;5;12;7;True
91025;4;9;5;True
91026;6;16;10;True
91027;4;9;5;True
91028;3;6;3;True
91029;2;2;0;True
91030;6;16;10;True
91031;8;12;4;True
91032;3;6;3;True
91033;7;12;5;True
91034;7;16;9;True
91035;3;6;3;True
91036;1;1;0;True
91037;6;12;6;True
91038;4;9;5;True
91039;3;4;1;True
91040;5;9;4;True
91041;9;16;7;True
91042;4;9;5;True
91043;5;16;11;True
91044;3;6;3;True
91045;1;1;0;True
91046;2;2;0;True
91047;5;12;7;True
91048;3;6;3;True
91049;4;12;8;True
91050;5;12;7;True
91051;1;1;0;True
91052;2;2;0;True
91053;9;16;7;True
91054;3;6;3;True
91055;7;12;5;True
91056;1;1;0;True
91057;4;9;5;True
91058;0;0;0;True
91059;2;4;2;True
91060;9;16;7;True
91061;3;4;1;True
91062;2;2;0;True
91063;8;16;8;True
91064;7;12;5;True
91065;4;8;4;True
91066;6;16;10;True
91067;1;1;0;True
91068;8;16;8;True
91069;4;6;2;True
91070;2;4;2;True
91071;8;16;8;True
91072;8;16;8;True
91073;0;0;0;True
91074;5;12;7;True
91075;5;12;7;True
91076;2;4;2;True
91077;4;9;5;True
91078;0;0;0;True
91079;8;12;4;True
91080;5;9;4;True
91081;1;1;0;True
91082;5;12;7;True
91083;3;4;1;True
91084;1;1;0;True
91085;8;12;4;True
91086;0;0;0;True
91087;3;6;3;True
91088;2;4;2;True
91089;2;2;0;True
91090;1;1;0;True
91091;5;9;4;True
91092;4;9;5;True
91093;5;9;4;True
91094;3;6;3;True
91095;2;4;2;True
91096;8;16;8;True
91097;9;16;7;True
91098;1;1;0;True
91099;2;4;2;True
91100;5;9;4;True
91101;2;4;2;True
91102;3;6;3;True
91103;4;9;5;True
91104;1;1;0;True
91105;2;4;2;True
91106;11;16;5;True
91107;5;16;11;True
91108;5;12;7;True
91109;8;16;8;True
91110;6;12;6;True
91111;7;16;9;True
91112;5;9;4;True
91113;5;12;7;True
91114;1;1;0;True
91115;4;9;5;True
91116;4;9;5;True
91117;3;9;6;True
91118;8;12;4;True
91119;5;12;7;True
91120;2;4;2;True
91121;0;0;0;True
91122;0;0;0;True
91123;3;6;3;True
91124;1;1;0;True
91125;5;6;1;True
91126;2;4;2;True
91127;1;1;0;True
91128;5;8;3;True
91129;8;12;4;True
91130;5;12;7;True
91131;3;4;1;True
91132;4;6;2;True
91133;5;16;11;True
91134;6;16;10;True
91135;4;6;2;True
91136;1;1;0;True
91137;2;4;2;True
91138;5;9;4;True
91139;3;6;3;True
91140;3;4;1;True
91141;1;1;0;True
91142;5;9;4;True
91143;5;12;7;True
91144;3;6;3;True
91145;5;12;7;True
91146;4;9;5;True
91147;0;0;0;True
91148;1;1;0;True
91149;4;9;5;True
91150;5;12;7;True
91151;9;16;7;True
91152;11;16;5;True
91153;3;9;6;True
91154;2;4;2;True
91155;3;4;1;True
91156;1;1;0;True
91157;7;12;5;True
91158;3;9;6;True
91159;5;9;4;True
91160;1;1;0;True
91161;4;9;5;True
91162;7;16;9;True
91163;7;12;5;True
91164;2;4;2;True
91165;5;9;4;True
91166;4;6;2;True
91167;3;9;6;True
91168;2;4;2;True
91169;1;1;0;True
91170;7;16;9;True
91171;5;12;7;True
91172;4;9;5;True
91173;4;6;2;True
91174;0;0;0;True
91175;2;2;0;True
91176;4;9;5;True
91177;2;4;2;True
91178;3;4;1;True
91179;5;12;7;True
91180;4;9;5;True
91181;7;16;9;True
91182;4;6;2;True
91183;5;12;7;True
91184;5;12;7;True
91185;1;1;0;True
91186;3;6;3;True
91187;2;2;0;True
91188;1;1;0;True
91189;3;6;3;True
91190;7;12;5;True
91191;6;9;3;True
91192;6;12;6;True
91193;6;16;10;True
91194;2;2;0;True
91195;4;9;5;True
91196;5;8;3;True
91197;4;6;2;True
91198;6;9;3;True
91199;6;9;3;True
91200;1;1;0;True
91201;7;16;9;True
91202;2;2;0;True
91203;7;12;5;True
91204;7;16;9;True
91205;4;6;2;True
91206;2;2;0;True
91207;5;9;4;True
91208;0;0;0;True
91209;5;12;7;True
91210;6;9;3;True
91211;3;9;6;True
91212;6;8;2;True
91213;2;2;0;True
91214;7;16;9;True
91215;4;9;5;True
91216;2;4;2;True
91217;6;16;10;True
91218;6;12;6;True
91219;6;12;6;True
91220;9;16;7;True
91221;5;12;7;True
91222;5;12;7;True
91223;7;9;2;True
91224;1;1;0;True
91225;3;6;3;True
91226;4;9;5;True
91227;4;9;5;True
91228;2;4;2;True
91229;2;4;2;True
91230;4;12;8;True
91231;3;6;3;True
91232;6;12;6;True
91233;9;16;7;True
91234;2;4;2;True
91235;2;4;2;True
91236;7;16;9;True
91237;5;9;4;True
91238;1;1;0;True
91239;2;2;0;True
91240;3;9;6;True
91241;4;9;5;True
91242;5;12;7;True
91243;7;16;9;True
91244;3;6;3;True
91245;0;0;0;True
91246;2;4;2;True
91247;2;4;2;True
91248;4;9;5;True
91249;2;4;2;True
91250;2;2;0;True
91251;7;12;5;True
91252;8;16;8;True
91253;6;12;6;True
91254;1;1;0;True
91255;6;16;10;True
91256;4;6;2;True
91257;4;4;0;True
91258;6;9;3;True
91259;2;4;2;True
91260;3;6;3;True
91261;0;0;0;True
91262;3;9;6;True
91263;3;3;0;True
91264;2;4;2;True
91265;3;9;6;True
91266;2;4;2;True
91267;4;6;2;True
91268;6;9;3;True
91269;6;12;6;True
91270;2;4;2;True
91271;6;12;6;True
91272;3;4;1;True
91273;4;6;2;True
91274;7;12;5;True
91275;3;9;6;True
91276;5;9;4;True
91277;7;16;9;True
91278;2;4;2;True
91279;3;6;3;True
91280;0;0;0;True
91281;2;4;2;True
91282;10;16;6;True
91283;1;1;0;True
91284;11;16;5;True
91285;1;1;0;True
91286;3;6;3;True
91287;5;12;7;True
91288;5;6;1;True
91289;7;16;9;True
91290;4;9;5;True
91291;4;12;8;True
91292;2;4;2;True
91293;5;6;1;True
91294;3;4;1;True
91295;1;1;0;True
91296;3;4;1;True
91297;4;12;8;True
91298;4;6;2;True
91299;6;12;6;True
91300;1;1;0;True
91301;2;4;2;True
91302;0;0;0;True
91303;3;9;6;True
91304;1;1;0;True
91305;2;4;2;True
91306;4;9;5;True
91307;4;9;5;True
91308;1;1;0;True
91309;0;0;0;True
91310;4;9;5;True
91311;6;12;6;True
91312;2;2;0;True
91313;7;16;9;True
91314;2;2;0;True
91315;0;0;0;True
91316;5;12;7;True
91317;10;16;6;True
91318;5;9;4;True
91319;3;6;3;True
91320;3;9;6;True
91321;7;12;5;True
91322;7;12;5;True
91323;2;4;2;True
91324;5;16;11;True
91325;7;12;5;True
91326;0;0;0;True
91327;1;1;0;True
91328;3;9;6;True
91329;1;1;0;True
91330;7;16;9;True
91331;10;12;2;True
91332;1;1;0;True
91333;1;1;0;True
91334;3;6;3;True
91335;6;9;3;True
91336;3;4;1;True
91337;2;2;0;True
91338;3;6;3;True
91339;6;16;10;True
91340;2;2;0;True
91341;3;3;0;True
91342;4;6;2;True
91343;5;6;1;True
91344;7;12;5;True
91345;4;12;8;True
91346;2;4;2;True
91347;4;12;8;True
91348;2;2;0;True
91349;8;16;8;True
91350;1;1;0;True
91351;3;6;3;True
91352;3;6;3;True
91353;5;16;11;True
91354;3;6;3;True
91355;5;9;4;True
91356;2;4;2;True
91357;4;12;8;True
91358;1;1;0;True
91359;3;4;1;True
91360;3;4;1;True
91361;4;9;5;True
91362;3;4;1;True
91363;4;9;5;True
91364;1;1;0;True
91365;3;4;1;True
91366;3;4;1;True
91367;3;3;0;True
91368;2;4;2;True
91369;2;4;2;True
91370;6;12;6;True
91371;2;4;2;True
91372;2;2;0;True
91373;3;4;1;True
91374;2;2;0;True
91375;5;9;4;True
91376;7;12;5;True
91377;6;16;10;True
91378;3;4;1;True
91379;4;6;2;True
91380;6;16;10;True
91381;7;9;2;True
91382;1;1;0;True
91383;1;1;0;True
91384;7;12;5;True
91385;3;6;3;True
91386;9;16;7;True
91387;2;4;2;True
91388;6;12;6;True
91389;3;9;6;True
91390;2;4;2;True
91391;8;16;8;True
91392;0;0;0;True
91393;8;12;4;True
91394;2;2;0;True
91395;5;9;4;True
91396;2;4;2;True
91397;6;12;6;True
91398;5;16;11;True
91399;6;9;3;True
91400;5;12;7;True
91401;1;1;0;True
91402;4;6;2;True
91403;8;16;8;True
91404;3;4;1;True
91405;6;12;6;True
91406;0;0;0;True
91407;7;12;5;True
91408;4;9;5;True
91409;5;9;4;True
91410;10;16;6;True
91411;10;16;6;True
91412;4;12;8;True
91413;4;8;4;True
91414;2;2;0;True
91415;5;12;7;True
91416;8;16;8;True
91417;1;1;0;True
91418;3;9;6;True
91419;4;6;2;True
91420;2;2;0;True
91421;2;2;0;True
91422;3;6;3;True
91423;2;2;0;True
91424;4;12;8;True
91425;7;16;9;True
91426;5;12;7;True
91427;1;1;0;True
91428;1;1;0;True
91429;4;12;8;True
91430;2;2;0;True
91431;4;6;2;True
91432;4;9;5;True
91433;3;6;3;True
91434;3;3;0;True
91435;6;12;6;True
91436;3;6;3;True
91437;4;6;2;True
91438;3;4;1;True
91439;2;2;0;True
91440;4;6;2;True
91441;2;4;2;True
91442;12;16;4;True
91443;7;12;5;True
91444;4;6;2;True
91445;2;4;2;True
91446;0;0;0;True
91447;4;9;5;True
91448;5;16;11;True
91449;1;1;0;True
91450;9;16;7;True
91451;2;2;0;True
91452;0;0;0;True
91453;2;4;2;True
91454;7;12;5;True
91455;1;1;0;True
91456;1;1;0;True
91457;2;2;0;True
91458;7;12;5;True
91459;5;6;1;True
91460;8;16;8;True
91461;3;4;1;True
91462;4;8;4;True
91463;4;12;8;True
91464;4;6;2;True
91465;4;9;5;True
91466;0;0;0;True
91467;1;1;0;True
91468;2;2;0;True
91469;7;12;5;True
91470;2;4;2;True
91471;3;6;3;True
91472;9;16;7;True
91473;4;9;5;True
91474;0;0;0;True
91475;4;9;5;True
91476;3;6;3;True
91477;4;9;5;True
91478;0;0;0;True
91479;6;16;10;True
91480;4;12;8;True
91481;6;9;3;True
91482;2;2;0;True
91483;7;12;5;True
91484;4;9;5;True
91485;0;0;0;True
91486;2;2;0;True
91487;3;6;3;True
91488;2;2;0;True
91489;5;8;3;True
91490;6;8;2;True
91491;0;0;0;True
91492;6;12;6;True
91493;4;12;8;True
91494;2;2;0;True
91495;9;12;3;True
91496;1;1;0;True
91497;4;9;5;True
91498;2;4;2;True
91499;5;9;4;True
91500;9;16;7;True
91501;0;0;0;True
91502;10;16;6;True
91503;3;6;3;True
91504;2;2;0;True
91505;7;12;5;True
91506;3;6;3;True
91507;8;16;8;True
91508;6;8;2;True
91509;0;0;0;True
91510;4;9;5;True
91511;2;2;0;True
91512;6;9;3;True
91513;3;6;3;True
91514;3;6;3;True
91515;2;4;2;True
91516;0;0;0;True
91517;3;6;3;True
91518;2;4;2;True
91519;0;0;0;True
91520;8;16;8;True
91521;0;0;0;True
91522;5;9;4;True
91523;3;9;6;True
91524;7;12;5;True
91525;5;9;4;True
91526;2;4;2;True
91527;3;9;6;True
91528;5;12;7;True
91529;6;12;6;True
91530;2;2;0;True
91531;7;16;9;True
91532;7;12;5;True
91533;2;2;0;True
91534;0;0;0;True
91535;2;2;0;True
91536;1;1;0;True
91537;3;6;3;True
91538;1;1;0;True
91539;4;12;8;True
91540;6;16;10;True
91541;6;12;6;True
91542;6;12;6;True
91543;4;9;5;True
91544;3;6;3;True
91545;8;16;8;True
91546;4;6;2;True
91547;10;16;6;True
91548;4;8;4;True
91549;4;6;2;True
91550;1;1;0;True
91551;0;0;0;True
91552;1;1;0;True
91553;5;12;7;True
91554;3;4;1;True
91555;3;4;1;True
91556;2;2;0;True
91557;4;12;8;True
91558;3;6;3;True
91559;3;9;6;True
91560;6;8;2;True
91561;4;9;5;True
91562;4;9;5;True
91563;6;12;6;True
91564;2;2;0;True
91565;4;9;5;True
91566;5;12;7;True
91567;4;6;2;True
91568;2;2;0;True
91569;5;9;4;True
91570;3;6;3;True
91571;3;6;3;True
91572;3;9;6;True
91573;6;12;6;True
91574;3;6;3;True
91575;0;0;0;True
91576;5;12;7;True
91577;9;16;7;True
91578;1;1;0;True
91579;6;16;10;True
91580;1;1;0;True
91581;2;4;2;True
91582;4;6;2;True
91583;2;2;0;True
91584;2;4;2;True
91585;5;9;4;True
91586;7;16;9;True
91587;9;16;7;True
91588;4;9;5;True
91589;5;12;7;True
91590;0;0;0;True
91591;4;16;12;True
91592;4;9;5;True
91593;4;6;2;True
91594;1;1;0;True
91595;4;6;2;True
91596;3;9;6;True
91597;6;16;10;True
91598;2;4;2;True
91599;1;1;0;True
91600;6;16;10;True
91601;5;8;3;True
91602;3;6;3;True
91603;4;6;2;True
91604;1;1;0;True
91605;4;9;5;True
91606;4;6;2;True
91607;3;6;3;True
91608;4;12;8;True
91609;0;0;0;True
91610;0;0;0;True
91611;5;16;11;True
91612;5;9;4;True
91613;3;6;3;True
91614;4;9;5;True
91615;2;4;2;True
91616;8;16;8;True
91617;2;2;0;True
91618;2;4;2;True
91619;2;4;2;True
91620;5;8;3;True
91621;1;1;0;True
91622;0;0;0;True
91623;1;1;0;True
91624;3;6;3;True
91625;2;2;0;True
91626;5;12;7;True
91627;2;4;2;True
91628;4;6;2;True
91629;2;2;0;True
91630;3;6;3;True
91631;1;1;0;True
91632;2;2;0;True
91633;4;12;8;True
91634;7;12;5;True
91635;2;2;0;True
91636;4;8;4;True
91637;4;9;5;True
91638;1;1;0;True
91639;2;4;2;True
91640;2;2;0;True
91641;2;4;2;True
91642;3;6;3;True
91643;4;9;5;True
91644;3;3;0;True
91645;8;12;4;True
91646;4;16;12;True
91647;4;9;5;True
91648;4;12;8;True
91649;2;4;2;True
91650;3;9;6;True
91651;4;6;2;True
91652;4;9;5;True
91653;5;12;7;True
91654;7;16;9;True
91655;6;12;6;True
91656;5;8;3;True
91657;6;12;6;True
91658;1;1;0;True
91659;9;16;7;True
91660;1;1;0;True
91661;5;12;7;True
91662;4;12;8;True
91663;4;9;5;True
91664;4;6;2;True
91665;5;9;4;True
91666;3;9;6;True
91667;5;9;4;True
91668;4;6;2;True
91669;4;6;2;True
91670;6;12;6;True
91671;4;6;2;True
91672;0;0;0;True
91673;3;6;3;True
91674;7;12;5;True
91675;1;1;0;True
91676;0;0;0;True
91677;4;8;4;True
91678;4;9;5;True
91679;2;2;0;True
91680;7;12;5;True
91681;0;0;0;True
91682;1;1;0;True
91683;8;12;4;True
91684;1;1;0;True
91685;5;12;7;True
91686;2;4;2;True
91687;1;1;0;True
91688;0;0;0;True
91689;3;3;0;True
91690;3;6;3;True
91691;5;12;7;True
91692;7;16;9;True
91693;2;4;2;True
91694;3;6;3;True
91695;7;16;9;True
91696;3;6;3;True
91697;7;12;5;True
91698;4;9;5;True
91699;2;4;2;True
91700;5;9;4;True
91701;4;12;8;True
91702;1;1;0;True
91703;1;1;0;True
91704;1;1;0;True
91705;7;16;9;True
91706;5;6;1;True
91707;6;9;3;True
91708;1;1;0;True
91709;0;0;0;True
91710;0;0;0;True
91711;7;12;5;True
91712;5;12;7;True
91713;2;2;0;True
91714;2;4;2;True
91715;4;12;8;True
91716;5;12;7;True
91717;9;16;7;True
91718;0;0;0;True
91719;4;9;5;True
91720;4;6;2;True
91721;1;1;0;True
91722;8;16;8;True
91723;3;9;6;True
91724;4;6;2;True
91725;7;12;5;True
91726;1;1;0;True
91727;1;1;0;True
91728;6;16;10;True
91729;1;1;0;True
91730;1;1;0;True
91731;2;4;2;True
91732;3;4;1;True
91733;4;16;12;True
91734;7;16;9;True
91735;4;9;5;True
91736;1;1;0;True
91737;3;6;3;True
91738;6;12;6;True
91739;4;8;4;True
91740;4;6;2;True
91741;8;16;8;True
91742;4;6;2;True
91743;3;6;3;True
91744;3;4;1;True
91745;3;9;6;True
91746;2;4;2;True
91747;6;16;10;True
91748;1;1;0;True
91749;1;1;0;True
91750;8;12;4;True
91751;2;2;0;True
91752;2;2;0;True
91753;4;9;5;True
91754;7;12;5;True
91755;5;12;7;True
91756;7;16;9;True
91757;5;8;3;True
91758;3;6;3;True
91759;6;16;10;True
91760;4;12;8;True
91761;1;1;0;True
91762;4;6;2;True
91763;2;4;2;True
91764;7;12;5;True
91765;2;4;2;True
91766;6;16;10;True
91767;2;4;2;True
91768;4;9;5;True
91769;3;4;1;True
91770;1;1;0;True
91771;4;6;2;True
91772;2;4;2;True
91773;4;9;5;True
91774;2;2;0;True
91775;4;9;5;True
91776;7;12;5;True
91777;9;16;7;True
91778;4;8;4;True
91779;4;6;2;True
91780;5;12;7;True
91781;3;9;6;True
91782;7;16;9;True
91783;2;4;2;True
91784;4;12;8;True
91785;7;16;9;True
91786;0;0;0;True
91787;2;2;0;True
91788;7;16;9;True
91789;6;12;6;True
91790;9;16;7;True
91791;4;12;8;True
91792;5;12;7;True
91793;1;1;0;True
91794;3;6;3;True
91795;6;12;6;True
91796;3;6;3;True
91797;4;9;5;True
91798;5;9;4;True
91799;1;1;0;True
91800;8;12;4;True
91801;2;2;0;True
91802;5;9;4;True
91803;2;4;2;True
91804;3;6;3;True
91805;4;8;4;True
91806;6;12;6;True
91807;2;4;2;True
91808;4;9;5;True
91809;5;6;1;True
91810;3;6;3;True
91811;2;4;2;True
91812;6;12;6;True
91813;4;9;5;True
91814;6;16;10;True
91815;6;12;6;True
91816;0;0;0;True
91817;0;0;0;True
91818;4;9;5;True
91819;8;12;4;True
91820;3;6;3;True
91821;3;3;0;True
91822;0;0;0;True
91823;4;12;8;True
91824;0;0;0;True
91825;3;4;1;True
91826;7;16;9;True
91827;4;12;8;True
91828;5;12;7;True
91829;8;12;4;True
91830;4;6;2;True
91831;2;2;0;True
91832;6;16;10;True
91833;7;16;9;True
91834;4;4;0;True
91835;2;4;2;True
91836;5;12;7;True
91837;2;4;2;True
91838;4;6;2;True
91839;3;4;1;True
91840;8;12;4;True
91841;6;16;10;True
91842;4;6;2;True
91843;7;16;9;True
91844;0;0;0;True
91845;8;12;4;True
91846;1;1;0;True
91847;1;1;0;True
91848;1;1;0;True
91849;4;16;12;True
91850;2;2;0;True
91851;5;16;11;True
91852;0;0;0;True
91853;3;6;3;True
91854;5;9;4;True
91855;4;12;8;True
91856;5;6;1;True
91857;1;1;0;True
91858;1;1;0;True
91859;5;12;7;True
91860;4;8;4;True
91861;3;9;6;True
91862;4;6;2;True
91863;0;0;0;True
91864;3;3;0;True
91865;0;0;0;True
91866;6;16;10;True
91867;1;1;0;True
91868;1;1;0;True
91869;2;4;2;True
91870;2;2;0;True
91871;3;3;0;True
91872;0;0;0;True
91873;2;4;2;True
91874;7;12;5;True
91875;2;2;0;True
91876;0;0;0;True
91877;2;4;2;True
91878;5;9;4;True
91879;3;9;6;True
91880;6;12;6;True
91881;5;12;7;True
91882;7;16;9;True
91883;5;9;4;True
91884;5;9;4;True
91885;7;12;5;True
91886;3;6;3;True
91887;2;4;2;True
91888;10;16;6;True
91889;2;2;0;True
91890;4;9;5;True
91891;5;16;11;True
91892;5;12;7;True
91893;10;16;6;True
91894;2;4;2;True
91895;2;2;0;True
91896;4;6;2;True
91897;2;4;2;True
91898;3;6;3;True
91899;5;12;7;True
91900;6;12;6;True
91901;1;1;0;True
91902;5;16;11;True
91903;3;6;3;True
91904;3;4;1;True
91905;4;9;5;True
91906;3;6;3;True
91907;4;9;5;True
91908;7;16;9;True
91909;3;6;3;True
91910;1;1;0;True
91911;5;9;4;True
91912;2;4;2;True
91913;8;16;8;True
91914;4;16;12;True
91915;0;0;0;True
91916;4;9;5;True
91917;3;6;3;True
91918;3;4;1;True
91919;3;6;3;True
91920;2;4;2;True
91921;3;6;3;True
91922;8;12;4;True
91923;3;9;6;True
91924;6;9;3;True
91925;4;9;5;True
91926;4;12;8;True
91927;7;16;9;True
91928;2;4;2;True
91929;4;6;2;True
91930;2;4;2;True
91931;6;12;6;True
91932;7;16;9;True
91933;3;6;3;True
91934;2;4;2;True
91935;7;12;5;True
91936;4;9;5;True
91937;1;1;0;True
91938;5;12;7;True
91939;6;16;10;True
91940;7;16;9;True
91941;4;9;5;True
91942;2;2;0;True
91943;2;4;2;True
91944;0;0;0;True
91945;1;1;0;True
91946;2;4;2;True
91947;0;0;0;True
91948;5;9;4;True
91949;4;9;5;True
91950;2;4;2;True
91951;3;6;3;True
91952;3;4;1;True
91953;4;12;8;True
91954;2;2;0;True
91955;3;4;1;True
91956;0;0;0;True
91957;3;4;1;True
91958;3;4;1;True
91959;1;1;0;True
91960;4;6;2;True
91961;7;16;9;True
91962;1;1;0;True
91963;7;16;9;True
91964;3;6;3;True
91965;2;4;2;True
91966;9;12;3;True
91967;2;4;2;True
91968;1;1;0;True
91969;3;3;0;True
91970;6;12;6;True
91971;5;12;7;True
91972;4;9;5;True
91973;0;0;0;True
91974;2;4;2;True
91975;5;16;11;True
91976;5;12;7;True
91977;2;2;0;True
91978;10;16;6;True
91979;3;6;3;True
91980;2;2;0;True
91981;1;1;0;True
91982;0;0;0;True
91983;7;12;5;True
91984;1;1;0;True
91985;5;9;4;True
91986;3;4;1;True
91987;0;0;0;True
91988;5;8;3;True
91989;5;12;7;True
91990;4;9;5;True
91991;1;1;0;True
91992;2;4;2;True
91993;1;1;0;True
91994;3;3;0;True
91995;8;16;8;True
91996;2;4;2;True
91997;0;0;0;True
91998;6;12;6;True
91999;2;4;2;True
92000;5;12;7;True
92001;4;9;5;True
92002;6;12;6;True
92003;4;6;2;True
92004;3;9;6;True
92005;0;0;0;True
92006;1;1;0;True
92007;3;4;1;True
92008;3;6;3;True
92009;2;2;0;True
92010;3;9;6;True
92011;6;12;6;True
92012;3;6;3;True
92013;5;12;7;True
92014;6;9;3;True
92015;3;6;3;True
92016;7;12;5;True
92017;2;2;0;True
92018;6;16;10;True
92019;2;4;2;True
92020;3;9;6;True
92021;4;9;5;True
92022;4;16;12;True
92023;3;4;1;True
92024;0;0;0;True
92025;4;6;2;True
92026;2;2;0;True
92027;7;12;5;True
92028;2;4;2;True
92029;3;9;6;True
92030;1;1;0;True
92031;3;6;3;True
92032;3;9;6;True
92033;0;0;0;True
92034;3;6;3;True
92035;5;12;7;True
92036;0;0;0;True
92037;8;16;8;True
92038;0;0;0;True
92039;2;4;2;True
92040;0;0;0;True
92041;1;1;0;True
92042;6;9;3;True
92043;4;4;0;True
92044;2;2;0;True
92045;2;4;2;True
92046;5;9;4;True
92047;3;4;1;True
92048;4;8;4;True
92049;5;12;7;True
92050;0;0;0;True
92051;5;9;4;True
92052;3;9;6;True
92053;2;4;2;True
92054;2;2;0;True
92055;3;9;6;True
92056;2;2;0;True
92057;4;12;8;True
92058;1;1;0;True
92059;7;12;5;True
92060;3;4;1;True
92061;3;6;3;True
92062;3;3;0;True
92063;4;6;2;True
92064;5;6;1;True
92065;4;9;5;True
92066;5;9;4;True
92067;3;6;3;True
92068;4;9;5;True
92069;8;16;8;True
92070;6;12;6;True
92071;4;12;8;True
92072;8;12;4;True
92073;2;2;0;True
92074;2;4;2;True
92075;4;12;8;True
92076;2;4;2;True
92077;2;4;2;True
92078;6;9;3;True
92079;4;9;5;True
92080;2;2;0;True
92081;4;12;8;True
92082;4;9;5;True
92083;3;6;3;True
92084;4;9;5;True
92085;0;0;0;True
92086;5;12;7;True
92087;2;4;2;True
92088;1;1;0;True
92089;2;4;2;True
92090;0;0;0;True
92091;3;6;3;True
92092;3;9;6;True
92093;5;12;7;True
92094;7;12;5;True
92095;5;12;7;True
92096;5;12;7;True
92097;1;1;0;True
92098;5;8;3;True
92099;2;4;2;True
92100;1;1;0;True
92101;5;12;7;True
92102;4;9;5;True
92103;0;0;0;True
92104;3;4;1;True
92105;2;2;0;True
92106;2;2;0;True
92107;3;4;1;True
92108;1;1;0;True
92109;7;16;9;True
92110;3;6;3;True
92111;6;16;10;True
92112;5;12;7;True
92113;9;16;7;True
92114;2;4;2;True
92115;5;9;4;True
92116;2;4;2;True
92117;7;16;9;True
92118;4;6;2;True
92119;6;12;6;True
92120;3;6;3;True
92121;2;4;2;True
92122;6;16;10;True
92123;4;9;5;True
92124;4;9;5;True
92125;3;3;0;True
92126;5;9;4;True
92127;1;1;0;True
92128;6;16;10;True
92129;6;12;6;True
92130;6;12;6;True
92131;1;1;0;True
92132;2;2;0;True
92133;9;16;7;True
92134;4;8;4;True
92135;4;9;5;True
92136;3;6;3;True
92137;4;9;5;True
92138;5;12;7;True
92139;6;12;6;True
92140;3;3;0;True
92141;2;2;0;True
92142;5;12;7;True
92143;2;2;0;True
92144;2;2;0;True
92145;2;4;2;True
92146;7;16;9;True
92147;1;1;0;True
92148;1;1;0;True
92149;3;6;3;True
92150;5;9;4;True
92151;1;1;0;True
92152;2;4;2;True
92153;4;9;5;True
92154;8;16;8;True
92155;6;9;3;True
92156;4;12;8;True
92157;2;4;2;True
92158;9;16;7;True
92159;2;4;2;True
92160;2;4;2;True
92161;3;6;3;True
92162;5;12;7;True
92163;4;6;2;True
92164;6;12;6;True
92165;3;9;6;True
92166;4;8;4;True
92167;3;4;1;True
92168;4;9;5;True
92169;7;12;5;True
92170;5;9;4;True
92171;5;9;4;True
92172;0;0;0;True
92173;5;9;4;True
92174;5;8;3;True
92175;2;4;2;True
92176;6;9;3;True
92177;2;4;2;True
92178;1;1;0;True
92179;5;8;3;True
92180;6;12;6;True
92181;1;1;0;True
92182;8;16;8;True
92183;1;1;0;True
92184;6;12;6;True
92185;1;1;0;True
92186;2;2;0;True
92187;6;16;10;True
92188;5;12;7;True
92189;2;2;0;True
92190;8;16;8;True
92191;4;6;2;True
92192;3;6;3;True
92193;7;16;9;True
92194;6;12;6;True
92195;6;9;3;True
92196;4;12;8;True
92197;2;4;2;True
92198;2;4;2;True
92199;0;0;0;True
92200;2;4;2;True
92201;0;0;0;True
92202;1;1;0;True
92203;2;2;0;True
92204;8;12;4;True
92205;3;9;6;True
92206;2;4;2;True
92207;3;4;1;True
92208;3;6;3;True
92209;3;4;1;True
92210;1;1;0;True
92211;3;9;6;True
92212;4;9;5;True
92213;3;6;3;True
92214;2;2;0;True
92215;1;1;0;True
92216;1;1;0;True
92217;1;1;0;True
92218;2;2;0;True
92219;2;4;2;True
92220;2;4;2;True
92221;7;16;9;True
92222;10;16;6;True
92223;7;12;5;True
92224;4;9;5;True
92225;3;6;3;True
92226;1;1;0;True
92227;3;3;0;True
92228;7;16;9;True
92229;3;6;3;True
92230;8;16;8;True
92231;5;12;7;True
92232;5;8;3;True
92233;4;6;2;True
92234;2;2;0;True
92235;7;12;5;True
92236;7;12;5;True
92237;2;2;0;True
92238;6;12;6;True
92239;4;8;4;True
92240;3;6;3;True
92241;3;4;1;True
92242;3;3;0;True
92243;4;6;2;True
92244;6;16;10;True
92245;3;4;1;True
92246;3;4;1;True
92247;4;9;5;True
92248;5;12;7;True
92249;6;12;6;True
92250;3;6;3;True
92251;1;1;0;True
92252;4;12;8;True
92253;0;0;0;True
92254;1;1;0;True
92255;2;4;2;True
92256;3;6;3;True
92257;5;12;7;True
92258;8;12;4;True
92259;0;0;0;True
92260;3;6;3;True
92261;2;4;2;True
92262;1;1;0;True
92263;2;4;2;True
92264;0;0;0;True
92265;3;6;3;True
92266;2;2;0;True
92267;2;2;0;True
92268;5;16;11;True
92269;1;1;0;True
92270;2;4;2;True
92271;3;6;3;True
92272;3;6;3;True
92273;1;1;0;True
92274;5;12;7;True
92275;3;9;6;True
92276;3;6;3;True
92277;5;9;4;True
92278;7;12;5;True
92279;3;4;1;True
92280;5;12;7;True
92281;0;0;0;True
92282;1;1;0;True
92283;3;6;3;True
92284;4;9;5;True
92285;2;4;2;True
92286;4;8;4;True
92287;1;1;0;True
92288;3;9;6;True
92289;4;6;2;True
92290;3;6;3;True
92291;1;1;0;True
92292;6;16;10;True
92293;6;16;10;True
92294;6;12;6;True
92295;2;4;2;True
92296;5;8;3;True
92297;2;4;2;True
92298;4;9;5;True
92299;5;9;4;True
92300;0;0;0;True
92301;6;8;2;True
92302;2;4;2;True
92303;2;4;2;True
92304;8;12;4;True
92305;1;1;0;True
92306;5;12;7;True
92307;5;12;7;True
92308;7;8;1;True
92309;5;9;4;True
92310;2;2;0;True
92311;3;6;3;True
92312;5;16;11;True
92313;1;1;0;True
92314;4;6;2;True
92315;3;6;3;True
92316;3;4;1;True
92317;5;12;7;True
92318;3;6;3;True
92319;4;9;5;True
92320;5;12;7;True
92321;8;16;8;True
92322;4;9;5;True
92323;2;4;2;True
92324;6;12;6;True
92325;3;4;1;True
92326;1;1;0;True
92327;10;16;6;True
92328;1;1;0;True
92329;7;16;9;True
92330;3;9;6;True
92331;5;6;1;True
92332;1;1;0;True
92333;0;0;0;True
92334;1;1;0;True
92335;4;6;2;True
92336;5;9;4;True
92337;8;16;8;True
92338;1;1;0;True
92339;3;6;3;True
92340;2;4;2;True
92341;6;12;6;True
92342;7;16;9;True
92343;3;6;3;True
92344;5;12;7;True
92345;2;4;2;True
92346;3;6;3;True
92347;3;6;3;True
92348;3;6;3;True
92349;5;12;7;True
92350;9;16;7;True
92351;2;4;2;True
92352;5;9;4;True
92353;5;6;1;True
92354;1;1;0;True
92355;2;4;2;True
92356;2;2;0;True
92357;5;12;7;True
92358;5;9;4;True
92359;7;16;9;True
92360;4;8;4;True
92361;5;12;7;True
92362;5;12;7;True
92363;1;1;0;True
92364;4;6;2;True
92365;4;9;5;True
92366;7;16;9;True
92367;4;9;5;True
92368;0;0;0;True
92369;5;9;4;True
92370;9;16;7;True
92371;5;16;11;True
92372;4;9;5;True
92373;0;0;0;True
92374;0;0;0;True
92375;1;1;0;True
92376;8;12;4;True
92377;9;16;7;True
92378;3;4;1;True
92379;7;16;9;True
92380;1;1;0;True
92381;5;12;7;True
92382;6;12;6;True
92383;0;0;0;True
92384;2;2;0;True
92385;2;4;2;True
92386;0;0;0;True
92387;1;1;0;True
92388;0;0;0;True
92389;6;9;3;True
92390;0;0;0;True
92391;1;1;0;True
92392;5;16;11;True
92393;8;12;4;True
92394;3;4;1;True
92395;5;9;4;True
92396;6;12;6;True
92397;2;4;2;True
92398;2;4;2;True
92399;4;12;8;True
92400;4;6;2;True
92401;1;1;0;True
92402;5;12;7;True
92403;5;12;7;True
92404;3;4;1;True
92405;5;16;11;True
92406;0;0;0;True
92407;1;1;0;True
92408;6;12;6;True
92409;1;1;0;True
92410;7;12;5;True
92411;3;6;3;True
92412;4;9;5;True
92413;1;1;0;True
92414;9;16;7;True
92415;2;2;0;True
92416;1;1;0;True
92417;5;9;4;True
92418;5;9;4;True
92419;5;6;1;True
92420;4;6;2;True
92421;3;9;6;True
92422;8;12;4;True
92423;8;16;8;True
92424;5;12;7;True
92425;4;9;5;True
92426;3;6;3;True
92427;4;12;8;True
92428;3;6;3;True
92429;7;12;5;True
92430;5;12;7;True
92431;7;12;5;True
92432;4;9;5;True
92433;5;12;7;True
92434;3;4;1;True
92435;5;9;4;True
92436;1;1;0;True
92437;7;16;9;True
92438;5;16;11;True
92439;4;4;0;True
92440;3;6;3;True
92441;5;12;7;True
92442;3;3;0;True
92443;5;12;7;True
92444;1;1;0;True
92445;5;9;4;True
92446;3;4;1;True
92447;3;6;3;True
92448;4;9;5;True
92449;6;12;6;True
92450;3;4;1;True
92451;1;1;0;True
92452;5;8;3;True
92453;2;2;0;True
92454;3;6;3;True
92455;4;9;5;True
92456;5;8;3;True
92457;5;9;4;True
92458;3;3;0;True
92459;6;16;10;True
92460;9;12;3;True
92461;8;16;8;True
92462;7;16;9;True
92463;5;9;4;True
92464;2;4;2;True
92465;1;1;0;True
92466;3;6;3;True
92467;3;6;3;True
92468;3;4;1;True
92469;5;9;4;True
92470;2;4;2;True
92471;5;12;7;True
92472;3;4;1;True
92473;3;6;3;True
92474;2;2;0;True
92475;8;16;8;True
92476;3;6;3;True
92477;2;2;0;True
92478;0;0;0;True
92479;5;9;4;True
92480;1;1;0;True
92481;2;4;2;True
92482;3;4;1;True
92483;5;9;4;True
92484;2;4;2;True
92485;9;16;7;True
92486;1;1;0;True
92487;4;16;12;True
92488;3;9;6;True
92489;1;1;0;True
92490;3;6;3;True
92491;4;9;5;True
92492;4;6;2;True
92493;4;9;5;True
92494;5;12;7;True
92495;2;4;2;True
92496;4;8;4;True
92497;7;12;5;True
92498;3;4;1;True
92499;4;9;5;True
92500;0;0;0;True
92501;1;1;0;True
92502;0;0;0;True
92503;3;9;6;True
92504;4;6;2;True
92505;3;9;6;True
92506;0;0;0;True
92507;0;0;0;True
92508;2;4;2;True
92509;3;4;1;True
92510;2;4;2;True
92511;3;6;3;True
92512;4;6;2;True
92513;1;1;0;True
92514;5;12;7;True
92515;6;12;6;True
92516;4;6;2;True
92517;6;9;3;True
92518;6;12;6;True
92519;3;4;1;True
92520;5;12;7;True
92521;3;4;1;True
92522;7;8;1;True
92523;1;1;0;True
92524;5;6;1;True
92525;5;12;7;True
92526;1;1;0;True
92527;3;6;3;True
92528;7;12;5;True
92529;1;1;0;True
92530;4;6;2;True
92531;0;0;0;True
92532;4;6;2;True
92533;3;4;1;True
92534;4;9;5;True
92535;5;12;7;True
92536;1;1;0;True
92537;6;12;6;True
92538;6;16;10;True
92539;0;0;0;True
92540;5;12;7;True
92541;5;9;4;True
92542;2;2;0;True
92543;7;12;5;True
92544;5;9;4;True
92545;2;4;2;True
92546;0;0;0;True
92547;1;1;0;True
92548;4;8;4;True
92549;2;4;2;True
92550;3;6;3;True
92551;5;12;7;True
92552;7;16;9;True
92553;2;2;0;True
92554;3;6;3;True
92555;2;2;0;True
92556;7;16;9;True
92557;3;6;3;True
92558;5;12;7;True
92559;3;9;6;True
92560;7;16;9;True
92561;0;0;0;True
92562;4;6;2;True
92563;5;6;1;True
92564;5;12;7;True
92565;4;6;2;True
92566;2;2;0;True
92567;5;9;4;True
92568;2;2;0;True
92569;4;6;2;True
92570;4;6;2;True
92571;7;12;5;True
92572;8;16;8;True
92573;3;4;1;True
92574;4;9;5;True
92575;4;12;8;True
92576;1;1;0;True
92577;1;1;0;True
92578;4;12;8;True
92579;9;16;7;True
92580;3;6;3;True
92581;2;4;2;True
92582;3;6;3;True
92583;2;4;2;True
92584;4;9;5;True
92585;2;2;0;True
92586;2;2;0;True
92587;5;9;4;True
92588;2;2;0;True
92589;6;16;10;True
92590;1;1;0;True
92591;4;9;5;True
92592;4;9;5;True
92593;4;9;5;True
92594;4;12;8;True
92595;5;9;4;True
92596;8;16;8;True
92597;4;6;2;True
92598;1;1;0;True
92599;11;16;5;True
92600;9;16;7;True
92601;1;1;0;True
92602;4;6;2;True
92603;4;9;5;True
92604;8;12;4;True
92605;1;1;0;True
92606;4;9;5;True
92607;2;2;0;True
92608;4;8;4;True
92609;9;16;7;True
92610;5;9;4;True
92611;2;4;2;True
92612;3;6;3;True
92613;2;4;2;True
92614;0;0;0;True
92615;6;16;10;True
92616;3;9;6;True
92617;3;6;3;True
92618;0;0;0;True
92619;4;9;5;True
92620;3;6;3;True
92621;4;4;0;True
92622;2;4;2;True
92623;4;6;2;True
92624;3;9;6;True
92625;4;6;2;True
92626;2;4;2;True
92627;3;6;3;True
92628;6;12;6;True
92629;2;2;0;True
92630;1;1;0;True
92631;0;0;0;True
92632;6;16;10;True
92633;0;0;0;True
92634;5;12;7;True
92635;6;16;10;True
92636;4;12;8;True
92637;5;16;11;True
92638;0;0;0;True
92639;0;0;0;True
92640;2;4;2;True
92641;3;4;1;True
92642;8;12;4;True
92643;2;4;2;True
92644;5;12;7;True
92645;0;0;0;True
92646;9;16;7;True
92647;3;6;3;True
92648;3;6;3;True
92649;2;4;2;True
92650;7;16;9;True
92651;1;1;0;True
92652;4;9;5;True
92653;1;1;0;True
92654;1;1;0;True
92655;3;4;1;True
92656;5;12;7;True
92657;4;6;2;True
92658;6;16;10;True
92659;4;9;5;True
92660;3;6;3;True
92661;7;12;5;True
92662;5;12;7;True
92663;3;6;3;True
92664;8;16;8;True
92665;9;16;7;True
92666;2;2;0;True
92667;5;8;3;True
92668;4;16;12;True
92669;6;12;6;True
92670;7;12;5;True
92671;1;1;0;True
92672;2;4;2;True
92673;7;9;2;True
92674;1;1;0;True
92675;2;2;0;True
92676;4;9;5;True
92677;1;1;0;True
92678;0;0;0;True
92679;7;12;5;True
92680;2;4;2;True
92681;6;16;10;True
92682;9;12;3;True
92683;4;6;2;True
92684;3;6;3;True
92685;1;1;0;True
92686;6;12;6;True
92687;0;0;0;True
92688;7;9;2;True
92689;1;1;0;True
92690;7;12;5;True
92691;1;1;0;True
92692;4;8;4;True
92693;5;8;3;True
92694;5;9;4;True
92695;5;9;4;True
92696;6;12;6;True
92697;6;12;6;True
92698;5;12;7;True
92699;1;1;0;True
92700;2;4;2;True
92701;6;12;6;True
92702;3;6;3;True
92703;8;12;4;True
92704;4;12;8;True
92705;5;12;7;True
92706;1;1;0;True
92707;1;1;0;True
92708;2;4;2;True
92709;1;1;0;True
92710;3;6;3;True
92711;3;9;6;True
92712;5;12;7;True
92713;4;12;8;True
92714;6;12;6;True
92715;4;9;5;True
92716;2;4;2;True
92717;3;9;6;True
92718;5;9;4;True
92719;1;1;0;True
92720;6;12;6;True
92721;4;9;5;True
92722;2;2;0;True
92723;3;9;6;True
92724;4;6;2;True
92725;5;9;4;True
92726;4;4;0;True
92727;5;9;4;True
92728;8;12;4;True
92729;5;12;7;True
92730;1;1;0;True
92731;4;9;5;True
92732;8;12;4;True
92733;4;12;8;True
92734;1;1;0;True
92735;6;16;10;True
92736;0;0;0;True
92737;2;2;0;True
92738;2;2;0;True
92739;8;16;8;True
92740;4;6;2;True
92741;2;4;2;True
92742;1;1;0;True
92743;6;8;2;True
92744;5;16;11;True
92745;2;2;0;True
92746;6;16;10;True
92747;6;12;6;True
92748;2;4;2;True
92749;3;6;3;True
92750;0;0;0;True
92751;6;16;10;True
92752;2;4;2;True
92753;3;6;3;True
92754;6;16;10;True
92755;3;4;1;True
92756;3;9;6;True
92757;3;9;6;True
92758;2;4;2;True
92759;4;8;4;True
92760;3;4;1;True
92761;3;6;3;True
92762;1;1;0;True
92763;2;2;0;True
92764;5;9;4;True
92765;8;16;8;True
92766;7;12;5;True
92767;6;9;3;True
92768;0;0;0;True
92769;3;9;6;True
92770;1;1;0;True
92771;4;9;5;True
92772;3;4;1;True
92773;8;16;8;True
92774;7;12;5;True
92775;1;1;0;True
92776;4;6;2;True
92777;5;8;3;True
92778;1;1;0;True
92779;1;1;0;True
92780;3;9;6;True
92781;5;12;7;True
92782;5;6;1;True
92783;10;16;6;True
92784;2;2;0;True
92785;10;16;6;True
92786;2;4;2;True
92787;8;12;4;True
92788;6;16;10;True
92789;2;2;0;True
92790;5;9;4;True
92791;8;12;4;True
92792;6;12;6;True
92793;5;12;7;True
92794;4;9;5;True
92795;4;9;5;True
92796;5;12;7;True
92797;1;1;0;True
92798;1;1;0;True
92799;1;1;0;True
92800;5;12;7;True
92801;5;12;7;True
92802;3;9;6;True
92803;3;9;6;True
92804;5;9;4;True
92805;11;16;5;True
92806;4;4;0;True
92807;8;12;4;True
92808;5;9;4;True
92809;1;1;0;True
92810;5;6;1;True
92811;0;0;0;True
92812;6;12;6;True
92813;3;6;3;True
92814;5;6;1;True
92815;6;12;6;True
92816;4;8;4;True
92817;5;16;11;True
92818;2;2;0;True
92819;0;0;0;True
92820;1;1;0;True
92821;3;6;3;True
92822;3;4;1;True
92823;1;1;0;True
92824;1;1;0;True
92825;4;6;2;True
92826;1;1;0;True
92827;2;2;0;True
92828;4;4;0;True
92829;0;0;0;True
92830;0;0;0;True
92831;1;1;0;True
92832;4;6;2;True
92833;0;0;0;True
92834;5;12;7;True
92835;6;12;6;True
92836;1;1;0;True
92837;2;4;2;True
92838;0;0;0;True
92839;3;9;6;True
92840;7;12;5;True
92841;4;9;5;True
92842;3;3;0;True
92843;6;12;6;True
92844;5;12;7;True
92845;4;6;2;True
92846;3;6;3;True
92847;3;6;3;True
92848;7;12;5;True
92849;2;2;0;True
92850;2;4;2;True
92851;6;9;3;True
92852;2;2;0;True
92853;4;6;2;True
92854;4;9;5;True
92855;7;12;5;True
92856;0;0;0;True
92857;4;9;5;True
92858;2;4;2;True
92859;3;6;3;True
92860;4;6;2;True
92861;1;1;0;True
92862;1;1;0;True
92863;8;12;4;True
92864;5;8;3;True
92865;5;12;7;True
92866;4;6;2;True
92867;7;16;9;True
92868;9;16;7;True
92869;0;0;0;True
92870;1;1;0;True
92871;5;8;3;True
92872;2;2;0;True
92873;1;1;0;True
92874;5;8;3;True
92875;4;6;2;True
92876;4;12;8;True
92877;1;1;0;True
92878;2;2;0;True
92879;2;2;0;True
92880;7;12;5;True
92881;4;9;5;True
92882;6;16;10;True
92883;2;2;0;True
92884;8;12;4;True
92885;2;2;0;True
92886;4;6;2;True
92887;4;9;5;True
92888;5;6;1;True
92889;7;16;9;True
92890;4;6;2;True
92891;6;12;6;True
92892;0;0;0;True
92893;5;16;11;True
92894;5;12;7;True
92895;0;0;0;True
92896;3;9;6;True
92897;4;9;5;True
92898;2;2;0;True
92899;4;9;5;True
92900;2;2;0;True
92901;4;9;5;True
92902;1;1;0;True
92903;7;16;9;True
92904;5;9;4;True
92905;3;3;0;True
92906;4;9;5;True
92907;2;2;0;True
92908;1;1;0;True
92909;4;12;8;True
92910;3;4;1;True
92911;8;16;8;True
92912;0;0;0;True
92913;3;9;6;True
92914;3;6;3;True
92915;0;0;0;True
92916;2;4;2;True
92917;3;6;3;True
92918;5;12;7;True
92919;5;6;1;True
92920;5;9;4;True
92921;1;1;0;True
92922;1;1;0;True
92923;3;6;3;True
92924;4;6;2;True
92925;5;6;1;True
92926;3;4;1;True
92927;1;1;0;True
92928;2;4;2;True
92929;5;8;3;True
92930;1;1;0;True
92931;3;6;3;True
92932;0;0;0;True
92933;2;2;0;True
92934;3;6;3;True
92935;3;6;3;True
92936;8;16;8;True
92937;7;12;5;True
92938;7;12;5;True
92939;6;16;10;True
92940;4;12;8;True
92941;6;16;10;True
92942;0;0;0;True
92943;8;16;8;True
92944;3;6;3;True
92945;2;2;0;True
92946;1;1;0;True
92947;5;12;7;True
92948;5;16;11;True
92949;3;6;3;True
92950;4;8;4;True
92951;3;6;3;True
92952;3;6;3;True
92953;4;9;5;True
92954;0;0;0;True
92955;4;6;2;True
92956;8;16;8;True
92957;3;4;1;True
92958;6;12;6;True
92959;3;9;6;True
92960;4;9;5;True
92961;1;1;0;True
92962;7;12;5;True
92963;3;6;3;True
92964;3;9;6;True
92965;3;3;0;True
92966;6;12;6;True
92967;5;12;7;True
92968;4;4;0;True
92969;4;12;8;True
92970;2;4;2;True
92971;4;9;5;True
92972;4;12;8;True
92973;4;9;5;True
92974;1;1;0;True
92975;2;4;2;True
92976;3;6;3;True
92977;3;4;1;True
92978;3;6;3;True
92979;3;6;3;True
92980;4;9;5;True
92981;2;2;0;True
92982;3;6;3;True
92983;9;16;7;True
92984;4;12;8;True
92985;4;6;2;True
92986;2;2;0;True
92987;5;8;3;True
92988;1;1;0;True
92989;3;4;1;True
92990;3;6;3;True
92991;6;12;6;True
92992;6;16;10;True
92993;4;9;5;True
92994;4;6;2;True
92995;2;4;2;True
92996;4;8;4;True
92997;2;4;2;True
92998;7;12;5;True
92999;2;2;0;True
93000;3;6;3;True
93001;4;12;8;True
93002;2;4;2;True
93003;4;6;2;True
93004;4;9;5;True
93005;6;16;10;True
93006;7;16;9;True
93007;1;1;0;True
93008;4;9;5;True
93009;1;1;0;True
93010;4;8;4;True
93011;3;6;3;True
93012;0;0;0;True
93013;1;1;0;True
93014;0;0;0;True
93015;1;1;0;True
93016;4;9;5;True
93017;4;9;5;True
93018;8;12;4;True
93019;1;1;0;True
93020;0;0;0;True
93021;4;9;5;True
93022;10;16;6;True
93023;9;16;7;True
93024;2;2;0;True
93025;3;6;3;True
93026;5;9;4;True
93027;3;9;6;True
93028;1;1;0;True
93029;6;12;6;True
93030;9;16;7;True
93031;0;0;0;True
93032;4;12;8;True
93033;2;4;2;True
93034;6;16;10;True
93035;7;12;5;True
93036;7;12;5;True
93037;6;9;3;True
93038;7;16;9;True
93039;0;0;0;True
93040;4;6;2;True
93041;5;16;11;True
93042;1;1;0;True
93043;3;4;1;True
93044;5;12;7;True
93045;2;2;0;True
93046;0;0;0;True
93047;4;6;2;True
93048;0;0;0;True
93049;5;9;4;True
93050;6;9;3;True
93051;7;12;5;True
93052;3;4;1;True
93053;3;6;3;True
93054;4;12;8;True
93055;0;0;0;True
93056;3;6;3;True
93057;2;2;0;True
93058;6;12;6;True
93059;4;4;0;True
93060;3;9;6;True
93061;2;4;2;True
93062;7;16;9;True
93063;2;4;2;True
93064;6;12;6;True
93065;5;12;7;True
93066;3;6;3;True
93067;8;16;8;True
93068;0;0;0;True
93069;1;1;0;True
93070;1;1;0;True
93071;2;4;2;True
93072;5;9;4;True
93073;4;12;8;True
93074;1;1;0;True
93075;6;16;10;True
93076;6;9;3;True
93077;1;1;0;True
93078;4;16;12;True
93079;5;12;7;True
93080;4;12;8;True
93081;7;12;5;True
93082;7;16;9;True
93083;3;6;3;True
93084;5;6;1;True
93085;1;1;0;True
93086;3;4;1;True
93087;2;4;2;True
93088;6;12;6;True
93089;2;2;0;True
93090;3;6;3;True
93091;3;3;0;True
93092;8;16;8;True
93093;2;4;2;True
93094;5;12;7;True
93095;5;9;4;True
93096;2;4;2;True
93097;5;12;7;True
93098;7;16;9;True
93099;3;6;3;True
93100;3;4;1;True
93101;1;1;0;True
93102;2;2;0;True
93103;5;8;3;True
93104;3;6;3;True
93105;6;9;3;True
93106;2;2;0;True
93107;4;9;5;True
93108;2;2;0;True
93109;3;9;6;True
93110;4;9;5;True
93111;3;9;6;True
93112;7;16;9;True
93113;2;2;0;True
93114;1;1;0;True
93115;1;1;0;True
93116;4;9;5;True
93117;4;4;0;True
93118;5;9;4;True
93119;4;6;2;True
93120;4;6;2;True
93121;5;12;7;True
93122;2;4;2;True
93123;9;16;7;True
93124;2;2;0;True
93125;3;9;6;True
93126;4;6;2;True
93127;2;2;0;True
93128;7;16;9;True
93129;2;4;2;True
93130;2;4;2;True
93131;9;16;7;True
93132;4;6;2;True
93133;1;1;0;True
93134;1;1;0;True
93135;2;4;2;True
93136;8;12;4;True
93137;4;9;5;True
93138;1;1;0;True
93139;4;9;5;True
93140;3;6;3;True
93141;4;6;2;True
93142;4;8;4;True
93143;5;9;4;True
93144;6;9;3;True
93145;8;12;4;True
93146;2;4;2;True
93147;3;6;3;True
93148;4;8;4;True
93149;1;1;0;True
93150;2;4;2;True
93151;2;2;0;True
93152;5;9;4;True
93153;4;9;5;True
93154;6;16;10;True
93155;4;6;2;True
93156;4;9;5;True
93157;4;6;2;True
93158;3;9;6;True
93159;6;9;3;True
93160;9;16;7;True
93161;8;16;8;True
93162;1;1;0;True
93163;4;9;5;True
93164;3;4;1;True
93165;4;6;2;True
93166;2;4;2;True
93167;2;4;2;True
93168;6;16;10;True
93169;8;16;8;True
93170;4;6;2;True
93171;5;12;7;True
93172;7;12;5;True
93173;5;9;4;True
93174;1;1;0;True
93175;2;4;2;True
93176;1;1;0;True
93177;5;12;7;True
93178;2;4;2;True
93179;1;1;0;True
93180;7;12;5;True
93181;1;1;0;True
93182;6;12;6;True
93183;2;4;2;True
93184;2;2;0;True
93185;8;16;8;True
93186;3;6;3;True
93187;4;8;4;True
93188;7;16;9;True
93189;0;0;0;True
93190;4;6;2;True
93191;3;4;1;True
93192;2;2;0;True
93193;0;0;0;True
93194;1;1;0;True
93195;4;12;8;True
93196;1;1;0;True
93197;3;6;3;True
93198;4;9;5;True
93199;4;6;2;True
93200;4;9;5;True
93201;2;4;2;True
93202;4;12;8;True
93203;3;6;3;True
93204;1;1;0;True
93205;3;4;1;True
93206;6;9;3;True
93207;0;0;0;True
93208;6;16;10;True
93209;3;4;1;True
93210;4;9;5;True
93211;5;8;3;True
93212;4;9;5;True
93213;5;12;7;True
93214;3;6;3;True
93215;8;12;4;True
93216;4;9;5;True
93217;4;6;2;True
93218;2;4;2;True
93219;5;16;11;True
93220;4;9;5;True
93221;6;12;6;True
93222;5;12;7;True
93223;2;2;0;True
93224;4;8;4;True
93225;6;12;6;True
93226;3;3;0;True
93227;8;16;8;True
93228;1;1;0;True
93229;1;1;0;True
93230;3;4;1;True
93231;4;12;8;True
93232;1;1;0;True
93233;4;8;4;True
93234;4;9;5;True
93235;5;12;7;True
93236;8;16;8;True
93237;5;9;4;True
93238;4;8;4;True
93239;2;2;0;True
93240;7;16;9;True
93241;7;12;5;True
93242;1;1;0;True
93243;5;12;7;True
93244;2;2;0;True
93245;5;9;4;True
93246;2;4;2;True
93247;1;1;0;True
93248;3;9;6;True
93249;2;2;0;True
93250;4;8;4;True
93251;1;1;0;True
93252;2;4;2;True
93253;2;2;0;True
93254;5;9;4;True
93255;4;9;5;True
93256;4;12;8;True
93257;0;0;0;True
93258;4;9;5;True
93259;2;2;0;True
93260;2;4;2;True
93261;4;9;5;True
93262;3;9;6;True
93263;5;9;4;True
93264;8;16;8;True
93265;6;8;2;True
93266;0;0;0;True
93267;2;4;2;True
93268;4;6;2;True
93269;3;6;3;True
93270;1;1;0;True
93271;9;16;7;True
93272;7;12;5;True
93273;3;6;3;True
93274;6;12;6;True
93275;8;16;8;True
93276;5;9;4;True
93277;5;12;7;True
93278;1;1;0;True
93279;1;1;0;True
93280;7;16;9;True
93281;2;4;2;True
93282;2;2;0;True
93283;1;1;0;True
93284;4;4;0;True
93285;2;2;0;True
93286;4;6;2;True
93287;2;4;2;True
93288;5;12;7;True
93289;6;12;6;True
93290;1;1;0;True
93291;2;4;2;True
93292;5;9;4;True
93293;3;6;3;True
93294;6;9;3;True
93295;2;4;2;True
93296;0;0;0;True
93297;3;4;1;True
93298;4;6;2;True
93299;2;4;2;True
93300;2;4;2;True
93301;4;6;2;True
93302;1;1;0;True
93303;6;12;6;True
93304;1;1;0;True
93305;5;16;11;True
93306;1;1;0;True
93307;8;16;8;True
93308;2;4;2;True
93309;5;6;1;True
93310;1;1;0;True
93311;0;0;0;True
93312;2;4;2;True
93313;2;4;2;True
93314;1;1;0;True
93315;7;12;5;True
93316;4;8;4;True
93317;6;12;6;True
93318;2;4;2;True
93319;11;16;5;True
93320;5;9;4;True
93321;8;16;8;True
93322;2;4;2;True
93323;1;1;0;True
93324;1;1;0;True
93325;5;16;11;True
93326;1;1;0;True
93327;0;0;0;True
93328;1;1;0;True
93329;1;1;0;True
93330;2;4;2;True
93331;5;12;7;True
93332;8;16;8;True
93333;4;6;2;True
93334;4;9;5;True
93335;1;1;0;True
93336;4;9;5;True
93337;5;12;7;True
93338;5;9;4;True
93339;4;6;2;True
93340;1;1;0;True
93341;5;12;7;True
93342;7;12;5;True
93343;2;2;0;True
93344;8;16;8;True
93345;7;16;9;True
93346;5;9;4;True
93347;8;12;4;True
93348;3;6;3;True
93349;4;4;0;True
93350;3;4;1;True
93351;5;16;11;True
93352;3;4;1;True
93353;5;12;7;True
93354;3;4;1;True
93355;6;16;10;True
93356;2;2;0;True
93357;3;3;0;True
93358;7;16;9;True
93359;6;12;6;True
93360;3;9;6;True
93361;3;4;1;True
93362;7;12;5;True
93363;5;12;7;True
93364;3;4;1;True
93365;4;9;5;True
93366;4;6;2;True
93367;4;6;2;True
93368;5;9;4;True
93369;1;1;0;True
93370;1;1;0;True
93371;5;12;7;True
93372;5;12;7;True
93373;2;2;0;True
93374;1;1;0;True
93375;2;4;2;True
93376;3;4;1;True
93377;2;4;2;True
93378;2;2;0;True
93379;2;2;0;True
93380;6;9;3;True
93381;3;6;3;True
93382;4;9;5;True
93383;3;6;3;True
93384;1;1;0;True
93385;6;16;10;True
93386;4;6;2;True
93387;4;6;2;True
93388;3;9;6;True
93389;3;9;6;True
93390;6;12;6;True
93391;3;6;3;True
93392;1;1;0;True
93393;6;8;2;True
93394;7;12;5;True
93395;2;4;2;True
93396;5;12;7;True
93397;2;4;2;True
93398;5;12;7;True
93399;3;9;6;True
93400;4;9;5;True
93401;8;12;4;True
93402;8;16;8;True
93403;3;3;0;True
93404;5;9;4;True
93405;4;9;5;True
93406;4;9;5;True
93407;4;6;2;True
93408;1;1;0;True
93409;3;3;0;True
93410;1;1;0;True
93411;5;12;7;True
93412;5;12;7;True
93413;6;12;6;True
93414;2;4;2;True
93415;4;8;4;True
93416;3;9;6;True
93417;0;0;0;True
93418;4;4;0;True
93419;4;9;5;True
93420;3;6;3;True
93421;5;9;4;True
93422;2;4;2;True
93423;8;16;8;True
93424;4;6;2;True
93425;5;16;11;True
93426;2;2;0;True
93427;2;2;0;True
93428;7;9;2;True
93429;1;1;0;True
93430;3;9;6;True
93431;0;0;0;True
93432;5;6;1;True
93433;4;6;2;True
93434;6;9;3;True
93435;7;16;9;True
93436;3;6;3;True
93437;8;16;8;True
93438;3;4;1;True
93439;3;9;6;True
93440;0;0;0;True
93441;3;6;3;True
93442;0;0;0;True
93443;6;16;10;True
93444;3;6;3;True
93445;6;9;3;True
93446;9;12;3;True
93447;2;4;2;True
93448;1;1;0;True
93449;2;4;2;True
93450;2;4;2;True
93451;2;4;2;True
93452;4;9;5;True
93453;6;12;6;True
93454;5;16;11;True
93455;3;4;1;True
93456;1;1;0;True
93457;2;4;2;True
93458;5;9;4;True
93459;3;9;6;True
93460;0;0;0;True
93461;0;0;0;True
93462;2;4;2;True
93463;5;9;4;True
93464;5;9;4;True
93465;3;6;3;True
93466;4;9;5;True
93467;6;9;3;True
93468;4;9;5;True
93469;2;2;0;True
93470;2;2;0;True
93471;5;9;4;True
93472;6;12;6;True
93473;5;8;3;True
93474;0;0;0;True
93475;5;12;7;True
93476;3;4;1;True
93477;0;0;0;True
93478;4;6;2;True
93479;3;4;1;True
93480;3;6;3;True
93481;3;6;3;True
93482;4;6;2;True
93483;2;4;2;True
93484;3;6;3;True
93485;7;16;9;True
93486;2;2;0;True
93487;2;4;2;True
93488;9;12;3;True
93489;6;12;6;True
93490;0;0;0;True
93491;3;6;3;True
93492;0;0;0;True
93493;4;6;2;True
93494;8;12;4;True
93495;3;4;1;True
93496;7;16;9;True
93497;3;6;3;True
93498;2;4;2;True
93499;4;12;8;True
93500;0;0;0;True
93501;7;16;9;True
93502;4;6;2;True
93503;1;1;0;True
93504;3;6;3;True
93505;1;1;0;True
93506;6;9;3;True
93507;4;8;4;True
93508;4;4;0;True
93509;1;1;0;True
93510;5;12;7;True
93511;1;1;0;True
93512;0;0;0;True
93513;3;4;1;True
93514;1;1;0;True
93515;5;9;4;True
93516;3;9;6;True
93517;4;9;5;True
93518;5;9;4;True
93519;5;12;7;True
93520;2;4;2;True
93521;0;0;0;True
93522;1;1;0;True
93523;1;1;0;True
93524;4;9;5;True
93525;5;16;11;True
93526;7;12;5;True
93527;1;1;0;True
93528;3;4;1;True
93529;3;3;0;True
93530;4;9;5;True
93531;4;12;8;True
93532;8;16;8;True
93533;5;12;7;True
93534;0;0;0;True
93535;2;4;2;True
93536;0;0;0;True
93537;2;2;0;True
93538;5;12;7;True
93539;5;9;4;True
93540;7;16;9;True
93541;1;1;0;True
93542;3;3;0;True
93543;1;1;0;True
93544;6;16;10;True
93545;4;9;5;True
93546;6;16;10;True
93547;1;1;0;True
93548;2;4;2;True
93549;4;8;4;True
93550;3;6;3;True
93551;2;2;0;True
93552;1;1;0;True
93553;0;0;0;True
93554;4;12;8;True
93555;1;1;0;True
93556;1;1;0;True
93557;6;12;6;True
93558;3;3;0;True
93559;4;6;2;True
93560;6;16;10;True
93561;3;3;0;True
93562;5;9;4;True
93563;5;9;4;True
93564;3;9;6;True
93565;4;12;8;True
93566;3;4;1;True
93567;4;9;5;True
93568;5;12;7;True
93569;5;12;7;True
93570;1;1;0;True
93571;5;12;7;True
93572;8;16;8;True
93573;3;6;3;True
93574;3;9;6;True
93575;3;6;3;True
93576;3;3;0;True
93577;1;1;0;True
93578;2;4;2;True
93579;4;8;4;True
93580;3;9;6;True
93581;5;12;7;True
93582;5;9;4;True
93583;4;9;5;True
93584;1;1;0;True
93585;2;4;2;True
93586;5;12;7;True
93587;1;1;0;True
93588;8;12;4;True
93589;9;16;7;True
93590;3;4;1;True
93591;2;4;2;True
93592;2;4;2;True
93593;4;4;0;True
93594;3;6;3;True
93595;6;12;6;True
93596;3;4;1;True
93597;10;16;6;True
93598;8;12;4;True
93599;4;9;5;True
93600;3;4;1;True
93601;10;16;6;True
93602;3;3;0;True
93603;1;1;0;True
93604;3;6;3;True
93605;3;3;0;True
93606;7;12;5;True
93607;2;4;2;True
93608;4;6;2;True
93609;3;6;3;True
93610;5;6;1;True
93611;5;9;4;True
93612;6;12;6;True
93613;5;12;7;True
93614;3;6;3;True
93615;3;4;1;True
93616;5;12;7;True
93617;1;1;0;True
93618;3;6;3;True
93619;2;4;2;True
93620;3;4;1;True
93621;1;1;0;True
93622;0;0;0;True
93623;1;1;0;True
93624;5;8;3;True
93625;3;3;0;True
93626;3;6;3;True
93627;6;16;10;True
93628;5;12;7;True
93629;5;9;4;True
93630;5;9;4;True
93631;4;9;5;True
93632;3;6;3;True
93633;6;16;10;True
93634;3;4;1;True
93635;1;1;0;True
93636;8;16;8;True
93637;4;9;5;True
93638;3;4;1;True
93639;4;9;5;True
93640;1;1;0;True
93641;5;12;7;True
93642;2;2;0;True
93643;0;0;0;True
93644;7;12;5;True
93645;5;9;4;True
93646;5;9;4;True
93647;3;4;1;True
93648;2;2;0;True
93649;4;9;5;True
93650;3;4;1;True
93651;1;1;0;True
93652;4;9;5;True
93653;9;16;7;True
93654;9;16;7;True
93655;8;12;4;True
93656;4;8;4;True
93657;3;6;3;True
93658;2;4;2;True
93659;5;12;7;True
93660;6;16;10;True
93661;6;12;6;True
93662;8;16;8;True
93663;4;9;5;True
93664;4;8;4;True
93665;2;2;0;True
93666;6;9;3;True
93667;1;1;0;True
93668;1;1;0;True
93669;7;16;9;True
93670;6;12;6;True
93671;5;12;7;True
93672;8;16;8;True
93673;2;2;0;True
93674;4;8;4;True
93675;4;9;5;True
93676;6;12;6;True
93677;3;9;6;True
93678;3;4;1;True
93679;2;2;0;True
93680;4;6;2;True
93681;2;2;0;True
93682;3;6;3;True
93683;6;12;6;True
93684;4;9;5;True
93685;3;6;3;True
93686;3;4;1;True
93687;3;6;3;True
93688;3;3;0;True
93689;5;12;7;True
93690;3;6;3;True
93691;3;4;1;True
93692;0;0;0;True
93693;6;9;3;True
93694;2;2;0;True
93695;6;16;10;True
93696;7;12;5;True
93697;7;16;9;True
93698;5;12;7;True
93699;3;6;3;True
93700;4;9;5;True
93701;3;6;3;True
93702;4;6;2;True
93703;1;1;0;True
93704;1;1;0;True
93705;6;12;6;True
93706;7;16;9;True
93707;3;6;3;True
93708;3;6;3;True
93709;4;12;8;True
93710;5;12;7;True
93711;3;6;3;True
93712;3;6;3;True
93713;3;6;3;True
93714;3;6;3;True
93715;7;12;5;True
93716;5;9;4;True
93717;6;16;10;True
93718;3;4;1;True
93719;2;2;0;True
93720;5;9;4;True
93721;1;1;0;True
93722;1;1;0;True
93723;3;6;3;True
93724;5;9;4;True
93725;0;0;0;True
93726;1;1;0;True
93727;5;16;11;True
93728;3;6;3;True
93729;2;4;2;True
93730;0;0;0;True
93731;4;12;8;True
93732;3;3;0;True
93733;3;4;1;True
93734;7;16;9;True
93735;10;16;6;True
93736;6;16;10;True
93737;8;16;8;True
93738;1;1;0;True
93739;4;6;2;True
93740;10;16;6;True
93741;3;9;6;True
93742;4;4;0;True
93743;4;12;8;True
93744;5;9;4;True
93745;5;12;7;True
93746;7;16;9;True
93747;4;9;5;True
93748;3;3;0;True
93749;0;0;0;True
93750;2;4;2;True
93751;1;1;0;True
93752;1;1;0;True
93753;3;9;6;True
93754;8;16;8;True
93755;4;9;5;True
93756;5;9;4;True
93757;7;12;5;True
93758;1;1;0;True
93759;2;2;0;True
93760;2;4;2;True
93761;3;3;0;True
93762;4;9;5;True
93763;3;4;1;True
93764;7;12;5;True
93765;1;1;0;True
93766;2;4;2;True
93767;3;6;3;True
93768;6;16;10;True
93769;5;16;11;True
93770;6;8;2;True
93771;3;9;6;True
93772;7;12;5;True
93773;4;12;8;True
93774;1;1;0;True
93775;5;12;7;True
93776;2;4;2;True
93777;2;2;0;True
93778;1;1;0;True
93779;4;6;2;True
93780;4;6;2;True
93781;1;1;0;True
93782;2;2;0;True
93783;4;8;4;True
93784;4;6;2;True
93785;5;16;11;True
93786;9;16;7;True
93787;3;6;3;True
93788;3;4;1;True
93789;3;4;1;True
93790;0;0;0;True
93791;4;9;5;True
93792;5;16;11;True
93793;4;12;8;True
93794;4;12;8;True
93795;0;0;0;True
93796;6;9;3;True
93797;0;0;0;True
93798;5;12;7;True
93799;2;4;2;True
93800;7;12;5;True
93801;1;1;0;True
93802;0;0;0;True
93803;2;4;2;True
93804;6;12;6;True
93805;4;9;5;True
93806;3;6;3;True
93807;6;8;2;True
93808;2;4;2;True
93809;3;9;6;True
93810;8;16;8;True
93811;5;9;4;True
93812;7;16;9;True
93813;4;9;5;True
93814;3;3;0;True
93815;1;1;0;True
93816;2;4;2;True
93817;4;12;8;True
93818;7;12;5;True
93819;3;6;3;True
93820;5;9;4;True
93821;4;6;2;True
93822;3;6;3;True
93823;4;9;5;True
93824;4;16;12;True
93825;3;4;1;True
93826;2;4;2;True
93827;3;6;3;True
93828;5;12;7;True
93829;4;6;2;True
93830;6;12;6;True
93831;2;4;2;True
93832;5;6;1;True
93833;0;0;0;True
93834;1;1;0;True
93835;3;6;3;True
93836;2;4;2;True
93837;1;1;0;True
93838;1;1;0;True
93839;2;2;0;True
93840;4;9;5;True
93841;0;0;0;True
93842;3;6;3;True
93843;7;16;9;True
93844;8;12;4;True
93845;4;9;5;True
93846;8;12;4;True
93847;6;16;10;True
93848;5;9;4;True
93849;3;6;3;True
93850;7;12;5;True
93851;3;6;3;True
93852;6;12;6;True
93853;9;16;7;True
93854;5;9;4;True
93855;1;1;0;True
93856;4;9;5;True
93857;1;1;0;True
93858;7;16;9;True
93859;3;4;1;True
93860;8;12;4;True
93861;4;6;2;True
93862;6;12;6;True
93863;2;2;0;True
93864;3;6;3;True
93865;2;4;2;True
93866;5;12;7;True
93867;4;9;5;True
93868;6;9;3;True
93869;3;3;0;True
93870;6;16;10;True
93871;5;12;7;True
93872;0;0;0;True
93873;0;0;0;True
93874;7;12;5;True
93875;4;16;12;True
93876;2;4;2;True
93877;3;6;3;True
93878;5;8;3;True
93879;4;16;12;True
93880;0;0;0;True
93881;5;16;11;True
93882;1;1;0;True
93883;5;12;7;True
93884;0;0;0;True
93885;6;12;6;True
93886;2;4;2;True
93887;5;12;7;True
93888;5;12;7;True
93889;1;1;0;True
93890;4;9;5;True
93891;5;12;7;True
93892;6;9;3;True
93893;5;12;7;True
93894;3;6;3;True
93895;3;4;1;True
93896;5;9;4;True
93897;2;4;2;True
93898;2;4;2;True
93899;5;9;4;True
93900;1;1;0;True
93901;1;1;0;True
93902;4;12;8;True
93903;2;2;0;True
93904;5;12;7;True
93905;1;1;0;True
93906;2;4;2;True
93907;8;16;8;True
93908;6;16;10;True
93909;4;12;8;True
93910;0;0;0;True
93911;5;9;4;True
93912;5;9;4;True
93913;6;12;6;True
93914;7;12;5;True
93915;4;4;0;True
93916;2;2;0;True
93917;1;1;0;True
93918;5;9;4;True
93919;2;4;2;True
93920;3;6;3;True
93921;4;6;2;True
93922;8;16;8;True
93923;3;6;3;True
93924;3;3;0;True
93925;2;4;2;True
93926;3;9;6;True
93927;6;16;10;True
93928;2;4;2;True
93929;3;6;3;True
93930;2;4;2;True
93931;0;0;0;True
93932;0;0;0;True
93933;5;12;7;True
93934;5;16;11;True
93935;1;1;0;True
93936;4;6;2;True
93937;2;2;0;True
93938;6;12;6;True
93939;3;4;1;True
93940;1;1;0;True
93941;0;0;0;True
93942;2;4;2;True
93943;3;4;1;True
93944;1;1;0;True
93945;6;12;6;True
93946;2;4;2;True
93947;6;12;6;True
93948;1;1;0;True
93949;4;9;5;True
93950;4;9;5;True
93951;0;0;0;True
93952;3;6;3;True
93953;0;0;0;True
93954;2;4;2;True
93955;5;8;3;True
93956;2;4;2;True
93957;2;2;0;True
93958;0;0;0;True
93959;1;1;0;True
93960;0;0;0;True
93961;9;16;7;True
93962;8;16;8;True
93963;4;8;4;True
93964;4;6;2;True
93965;5;9;4;True
93966;4;8;4;True
93967;6;12;6;True
93968;3;4;1;True
93969;3;4;1;True
93970;5;9;4;True
93971;6;16;10;True
93972;8;16;8;True
93973;5;9;4;True
93974;4;9;5;True
93975;4;6;2;True
93976;3;6;3;True
93977;2;4;2;True
93978;4;6;2;True
93979;3;9;6;True
93980;6;9;3;True
93981;5;9;4;True
93982;3;6;3;True
93983;2;4;2;True
93984;0;0;0;True
93985;4;9;5;True
93986;2;4;2;True
93987;4;9;5;True
93988;5;9;4;True
93989;0;0;0;True
93990;5;8;3;True
93991;3;6;3;True
93992;0;0;0;True
93993;2;2;0;True
93994;0;0;0;True
93995;3;9;6;True
93996;1;1;0;True
93997;4;9;5;True
93998;7;12;5;True
93999;2;4;2;True
94000;4;9;5;True
94001;1;1;0;True
94002;0;0;0;True
94003;3;4;1;True
94004;1;1;0;True
94005;1;1;0;True
94006;4;9;5;True
94007;0;0;0;True
94008;5;8;3;True
94009;5;9;4;True
94010;3;6;3;True
94011;5;16;11;True
94012;2;4;2;True
94013;3;6;3;True
94014;6;9;3;True
94015;7;16;9;True
94016;5;12;7;True
94017;6;12;6;True
94018;7;16;9;True
94019;2;4;2;True
94020;5;9;4;True
94021;2;4;2;True
94022;4;9;5;True
94023;1;1;0;True
94024;4;9;5;True
94025;8;16;8;True
94026;1;1;0;True
94027;9;16;7;True
94028;3;6;3;True
94029;3;9;6;True
94030;7;9;2;True
94031;1;1;0;True
94032;3;4;1;True
94033;5;12;7;True
94034;7;16;9;True
94035;5;9;4;True
94036;8;16;8;True
94037;7;12;5;True
94038;6;12;6;True
94039;3;6;3;True
94040;2;4;2;True
94041;6;8;2;True
94042;6;16;10;True
94043;8;12;4;True
94044;1;1;0;True
94045;3;9;6;True
94046;2;4;2;True
94047;5;8;3;True
94048;1;1;0;True
94049;5;12;7;True
94050;6;12;6;True
94051;3;4;1;True
94052;2;4;2;True
94053;1;1;0;True
94054;4;6;2;True
94055;4;12;8;True
94056;7;16;9;True
94057;4;6;2;True
94058;2;2;0;True
94059;2;4;2;True
94060;3;9;6;True
94061;5;9;4;True
94062;4;9;5;True
94063;4;9;5;True
94064;0;0;0;True
94065;2;4;2;True
94066;7;12;5;True
94067;1;1;0;True
94068;9;16;7;True
94069;6;12;6;True
94070;8;12;4;True
94071;2;2;0;True
94072;5;12;7;True
94073;6;12;6;True
94074;5;9;4;True
94075;0;0;0;True
94076;3;6;3;True
94077;2;2;0;True
94078;3;6;3;True
94079;3;6;3;True
94080;6;12;6;True
94081;3;6;3;True
94082;4;9;5;True
94083;5;16;11;True
94084;7;8;1;True
94085;4;9;5;True
94086;4;8;4;True
94087;1;1;0;True
94088;1;1;0;True
94089;0;0;0;True
94090;1;1;0;True
94091;7;16;9;True
94092;1;1;0;True
94093;6;9;3;True
94094;3;9;6;True
94095;3;6;3;True
94096;5;6;1;True
94097;5;12;7;True
94098;1;1;0;True
94099;4;12;8;True
94100;4;9;5;True
94101;5;8;3;True
94102;7;12;5;True
94103;0;0;0;True
94104;1;1;0;True
94105;9;12;3;True
94106;7;16;9;True
94107;3;6;3;True
94108;3;6;3;True
94109;5;9;4;True
94110;6;9;3;True
94111;4;12;8;True
94112;7;9;2;True
94113;1;1;0;True
94114;3;4;1;True
94115;4;6;2;True
94116;5;12;7;True
94117;10;16;6;True
94118;4;12;8;True
94119;1;1;0;True
94120;6;12;6;True
94121;2;2;0;True
94122;5;9;4;True
94123;3;6;3;True
94124;2;4;2;True
94125;3;6;3;True
94126;3;3;0;True
94127;2;2;0;True
94128;3;4;1;True
94129;2;4;2;True
94130;3;6;3;True
94131;3;4;1;True
94132;1;1;0;True
94133;5;12;7;True
94134;3;3;0;True
94135;3;9;6;True
94136;8;16;8;True
94137;2;4;2;True
94138;1;1;0;True
94139;7;16;9;True
94140;1;1;0;True
94141;0;0;0;True
94142;3;6;3;True
94143;1;1;0;True
94144;3;4;1;True
94145;5;9;4;True
94146;3;4;1;True
94147;3;3;0;True
94148;6;12;6;True
94149;5;8;3;True
94150;2;4;2;True
94151;2;4;2;True
94152;2;2;0;True
94153;0;0;0;True
94154;5;12;7;True
94155;7;8;1;True
94156;4;9;5;True
94157;6;8;2;True
94158;0;0;0;True
94159;5;9;4;True
94160;0;0;0;True
94161;1;1;0;True
94162;6;16;10;True
94163;5;12;7;True
94164;9;12;3;True
94165;1;1;0;True
94166;6;9;3;True
94167;5;16;11;True
94168;4;12;8;True
94169;3;4;1;True
94170;0;0;0;True
94171;9;16;7;True
94172;5;12;7;True
94173;2;4;2;True
94174;2;2;0;True
94175;4;9;5;True
94176;0;0;0;True
94177;3;6;3;True
94178;2;4;2;True
94179;4;9;5;True
94180;5;12;7;True
94181;6;8;2;True
94182;4;6;2;True
94183;1;1;0;True
94184;4;4;0;True
94185;1;1;0;True
94186;3;9;6;True
94187;4;12;8;True
94188;8;12;4;True
94189;4;9;5;True
94190;2;2;0;True
94191;5;16;11;True
94192;5;12;7;True
94193;4;8;4;True
94194;3;4;1;True
94195;4;6;2;True
94196;3;6;3;True
94197;3;9;6;True
94198;1;1;0;True
94199;2;4;2;True
94200;3;4;1;True
94201;1;1;0;True
94202;5;12;7;True
94203;2;4;2;True
94204;10;16;6;True
94205;4;12;8;True
94206;7;12;5;True
94207;6;16;10;True
94208;6;12;6;True
94209;4;9;5;True
94210;0;0;0;True
94211;3;4;1;True
94212;2;4;2;True
94213;4;6;2;True
94214;1;1;0;True
94215;2;4;2;True
94216;6;12;6;True
94217;2;4;2;True
94218;2;2;0;True
94219;3;6;3;True
94220;5;9;4;True
94221;2;4;2;True
94222;7;12;5;True
94223;5;6;1;True
94224;5;12;7;True
94225;2;4;2;True
94226;3;4;1;True
94227;4;9;5;True
94228;5;12;7;True
94229;4;9;5;True
94230;6;12;6;True
94231;7;12;5;True
94232;3;6;3;True
94233;2;2;0;True
94234;1;1;0;True
94235;4;6;2;True
94236;5;12;7;True
94237;1;1;0;True
94238;5;9;4;True
94239;3;9;6;True
94240;4;6;2;True
94241;2;2;0;True
94242;4;9;5;True
94243;1;1;0;True
94244;8;12;4;True
94245;5;6;1;True
94246;2;4;2;True
94247;0;0;0;True
94248;3;4;1;True
94249;4;9;5;True
94250;6;9;3;True
94251;4;8;4;True
94252;5;9;4;True
94253;7;12;5;True
94254;5;12;7;True
94255;4;9;5;True
94256;3;4;1;True
94257;3;6;3;True
94258;5;9;4;True
94259;7;12;5;True
94260;0;0;0;True
94261;8;16;8;True
94262;6;12;6;True
94263;4;9;5;True
94264;2;4;2;True
94265;5;9;4;True
94266;2;4;2;True
94267;3;9;6;True
94268;0;0;0;True
94269;4;6;2;True
94270;7;16;9;True
94271;7;12;5;True
94272;5;12;7;True
94273;3;6;3;True
94274;5;12;7;True
94275;1;1;0;True
94276;3;6;3;True
94277;3;4;1;True
94278;2;4;2;True
94279;12;16;4;True
94280;2;2;0;True
94281;1;1;0;True
94282;6;12;6;True
94283;2;2;0;True
94284;4;8;4;True
94285;8;16;8;True
94286;6;12;6;True
94287;3;6;3;True
94288;5;9;4;True
94289;6;12;6;True
94290;7;12;5;True
94291;2;4;2;True
94292;8;16;8;True
94293;4;9;5;True
94294;4;8;4;True
94295;3;3;0;True
94296;2;4;2;True
94297;1;1;0;True
94298;3;4;1;True
94299;3;9;6;True
94300;1;1;0;True
94301;3;4;1;True
94302;3;4;1;True
94303;2;4;2;True
94304;1;1;0;True
94305;1;1;0;True
94306;7;16;9;True
94307;0;0;0;True
94308;3;6;3;True
94309;2;2;0;True
94310;6;16;10;True
94311;6;16;10;True
94312;5;12;7;True
94313;5;12;7;True
94314;4;9;5;True
94315;4;6;2;True
94316;4;6;2;True
94317;0;0;0;True
94318;1;1;0;True
94319;10;16;6;True
94320;0;0;0;True
94321;6;9;3;True
94322;0;0;0;True
94323;0;0;0;True
94324;7;9;2;True
94325;5;9;4;True
94326;5;12;7;True
94327;3;6;3;True
94328;5;12;7;True
94329;3;6;3;True
94330;2;2;0;True
94331;4;9;5;True
94332;0;0;0;True
94333;3;6;3;True
94334;2;2;0;True
94335;3;9;6;True
94336;9;16;7;True
94337;5;12;7;True
94338;0;0;0;True
94339;1;1;0;True
94340;2;4;2;True
94341;4;9;5;True
94342;3;4;1;True
94343;10;16;6;True
94344;10;16;6;True
94345;2;4;2;True
94346;8;16;8;True
94347;0;0;0;True
94348;3;4;1;True
94349;3;6;3;True
94350;3;4;1;True
94351;2;4;2;True
94352;2;4;2;True
94353;2;2;0;True
94354;6;12;6;True
94355;4;12;8;True
94356;3;6;3;True
94357;3;6;3;True
94358;4;6;2;True
94359;2;2;0;True
94360;7;16;9;True
94361;1;1;0;True
94362;2;4;2;True
94363;1;1;0;True
94364;4;6;2;True
94365;7;16;9;True
94366;3;4;1;True
94367;4;12;8;True
94368;4;8;4;True
94369;5;8;3;True
94370;8;12;4;True
94371;4;6;2;True
94372;7;16;9;True
94373;3;6;3;True
94374;1;1;0;True
94375;4;9;5;True
94376;5;9;4;True
94377;2;4;2;True
94378;1;1;0;True
94379;6;12;6;True
94380;2;2;0;True
94381;3;6;3;True
94382;6;9;3;True
94383;7;12;5;True
94384;2;4;2;True
94385;3;6;3;True
94386;8;16;8;True
94387;4;9;5;True
94388;7;9;2;True
94389;6;16;10;True
94390;5;9;4;True
94391;0;0;0;True
94392;1;1;0;True
94393;3;6;3;True
94394;1;1;0;True
94395;1;1;0;True
94396;4;9;5;True
94397;5;16;11;True
94398;8;16;8;True
94399;3;6;3;True
94400;4;6;2;True
94401;1;1;0;True
94402;9;16;7;True
94403;3;6;3;True
94404;6;16;10;True
94405;3;6;3;True
94406;5;12;7;True
94407;2;2;0;True
94408;2;4;2;True
94409;2;2;0;True
94410;5;9;4;True
94411;3;4;1;True
94412;0;0;0;True
94413;5;12;7;True
94414;2;4;2;True
94415;10;16;6;True
94416;6;12;6;True
94417;4;9;5;True
94418;5;12;7;True
94419;2;4;2;True
94420;6;9;3;True
94421;11;16;5;True
94422;1;1;0;True
94423;1;1;0;True
94424;0;0;0;True
94425;9;16;7;True
94426;1;1;0;True
94427;5;9;4;True
94428;3;6;3;True
94429;5;12;7;True
94430;1;1;0;True
94431;2;4;2;True
94432;3;4;1;True
94433;2;2;0;True
94434;2;4;2;True
94435;6;16;10;True
94436;2;2;0;True
94437;4;6;2;True
94438;2;4;2;True
94439;2;4;2;True
94440;1;1;0;True
94441;2;4;2;True
94442;6;16;10;True
94443;1;1;0;True
94444;2;4;2;True
94445;3;4;1;True
94446;7;12;5;True
94447;0;0;0;True
94448;6;12;6;True
94449;4;6;2;True
94450;4;9;5;True
94451;2;2;0;True
94452;4;12;8;True
94453;2;4;2;True
94454;3;6;3;True
94455;5;12;7;True
94456;1;1;0;True
94457;4;6;2;True
94458;2;4;2;True
94459;1;1;0;True
94460;4;6;2;True
94461;1;1;0;True
94462;4;9;5;True
94463;2;2;0;True
94464;5;9;4;True
94465;7;12;5;True
94466;4;6;2;True
94467;0;0;0;True
94468;0;0;0;True
94469;3;9;6;True
94470;6;8;2;True
94471;5;9;4;True
94472;4;6;2;True
94473;6;16;10;True
94474;5;12;7;True
94475;2;4;2;True
94476;1;1;0;True
94477;4;6;2;True
94478;3;6;3;True
94479;5;8;3;True
94480;5;9;4;True
94481;4;9;5;True
94482;6;16;10;True
94483;4;6;2;True
94484;3;4;1;True
94485;7;16;9;True
94486;3;9;6;True
94487;7;16;9;True
94488;2;4;2;True
94489;7;16;9;True
94490;8;16;8;True
94491;7;12;5;True
94492;2;4;2;True
94493;2;2;0;True
94494;9;16;7;True
94495;7;16;9;True
94496;1;1;0;True
94497;1;1;0;True
94498;4;9;5;True
94499;7;12;5;True
94500;5;9;4;True
94501;1;1;0;True
94502;6;12;6;True
94503;5;9;4;True
94504;2;2;0;True
94505;6;16;10;True
94506;2;4;2;True
94507;0;0;0;True
94508;6;9;3;True
94509;2;4;2;True
94510;5;8;3;True
94511;1;1;0;True
94512;3;6;3;True
94513;8;16;8;True
94514;6;12;6;True
94515;2;4;2;True
94516;2;4;2;True
94517;5;12;7;True
94518;0;0;0;True
94519;3;6;3;True
94520;2;4;2;True
94521;0;0;0;True
94522;4;9;5;True
94523;0;0;0;True
94524;4;6;2;True
94525;3;9;6;True
94526;4;9;5;True
94527;2;4;2;True
94528;2;4;2;True
94529;4;9;5;True
94530;2;4;2;True
94531;3;6;3;True
94532;1;1;0;True
94533;3;9;6;True
94534;7;16;9;True
94535;7;16;9;True
94536;1;1;0;True
94537;8;12;4;True
94538;7;12;5;True
94539;1;1;0;True
94540;8;12;4;True
94541;6;9;3;True
94542;6;12;6;True
94543;6;8;2;True
94544;6;16;10;True
94545;0;0;0;True
94546;5;16;11;True
94547;5;16;11;True
94548;3;6;3;True
94549;6;12;6;True
94550;2;2;0;True
94551;2;4;2;True
94552;5;12;7;True
94553;2;4;2;True
94554;6;12;6;True
94555;6;12;6;True
94556;2;4;2;True
94557;3;4;1;True
94558;2;2;0;True
94559;2;4;2;True
94560;4;6;2;True
94561;3;9;6;True
94562;3;6;3;True
94563;5;6;1;True
94564;2;2;0;True
94565;4;9;5;True
94566;0;0;0;True
94567;1;1;0;True
94568;3;6;3;True
94569;0;0;0;True
94570;2;2;0;True
94571;0;0;0;True
94572;4;12;8;True
94573;3;6;3;True
94574;6;12;6;True
94575;3;6;3;True
94576;10;16;6;True
94577;1;1;0;True
94578;2;4;2;True
94579;4;9;5;True
94580;9;16;7;True
94581;6;12;6;True
94582;0;0;0;True
94583;0;0;0;True
94584;1;1;0;True
94585;3;6;3;True
94586;3;4;1;True
94587;2;4;2;True
94588;0;0;0;True
94589;0;0;0;True
94590;2;4;2;True
94591;5;16;11;True
94592;1;1;0;True
94593;5;9;4;True
94594;1;1;0;True
94595;1;1;0;True
94596;0;0;0;True
94597;5;6;1;True
94598;2;2;0;True
94599;10;16;6;True
94600;3;6;3;True
94601;0;0;0;True
94602;8;12;4;True
94603;3;4;1;True
94604;2;4;2;True
94605;4;9;5;True
94606;5;9;4;True
94607;2;2;0;True
94608;2;2;0;True
94609;3;6;3;True
94610;5;12;7;True
94611;0;0;0;True
94612;5;9;4;True
94613;2;4;2;True
94614;4;6;2;True
94615;4;9;5;True
94616;1;1;0;True
94617;8;16;8;True
94618;3;4;1;True
94619;3;3;0;True
94620;3;6;3;True
94621;4;9;5;True
94622;3;6;3;True
94623;3;6;3;True
94624;8;16;8;True
94625;3;6;3;True
94626;6;12;6;True
94627;8;16;8;True
94628;10;16;6;True
94629;4;6;2;True
94630;4;6;2;True
94631;6;9;3;True
94632;4;12;8;True
94633;3;3;0;True
94634;8;12;4;True
94635;4;6;2;True
94636;3;9;6;True
94637;4;9;5;True
94638;4;6;2;True
94639;8;12;4;True
94640;0;0;0;True
94641;5;9;4;True
94642;3;4;1;True
94643;2;4;2;True
94644;4;8;4;True
94645;0;0;0;True
94646;8;16;8;True
94647;4;6;2;True
94648;2;4;2;True
94649;8;16;8;True
94650;2;2;0;True
94651;1;1;0;True
94652;6;12;6;True
94653;8;12;4;True
94654;2;4;2;True
94655;8;12;4;True
94656;4;4;0;True
94657;3;9;6;True
94658;3;4;1;True
94659;5;9;4;True
94660;4;9;5;True
94661;5;12;7;True
94662;4;12;8;True
94663;3;4;1;True
94664;3;6;3;True
94665;7;16;9;True
94666;2;4;2;True
94667;3;3;0;True
94668;3;6;3;True
94669;3;9;6;True
94670;2;4;2;True
94671;4;6;2;True
94672;5;12;7;True
94673;4;6;2;True
94674;6;12;6;True
94675;4;6;2;True
94676;6;12;6;True
94677;5;9;4;True
94678;3;3;0;True
94679;2;4;2;True
94680;5;12;7;True
94681;3;6;3;True
94682;3;9;6;True
94683;4;9;5;True
94684;4;9;5;True
94685;3;6;3;True
94686;0;0;0;True
94687;2;4;2;True
94688;2;4;2;True
94689;1;1;0;True
94690;1;1;0;True
94691;2;2;0;True
94692;1;1;0;True
94693;6;12;6;True
94694;4;9;5;True
94695;3;9;6;True
94696;2;2;0;True
94697;4;9;5;True
94698;4;12;8;True
94699;8;16;8;True
94700;2;4;2;True
94701;5;8;3;True
94702;2;4;2;True
94703;5;16;11;True
94704;4;9;5;True
94705;7;12;5;True
94706;1;1;0;True
94707;2;2;0;True
94708;7;16;9;True
94709;3;6;3;True
94710;8;16;8;True
94711;2;4;2;True
94712;1;1;0;True
94713;8;12;4;True
94714;3;3;0;True
94715;0;0;0;True
94716;1;1;0;True
94717;2;4;2;True
94718;3;4;1;True
94719;3;9;6;True
94720;6;12;6;True
94721;5;9;4;True
94722;5;9;4;True
94723;1;1;0;True
94724;2;2;0;True
94725;2;2;0;True
94726;4;9;5;True
94727;3;4;1;True
94728;3;4;1;True
94729;1;1;0;True
94730;5;9;4;True
94731;1;1;0;True
94732;2;4;2;True
94733;9;12;3;True
94734;7;12;5;True
94735;1;1;0;True
94736;6;12;6;True
94737;7;12;5;True
94738;3;3;0;True
94739;3;9;6;True
94740;3;6;3;True
94741;2;4;2;True
94742;0;0;0;True
94743;4;8;4;True
94744;4;12;8;True
94745;1;1;0;True
94746;4;12;8;True
94747;5;9;4;True
94748;2;4;2;True
94749;0;0;0;True
94750;6;16;10;True
94751;7;12;5;True
94752;4;9;5;True
94753;3;6;3;True
94754;3;6;3;True
94755;1;1;0;True
94756;0;0;0;True
94757;4;9;5;True
94758;3;9;6;True
94759;7;12;5;True
94760;5;9;4;True
94761;6;16;10;True
94762;6;12;6;True
94763;5;12;7;True
94764;4;9;5;True
94765;5;12;7;True
94766;7;16;9;True
94767;7;12;5;True
94768;4;8;4;True
94769;4;4;0;True
94770;2;4;2;True
94771;4;6;2;True
94772;5;8;3;True
94773;9;12;3;True
94774;3;6;3;True
94775;3;4;1;True
94776;8;16;8;True
94777;2;4;2;True
94778;6;12;6;True
94779;4;9;5;True
94780;5;9;4;True
94781;2;4;2;True
94782;1;1;0;True
94783;5;16;11;True
94784;2;4;2;True
94785;2;2;0;True
94786;3;9;6;True
94787;2;4;2;True
94788;4;12;8;True
94789;1;1;0;True
94790;7;12;5;True
94791;1;1;0;True
94792;5;12;7;True
94793;3;6;3;True
94794;6;9;3;True
94795;2;2;0;True
94796;4;6;2;True
94797;4;9;5;True
94798;4;8;4;True
94799;5;9;4;True
94800;0;0;0;True
94801;4;9;5;True
94802;6;12;6;True
94803;0;0;0;True
94804;3;6;3;True
94805;2;4;2;True
94806;2;4;2;True
94807;6;12;6;True
94808;2;4;2;True
94809;2;2;0;True
94810;4;12;8;True
94811;3;9;6;True
94812;7;16;9;True
94813;1;1;0;True
94814;1;1;0;True
94815;1;1;0;True
94816;2;2;0;True
94817;2;4;2;True
94818;3;6;3;True
94819;5;12;7;True
94820;4;6;2;True
94821;5;12;7;True
94822;8;16;8;True
94823;5;8;3;True
94824;8;16;8;True
94825;5;12;7;True
94826;4;9;5;True
94827;2;4;2;True
94828;2;2;0;True
94829;5;9;4;True
94830;4;9;5;True
94831;4;8;4;True
94832;2;4;2;True
94833;5;12;7;True
94834;2;4;2;True
94835;0;0;0;True
94836;10;16;6;True
94837;5;12;7;True
94838;2;4;2;True
94839;4;6;2;True
94840;4;9;5;True
94841;2;4;2;True
94842;4;8;4;True
94843;2;4;2;True
94844;7;16;9;True
94845;5;12;7;True
94846;2;2;0;True
94847;5;12;7;True
94848;2;4;2;True
94849;3;6;3;True
94850;3;4;1;True
94851;2;2;0;True
94852;5;16;11;True
94853;1;1;0;True
94854;2;4;2;True
94855;4;12;8;True
94856;4;9;5;True
94857;2;4;2;True
94858;3;6;3;True
94859;0;0;0;True
94860;2;4;2;True
94861;1;1;0;True
94862;3;6;3;True
94863;3;3;0;True
94864;6;12;6;True
94865;7;12;5;True
94866;1;1;0;True
94867;8;12;4;True
94868;4;9;5;True
94869;2;4;2;True
94870;3;6;3;True
94871;3;4;1;True
94872;1;1;0;True
94873;6;9;3;True
94874;1;1;0;True
94875;3;4;1;True
94876;8;12;4;True
94877;0;0;0;True
94878;6;16;10;True
94879;2;2;0;True
94880;2;2;0;True
94881;3;6;3;True
94882;6;9;3;True
94883;3;4;1;True
94884;3;4;1;True
94885;1;1;0;True
94886;0;0;0;True
94887;2;4;2;True
94888;1;1;0;True
94889;5;12;7;True
94890;7;16;9;True
94891;4;8;4;True
94892;2;2;0;True
94893;1;1;0;True
94894;4;8;4;True
94895;3;6;3;True
94896;3;4;1;True
94897;3;9;6;True
94898;5;12;7;True
94899;2;2;0;True
94900;3;6;3;True
94901;5;16;11;True
94902;9;16;7;True
94903;2;2;0;True
94904;8;16;8;True
94905;3;6;3;True
94906;6;12;6;True
94907;3;6;3;True
94908;3;3;0;True
94909;2;4;2;True
94910;0;0;0;True
94911;1;1;0;True
94912;0;0;0;True
94913;5;12;7;True
94914;7;16;9;True
94915;2;4;2;True
94916;4;9;5;True
94917;6;12;6;True
94918;5;12;7;True
94919;5;8;3;True
94920;5;6;1;True
94921;4;9;5;True
94922;1;1;0;True
94923;9;16;7;True
94924;0;0;0;True
94925;4;12;8;True
94926;4;9;5;True
94927;4;6;2;True
94928;0;0;0;True
94929;6;9;3;True
94930;3;6;3;True
94931;4;9;5;True
94932;8;12;4;True
94933;4;6;2;True
94934;3;4;1;True
94935;1;1;0;True
94936;5;12;7;True
94937;3;6;3;True
94938;3;6;3;True
94939;2;2;0;True
94940;6;12;6;True
94941;5;12;7;True
94942;4;6;2;True
94943;2;2;0;True
94944;0;0;0;True
94945;1;1;0;True
94946;5;8;3;True
94947;2;4;2;True
94948;0;0;0;True
94949;2;2;0;True
94950;6;12;6;True
94951;3;9;6;True
94952;2;4;2;True
94953;0;0;0;True
94954;3;9;6;True
94955;3;6;3;True
94956;3;3;0;True
94957;2;2;0;True
94958;1;1;0;True
94959;6;12;6;True
94960;1;1;0;True
94961;1;1;0;True
94962;7;12;5;True
94963;6;16;10;True
94964;2;2;0;True
94965;10;16;6;True
94966;2;4;2;True
94967;6;6;0;True
94968;7;8;1;True
94969;8;16;8;True
94970;5;12;7;True
94971;1;1;0;True
94972;2;2;0;True
94973;4;9;5;True
94974;5;9;4;True
94975;2;4;2;True
94976;4;9;5;True
94977;4;6;2;True
94978;6;12;6;True
94979;5;9;4;True
94980;4;9;5;True
94981;2;2;0;True
94982;6;9;3;True
94983;5;12;7;True
94984;5;12;7;True
94985;5;9;4;True
94986;4;8;4;True
94987;8;16;8;True
94988;2;4;2;True
94989;4;6;2;True
94990;5;9;4;True
94991;0;0;0;True
94992;7;16;9;True
94993;2;2;0;True
94994;4;6;2;True
94995;7;12;5;True
94996;3;6;3;True
94997;6;9;3;True
94998;3;4;1;True
94999;8;16;8;True
95000;1;1;0;True
95001;5;12;7;True
95002;1;1;0;True
95003;2;4;2;True
95004;5;16;11;True
95005;7;12;5;True
95006;1;1;0;True
95007;2;2;0;True
95008;0;0;0;True
95009;3;4;1;True
95010;2;4;2;True
95011;8;16;8;True
95012;4;9;5;True
95013;6;12;6;True
95014;4;6;2;True
95015;8;16;8;True
95016;0;0;0;True
95017;2;4;2;True
95018;5;9;4;True
95019;6;12;6;True
95020;3;6;3;True
95021;1;1;0;True
95022;1;1;0;True
95023;5;12;7;True
95024;7;12;5;True
95025;7;16;9;True
95026;0;0;0;True
95027;4;9;5;True
95028;3;6;3;True
95029;3;6;3;True
95030;3;4;1;True
95031;4;12;8;True
95032;2;4;2;True
95033;4;9;5;True
95034;4;6;2;True
95035;4;9;5;True
95036;3;9;6;True
95037;1;1;0;True
95038;6;16;10;True
95039;4;9;5;True
95040;4;9;5;True
95041;8;16;8;True
95042;4;6;2;True
95043;5;16;11;True
95044;2;2;0;True
95045;2;4;2;True
95046;3;9;6;True
95047;3;4;1;True
95048;4;9;5;True
95049;6;16;10;True
95050;3;4;1;True
95051;3;6;3;True
95052;3;4;1;True
95053;4;9;5;True
95054;2;4;2;True
95055;5;9;4;True
95056;1;1;0;True
95057;8;16;8;True
95058;3;6;3;True
95059;6;12;6;True
95060;4;9;5;True
95061;7;16;9;True
95062;6;16;10;True
95063;2;2;0;True
95064;5;12;7;True
95065;5;9;4;True
95066;2;4;2;True
95067;3;9;6;True
95068;7;16;9;True
95069;2;2;0;True
95070;2;4;2;True
95071;2;2;0;True
95072;1;1;0;True
95073;4;6;2;True
95074;1;1;0;True
95075;2;4;2;True
95076;6;16;10;True
95077;2;4;2;True
95078;4;12;8;True
95079;4;9;5;True
95080;6;12;6;True
95081;6;9;3;True
95082;4;9;5;True
95083;4;6;2;True
95084;4;6;2;True
95085;3;6;3;True
95086;0;0;0;True
95087;11;16;5;True
95088;5;12;7;True
95089;1;1;0;True
95090;7;12;5;True
95091;3;4;1;True
95092;1;1;0;True
95093;9;16;7;True
95094;7;16;9;True
95095;7;9;2;True
95096;3;9;6;True
95097;0;0;0;True
95098;3;6;3;True
95099;3;6;3;True
95100;3;6;3;True
95101;2;4;2;True
95102;5;12;7;True
95103;8;12;4;True
95104;3;6;3;True
95105;2;2;0;True
95106;2;2;0;True
95107;1;1;0;True
95108;3;6;3;True
95109;1;1;0;True
95110;3;6;3;True
95111;3;4;1;True
95112;0;0;0;True
95113;3;4;1;True
95114;4;9;5;True
95115;5;12;7;True
95116;2;2;0;True
95117;4;6;2;True
95118;9;16;7;True
95119;2;2;0;True
95120;11;16;5;True
95121;7;16;9;True
95122;2;4;2;True
95123;3;3;0;True
95124;2;4;2;True
95125;5;12;7;True
95126;2;2;0;True
95127;3;3;0;True
95128;1;1;0;True
95129;4;6;2;True
95130;5;12;7;True
95131;2;4;2;True
95132;4;6;2;True
95133;7;16;9;True
95134;4;9;5;True
95135;3;6;3;True
95136;2;4;2;True
95137;1;1;0;True
95138;2;2;0;True
95139;3;6;3;True
95140;2;2;0;True
95141;3;6;3;True
95142;2;4;2;True
95143;4;9;5;True
95144;1;1;0;True
95145;3;6;3;True
95146;1;1;0;True
95147;4;9;5;True
95148;2;4;2;True
95149;2;2;0;True
95150;6;12;6;True
95151;3;4;1;True
95152;5;12;7;True
95153;1;1;0;True
95154;7;16;9;True
95155;7;16;9;True
95156;4;12;8;True
95157;5;9;4;True
95158;3;6;3;True
95159;1;1;0;True
95160;6;12;6;True
95161;2;4;2;True
95162;2;4;2;True
95163;4;9;5;True
95164;3;4;1;True
95165;5;12;7;True
95166;3;6;3;True
95167;3;9;6;True
95168;3;4;1;True
95169;3;6;3;True
95170;2;4;2;True
95171;1;1;0;True
95172;4;4;0;True
95173;4;4;0;True
95174;2;2;0;True
95175;1;1;0;True
95176;1;1;0;True
95177;1;1;0;True
95178;3;6;3;True
95179;2;4;2;True
95180;4;8;4;True
95181;2;2;0;True
95182;1;1;0;True
95183;5;16;11;True
95184;7;12;5;True
95185;1;1;0;True
95186;1;1;0;True
95187;0;0;0;True
95188;4;9;5;True
95189;8;12;4;True
95190;2;4;2;True
95191;6;9;3;True
95192;9;12;3;True
95193;1;1;0;True
95194;4;4;0;True
95195;6;12;6;True
95196;5;12;7;True
95197;4;4;0;True
95198;7;9;2;True
95199;4;6;2;True
95200;4;12;8;True
95201;6;12;6;True
95202;1;1;0;True
95203;7;16;9;True
95204;4;9;5;True
95205;7;16;9;True
95206;6;12;6;True
95207;2;4;2;True
95208;5;9;4;True
95209;2;2;0;True
95210;6;12;6;True
95211;1;1;0;True
95212;7;16;9;True
95213;0;0;0;True
95214;4;6;2;True
95215;5;16;11;True
95216;7;16;9;True
95217;1;1;0;True
95218;2;4;2;True
95219;3;6;3;True
95220;5;12;7;True
95221;6;12;6;True
95222;5;12;7;True
95223;5;12;7;True
95224;0;0;0;True
95225;2;4;2;True
95226;1;1;0;True
95227;8;16;8;True
95228;5;12;7;True
95229;0;0;0;True
95230;6;16;10;True
95231;6;16;10;True
95232;0;0;0;True
95233;2;2;0;True
95234;0;0;0;True
95235;0;0;0;True
95236;1;1;0;True
95237;6;9;3;True
95238;1;1;0;True
95239;3;9;6;True
95240;1;1;0;True
95241;3;6;3;True
95242;2;2;0;True
95243;2;4;2;True
95244;5;12;7;True
95245;3;3;0;True
95246;0;0;0;True
95247;1;1;0;True
95248;3;3;0;True
95249;4;8;4;True
95250;5;12;7;True
95251;2;2;0;True
95252;1;1;0;True
95253;8;16;8;True
95254;4;8;4;True
95255;4;12;8;True
95256;4;9;5;True
95257;7;16;9;True
95258;2;4;2;True
95259;7;12;5;True
95260;11;16;5;True
95261;6;16;10;True
95262;5;9;4;True
95263;8;16;8;True
95264;8;12;4;True
95265;0;0;0;True
95266;1;1;0;True
95267;2;4;2;True
95268;7;16;9;True
95269;3;9;6;True
95270;8;16;8;True
95271;2;4;2;True
95272;2;2;0;True
95273;3;9;6;True
95274;1;1;0;True
95275;2;2;0;True
95276;2;2;0;True
95277;3;9;6;True
95278;0;0;0;True
95279;0;0;0;True
95280;5;12;7;True
95281;5;9;4;True
95282;4;9;5;True
95283;4;6;2;True
95284;2;4;2;True
95285;3;6;3;True
95286;1;1;0;True
95287;2;4;2;True
95288;5;12;7;True
95289;0;0;0;True
95290;8;16;8;True
95291;5;12;7;True
95292;3;9;6;True
95293;3;6;3;True
95294;3;3;0;True
95295;9;12;3;True
95296;2;4;2;True
95297;0;0;0;True
95298;0;0;0;True
95299;10;16;6;True
95300;1;1;0;True
95301;6;16;10;True
95302;9;12;3;True
95303;3;9;6;True
95304;8;16;8;True
95305;3;9;6;True
95306;4;9;5;True
95307;2;2;0;True
95308;8;16;8;True
95309;8;16;8;True
95310;0;0;0;True
95311;4;9;5;True
95312;6;16;10;True
95313;4;9;5;True
95314;5;12;7;True
95315;6;12;6;True
95316;6;9;3;True
95317;7;12;5;True
95318;1;1;0;True
95319;2;4;2;True
95320;2;4;2;True
95321;5;16;11;True
95322;4;9;5;True
95323;4;6;2;True
95324;2;4;2;True
95325;1;1;0;True
95326;2;2;0;True
95327;1;1;0;True
95328;7;16;9;True
95329;1;1;0;True
95330;4;9;5;True
95331;5;12;7;True
95332;2;4;2;True
95333;8;16;8;True
95334;6;12;6;True
95335;5;9;4;True
95336;5;12;7;True
95337;2;4;2;True
95338;8;16;8;True
95339;3;4;1;True
95340;3;6;3;True
95341;3;9;6;True
95342;2;2;0;True
95343;1;1;0;True
95344;4;9;5;True
95345;4;9;5;True
95346;0;0;0;True
95347;7;12;5;True
95348;1;1;0;True
95349;6;12;6;True
95350;0;0;0;True
95351;2;4;2;True
95352;2;4;2;True
95353;3;4;1;True
95354;9;16;7;True
95355;3;4;1;True
95356;4;8;4;True
95357;7;16;9;True
95358;5;9;4;True
95359;3;9;6;True
95360;0;0;0;True
95361;3;4;1;True
95362;1;1;0;True
95363;1;1;0;True
95364;11;16;5;True
95365;3;6;3;True
95366;1;1;0;True
95367;5;8;3;True
95368;3;4;1;True
95369;4;12;8;True
95370;6;12;6;True
95371;4;9;5;True
95372;1;1;0;True
95373;11;16;5;True
95374;6;9;3;True
95375;4;9;5;True
95376;4;4;0;True
95377;1;1;0;True
95378;5;12;7;True
95379;2;4;2;True
95380;5;12;7;True
95381;6;9;3;True
95382;5;9;4;True
95383;3;4;1;True
95384;3;6;3;True
95385;5;16;11;True
95386;1;1;0;True
95387;5;9;4;True
95388;3;3;0;True
95389;0;0;0;True
95390;4;6;2;True
95391;3;9;6;True
95392;2;2;0;True
95393;3;9;6;True
95394;3;4;1;True
95395;4;9;5;True
95396;1;1;0;True
95397;2;2;0;True
95398;3;4;1;True
95399;0;0;0;True
95400;3;6;3;True
95401;1;1;0;True
95402;9;16;7;True
95403;5;6;1;True
95404;4;6;2;True
95405;5;9;4;True
95406;1;1;0;True
95407;0;0;0;True
95408;1;1;0;True
95409;2;2;0;True
95410;4;12;8;True
95411;2;4;2;True
95412;3;6;3;True
95413;2;4;2;True
95414;1;1;0;True
95415;3;9;6;True
95416;8;16;8;True
95417;4;8;4;True
95418;5;12;7;True
95419;2;4;2;True
95420;7;12;5;True
95421;6;16;10;True
95422;9;16;7;True
95423;5;9;4;True
95424;3;9;6;True
95425;1;1;0;True
95426;5;12;7;True
95427;3;4;1;True
95428;5;9;4;True
95429;3;6;3;True
95430;5;12;7;True
95431;1;1;0;True
95432;4;9;5;True
95433;3;6;3;True
95434;1;1;0;True
95435;2;2;0;True
95436;5;12;7;True
95437;5;8;3;True
95438;2;4;2;True
95439;5;12;7;True
95440;5;9;4;True
95441;4;12;8;True
95442;5;12;7;True
95443;4;6;2;True
95444;4;9;5;True
95445;2;2;0;True
95446;4;9;5;True
95447;5;9;4;True
95448;2;4;2;True
95449;5;9;4;True
95450;1;1;0;True
95451;2;2;0;True
95452;5;12;7;True
95453;1;1;0;True
95454;6;12;6;True
95455;2;4;2;True
95456;7;16;9;True
95457;5;9;4;True
95458;10;16;6;True
95459;6;16;10;True
95460;0;0;0;True
95461;2;4;2;True
95462;3;6;3;True
95463;3;6;3;True
95464;2;2;0;True
95465;7;12;5;True
95466;1;1;0;True
95467;5;12;7;True
95468;3;4;1;True
95469;1;1;0;True
95470;2;2;0;True
95471;3;4;1;True
95472;8;16;8;True
95473;7;16;9;True
95474;3;6;3;True
95475;5;12;7;True
95476;4;6;2;True
95477;1;1;0;True
95478;1;1;0;True
95479;6;9;3;True
95480;4;9;5;True
95481;5;8;3;True
95482;3;6;3;True
95483;6;16;10;True
95484;3;9;6;True
95485;1;1;0;True
95486;0;0;0;True
95487;3;4;1;True
95488;1;1;0;True
95489;3;6;3;True
95490;0;0;0;True
95491;1;1;0;True
95492;6;12;6;True
95493;3;9;6;True
95494;2;4;2;True
95495;2;4;2;True
95496;7;12;5;True
95497;3;6;3;True
95498;7;12;5;True
95499;1;1;0;True
95500;6;16;10;True
95501;5;12;7;True
95502;9;16;7;True
95503;2;4;2;True
95504;7;16;9;True
95505;3;4;1;True
95506;5;12;7;True
95507;3;4;1;True
95508;5;6;1;True
95509;6;12;6;True
95510;6;16;10;True
95511;1;1;0;True
95512;3;6;3;True
95513;3;6;3;True
95514;1;1;0;True
95515;5;9;4;True
95516;9;16;7;True
95517;0;0;0;True
95518;0;0;0;True
95519;2;4;2;True
95520;5;16;11;True
95521;4;6;2;True
95522;6;9;3;True
95523;0;0;0;True
95524;6;16;10;True
95525;5;9;4;True
95526;5;9;4;True
95527;7;16;9;True
95528;2;2;0;True
95529;7;12;5;True
95530;3;9;6;True
95531;6;12;6;True
95532;6;16;10;True
95533;6;12;6;True
95534;5;12;7;True
95535;6;9;3;True
95536;2;2;0;True
95537;2;4;2;True
95538;6;16;10;True
95539;2;4;2;True
95540;2;4;2;True
95541;6;12;6;True
95542;0;0;0;True
95543;2;4;2;True
95544;5;9;4;True
95545;6;16;10;True
95546;6;16;10;True
95547;2;2;0;True
95548;2;4;2;True
95549;7;9;2;True
95550;8;16;8;True
95551;4;6;2;True
95552;1;1;0;True
95553;8;16;8;True
95554;1;1;0;True
95555;6;12;6;True
95556;2;4;2;True
95557;8;16;8;True
95558;6;12;6;True
95559;11;16;5;True
95560;4;9;5;True
95561;5;9;4;True
95562;2;4;2;True
95563;3;4;1;True
95564;3;6;3;True
95565;3;3;0;True
95566;6;12;6;True
95567;2;4;2;True
95568;1;1;0;True
95569;2;2;0;True
95570;6;12;6;True
95571;2;2;0;True
95572;4;6;2;True
95573;4;6;2;True
95574;2;4;2;True
95575;1;1;0;True
95576;2;2;0;True
95577;1;1;0;True
95578;1;1;0;True
95579;2;4;2;True
95580;4;9;5;True
95581;4;9;5;True
95582;2;4;2;True
95583;5;9;4;True
95584;7;12;5;True
95585;5;6;1;True
95586;3;4;1;True
95587;1;1;0;True
95588;3;6;3;True
95589;5;9;4;True
95590;6;16;10;True
95591;4;12;8;True
95592;2;4;2;True
95593;3;4;1;True
95594;5;12;7;True
95595;1;1;0;True
95596;4;9;5;True
95597;4;6;2;True
95598;2;2;0;True
95599;2;2;0;True
95600;10;16;6;True
95601;2;4;2;True
95602;1;1;0;True
95603;6;12;6;True
95604;3;4;1;True
95605;3;6;3;True
95606;6;16;10;True
95607;3;4;1;True
95608;5;12;7;True
95609;1;1;0;True
95610;2;4;2;True
95611;6;8;2;True
95612;8;16;8;True
95613;0;0;0;True
95614;4;12;8;True
95615;1;1;0;True
95616;4;9;5;True
95617;5;12;7;True
95618;2;4;2;True
95619;3;6;3;True
95620;7;16;9;True
95621;2;4;2;True
95622;0;0;0;True
95623;2;4;2;True
95624;6;8;2;True
95625;3;6;3;True
95626;5;8;3;True
95627;5;9;4;True
95628;2;4;2;True
95629;3;6;3;True
95630;2;4;2;True
95631;5;12;7;True
95632;2;4;2;True
95633;4;12;8;True
95634;6;12;6;True
95635;5;12;7;True
95636;5;16;11;True
95637;10;16;6;True
95638;2;2;0;True
95639;3;6;3;True
95640;3;6;3;True
95641;0;0;0;True
95642;1;1;0;True
95643;1;1;0;True
95644;6;12;6;True
95645;2;2;0;True
95646;2;2;0;True
95647;5;12;7;True
95648;3;6;3;True
95649;3;6;3;True
95650;3;6;3;True
95651;4;6;2;True
95652;6;12;6;True
95653;3;9;6;True
95654;3;6;3;True
95655;2;4;2;True
95656;9;16;7;True
95657;5;12;7;True
95658;5;9;4;True
95659;4;6;2;True
95660;1;1;0;True
95661;3;9;6;True
95662;4;8;4;True
95663;2;4;2;True
95664;3;4;1;True
95665;1;1;0;True
95666;5;9;4;True
95667;3;6;3;True
95668;0;0;0;True
95669;3;9;6;True
95670;8;12;4;True
95671;0;0;0;True
95672;8;16;8;True
95673;2;2;0;True
95674;2;2;0;True
95675;2;2;0;True
95676;2;2;0;True
95677;1;1;0;True
95678;8;12;4;True
95679;2;4;2;True
95680;3;9;6;True
95681;5;9;4;True
95682;6;16;10;True
95683;1;1;0;True
95684;3;6;3;True
95685;7;16;9;True
95686;2;4;2;True
95687;3;6;3;True
95688;8;16;8;True
95689;3;9;6;True
95690;6;12;6;True
95691;7;12;5;True
95692;4;6;2;True
95693;4;9;5;True
95694;3;6;3;True
95695;1;1;0;True
95696;3;4;1;True
95697;3;9;6;True
95698;3;3;0;True
95699;5;9;4;True
95700;3;6;3;True
95701;9;16;7;True
95702;5;16;11;True
95703;3;4;1;True
95704;6;16;10;True
95705;4;12;8;True
95706;3;6;3;True
95707;0;0;0;True
95708;4;6;2;True
95709;1;1;0;True
95710;2;4;2;True
95711;2;4;2;True
95712;3;4;1;True
95713;6;16;10;True
95714;1;1;0;True
95715;2;4;2;True
95716;1;1;0;True
95717;1;1;0;True
95718;9;16;7;True
95719;4;4;0;True
95720;5;8;3;True
95721;1;1;0;True
95722;2;4;2;True
95723;4;9;5;True
95724;4;6;2;True
95725;3;4;1;True
95726;4;6;2;True
95727;6;9;3;True
95728;2;2;0;True
95729;4;9;5;True
95730;8;16;8;True
95731;8;16;8;True
95732;4;9;5;True
95733;2;4;2;True
95734;4;9;5;True
95735;8;16;8;True
95736;5;12;7;True
95737;4;6;2;True
95738;3;6;3;True
95739;5;12;7;True
95740;7;16;9;True
95741;7;16;9;True
95742;6;12;6;True
95743;5;12;7;True
95744;2;2;0;True
95745;3;9;6;True
95746;6;12;6;True
95747;4;9;5;True
95748;7;16;9;True
95749;5;12;7;True
95750;4;6;2;True
95751;0;0;0;True
95752;7;12;5;True
95753;4;8;4;True
95754;2;2;0;True
95755;4;6;2;True
95756;2;2;0;True
95757;2;4;2;True
95758;0;0;0;True
95759;1;1;0;True
95760;3;4;1;True
95761;0;0;0;True
95762;6;16;10;True
95763;2;4;2;True
95764;2;4;2;True
95765;4;9;5;True
95766;6;12;6;True
95767;5;16;11;True
95768;2;4;2;True
95769;3;9;6;True
95770;4;9;5;True
95771;5;12;7;True
95772;2;4;2;True
95773;6;16;10;True
95774;3;6;3;True
95775;8;16;8;True
95776;2;4;2;True
95777;1;1;0;True
95778;2;2;0;True
95779;3;3;0;True
95780;4;9;5;True
95781;0;0;0;True
95782;7;12;5;True
95783;5;12;7;True
95784;5;12;7;True
95785;3;3;0;True
95786;3;6;3;True
95787;5;12;7;True
95788;2;4;2;True
95789;3;6;3;True
95790;2;4;2;True
95791;8;16;8;True
95792;6;16;10;True
95793;10;16;6;True
95794;1;1;0;True
95795;1;1;0;True
95796;5;9;4;True
95797;3;6;3;True
95798;1;1;0;True
95799;4;9;5;True
95800;3;4;1;True
95801;9;16;7;True
95802;3;6;3;True
95803;6;12;6;True
95804;2;2;0;True
95805;7;16;9;True
95806;5;9;4;True
95807;4;6;2;True
95808;5;12;7;True
95809;2;4;2;True
95810;5;12;7;True
95811;3;9;6;True
95812;6;8;2;True
95813;12;16;4;True
95814;2;4;2;True
95815;1;1;0;True
95816;0;0;0;True
95817;5;12;7;True
95818;2;2;0;True
95819;2;4;2;True
95820;2;2;0;True
95821;7;16;9;True
95822;3;9;6;True
95823;9;12;3;True
95824;4;8;4;True
95825;7;12;5;True
95826;4;8;4;True
95827;4;9;5;True
95828;0;0;0;True
95829;4;6;2;True
95830;2;2;0;True
95831;2;4;2;True
95832;4;6;2;True
95833;1;1;0;True
95834;1;1;0;True
95835;3;4;1;True
95836;3;6;3;True
95837;6;12;6;True
95838;1;1;0;True
95839;8;16;8;True
95840;4;6;2;True
95841;1;1;0;True
95842;1;1;0;True
95843;5;9;4;True
95844;3;4;1;True
95845;2;2;0;True
95846;5;12;7;True
95847;2;4;2;True
95848;2;4;2;True
95849;8;16;8;True
95850;8;16;8;True
95851;1;1;0;True
95852;2;4;2;True
95853;6;12;6;True
95854;2;4;2;True
95855;0;0;0;True
95856;5;16;11;True
95857;0;0;0;True
95858;9;12;3;True
95859;2;2;0;True
95860;2;4;2;True
95861;8;16;8;True
95862;2;2;0;True
95863;12;16;4;True
95864;7;12;5;True
95865;1;1;0;True
95866;8;12;4;True
95867;4;6;2;True
95868;3;4;1;True
95869;4;12;8;True
95870;1;1;0;True
95871;0;0;0;True
95872;3;9;6;True
95873;3;4;1;True
95874;7;16;9;True
95875;2;4;2;True
95876;3;6;3;True
95877;5;9;4;True
95878;6;16;10;True
95879;4;9;5;True
95880;4;9;5;True
95881;6;12;6;True
95882;3;6;3;True
95883;5;12;7;True
95884;3;6;3;True
95885;3;9;6;True
95886;0;0;0;True
95887;4;8;4;True
95888;1;1;0;True
95889;6;12;6;True
95890;4;9;5;True
95891;8;16;8;True
95892;2;4;2;True
95893;4;9;5;True
95894;1;1;0;True
95895;4;6;2;True
95896;4;9;5;True
95897;4;6;2;True
95898;8;16;8;True
95899;2;2;0;True
95900;5;9;4;True
95901;6;8;2;True
95902;0;0;0;True
95903;3;9;6;True
95904;5;16;11;True
95905;1;1;0;True
95906;6;9;3;True
95907;1;1;0;True
95908;6;12;6;True
95909;3;9;6;True
95910;2;4;2;True
95911;1;1;0;True
95912;3;6;3;True
95913;4;9;5;True
95914;3;6;3;True
95915;4;9;5;True
95916;4;6;2;True
95917;2;4;2;True
95918;1;1;0;True
95919;3;4;1;True
95920;1;1;0;True
95921;10;16;6;True
95922;4;9;5;True
95923;5;9;4;True
95924;4;9;5;True
95925;1;1;0;True
95926;3;6;3;True
95927;5;12;7;True
95928;3;4;1;True
95929;2;4;2;True
95930;4;9;5;True
95931;5;12;7;True
95932;2;4;2;True
95933;3;9;6;True
95934;4;9;5;True
95935;0;0;0;True
95936;2;4;2;True
95937;6;12;6;True
95938;6;12;6;True
95939;8;16;8;True
95940;4;6;2;True
95941;1;1;0;True
95942;5;12;7;True
95943;4;8;4;True
95944;2;2;0;True
95945;2;4;2;True
95946;2;4;2;True
95947;3;4;1;True
95948;1;1;0;True
95949;3;6;3;True
95950;3;6;3;True
95951;3;6;3;True
95952;7;12;5;True
95953;3;9;6;True
95954;3;6;3;True
95955;4;9;5;True
95956;3;4;1;True
95957;1;1;0;True
95958;5;16;11;True
95959;1;1;0;True
95960;0;0;0;True
95961;5;16;11;True
95962;0;0;0;True
95963;2;4;2;True
95964;1;1;0;True
95965;5;12;7;True
95966;2;4;2;True
95967;7;16;9;True
95968;3;6;3;True
95969;4;9;5;True
95970;3;4;1;True
95971;3;6;3;True
95972;3;3;0;True
95973;3;4;1;True
95974;6;12;6;True
95975;7;12;5;True
95976;0;0;0;True
95977;4;6;2;True
95978;8;16;8;True
95979;7;12;5;True
95980;4;12;8;True
95981;0;0;0;True
95982;4;12;8;True
95983;2;2;0;True
95984;4;4;0;True
95985;5;16;11;True
95986;4;6;2;True
95987;3;4;1;True
95988;0;0;0;True
95989;10;16;6;True
95990;4;9;5;True
95991;5;9;4;True
95992;1;1;0;True
95993;2;4;2;True
95994;1;1;0;True
95995;3;4;1;True
95996;5;9;4;True
95997;4;9;5;True
95998;4;6;2;True
95999;4;6;2;True
96000;2;4;2;True
96001;4;9;5;True
96002;7;16;9;True
96003;5;12;7;True
96004;3;6;3;True
96005;1;1;0;True
96006;6;12;6;True
96007;3;4;1;True
96008;9;12;3;True
96009;3;4;1;True
96010;1;1;0;True
96011;3;6;3;True
96012;1;1;0;True
96013;1;1;0;True
96014;2;4;2;True
96015;5;9;4;True
96016;0;0;0;True
96017;7;12;5;True
96018;5;12;7;True
96019;0;0;0;True
96020;6;8;2;True
96021;4;12;8;True
96022;5;16;11;True
96023;0;0;0;True
96024;6;12;6;True
96025;6;9;3;True
96026;7;12;5;True
96027;3;3;0;True
96028;3;6;3;True
96029;3;6;3;True
96030;3;6;3;True
96031;6;12;6;True
96032;1;1;0;True
96033;3;6;3;True
96034;7;12;5;True
96035;5;12;7;True
96036;2;4;2;True
96037;7;16;9;True
96038;1;1;0;True
96039;2;4;2;True
96040;5;9;4;True
96041;4;6;2;True
96042;1;1;0;True
96043;5;16;11;True
96044;6;12;6;True
96045;3;6;3;True
96046;8;16;8;True
96047;9;16;7;True
96048;6;16;10;True
96049;5;9;4;True
96050;2;4;2;True
96051;7;16;9;True
96052;7;12;5;True
96053;2;2;0;True
96054;8;16;8;True
96055;3;6;3;True
96056;3;6;3;True
96057;8;16;8;True
96058;8;16;8;True
96059;3;4;1;True
96060;3;4;1;True
96061;3;9;6;True
96062;5;12;7;True
96063;9;16;7;True
96064;5;12;7;True
96065;3;6;3;True
96066;3;6;3;True
96067;5;12;7;True
96068;2;2;0;True
96069;4;9;5;True
96070;2;2;0;True
96071;2;2;0;True
96072;7;12;5;True
96073;7;16;9;True
96074;5;16;11;True
96075;8;16;8;True
96076;5;16;11;True
96077;2;4;2;True
96078;1;1;0;True
96079;6;9;3;True
96080;3;6;3;True
96081;0;0;0;True
96082;6;16;10;True
96083;5;12;7;True
96084;4;6;2;True
96085;6;12;6;True
96086;2;2;0;True
96087;5;12;7;True
96088;5;16;11;True
96089;2;4;2;True
96090;3;6;3;True
96091;5;8;3;True
96092;5;16;11;True
96093;1;1;0;True
96094;7;16;9;True
96095;6;16;10;True
96096;8;12;4;True
96097;4;9;5;True
96098;6;12;6;True
96099;1;1;0;True
96100;1;1;0;True
96101;1;1;0;True
96102;4;6;2;True
96103;9;16;7;True
96104;5;12;7;True
96105;7;16;9;True
96106;2;2;0;True
96107;4;6;2;True
96108;1;1;0;True
96109;4;6;2;True
96110;7;16;9;True
96111;0;0;0;True
96112;2;2;0;True
96113;9;16;7;True
96114;2;4;2;True
96115;7;16;9;True
96116;0;0;0;True
96117;6;12;6;True
96118;6;12;6;True
96119;5;9;4;True
96120;3;6;3;True
96121;2;2;0;True
96122;1;1;0;True
96123;4;9;5;True
96124;5;6;1;True
96125;6;16;10;True
96126;2;2;0;True
96127;4;9;5;True
96128;3;4;1;True
96129;5;12;7;True
96130;4;12;8;True
96131;5;16;11;True
96132;5;16;11;True
96133;4;8;4;True
96134;6;12;6;True
96135;4;9;5;True
96136;5;9;4;True
96137;1;1;0;True
96138;5;9;4;True
96139;2;4;2;True
96140;0;0;0;True
96141;0;0;0;True
96142;4;8;4;True
96143;9;16;7;True
96144;4;9;5;True
96145;7;16;9;True
96146;0;0;0;True
96147;1;1;0;True
96148;4;12;8;True
96149;2;4;2;True
96150;5;8;3;True
96151;9;16;7;True
96152;0;0;0;True
96153;4;6;2;True
96154;7;16;9;True
96155;2;4;2;True
96156;5;12;7;True
96157;7;16;9;True
96158;3;9;6;True
96159;3;6;3;True
96160;8;16;8;True
96161;4;6;2;True
96162;7;12;5;True
96163;2;4;2;True
96164;1;1;0;True
96165;5;8;3;True
96166;3;4;1;True
96167;5;9;4;True
96168;3;9;6;True
96169;3;6;3;True
96170;0;0;0;True
96171;2;4;2;True
96172;5;12;7;True
96173;3;6;3;True
96174;0;0;0;True
96175;4;12;8;True
96176;1;1;0;True
96177;2;4;2;True
96178;7;16;9;True
96179;3;6;3;True
96180;3;6;3;True
96181;6;12;6;True
96182;3;6;3;True
96183;3;3;0;True
96184;4;9;5;True
96185;4;6;2;True
96186;9;16;7;True
96187;8;16;8;True
96188;9;16;7;True
96189;5;12;7;True
96190;5;9;4;True
96191;4;8;4;True
96192;2;4;2;True
96193;1;1;0;True
96194;6;12;6;True
96195;2;2;0;True
96196;2;4;2;True
96197;0;0;0;True
96198;0;0;0;True
96199;1;1;0;True
96200;3;9;6;True
96201;1;1;0;True
96202;4;9;5;True
96203;7;12;5;True
96204;2;4;2;True
96205;7;12;5;True
96206;8;16;8;True
96207;9;16;7;True
96208;5;9;4;True
96209;5;9;4;True
96210;2;2;0;True
96211;1;1;0;True
96212;7;12;5;True
96213;6;16;10;True
96214;8;16;8;True
96215;0;0;0;True
96216;6;9;3;True
96217;8;16;8;True
96218;3;6;3;True
96219;3;6;3;True
96220;6;12;6;True
96221;1;1;0;True
96222;5;6;1;True
96223;4;9;5;True
96224;2;2;0;True
96225;6;12;6;True
96226;2;2;0;True
96227;2;2;0;True
96228;1;1;0;True
96229;3;9;6;True
96230;2;2;0;True
96231;2;2;0;True
96232;3;3;0;True
96233;2;4;2;True
96234;10;16;6;True
96235;3;6;3;True
96236;8;16;8;True
96237;4;16;12;True
96238;4;6;2;True
96239;2;4;2;True
96240;1;1;0;True
96241;3;6;3;True
96242;6;16;10;True
96243;5;9;4;True
96244;8;16;8;True
96245;4;9;5;True
96246;6;16;10;True
96247;7;12;5;True
96248;2;4;2;True
96249;6;12;6;True
96250;1;1;0;True
96251;3;6;3;True
96252;6;12;6;True
96253;2;2;0;True
96254;0;0;0;True
96255;5;12;7;True
96256;6;12;6;True
96257;0;0;0;True
96258;1;1;0;True
96259;5;12;7;True
96260;5;12;7;True
96261;2;2;0;True
96262;4;6;2;True
96263;7;12;5;True
96264;0;0;0;True
96265;1;1;0;True
96266;5;8;3;True
96267;4;6;2;True
96268;6;12;6;True
96269;10;16;6;True
96270;6;16;10;True
96271;2;4;2;True
96272;5;6;1;True
96273;0;0;0;True
96274;5;12;7;True
96275;5;12;7;True
96276;2;4;2;True
96277;4;8;4;True
96278;3;4;1;True
96279;6;12;6;True
96280;7;12;5;True
96281;4;9;5;True
96282;5;9;4;True
96283;3;6;3;True
96284;6;12;6;True
96285;6;12;6;True
96286;1;1;0;True
96287;2;2;0;True
96288;1;1;0;True
96289;7;9;2;True
96290;1;1;0;True
96291;4;9;5;True
96292;2;4;2;True
96293;3;4;1;True
96294;3;4;1;True
96295;5;12;7;True
96296;1;1;0;True
96297;5;6;1;True
96298;1;1;0;True
96299;2;4;2;True
96300;2;4;2;True
96301;7;12;5;True
96302;6;12;6;True
96303;6;16;10;True
96304;1;1;0;True
96305;1;1;0;True
96306;6;16;10;True
96307;6;8;2;True
96308;5;12;7;True
96309;7;16;9;True
96310;1;1;0;True
96311;5;9;4;True
96312;6;8;2;True
96313;4;6;2;True
96314;9;16;7;True
96315;2;4;2;True
96316;4;6;2;True
96317;1;1;0;True
96318;2;4;2;True
96319;3;6;3;True
96320;3;6;3;True
96321;1;1;0;True
96322;5;9;4;True
96323;4;8;4;True
96324;0;0;0;True
96325;1;1;0;True
96326;2;4;2;True
96327;4;9;5;True
96328;5;12;7;True
96329;5;9;4;True
96330;5;12;7;True
96331;5;9;4;True
96332;3;4;1;True
96333;2;4;2;True
96334;9;16;7;True
96335;7;16;9;True
96336;4;4;0;True
96337;1;1;0;True
96338;3;6;3;True
96339;6;12;6;True
96340;3;6;3;True
96341;10;16;6;True
96342;2;4;2;True
96343;4;8;4;True
96344;6;9;3;True
96345;4;12;8;True
96346;3;4;1;True
96347;3;6;3;True
96348;6;9;3;True
96349;2;2;0;True
96350;2;4;2;True
96351;2;4;2;True
96352;0;0;0;True
96353;2;4;2;True
96354;4;6;2;True
96355;2;4;2;True
96356;3;4;1;True
96357;1;1;0;True
96358;3;3;0;True
96359;5;9;4;True
96360;7;12;5;True
96361;4;9;5;True
96362;3;6;3;True
96363;2;4;2;True
96364;2;2;0;True
96365;4;12;8;True
96366;6;12;6;True
96367;0;0;0;True
96368;2;4;2;True
96369;1;1;0;True
96370;4;9;5;True
96371;3;9;6;True
96372;0;0;0;True
96373;6;12;6;True
96374;7;12;5;True
96375;4;9;5;True
96376;4;6;2;True
96377;1;1;0;True
96378;8;16;8;True
96379;3;6;3;True
96380;2;4;2;True
96381;2;2;0;True
96382;3;6;3;True
96383;7;12;5;True
96384;7;16;9;True
96385;1;1;0;True
96386;4;12;8;True
96387;2;4;2;True
96388;4;9;5;True
96389;4;6;2;True
96390;1;1;0;True
96391;6;9;3;True
96392;4;6;2;True
96393;2;2;0;True
96394;6;16;10;True
96395;6;16;10;True
96396;4;9;5;True
96397;3;9;6;True
96398;1;1;0;True
96399;3;6;3;True
96400;8;16;8;True
96401;6;12;6;True
96402;0;0;0;True
96403;1;1;0;True
96404;1;1;0;True
96405;4;6;2;True
96406;9;16;7;True
96407;2;4;2;True
96408;4;8;4;True
96409;4;9;5;True
96410;7;16;9;True
96411;3;6;3;True
96412;3;6;3;True
96413;0;0;0;True
96414;0;0;0;True
96415;9;16;7;True
96416;6;12;6;True
96417;0;0;0;True
96418;5;9;4;True
96419;7;12;5;True
96420;0;0;0;True
96421;1;1;0;True
96422;4;9;5;True
96423;2;4;2;True
96424;0;0;0;True
96425;0;0;0;True
96426;5;12;7;True
96427;0;0;0;True
96428;5;9;4;True
96429;2;4;2;True
96430;0;0;0;True
96431;3;6;3;True
96432;9;16;7;True
96433;3;6;3;True
96434;3;4;1;True
96435;3;6;3;True
96436;3;4;1;True
96437;6;16;10;True
96438;5;9;4;True
96439;6;12;6;True
96440;2;2;0;True
96441;5;6;1;True
96442;3;6;3;True
96443;4;6;2;True
96444;5;9;4;True
96445;1;1;0;True
96446;5;8;3;True
96447;6;12;6;True
96448;7;12;5;True
96449;1;1;0;True
96450;9;16;7;True
96451;2;2;0;True
96452;6;12;6;True
96453;2;4;2;True
96454;0;0;0;True
96455;4;8;4;True
96456;0;0;0;True
96457;0;0;0;True
96458;0;0;0;True
96459;2;4;2;True
96460;3;4;1;True
96461;0;0;0;True
96462;2;4;2;True
96463;0;0;0;True
96464;1;1;0;True
96465;7;12;5;True
96466;0;0;0;True
96467;3;4;1;True
96468;0;0;0;True
96469;3;9;6;True
96470;3;6;3;True
96471;2;4;2;True
96472;3;6;3;True
96473;0;0;0;True
96474;2;4;2;True
96475;5;12;7;True
96476;3;4;1;True
96477;2;4;2;True
96478;0;0;0;True
96479;4;9;5;True
96480;3;9;6;True
96481;1;1;0;True
96482;5;9;4;True
96483;3;6;3;True
96484;8;16;8;True
96485;4;9;5;True
96486;4;6;2;True
96487;3;6;3;True
96488;4;9;5;True
96489;1;1;0;True
96490;3;4;1;True
96491;4;6;2;True
96492;2;2;0;True
96493;1;1;0;True
96494;4;9;5;True
96495;4;4;0;True
96496;5;12;7;True
96497;0;0;0;True
96498;4;9;5;True
96499;3;6;3;True
96500;6;12;6;True
96501;0;0;0;True
96502;6;6;0;True
96503;4;6;2;True
96504;2;2;0;True
96505;2;4;2;True
96506;4;9;5;True
96507;6;12;6;True
96508;7;9;2;True
96509;0;0;0;True
96510;1;1;0;True
96511;6;9;3;True
96512;5;12;7;True
96513;2;2;0;True
96514;2;4;2;True
96515;6;16;10;True
96516;1;1;0;True
96517;7;16;9;True
96518;4;12;8;True
96519;6;12;6;True
96520;4;9;5;True
96521;1;1;0;True
96522;5;9;4;True
96523;1;1;0;True
96524;5;16;11;True
96525;3;6;3;True
96526;7;16;9;True
96527;8;16;8;True
96528;3;6;3;True
96529;3;6;3;True
96530;2;4;2;True
96531;1;1;0;True
96532;4;9;5;True
96533;4;9;5;True
96534;1;1;0;True
96535;4;6;2;True
96536;2;4;2;True
96537;6;12;6;True
96538;3;6;3;True
96539;1;1;0;True
96540;3;4;1;True
96541;4;6;2;True
96542;2;4;2;True
96543;4;6;2;True
96544;3;6;3;True
96545;5;12;7;True
96546;4;12;8;True
96547;6;16;10;True
96548;6;9;3;True
96549;2;4;2;True
96550;1;1;0;True
96551;5;9;4;True
96552;4;6;2;True
96553;3;6;3;True
96554;9;12;3;True
96555;4;9;5;True
96556;3;3;0;True
96557;3;3;0;True
96558;10;16;6;True
96559;3;4;1;True
96560;6;9;3;True
96561;3;6;3;True
96562;5;12;7;True
96563;3;6;3;True
96564;1;1;0;True
96565;3;6;3;True
96566;0;0;0;True
96567;2;2;0;True
96568;1;1;0;True
96569;5;9;4;True
96570;2;2;0;True
96571;7;16;9;True
96572;5;9;4;True
96573;0;0;0;True
96574;3;6;3;True
96575;9;12;3;True
96576;4;8;4;True
96577;5;12;7;True
96578;6;12;6;True
96579;7;12;5;True
96580;3;6;3;True
96581;2;4;2;True
96582;1;1;0;True
96583;5;9;4;True
96584;4;6;2;True
96585;4;9;5;True
96586;5;12;7;True
96587;4;9;5;True
96588;1;1;0;True
96589;9;12;3;True
96590;3;9;6;True
96591;0;0;0;True
96592;4;9;5;True
96593;5;12;7;True
96594;3;6;3;True
96595;4;8;4;True
96596;5;12;7;True
96597;3;4;1;True
96598;3;6;3;True
96599;3;6;3;True
96600;3;4;1;True
96601;3;9;6;True
96602;7;16;9;True
96603;6;12;6;True
96604;2;4;2;True
96605;3;9;6;True
96606;4;9;5;True
96607;3;6;3;True
96608;1;1;0;True
96609;4;9;5;True
96610;1;1;0;True
96611;3;9;6;True
96612;3;4;1;True
96613;5;8;3;True
96614;4;9;5;True
96615;1;1;0;True
96616;2;4;2;True
96617;4;9;5;True
96618;2;4;2;True
96619;4;6;2;True
96620;2;2;0;True
96621;1;1;0;True
96622;3;4;1;True
96623;1;1;0;True
96624;4;9;5;True
96625;6;16;10;True
96626;13;16;3;True
96627;3;6;3;True
96628;9;16;7;True
96629;4;9;5;True
96630;5;9;4;True
96631;1;1;0;True
96632;5;9;4;True
96633;10;16;6;True
96634;3;6;3;True
96635;5;9;4;True
96636;7;16;9;True
96637;0;0;0;True
96638;6;12;6;True
96639;6;12;6;True
96640;5;16;11;True
96641;2;2;0;True
96642;1;1;0;True
96643;6;8;2;True
96644;3;9;6;True
96645;7;12;5;True
96646;2;4;2;True
96647;1;1;0;True
96648;7;16;9;True
96649;2;2;0;True
96650;5;8;3;True
96651;2;4;2;True
96652;1;1;0;True
96653;4;8;4;True
96654;1;1;0;True
96655;2;4;2;True
96656;8;16;8;True
96657;2;4;2;True
96658;8;16;8;True
96659;5;12;7;True
96660;3;9;6;True
96661;1;1;0;True
96662;6;12;6;True
96663;4;9;5;True
96664;4;9;5;True
96665;4;9;5;True
96666;3;6;3;True
96667;2;4;2;True
96668;4;6;2;True
96669;5;9;4;True
96670;4;12;8;True
96671;6;16;10;True
96672;4;6;2;True
96673;9;16;7;True
96674;5;8;3;True
96675;1;1;0;True
96676;0;0;0;True
96677;2;4;2;True
96678;0;0;0;True
96679;7;16;9;True
96680;8;16;8;True
96681;7;12;5;True
96682;1;1;0;True
96683;6;12;6;True
96684;2;2;0;True
96685;4;16;12;True
96686;1;1;0;True
96687;1;1;0;True
96688;2;4;2;True
96689;7;12;5;True
96690;4;6;2;True
96691;5;12;7;True
96692;7;16;9;True
96693;2;4;2;True
96694;5;16;11;True
96695;4;12;8;True
96696;5;9;4;True
96697;1;1;0;True
96698;3;6;3;True
96699;2;4;2;True
96700;3;6;3;True
96701;2;4;2;True
96702;3;6;3;True
96703;2;4;2;True
96704;2;2;0;True
96705;7;12;5;True
96706;1;1;0;True
96707;9;16;7;True
96708;6;16;10;True
96709;5;12;7;True
96710;3;4;1;True
96711;3;6;3;True
96712;3;4;1;True
96713;8;16;8;True
96714;3;4;1;True
96715;3;6;3;True
96716;0;0;0;True
96717;5;16;11;True
96718;2;4;2;True
96719;1;1;0;True
96720;1;1;0;True
96721;4;6;2;True
96722;4;6;2;True
96723;4;6;2;True
96724;2;4;2;True
96725;5;9;4;True
96726;4;6;2;True
96727;4;9;5;True
96728;5;8;3;True
96729;5;12;7;True
96730;8;16;8;True
96731;5;6;1;True
96732;0;0;0;True
96733;4;12;8;True
96734;7;12;5;True
96735;1;1;0;True
96736;4;9;5;True
96737;4;12;8;True
96738;4;12;8;True
96739;4;9;5;True
96740;2;2;0;True
96741;5;9;4;True
96742;1;1;0;True
96743;4;9;5;True
96744;3;6;3;True
96745;3;9;6;True
96746;2;4;2;True
96747;4;6;2;True
96748;1;1;0;True
96749;10;16;6;True
96750;1;1;0;True
96751;0;0;0;True
96752;3;6;3;True
96753;10;16;6;True
96754;5;9;4;True
96755;2;2;0;True
96756;1;1;0;True
96757;5;9;4;True
96758;2;2;0;True
96759;4;9;5;True
96760;2;2;0;True
96761;1;1;0;True
96762;6;12;6;True
96763;2;2;0;True
96764;1;1;0;True
96765;1;1;0;True
96766;5;12;7;True
96767;4;6;2;True
96768;1;1;0;True
96769;4;9;5;True
96770;5;9;4;True
96771;3;6;3;True
96772;4;12;8;True
96773;5;8;3;True
96774;3;9;6;True
96775;7;12;5;True
96776;1;1;0;True
96777;2;2;0;True
96778;2;2;0;True
96779;2;4;2;True
96780;7;16;9;True
96781;5;9;4;True
96782;6;12;6;True
96783;2;4;2;True
96784;1;1;0;True
96785;5;12;7;True
96786;4;9;5;True
96787;1;1;0;True
96788;8;16;8;True
96789;2;4;2;True
96790;3;9;6;True
96791;5;12;7;True
96792;5;9;4;True
96793;3;3;0;True
96794;1;1;0;True
96795;1;1;0;True
96796;2;4;2;True
96797;6;9;3;True
96798;2;4;2;True
96799;4;6;2;True
96800;3;4;1;True
96801;2;2;0;True
96802;3;4;1;True
96803;7;16;9;True
96804;3;6;3;True
96805;1;1;0;True
96806;5;16;11;True
96807;2;2;0;True
96808;0;0;0;True
96809;1;1;0;True
96810;5;9;4;True
96811;2;2;0;True
96812;5;12;7;True
96813;2;2;0;True
96814;2;2;0;True
96815;4;6;2;True
96816;7;16;9;True
96817;4;6;2;True
96818;5;6;1;True
96819;0;0;0;True
96820;2;4;2;True
96821;4;8;4;True
96822;1;1;0;True
96823;5;12;7;True
96824;2;2;0;True
96825;5;12;7;True
96826;0;0;0;True
96827;6;8;2;True
96828;3;6;3;True
96829;3;6;3;True
96830;8;16;8;True
96831;6;16;10;True
96832;1;1;0;True
96833;5;9;4;True
96834;1;1;0;True
96835;6;12;6;True
96836;4;6;2;True
96837;3;9;6;True
96838;8;12;4;True
96839;7;16;9;True
96840;0;0;0;True
96841;3;6;3;True
96842;7;12;5;True
96843;0;0;0;True
96844;4;9;5;True
96845;8;16;8;True
96846;2;2;0;True
96847;4;9;5;True
96848;6;12;6;True
96849;4;8;4;True
96850;2;4;2;True
96851;4;4;0;True
96852;6;16;10;True
96853;2;2;0;True
96854;3;6;3;True
96855;1;1;0;True
96856;8;12;4;True
96857;6;16;10;True
96858;4;6;2;True
96859;2;2;0;True
96860;0;0;0;True
96861;3;4;1;True
96862;7;16;9;True
96863;3;6;3;True
96864;4;9;5;True
96865;5;9;4;True
96866;4;6;2;True
96867;0;0;0;True
96868;2;2;0;True
96869;7;16;9;True
96870;4;9;5;True
96871;2;2;0;True
96872;5;9;4;True
96873;3;4;1;True
96874;1;1;0;True
96875;1;1;0;True
96876;0;0;0;True
96877;4;6;2;True
96878;4;12;8;True
96879;2;4;2;True
96880;1;1;0;True
96881;1;1;0;True
96882;4;8;4;True
96883;4;9;5;True
96884;1;1;0;True
96885;2;4;2;True
96886;6;16;10;True
96887;10;12;2;True
96888;1;1;0;True
96889;0;0;0;True
96890;3;3;0;True
96891;7;12;5;True
96892;0;0;0;True
96893;0;0;0;True
96894;2;4;2;True
96895;1;1;0;True
96896;3;4;1;True
96897;2;4;2;True
96898;9;16;7;True
96899;5;9;4;True
96900;2;4;2;True
96901;2;4;2;True
96902;1;1;0;True
96903;9;16;7;True
96904;3;6;3;True
96905;4;9;5;True
96906;4;8;4;True
96907;0;0;0;True
96908;5;8;3;True
96909;3;6;3;True
96910;4;8;4;True
96911;5;8;3;True
96912;5;12;7;True
96913;4;9;5;True
96914;7;12;5;True
96915;3;4;1;True
96916;4;6;2;True
96917;2;2;0;True
96918;7;16;9;True
96919;1;1;0;True
96920;5;9;4;True
96921;6;16;10;True
96922;5;16;11;True
96923;1;1;0;True
96924;7;12;5;True
96925;6;16;10;True
96926;5;6;1;True
96927;4;6;2;True
96928;4;6;2;True
96929;2;4;2;True
96930;6;12;6;True
96931;3;4;1;True
96932;3;9;6;True
96933;2;4;2;True
96934;4;9;5;True
96935;0;0;0;True
96936;1;1;0;True
96937;6;12;6;True
96938;7;16;9;True
96939;4;6;2;True
96940;4;8;4;True
96941;3;6;3;True
96942;1;1;0;True
96943;1;1;0;True
96944;4;4;0;True
96945;11;16;5;True
96946;1;1;0;True
96947;2;4;2;True
96948;4;8;4;True
96949;6;12;6;True
96950;6;16;10;True
96951;2;2;0;True
96952;2;4;2;True
96953;3;6;3;True
96954;3;6;3;True
96955;4;6;2;True
96956;4;6;2;True
96957;6;16;10;True
96958;3;4;1;True
96959;2;4;2;True
96960;8;16;8;True
96961;4;9;5;True
96962;2;4;2;True
96963;7;9;2;True
96964;4;9;5;True
96965;3;4;1;True
96966;5;9;4;True
96967;2;4;2;True
96968;0;0;0;True
96969;1;1;0;True
96970;3;4;1;True
96971;0;0;0;True
96972;3;6;3;True
96973;6;12;6;True
96974;6;12;6;True
96975;5;9;4;True
96976;3;6;3;True
96977;5;8;3;True
96978;2;4;2;True
96979;6;12;6;True
96980;3;6;3;True
96981;1;1;0;True
96982;4;6;2;True
96983;6;12;6;True
96984;1;1;0;True
96985;4;12;8;True
96986;3;6;3;True
96987;4;9;5;True
96988;3;6;3;True
96989;3;6;3;True
96990;3;6;3;True
96991;4;8;4;True
96992;5;12;7;True
96993;7;16;9;True
96994;9;16;7;True
96995;3;6;3;True
96996;5;6;1;True
96997;7;12;5;True
96998;4;9;5;True
96999;2;4;2;True
97000;6;12;6;True
97001;2;2;0;True
97002;3;6;3;True
97003;4;12;8;True
97004;1;1;0;True
97005;8;16;8;True
97006;7;16;9;True
97007;3;6;3;True
97008;3;6;3;True
97009;7;12;5;True
97010;7;16;9;True
97011;1;1;0;True
97012;5;12;7;True
97013;2;4;2;True
97014;1;1;0;True
97015;3;6;3;True
97016;3;6;3;True
97017;5;8;3;True
97018;3;6;3;True
97019;0;0;0;True
97020;1;1;0;True
97021;3;4;1;True
97022;1;1;0;True
97023;3;4;1;True
97024;3;6;3;True
97025;7;12;5;True
97026;11;16;5;True
97027;7;16;9;True
97028;0;0;0;True
97029;4;9;5;True
97030;4;16;12;True
97031;2;2;0;True
97032;3;9;6;True
97033;5;12;7;True
97034;6;9;3;True
97035;4;9;5;True
97036;1;1;0;True
97037;5;12;7;True
97038;3;9;6;True
97039;2;2;0;True
97040;3;9;6;True
97041;4;12;8;True
97042;4;6;2;True
97043;1;1;0;True
97044;7;16;9;True
97045;1;1;0;True
97046;4;6;2;True
97047;1;1;0;True
97048;7;16;9;True
97049;3;6;3;True
97050;7;12;5;True
97051;0;0;0;True
97052;3;4;1;True
97053;1;1;0;True
97054;6;16;10;True
97055;0;0;0;True
97056;5;6;1;True
97057;6;9;3;True
97058;3;6;3;True
97059;5;9;4;True
97060;2;4;2;True
97061;3;6;3;True
97062;5;9;4;True
97063;1;1;0;True
97064;2;4;2;True
97065;4;4;0;True
97066;4;6;2;True
97067;3;9;6;True
97068;2;4;2;True
97069;2;4;2;True
97070;1;1;0;True
97071;7;12;5;True
97072;3;6;3;True
97073;3;9;6;True
97074;3;6;3;True
97075;8;12;4;True
97076;0;0;0;True
97077;3;6;3;True
97078;7;12;5;True
97079;1;1;0;True
97080;0;0;0;True
97081;0;0;0;True
97082;1;1;0;True
97083;5;12;7;True
97084;0;0;0;True
97085;6;12;6;True
97086;2;4;2;True
97087;5;12;7;True
97088;2;4;2;True
97089;3;9;6;True
97090;5;12;7;True
97091;7;12;5;True
97092;1;1;0;True
97093;8;12;4;True
97094;6;16;10;True
97095;4;6;2;True
97096;1;1;0;True
97097;4;9;5;True
97098;2;2;0;True
97099;2;4;2;True
97100;4;9;5;True
97101;3;6;3;True
97102;3;6;3;True
97103;1;1;0;True
97104;3;6;3;True
97105;3;6;3;True
97106;2;4;2;True
97107;4;9;5;True
97108;2;4;2;True
97109;3;6;3;True
97110;3;3;0;True
97111;4;9;5;True
97112;6;16;10;True
97113;0;0;0;True
97114;5;12;7;True
97115;3;6;3;True
97116;1;1;0;True
97117;0;0;0;True
97118;6;16;10;True
97119;2;4;2;True
97120;3;9;6;True
97121;1;1;0;True
97122;0;0;0;True
97123;2;4;2;True
97124;4;9;5;True
97125;2;4;2;True
97126;2;4;2;True
97127;6;16;10;True
97128;4;6;2;True
97129;5;9;4;True
97130;4;8;4;True
97131;4;9;5;True
97132;0;0;0;True
97133;7;16;9;True
97134;2;4;2;True
97135;2;4;2;True
97136;0;0;0;True
97137;6;12;6;True
97138;6;9;3;True
97139;4;6;2;True
97140;2;4;2;True
97141;2;4;2;True
97142;2;2;0;True
97143;3;9;6;True
97144;2;4;2;True
97145;1;1;0;True
97146;5;12;7;True
97147;6;9;3;True
97148;4;6;2;True
97149;3;4;1;True
97150;0;0;0;True
97151;6;12;6;True
97152;3;6;3;True
97153;1;1;0;True
97154;4;9;5;True
97155;3;6;3;True
97156;5;12;7;True
97157;2;4;2;True
97158;1;1;0;True
97159;5;9;4;True
97160;6;12;6;True
97161;1;1;0;True
97162;4;4;0;True
97163;3;4;1;True
97164;5;16;11;True
97165;0;0;0;True
97166;4;9;5;True
97167;7;12;5;True
97168;5;12;7;True
97169;2;4;2;True
97170;2;2;0;True
97171;0;0;0;True
97172;3;9;6;True
97173;6;9;3;True
97174;1;1;0;True
97175;4;12;8;True
97176;2;2;0;True
97177;3;4;1;True
97178;3;4;1;True
97179;3;6;3;True
97180;8;12;4;True
97181;2;2;0;True
97182;4;6;2;True
97183;5;9;4;True
97184;1;1;0;True
97185;3;6;3;True
97186;2;4;2;True
97187;7;16;9;True
97188;5;16;11;True
97189;1;1;0;True
97190;1;1;0;True
97191;6;12;6;True
97192;5;12;7;True
97193;2;4;2;True
97194;4;9;5;True
97195;1;1;0;True
97196;3;6;3;True
97197;3;4;1;True
97198;4;6;2;True
97199;3;6;3;True
97200;7;12;5;True
97201;6;9;3;True
97202;1;1;0;True
97203;2;4;2;True
97204;4;12;8;True
97205;2;2;0;True
97206;4;8;4;True
97207;2;4;2;True
97208;6;12;6;True
97209;1;1;0;True
97210;3;9;6;True
97211;2;4;2;True
97212;2;2;0;True
97213;1;1;0;True
97214;2;4;2;True
97215;2;4;2;True
97216;5;12;7;True
97217;7;12;5;True
97218;3;4;1;True
97219;4;12;8;True
97220;5;9;4;True
97221;1;1;0;True
97222;3;6;3;True
97223;0;0;0;True
97224;4;6;2;True
97225;3;3;0;True
97226;5;12;7;True
97227;3;4;1;True
97228;3;4;1;True
97229;2;4;2;True
97230;3;6;3;True
97231;2;4;2;True
97232;6;16;10;True
97233;2;2;0;True
97234;4;9;5;True
97235;0;0;0;True
97236;6;9;3;True
97237;0;0;0;True
97238;4;6;2;True
97239;2;4;2;True
97240;3;4;1;True
97241;3;6;3;True
97242;0;0;0;True
97243;2;2;0;True
97244;4;9;5;True
97245;1;1;0;True
97246;5;9;4;True
97247;6;12;6;True
97248;0;0;0;True
97249;3;6;3;True
97250;2;4;2;True
97251;2;4;2;True
97252;1;1;0;True
97253;4;16;12;True
97254;1;1;0;True
97255;2;4;2;True
97256;5;6;1;True
97257;2;2;0;True
97258;4;6;2;True
97259;5;9;4;True
97260;1;1;0;True
97261;4;6;2;True
97262;3;4;1;True
97263;3;4;1;True
97264;4;9;5;True
97265;4;6;2;True
97266;3;9;6;True
97267;3;4;1;True
97268;6;16;10;True
97269;8;16;8;True
97270;2;4;2;True
97271;2;4;2;True
97272;7;16;9;True
97273;3;6;3;True
97274;3;6;3;True
97275;2;4;2;True
97276;3;6;3;True
97277;5;12;7;True
97278;10;16;6;True
97279;2;2;0;True
97280;5;12;7;True
97281;7;16;9;True
97282;3;6;3;True
97283;3;9;6;True
97284;4;9;5;True
97285;1;1;0;True
97286;4;12;8;True
97287;5;9;4;True
97288;3;3;0;True
97289;9;16;7;True
97290;3;4;1;True
97291;0;0;0;True
97292;6;12;6;True
97293;2;4;2;True
97294;8;16;8;True
97295;5;9;4;True
97296;6;16;10;True
97297;4;9;5;True
97298;8;12;4;True
97299;1;1;0;True
97300;1;1;0;True
97301;1;1;0;True
97302;9;16;7;True
97303;1;1;0;True
97304;0;0;0;True
97305;2;2;0;True
97306;0;0;0;True
97307;4;12;8;True
97308;4;8;4;True
97309;4;6;2;True
97310;6;12;6;True
97311;3;6;3;True
97312;0;0;0;True
97313;8;16;8;True
97314;0;0;0;True
97315;3;9;6;True
97316;4;6;2;True
97317;2;2;0;True
97318;3;9;6;True
97319;4;6;2;True
97320;0;0;0;True
97321;1;1;0;True
97322;3;4;1;True
97323;0;0;0;True
97324;4;12;8;True
97325;2;2;0;True
97326;4;6;2;True
97327;2;4;2;True
97328;4;6;2;True
97329;5;9;4;True
97330;5;12;7;True
97331;1;1;0;True
97332;1;1;0;True
97333;4;9;5;True
97334;1;1;0;True
97335;6;12;6;True
97336;4;9;5;True
97337;0;0;0;True
97338;2;4;2;True
97339;3;9;6;True
97340;7;12;5;True
97341;2;4;2;True
97342;4;9;5;True
97343;0;0;0;True
97344;2;4;2;True
97345;1;1;0;True
97346;4;9;5;True
97347;3;6;3;True
97348;4;12;8;True
97349;4;12;8;True
97350;6;16;10;True
97351;6;12;6;True
97352;7;16;9;True
97353;4;6;2;True
97354;3;4;1;True
97355;10;16;6;True
97356;7;12;5;True
97357;4;9;5;True
97358;3;6;3;True
97359;5;12;7;True
97360;3;4;1;True
97361;4;6;2;True
97362;5;12;7;True
97363;2;4;2;True
97364;1;1;0;True
97365;8;16;8;True
97366;3;6;3;True
97367;4;6;2;True
97368;1;1;0;True
97369;1;1;0;True
97370;5;12;7;True
97371;3;6;3;True
97372;4;6;2;True
97373;1;1;0;True
97374;4;6;2;True
97375;3;6;3;True
97376;6;12;6;True
97377;5;12;7;True
97378;5;9;4;True
97379;5;16;11;True
97380;5;12;7;True
97381;5;12;7;True
97382;7;16;9;True
97383;4;9;5;True
97384;4;6;2;True
97385;3;9;6;True
97386;1;1;0;True
97387;3;6;3;True
97388;0;0;0;True
97389;3;9;6;True
97390;1;1;0;True
97391;2;4;2;True
97392;0;0;0;True
97393;3;6;3;True
97394;1;1;0;True
97395;6;12;6;True
97396;5;16;11;True
97397;3;9;6;True
97398;3;6;3;True
97399;2;2;0;True
97400;4;6;2;True
97401;5;12;7;True
97402;2;2;0;True
97403;0;0;0;True
97404;1;1;0;True
97405;5;12;7;True
97406;2;4;2;True
97407;0;0;0;True
97408;7;12;5;True
97409;3;4;1;True
97410;4;9;5;True
97411;3;9;6;True
97412;0;0;0;True
97413;2;4;2;True
97414;2;2;0;True
97415;4;9;5;True
97416;4;9;5;True
97417;4;12;8;True
97418;4;9;5;True
97419;6;12;6;True
97420;2;2;0;True
97421;4;12;8;True
97422;5;12;7;True
97423;5;12;7;True
97424;2;2;0;True
97425;0;0;0;True
97426;6;9;3;True
97427;5;12;7;True
97428;5;16;11;True
97429;0;0;0;True
97430;4;9;5;True
97431;3;4;1;True
97432;2;4;2;True
97433;0;0;0;True
97434;3;6;3;True
97435;2;4;2;True
97436;2;2;0;True
97437;1;1;0;True
97438;4;6;2;True
97439;7;16;9;True
97440;5;12;7;True
97441;4;12;8;True
97442;4;9;5;True
97443;4;6;2;True
97444;5;9;4;True
97445;8;12;4;True
97446;4;8;4;True
97447;6;9;3;True
97448;3;6;3;True
97449;6;12;6;True
97450;3;4;1;True
97451;5;9;4;True
97452;1;1;0;True
97453;5;16;11;True
97454;4;6;2;True
97455;1;1;0;True
97456;0;0;0;True
97457;6;12;6;True
97458;9;16;7;True
97459;5;8;3;True
97460;4;6;2;True
97461;5;12;7;True
97462;4;9;5;True
97463;4;6;2;True
97464;7;12;5;True
97465;5;12;7;True
97466;4;9;5;True
97467;0;0;0;True
97468;7;16;9;True
97469;4;12;8;True
97470;3;3;0;True
97471;3;6;3;True
97472;4;9;5;True
97473;6;12;6;True
97474;0;0;0;True
97475;8;16;8;True
97476;7;12;5;True
97477;5;9;4;True
97478;3;4;1;True
97479;1;1;0;True
97480;2;4;2;True
97481;6;16;10;True
97482;6;12;6;True
97483;5;12;7;True
97484;3;9;6;True
97485;5;12;7;True
97486;6;16;10;True
97487;2;4;2;True
97488;7;12;5;True
97489;1;1;0;True
97490;2;4;2;True
97491;4;9;5;True
97492;6;9;3;True
97493;6;12;6;True
97494;6;16;10;True
97495;3;6;3;True
97496;3;4;1;True
97497;3;3;0;True
97498;12;16;4;True
97499;4;9;5;True
97500;5;12;7;True
97501;3;6;3;True
97502;3;4;1;True
97503;4;9;5;True
97504;5;12;7;True
97505;4;6;2;True
97506;2;4;2;True
97507;4;8;4;True
97508;7;16;9;True
97509;3;9;6;True
97510;5;12;7;True
97511;2;2;0;True
97512;5;12;7;True
97513;5;12;7;True
97514;4;12;8;True
97515;5;9;4;True
97516;3;6;3;True
97517;3;6;3;True
97518;1;1;0;True
97519;2;2;0;True
97520;3;4;1;True
97521;1;1;0;True
97522;2;2;0;True
97523;1;1;0;True
97524;1;1;0;True
97525;1;1;0;True
97526;3;6;3;True
97527;2;4;2;True
97528;4;12;8;True
97529;2;4;2;True
97530;9;16;7;True
97531;6;16;10;True
97532;0;0;0;True
97533;3;6;3;True
97534;7;12;5;True
97535;4;6;2;True
97536;1;1;0;True
97537;1;1;0;True
97538;4;6;2;True
97539;3;6;3;True
97540;2;2;0;True
97541;8;16;8;True
97542;1;1;0;True
97543;6;16;10;True
97544;1;1;0;True
97545;2;4;2;True
97546;2;2;0;True
97547;4;9;5;True
97548;8;9;1;True
97549;3;4;1;True
97550;6;9;3;True
97551;2;4;2;True
97552;3;4;1;True
97553;3;4;1;True
97554;0;0;0;True
97555;5;8;3;True
97556;7;12;5;True
97557;1;1;0;True
97558;7;12;5;True
97559;2;2;0;True
97560;3;6;3;True
97561;0;0;0;True
97562;1;1;0;True
97563;10;16;6;True
97564;0;0;0;True
97565;2;4;2;True
97566;8;16;8;True
97567;3;4;1;True
97568;1;1;0;True
97569;2;4;2;True
97570;2;4;2;True
97571;5;9;4;True
97572;2;4;2;True
97573;1;1;0;True
97574;0;0;0;True
97575;0;0;0;True
97576;8;12;4;True
97577;4;9;5;True
97578;4;9;5;True
97579;3;4;1;True
97580;4;6;2;True
97581;7;12;5;True
97582;3;9;6;True
97583;7;16;9;True
97584;0;0;0;True
97585;6;16;10;True
97586;1;1;0;True
97587;2;4;2;True
97588;3;6;3;True
97589;7;12;5;True
97590;8;16;8;True
97591;4;12;8;True
97592;3;3;0;True
97593;0;0;0;True
97594;2;4;2;True
97595;6;16;10;True
97596;3;6;3;True
97597;4;6;2;True
97598;2;2;0;True
97599;2;4;2;True
97600;3;6;3;True
97601;5;12;7;True
97602;3;9;6;True
97603;8;16;8;True
97604;2;2;0;True
97605;4;6;2;True
97606;1;1;0;True
97607;4;9;5;True
97608;7;12;5;True
97609;2;4;2;True
97610;7;12;5;True
97611;12;16;4;True
97612;5;12;7;True
97613;8;16;8;True
97614;3;4;1;True
97615;1;1;0;True
97616;1;1;0;True
97617;7;12;5;True
97618;6;16;10;True
97619;1;1;0;True
97620;7;12;5;True
97621;0;0;0;True
97622;2;4;2;True
97623;7;16;9;True
97624;1;1;0;True
97625;0;0;0;True
97626;4;6;2;True
97627;4;6;2;True
97628;5;12;7;True
97629;2;2;0;True
97630;4;9;5;True
97631;5;12;7;True
97632;2;4;2;True
97633;3;9;6;True
97634;8;16;8;True
97635;2;4;2;True
97636;1;1;0;True
97637;2;4;2;True
97638;6;12;6;True
97639;5;12;7;True
97640;8;16;8;True
97641;3;6;3;True
97642;4;6;2;True
97643;3;3;0;True
97644;2;4;2;True
97645;3;6;3;True
97646;7;16;9;True
97647;5;9;4;True
97648;8;12;4;True
97649;7;16;9;True
97650;7;12;5;True
97651;7;16;9;True
97652;4;9;5;True
97653;3;6;3;True
97654;4;8;4;True
97655;2;2;0;True
97656;3;6;3;True
97657;3;6;3;True
97658;0;0;0;True
97659;2;2;0;True
97660;7;16;9;True
97661;3;4;1;True
97662;4;9;5;True
97663;1;1;0;True
97664;4;6;2;True
97665;4;6;2;True
97666;2;2;0;True
97667;4;12;8;True
97668;5;12;7;True
97669;3;6;3;True
97670;2;2;0;True
97671;2;2;0;True
97672;7;16;9;True
97673;5;12;7;True
97674;6;16;10;True
97675;1;1;0;True
97676;6;16;10;True
97677;1;1;0;True
97678;1;1;0;True
97679;7;16;9;True
97680;6;12;6;True
97681;1;1;0;True
97682;7;12;5;True
97683;1;1;0;True
97684;3;6;3;True
97685;3;6;3;True
97686;4;9;5;True
97687;0;0;0;True
97688;5;12;7;True
97689;3;6;3;True
97690;5;12;7;True
97691;1;1;0;True
97692;9;16;7;True
97693;2;2;0;True
97694;1;1;0;True
97695;2;4;2;True
97696;4;8;4;True
97697;3;4;1;True
97698;2;4;2;True
97699;5;9;4;True
97700;0;0;0;True
97701;6;16;10;True
97702;0;0;0;True
97703;4;12;8;True
97704;7;16;9;True
97705;0;0;0;True
97706;4;6;2;True
97707;3;4;1;True
97708;5;9;4;True
97709;5;12;7;True
97710;2;2;0;True
97711;1;1;0;True
97712;4;9;5;True
97713;2;2;0;True
97714;4;9;5;True
97715;3;6;3;True
97716;7;12;5;True
97717;5;9;4;True
97718;4;6;2;True
97719;5;12;7;True
97720;2;2;0;True
97721;5;8;3;True
97722;5;12;7;True
97723;4;9;5;True
97724;2;2;0;True
97725;1;1;0;True
97726;6;12;6;True
97727;8;16;8;True
97728;2;2;0;True
97729;3;6;3;True
97730;6;16;10;True
97731;2;4;2;True
97732;4;12;8;True
97733;5;12;7;True
97734;4;8;4;True
97735;6;16;10;True
97736;3;6;3;True
97737;4;8;4;True
97738;5;12;7;True
97739;4;6;2;True
97740;2;2;0;True
97741;0;0;0;True
97742;1;1;0;True
97743;1;1;0;True
97744;2;2;0;True
97745;8;16;8;True
97746;6;12;6;True
97747;6;12;6;True
97748;0;0;0;True
97749;5;16;11;True
97750;5;9;4;True
97751;5;9;4;True
97752;1;1;0;True
97753;5;12;7;True
97754;4;8;4;True
97755;1;1;0;True
97756;1;1;0;True
97757;1;1;0;True
97758;4;6;2;True
97759;1;1;0;True
97760;6;16;10;True
97761;4;8;4;True
97762;4;6;2;True
97763;4;6;2;True
97764;3;6;3;True
97765;1;1;0;True
97766;5;9;4;True
97767;4;9;5;True
97768;1;1;0;True
97769;5;9;4;True
97770;4;8;4;True
97771;2;2;0;True
97772;3;9;6;True
97773;7;12;5;True
97774;5;9;4;True
97775;8;16;8;True
97776;0;0;0;True
97777;4;9;5;True
97778;8;12;4;True
97779;1;1;0;True
97780;2;2;0;True
97781;3;3;0;True
97782;3;9;6;True
97783;8;12;4;True
97784;0;0;0;True
97785;6;12;6;True
97786;4;9;5;True
97787;3;6;3;True
97788;8;16;8;True
97789;2;4;2;True
97790;1;1;0;True
97791;4;6;2;True
97792;1;1;0;True
97793;1;1;0;True
97794;9;16;7;True
97795;4;6;2;True
97796;3;6;3;True
97797;2;4;2;True
97798;7;12;5;True
97799;4;12;8;True
97800;6;16;10;True
97801;2;4;2;True
97802;4;9;5;True
97803;1;1;0;True
97804;5;8;3;True
97805;3;6;3;True
97806;5;9;4;True
97807;3;4;1;True
97808;4;9;5;True
97809;1;1;0;True
97810;0;0;0;True
97811;6;16;10;True
97812;4;8;4;True
97813;3;9;6;True
97814;6;16;10;True
97815;2;4;2;True
97816;4;6;2;True
97817;4;6;2;True
97818;7;12;5;True
97819;4;6;2;True
97820;5;12;7;True
97821;0;0;0;True
97822;4;16;12;True
97823;2;2;0;True
97824;0;0;0;True
97825;4;6;2;True
97826;2;4;2;True
97827;3;6;3;True
97828;5;9;4;True
97829;5;6;1;True
97830;2;2;0;True
97831;3;4;1;True
97832;1;1;0;True
97833;3;6;3;True
97834;10;16;6;True
97835;6;12;6;True
97836;4;9;5;True
97837;6;12;6;True
97838;0;0;0;True
97839;2;2;0;True
97840;3;4;1;True
97841;4;6;2;True
97842;1;1;0;True
97843;4;9;5;True
97844;4;9;5;True
97845;3;6;3;True
97846;3;4;1;True
97847;2;4;2;True
97848;8;16;8;True
97849;5;8;3;True
97850;3;4;1;True
97851;2;2;0;True
97852;3;6;3;True
97853;1;1;0;True
97854;0;0;0;True
97855;3;6;3;True
97856;3;4;1;True
97857;4;9;5;True
97858;2;4;2;True
97859;8;12;4;True
97860;2;2;0;True
97861;0;0;0;True
97862;2;2;0;True
97863;4;6;2;True
97864;4;9;5;True
97865;0;0;0;True
97866;4;6;2;True
97867;1;1;0;True
97868;2;2;0;True
97869;3;4;1;True
97870;4;9;5;True
97871;6;16;10;True
97872;1;1;0;True
97873;3;9;6;True
97874;4;6;2;True
97875;7;12;5;True
97876;6;16;10;True
97877;0;0;0;True
97878;5;12;7;True
97879;2;2;0;True
97880;0;0;0;True
97881;4;6;2;True
97882;5;9;4;True
97883;5;9;4;True
97884;6;12;6;True
97885;6;9;3;True
97886;7;12;5;True
97887;1;1;0;True
97888;1;1;0;True
97889;4;6;2;True
97890;0;0;0;True
97891;3;4;1;True
97892;4;16;12;True
97893;0;0;0;True
97894;4;6;2;True
97895;6;9;3;True
97896;1;1;0;True
97897;7;9;2;True
97898;4;8;4;True
97899;2;2;0;True
97900;4;9;5;True
97901;3;6;3;True
97902;3;4;1;True
97903;3;9;6;True
97904;4;9;5;True
97905;2;4;2;True
97906;4;8;4;True
97907;3;6;3;True
97908;5;9;4;True
97909;3;6;3;True
97910;2;2;0;True
97911;1;1;0;True
97912;2;4;2;True
97913;3;9;6;True
97914;3;6;3;True
97915;9;12;3;True
97916;5;12;7;True
97917;3;6;3;True
97918;3;4;1;True
97919;1;1;0;True
97920;1;1;0;True
97921;4;9;5;True
97922;7;12;5;True
97923;1;1;0;True
97924;1;1;0;True
97925;0;0;0;True
97926;1;1;0;True
97927;13;16;3;True
97928;1;1;0;True
97929;2;2;0;True
97930;5;12;7;True
97931;5;12;7;True
97932;6;12;6;True
97933;2;2;0;True
97934;0;0;0;True
97935;3;6;3;True
97936;5;9;4;True
97937;3;6;3;True
97938;5;9;4;True
97939;0;0;0;True
97940;5;9;4;True
97941;3;6;3;True
97942;5;12;7;True
97943;3;6;3;True
97944;1;1;0;True
97945;1;1;0;True
97946;2;2;0;True
97947;5;16;11;True
97948;8;16;8;True
97949;1;1;0;True
97950;2;4;2;True
97951;6;12;6;True
97952;3;6;3;True
97953;0;0;0;True
97954;9;16;7;True
97955;4;9;5;True
97956;0;0;0;True
97957;3;6;3;True
97958;6;12;6;True
97959;6;16;10;True
97960;6;16;10;True
97961;5;6;1;True
97962;5;9;4;True
97963;9;16;7;True
97964;5;12;7;True
97965;1;1;0;True
97966;7;16;9;True
97967;3;9;6;True
97968;10;16;6;True
97969;4;9;5;True
97970;8;16;8;True
97971;2;4;2;True
97972;2;2;0;True
97973;0;0;0;True
97974;7;12;5;True
97975;2;2;0;True
97976;3;4;1;True
97977;2;2;0;True
97978;2;2;0;True
97979;1;1;0;True
97980;4;9;5;True
97981;2;2;0;True
97982;2;4;2;True
97983;4;12;8;True
97984;3;9;6;True
97985;8;16;8;True
97986;0;0;0;True
97987;1;1;0;True
97988;3;4;1;True
97989;3;9;6;True
97990;6;12;6;True
97991;8;16;8;True
97992;0;0;0;True
97993;6;12;6;True
97994;5;8;3;True
97995;5;12;7;True
97996;3;6;3;True
97997;2;4;2;True
97998;2;4;2;True
97999;3;6;3;True
98000;6;16;10;True
98001;3;9;6;True
98002;0;0;0;True
98003;1;1;0;True
98004;2;4;2;True
98005;4;6;2;True
98006;4;6;2;True
98007;4;8;4;True
98008;6;12;6;True
98009;5;9;4;True
98010;2;4;2;True
98011;2;2;0;True
98012;8;16;8;True
98013;3;6;3;True
98014;2;4;2;True
98015;4;9;5;True
98016;5;12;7;True
98017;1;1;0;True
98018;2;4;2;True
98019;5;12;7;True
98020;2;4;2;True
98021;6;12;6;True
98022;6;16;10;True
98023;3;9;6;True
98024;4;9;5;True
98025;2;4;2;True
98026;3;6;3;True
98027;7;16;9;True
98028;3;6;3;True
98029;5;9;4;True
98030;4;9;5;True
98031;2;2;0;True
98032;4;9;5;True
98033;2;2;0;True
98034;3;6;3;True
98035;3;6;3;True
98036;4;9;5;True
98037;5;12;7;True
98038;3;6;3;True
98039;2;4;2;True
98040;0;0;0;True
98041;2;2;0;True
98042;2;2;0;True
98043;1;1;0;True
98044;1;1;0;True
98045;5;12;7;True
98046;2;2;0;True
98047;5;12;7;True
98048;8;16;8;True
98049;3;9;6;True
98050;7;16;9;True
98051;1;1;0;True
98052;1;1;0;True
98053;3;6;3;True
98054;6;12;6;True
98055;6;12;6;True
98056;2;2;0;True
98057;4;8;4;True
98058;2;4;2;True
98059;5;12;7;True
98060;2;2;0;True
98061;4;9;5;True
98062;1;1;0;True
98063;2;2;0;True
98064;3;4;1;True
98065;4;9;5;True
98066;4;6;2;True
98067;8;16;8;True
98068;1;1;0;True
98069;0;0;0;True
98070;2;4;2;True
98071;1;1;0;True
98072;8;12;4;True
98073;5;9;4;True
98074;4;8;4;True
98075;5;9;4;True
98076;2;4;2;True
98077;4;8;4;True
98078;4;9;5;True
98079;4;6;2;True
98080;3;4;1;True
98081;5;12;7;True
98082;0;0;0;True
98083;3;6;3;True
98084;5;16;11;True
98085;1;1;0;True
98086;6;12;6;True
98087;9;16;7;True
98088;4;9;5;True
98089;8;12;4;True
98090;3;4;1;True
98091;4;12;8;True
98092;1;1;0;True
98093;3;4;1;True
98094;2;4;2;True
98095;3;3;0;True
98096;4;9;5;True
98097;6;12;6;True
98098;4;6;2;True
98099;0;0;0;True
98100;7;16;9;True
98101;3;6;3;True
98102;1;1;0;True
98103;1;1;0;True
98104;1;1;0;True
98105;3;4;1;True
98106;4;6;2;True
98107;1;1;0;True
98108;3;4;1;True
98109;3;6;3;True
98110;5;6;1;True
98111;5;16;11;True
98112;1;1;0;True
98113;4;6;2;True
98114;2;4;2;True
98115;0;0;0;True
98116;4;9;5;True
98117;2;4;2;True
98118;6;12;6;True
98119;1;1;0;True
98120;1;1;0;True
98121;2;4;2;True
98122;1;1;0;True
98123;1;1;0;True
98124;4;6;2;True
98125;4;12;8;True
98126;3;4;1;True
98127;4;12;8;True
98128;6;12;6;True
98129;4;9;5;True
98130;5;9;4;True
98131;7;12;5;True
98132;0;0;0;True
98133;5;12;7;True
98134;5;9;4;True
98135;6;9;3;True
98136;8;16;8;True
98137;1;1;0;True
98138;5;16;11;True
98139;9;16;7;True
98140;4;12;8;True
98141;0;0;0;True
98142;3;4;1;True
98143;1;1;0;True
98144;2;4;2;True
98145;9;12;3;True
98146;0;0;0;True
98147;1;1;0;True
98148;6;16;10;True
98149;3;6;3;True
98150;3;3;0;True
98151;6;12;6;True
98152;2;2;0;True
98153;4;9;5;True
98154;5;12;7;True
98155;8;16;8;True
98156;0;0;0;True
98157;2;4;2;True
98158;7;16;9;True
98159;3;9;6;True
98160;4;9;5;True
98161;3;6;3;True
98162;0;0;0;True
98163;6;16;10;True
98164;7;16;9;True
98165;8;16;8;True
98166;8;12;4;True
98167;2;4;2;True
98168;0;0;0;True
98169;2;2;0;True
98170;2;4;2;True
98171;7;16;9;True
98172;1;1;0;True
98173;5;9;4;True
98174;0;0;0;True
98175;2;2;0;True
98176;3;6;3;True
98177;4;12;8;True
98178;4;4;0;True
98179;5;12;7;True
98180;4;9;5;True
98181;4;9;5;True
98182;6;12;6;True
98183;4;6;2;True
98184;2;4;2;True
98185;6;12;6;True
98186;6;12;6;True
98187;3;4;1;True
98188;3;9;6;True
98189;3;6;3;True
98190;0;0;0;True
98191;0;0;0;True
98192;4;9;5;True
98193;5;16;11;True
98194;5;12;7;True
98195;2;4;2;True
98196;4;6;2;True
98197;5;9;4;True
98198;0;0;0;True
98199;5;9;4;True
98200;4;12;8;True
98201;3;6;3;True
98202;5;9;4;True
98203;4;9;5;True
98204;2;2;0;True
98205;3;4;1;True
98206;1;1;0;True
98207;2;4;2;True
98208;3;4;1;True
98209;2;4;2;True
98210;1;1;0;True
98211;0;0;0;True
98212;9;16;7;True
98213;4;6;2;True
98214;5;12;7;True
98215;2;2;0;True
98216;6;16;10;True
98217;4;4;0;True
98218;2;4;2;True
98219;5;9;4;True
98220;3;3;0;True
98221;3;4;1;True
98222;2;2;0;True
98223;5;12;7;True
98224;2;4;2;True
98225;0;0;0;True
98226;6;16;10;True
98227;3;6;3;True
98228;3;9;6;True
98229;3;9;6;True
98230;2;4;2;True
98231;1;1;0;True
98232;3;6;3;True
98233;7;16;9;True
98234;5;12;7;True
98235;0;0;0;True
98236;7;16;9;True
98237;4;9;5;True
98238;3;6;3;True
98239;2;4;2;True
98240;4;4;0;True
98241;3;6;3;True
98242;6;12;6;True
98243;2;4;2;True
98244;5;16;11;True
98245;6;12;6;True
98246;5;12;7;True
98247;2;4;2;True
98248;6;16;10;True
98249;4;6;2;True
98250;4;6;2;True
98251;2;2;0;True
98252;4;9;5;True
98253;6;8;2;True
98254;7;12;5;True
98255;3;9;6;True
98256;8;16;8;True
98257;4;12;8;True
98258;3;6;3;True
98259;3;3;0;True
98260;4;12;8;True
98261;2;4;2;True
98262;2;2;0;True
98263;3;3;0;True
98264;2;4;2;True
98265;8;12;4;True
98266;1;1;0;True
98267;6;16;10;True
98268;5;9;4;True
98269;10;16;6;True
98270;1;1;0;True
98271;3;3;0;True
98272;7;16;9;True
98273;2;4;2;True
98274;3;9;6;True
98275;0;0;0;True
98276;1;1;0;True
98277;2;4;2;True
98278;2;4;2;True
98279;7;16;9;True
98280;3;6;3;True
98281;4;9;5;True
98282;7;12;5;True
98283;2;2;0;True
98284;8;12;4;True
98285;2;2;0;True
98286;2;2;0;True
98287;2;4;2;True
98288;5;9;4;True
98289;5;16;11;True
98290;3;6;3;True
98291;5;12;7;True
98292;2;4;2;True
98293;3;6;3;True
98294;1;1;0;True
98295;3;6;3;True
98296;3;9;6;True
98297;3;4;1;True
98298;4;9;5;True
98299;2;4;2;True
98300;3;9;6;True
98301;5;9;4;True
98302;6;8;2;True
98303;4;6;2;True
98304;2;2;0;True
98305;11;16;5;True
98306;3;6;3;True
98307;2;4;2;True
98308;5;12;7;True
98309;4;6;2;True
98310;7;12;5;True
98311;5;12;7;True
98312;2;4;2;True
98313;8;16;8;True
98314;3;4;1;True
98315;6;16;10;True
98316;1;1;0;True
98317;6;12;6;True
98318;7;12;5;True
98319;5;12;7;True
98320;8;16;8;True
98321;2;4;2;True
98322;7;12;5;True
98323;1;1;0;True
98324;7;16;9;True
98325;0;0;0;True
98326;7;16;9;True
98327;4;8;4;True
98328;4;6;2;True
98329;6;16;10;True
98330;3;4;1;True
98331;2;2;0;True
98332;3;6;3;True
98333;3;4;1;True
98334;2;2;0;True
98335;5;8;3;True
98336;5;12;7;True
98337;6;16;10;True
98338;1;1;0;True
98339;0;0;0;True
98340;3;4;1;True
98341;4;9;5;True
98342;2;2;0;True
98343;4;12;8;True
98344;2;4;2;True
98345;2;2;0;True
98346;4;6;2;True
98347;2;4;2;True
98348;1;1;0;True
98349;3;9;6;True
98350;8;12;4;True
98351;4;6;2;True
98352;2;4;2;True
98353;4;6;2;True
98354;3;6;3;True
98355;6;16;10;True
98356;5;16;11;True
98357;2;4;2;True
98358;3;9;6;True
98359;7;12;5;True
98360;2;2;0;True
98361;9;16;7;True
98362;3;6;3;True
98363;6;12;6;True
98364;2;4;2;True
98365;1;1;0;True
98366;4;9;5;True
98367;1;1;0;True
98368;7;16;9;True
98369;2;2;0;True
98370;10;16;6;True
98371;1;1;0;True
98372;3;6;3;True
98373;2;4;2;True
98374;2;4;2;True
98375;1;1;0;True
98376;5;16;11;True
98377;4;9;5;True
98378;5;9;4;True
98379;7;12;5;True
98380;3;3;0;True
98381;2;4;2;True
98382;2;2;0;True
98383;6;9;3;True
98384;0;0;0;True
98385;7;16;9;True
98386;0;0;0;True
98387;5;12;7;True
98388;4;6;2;True
98389;2;2;0;True
98390;3;4;1;True
98391;1;1;0;True
98392;5;16;11;True
98393;3;6;3;True
98394;7;16;9;True
98395;0;0;0;True
98396;7;12;5;True
98397;5;12;7;True
98398;2;4;2;True
98399;2;4;2;True
98400;8;16;8;True
98401;2;2;0;True
98402;8;16;8;True
98403;9;16;7;True
98404;8;12;4;True
98405;6;12;6;True
98406;5;9;4;True
98407;3;9;6;True
98408;1;1;0;True
98409;4;9;5;True
98410;1;1;0;True
98411;0;0;0;True
98412;6;9;3;True
98413;5;8;3;True
98414;0;0;0;True
98415;6;12;6;True
98416;2;4;2;True
98417;7;12;5;True
98418;0;0;0;True
98419;7;12;5;True
98420;3;4;1;True
98421;1;1;0;True
98422;4;9;5;True
98423;3;6;3;True
98424;6;12;6;True
98425;1;1;0;True
98426;1;1;0;True
98427;4;9;5;True
98428;4;6;2;True
98429;5;16;11;True
98430;1;1;0;True
98431;0;0;0;True
98432;7;9;2;True
98433;2;4;2;True
98434;6;12;6;True
98435;0;0;0;True
98436;7;12;5;True
98437;3;6;3;True
98438;4;6;2;True
98439;4;9;5;True
98440;2;4;2;True
98441;2;2;0;True
98442;6;12;6;True
98443;8;16;8;True
98444;0;0;0;True
98445;7;12;5;True
98446;3;6;3;True
98447;3;4;1;True
98448;5;12;7;True
98449;4;6;2;True
98450;5;16;11;True
98451;2;4;2;True
98452;4;6;2;True
98453;9;16;7;True
98454;2;2;0;True
98455;0;0;0;True
98456;3;4;1;True
98457;4;6;2;True
98458;1;1;0;True
98459;9;16;7;True
98460;4;12;8;True
98461;5;12;7;True
98462;5;12;7;True
98463;4;6;2;True
98464;2;4;2;True
98465;1;1;0;True
98466;5;16;11;True
98467;7;16;9;True
98468;4;9;5;True
98469;2;2;0;True
98470;0;0;0;True
98471;5;12;7;True
98472;3;6;3;True
98473;3;4;1;True
98474;5;9;4;True
98475;7;16;9;True
98476;2;2;0;True
98477;4;6;2;True
98478;1;1;0;True
98479;6;16;10;True
98480;0;0;0;True
98481;2;4;2;True
98482;8;16;8;True
98483;8;16;8;True
98484;1;1;0;True
98485;2;2;0;True
98486;7;16;9;True
98487;5;12;7;True
98488;5;12;7;True
98489;0;0;0;True
98490;3;6;3;True
98491;7;16;9;True
98492;1;1;0;True
98493;4;9;5;True
98494;0;0;0;True
98495;2;4;2;True
98496;4;6;2;True
98497;5;8;3;True
98498;10;16;6;True
98499;6;12;6;True
98500;3;6;3;True
98501;9;16;7;True
98502;1;1;0;True
98503;1;1;0;True
98504;5;12;7;True
98505;3;6;3;True
98506;2;4;2;True
98507;1;1;0;True
98508;2;2;0;True
98509;5;16;11;True
98510;0;0;0;True
98511;3;6;3;True
98512;3;6;3;True
98513;2;4;2;True
98514;6;16;10;True
98515;5;9;4;True
98516;5;16;11;True
98517;3;4;1;True
98518;4;6;2;True
98519;6;12;6;True
98520;0;0;0;True
98521;4;12;8;True
98522;4;4;0;True
98523;1;1;0;True
98524;3;9;6;True
98525;3;6;3;True
98526;7;12;5;True
98527;4;9;5;True
98528;2;4;2;True
98529;2;4;2;True
98530;6;16;10;True
98531;4;12;8;True
98532;3;6;3;True
98533;1;1;0;True
98534;4;4;0;True
98535;6;9;3;True
98536;3;6;3;True
98537;3;4;1;True
98538;4;8;4;True
98539;5;6;1;True
98540;3;3;0;True
98541;4;9;5;True
98542;8;16;8;True
98543;1;1;0;True
98544;0;0;0;True
98545;2;2;0;True
98546;0;0;0;True
98547;3;6;3;True
98548;2;4;2;True
98549;4;6;2;True
98550;3;6;3;True
98551;2;2;0;True
98552;1;1;0;True
98553;2;2;0;True
98554;7;16;9;True
98555;4;9;5;True
98556;1;1;0;True
98557;1;1;0;True
98558;1;1;0;True
98559;3;6;3;True
98560;2;2;0;True
98561;6;12;6;True
98562;1;1;0;True
98563;3;6;3;True
98564;5;8;3;True
98565;3;6;3;True
98566;2;4;2;True
98567;7;16;9;True
98568;6;12;6;True
98569;4;16;12;True
98570;5;8;3;True
98571;3;6;3;True
98572;8;16;8;True
98573;4;9;5;True
98574;6;16;10;True
98575;0;0;0;True
98576;6;12;6;True
98577;6;9;3;True
98578;5;9;4;True
98579;0;0;0;True
98580;6;12;6;True
98581;6;12;6;True
98582;6;12;6;True
98583;2;4;2;True
98584;1;1;0;True
98585;5;9;4;True
98586;1;1;0;True
98587;2;2;0;True
98588;2;4;2;True
98589;4;9;5;True
98590;1;1;0;True
98591;3;3;0;True
98592;1;1;0;True
98593;3;3;0;True
98594;3;6;3;True
98595;2;4;2;True
98596;1;1;0;True
98597;5;9;4;True
98598;1;1;0;True
98599;2;4;2;True
98600;7;12;5;True
98601;5;12;7;True
98602;5;9;4;True
98603;3;6;3;True
98604;0;0;0;True
98605;3;6;3;True
98606;0;0;0;True
98607;2;4;2;True
98608;2;4;2;True
98609;1;1;0;True
98610;1;1;0;True
98611;3;4;1;True
98612;5;9;4;True
98613;1;1;0;True
98614;6;12;6;True
98615;7;16;9;True
98616;6;12;6;True
98617;2;2;0;True
98618;1;1;0;True
98619;8;16;8;True
98620;3;4;1;True
98621;6;9;3;True
98622;0;0;0;True
98623;2;4;2;True
98624;4;9;5;True
98625;4;9;5;True
98626;1;1;0;True
98627;5;9;4;True
98628;4;6;2;True
98629;2;4;2;True
98630;3;6;3;True
98631;5;8;3;True
98632;3;6;3;True
98633;7;16;9;True
98634;3;6;3;True
98635;4;4;0;True
98636;3;6;3;True
98637;2;2;0;True
98638;7;12;5;True
98639;7;12;5;True
98640;2;4;2;True
98641;7;12;5;True
98642;1;1;0;True
98643;4;9;5;True
98644;6;16;10;True
98645;2;2;0;True
98646;0;0;0;True
98647;4;12;8;True
98648;4;9;5;True
98649;2;2;0;True
98650;3;6;3;True
98651;8;16;8;True
98652;10;16;6;True
98653;4;6;2;True
98654;4;9;5;True
98655;7;16;9;True
98656;4;12;8;True
98657;3;6;3;True
98658;4;9;5;True
98659;0;0;0;True
98660;5;9;4;True
98661;3;9;6;True
98662;3;6;3;True
98663;5;16;11;True
98664;4;9;5;True
98665;4;9;5;True
98666;6;12;6;True
98667;1;1;0;True
98668;1;1;0;True
98669;4;6;2;True
98670;5;16;11;True
98671;0;0;0;True
98672;4;9;5;True
98673;2;4;2;True
98674;2;2;0;True
98675;2;2;0;True
98676;5;12;7;True
98677;11;16;5;True
98678;3;4;1;True
98679;3;6;3;True
98680;2;4;2;True
98681;2;2;0;True
98682;3;9;6;True
98683;1;1;0;True
98684;5;12;7;True
98685;2;2;0;True
98686;5;12;7;True
98687;1;1;0;True
98688;5;12;7;True
98689;4;9;5;True
98690;5;12;7;True
98691;10;16;6;True
98692;1;1;0;True
98693;3;6;3;True
98694;3;4;1;True
98695;6;9;3;True
98696;8;12;4;True
98697;4;8;4;True
98698;2;2;0;True
98699;2;2;0;True
98700;2;2;0;True
98701;4;9;5;True
98702;1;1;0;True
98703;4;9;5;True
98704;0;0;0;True
98705;1;1;0;True
98706;0;0;0;True
98707;4;9;5;True
98708;3;6;3;True
98709;6;12;6;True
98710;3;9;6;True
98711;6;16;10;True
98712;3;9;6;True
98713;0;0;0;True
98714;7;12;5;True
98715;2;2;0;True
98716;3;6;3;True
98717;5;9;4;True
98718;1;1;0;True
98719;1;1;0;True
98720;5;12;7;True
98721;2;2;0;True
98722;4;9;5;True
98723;3;4;1;True
98724;5;9;4;True
98725;2;4;2;True
98726;2;2;0;True
98727;2;2;0;True
98728;7;16;9;True
98729;3;6;3;True
98730;5;16;11;True
98731;1;1;0;True
98732;3;4;1;True
98733;4;12;8;True
98734;3;9;6;True
98735;4;6;2;True
98736;3;9;6;True
98737;1;1;0;True
98738;1;1;0;True
98739;0;0;0;True
98740;6;12;6;True
98741;1;1;0;True
98742;9;16;7;True
98743;9;16;7;True
98744;2;4;2;True
98745;6;16;10;True
98746;1;1;0;True
98747;1;1;0;True
98748;6;12;6;True
98749;2;4;2;True
98750;4;12;8;True
98751;6;12;6;True
98752;2;4;2;True
98753;6;12;6;True
98754;7;12;5;True
98755;3;6;3;True
98756;5;12;7;True
98757;2;2;0;True
98758;5;9;4;True
98759;7;12;5;True
98760;4;12;8;True
98761;10;16;6;True
98762;0;0;0;True
98763;1;1;0;True
98764;5;9;4;True
98765;8;16;8;True
98766;4;9;5;True
98767;6;12;6;True
98768;3;4;1;True
98769;0;0;0;True
98770;3;6;3;True
98771;4;6;2;True
98772;2;4;2;True
98773;5;9;4;True
98774;4;6;2;True
98775;4;6;2;True
98776;6;9;3;True
98777;0;0;0;True
98778;1;1;0;True
98779;3;6;3;True
98780;4;6;2;True
98781;9;12;3;True
98782;4;9;5;True
98783;3;6;3;True
98784;6;16;10;True
98785;4;9;5;True
98786;5;16;11;True
98787;5;9;4;True
98788;4;9;5;True
98789;2;4;2;True
98790;3;6;3;True
98791;4;8;4;True
98792;3;3;0;True
98793;3;4;1;True
98794;2;4;2;True
98795;5;12;7;True
98796;3;6;3;True
98797;2;2;0;True
98798;2;2;0;True
98799;1;1;0;True
98800;4;6;2;True
98801;7;16;9;True
98802;4;4;0;True
98803;3;3;0;True
98804;8;16;8;True
98805;5;12;7;True
98806;2;2;0;True
98807;2;4;2;True
98808;6;16;10;True
98809;4;6;2;True
98810;4;6;2;True
98811;4;9;5;True
98812;6;16;10;True
98813;7;16;9;True
98814;3;6;3;True
98815;1;1;0;True
98816;2;2;0;True
98817;3;6;3;True
98818;5;16;11;True
98819;1;1;0;True
98820;3;6;3;True
98821;4;6;2;True
98822;3;9;6;True
98823;5;9;4;True
98824;9;16;7;True
98825;4;6;2;True
98826;4;9;5;True
98827;6;16;10;True
98828;7;12;5;True
98829;1;1;0;True
98830;2;2;0;True
98831;4;9;5;True
98832;5;8;3;True
98833;3;6;3;True
98834;5;9;4;True
98835;4;9;5;True
98836;4;9;5;True
98837;2;4;2;True
98838;5;12;7;True
98839;3;6;3;True
98840;2;4;2;True
98841;5;12;7;True
98842;2;4;2;True
98843;1;1;0;True
98844;6;12;6;True
98845;3;6;3;True
98846;5;12;7;True
98847;4;12;8;True
98848;9;16;7;True
98849;5;16;11;True
98850;2;4;2;True
98851;6;12;6;True
98852;6;16;10;True
98853;9;16;7;True
98854;3;3;0;True
98855;1;1;0;True
98856;4;9;5;True
98857;2;2;0;True
98858;5;12;7;True
98859;4;6;2;True
98860;6;9;3;True
98861;1;1;0;True
98862;0;0;0;True
98863;7;16;9;True
98864;4;9;5;True
98865;5;12;7;True
98866;3;6;3;True
98867;3;6;3;True
98868;7;12;5;True
98869;3;9;6;True
98870;5;9;4;True
98871;6;8;2;True
98872;6;8;2;True
98873;9;16;7;True
98874;5;12;7;True
98875;4;6;2;True
98876;3;9;6;True
98877;9;16;7;True
98878;3;9;6;True
98879;2;2;0;True
98880;1;1;0;True
98881;3;4;1;True
98882;8;12;4;True
98883;1;1;0;True
98884;4;6;2;True
98885;3;3;0;True
98886;4;9;5;True
98887;10;16;6;True
98888;4;6;2;True
98889;4;9;5;True
98890;3;6;3;True
98891;6;16;10;True
98892;1;1;0;True
98893;5;12;7;True
98894;4;6;2;True
98895;1;1;0;True
98896;0;0;0;True
98897;9;16;7;True
98898;2;2;0;True
98899;3;4;1;True
98900;4;4;0;True
98901;5;12;7;True
98902;5;12;7;True
98903;0;0;0;True
98904;4;6;2;True
98905;4;9;5;True
98906;1;1;0;True
98907;8;16;8;True
98908;6;12;6;True
98909;9;16;7;True
98910;3;9;6;True
98911;3;4;1;True
98912;7;12;5;True
98913;3;6;3;True
98914;1;1;0;True
98915;8;12;4;True
98916;1;1;0;True
98917;5;12;7;True
98918;2;4;2;True
98919;4;12;8;True
98920;5;9;4;True
98921;4;9;5;True
98922;7;12;5;True
98923;4;12;8;True
98924;5;12;7;True
98925;5;12;7;True
98926;1;1;0;True
98927;3;6;3;True
98928;3;6;3;True
98929;8;16;8;True
98930;5;16;11;True
98931;1;1;0;True
98932;1;1;0;True
98933;2;4;2;True
98934;3;6;3;True
98935;7;16;9;True
98936;1;1;0;True
98937;1;1;0;True
98938;7;12;5;True
98939;2;2;0;True
98940;4;9;5;True
98941;2;4;2;True
98942;2;4;2;True
98943;3;6;3;True
98944;5;6;1;True
98945;6;12;6;True
98946;0;0;0;True
98947;1;1;0;True
98948;0;0;0;True
98949;5;9;4;True
98950;4;4;0;True
98951;3;4;1;True
98952;2;2;0;True
98953;4;6;2;True
98954;8;12;4;True
98955;5;12;7;True
98956;3;6;3;True
98957;6;12;6;True
98958;6;12;6;True
98959;4;6;2;True
98960;6;9;3;True
98961;5;12;7;True
98962;1;1;0;True
98963;2;4;2;True
98964;6;9;3;True
98965;2;2;0;True
98966;5;6;1;True
98967;2;4;2;True
98968;4;9;5;True
98969;4;8;4;True
98970;7;12;5;True
98971;7;12;5;True
98972;4;9;5;True
98973;7;16;9;True
98974;5;9;4;True
98975;2;4;2;True
98976;2;4;2;True
98977;1;1;0;True
98978;0;0;0;True
98979;6;16;10;True
98980;5;9;4;True
98981;4;6;2;True
98982;4;8;4;True
98983;5;12;7;True
98984;6;12;6;True
98985;6;12;6;True
98986;2;2;0;True
98987;0;0;0;True
98988;5;9;4;True
98989;6;12;6;True
98990;1;1;0;True
98991;5;6;1;True
98992;7;12;5;True
98993;3;4;1;True
98994;6;8;2;True
98995;2;2;0;True
98996;4;12;8;True
98997;2;2;0;True
98998;3;9;6;True
98999;6;9;3;True
99000;5;12;7;True
99001;3;6;3;True
99002;4;6;2;True
99003;3;4;1;True
99004;2;2;0;True
99005;5;9;4;True
99006;9;16;7;True
99007;4;9;5;True
99008;4;6;2;True
99009;1;1;0;True
99010;6;16;10;True
99011;4;9;5;True
99012;4;9;5;True
99013;1;1;0;True
99014;2;4;2;True
99015;4;6;2;True
99016;2;2;0;True
99017;5;12;7;True
99018;3;6;3;True
99019;8;16;8;True
99020;2;2;0;True
99021;6;9;3;True
99022;4;8;4;True
99023;4;6;2;True
99024;7;16;9;True
99025;1;1;0;True
99026;5;12;7;True
99027;5;9;4;True
99028;3;3;0;True
99029;8;16;8;True
99030;4;12;8;True
99031;6;12;6;True
99032;1;1;0;True
99033;5;9;4;True
99034;5;6;1;True
99035;2;4;2;True
99036;2;4;2;True
99037;3;4;1;True
99038;4;6;2;True
99039;2;4;2;True
99040;3;4;1;True
99041;3;6;3;True
99042;5;12;7;True
99043;4;12;8;True
99044;2;4;2;True
99045;2;4;2;True
99046;2;2;0;True
99047;2;4;2;True
99048;2;4;2;True
99049;2;2;0;True
99050;2;4;2;True
99051;7;12;5;True
99052;6;12;6;True
99053;3;6;3;True
99054;1;1;0;True
99055;2;2;0;True
99056;4;9;5;True
99057;9;16;7;True
99058;3;6;3;True
99059;1;1;0;True
99060;0;0;0;True
99061;4;6;2;True
99062;1;1;0;True
99063;4;9;5;True
99064;2;4;2;True
99065;5;9;4;True
99066;7;16;9;True
99067;10;16;6;True
99068;1;1;0;True
99069;2;4;2;True
99070;3;6;3;True
99071;3;6;3;True
99072;0;0;0;True
99073;6;12;6;True
99074;5;12;7;True
99075;4;9;5;True
99076;3;4;1;True
99077;5;9;4;True
99078;1;1;0;True
99079;2;4;2;True
99080;2;4;2;True
99081;3;6;3;True
99082;6;12;6;True
99083;9;16;7;True
99084;6;16;10;True
99085;6;12;6;True
99086;4;9;5;True
99087;4;6;2;True
99088;4;9;5;True
99089;6;9;3;True
99090;2;2;0;True
99091;6;16;10;True
99092;4;12;8;True
99093;3;6;3;True
99094;1;1;0;True
99095;1;1;0;True
99096;4;9;5;True
99097;7;16;9;True
99098;1;1;0;True
99099;1;1;0;True
99100;1;1;0;True
99101;0;0;0;True
99102;5;16;11;True
99103;7;16;9;True
99104;2;4;2;True
99105;2;2;0;True
99106;4;6;2;True
99107;4;9;5;True
99108;2;4;2;True
99109;8;16;8;True
99110;1;1;0;True
99111;2;2;0;True
99112;2;2;0;True
99113;2;2;0;True
99114;0;0;0;True
99115;1;1;0;True
99116;3;4;1;True
99117;2;4;2;True
99118;3;3;0;True
99119;2;4;2;True
99120;5;12;7;True
99121;5;9;4;True
99122;4;9;5;True
99123;3;6;3;True
99124;1;1;0;True
99125;1;1;0;True
99126;1;1;0;True
99127;6;12;6;True
99128;6;12;6;True
99129;2;2;0;True
99130;2;2;0;True
99131;4;6;2;True
99132;9;16;7;True
99133;5;8;3;True
99134;4;9;5;True
99135;4;6;2;True
99136;8;12;4;True
99137;7;12;5;True
99138;9;16;7;True
99139;8;16;8;True
99140;5;16;11;True
99141;1;1;0;True
99142;4;6;2;True
99143;0;0;0;True
99144;9;16;7;True
99145;5;9;4;True
99146;6;12;6;True
99147;0;0;0;True
99148;0;0;0;True
99149;2;4;2;True
99150;5;12;7;True
99151;2;4;2;True
99152;4;9;5;True
99153;5;9;4;True
99154;4;9;5;True
99155;2;4;2;True
99156;6;16;10;True
99157;8;16;8;True
99158;1;1;0;True
99159;2;4;2;True
99160;4;6;2;True
99161;1;1;0;True
99162;2;2;0;True
99163;4;9;5;True
99164;6;12;6;True
99165;6;16;10;True
99166;4;6;2;True
99167;0;0;0;True
99168;3;6;3;True
99169;3;9;6;True
99170;1;1;0;True
99171;3;6;3;True
99172;4;6;2;True
99173;3;6;3;True
99174;2;4;2;True
99175;5;12;7;True
99176;2;4;2;True
99177;2;4;2;True
99178;4;12;8;True
99179;3;6;3;True
99180;1;1;0;True
99181;2;4;2;True
99182;5;12;7;True
99183;2;4;2;True
99184;2;4;2;True
99185;8;12;4;True
99186;2;4;2;True
99187;2;4;2;True
99188;8;16;8;True
99189;3;6;3;True
99190;4;9;5;True
99191;4;9;5;True
99192;2;4;2;True
99193;5;6;1;True
99194;1;1;0;True
99195;1;1;0;True
99196;4;6;2;True
99197;3;6;3;True
99198;3;4;1;True
99199;4;12;8;True
99200;5;9;4;True
99201;4;9;5;True
99202;3;6;3;True
99203;2;2;0;True
99204;3;9;6;True
99205;4;9;5;True
99206;5;12;7;True
99207;2;4;2;True
99208;4;9;5;True
99209;7;12;5;True
99210;4;6;2;True
99211;3;4;1;True
99212;8;16;8;True
99213;2;4;2;True
99214;4;12;8;True
99215;3;9;6;True
99216;2;2;0;True
99217;1;1;0;True
99218;0;0;0;True
99219;3;9;6;True
99220;4;6;2;True
99221;3;6;3;True
99222;7;12;5;True
99223;5;12;7;True
99224;3;6;3;True
99225;0;0;0;True
99226;3;9;6;True
99227;5;16;11;True
99228;4;4;0;True
99229;7;12;5;True
99230;5;9;4;True
99231;9;16;7;True
99232;8;16;8;True
99233;3;4;1;True
99234;6;16;10;True
99235;6;12;6;True
99236;3;3;0;True
99237;0;0;0;True
99238;0;0;0;True
99239;5;9;4;True
99240;1;1;0;True
99241;1;1;0;True
99242;2;4;2;True
99243;2;4;2;True
99244;3;6;3;True
99245;0;0;0;True
99246;6;9;3;True
99247;1;1;0;True
99248;3;6;3;True
99249;6;12;6;True
99250;3;9;6;True
99251;5;12;7;True
99252;3;9;6;True
99253;3;9;6;True
99254;2;2;0;True
99255;6;12;6;True
99256;5;9;4;True
99257;4;9;5;True
99258;2;4;2;True
99259;6;12;6;True
99260;5;12;7;True
99261;4;9;5;True
99262;2;4;2;True
99263;5;12;7;True
99264;5;9;4;True
99265;4;4;0;True
99266;3;6;3;True
99267;6;12;6;True
99268;3;4;1;True
99269;6;12;6;True
99270;6;12;6;True
99271;5;12;7;True
99272;5;12;7;True
99273;4;6;2;True
99274;2;4;2;True
99275;5;9;4;True
99276;8;12;4;True
99277;9;12;3;True
99278;9;16;7;True
99279;4;9;5;True
99280;3;6;3;True
99281;5;8;3;True
99282;5;9;4;True
99283;4;6;2;True
99284;3;6;3;True
99285;4;6;2;True
99286;4;12;8;True
99287;4;8;4;True
99288;3;4;1;True
99289;10;16;6;True
99290;3;9;6;True
99291;3;6;3;True
99292;1;1;0;True
99293;0;0;0;True
99294;3;9;6;True
99295;3;6;3;True
99296;0;0;0;True
99297;9;16;7;True
99298;4;9;5;True
99299;2;2;0;True
99300;5;9;4;True
99301;2;2;0;True
99302;5;9;4;True
99303;2;2;0;True
99304;3;9;6;True
99305;4;6;2;True
99306;3;4;1;True
99307;0;0;0;True
99308;4;6;2;True
99309;4;9;5;True
99310;1;1;0;True
99311;4;12;8;True
99312;3;6;3;True
99313;8;16;8;True
99314;1;1;0;True
99315;9;16;7;True
99316;1;1;0;True
99317;4;9;5;True
99318;4;8;4;True
99319;2;2;0;True
99320;4;6;2;True
99321;3;6;3;True
99322;4;9;5;True
99323;4;6;2;True
99324;2;4;2;True
99325;2;4;2;True
99326;1;1;0;True
99327;5;9;4;True
99328;3;9;6;True
99329;4;9;5;True
99330;7;9;2;True
99331;4;8;4;True
99332;3;4;1;True
99333;4;12;8;True
99334;6;12;6;True
99335;1;1;0;True
99336;4;9;5;True
99337;0;0;0;True
99338;4;12;8;True
99339;2;4;2;True
99340;3;6;3;True
99341;4;6;2;True
99342;8;16;8;True
99343;8;16;8;True
99344;3;4;1;True
99345;4;9;5;True
99346;0;0;0;True
99347;7;12;5;True
99348;6;12;6;True
99349;5;16;11;True
99350;6;12;6;True
99351;3;4;1;True
99352;1;1;0;True
99353;1;1;0;True
99354;5;9;4;True
99355;4;12;8;True
99356;6;12;6;True
99357;8;12;4;True
99358;6;9;3;True
99359;2;4;2;True
99360;5;9;4;True
99361;1;1;0;True
99362;4;12;8;True
99363;1;1;0;True
99364;5;9;4;True
99365;3;9;6;True
99366;9;16;7;True
99367;5;6;1;True
99368;3;6;3;True
99369;5;9;4;True
99370;4;12;8;True
99371;4;9;5;True
99372;2;2;0;True
99373;4;6;2;True
99374;4;9;5;True
99375;2;2;0;True
99376;1;1;0;True
99377;5;9;4;True
99378;4;12;8;True
99379;2;2;0;True
99380;3;4;1;True
99381;2;4;2;True
99382;4;9;5;True
99383;3;6;3;True
99384;1;1;0;True
99385;5;12;7;True
99386;2;4;2;True
99387;2;4;2;True
99388;1;1;0;True
99389;4;6;2;True
99390;2;4;2;True
99391;1;1;0;True
99392;2;2;0;True
99393;1;1;0;True
99394;1;1;0;True
99395;6;16;10;True
99396;0;0;0;True
99397;7;12;5;True
99398;1;1;0;True
99399;4;9;5;True
99400;3;6;3;True
99401;6;12;6;True
99402;6;12;6;True
99403;3;6;3;True
99404;2;2;0;True
99405;0;0;0;True
99406;3;6;3;True
99407;7;12;5;True
99408;3;6;3;True
99409;7;12;5;True
99410;9;16;7;True
99411;3;6;3;True
99412;0;0;0;True
99413;1;1;0;True
99414;5;12;7;True
99415;3;9;6;True
99416;0;0;0;True
99417;6;16;10;True
99418;5;12;7;True
99419;5;9;4;True
99420;3;6;3;True
99421;1;1;0;True
99422;3;4;1;True
99423;0;0;0;True
99424;4;9;5;True
99425;3;6;3;True
99426;5;9;4;True
99427;4;8;4;True
99428;3;6;3;True
99429;5;9;4;True
99430;6;16;10;True
99431;2;4;2;True
99432;2;2;0;True
99433;2;4;2;True
99434;5;9;4;True
99435;3;6;3;True
99436;8;16;8;True
99437;3;9;6;True
99438;7;16;9;True
99439;4;12;8;True
99440;1;1;0;True
99441;4;6;2;True
99442;3;6;3;True
99443;2;2;0;True
99444;3;9;6;True
99445;4;6;2;True
99446;8;12;4;True
99447;6;16;10;True
99448;4;9;5;True
99449;4;9;5;True
99450;6;9;3;True
99451;6;16;10;True
99452;4;9;5;True
99453;4;16;12;True
99454;4;9;5;True
99455;7;16;9;True
99456;8;16;8;True
99457;3;6;3;True
99458;9;16;7;True
99459;1;1;0;True
99460;9;16;7;True
99461;4;6;2;True
99462;1;1;0;True
99463;1;1;0;True
99464;4;9;5;True
99465;2;4;2;True
99466;4;9;5;True
99467;9;16;7;True
99468;3;4;1;True
99469;6;12;6;True
99470;0;0;0;True
99471;4;6;2;True
99472;6;16;10;True
99473;5;12;7;True
99474;4;6;2;True
99475;5;12;7;True
99476;1;1;0;True
99477;5;9;4;True
99478;4;6;2;True
99479;8;12;4;True
99480;4;6;2;True
99481;4;6;2;True
99482;1;1;0;True
99483;2;4;2;True
99484;3;4;1;True
99485;5;12;7;True
99486;6;16;10;True
99487;3;6;3;True
99488;2;4;2;True
99489;2;2;0;True
99490;6;12;6;True
99491;3;6;3;True
99492;0;0;0;True
99493;4;6;2;True
99494;2;4;2;True
99495;3;6;3;True
99496;5;9;4;True
99497;3;6;3;True
99498;1;1;0;True
99499;2;4;2;True
99500;2;4;2;True
99501;3;6;3;True
99502;8;12;4;True
99503;2;2;0;True
99504;4;6;2;True
99505;3;6;3;True
99506;4;9;5;True
99507;8;16;8;True
99508;4;9;5;True
99509;3;6;3;True
99510;5;9;4;True
99511;4;8;4;True
99512;1;1;0;True
99513;2;4;2;True
99514;7;12;5;True
99515;1;1;0;True
99516;7;16;9;True
99517;3;6;3;True
99518;5;9;4;True
99519;2;4;2;True
99520;4;12;8;True
99521;3;6;3;True
99522;6;9;3;True
99523;4;6;2;True
99524;2;4;2;True
99525;3;6;3;True
99526;4;6;2;True
99527;4;8;4;True
99528;5;12;7;True
99529;6;12;6;True
99530;7;16;9;True
99531;3;6;3;True
99532;5;12;7;True
99533;3;6;3;True
99534;2;2;0;True
99535;0;0;0;True
99536;0;0;0;True
99537;2;2;0;True
99538;5;6;1;True
99539;4;6;2;True
99540;4;6;2;True
99541;1;1;0;True
99542;4;9;5;True
99543;10;12;2;True
99544;6;12;6;True
99545;2;2;0;True
99546;6;12;6;True
99547;1;1;0;True
99548;1;1;0;True
99549;3;4;1;True
99550;3;6;3;True
99551;7;16;9;True
99552;3;6;3;True
99553;4;9;5;True
99554;0;0;0;True
99555;9;16;7;True
99556;2;4;2;True
99557;5;6;1;True
99558;3;6;3;True
99559;6;12;6;True
99560;4;8;4;True
99561;4;6;2;True
99562;4;9;5;True
99563;7;12;5;True
99564;1;1;0;True
99565;3;9;6;True
99566;4;6;2;True
99567;2;2;0;True
99568;5;12;7;True
99569;5;16;11;True
99570;4;12;8;True
99571;2;4;2;True
99572;5;12;7;True
99573;3;6;3;True
99574;1;1;0;True
99575;2;2;0;True
99576;1;1;0;True
99577;5;16;11;True
99578;3;6;3;True
99579;4;9;5;True
99580;8;12;4;True
99581;4;6;2;True
99582;5;9;4;True
99583;5;12;7;True
99584;7;16;9;True
99585;3;4;1;True
99586;4;9;5;True
99587;2;4;2;True
99588;0;0;0;True
99589;6;12;6;True
99590;0;0;0;True
99591;9;12;3;True
99592;2;4;2;True
99593;5;12;7;True
99594;7;12;5;True
99595;2;4;2;True
99596;5;12;7;True
99597;0;0;0;True
99598;2;4;2;True
99599;1;1;0;True
99600;3;6;3;True
99601;5;9;4;True
99602;8;12;4;True
99603;5;16;11;True
99604;1;1;0;True
99605;3;6;3;True
99606;1;1;0;True
99607;1;1;0;True
99608;7;12;5;True
99609;4;8;4;True
99610;6;16;10;True
99611;6;12;6;True
99612;7;16;9;True
99613;2;4;2;True
99614;2;2;0;True
99615;1;1;0;True
99616;5;12;7;True
99617;3;6;3;True
99618;6;12;6;True
99619;6;16;10;True
99620;5;12;7;True
99621;2;2;0;True
99622;4;9;5;True
99623;3;4;1;True
99624;7;12;5;True
99625;3;4;1;True
99626;6;12;6;True
99627;0;0;0;True
99628;0;0;0;True
99629;0;0;0;True
99630;0;0;0;True
99631;5;9;4;True
99632;4;6;2;True
99633;2;4;2;True
99634;1;1;0;True
99635;4;6;2;True
99636;1;1;0;True
99637;1;1;0;True
99638;3;9;6;True
99639;1;1;0;True
99640;2;2;0;True
99641;3;6;3;True
99642;3;9;6;True
99643;3;6;3;True
99644;2;4;2;True
99645;3;6;3;True
99646;7;16;9;True
99647;3;6;3;True
99648;5;9;4;True
99649;4;12;8;True
99650;3;6;3;True
99651;3;6;3;True
99652;4;12;8;True
99653;3;6;3;True
99654;3;4;1;True
99655;4;6;2;True
99656;8;12;4;True
99657;0;0;0;True
99658;3;9;6;True
99659;0;0;0;True
99660;4;12;8;True
99661;4;12;8;True
99662;4;9;5;True
99663;1;1;0;True
99664;4;16;12;True
99665;4;12;8;True
99666;4;8;4;True
99667;2;2;0;True
99668;3;6;3;True
99669;2;2;0;True
99670;3;6;3;True
99671;4;9;5;True
99672;3;3;0;True
99673;3;4;1;True
99674;5;9;4;True
99675;8;16;8;True
99676;0;0;0;True
99677;4;6;2;True
99678;5;12;7;True
99679;2;4;2;True
99680;2;2;0;True
99681;0;0;0;True
99682;5;8;3;True
99683;1;1;0;True
99684;4;12;8;True
99685;1;1;0;True
99686;5;12;7;True
99687;7;16;9;True
99688;5;9;4;True
99689;2;4;2;True
99690;2;4;2;True
99691;0;0;0;True
99692;6;12;6;True
99693;6;12;6;True
99694;5;8;3;True
99695;4;8;4;True
99696;7;16;9;True
99697;3;6;3;True
99698;5;12;7;True
99699;1;1;0;True
99700;4;12;8;True
99701;6;12;6;True
99702;1;1;0;True
99703;7;12;5;True
99704;6;16;10;True
99705;3;6;3;True
99706;6;9;3;True
99707;0;0;0;True
99708;0;0;0;True
99709;3;6;3;True
99710;1;1;0;True
99711;3;4;1;True
99712;6;9;3;True
99713;6;12;6;True
99714;9;16;7;True
99715;2;2;0;True
99716;0;0;0;True
99717;3;4;1;True
99718;7;16;9;True
99719;5;9;4;True
99720;5;8;3;True
99721;5;6;1;True
99722;4;9;5;True
99723;7;16;9;True
99724;1;1;0;True
99725;8;16;8;True
99726;5;16;11;True
99727;5;6;1;True
99728;2;2;0;True
99729;4;8;4;True
99730;2;2;0;True
99731;6;12;6;True
99732;8;12;4;True
99733;1;1;0;True
99734;5;12;7;True
99735;7;16;9;True
99736;3;6;3;True
99737;4;9;5;True
99738;2;2;0;True
99739;4;9;5;True
99740;1;1;0;True
99741;3;9;6;True
99742;5;12;7;True
99743;4;6;2;True
99744;4;6;2;True
99745;1;1;0;True
99746;5;9;4;True
99747;3;9;6;True
99748;4;9;5;True
99749;2;4;2;True
99750;4;6;2;True
99751;1;1;0;True
99752;7;16;9;True
99753;2;4;2;True
99754;6;12;6;True
99755;3;4;1;True
99756;5;12;7;True
99757;3;6;3;True
99758;1;1;0;True
99759;1;1;0;True
99760;7;12;5;True
99761;4;9;5;True
99762;3;6;3;True
99763;3;9;6;True
99764;5;12;7;True
99765;4;6;2;True
99766;1;1;0;True
99767;3;6;3;True
99768;1;1;0;True
99769;2;4;2;True
99770;0;0;0;True
99771;2;2;0;True
99772;5;12;7;True
99773;4;9;5;True
99774;3;6;3;True
99775;7;16;9;True
99776;3;6;3;True
99777;6;16;10;True
99778;2;2;0;True
99779;4;12;8;True
99780;3;6;3;True
99781;4;6;2;True
99782;1;1;0;True
99783;9;16;7;True
99784;3;4;1;True
99785;12;16;4;True
99786;2;4;2;True
99787;3;4;1;True
99788;6;12;6;True
99789;0;0;0;True
99790;3;4;1;True
99791;4;6;2;True
99792;5;8;3;True
99793;3;3;0;True
99794;4;9;5;True
99795;3;6;3;True
99796;2;4;2;True
99797;3;6;3;True
99798;7;12;5;True
99799;5;8;3;True
99800;5;9;4;True
99801;4;9;5;True
99802;5;12;7;True
99803;3;6;3;True
99804;2;4;2;True
99805;6;16;10;True
99806;3;6;3;True
99807;8;16;8;True
99808;4;6;2;True
99809;2;2;0;True
99810;5;12;7;True
99811;8;16;8;True
99812;5;9;4;True
99813;3;9;6;True
99814;4;6;2;True
99815;2;4;2;True
99816;0;0;0;True
99817;0;0;0;True
99818;3;9;6;True
99819;4;9;5;True
99820;0;0;0;True
99821;5;8;3;True
99822;3;6;3;True
99823;2;2;0;True
99824;4;9;5;True
99825;5;12;7;True
99826;6;8;2;True
99827;6;16;10;True
99828;10;16;6;True
99829;6;12;6;True
99830;7;12;5;True
99831;6;9;3;True
99832;9;16;7;True
99833;1;1;0;True
99834;6;16;10;True
99835;4;6;2;True
99836;2;2;0;True
99837;3;6;3;True
99838;3;6;3;True
99839;3;3;0;True
99840;6;16;10;True
99841;4;6;2;True
99842;2;4;2;True
99843;7;12;5;True
99844;4;12;8;True
99845;6;9;3;True
99846;5;16;11;True
99847;0;0;0;True
99848;7;12;5;True
99849;6;12;6;True
99850;8;16;8;True
99851;4;6;2;True
99852;2;4;2;True
99853;3;6;3;True
99854;4;6;2;True
99855;6;16;10;True
99856;3;9;6;True
99857;4;6;2;True
99858;2;2;0;True
99859;6;12;6;True
99860;2;2;0;True
99861;4;9;5;True
99862;7;9;2;True
99863;8;16;8;True
99864;2;4;2;True
99865;5;9;4;True
99866;1;1;0;True
99867;2;4;2;True
99868;4;4;0;True
99869;3;4;1;True
99870;8;16;8;True
99871;3;6;3;True
99872;8;16;8;True
99873;10;16;6;True
99874;6;12;6;True
99875;0;0;0;True
99876;3;6;3;True
99877;0;0;0;True
99878;2;4;2;True
99879;1;1;0;True
99880;4;8;4;True
99881;6;16;10;True
99882;3;6;3;True
99883;6;12;6;True
99884;0;0;0;True
99885;3;4;1;True
99886;1;1;0;True
99887;3;4;1;True
99888;3;6;3;True
99889;7;16;9;True
99890;5;12;7;True
99891;3;6;3;True
99892;0;0;0;True
99893;5;9;4;True
99894;5;12;7;True
99895;5;12;7;True
99896;0;0;0;True
99897;1;1;0;True
99898;4;12;8;True
99899;7;12;5;True
99900;2;4;2;True
99901;6;12;6;True
99902;4;12;8;True
99903;3;9;6;True
99904;2;4;2;True
99905;2;2;0;True
99906;2;4;2;True
99907;4;6;2;True
99908;2;2;0;True
99909;3;6;3;True
99910;3;6;3;True
99911;0;0;0;True
99912;5;12;7;True
99913;5;9;4;True
99914;4;6;2;True
99915;4;6;2;True
99916;1;1;0;True
99917;3;6;3;True
99918;3;6;3;True
99919;2;2;0;True
99920;2;2;0;True
99921;6;12;6;True
99922;8;16;8;True
99923;7;16;9;True
99924;4;9;5;True
99925;0;0;0;True
99926;1;1;0;True
99927;5;9;4;True
99928;6;12;6;True
99929;2;4;2;True
99930;7;9;2;True
99931;8;16;8;True
99932;4;6;2;True
99933;2;4;2;True
99934;5;8;3;True
99935;2;4;2;True
99936;3;6;3;True
99937;0;0;0;True
99938;3;6;3;True
99939;7;16;9;True
99940;6;12;6;True
99941;2;4;2;True
99942;6;9;3;True
99943;3;9;6;True
99944;3;3;0;True
99945;3;4;1;True
99946;4;6;2;True
99947;5;12;7;True
99948;2;4;2;True
99949;2;4;2;True
99950;3;6;3;True
99951;1;1;0;True
99952;5;8;3;True
99953;2;4;2;True
99954;2;4;2;True
99955;3;9;6;True
99956;6;16;10;True
99957;0;0;0;True
99958;6;12;6;True
99959;1;1;0;True
99960;6;16;10;True
99961;1;1;0;True
99962;2;4;2;True
99963;3;9;6;True
99964;8;12;4;True
99965;1;1;0;True
99966;1;1;0;True
99967;0;0;0;True
99968;2;2;0;True
99969;2;4;2;True
99970;0;0;0;True
99971;7;16;9;True
99972;8;16;8;True
99973;5;12;7;True
99974;4;12;8;True
99975;5;12;7;True
99976;1;1;0;True
99977;3;6;3;True
99978;5;12;7;True
99979;4;8;4;True
99980;4;12;8;True
99981;4;12;8;True
99982;3;4;1;True
99983;3;6;3;True
99984;6;16;10;True
99985;2;4;2;True
99986;4;9;5;True
99987;3;4;1;True
99988;4;6;2;True
99989;0;0;0;True
99990;5;9;4;True
99991;1;1;0;True
99992;3;9;6;True
99993;6;16;10;True
99994;3;9;6;True
99995;3;6;3;True
99996;5;9;4;True
99997;9;16;7;True
99998;3;9;6;True
99999;7;16;9;True
