0;4;6;2;True
1;8;9;1;True
2;6;12;6;True
3;7;16;9;True
4;4;6;2;True
5;5;8;3;True
6;4;6;2;True
7;3;3;0;True
8;2;4;2;True
9;3;6;3;True
10;5;16;11;True
11;2;4;2;True
12;6;12;6;True
13;10;16;6;True
14;7;16;9;True
15;2;4;2;True
16;2;4;2;True
17;3;6;3;True
18;7;12;5;True
19;1;1;0;True
20;8;16;8;True
21;1;1;0;True
22;4;8;4;True
23;5;6;1;True
24;7;12;5;True
25;6;9;3;True
26;7;16;9;True
27;4;8;4;True
28;0;0;0;True
29;1;1;0;True
30;3;4;1;True
31;5;16;11;True
32;3;3;0;True
33;10;16;6;True
34;9;16;7;True
35;1;1;0;True
36;1;1;0;True
37;8;16;8;True
38;2;4;2;True
39;1;1;0;True
40;2;2;0;True
41;0;0;0;True
42;5;9;4;True
43;3;9;6;True
44;5;9;4;True
45;4;9;5;True
46;5;12;7;True
47;2;2;0;True
48;4;12;8;True
49;2;4;2;True
50;5;12;7;True
51;6;12;6;True
52;1;1;0;True
53;2;4;2;True
54;8;16;8;True
55;3;4;1;True
56;5;9;4;True
57;5;12;7;True
58;1;1;0;True
59;0;0;0;True
60;6;16;10;True
61;7;12;5;True
62;3;6;3;True
63;6;12;6;True
64;3;4;1;True
65;1;1;0;True
66;1;1;0;True
67;8;16;8;True
68;2;4;2;True
69;9;16;7;True
70;3;9;6;True
71;6;12;6;True
72;4;9;5;True
73;2;4;2;True
74;6;12;6;True
75;9;16;7;True
76;4;6;2;True
77;2;4;2;True
78;3;6;3;True
79;5;12;7;True
80;5;12;7;True
81;6;16;10;True
82;6;12;6;True
83;4;6;2;True
84;2;4;2;True
85;1;1;0;True
86;4;9;5;True
87;5;9;4;True
88;2;4;2;True
89;4;8;4;True
90;4;12;8;True
91;3;9;6;True
92;2;2;0;True
93;3;4;1;True
94;7;12;5;True
95;5;16;11;True
96;7;12;5;True
97;3;6;3;True
98;8;16;8;True
99;1;1;0;True
100;4;9;5;True
101;3;9;6;True
102;7;12;5;True
103;8;12;4;True
104;6;9;3;True
105;4;12;8;True
106;0;0;0;True
107;6;12;6;True
108;3;6;3;True
109;0;0;0;True
110;7;16;9;True
111;7;16;9;True
112;5;12;7;True
113;5;9;4;True
114;5;9;4;True
115;2;4;2;True
116;3;9;6;True
117;1;1;0;True
118;4;9;5;True
119;2;2;0;True
120;4;9;5;True
121;6;16;10;True
122;3;4;1;True
123;4;9;5;True
124;5;6;1;True
125;7;16;9;True
126;0;0;0;True
127;3;9;6;True
128;6;12;6;True
129;3;9;6;True
130;6;12;6;True
131;4;12;8;True
132;7;12;5;True
133;3;6;3;True
134;6;16;10;True
135;1;1;0;True
136;2;4;2;True
137;3;4;1;True
138;5;16;11;True
139;1;1;0;True
140;7;16;9;True
141;6;16;10;True
142;2;2;0;True
143;0;0;0;True
144;9;16;7;True
145;5;6;1;True
146;1;1;0;True
147;8;16;8;True
148;6;12;6;True
149;2;4;2;True
150;8;16;8;True
151;5;12;7;True
152;8;16;8;True
153;3;6;3;True
154;10;16;6;True
155;7;16;9;True
156;1;1;0;True
157;1;1;0;True
158;4;6;2;True
159;2;4;2;True
160;6;6;0;True
161;1;1;0;True
162;2;2;0;True
163;3;9;6;True
164;8;12;4;True
165;1;1;0;True
166;5;9;4;True
167;2;2;0;True
168;8;16;8;True
169;1;1;0;True
170;1;1;0;True
171;7;12;5;True
172;7;16;9;True
173;3;6;3;True
174;6;12;6;True
175;8;16;8;True
176;3;9;6;True
177;4;9;5;True
178;2;2;0;True
179;4;8;4;True
180;5;9;4;True
181;5;12;7;True
182;3;6;3;True
183;0;0;0;True
184;3;6;3;True
185;8;16;8;True
186;4;6;2;True
187;6;12;6;True
188;3;6;3;True
189;4;6;2;True
190;3;9;6;True
191;3;4;1;True
192;4;9;5;True
193;5;16;11;True
194;2;4;2;True
195;5;8;3;True
196;2;4;2;True
197;5;9;4;True
198;1;1;0;True
199;2;4;2;True
200;4;12;8;True
201;5;16;11;True
202;3;6;3;True
203;3;6;3;True
204;2;4;2;True
205;5;9;4;True
206;3;6;3;True
207;3;6;3;True
208;2;4;2;True
209;7;12;5;True
210;5;12;7;True
211;3;6;3;True
212;6;12;6;True
213;8;16;8;True
214;5;16;11;True
215;5;12;7;True
216;5;12;7;True
217;6;12;6;True
218;2;2;0;True
219;5;12;7;True
220;8;16;8;True
221;1;1;0;True
222;4;9;5;True
223;3;9;6;True
224;4;9;5;True
225;6;12;6;True
226;2;2;0;True
227;2;4;2;True
228;4;4;0;True
229;8;16;8;True
230;2;2;0;True
231;4;9;5;True
232;4;9;5;True
233;3;6;3;True
234;3;4;1;True
235;2;4;2;True
236;8;16;8;True
237;7;12;5;True
238;4;6;2;True
239;6;16;10;True
240;7;16;9;True
241;4;9;5;True
242;5;9;4;True
243;0;0;0;True
244;2;2;0;True
245;4;12;8;True
246;7;12;5;True
247;5;12;7;True
248;4;6;2;True
249;9;16;7;True
250;3;4;1;True
251;5;12;7;True
252;6;12;6;True
253;2;2;0;True
254;4;6;2;True
255;4;8;4;True
256;3;6;3;True
257;4;6;2;True
258;3;6;3;True
259;6;12;6;True
260;4;9;5;True
261;0;0;0;True
262;7;16;9;True
263;2;2;0;True
264;4;9;5;True
265;4;9;5;True
266;4;12;8;True
267;7;16;9;True
268;8;16;8;True
269;3;4;1;True
270;3;3;0;True
271;7;12;5;True
272;5;12;7;True
273;6;12;6;True
274;6;12;6;True
275;7;12;5;True
276;1;1;0;True
277;1;1;0;True
278;0;0;0;True
279;2;4;2;True
280;6;16;10;True
281;1;1;0;True
282;3;4;1;True
283;6;12;6;True
284;1;1;0;True
285;6;9;3;True
286;5;8;3;True
287;4;9;5;True
288;4;6;2;True
289;2;4;2;True
290;7;12;5;True
291;4;12;8;True
292;9;16;7;True
293;2;2;0;True
294;6;9;3;True
295;3;6;3;True
296;0;0;0;True
297;4;6;2;True
298;3;6;3;True
299;2;2;0;True
300;7;16;9;True
301;7;9;2;True
302;5;16;11;True
303;2;2;0;True
304;5;8;3;True
305;4;12;8;True
306;3;3;0;True
307;2;2;0;True
308;8;16;8;True
309;3;6;3;True
310;4;12;8;True
311;4;6;2;True
312;3;6;3;True
313;4;9;5;True
314;2;2;0;True
315;5;12;7;True
316;4;9;5;True
317;1;1;0;True
318;7;12;5;True
319;4;12;8;True
320;5;8;3;True
321;5;12;7;True
322;0;0;0;True
323;2;4;2;True
324;3;4;1;True
325;6;12;6;True
326;4;9;5;True
327;5;9;4;True
328;0;0;0;True
329;4;6;2;True
330;1;1;0;True
331;2;4;2;True
332;4;6;2;True
333;2;2;0;True
334;6;9;3;True
335;1;1;0;True
336;4;6;2;True
337;1;1;0;True
338;4;9;5;True
339;6;12;6;True
340;7;12;5;True
341;8;16;8;True
342;0;0;0;True
343;3;6;3;True
344;3;9;6;True
345;2;4;2;True
346;4;6;2;True
347;4;6;2;True
348;7;12;5;True
349;2;4;2;True
350;3;4;1;True
351;3;6;3;True
352;3;4;1;True
353;3;4;1;True
354;4;12;8;True
355;3;6;3;True
356;5;8;3;True
357;9;16;7;True
358;3;4;1;True
359;5;8;3;True
360;2;2;0;True
361;4;9;5;True
362;4;6;2;True
363;7;16;9;True
364;6;12;6;True
365;4;9;5;True
366;0;0;0;True
367;2;4;2;True
368;9;16;7;True
369;6;16;10;True
370;4;9;5;True
371;2;4;2;True
372;1;1;0;True
373;2;2;0;True
374;4;12;8;True
375;10;16;6;True
376;5;8;3;True
377;3;6;3;True
378;7;12;5;True
379;0;0;0;True
380;6;12;6;True
381;2;2;0;True
382;1;1;0;True
383;1;1;0;True
384;3;6;3;True
385;3;6;3;True
386;2;4;2;True
387;1;1;0;True
388;6;9;3;True
389;7;12;5;True
390;1;1;0;True
391;3;4;1;True
392;8;16;8;True
393;1;1;0;True
394;2;2;0;True
395;4;9;5;True
396;4;9;5;True
397;4;12;8;True
398;7;12;5;True
399;3;9;6;True
400;3;6;3;True
401;7;16;9;True
402;4;9;5;True
403;0;0;0;True
404;7;12;5;True
405;1;1;0;True
406;3;6;3;True
407;4;9;5;True
408;5;8;3;True
409;2;2;0;True
410;1;1;0;True
411;3;6;3;True
412;2;2;0;True
413;5;6;1;True
414;1;1;0;True
415;4;6;2;True
416;0;0;0;True
417;6;8;2;True
418;7;12;5;True
419;6;16;10;True
420;2;4;2;True
421;2;4;2;True
422;7;12;5;True
423;1;1;0;True
424;4;9;5;True
425;0;0;0;True
426;1;1;0;True
427;1;1;0;True
428;2;4;2;True
429;7;12;5;True
430;4;9;5;True
431;3;6;3;True
432;3;4;1;True
433;1;1;0;True
434;4;9;5;True
435;10;16;6;True
436;1;1;0;True
437;4;8;4;True
438;3;4;1;True
439;2;4;2;True
440;4;12;8;True
441;4;8;4;True
442;1;1;0;True
443;4;6;2;True
444;5;12;7;True
445;0;0;0;True
446;7;16;9;True
447;6;12;6;True
448;3;9;6;True
449;1;1;0;True
450;3;3;0;True
451;7;16;9;True
452;3;6;3;True
453;3;6;3;True
454;4;8;4;True
455;3;4;1;True
456;3;4;1;True
457;6;12;6;True
458;10;16;6;True
459;4;9;5;True
460;4;9;5;True
461;2;4;2;True
462;2;4;2;True
463;4;8;4;True
464;3;4;1;True
465;4;8;4;True
466;2;2;0;True
467;5;9;4;True
468;3;4;1;True
469;6;12;6;True
470;4;9;5;True
471;2;4;2;True
472;2;4;2;True
473;2;2;0;True
474;1;1;0;True
475;8;16;8;True
476;6;9;3;True
477;3;4;1;True
478;4;9;5;True
479;2;4;2;True
480;3;6;3;True
481;4;9;5;True
482;2;4;2;True
483;6;9;3;True
484;6;12;6;True
485;5;12;7;True
486;2;2;0;True
487;3;6;3;True
488;3;6;3;True
489;0;0;0;True
490;2;4;2;True
491;1;1;0;True
492;4;6;2;True
493;10;16;6;True
494;1;1;0;True
495;1;1;0;True
496;0;0;0;True
497;2;4;2;True
498;3;6;3;True
499;2;4;2;True
500;1;1;0;True
501;6;9;3;True
502;4;12;8;True
503;5;12;7;True
504;2;4;2;True
505;4;6;2;True
506;8;16;8;True
507;7;12;5;True
508;5;16;11;True
509;5;12;7;True
510;5;9;4;True
511;2;2;0;True
512;2;2;0;True
513;6;9;3;True
514;2;2;0;True
515;2;4;2;True
516;6;12;6;True
517;3;9;6;True
518;9;16;7;True
519;1;1;0;True
520;4;6;2;True
521;6;12;6;True
522;0;0;0;True
523;3;3;0;True
524;7;16;9;True
525;1;1;0;True
526;2;4;2;True
527;4;6;2;True
528;4;6;2;True
529;2;4;2;True
530;3;6;3;True
531;10;16;6;True
532;4;9;5;True
533;0;0;0;True
534;8;12;4;True
535;2;2;0;True
536;4;6;2;True
537;3;9;6;True
538;0;0;0;True
539;2;4;2;True
540;2;4;2;True
541;9;16;7;True
542;2;4;2;True
543;5;9;4;True
544;2;2;0;True
545;3;6;3;True
546;4;12;8;True
547;3;6;3;True
548;5;12;7;True
549;4;6;2;True
550;4;9;5;True
551;0;0;0;True
552;2;2;0;True
553;6;16;10;True
554;5;12;7;True
555;4;6;2;True
556;1;1;0;True
557;5;12;7;True
558;1;1;0;True
559;2;4;2;True
560;4;12;8;True
561;5;12;7;True
562;2;4;2;True
563;2;4;2;True
564;8;16;8;True
565;9;16;7;True
566;5;9;4;True
567;3;6;3;True
568;2;4;2;True
569;2;4;2;True
570;7;12;5;True
571;6;12;6;True
572;5;8;3;True
573;4;6;2;True
574;1;1;0;True
575;5;12;7;True
576;0;0;0;True
577;7;12;5;True
578;5;12;7;True
579;4;6;2;True
580;4;8;4;True
581;3;9;6;True
582;8;12;4;True
583;3;6;3;True
584;4;6;2;True
585;5;16;11;True
586;0;0;0;True
587;1;1;0;True
588;3;6;3;True
589;5;9;4;True
590;0;0;0;True
591;6;12;6;True
592;7;12;5;True
593;3;4;1;True
594;7;16;9;True
595;3;6;3;True
596;1;1;0;True
597;4;9;5;True
598;4;6;2;True
599;2;4;2;True
600;6;16;10;True
601;5;9;4;True
602;2;4;2;True
603;7;12;5;True
604;5;9;4;True
605;4;12;8;True
606;4;6;2;True
607;6;16;10;True
608;4;9;5;True
609;3;6;3;True
610;4;6;2;True
611;2;2;0;True
612;5;9;4;True
613;8;16;8;True
614;0;0;0;True
615;6;12;6;True
616;4;4;0;True
617;8;16;8;True
618;0;0;0;True
619;4;6;2;True
620;5;12;7;True
621;3;3;0;True
622;3;6;3;True
623;4;12;8;True
624;2;2;0;True
625;4;9;5;True
626;11;16;5;True
627;4;6;2;True
628;1;1;0;True
629;2;2;0;True
630;3;4;1;True
631;8;12;4;True
632;6;16;10;True
633;6;16;10;True
634;1;1;0;True
635;5;9;4;True
636;3;4;1;True
637;2;2;0;True
638;2;4;2;True
639;5;12;7;True
640;3;6;3;True
641;0;0;0;True
642;0;0;0;True
643;0;0;0;True
644;3;9;6;True
645;0;0;0;True
646;6;9;3;True
647;5;12;7;True
648;0;0;0;True
649;1;1;0;True
650;4;6;2;True
651;6;16;10;True
652;8;16;8;True
653;5;12;7;True
654;3;9;6;True
655;6;16;10;True
656;0;0;0;True
657;2;4;2;True
658;1;1;0;True
659;1;1;0;True
660;3;3;0;True
661;7;16;9;True
662;7;16;9;True
663;6;9;3;True
664;2;2;0;True
665;3;6;3;True
666;2;4;2;True
667;4;9;5;True
668;2;2;0;True
669;4;6;2;True
670;2;4;2;True
671;5;9;4;True
672;4;12;8;True
673;4;6;2;True
674;4;9;5;True
675;2;2;0;True
676;2;4;2;True
677;3;6;3;True
678;7;12;5;True
679;4;8;4;True
680;3;6;3;True
681;4;9;5;True
682;3;9;6;True
683;4;6;2;True
684;4;6;2;True
685;5;12;7;True
686;8;16;8;True
687;1;1;0;True
688;5;12;7;True
689;4;9;5;True
690;0;0;0;True
691;5;12;7;True
692;4;6;2;True
693;7;16;9;True
694;6;12;6;True
695;5;16;11;True
696;2;4;2;True
697;3;6;3;True
698;4;12;8;True
699;0;0;0;True
700;0;0;0;True
701;3;6;3;True
702;1;1;0;True
703;4;9;5;True
704;5;12;7;True
705;2;4;2;True
706;4;9;5;True
707;1;1;0;True
708;4;9;5;True
709;0;0;0;True
710;6;12;6;True
711;2;4;2;True
712;1;1;0;True
713;5;12;7;True
714;2;4;2;True
715;5;6;1;True
716;1;1;0;True
717;1;1;0;True
718;6;12;6;True
719;8;16;8;True
720;6;12;6;True
721;3;4;1;True
722;3;6;3;True
723;1;1;0;True
724;6;12;6;True
725;8;16;8;True
726;2;4;2;True
727;0;0;0;True
728;4;9;5;True
729;4;9;5;True
730;1;1;0;True
731;3;6;3;True
732;3;6;3;True
733;2;4;2;True
734;4;9;5;True
735;4;9;5;True
736;4;12;8;True
737;0;0;0;True
738;0;0;0;True
739;7;16;9;True
740;4;6;2;True
741;9;16;7;True
742;5;8;3;True
743;0;0;0;True
744;2;2;0;True
745;7;16;9;True
746;3;4;1;True
747;3;6;3;True
748;4;6;2;True
749;6;16;10;True
750;0;0;0;True
751;2;4;2;True
752;1;1;0;True
753;7;12;5;True
754;6;16;10;True
755;0;0;0;True
756;0;0;0;True
757;5;12;7;True
758;7;16;9;True
759;6;12;6;True
760;2;4;2;True
761;0;0;0;True
762;7;16;9;True
763;5;12;7;True
764;2;2;0;True
765;7;16;9;True
766;0;0;0;True
767;1;1;0;True
768;4;8;4;True
769;2;4;2;True
770;2;4;2;True
771;6;16;10;True
772;7;16;9;True
773;7;16;9;True
774;3;4;1;True
775;1;1;0;True
776;3;4;1;True
777;7;12;5;True
778;3;6;3;True
779;3;6;3;True
780;0;0;0;True
781;1;1;0;True
782;8;12;4;True
783;3;6;3;True
784;3;6;3;True
785;0;0;0;True
786;2;2;0;True
787;1;1;0;True
788;5;12;7;True
789;0;0;0;True
790;2;4;2;True
791;2;4;2;True
792;6;16;10;True
793;2;4;2;True
794;2;4;2;True
795;3;6;3;True
796;2;4;2;True
797;4;8;4;True
798;2;2;0;True
799;0;0;0;True
800;3;9;6;True
801;7;16;9;True
802;7;12;5;True
803;5;12;7;True
804;4;9;5;True
805;4;6;2;True
806;2;2;0;True
807;5;12;7;True
808;4;8;4;True
809;5;12;7;True
810;4;9;5;True
811;5;12;7;True
812;2;4;2;True
813;7;16;9;True
814;8;16;8;True
815;2;2;0;True
816;2;4;2;True
817;5;8;3;True
818;1;1;0;True
819;2;4;2;True
820;8;16;8;True
821;4;9;5;True
822;2;2;0;True
823;4;12;8;True
824;4;9;5;True
825;1;1;0;True
826;5;16;11;True
827;2;2;0;True
828;1;1;0;True
829;4;12;8;True
830;2;2;0;True
831;7;16;9;True
832;7;12;5;True
833;6;12;6;True
834;0;0;0;True
835;4;6;2;True
836;4;12;8;True
837;3;6;3;True
838;6;16;10;True
839;6;12;6;True
840;4;12;8;True
841;3;4;1;True
842;1;1;0;True
843;4;6;2;True
844;0;0;0;True
845;3;4;1;True
846;2;4;2;True
847;3;6;3;True
848;3;9;6;True
849;3;4;1;True
850;0;0;0;True
851;5;12;7;True
852;4;12;8;True
853;4;8;4;True
854;6;9;3;True
855;4;9;5;True
856;2;2;0;True
857;2;4;2;True
858;1;1;0;True
859;4;12;8;True
860;6;12;6;True
861;5;12;7;True
862;0;0;0;True
863;1;1;0;True
864;7;12;5;True
865;6;16;10;True
866;2;2;0;True
867;5;9;4;True
868;0;0;0;True
869;0;0;0;True
870;3;6;3;True
871;7;16;9;True
872;9;16;7;True
873;2;4;2;True
874;3;6;3;True
875;5;16;11;True
876;1;1;0;True
877;0;0;0;True
878;6;12;6;True
879;7;12;5;True
880;2;4;2;True
881;4;12;8;True
882;6;9;3;True
883;3;6;3;True
884;7;12;5;True
885;7;16;9;True
886;4;9;5;True
887;1;1;0;True
888;0;0;0;True
889;3;6;3;True
890;3;4;1;True
891;9;16;7;True
892;2;4;2;True
893;4;9;5;True
894;5;9;4;True
895;2;4;2;True
896;3;6;3;True
897;4;12;8;True
898;5;12;7;True
899;0;0;0;True
900;5;9;4;True
901;4;4;0;True
902;3;6;3;True
903;1;1;0;True
904;2;2;0;True
905;4;6;2;True
906;4;9;5;True
907;6;8;2;True
908;5;9;4;True
909;3;6;3;True
910;7;16;9;True
911;2;4;2;True
912;7;12;5;True
913;1;1;0;True
914;3;4;1;True
915;8;16;8;True
916;8;12;4;True
917;3;9;6;True
918;3;6;3;True
919;5;9;4;True
920;6;16;10;True
921;4;12;8;True
922;2;4;2;True
923;6;16;10;True
924;4;12;8;True
925;5;9;4;True
926;6;9;3;True
927;3;4;1;True
928;7;12;5;True
929;5;16;11;True
930;1;1;0;True
931;2;4;2;True
932;1;1;0;True
933;0;0;0;True
934;8;16;8;True
935;2;4;2;True
936;1;1;0;True
937;6;16;10;True
938;6;12;6;True
939;4;9;5;True
940;3;4;1;True
941;4;16;12;True
942;3;4;1;True
943;5;12;7;True
944;3;6;3;True
945;3;9;6;True
946;0;0;0;True
947;2;2;0;True
948;3;6;3;True
949;8;16;8;True
950;4;9;5;True
951;1;1;0;True
952;5;12;7;True
953;5;9;4;True
954;7;12;5;True
955;3;4;1;True
956;0;0;0;True
957;5;6;1;True
958;4;6;2;True
959;2;2;0;True
960;0;0;0;True
961;5;16;11;True
962;3;6;3;True
963;4;9;5;True
964;5;12;7;True
965;4;6;2;True
966;4;6;2;True
967;4;9;5;True
968;2;2;0;True
969;3;6;3;True
970;7;16;9;True
971;0;0;0;True
972;6;12;6;True
973;2;4;2;True
974;6;12;6;True
975;2;2;0;True
976;5;16;11;True
977;2;4;2;True
978;7;16;9;True
979;6;12;6;True
980;3;6;3;True
981;4;9;5;True
982;2;4;2;True
983;6;16;10;True
984;0;0;0;True
985;4;8;4;True
986;4;6;2;True
987;3;4;1;True
988;3;6;3;True
989;7;9;2;True
990;5;12;7;True
991;5;12;7;True
992;6;12;6;True
993;4;12;8;True
994;7;16;9;True
995;5;9;4;True
996;3;9;6;True
997;2;4;2;True
998;0;0;0;True
999;2;4;2;True
1000;3;9;6;True
1001;2;4;2;True
1002;1;1;0;True
1003;6;12;6;True
1004;4;9;5;True
1005;7;8;1;True
1006;0;0;0;True
1007;1;1;0;True
1008;0;0;0;True
1009;7;12;5;True
1010;4;9;5;True
1011;7;12;5;True
1012;1;1;0;True
1013;6;12;6;True
1014;4;9;5;True
1015;0;0;0;True
1016;6;16;10;True
1017;3;6;3;True
1018;5;9;4;True
1019;5;12;7;True
1020;4;9;5;True
1021;2;4;2;True
1022;1;1;0;True
1023;5;9;4;True
1024;3;6;3;True
1025;3;6;3;True
1026;8;16;8;True
1027;2;4;2;True
1028;3;9;6;True
1029;5;9;4;True
1030;1;1;0;True
1031;7;16;9;True
1032;4;6;2;True
1033;4;9;5;True
1034;2;4;2;True
1035;3;6;3;True
1036;5;9;4;True
1037;5;8;3;True
1038;1;1;0;True
1039;1;1;0;True
1040;4;9;5;True
1041;1;1;0;True
1042;4;9;5;True
1043;1;1;0;True
1044;2;4;2;True
1045;1;1;0;True
1046;6;12;6;True
1047;0;0;0;True
1048;7;12;5;True
1049;1;1;0;True
1050;3;6;3;True
1051;4;6;2;True
1052;1;1;0;True
1053;3;9;6;True
1054;5;16;11;True
1055;5;12;7;True
1056;6;12;6;True
1057;7;16;9;True
1058;1;1;0;True
1059;3;6;3;True
1060;7;16;9;True
1061;6;12;6;True
1062;2;4;2;True
1063;3;4;1;True
1064;4;9;5;True
1065;3;6;3;True
1066;7;12;5;True
1067;7;16;9;True
1068;4;6;2;True
1069;2;4;2;True
1070;1;1;0;True
1071;8;16;8;True
1072;1;1;0;True
1073;4;12;8;True
1074;5;12;7;True
1075;2;2;0;True
1076;6;9;3;True
1077;3;4;1;True
1078;6;9;3;True
1079;6;16;10;True
1080;4;12;8;True
1081;2;4;2;True
1082;7;16;9;True
1083;8;16;8;True
1084;3;6;3;True
1085;5;12;7;True
1086;2;2;0;True
1087;5;12;7;True
1088;2;4;2;True
1089;4;12;8;True
1090;3;4;1;True
1091;4;9;5;True
1092;2;4;2;True
1093;4;9;5;True
1094;3;6;3;True
1095;2;4;2;True
1096;3;6;3;True
1097;4;6;2;True
1098;3;6;3;True
1099;4;12;8;True
1100;5;9;4;True
1101;3;9;6;True
1102;6;12;6;True
1103;3;4;1;True
1104;5;8;3;True
1105;5;12;7;True
1106;2;2;0;True
1107;3;9;6;True
1108;4;8;4;True
1109;4;12;8;True
1110;5;12;7;True
1111;0;0;0;True
1112;6;16;10;True
1113;1;1;0;True
1114;4;12;8;True
1115;5;12;7;True
1116;4;9;5;True
1117;1;1;0;True
1118;4;6;2;True
1119;5;12;7;True
1120;3;6;3;True
1121;10;16;6;True
1122;0;0;0;True
1123;4;6;2;True
1124;5;8;3;True
1125;6;12;6;True
1126;3;4;1;True
1127;2;2;0;True
1128;2;4;2;True
1129;0;0;0;True
1130;5;12;7;True
1131;1;1;0;True
1132;5;12;7;True
1133;3;6;3;True
1134;7;9;2;True
1135;1;1;0;True
1136;7;16;9;True
1137;4;8;4;True
1138;5;12;7;True
1139;4;9;5;True
1140;2;4;2;True
1141;5;12;7;True
1142;4;9;5;True
1143;3;6;3;True
1144;5;9;4;True
1145;5;12;7;True
1146;5;12;7;True
1147;2;4;2;True
1148;4;6;2;True
1149;1;1;0;True
1150;2;2;0;True
1151;6;16;10;True
1152;2;4;2;True
1153;6;12;6;True
1154;1;1;0;True
1155;3;4;1;True
1156;6;8;2;True
1157;8;16;8;True
1158;2;2;0;True
1159;1;1;0;True
1160;6;12;6;True
1161;10;16;6;True
1162;7;16;9;True
1163;5;12;7;True
1164;2;2;0;True
1165;0;0;0;True
1166;6;16;10;True
1167;2;4;2;True
1168;4;6;2;True
1169;4;8;4;True
1170;4;12;8;True
1171;4;9;5;True
1172;5;9;4;True
1173;1;1;0;True
1174;4;6;2;True
1175;5;12;7;True
1176;1;1;0;True
1177;5;12;7;True
1178;6;9;3;True
1179;5;12;7;True
1180;2;2;0;True
1181;3;6;3;True
1182;2;4;2;True
1183;4;6;2;True
1184;4;6;2;True
1185;5;9;4;True
1186;3;6;3;True
1187;3;6;3;True
1188;5;12;7;True
1189;5;12;7;True
1190;2;4;2;True
1191;5;12;7;True
1192;3;4;1;True
1193;8;16;8;True
1194;7;9;2;True
1195;2;4;2;True
1196;6;16;10;True
1197;6;16;10;True
1198;0;0;0;True
1199;3;6;3;True
1200;4;9;5;True
1201;4;6;2;True
1202;5;9;4;True
1203;1;1;0;True
1204;1;1;0;True
1205;1;1;0;True
1206;4;8;4;True
1207;0;0;0;True
1208;5;12;7;True
1209;10;16;6;True
1210;3;4;1;True
1211;3;4;1;True
1212;5;12;7;True
1213;1;1;0;True
1214;3;4;1;True
1215;2;4;2;True
1216;4;8;4;True
1217;1;1;0;True
1218;7;12;5;True
1219;2;4;2;True
1220;2;2;0;True
1221;1;1;0;True
1222;4;9;5;True
1223;1;1;0;True
1224;6;12;6;True
1225;6;9;3;True
1226;4;6;2;True
1227;2;4;2;True
1228;1;1;0;True
1229;2;2;0;True
1230;0;0;0;True
1231;1;1;0;True
1232;6;12;6;True
1233;6;12;6;True
1234;6;9;3;True
1235;4;9;5;True
1236;4;6;2;True
1237;7;16;9;True
1238;7;12;5;True
1239;5;12;7;True
1240;4;6;2;True
1241;2;4;2;True
1242;1;1;0;True
1243;3;6;3;True
1244;3;6;3;True
1245;4;9;5;True
1246;0;0;0;True
1247;5;12;7;True
1248;3;9;6;True
1249;3;9;6;True
1250;2;4;2;True
1251;8;16;8;True
1252;6;9;3;True
1253;3;3;0;True
1254;6;9;3;True
1255;4;9;5;True
1256;1;1;0;True
1257;4;9;5;True
1258;2;4;2;True
1259;3;6;3;True
1260;4;9;5;True
1261;0;0;0;True
1262;1;1;0;True
1263;3;6;3;True
1264;3;6;3;True
1265;6;16;10;True
1266;6;16;10;True
1267;2;4;2;True
1268;4;9;5;True
1269;8;16;8;True
1270;6;12;6;True
1271;3;9;6;True
1272;3;6;3;True
1273;3;4;1;True
1274;2;4;2;True
1275;7;12;5;True
1276;5;16;11;True
1277;0;0;0;True
1278;6;12;6;True
1279;1;1;0;True
1280;4;12;8;True
1281;2;4;2;True
1282;5;12;7;True
1283;6;16;10;True
1284;3;6;3;True
1285;3;6;3;True
1286;4;6;2;True
1287;4;6;2;True
1288;4;9;5;True
1289;2;4;2;True
1290;3;3;0;True
1291;5;12;7;True
1292;4;6;2;True
1293;3;6;3;True
1294;1;1;0;True
1295;4;12;8;True
1296;6;12;6;True
1297;7;16;9;True
1298;2;4;2;True
1299;2;4;2;True
1300;7;16;9;True
1301;13;16;3;True
1302;3;6;3;True
1303;5;9;4;True
1304;6;9;3;True
1305;5;9;4;True
1306;3;3;0;True
1307;4;6;2;True
1308;3;6;3;True
1309;5;9;4;True
1310;2;2;0;True
1311;5;9;4;True
1312;3;6;3;True
1313;4;6;2;True
1314;5;12;7;True
1315;6;12;6;True
1316;4;6;2;True
1317;7;9;2;True
1318;8;16;8;True
1319;6;16;10;True
1320;1;1;0;True
1321;2;4;2;True
1322;2;4;2;True
1323;2;4;2;True
1324;7;12;5;True
1325;5;8;3;True
1326;2;2;0;True
1327;3;9;6;True
1328;3;6;3;True
1329;6;12;6;True
1330;4;4;0;True
1331;3;6;3;True
1332;1;1;0;True
1333;5;12;7;True
1334;5;9;4;True
1335;5;12;7;True
1336;4;16;12;True
1337;5;8;3;True
1338;6;16;10;True
1339;1;1;0;True
1340;3;6;3;True
1341;3;6;3;True
1342;2;2;0;True
1343;3;4;1;True
1344;3;3;0;True
1345;0;0;0;True
1346;5;9;4;True
1347;6;16;10;True
1348;3;6;3;True
1349;5;6;1;True
1350;7;9;2;True
1351;2;2;0;True
1352;2;4;2;True
1353;3;6;3;True
1354;1;1;0;True
1355;4;9;5;True
1356;3;6;3;True
1357;6;9;3;True
1358;4;9;5;True
1359;1;1;0;True
1360;3;3;0;True
1361;2;4;2;True
1362;7;12;5;True
1363;5;9;4;True
1364;0;0;0;True
1365;2;2;0;True
1366;8;16;8;True
1367;3;6;3;True
1368;0;0;0;True
1369;2;4;2;True
1370;1;1;0;True
1371;3;6;3;True
1372;7;16;9;True
1373;5;9;4;True
1374;1;1;0;True
1375;4;9;5;True
1376;3;6;3;True
1377;4;9;5;True
1378;5;12;7;True
1379;3;6;3;True
1380;9;16;7;True
1381;4;9;5;True
1382;2;2;0;True
1383;6;16;10;True
1384;5;16;11;True
1385;6;16;10;True
1386;3;4;1;True
1387;3;3;0;True
1388;2;4;2;True
1389;2;2;0;True
1390;0;0;0;True
1391;2;2;0;True
1392;2;4;2;True
1393;3;6;3;True
1394;5;9;4;True
1395;2;4;2;True
1396;4;4;0;True
1397;1;1;0;True
1398;4;12;8;True
1399;3;6;3;True
1400;6;12;6;True
1401;1;1;0;True
1402;4;6;2;True
1403;4;8;4;True
1404;0;0;0;True
1405;2;2;0;True
1406;1;1;0;True
1407;4;6;2;True
1408;4;9;5;True
1409;4;6;2;True
1410;6;16;10;True
1411;6;12;6;True
1412;6;9;3;True
1413;0;0;0;True
1414;7;12;5;True
1415;2;4;2;True
1416;3;9;6;True
1417;7;12;5;True
1418;4;12;8;True
1419;0;0;0;True
1420;3;6;3;True
1421;5;9;4;True
1422;10;16;6;True
1423;2;4;2;True
1424;3;4;1;True
1425;5;12;7;True
1426;4;8;4;True
1427;8;16;8;True
1428;4;6;2;True
1429;5;9;4;True
1430;4;9;5;True
1431;4;9;5;True
1432;4;6;2;True
1433;1;1;0;True
1434;2;4;2;True
1435;3;9;6;True
1436;5;9;4;True
1437;8;12;4;True
1438;2;2;0;True
1439;5;16;11;True
1440;4;12;8;True
1441;2;4;2;True
1442;4;9;5;True
1443;3;6;3;True
1444;4;6;2;True
1445;0;0;0;True
1446;5;8;3;True
1447;1;1;0;True
1448;2;4;2;True
1449;4;12;8;True
1450;3;6;3;True
1451;4;12;8;True
1452;1;1;0;True
1453;0;0;0;True
1454;7;16;9;True
1455;6;9;3;True
1456;4;12;8;True
1457;3;4;1;True
1458;2;4;2;True
1459;2;4;2;True
1460;3;6;3;True
1461;1;1;0;True
1462;1;1;0;True
1463;2;2;0;True
1464;8;16;8;True
1465;2;4;2;True
1466;5;12;7;True
1467;3;6;3;True
1468;4;9;5;True
1469;10;16;6;True
1470;4;9;5;True
1471;7;16;9;True
1472;3;6;3;True
1473;3;4;1;True
1474;6;16;10;True
1475;4;6;2;True
1476;4;9;5;True
1477;2;4;2;True
1478;4;8;4;True
1479;3;6;3;True
1480;1;1;0;True
1481;5;12;7;True
1482;4;6;2;True
1483;3;4;1;True
1484;6;12;6;True
1485;4;6;2;True
1486;1;1;0;True
1487;2;4;2;True
1488;3;4;1;True
1489;5;8;3;True
1490;4;6;2;True
1491;1;1;0;True
1492;6;12;6;True
1493;5;12;7;True
1494;3;9;6;True
1495;8;16;8;True
1496;5;9;4;True
1497;4;12;8;True
1498;4;9;5;True
1499;5;12;7;True
1500;2;4;2;True
1501;5;9;4;True
1502;6;16;10;True
1503;3;6;3;True
1504;7;12;5;True
1505;2;2;0;True
1506;6;16;10;True
1507;5;9;4;True
1508;7;16;9;True
1509;1;1;0;True
1510;1;1;0;True
1511;2;2;0;True
1512;3;4;1;True
1513;2;4;2;True
1514;2;4;2;True
1515;0;0;0;True
1516;6;16;10;True
1517;2;4;2;True
1518;5;9;4;True
1519;6;12;6;True
1520;0;0;0;True
1521;3;9;6;True
1522;7;12;5;True
1523;2;4;2;True
1524;5;8;3;True
1525;5;12;7;True
1526;4;8;4;True
1527;7;9;2;True
1528;5;12;7;True
1529;1;1;0;True
1530;1;1;0;True
1531;6;12;6;True
1532;8;12;4;True
1533;1;1;0;True
1534;5;9;4;True
1535;0;0;0;True
1536;3;6;3;True
1537;6;12;6;True
1538;2;2;0;True
1539;4;9;5;True
1540;4;9;5;True
1541;5;9;4;True
1542;2;4;2;True
1543;5;16;11;True
1544;0;0;0;True
1545;4;12;8;True
1546;1;1;0;True
1547;1;1;0;True
1548;2;4;2;True
1549;4;9;5;True
1550;1;1;0;True
1551;5;16;11;True
1552;4;9;5;True
1553;7;16;9;True
1554;6;9;3;True
1555;4;9;5;True
1556;2;2;0;True
1557;7;12;5;True
1558;2;4;2;True
1559;6;16;10;True
1560;5;6;1;True
1561;0;0;0;True
1562;3;6;3;True
1563;5;6;1;True
1564;2;4;2;True
1565;3;4;1;True
1566;4;9;5;True
1567;2;4;2;True
1568;1;1;0;True
1569;5;8;3;True
1570;6;12;6;True
1571;6;16;10;True
1572;1;1;0;True
1573;5;9;4;True
1574;5;8;3;True
1575;3;3;0;True
1576;9;12;3;True
1577;3;6;3;True
1578;2;2;0;True
1579;4;9;5;True
1580;6;12;6;True
1581;1;1;0;True
1582;3;6;3;True
1583;2;2;0;True
1584;6;12;6;True
1585;4;6;2;True
1586;2;4;2;True
1587;8;12;4;True
1588;5;12;7;True
1589;3;4;1;True
1590;3;6;3;True
1591;4;6;2;True
1592;2;2;0;True
1593;6;16;10;True
1594;2;4;2;True
1595;7;9;2;True
1596;9;16;7;True
1597;1;1;0;True
1598;0;0;0;True
1599;8;16;8;True
1600;2;4;2;True
1601;4;6;2;True
1602;3;6;3;True
1603;6;12;6;True
1604;2;4;2;True
1605;4;6;2;True
1606;3;6;3;True
1607;3;6;3;True
1608;2;4;2;True
1609;0;0;0;True
1610;6;12;6;True
1611;2;4;2;True
1612;4;6;2;True
1613;0;0;0;True
1614;6;12;6;True
1615;6;12;6;True
1616;6;16;10;True
1617;2;2;0;True
1618;8;12;4;True
1619;5;9;4;True
1620;3;9;6;True
1621;3;4;1;True
1622;0;0;0;True
1623;2;4;2;True
1624;7;12;5;True
1625;3;6;3;True
1626;4;12;8;True
1627;1;1;0;True
1628;6;16;10;True
1629;0;0;0;True
1630;5;9;4;True
1631;8;16;8;True
1632;1;1;0;True
1633;2;4;2;True
1634;2;4;2;True
1635;2;2;0;True
1636;2;4;2;True
1637;4;9;5;True
1638;2;4;2;True
1639;2;2;0;True
1640;5;8;3;True
1641;3;6;3;True
1642;5;16;11;True
1643;7;16;9;True
1644;2;2;0;True
1645;3;9;6;True
1646;7;16;9;True
1647;3;6;3;True
1648;2;4;2;True
1649;4;9;5;True
1650;2;4;2;True
1651;7;16;9;True
1652;2;4;2;True
1653;3;6;3;True
1654;4;9;5;True
1655;5;12;7;True
1656;3;6;3;True
1657;4;9;5;True
1658;3;4;1;True
1659;4;9;5;True
1660;1;1;0;True
1661;2;4;2;True
1662;2;4;2;True
1663;0;0;0;True
1664;6;12;6;True
1665;1;1;0;True
1666;1;1;0;True
1667;4;9;5;True
1668;7;12;5;True
1669;5;8;3;True
1670;5;16;11;True
1671;6;12;6;True
1672;1;1;0;True
1673;0;0;0;True
1674;5;12;7;True
1675;2;4;2;True
1676;3;4;1;True
1677;6;16;10;True
1678;4;9;5;True
1679;1;1;0;True
1680;4;12;8;True
1681;3;6;3;True
1682;5;12;7;True
1683;3;4;1;True
1684;2;4;2;True
1685;3;6;3;True
1686;4;6;2;True
1687;3;4;1;True
1688;1;1;0;True
1689;7;16;9;True
1690;3;6;3;True
1691;2;4;2;True
1692;4;9;5;True
1693;2;4;2;True
1694;6;12;6;True
1695;1;1;0;True
1696;9;16;7;True
1697;2;4;2;True
1698;2;4;2;True
1699;5;12;7;True
1700;5;12;7;True
1701;4;12;8;True
1702;3;4;1;True
1703;1;1;0;True
1704;3;6;3;True
1705;5;12;7;True
1706;2;2;0;True
1707;3;6;3;True
1708;4;6;2;True
1709;1;1;0;True
1710;3;4;1;True
1711;0;0;0;True
1712;5;12;7;True
1713;2;4;2;True
1714;1;1;0;True
1715;6;16;10;True
1716;2;2;0;True
1717;2;4;2;True
1718;5;6;1;True
1719;2;4;2;True
1720;7;16;9;True
1721;8;16;8;True
1722;6;16;10;True
1723;3;3;0;True
1724;2;4;2;True
1725;5;12;7;True
1726;5;16;11;True
1727;2;2;0;True
1728;9;16;7;True
1729;2;2;0;True
1730;1;1;0;True
1731;6;16;10;True
1732;4;8;4;True
1733;5;12;7;True
1734;4;9;5;True
1735;3;6;3;True
1736;2;2;0;True
1737;6;9;3;True
1738;2;2;0;True
1739;1;1;0;True
1740;3;9;6;True
1741;0;0;0;True
1742;4;6;2;True
1743;0;0;0;True
1744;4;6;2;True
1745;4;9;5;True
1746;1;1;0;True
1747;4;12;8;True
1748;3;4;1;True
1749;2;2;0;True
1750;1;1;0;True
1751;4;6;2;True
1752;4;9;5;True
1753;2;2;0;True
1754;6;12;6;True
1755;7;16;9;True
1756;3;4;1;True
1757;0;0;0;True
1758;3;6;3;True
1759;5;9;4;True
1760;3;6;3;True
1761;3;6;3;True
1762;3;6;3;True
1763;2;4;2;True
1764;9;16;7;True
1765;2;4;2;True
1766;3;6;3;True
1767;7;12;5;True
1768;0;0;0;True
1769;1;1;0;True
1770;6;12;6;True
1771;0;0;0;True
1772;8;16;8;True
1773;2;2;0;True
1774;3;4;1;True
1775;5;12;7;True
1776;7;9;2;True
1777;2;4;2;True
1778;5;12;7;True
1779;7;12;5;True
1780;3;4;1;True
1781;5;12;7;True
1782;2;2;0;True
1783;3;6;3;True
1784;8;16;8;True
1785;1;1;0;True
1786;6;12;6;True
1787;2;2;0;True
1788;1;1;0;True
1789;5;9;4;True
1790;5;12;7;True
1791;2;4;2;True
1792;1;1;0;True
1793;2;4;2;True
1794;5;9;4;True
1795;10;16;6;True
1796;8;16;8;True
1797;2;2;0;True
1798;2;2;0;True
1799;3;4;1;True
1800;5;9;4;True
1801;3;9;6;True
1802;4;9;5;True
1803;4;8;4;True
1804;2;4;2;True
1805;5;12;7;True
1806;2;4;2;True
1807;3;9;6;True
1808;5;9;4;True
1809;7;16;9;True
1810;7;12;5;True
1811;6;9;3;True
1812;3;3;0;True
1813;4;9;5;True
1814;4;6;2;True
1815;1;1;0;True
1816;0;0;0;True
1817;1;1;0;True
1818;7;9;2;True
1819;1;1;0;True
1820;7;12;5;True
1821;6;9;3;True
1822;2;2;0;True
1823;7;16;9;True
1824;5;9;4;True
1825;2;2;0;True
1826;6;16;10;True
1827;4;12;8;True
1828;4;9;5;True
1829;5;12;7;True
1830;4;6;2;True
1831;2;2;0;True
1832;6;9;3;True
1833;3;6;3;True
1834;3;4;1;True
1835;0;0;0;True
1836;11;16;5;True
1837;7;12;5;True
1838;6;12;6;True
1839;5;9;4;True
1840;5;8;3;True
1841;5;12;7;True
1842;0;0;0;True
1843;5;9;4;True
1844;2;2;0;True
1845;7;12;5;True
1846;4;6;2;True
1847;4;9;5;True
1848;4;9;5;True
1849;3;6;3;True
1850;6;12;6;True
1851;1;1;0;True
1852;2;4;2;True
1853;4;9;5;True
1854;4;9;5;True
1855;5;12;7;True
1856;4;12;8;True
1857;5;16;11;True
1858;4;6;2;True
1859;2;2;0;True
1860;7;16;9;True
1861;3;3;0;True
1862;4;9;5;True
1863;4;6;2;True
1864;5;16;11;True
1865;5;12;7;True
1866;3;4;1;True
1867;2;2;0;True
1868;4;9;5;True
1869;1;1;0;True
1870;3;4;1;True
1871;6;12;6;True
1872;6;9;3;True
1873;10;16;6;True
1874;6;9;3;True
1875;5;16;11;True
1876;5;12;7;True
1877;2;4;2;True
1878;0;0;0;True
1879;4;6;2;True
1880;3;4;1;True
1881;5;6;1;True
1882;3;9;6;True
1883;7;16;9;True
1884;4;6;2;True
1885;2;4;2;True
1886;2;2;0;True
1887;1;1;0;True
1888;3;6;3;True
1889;4;6;2;True
1890;6;16;10;True
1891;1;1;0;True
1892;2;4;2;True
1893;3;9;6;True
1894;5;9;4;True
1895;6;12;6;True
1896;2;4;2;True
1897;3;4;1;True
1898;2;4;2;True
1899;6;12;6;True
1900;3;4;1;True
1901;3;6;3;True
1902;1;1;0;True
1903;1;1;0;True
1904;4;9;5;True
1905;4;9;5;True
1906;8;16;8;True
1907;5;16;11;True
1908;3;9;6;True
1909;1;1;0;True
1910;0;0;0;True
1911;2;2;0;True
1912;1;1;0;True
1913;5;9;4;True
1914;4;8;4;True
1915;4;12;8;True
1916;2;4;2;True
1917;2;4;2;True
1918;2;2;0;True
1919;2;4;2;True
1920;3;9;6;True
1921;5;12;7;True
1922;11;16;5;True
1923;5;12;7;True
1924;2;2;0;True
1925;0;0;0;True
1926;2;4;2;True
1927;5;16;11;True
1928;5;9;4;True
1929;3;4;1;True
1930;5;8;3;True
1931;9;12;3;True
1932;5;9;4;True
1933;5;9;4;True
1934;1;1;0;True
1935;1;1;0;True
1936;3;4;1;True
1937;7;16;9;True
1938;5;12;7;True
1939;3;6;3;True
1940;3;3;0;True
1941;2;2;0;True
1942;5;16;11;True
1943;5;12;7;True
1944;5;16;11;True
1945;3;6;3;True
1946;1;1;0;True
1947;5;9;4;True
1948;7;12;5;True
1949;3;6;3;True
1950;3;3;0;True
1951;2;2;0;True
1952;2;4;2;True
1953;4;6;2;True
1954;5;9;4;True
1955;3;4;1;True
1956;4;6;2;True
1957;5;9;4;True
1958;5;9;4;True
1959;6;16;10;True
1960;1;1;0;True
1961;3;9;6;True
1962;6;12;6;True
1963;2;4;2;True
1964;4;12;8;True
1965;9;16;7;True
1966;2;4;2;True
1967;5;8;3;True
1968;2;4;2;True
1969;6;16;10;True
1970;5;12;7;True
1971;3;6;3;True
1972;2;4;2;True
1973;3;6;3;True
1974;3;4;1;True
1975;4;9;5;True
1976;5;16;11;True
1977;8;16;8;True
1978;7;16;9;True
1979;4;8;4;True
1980;3;6;3;True
1981;3;4;1;True
1982;6;12;6;True
1983;4;6;2;True
1984;3;4;1;True
1985;1;1;0;True
1986;2;4;2;True
1987;2;4;2;True
1988;7;12;5;True
1989;1;1;0;True
1990;4;9;5;True
1991;5;9;4;True
1992;3;4;1;True
1993;1;1;0;True
1994;8;16;8;True
1995;6;9;3;True
1996;1;1;0;True
1997;2;2;0;True
1998;5;16;11;True
1999;6;12;6;True
2000;0;0;0;True
2001;0;0;0;True
2002;6;16;10;True
2003;6;16;10;True
2004;7;16;9;True
2005;2;4;2;True
2006;1;1;0;True
2007;4;12;8;True
2008;0;0;0;True
2009;8;16;8;True
2010;3;3;0;True
2011;3;6;3;True
2012;6;16;10;True
2013;5;16;11;True
2014;2;2;0;True
2015;7;12;5;True
2016;5;9;4;True
2017;4;6;2;True
2018;4;9;5;True
2019;1;1;0;True
2020;1;1;0;True
2021;4;12;8;True
2022;9;12;3;True
2023;6;12;6;True
2024;6;12;6;True
2025;2;2;0;True
2026;1;1;0;True
2027;5;9;4;True
2028;1;1;0;True
2029;1;1;0;True
2030;3;4;1;True
2031;6;12;6;True
2032;1;1;0;True
2033;3;9;6;True
2034;5;12;7;True
2035;4;9;5;True
2036;0;0;0;True
2037;8;12;4;True
2038;4;6;2;True
2039;5;12;7;True
2040;0;0;0;True
2041;1;1;0;True
2042;2;4;2;True
2043;2;4;2;True
2044;8;12;4;True
2045;6;12;6;True
2046;0;0;0;True
2047;0;0;0;True
2048;1;1;0;True
2049;2;2;0;True
2050;3;4;1;True
2051;2;2;0;True
2052;5;9;4;True
2053;3;6;3;True
2054;0;0;0;True
2055;6;12;6;True
2056;5;12;7;True
2057;8;16;8;True
2058;3;6;3;True
2059;0;0;0;True
2060;3;6;3;True
2061;5;9;4;True
2062;2;2;0;True
2063;0;0;0;True
2064;5;12;7;True
2065;7;12;5;True
2066;5;12;7;True
2067;5;6;1;True
2068;1;1;0;True
2069;5;9;4;True
2070;3;9;6;True
2071;2;4;2;True
2072;6;12;6;True
2073;5;16;11;True
2074;5;8;3;True
2075;7;12;5;True
2076;3;9;6;True
2077;3;6;3;True
2078;3;4;1;True
2079;4;12;8;True
2080;2;4;2;True
2081;3;4;1;True
2082;1;1;0;True
2083;6;16;10;True
2084;7;12;5;True
2085;2;2;0;True
2086;3;4;1;True
2087;2;4;2;True
2088;2;4;2;True
2089;5;12;7;True
2090;9;12;3;True
2091;4;8;4;True
2092;1;1;0;True
2093;4;9;5;True
2094;7;12;5;True
2095;1;1;0;True
2096;5;9;4;True
2097;1;1;0;True
2098;3;6;3;True
2099;6;12;6;True
2100;3;3;0;True
2101;2;2;0;True
2102;7;16;9;True
2103;4;9;5;True
2104;10;16;6;True
2105;2;2;0;True
2106;6;9;3;True
2107;0;0;0;True
2108;2;2;0;True
2109;3;4;1;True
2110;6;12;6;True
2111;6;12;6;True
2112;2;4;2;True
2113;4;12;8;True
2114;6;16;10;True
2115;4;8;4;True
2116;5;9;4;True
2117;4;6;2;True
2118;6;12;6;True
2119;2;4;2;True
2120;5;9;4;True
2121;4;12;8;True
2122;5;6;1;True
2123;1;1;0;True
2124;5;12;7;True
2125;2;4;2;True
2126;4;9;5;True
2127;3;6;3;True
2128;0;0;0;True
2129;4;9;5;True
2130;6;12;6;True
2131;6;8;2;True
2132;3;4;1;True
2133;4;12;8;True
2134;5;16;11;True
2135;5;6;1;True
2136;5;12;7;True
2137;3;3;0;True
2138;1;1;0;True
2139;4;9;5;True
2140;3;4;1;True
2141;4;12;8;True
2142;6;12;6;True
2143;7;12;5;True
2144;2;4;2;True
2145;5;8;3;True
2146;4;6;2;True
2147;2;4;2;True
2148;3;4;1;True
2149;3;6;3;True
2150;0;0;0;True
2151;4;6;2;True
2152;7;16;9;True
2153;4;6;2;True
2154;3;9;6;True
2155;6;12;6;True
2156;1;1;0;True
2157;4;6;2;True
2158;4;8;4;True
2159;2;4;2;True
2160;6;16;10;True
2161;2;4;2;True
2162;4;9;5;True
2163;3;4;1;True
2164;1;1;0;True
2165;7;16;9;True
2166;3;9;6;True
2167;2;4;2;True
2168;3;6;3;True
2169;5;8;3;True
2170;2;4;2;True
2171;3;6;3;True
2172;1;1;0;True
2173;4;8;4;True
2174;5;9;4;True
2175;2;2;0;True
2176;2;2;0;True
2177;5;9;4;True
2178;3;6;3;True
2179;6;12;6;True
2180;2;4;2;True
2181;4;4;0;True
2182;1;1;0;True
2183;3;9;6;True
2184;8;16;8;True
2185;3;4;1;True
2186;6;12;6;True
2187;3;9;6;True
2188;3;6;3;True
2189;2;2;0;True
2190;6;12;6;True
2191;3;9;6;True
2192;1;1;0;True
2193;4;9;5;True
2194;4;16;12;True
2195;6;12;6;True
2196;4;6;2;True
2197;2;2;0;True
2198;1;1;0;True
2199;4;9;5;True
2200;6;12;6;True
2201;2;2;0;True
2202;3;6;3;True
2203;3;4;1;True
2204;2;2;0;True
2205;4;9;5;True
2206;0;0;0;True
2207;2;4;2;True
2208;6;16;10;True
2209;3;9;6;True
2210;1;1;0;True
2211;3;9;6;True
2212;3;6;3;True
2213;2;4;2;True
2214;4;9;5;True
2215;2;2;0;True
2216;4;12;8;True
2217;4;6;2;True
2218;7;9;2;True
2219;3;9;6;True
2220;0;0;0;True
2221;0;0;0;True
2222;6;16;10;True
2223;2;4;2;True
2224;3;6;3;True
2225;3;4;1;True
2226;4;9;5;True
2227;1;1;0;True
2228;7;16;9;True
2229;1;1;0;True
2230;3;6;3;True
2231;2;4;2;True
2232;1;1;0;True
2233;0;0;0;True
2234;1;1;0;True
2235;3;6;3;True
2236;11;16;5;True
2237;6;12;6;True
2238;8;12;4;True
2239;8;16;8;True
2240;1;1;0;True
2241;2;4;2;True
2242;1;1;0;True
2243;7;16;9;True
2244;2;2;0;True
2245;1;1;0;True
2246;6;12;6;True
2247;5;9;4;True
2248;0;0;0;True
2249;4;9;5;True
2250;5;9;4;True
2251;6;12;6;True
2252;3;9;6;True
2253;6;12;6;True
2254;0;0;0;True
2255;5;12;7;True
2256;2;4;2;True
2257;2;4;2;True
2258;5;12;7;True
2259;2;2;0;True
2260;0;0;0;True
2261;6;12;6;True
2262;3;9;6;True
2263;2;2;0;True
2264;8;12;4;True
2265;1;1;0;True
2266;2;2;0;True
2267;6;16;10;True
2268;2;2;0;True
2269;8;16;8;True
2270;2;4;2;True
2271;3;6;3;True
2272;3;6;3;True
2273;5;12;7;True
2274;1;1;0;True
2275;1;1;0;True
2276;2;4;2;True
2277;1;1;0;True
2278;2;4;2;True
2279;0;0;0;True
2280;4;9;5;True
2281;3;6;3;True
2282;7;9;2;True
2283;3;4;1;True
2284;6;16;10;True
2285;0;0;0;True
2286;7;16;9;True
2287;5;12;7;True
2288;3;4;1;True
2289;2;4;2;True
2290;4;9;5;True
2291;4;6;2;True
2292;1;1;0;True
2293;3;6;3;True
2294;9;16;7;True
2295;3;6;3;True
2296;3;9;6;True
2297;2;4;2;True
2298;0;0;0;True
2299;9;16;7;True
2300;3;6;3;True
2301;2;4;2;True
2302;4;9;5;True
2303;1;1;0;True
2304;4;6;2;True
2305;2;2;0;True
2306;5;12;7;True
2307;3;3;0;True
2308;1;1;0;True
2309;10;16;6;True
2310;4;6;2;True
2311;2;4;2;True
2312;7;12;5;True
2313;2;2;0;True
2314;2;2;0;True
2315;2;4;2;True
2316;6;9;3;True
2317;2;4;2;True
2318;3;6;3;True
2319;4;9;5;True
2320;4;9;5;True
2321;0;0;0;True
2322;5;9;4;True
2323;5;12;7;True
2324;4;9;5;True
2325;3;6;3;True
2326;8;16;8;True
2327;3;6;3;True
2328;0;0;0;True
2329;3;6;3;True
2330;2;2;0;True
2331;2;2;0;True
2332;0;0;0;True
2333;2;4;2;True
2334;5;16;11;True
2335;7;12;5;True
2336;1;1;0;True
2337;2;4;2;True
2338;5;12;7;True
2339;6;12;6;True
2340;2;4;2;True
2341;6;12;6;True
2342;5;12;7;True
2343;9;16;7;True
2344;8;16;8;True
2345;3;4;1;True
2346;3;9;6;True
2347;3;6;3;True
2348;7;8;1;True
2349;4;9;5;True
2350;5;9;4;True
2351;3;6;3;True
2352;5;12;7;True
2353;0;0;0;True
2354;8;16;8;True
2355;5;9;4;True
2356;8;12;4;True
2357;6;12;6;True
2358;5;12;7;True
2359;3;6;3;True
2360;1;1;0;True
2361;4;9;5;True
2362;3;9;6;True
2363;2;4;2;True
2364;7;16;9;True
2365;6;16;10;True
2366;4;6;2;True
2367;9;16;7;True
2368;4;6;2;True
2369;3;6;3;True
2370;3;6;3;True
2371;6;12;6;True
2372;7;12;5;True
2373;1;1;0;True
2374;4;6;2;True
2375;2;2;0;True
2376;8;16;8;True
2377;3;9;6;True
2378;0;0;0;True
2379;6;12;6;True
2380;2;2;0;True
2381;7;12;5;True
2382;2;4;2;True
2383;4;8;4;True
2384;7;12;5;True
2385;5;12;7;True
2386;6;12;6;True
2387;2;2;0;True
2388;2;4;2;True
2389;4;9;5;True
2390;10;16;6;True
2391;3;6;3;True
2392;4;9;5;True
2393;4;9;5;True
2394;2;4;2;True
2395;4;9;5;True
2396;8;12;4;True
2397;4;12;8;True
2398;9;16;7;True
2399;1;1;0;True
2400;2;4;2;True
2401;4;9;5;True
2402;4;9;5;True
2403;1;1;0;True
2404;1;1;0;True
2405;6;9;3;True
2406;3;4;1;True
2407;2;4;2;True
2408;3;6;3;True
2409;4;6;2;True
2410;4;6;2;True
2411;2;4;2;True
2412;2;2;0;True
2413;7;16;9;True
2414;10;12;2;True
2415;1;1;0;True
2416;0;0;0;True
2417;1;1;0;True
2418;4;6;2;True
2419;2;4;2;True
2420;3;4;1;True
2421;3;6;3;True
2422;2;2;0;True
2423;0;0;0;True
2424;1;1;0;True
2425;6;12;6;True
2426;1;1;0;True
2427;7;12;5;True
2428;3;6;3;True
2429;4;9;5;True
2430;8;12;4;True
2431;0;0;0;True
2432;5;16;11;True
2433;4;12;8;True
2434;6;16;10;True
2435;1;1;0;True
2436;1;1;0;True
2437;0;0;0;True
2438;3;9;6;True
2439;0;0;0;True
2440;6;12;6;True
2441;6;12;6;True
2442;6;16;10;True
2443;2;4;2;True
2444;0;0;0;True
2445;3;4;1;True
2446;2;4;2;True
2447;5;6;1;True
2448;0;0;0;True
2449;5;12;7;True
2450;1;1;0;True
2451;9;12;3;True
2452;7;12;5;True
2453;6;6;0;True
2454;1;1;0;True
2455;4;9;5;True
2456;1;1;0;True
2457;7;9;2;True
2458;4;6;2;True
2459;4;12;8;True
2460;2;4;2;True
2461;8;16;8;True
2462;5;8;3;True
2463;4;6;2;True
2464;1;1;0;True
2465;1;1;0;True
2466;3;6;3;True
2467;5;12;7;True
2468;5;8;3;True
2469;7;12;5;True
2470;3;4;1;True
2471;4;6;2;True
2472;2;2;0;True
2473;4;6;2;True
2474;2;2;0;True
2475;2;2;0;True
2476;8;16;8;True
2477;1;1;0;True
2478;4;9;5;True
2479;5;9;4;True
2480;5;12;7;True
2481;3;9;6;True
2482;1;1;0;True
2483;5;12;7;True
2484;1;1;0;True
2485;5;12;7;True
2486;8;12;4;True
2487;4;6;2;True
2488;2;4;2;True
2489;1;1;0;True
2490;3;4;1;True
2491;6;12;6;True
2492;4;12;8;True
2493;3;9;6;True
2494;4;9;5;True
2495;3;4;1;True
2496;1;1;0;True
2497;2;4;2;True
2498;3;4;1;True
2499;5;12;7;True
2500;6;12;6;True
2501;5;16;11;True
2502;1;1;0;True
2503;2;4;2;True
2504;1;1;0;True
2505;7;12;5;True
2506;4;6;2;True
2507;0;0;0;True
2508;2;4;2;True
2509;2;2;0;True
2510;5;12;7;True
2511;7;12;5;True
2512;5;9;4;True
2513;2;4;2;True
2514;4;4;0;True
2515;5;9;4;True
2516;4;9;5;True
2517;9;16;7;True
2518;6;12;6;True
2519;7;12;5;True
2520;5;12;7;True
2521;2;2;0;True
2522;0;0;0;True
2523;4;9;5;True
2524;3;9;6;True
2525;2;4;2;True
2526;4;9;5;True
2527;4;9;5;True
2528;2;4;2;True
2529;3;9;6;True
2530;4;6;2;True
2531;1;1;0;True
2532;2;2;0;True
2533;1;1;0;True
2534;2;2;0;True
2535;1;1;0;True
2536;2;2;0;True
2537;2;4;2;True
2538;2;2;0;True
2539;1;1;0;True
2540;2;2;0;True
2541;2;2;0;True
2542;5;12;7;True
2543;5;12;7;True
2544;1;1;0;True
2545;6;12;6;True
2546;5;12;7;True
2547;5;12;7;True
2548;1;1;0;True
2549;6;16;10;True
2550;2;4;2;True
2551;1;1;0;True
2552;4;8;4;True
2553;5;9;4;True
2554;2;4;2;True
2555;7;16;9;True
2556;5;9;4;True
2557;4;6;2;True
2558;5;8;3;True
2559;5;16;11;True
2560;5;12;7;True
2561;3;6;3;True
2562;2;4;2;True
2563;3;9;6;True
2564;3;9;6;True
2565;3;4;1;True
2566;3;6;3;True
2567;3;6;3;True
2568;0;0;0;True
2569;2;2;0;True
2570;1;1;0;True
2571;5;9;4;True
2572;5;9;4;True
2573;4;6;2;True
2574;6;16;10;True
2575;3;6;3;True
2576;6;9;3;True
2577;1;1;0;True
2578;3;6;3;True
2579;1;1;0;True
2580;4;12;8;True
2581;2;2;0;True
2582;8;16;8;True
2583;2;4;2;True
2584;2;4;2;True
2585;4;9;5;True
2586;2;2;0;True
2587;4;6;2;True
2588;3;9;6;True
2589;4;9;5;True
2590;6;12;6;True
2591;4;6;2;True
2592;6;9;3;True
2593;2;4;2;True
2594;2;2;0;True
2595;5;16;11;True
2596;5;12;7;True
2597;2;2;0;True
2598;4;9;5;True
2599;4;12;8;True
2600;4;8;4;True
2601;5;16;11;True
2602;6;16;10;True
2603;1;1;0;True
2604;5;8;3;True
2605;5;8;3;True
2606;4;9;5;True
2607;4;9;5;True
2608;3;6;3;True
2609;0;0;0;True
2610;0;0;0;True
2611;1;1;0;True
2612;1;1;0;True
2613;3;4;1;True
2614;0;0;0;True
2615;2;4;2;True
2616;6;12;6;True
2617;4;9;5;True
2618;3;6;3;True
2619;2;4;2;True
2620;2;2;0;True
2621;3;6;3;True
2622;5;9;4;True
2623;5;8;3;True
2624;3;6;3;True
2625;2;4;2;True
2626;3;3;0;True
2627;2;2;0;True
2628;4;12;8;True
2629;6;16;10;True
2630;2;4;2;True
2631;3;6;3;True
2632;2;2;0;True
2633;4;6;2;True
2634;5;9;4;True
2635;6;12;6;True
2636;4;9;5;True
2637;2;2;0;True
2638;3;6;3;True
2639;4;6;2;True
2640;3;6;3;True
2641;4;6;2;True
2642;2;2;0;True
2643;1;1;0;True
2644;5;12;7;True
2645;4;12;8;True
2646;2;4;2;True
2647;7;12;5;True
2648;2;2;0;True
2649;9;16;7;True
2650;6;12;6;True
2651;1;1;0;True
2652;4;9;5;True
2653;1;1;0;True
2654;1;1;0;True
2655;3;4;1;True
2656;6;6;0;True
2657;5;9;4;True
2658;4;9;5;True
2659;1;1;0;True
2660;4;6;2;True
2661;0;0;0;True
2662;5;12;7;True
2663;2;4;2;True
2664;4;6;2;True
2665;0;0;0;True
2666;4;9;5;True
2667;7;12;5;True
2668;7;16;9;True
2669;2;4;2;True
2670;3;4;1;True
2671;3;4;1;True
2672;3;3;0;True
2673;5;8;3;True
2674;1;1;0;True
2675;5;9;4;True
2676;2;2;0;True
2677;3;6;3;True
2678;2;4;2;True
2679;6;12;6;True
2680;6;8;2;True
2681;1;1;0;True
2682;6;16;10;True
2683;1;1;0;True
2684;3;9;6;True
2685;5;16;11;True
2686;5;8;3;True
2687;5;9;4;True
2688;3;6;3;True
2689;2;4;2;True
2690;10;16;6;True
2691;6;12;6;True
2692;3;4;1;True
2693;7;16;9;True
2694;2;4;2;True
2695;7;16;9;True
2696;2;2;0;True
2697;5;12;7;True
2698;0;0;0;True
2699;2;2;0;True
2700;3;6;3;True
2701;2;4;2;True
2702;0;0;0;True
2703;2;4;2;True
2704;7;16;9;True
2705;2;2;0;True
2706;7;16;9;True
2707;0;0;0;True
2708;1;1;0;True
2709;2;2;0;True
2710;6;8;2;True
2711;2;2;0;True
2712;7;12;5;True
2713;4;9;5;True
2714;6;12;6;True
2715;1;1;0;True
2716;8;16;8;True
2717;3;4;1;True
2718;4;6;2;True
2719;6;16;10;True
2720;5;9;4;True
2721;5;16;11;True
2722;1;1;0;True
2723;4;9;5;True
2724;7;12;5;True
2725;1;1;0;True
2726;3;4;1;True
2727;2;2;0;True
2728;5;12;7;True
2729;5;12;7;True
2730;6;9;3;True
2731;0;0;0;True
2732;0;0;0;True
2733;1;1;0;True
2734;4;8;4;True
2735;5;12;7;True
2736;1;1;0;True
2737;5;12;7;True
2738;4;9;5;True
2739;4;6;2;True
2740;2;4;2;True
2741;1;1;0;True
2742;2;4;2;True
2743;3;6;3;True
2744;10;16;6;True
2745;6;9;3;True
2746;6;9;3;True
2747;4;8;4;True
2748;4;8;4;True
2749;8;12;4;True
2750;1;1;0;True
2751;3;6;3;True
2752;7;16;9;True
2753;8;12;4;True
2754;9;16;7;True
2755;4;9;5;True
2756;2;2;0;True
2757;3;6;3;True
2758;6;9;3;True
2759;2;4;2;True
2760;4;9;5;True
2761;3;9;6;True
2762;6;16;10;True
2763;3;9;6;True
2764;5;9;4;True
2765;7;16;9;True
2766;0;0;0;True
2767;7;12;5;True
2768;6;16;10;True
2769;4;6;2;True
2770;6;12;6;True
2771;4;9;5;True
2772;3;6;3;True
2773;2;4;2;True
2774;3;4;1;True
2775;6;16;10;True
2776;4;9;5;True
2777;2;2;0;True
2778;3;4;1;True
2779;4;6;2;True
2780;2;4;2;True
2781;6;12;6;True
2782;2;2;0;True
2783;1;1;0;True
2784;1;1;0;True
2785;6;9;3;True
2786;6;12;6;True
2787;1;1;0;True
2788;1;1;0;True
2789;7;12;5;True
2790;3;4;1;True
2791;6;16;10;True
2792;8;16;8;True
2793;3;6;3;True
2794;1;1;0;True
2795;2;4;2;True
2796;6;9;3;True
2797;1;1;0;True
2798;3;9;6;True
2799;3;9;6;True
2800;4;6;2;True
2801;3;4;1;True
2802;3;6;3;True
2803;6;12;6;True
2804;4;9;5;True
2805;6;12;6;True
2806;2;2;0;True
2807;8;16;8;True
2808;3;6;3;True
2809;7;16;9;True
2810;2;2;0;True
2811;2;4;2;True
2812;3;6;3;True
2813;6;9;3;True
2814;3;9;6;True
2815;5;9;4;True
2816;1;1;0;True
2817;3;6;3;True
2818;3;4;1;True
2819;1;1;0;True
2820;4;9;5;True
2821;0;0;0;True
2822;8;12;4;True
2823;6;12;6;True
2824;0;0;0;True
2825;0;0;0;True
2826;0;0;0;True
2827;6;16;10;True
2828;7;16;9;True
2829;0;0;0;True
2830;0;0;0;True
2831;3;9;6;True
2832;2;4;2;True
2833;6;16;10;True
2834;3;6;3;True
2835;4;6;2;True
2836;11;16;5;True
2837;4;9;5;True
2838;5;9;4;True
2839;5;9;4;True
2840;6;16;10;True
2841;10;16;6;True
2842;0;0;0;True
2843;4;12;8;True
2844;2;4;2;True
2845;3;6;3;True
2846;2;4;2;True
2847;4;6;2;True
2848;1;1;0;True
2849;6;12;6;True
2850;3;4;1;True
2851;5;9;4;True
2852;6;12;6;True
2853;1;1;0;True
2854;1;1;0;True
2855;6;12;6;True
2856;5;9;4;True
2857;5;8;3;True
2858;7;12;5;True
2859;2;4;2;True
2860;2;2;0;True
2861;2;4;2;True
2862;2;4;2;True
2863;6;12;6;True
2864;1;1;0;True
2865;6;12;6;True
2866;1;1;0;True
2867;5;8;3;True
2868;3;6;3;True
2869;2;2;0;True
2870;2;4;2;True
2871;0;0;0;True
2872;5;12;7;True
2873;2;2;0;True
2874;3;3;0;True
2875;2;2;0;True
2876;1;1;0;True
2877;2;4;2;True
2878;3;6;3;True
2879;9;12;3;True
2880;1;1;0;True
2881;6;9;3;True
2882;7;16;9;True
2883;1;1;0;True
2884;4;12;8;True
2885;1;1;0;True
2886;5;9;4;True
2887;5;12;7;True
2888;3;6;3;True
2889;3;4;1;True
2890;5;12;7;True
2891;2;4;2;True
2892;1;1;0;True
2893;4;6;2;True
2894;7;16;9;True
2895;0;0;0;True
2896;2;2;0;True
2897;7;12;5;True
2898;5;8;3;True
2899;3;6;3;True
2900;4;6;2;True
2901;4;6;2;True
2902;7;16;9;True
2903;5;12;7;True
2904;9;16;7;True
2905;4;9;5;True
2906;8;16;8;True
2907;4;9;5;True
2908;1;1;0;True
2909;2;4;2;True
2910;3;6;3;True
2911;4;9;5;True
2912;6;16;10;True
2913;0;0;0;True
2914;1;1;0;True
2915;3;6;3;True
2916;1;1;0;True
2917;6;12;6;True
2918;7;12;5;True
2919;7;16;9;True
2920;4;12;8;True
2921;8;12;4;True
2922;6;12;6;True
2923;4;9;5;True
2924;8;12;4;True
2925;6;12;6;True
2926;2;2;0;True
2927;3;9;6;True
2928;1;1;0;True
2929;7;12;5;True
2930;3;4;1;True
2931;1;1;0;True
2932;3;3;0;True
2933;11;16;5;True
2934;9;16;7;True
2935;3;6;3;True
2936;10;16;6;True
2937;4;9;5;True
2938;2;2;0;True
2939;6;12;6;True
2940;3;9;6;True
2941;1;1;0;True
2942;0;0;0;True
2943;2;2;0;True
2944;2;2;0;True
2945;7;16;9;True
2946;4;8;4;True
2947;3;9;6;True
2948;0;0;0;True
2949;5;9;4;True
2950;1;1;0;True
2951;2;2;0;True
2952;2;4;2;True
2953;7;16;9;True
2954;4;12;8;True
2955;2;4;2;True
2956;2;4;2;True
2957;0;0;0;True
2958;0;0;0;True
2959;2;2;0;True
2960;5;9;4;True
2961;9;16;7;True
2962;0;0;0;True
2963;0;0;0;True
2964;4;9;5;True
2965;3;6;3;True
2966;3;4;1;True
2967;3;6;3;True
2968;2;4;2;True
2969;2;4;2;True
2970;9;16;7;True
2971;0;0;0;True
2972;1;1;0;True
2973;11;16;5;True
2974;1;1;0;True
2975;2;4;2;True
2976;4;8;4;True
2977;2;4;2;True
2978;1;1;0;True
2979;5;8;3;True
2980;10;16;6;True
2981;2;2;0;True
2982;4;9;5;True
2983;3;3;0;True
2984;4;6;2;True
2985;8;16;8;True
2986;2;4;2;True
2987;1;1;0;True
2988;5;8;3;True
2989;4;12;8;True
2990;3;6;3;True
2991;3;4;1;True
2992;2;2;0;True
2993;6;16;10;True
2994;7;12;5;True
2995;3;6;3;True
2996;5;9;4;True
2997;4;9;5;True
2998;4;6;2;True
2999;5;9;4;True
3000;1;1;0;True
3001;2;4;2;True
3002;2;4;2;True
3003;1;1;0;True
3004;4;9;5;True
3005;6;12;6;True
3006;3;6;3;True
3007;4;12;8;True
3008;2;2;0;True
3009;6;12;6;True
3010;4;12;8;True
3011;8;16;8;True
3012;2;4;2;True
3013;4;12;8;True
3014;3;6;3;True
3015;4;6;2;True
3016;6;12;6;True
3017;2;4;2;True
3018;6;9;3;True
3019;7;12;5;True
3020;1;1;0;True
3021;1;1;0;True
3022;0;0;0;True
3023;5;12;7;True
3024;4;6;2;True
3025;4;9;5;True
3026;1;1;0;True
3027;0;0;0;True
3028;4;6;2;True
3029;5;9;4;True
3030;5;12;7;True
3031;4;12;8;True
3032;6;12;6;True
3033;3;6;3;True
3034;3;4;1;True
3035;3;6;3;True
3036;0;0;0;True
3037;6;12;6;True
3038;3;4;1;True
3039;2;4;2;True
3040;7;16;9;True
3041;4;9;5;True
3042;3;6;3;True
3043;3;6;3;True
3044;5;9;4;True
3045;2;2;0;True
3046;5;6;1;True
3047;8;16;8;True
3048;0;0;0;True
3049;4;6;2;True
3050;5;16;11;True
3051;6;9;3;True
3052;1;1;0;True
3053;0;0;0;True
3054;3;4;1;True
3055;5;9;4;True
3056;5;9;4;True
3057;1;1;0;True
3058;4;8;4;True
3059;4;12;8;True
3060;3;9;6;True
3061;2;2;0;True
3062;6;16;10;True
3063;9;16;7;True
3064;6;12;6;True
3065;5;6;1;True
3066;1;1;0;True
3067;4;12;8;True
3068;2;2;0;True
3069;1;1;0;True
3070;6;16;10;True
3071;3;4;1;True
3072;6;12;6;True
3073;5;8;3;True
3074;7;12;5;True
3075;4;4;0;True
3076;6;9;3;True
3077;1;1;0;True
3078;3;6;3;True
3079;2;2;0;True
3080;2;4;2;True
3081;3;4;1;True
3082;5;9;4;True
3083;2;4;2;True
3084;1;1;0;True
3085;5;12;7;True
3086;3;4;1;True
3087;5;12;7;True
3088;2;4;2;True
3089;8;16;8;True
3090;7;16;9;True
3091;7;12;5;True
3092;3;4;1;True
3093;2;4;2;True
3094;2;2;0;True
3095;0;0;0;True
3096;0;0;0;True
3097;7;16;9;True
3098;6;16;10;True
3099;6;16;10;True
3100;3;6;3;True
3101;4;9;5;True
3102;4;12;8;True
3103;3;6;3;True
3104;5;8;3;True
3105;5;8;3;True
3106;3;6;3;True
3107;3;4;1;True
3108;4;9;5;True
3109;3;4;1;True
3110;0;0;0;True
3111;3;4;1;True
3112;7;16;9;True
3113;5;12;7;True
3114;0;0;0;True
3115;0;0;0;True
3116;4;12;8;True
3117;7;12;5;True
3118;4;9;5;True
3119;6;16;10;True
3120;2;2;0;True
3121;2;4;2;True
3122;5;6;1;True
3123;3;6;3;True
3124;2;4;2;True
3125;1;1;0;True
3126;4;12;8;True
3127;7;16;9;True
3128;2;4;2;True
3129;4;8;4;True
3130;3;6;3;True
3131;1;1;0;True
3132;4;4;0;True
3133;2;4;2;True
3134;5;12;7;True
3135;6;12;6;True
3136;5;9;4;True
3137;2;4;2;True
3138;4;8;4;True
3139;2;2;0;True
3140;2;2;0;True
3141;7;16;9;True
3142;7;16;9;True
3143;5;12;7;True
3144;3;9;6;True
3145;10;16;6;True
3146;3;6;3;True
3147;3;6;3;True
3148;5;8;3;True
3149;0;0;0;True
3150;3;6;3;True
3151;0;0;0;True
3152;5;9;4;True
3153;9;16;7;True
3154;3;4;1;True
3155;6;9;3;True
3156;4;12;8;True
3157;1;1;0;True
3158;7;16;9;True
3159;3;6;3;True
3160;8;12;4;True
3161;2;2;0;True
3162;5;12;7;True
3163;3;6;3;True
3164;5;9;4;True
3165;1;1;0;True
3166;3;4;1;True
3167;1;1;0;True
3168;1;1;0;True
3169;4;8;4;True
3170;6;16;10;True
3171;3;3;0;True
3172;8;12;4;True
3173;5;12;7;True
3174;6;16;10;True
3175;3;9;6;True
3176;6;12;6;True
3177;2;4;2;True
3178;5;8;3;True
3179;3;6;3;True
3180;6;16;10;True
3181;2;2;0;True
3182;6;12;6;True
3183;4;9;5;True
3184;1;1;0;True
3185;7;16;9;True
3186;4;9;5;True
3187;5;12;7;True
3188;3;4;1;True
3189;3;6;3;True
3190;3;6;3;True
3191;5;12;7;True
3192;3;4;1;True
3193;0;0;0;True
3194;1;1;0;True
3195;4;4;0;True
3196;3;4;1;True
3197;1;1;0;True
3198;5;16;11;True
3199;2;4;2;True
3200;1;1;0;True
3201;6;16;10;True
3202;7;12;5;True
3203;7;9;2;True
3204;6;16;10;True
3205;0;0;0;True
3206;2;4;2;True
3207;6;16;10;True
3208;5;8;3;True
3209;4;12;8;True
3210;7;9;2;True
3211;3;6;3;True
3212;3;4;1;True
3213;3;9;6;True
3214;4;9;5;True
3215;2;4;2;True
3216;5;9;4;True
3217;1;1;0;True
3218;1;1;0;True
3219;5;8;3;True
3220;4;9;5;True
3221;1;1;0;True
3222;4;6;2;True
3223;6;16;10;True
3224;3;6;3;True
3225;3;6;3;True
3226;2;4;2;True
3227;1;1;0;True
3228;2;4;2;True
3229;6;12;6;True
3230;0;0;0;True
3231;8;16;8;True
3232;6;12;6;True
3233;5;9;4;True
3234;1;1;0;True
3235;2;4;2;True
3236;4;8;4;True
3237;3;6;3;True
3238;0;0;0;True
3239;6;12;6;True
3240;5;9;4;True
3241;2;4;2;True
3242;4;9;5;True
3243;4;8;4;True
3244;1;1;0;True
3245;3;4;1;True
3246;4;9;5;True
3247;3;9;6;True
3248;2;2;0;True
3249;0;0;0;True
3250;1;1;0;True
3251;8;16;8;True
3252;3;4;1;True
3253;1;1;0;True
3254;4;9;5;True
3255;3;3;0;True
3256;7;16;9;True
3257;3;6;3;True
3258;6;12;6;True
3259;3;9;6;True
3260;7;12;5;True
3261;6;16;10;True
3262;1;1;0;True
3263;5;12;7;True
3264;7;16;9;True
3265;1;1;0;True
3266;3;6;3;True
3267;1;1;0;True
3268;4;12;8;True
3269;1;1;0;True
3270;9;16;7;True
3271;5;9;4;True
3272;5;6;1;True
3273;6;16;10;True
3274;4;9;5;True
3275;8;12;4;True
3276;8;16;8;True
3277;8;9;1;True
3278;0;0;0;True
3279;0;0;0;True
3280;6;16;10;True
3281;2;4;2;True
3282;7;12;5;True
3283;3;6;3;True
3284;1;1;0;True
3285;4;9;5;True
3286;3;6;3;True
3287;0;0;0;True
3288;2;2;0;True
3289;4;16;12;True
3290;6;8;2;True
3291;1;1;0;True
3292;2;4;2;True
3293;0;0;0;True
3294;4;9;5;True
3295;1;1;0;True
3296;6;12;6;True
3297;1;1;0;True
3298;7;16;9;True
3299;3;9;6;True
3300;5;12;7;True
3301;1;1;0;True
3302;3;6;3;True
3303;5;16;11;True
3304;5;12;7;True
3305;4;16;12;True
3306;5;12;7;True
3307;0;0;0;True
3308;2;2;0;True
3309;3;6;3;True
3310;0;0;0;True
3311;1;1;0;True
3312;6;9;3;True
3313;6;9;3;True
3314;4;8;4;True
3315;2;4;2;True
3316;1;1;0;True
3317;5;12;7;True
3318;6;12;6;True
3319;0;0;0;True
3320;1;1;0;True
3321;8;16;8;True
3322;2;4;2;True
3323;6;12;6;True
3324;6;16;10;True
3325;2;4;2;True
3326;4;9;5;True
3327;5;12;7;True
3328;5;12;7;True
3329;1;1;0;True
3330;0;0;0;True
3331;6;12;6;True
3332;2;4;2;True
3333;4;9;5;True
3334;4;9;5;True
3335;7;9;2;True
3336;1;1;0;True
3337;5;16;11;True
3338;1;1;0;True
3339;3;4;1;True
3340;1;1;0;True
3341;7;12;5;True
3342;5;12;7;True
3343;4;8;4;True
3344;4;6;2;True
3345;3;4;1;True
3346;2;4;2;True
3347;5;9;4;True
3348;7;16;9;True
3349;9;12;3;True
3350;2;2;0;True
3351;1;1;0;True
3352;10;16;6;True
3353;4;12;8;True
3354;2;4;2;True
3355;3;3;0;True
3356;2;4;2;True
3357;6;12;6;True
3358;3;6;3;True
3359;9;12;3;True
3360;3;4;1;True
3361;2;4;2;True
3362;10;16;6;True
3363;5;9;4;True
3364;4;9;5;True
3365;4;12;8;True
3366;1;1;0;True
3367;5;12;7;True
3368;3;4;1;True
3369;2;2;0;True
3370;4;9;5;True
3371;8;12;4;True
3372;3;4;1;True
3373;6;8;2;True
3374;6;9;3;True
3375;1;1;0;True
3376;1;1;0;True
3377;6;12;6;True
3378;9;16;7;True
3379;2;2;0;True
3380;4;6;2;True
3381;4;4;0;True
3382;4;9;5;True
3383;0;0;0;True
3384;0;0;0;True
3385;1;1;0;True
3386;2;4;2;True
3387;8;16;8;True
3388;3;9;6;True
3389;3;4;1;True
3390;4;12;8;True
3391;2;2;0;True
3392;3;6;3;True
3393;4;12;8;True
3394;2;4;2;True
3395;4;9;5;True
3396;2;2;0;True
3397;3;6;3;True
3398;2;2;0;True
3399;4;9;5;True
3400;6;12;6;True
3401;1;1;0;True
3402;2;2;0;True
3403;4;9;5;True
3404;1;1;0;True
3405;5;16;11;True
3406;1;1;0;True
3407;3;6;3;True
3408;4;9;5;True
3409;4;8;4;True
3410;1;1;0;True
3411;2;2;0;True
3412;3;6;3;True
3413;6;9;3;True
3414;7;12;5;True
3415;5;16;11;True
3416;5;12;7;True
3417;6;12;6;True
3418;5;9;4;True
3419;3;6;3;True
3420;6;12;6;True
3421;1;1;0;True
3422;2;2;0;True
3423;1;1;0;True
3424;6;12;6;True
3425;4;6;2;True
3426;4;9;5;True
3427;2;4;2;True
3428;4;12;8;True
3429;4;9;5;True
3430;0;0;0;True
3431;2;2;0;True
3432;2;4;2;True
3433;1;1;0;True
3434;3;9;6;True
3435;1;1;0;True
3436;4;9;5;True
3437;1;1;0;True
3438;1;1;0;True
3439;1;1;0;True
3440;4;6;2;True
3441;4;6;2;True
3442;2;4;2;True
3443;6;16;10;True
3444;2;2;0;True
3445;2;4;2;True
3446;7;12;5;True
3447;2;2;0;True
3448;4;6;2;True
3449;5;9;4;True
3450;1;1;0;True
3451;5;12;7;True
3452;6;12;6;True
3453;4;12;8;True
3454;6;16;10;True
3455;0;0;0;True
3456;1;1;0;True
3457;0;0;0;True
3458;8;16;8;True
3459;3;9;6;True
3460;2;4;2;True
3461;5;12;7;True
3462;7;12;5;True
3463;3;6;3;True
3464;7;16;9;True
3465;2;2;0;True
3466;8;12;4;True
3467;2;4;2;True
3468;2;4;2;True
3469;3;6;3;True
3470;2;4;2;True
3471;6;16;10;True
3472;8;12;4;True
3473;3;6;3;True
3474;3;6;3;True
3475;6;12;6;True
3476;2;2;0;True
3477;3;6;3;True
3478;2;4;2;True
3479;11;16;5;True
3480;1;1;0;True
3481;4;9;5;True
3482;4;6;2;True
3483;5;8;3;True
3484;9;16;7;True
3485;4;9;5;True
3486;2;4;2;True
3487;7;16;9;True
3488;6;16;10;True
3489;1;1;0;True
3490;5;6;1;True
3491;5;12;7;True
3492;0;0;0;True
3493;0;0;0;True
3494;5;9;4;True
3495;0;0;0;True
3496;1;1;0;True
3497;4;9;5;True
3498;5;12;7;True
3499;0;0;0;True
3500;9;16;7;True
3501;6;12;6;True
3502;5;12;7;True
3503;9;16;7;True
3504;4;12;8;True
3505;2;2;0;True
3506;3;4;1;True
3507;1;1;0;True
3508;1;1;0;True
3509;3;6;3;True
3510;1;1;0;True
3511;2;2;0;True
3512;5;12;7;True
3513;4;9;5;True
3514;0;0;0;True
3515;3;4;1;True
3516;4;12;8;True
3517;4;6;2;True
3518;6;12;6;True
3519;2;2;0;True
3520;6;9;3;True
3521;7;16;9;True
3522;9;16;7;True
3523;5;9;4;True
3524;4;8;4;True
3525;3;6;3;True
3526;2;4;2;True
3527;1;1;0;True
3528;0;0;0;True
3529;6;12;6;True
3530;7;9;2;True
3531;0;0;0;True
3532;4;6;2;True
3533;3;6;3;True
3534;5;12;7;True
3535;1;1;0;True
3536;5;12;7;True
3537;1;1;0;True
3538;5;12;7;True
3539;3;3;0;True
3540;6;12;6;True
3541;5;9;4;True
3542;3;6;3;True
3543;4;6;2;True
3544;1;1;0;True
3545;3;4;1;True
3546;5;9;4;True
3547;3;9;6;True
3548;2;4;2;True
3549;5;9;4;True
3550;3;4;1;True
3551;5;9;4;True
3552;2;2;0;True
3553;1;1;0;True
3554;2;2;0;True
3555;4;4;0;True
3556;7;12;5;True
3557;11;16;5;True
3558;4;9;5;True
3559;2;4;2;True
3560;10;16;6;True
3561;2;2;0;True
3562;5;9;4;True
3563;2;2;0;True
3564;1;1;0;True
3565;2;4;2;True
3566;3;6;3;True
3567;5;12;7;True
3568;6;12;6;True
3569;5;6;1;True
3570;2;2;0;True
3571;7;12;5;True
3572;0;0;0;True
3573;7;9;2;True
3574;6;8;2;True
3575;6;8;2;True
3576;2;4;2;True
3577;9;12;3;True
3578;1;1;0;True
3579;1;1;0;True
3580;4;6;2;True
3581;4;12;8;True
3582;5;9;4;True
3583;8;12;4;True
3584;1;1;0;True
3585;2;4;2;True
3586;2;2;0;True
3587;2;4;2;True
3588;5;12;7;True
3589;1;1;0;True
3590;3;6;3;True
3591;4;6;2;True
3592;1;1;0;True
3593;0;0;0;True
3594;5;9;4;True
3595;3;6;3;True
3596;7;12;5;True
3597;1;1;0;True
3598;0;0;0;True
3599;7;12;5;True
3600;1;1;0;True
3601;5;16;11;True
3602;6;16;10;True
3603;7;16;9;True
3604;1;1;0;True
3605;7;16;9;True
3606;5;8;3;True
3607;3;9;6;True
3608;3;6;3;True
3609;4;12;8;True
3610;5;12;7;True
3611;5;16;11;True
3612;8;12;4;True
3613;5;6;1;True
3614;2;4;2;True
3615;4;6;2;True
3616;2;2;0;True
3617;5;12;7;True
3618;3;6;3;True
3619;7;12;5;True
3620;4;6;2;True
3621;6;6;0;True
3622;4;8;4;True
3623;4;9;5;True
3624;5;12;7;True
3625;5;12;7;True
3626;3;6;3;True
3627;5;8;3;True
3628;4;9;5;True
3629;4;6;2;True
3630;3;4;1;True
3631;4;9;5;True
3632;8;9;1;True
3633;6;6;0;True
3634;3;6;3;True
3635;3;4;1;True
3636;1;1;0;True
3637;8;16;8;True
3638;7;8;1;True
3639;3;6;3;True
3640;0;0;0;True
3641;1;1;0;True
3642;5;12;7;True
3643;0;0;0;True
3644;5;6;1;True
3645;6;16;10;True
3646;3;9;6;True
3647;4;12;8;True
3648;4;6;2;True
3649;4;9;5;True
3650;7;16;9;True
3651;5;8;3;True
3652;6;12;6;True
3653;3;6;3;True
3654;3;6;3;True
3655;0;0;0;True
3656;2;4;2;True
3657;8;12;4;True
3658;2;2;0;True
3659;4;6;2;True
3660;4;9;5;True
3661;6;12;6;True
3662;3;4;1;True
3663;2;2;0;True
3664;6;12;6;True
3665;3;4;1;True
3666;5;8;3;True
3667;5;9;4;True
3668;2;4;2;True
3669;1;1;0;True
3670;1;1;0;True
3671;4;12;8;True
3672;3;3;0;True
3673;6;12;6;True
3674;4;9;5;True
3675;1;1;0;True
3676;6;12;6;True
3677;1;1;0;True
3678;3;6;3;True
3679;3;3;0;True
3680;1;1;0;True
3681;7;16;9;True
3682;5;9;4;True
3683;4;6;2;True
3684;4;9;5;True
3685;4;8;4;True
3686;9;12;3;True
3687;6;8;2;True
3688;3;4;1;True
3689;10;16;6;True
3690;0;0;0;True
3691;5;12;7;True
3692;7;16;9;True
3693;8;12;4;True
3694;2;2;0;True
3695;4;9;5;True
3696;9;12;3;True
3697;4;12;8;True
3698;7;12;5;True
3699;3;4;1;True
3700;1;1;0;True
3701;1;1;0;True
3702;5;12;7;True
3703;5;8;3;True
3704;4;6;2;True
3705;6;12;6;True
3706;5;12;7;True
3707;2;4;2;True
3708;4;6;2;True
3709;6;12;6;True
3710;0;0;0;True
3711;7;16;9;True
3712;6;12;6;True
3713;0;0;0;True
3714;1;1;0;True
3715;6;16;10;True
3716;7;16;9;True
3717;4;6;2;True
3718;0;0;0;True
3719;0;0;0;True
3720;1;1;0;True
3721;3;3;0;True
3722;5;9;4;True
3723;7;12;5;True
3724;3;6;3;True
3725;8;16;8;True
3726;0;0;0;True
3727;4;9;5;True
3728;6;16;10;True
3729;5;9;4;True
3730;1;1;0;True
3731;1;1;0;True
3732;8;16;8;True
3733;6;16;10;True
3734;5;9;4;True
3735;9;16;7;True
3736;5;12;7;True
3737;5;9;4;True
3738;2;2;0;True
3739;4;9;5;True
3740;3;6;3;True
3741;5;12;7;True
3742;0;0;0;True
3743;8;16;8;True
3744;8;16;8;True
3745;2;2;0;True
3746;4;9;5;True
3747;5;12;7;True
3748;3;9;6;True
3749;8;16;8;True
3750;6;12;6;True
3751;4;12;8;True
3752;4;6;2;True
3753;4;12;8;True
3754;2;4;2;True
3755;3;6;3;True
3756;7;16;9;True
3757;5;12;7;True
3758;5;12;7;True
3759;3;9;6;True
3760;2;4;2;True
3761;5;12;7;True
3762;1;1;0;True
3763;4;9;5;True
3764;3;4;1;True
3765;7;12;5;True
3766;4;12;8;True
3767;3;6;3;True
3768;3;9;6;True
3769;3;6;3;True
3770;7;12;5;True
3771;5;16;11;True
3772;3;6;3;True
3773;4;6;2;True
3774;3;6;3;True
3775;7;16;9;True
3776;6;16;10;True
3777;2;4;2;True
3778;2;4;2;True
3779;8;16;8;True
3780;3;6;3;True
3781;8;12;4;True
3782;5;12;7;True
3783;0;0;0;True
3784;5;12;7;True
3785;1;1;0;True
3786;3;6;3;True
3787;4;9;5;True
3788;4;6;2;True
3789;3;6;3;True
3790;4;9;5;True
3791;3;4;1;True
3792;6;8;2;True
3793;2;4;2;True
3794;11;16;5;True
3795;7;16;9;True
3796;4;6;2;True
3797;1;1;0;True
3798;7;16;9;True
3799;3;4;1;True
3800;0;0;0;True
3801;3;4;1;True
3802;2;4;2;True
3803;2;4;2;True
3804;2;4;2;True
3805;3;6;3;True
3806;3;6;3;True
3807;2;4;2;True
3808;3;6;3;True
3809;2;2;0;True
3810;6;12;6;True
3811;3;6;3;True
3812;3;6;3;True
3813;0;0;0;True
3814;1;1;0;True
3815;3;6;3;True
3816;2;2;0;True
3817;3;6;3;True
3818;3;6;3;True
3819;4;9;5;True
3820;5;9;4;True
3821;1;1;0;True
3822;7;9;2;True
3823;1;1;0;True
3824;5;8;3;True
3825;2;2;0;True
3826;2;4;2;True
3827;3;4;1;True
3828;2;2;0;True
3829;4;6;2;True
3830;1;1;0;True
3831;2;2;0;True
3832;0;0;0;True
3833;3;6;3;True
3834;5;12;7;True
3835;9;16;7;True
3836;4;6;2;True
3837;7;12;5;True
3838;5;12;7;True
3839;5;9;4;True
3840;2;2;0;True
3841;2;2;0;True
3842;3;6;3;True
3843;4;9;5;True
3844;10;16;6;True
3845;3;4;1;True
3846;7;12;5;True
3847;4;6;2;True
3848;1;1;0;True
3849;2;4;2;True
3850;8;16;8;True
3851;4;6;2;True
3852;6;12;6;True
3853;1;1;0;True
3854;5;9;4;True
3855;3;3;0;True
3856;5;16;11;True
3857;3;4;1;True
3858;3;9;6;True
3859;2;2;0;True
3860;1;1;0;True
3861;2;4;2;True
3862;2;4;2;True
3863;3;6;3;True
3864;3;6;3;True
3865;0;0;0;True
3866;4;9;5;True
3867;2;2;0;True
3868;5;12;7;True
3869;2;2;0;True
3870;7;12;5;True
3871;2;4;2;True
3872;3;4;1;True
3873;4;6;2;True
3874;0;0;0;True
3875;1;1;0;True
3876;5;9;4;True
3877;1;1;0;True
3878;5;12;7;True
3879;3;4;1;True
3880;8;12;4;True
3881;1;1;0;True
3882;8;16;8;True
3883;8;12;4;True
3884;4;9;5;True
3885;2;2;0;True
3886;3;6;3;True
3887;6;12;6;True
3888;4;9;5;True
3889;2;4;2;True
3890;0;0;0;True
3891;3;6;3;True
3892;0;0;0;True
3893;5;12;7;True
3894;3;9;6;True
3895;0;0;0;True
3896;4;6;2;True
3897;4;8;4;True
3898;3;3;0;True
3899;5;12;7;True
3900;2;4;2;True
3901;1;1;0;True
3902;8;16;8;True
3903;5;12;7;True
3904;0;0;0;True
3905;1;1;0;True
3906;2;4;2;True
3907;2;4;2;True
3908;5;9;4;True
3909;4;6;2;True
3910;6;12;6;True
3911;1;1;0;True
3912;9;16;7;True
3913;9;16;7;True
3914;5;12;7;True
3915;12;16;4;True
3916;6;12;6;True
3917;7;12;5;True
3918;7;16;9;True
3919;1;1;0;True
3920;5;12;7;True
3921;5;12;7;True
3922;6;12;6;True
3923;1;1;0;True
3924;4;6;2;True
3925;4;6;2;True
3926;0;0;0;True
3927;8;12;4;True
3928;3;9;6;True
3929;5;12;7;True
3930;5;8;3;True
3931;6;16;10;True
3932;6;9;3;True
3933;0;0;0;True
3934;1;1;0;True
3935;4;9;5;True
3936;2;4;2;True
3937;0;0;0;True
3938;7;16;9;True
3939;3;4;1;True
3940;3;4;1;True
3941;2;2;0;True
3942;2;4;2;True
3943;3;6;3;True
3944;5;9;4;True
3945;1;1;0;True
3946;1;1;0;True
3947;5;12;7;True
3948;2;4;2;True
3949;1;1;0;True
3950;0;0;0;True
3951;4;12;8;True
3952;2;4;2;True
3953;3;9;6;True
3954;0;0;0;True
3955;5;9;4;True
3956;4;9;5;True
3957;7;16;9;True
3958;1;1;0;True
3959;5;9;4;True
3960;0;0;0;True
3961;4;9;5;True
3962;1;1;0;True
3963;7;16;9;True
3964;0;0;0;True
3965;3;4;1;True
3966;4;9;5;True
3967;4;6;2;True
3968;1;1;0;True
3969;4;4;0;True
3970;2;4;2;True
3971;1;1;0;True
3972;4;4;0;True
3973;2;4;2;True
3974;4;9;5;True
3975;3;6;3;True
3976;6;12;6;True
3977;7;9;2;True
3978;2;2;0;True
3979;4;12;8;True
3980;5;12;7;True
3981;0;0;0;True
3982;5;9;4;True
3983;8;12;4;True
3984;1;1;0;True
3985;3;4;1;True
3986;10;16;6;True
3987;5;12;7;True
3988;2;2;0;True
3989;6;12;6;True
3990;1;1;0;True
3991;5;16;11;True
3992;3;4;1;True
3993;0;0;0;True
3994;2;4;2;True
3995;5;6;1;True
3996;4;12;8;True
3997;2;2;0;True
3998;2;4;2;True
3999;6;9;3;True
4000;3;6;3;True
4001;3;9;6;True
4002;3;9;6;True
4003;2;4;2;True
4004;4;8;4;True
4005;8;16;8;True
4006;4;9;5;True
4007;4;9;5;True
4008;3;9;6;True
4009;4;12;8;True
4010;1;1;0;True
4011;4;12;8;True
4012;5;9;4;True
4013;6;16;10;True
4014;2;2;0;True
4015;2;4;2;True
4016;3;4;1;True
4017;2;4;2;True
4018;5;12;7;True
4019;5;12;7;True
4020;2;4;2;True
4021;2;2;0;True
4022;3;4;1;True
4023;2;4;2;True
4024;5;9;4;True
4025;2;4;2;True
4026;4;12;8;True
4027;3;9;6;True
4028;6;12;6;True
4029;2;4;2;True
4030;1;1;0;True
4031;3;9;6;True
4032;5;8;3;True
4033;0;0;0;True
4034;3;4;1;True
4035;3;3;0;True
4036;0;0;0;True
4037;4;9;5;True
4038;6;12;6;True
4039;3;4;1;True
4040;5;12;7;True
4041;4;6;2;True
4042;2;4;2;True
4043;3;6;3;True
4044;5;12;7;True
4045;6;12;6;True
4046;6;16;10;True
4047;6;16;10;True
4048;8;16;8;True
4049;7;12;5;True
4050;8;16;8;True
4051;8;12;4;True
4052;5;12;7;True
4053;7;12;5;True
4054;5;16;11;True
4055;0;0;0;True
4056;4;8;4;True
4057;6;16;10;True
4058;6;12;6;True
4059;6;16;10;True
4060;2;2;0;True
4061;5;12;7;True
4062;1;1;0;True
4063;6;8;2;True
4064;1;1;0;True
4065;0;0;0;True
4066;6;12;6;True
4067;7;16;9;True
4068;6;16;10;True
4069;3;6;3;True
4070;6;9;3;True
4071;4;12;8;True
4072;6;16;10;True
4073;4;6;2;True
4074;5;6;1;True
4075;5;12;7;True
4076;4;12;8;True
4077;5;12;7;True
4078;3;6;3;True
4079;9;16;7;True
4080;3;9;6;True
4081;2;2;0;True
4082;2;4;2;True
4083;7;16;9;True
4084;4;12;8;True
4085;2;2;0;True
4086;3;6;3;True
4087;6;16;10;True
4088;6;12;6;True
4089;6;16;10;True
4090;3;6;3;True
4091;4;6;2;True
4092;2;2;0;True
4093;4;6;2;True
4094;4;9;5;True
4095;8;16;8;True
4096;3;4;1;True
4097;7;16;9;True
4098;1;1;0;True
4099;7;16;9;True
4100;5;8;3;True
4101;2;4;2;True
4102;1;1;0;True
4103;10;16;6;True
4104;1;1;0;True
4105;5;16;11;True
4106;4;4;0;True
4107;2;4;2;True
4108;6;12;6;True
4109;0;0;0;True
4110;1;1;0;True
4111;0;0;0;True
4112;5;12;7;True
4113;3;6;3;True
4114;1;1;0;True
4115;3;4;1;True
4116;4;9;5;True
4117;4;6;2;True
4118;6;12;6;True
4119;4;12;8;True
4120;11;16;5;True
4121;4;4;0;True
4122;5;12;7;True
4123;7;16;9;True
4124;6;16;10;True
4125;3;6;3;True
4126;4;9;5;True
4127;5;9;4;True
4128;3;9;6;True
4129;4;12;8;True
4130;1;1;0;True
4131;9;16;7;True
4132;2;2;0;True
4133;3;4;1;True
4134;3;6;3;True
4135;7;16;9;True
4136;2;2;0;True
4137;5;9;4;True
4138;2;4;2;True
4139;3;6;3;True
4140;2;4;2;True
4141;5;6;1;True
4142;3;9;6;True
4143;8;12;4;True
4144;5;12;7;True
4145;1;1;0;True
4146;2;4;2;True
4147;8;16;8;True
4148;2;4;2;True
4149;4;9;5;True
4150;10;16;6;True
4151;3;6;3;True
4152;1;1;0;True
4153;2;2;0;True
4154;1;1;0;True
4155;0;0;0;True
4156;3;6;3;True
4157;3;6;3;True
4158;5;12;7;True
4159;6;16;10;True
4160;2;4;2;True
4161;3;6;3;True
4162;7;16;9;True
4163;6;12;6;True
4164;5;9;4;True
4165;3;4;1;True
4166;1;1;0;True
4167;6;9;3;True
4168;4;12;8;True
4169;5;9;4;True
4170;4;9;5;True
4171;3;4;1;True
4172;7;16;9;True
4173;4;6;2;True
4174;0;0;0;True
4175;4;6;2;True
4176;4;9;5;True
4177;2;2;0;True
4178;3;9;6;True
4179;3;4;1;True
4180;1;1;0;True
4181;7;16;9;True
4182;4;6;2;True
4183;2;4;2;True
4184;7;12;5;True
4185;4;6;2;True
4186;6;9;3;True
4187;10;16;6;True
4188;5;12;7;True
4189;1;1;0;True
4190;4;6;2;True
4191;5;8;3;True
4192;1;1;0;True
4193;5;12;7;True
4194;3;6;3;True
4195;5;9;4;True
4196;5;9;4;True
4197;5;12;7;True
4198;5;8;3;True
4199;5;9;4;True
4200;2;4;2;True
4201;4;6;2;True
4202;5;9;4;True
4203;2;2;0;True
4204;5;12;7;True
4205;3;4;1;True
4206;1;1;0;True
4207;2;4;2;True
4208;3;6;3;True
4209;2;2;0;True
4210;0;0;0;True
4211;3;4;1;True
4212;4;12;8;True
4213;5;16;11;True
4214;5;12;7;True
4215;1;1;0;True
4216;3;4;1;True
4217;7;16;9;True
4218;0;0;0;True
4219;2;4;2;True
4220;6;12;6;True
4221;1;1;0;True
4222;6;12;6;True
4223;4;6;2;True
4224;9;16;7;True
4225;2;2;0;True
4226;0;0;0;True
4227;3;4;1;True
4228;4;6;2;True
4229;4;9;5;True
4230;1;1;0;True
4231;5;16;11;True
4232;3;3;0;True
4233;2;4;2;True
4234;1;1;0;True
4235;6;12;6;True
4236;1;1;0;True
4237;4;9;5;True
4238;3;6;3;True
4239;1;1;0;True
4240;0;0;0;True
4241;3;9;6;True
4242;10;16;6;True
4243;4;9;5;True
4244;3;6;3;True
4245;10;12;2;True
4246;8;12;4;True
4247;1;1;0;True
4248;2;4;2;True
4249;5;9;4;True
4250;5;12;7;True
4251;1;1;0;True
4252;4;9;5;True
4253;2;4;2;True
4254;7;16;9;True
4255;1;1;0;True
4256;4;4;0;True
4257;4;12;8;True
4258;4;12;8;True
4259;1;1;0;True
4260;6;12;6;True
4261;2;4;2;True
4262;0;0;0;True
4263;4;12;8;True
4264;5;12;7;True
4265;4;6;2;True
4266;3;6;3;True
4267;4;9;5;True
4268;5;12;7;True
4269;1;1;0;True
4270;2;4;2;True
4271;1;1;0;True
4272;3;4;1;True
4273;7;9;2;True
4274;3;6;3;True
4275;6;16;10;True
4276;4;6;2;True
4277;0;0;0;True
4278;3;6;3;True
4279;0;0;0;True
4280;5;12;7;True
4281;2;4;2;True
4282;4;4;0;True
4283;2;2;0;True
4284;3;6;3;True
4285;5;8;3;True
4286;7;16;9;True
4287;0;0;0;True
4288;10;16;6;True
4289;6;12;6;True
4290;0;0;0;True
4291;1;1;0;True
4292;1;1;0;True
4293;9;16;7;True
4294;5;9;4;True
4295;6;12;6;True
4296;3;6;3;True
4297;3;6;3;True
4298;7;16;9;True
4299;3;6;3;True
4300;7;12;5;True
4301;2;2;0;True
4302;2;2;0;True
4303;7;12;5;True
4304;2;2;0;True
4305;1;1;0;True
4306;8;16;8;True
4307;4;12;8;True
4308;4;9;5;True
4309;8;16;8;True
4310;3;6;3;True
4311;3;4;1;True
4312;1;1;0;True
4313;0;0;0;True
4314;7;12;5;True
4315;1;1;0;True
4316;9;16;7;True
4317;6;12;6;True
4318;4;9;5;True
4319;4;9;5;True
4320;2;4;2;True
4321;11;16;5;True
4322;3;4;1;True
4323;1;1;0;True
4324;6;16;10;True
4325;4;8;4;True
4326;1;1;0;True
4327;1;1;0;True
4328;4;9;5;True
4329;3;6;3;True
4330;6;9;3;True
4331;2;2;0;True
4332;5;9;4;True
4333;8;16;8;True
4334;4;9;5;True
4335;6;12;6;True
4336;2;4;2;True
4337;1;1;0;True
4338;1;1;0;True
4339;1;1;0;True
4340;3;6;3;True
4341;3;4;1;True
4342;3;6;3;True
4343;5;16;11;True
4344;8;16;8;True
4345;4;6;2;True
4346;2;4;2;True
4347;5;9;4;True
4348;2;4;2;True
4349;4;6;2;True
4350;0;0;0;True
4351;6;16;10;True
4352;4;9;5;True
4353;3;6;3;True
4354;3;4;1;True
4355;2;4;2;True
4356;0;0;0;True
4357;3;6;3;True
4358;1;1;0;True
4359;4;9;5;True
4360;6;9;3;True
4361;2;4;2;True
4362;5;9;4;True
4363;2;2;0;True
4364;2;2;0;True
4365;5;9;4;True
4366;3;6;3;True
4367;0;0;0;True
4368;1;1;0;True
4369;4;9;5;True
4370;2;4;2;True
4371;5;9;4;True
4372;5;12;7;True
4373;2;4;2;True
4374;1;1;0;True
4375;0;0;0;True
4376;1;1;0;True
4377;4;9;5;True
4378;2;4;2;True
4379;6;16;10;True
4380;4;12;8;True
4381;2;4;2;True
4382;1;1;0;True
4383;3;6;3;True
4384;2;4;2;True
4385;7;16;9;True
4386;4;9;5;True
4387;6;12;6;True
4388;7;16;9;True
4389;3;4;1;True
4390;1;1;0;True
4391;5;9;4;True
4392;3;4;1;True
4393;3;4;1;True
4394;5;12;7;True
4395;1;1;0;True
4396;4;6;2;True
4397;2;4;2;True
4398;3;6;3;True
4399;2;4;2;True
4400;3;6;3;True
4401;9;16;7;True
4402;4;9;5;True
4403;3;6;3;True
4404;6;12;6;True
4405;3;6;3;True
4406;4;12;8;True
4407;4;8;4;True
4408;1;1;0;True
4409;0;0;0;True
4410;0;0;0;True
4411;7;12;5;True
4412;3;6;3;True
4413;5;12;7;True
4414;2;2;0;True
4415;2;2;0;True
4416;4;9;5;True
4417;4;9;5;True
4418;7;16;9;True
4419;6;16;10;True
4420;5;12;7;True
4421;4;6;2;True
4422;1;1;0;True
4423;5;6;1;True
4424;8;16;8;True
4425;8;16;8;True
4426;5;12;7;True
4427;5;9;4;True
4428;2;4;2;True
4429;1;1;0;True
4430;1;1;0;True
4431;2;4;2;True
4432;9;16;7;True
4433;8;12;4;True
4434;2;2;0;True
4435;2;4;2;True
4436;3;4;1;True
4437;7;12;5;True
4438;5;12;7;True
4439;5;9;4;True
4440;11;16;5;True
4441;4;12;8;True
4442;7;16;9;True
4443;3;6;3;True
4444;5;8;3;True
4445;4;6;2;True
4446;2;4;2;True
4447;1;1;0;True
4448;3;6;3;True
4449;1;1;0;True
4450;1;1;0;True
4451;3;6;3;True
4452;4;12;8;True
4453;8;16;8;True
4454;6;12;6;True
4455;3;6;3;True
4456;6;12;6;True
4457;3;9;6;True
4458;4;9;5;True
4459;2;4;2;True
4460;0;0;0;True
4461;5;6;1;True
4462;2;2;0;True
4463;3;4;1;True
4464;2;4;2;True
4465;5;12;7;True
4466;3;6;3;True
4467;1;1;0;True
4468;5;9;4;True
4469;3;6;3;True
4470;2;4;2;True
4471;4;12;8;True
4472;7;12;5;True
4473;2;4;2;True
4474;2;4;2;True
4475;3;6;3;True
4476;8;16;8;True
4477;3;4;1;True
4478;5;12;7;True
4479;5;12;7;True
4480;1;1;0;True
4481;0;0;0;True
4482;5;9;4;True
4483;2;4;2;True
4484;1;1;0;True
4485;2;4;2;True
4486;3;9;6;True
4487;3;4;1;True
4488;3;6;3;True
4489;2;4;2;True
4490;0;0;0;True
4491;0;0;0;True
4492;0;0;0;True
4493;8;16;8;True
4494;6;12;6;True
4495;3;6;3;True
4496;6;12;6;True
4497;3;9;6;True
4498;6;16;10;True
4499;4;6;2;True
4500;2;2;0;True
4501;4;12;8;True
4502;10;16;6;True
4503;4;9;5;True
4504;5;6;1;True
4505;6;12;6;True
4506;4;6;2;True
4507;2;4;2;True
4508;3;4;1;True
4509;2;4;2;True
4510;2;2;0;True
4511;7;16;9;True
4512;2;4;2;True
4513;4;9;5;True
4514;0;0;0;True
4515;6;12;6;True
4516;4;9;5;True
4517;4;12;8;True
4518;4;9;5;True
4519;7;12;5;True
4520;3;4;1;True
4521;8;12;4;True
4522;0;0;0;True
4523;5;8;3;True
4524;6;12;6;True
4525;5;12;7;True
4526;5;12;7;True
4527;5;6;1;True
4528;1;1;0;True
4529;2;2;0;True
4530;5;16;11;True
4531;4;12;8;True
4532;1;1;0;True
4533;5;12;7;True
4534;4;6;2;True
4535;4;9;5;True
4536;2;4;2;True
4537;2;4;2;True
4538;4;9;5;True
4539;5;9;4;True
4540;6;12;6;True
4541;3;6;3;True
4542;1;1;0;True
4543;2;2;0;True
4544;4;9;5;True
4545;3;6;3;True
4546;2;2;0;True
4547;4;8;4;True
4548;3;4;1;True
4549;5;9;4;True
4550;2;4;2;True
4551;5;16;11;True
4552;4;9;5;True
4553;9;16;7;True
4554;3;3;0;True
4555;7;12;5;True
4556;6;12;6;True
4557;3;9;6;True
4558;0;0;0;True
4559;2;4;2;True
4560;1;1;0;True
4561;6;16;10;True
4562;7;12;5;True
4563;4;9;5;True
4564;3;6;3;True
4565;6;16;10;True
4566;6;12;6;True
4567;0;0;0;True
4568;2;4;2;True
4569;5;12;7;True
4570;4;8;4;True
4571;6;16;10;True
4572;5;8;3;True
4573;6;9;3;True
4574;5;9;4;True
4575;5;9;4;True
4576;0;0;0;True
4577;2;2;0;True
4578;2;2;0;True
4579;0;0;0;True
4580;5;9;4;True
4581;1;1;0;True
4582;2;4;2;True
4583;1;1;0;True
4584;2;2;0;True
4585;3;6;3;True
4586;3;4;1;True
4587;8;16;8;True
4588;5;6;1;True
4589;5;6;1;True
4590;2;4;2;True
4591;5;9;4;True
4592;11;16;5;True
4593;4;9;5;True
4594;9;16;7;True
4595;6;16;10;True
4596;5;16;11;True
4597;3;9;6;True
4598;5;12;7;True
4599;1;1;0;True
4600;2;4;2;True
4601;0;0;0;True
4602;8;12;4;True
4603;5;9;4;True
4604;4;8;4;True
4605;4;9;5;True
4606;2;2;0;True
4607;2;2;0;True
4608;10;16;6;True
4609;4;9;5;True
4610;0;0;0;True
4611;4;6;2;True
4612;1;1;0;True
4613;1;1;0;True
4614;4;9;5;True
4615;4;9;5;True
4616;2;2;0;True
4617;2;4;2;True
4618;2;4;2;True
4619;4;6;2;True
4620;2;4;2;True
4621;7;12;5;True
4622;1;1;0;True
4623;0;0;0;True
4624;3;3;0;True
4625;3;9;6;True
4626;10;16;6;True
4627;2;4;2;True
4628;1;1;0;True
4629;5;12;7;True
4630;1;1;0;True
4631;5;9;4;True
4632;2;4;2;True
4633;9;16;7;True
4634;4;12;8;True
4635;1;1;0;True
4636;1;1;0;True
4637;7;16;9;True
4638;1;1;0;True
4639;4;9;5;True
4640;4;9;5;True
4641;5;12;7;True
4642;1;1;0;True
4643;8;12;4;True
4644;1;1;0;True
4645;3;6;3;True
4646;4;9;5;True
4647;9;16;7;True
4648;8;12;4;True
4649;5;16;11;True
4650;6;12;6;True
4651;6;12;6;True
4652;3;9;6;True
4653;4;6;2;True
4654;4;6;2;True
4655;5;12;7;True
4656;5;12;7;True
4657;3;4;1;True
4658;6;9;3;True
4659;3;6;3;True
4660;4;9;5;True
4661;3;6;3;True
4662;3;4;1;True
4663;1;1;0;True
4664;5;16;11;True
4665;4;8;4;True
4666;3;3;0;True
4667;5;12;7;True
4668;5;9;4;True
4669;6;16;10;True
4670;4;9;5;True
4671;2;4;2;True
4672;5;12;7;True
4673;1;1;0;True
4674;4;9;5;True
4675;3;9;6;True
4676;2;4;2;True
4677;4;8;4;True
4678;6;16;10;True
4679;4;9;5;True
4680;3;3;0;True
4681;7;12;5;True
4682;2;2;0;True
4683;4;12;8;True
4684;2;4;2;True
4685;3;9;6;True
4686;1;1;0;True
4687;4;12;8;True
4688;4;12;8;True
4689;1;1;0;True
4690;3;9;6;True
4691;0;0;0;True
4692;4;9;5;True
4693;6;12;6;True
4694;3;6;3;True
4695;5;12;7;True
4696;5;16;11;True
4697;5;16;11;True
4698;5;9;4;True
4699;0;0;0;True
4700;3;9;6;True
4701;2;2;0;True
4702;2;4;2;True
4703;4;12;8;True
4704;4;16;12;True
4705;4;9;5;True
4706;5;9;4;True
4707;3;6;3;True
4708;5;12;7;True
4709;10;16;6;True
4710;4;12;8;True
4711;9;12;3;True
4712;2;2;0;True
4713;2;4;2;True
4714;2;4;2;True
4715;3;6;3;True
4716;7;12;5;True
4717;4;6;2;True
4718;8;16;8;True
4719;5;12;7;True
4720;7;16;9;True
4721;3;3;0;True
4722;6;12;6;True
4723;9;16;7;True
4724;5;9;4;True
4725;2;4;2;True
4726;2;2;0;True
4727;6;12;6;True
4728;4;12;8;True
4729;0;0;0;True
4730;5;12;7;True
4731;2;4;2;True
4732;2;2;0;True
4733;1;1;0;True
4734;6;12;6;True
4735;1;1;0;True
4736;3;6;3;True
4737;1;1;0;True
4738;3;6;3;True
4739;0;0;0;True
4740;4;9;5;True
4741;4;6;2;True
4742;7;16;9;True
4743;5;9;4;True
4744;3;6;3;True
4745;8;12;4;True
4746;8;12;4;True
4747;0;0;0;True
4748;5;9;4;True
4749;1;1;0;True
4750;5;9;4;True
4751;2;2;0;True
4752;3;4;1;True
4753;10;16;6;True
4754;4;4;0;True
4755;4;8;4;True
4756;5;12;7;True
4757;0;0;0;True
4758;5;12;7;True
4759;2;4;2;True
4760;5;16;11;True
4761;5;8;3;True
4762;3;6;3;True
4763;3;6;3;True
4764;0;0;0;True
4765;3;9;6;True
4766;5;9;4;True
4767;7;8;1;True
4768;4;6;2;True
4769;5;12;7;True
4770;5;12;7;True
4771;6;16;10;True
4772;3;9;6;True
4773;3;9;6;True
4774;5;12;7;True
4775;3;6;3;True
4776;3;6;3;True
4777;2;2;0;True
4778;1;1;0;True
4779;6;12;6;True
4780;2;2;0;True
4781;3;9;6;True
4782;3;6;3;True
4783;3;4;1;True
4784;4;6;2;True
4785;6;9;3;True
4786;4;6;2;True
4787;5;16;11;True
4788;1;1;0;True
4789;9;12;3;True
4790;1;1;0;True
4791;4;6;2;True
4792;2;2;0;True
4793;1;1;0;True
4794;0;0;0;True
4795;5;12;7;True
4796;5;12;7;True
4797;0;0;0;True
4798;0;0;0;True
4799;4;12;8;True
4800;5;8;3;True
4801;5;12;7;True
4802;5;16;11;True
4803;3;4;1;True
4804;2;4;2;True
4805;0;0;0;True
4806;0;0;0;True
4807;2;4;2;True
4808;7;16;9;True
4809;5;6;1;True
4810;4;12;8;True
4811;6;12;6;True
4812;6;9;3;True
4813;2;2;0;True
4814;0;0;0;True
4815;3;4;1;True
4816;3;6;3;True
4817;8;12;4;True
4818;8;16;8;True
4819;5;12;7;True
4820;8;16;8;True
4821;6;12;6;True
4822;6;16;10;True
4823;2;4;2;True
4824;2;2;0;True
4825;4;12;8;True
4826;4;6;2;True
4827;1;1;0;True
4828;6;12;6;True
4829;4;6;2;True
4830;2;2;0;True
4831;2;4;2;True
4832;8;16;8;True
4833;3;9;6;True
4834;5;9;4;True
4835;7;16;9;True
4836;4;4;0;True
4837;4;6;2;True
4838;3;3;0;True
4839;6;12;6;True
4840;0;0;0;True
4841;2;4;2;True
4842;5;12;7;True
4843;5;8;3;True
4844;2;4;2;True
4845;1;1;0;True
4846;4;9;5;True
4847;7;12;5;True
4848;5;9;4;True
4849;3;6;3;True
4850;2;4;2;True
4851;2;2;0;True
4852;1;1;0;True
4853;6;12;6;True
4854;7;16;9;True
4855;0;0;0;True
4856;7;12;5;True
4857;3;9;6;True
4858;5;9;4;True
4859;4;6;2;True
4860;2;2;0;True
4861;6;12;6;True
4862;5;8;3;True
4863;3;3;0;True
4864;2;4;2;True
4865;5;12;7;True
4866;6;12;6;True
4867;1;1;0;True
4868;9;16;7;True
4869;2;2;0;True
4870;10;16;6;True
4871;8;16;8;True
4872;7;16;9;True
4873;5;12;7;True
4874;4;12;8;True
4875;6;12;6;True
4876;4;6;2;True
4877;4;6;2;True
4878;7;16;9;True
4879;0;0;0;True
4880;2;2;0;True
4881;9;16;7;True
4882;1;1;0;True
4883;4;9;5;True
4884;5;16;11;True
4885;2;4;2;True
4886;0;0;0;True
4887;2;4;2;True
4888;5;8;3;True
4889;9;12;3;True
4890;3;4;1;True
4891;9;16;7;True
4892;5;9;4;True
4893;9;16;7;True
4894;2;4;2;True
4895;2;2;0;True
4896;3;6;3;True
4897;2;2;0;True
4898;1;1;0;True
4899;3;4;1;True
4900;3;6;3;True
4901;2;4;2;True
4902;5;16;11;True
4903;6;12;6;True
4904;6;16;10;True
4905;3;4;1;True
4906;1;1;0;True
4907;1;1;0;True
4908;2;4;2;True
4909;5;12;7;True
4910;3;3;0;True
4911;3;6;3;True
4912;1;1;0;True
4913;3;3;0;True
4914;4;6;2;True
4915;4;12;8;True
4916;6;16;10;True
4917;3;6;3;True
4918;4;12;8;True
4919;2;4;2;True
4920;3;6;3;True
4921;2;4;2;True
4922;3;9;6;True
4923;7;16;9;True
4924;7;12;5;True
4925;3;6;3;True
4926;3;6;3;True
4927;5;9;4;True
4928;2;4;2;True
4929;2;2;0;True
4930;3;6;3;True
4931;1;1;0;True
4932;4;9;5;True
4933;3;6;3;True
4934;4;9;5;True
4935;4;12;8;True
4936;7;12;5;True
4937;8;12;4;True
4938;10;16;6;True
4939;6;12;6;True
4940;5;12;7;True
4941;1;1;0;True
4942;0;0;0;True
4943;7;12;5;True
4944;5;12;7;True
4945;3;9;6;True
4946;5;12;7;True
4947;2;2;0;True
4948;2;4;2;True
4949;0;0;0;True
4950;5;12;7;True
4951;4;9;5;True
4952;4;9;5;True
4953;3;6;3;True
4954;2;2;0;True
4955;8;16;8;True
4956;6;12;6;True
4957;2;4;2;True
4958;1;1;0;True
4959;3;9;6;True
4960;5;16;11;True
4961;3;6;3;True
4962;4;6;2;True
4963;7;12;5;True
4964;5;9;4;True
4965;0;0;0;True
4966;1;1;0;True
4967;1;1;0;True
4968;2;2;0;True
4969;6;12;6;True
4970;7;9;2;True
4971;0;0;0;True
4972;8;12;4;True
4973;3;6;3;True
4974;3;9;6;True
4975;5;16;11;True
4976;0;0;0;True
4977;6;12;6;True
4978;2;4;2;True
4979;7;12;5;True
4980;2;2;0;True
4981;2;4;2;True
4982;6;12;6;True
4983;5;9;4;True
4984;6;12;6;True
4985;5;12;7;True
4986;1;1;0;True
4987;7;16;9;True
4988;5;6;1;True
4989;3;6;3;True
4990;1;1;0;True
4991;5;9;4;True
4992;2;2;0;True
4993;4;6;2;True
4994;3;6;3;True
4995;3;6;3;True
4996;1;1;0;True
4997;4;6;2;True
4998;6;12;6;True
4999;5;12;7;True
5000;1;1;0;True
5001;0;0;0;True
5002;1;1;0;True
5003;2;4;2;True
5004;2;2;0;True
5005;5;16;11;True
5006;1;1;0;True
5007;8;12;4;True
5008;5;12;7;True
5009;6;9;3;True
5010;11;16;5;True
5011;7;12;5;True
5012;7;12;5;True
5013;8;16;8;True
5014;2;4;2;True
5015;6;12;6;True
5016;3;4;1;True
5017;3;6;3;True
5018;0;0;0;True
5019;3;9;6;True
5020;3;3;0;True
5021;3;6;3;True
5022;5;8;3;True
5023;3;4;1;True
5024;4;12;8;True
5025;0;0;0;True
5026;4;6;2;True
5027;2;2;0;True
5028;4;6;2;True
5029;2;2;0;True
5030;8;16;8;True
5031;3;6;3;True
5032;4;9;5;True
5033;6;9;3;True
5034;5;9;4;True
5035;4;12;8;True
5036;1;1;0;True
5037;1;1;0;True
5038;3;4;1;True
5039;3;9;6;True
5040;5;12;7;True
5041;4;6;2;True
5042;4;8;4;True
5043;8;16;8;True
5044;8;16;8;True
5045;8;12;4;True
5046;3;4;1;True
5047;2;4;2;True
5048;4;9;5;True
5049;3;6;3;True
5050;5;9;4;True
5051;4;9;5;True
5052;2;2;0;True
5053;2;2;0;True
5054;4;12;8;True
5055;2;2;0;True
5056;6;12;6;True
5057;3;6;3;True
5058;2;2;0;True
5059;2;4;2;True
5060;3;6;3;True
5061;5;9;4;True
5062;8;16;8;True
5063;4;12;8;True
5064;8;16;8;True
5065;7;16;9;True
5066;5;9;4;True
5067;1;1;0;True
5068;1;1;0;True
5069;6;12;6;True
5070;2;4;2;True
5071;3;6;3;True
5072;3;6;3;True
5073;8;12;4;True
5074;5;16;11;True
5075;4;6;2;True
5076;2;4;2;True
5077;1;1;0;True
5078;9;16;7;True
5079;4;12;8;True
5080;3;6;3;True
5081;9;12;3;True
5082;5;9;4;True
5083;5;9;4;True
5084;3;4;1;True
5085;4;9;5;True
5086;1;1;0;True
5087;7;12;5;True
5088;3;3;0;True
5089;4;12;8;True
5090;7;12;5;True
5091;0;0;0;True
5092;9;16;7;True
5093;4;12;8;True
5094;4;6;2;True
5095;1;1;0;True
5096;5;6;1;True
5097;1;1;0;True
5098;2;2;0;True
5099;4;9;5;True
5100;3;6;3;True
5101;3;4;1;True
5102;3;4;1;True
5103;8;16;8;True
5104;7;16;9;True
5105;4;6;2;True
5106;6;12;6;True
5107;1;1;0;True
5108;2;4;2;True
5109;4;9;5;True
5110;3;6;3;True
5111;6;12;6;True
5112;3;6;3;True
5113;3;6;3;True
5114;0;0;0;True
5115;0;0;0;True
5116;5;12;7;True
5117;3;9;6;True
5118;5;12;7;True
5119;5;12;7;True
5120;5;9;4;True
5121;1;1;0;True
5122;1;1;0;True
5123;5;8;3;True
5124;8;16;8;True
5125;3;6;3;True
5126;1;1;0;True
5127;2;2;0;True
5128;2;4;2;True
5129;2;4;2;True
5130;6;12;6;True
5131;1;1;0;True
5132;0;0;0;True
5133;4;9;5;True
5134;4;6;2;True
5135;2;4;2;True
5136;2;4;2;True
5137;4;12;8;True
5138;5;12;7;True
5139;5;9;4;True
5140;4;9;5;True
5141;0;0;0;True
5142;4;12;8;True
5143;6;16;10;True
5144;0;0;0;True
5145;4;6;2;True
5146;0;0;0;True
5147;6;12;6;True
5148;3;6;3;True
5149;3;9;6;True
5150;1;1;0;True
5151;3;6;3;True
5152;5;6;1;True
5153;5;9;4;True
5154;2;4;2;True
5155;3;4;1;True
5156;5;12;7;True
5157;4;12;8;True
5158;1;1;0;True
5159;2;2;0;True
5160;4;6;2;True
5161;1;1;0;True
5162;5;9;4;True
5163;6;12;6;True
5164;0;0;0;True
5165;3;6;3;True
5166;5;12;7;True
5167;5;16;11;True
5168;5;6;1;True
5169;3;6;3;True
5170;1;1;0;True
5171;4;8;4;True
5172;6;12;6;True
5173;1;1;0;True
5174;8;16;8;True
5175;4;9;5;True
5176;3;6;3;True
5177;4;6;2;True
5178;0;0;0;True
5179;4;9;5;True
5180;9;16;7;True
5181;6;9;3;True
5182;5;12;7;True
5183;4;8;4;True
5184;0;0;0;True
5185;4;9;5;True
5186;7;16;9;True
5187;2;4;2;True
5188;4;6;2;True
5189;4;9;5;True
5190;4;6;2;True
5191;2;4;2;True
5192;4;9;5;True
5193;3;4;1;True
5194;6;16;10;True
5195;4;9;5;True
5196;7;12;5;True
5197;7;16;9;True
5198;6;9;3;True
5199;3;6;3;True
5200;5;12;7;True
5201;0;0;0;True
5202;3;6;3;True
5203;4;9;5;True
5204;3;3;0;True
5205;4;6;2;True
5206;4;9;5;True
5207;2;2;0;True
5208;8;16;8;True
5209;1;1;0;True
5210;7;12;5;True
5211;2;4;2;True
5212;7;12;5;True
5213;6;16;10;True
5214;4;8;4;True
5215;4;12;8;True
5216;7;12;5;True
5217;2;2;0;True
5218;0;0;0;True
5219;3;6;3;True
5220;6;16;10;True
5221;7;16;9;True
5222;0;0;0;True
5223;2;4;2;True
5224;0;0;0;True
5225;4;12;8;True
5226;5;12;7;True
5227;0;0;0;True
5228;4;8;4;True
5229;2;2;0;True
5230;2;4;2;True
5231;3;6;3;True
5232;7;12;5;True
5233;8;16;8;True
5234;7;12;5;True
5235;0;0;0;True
5236;6;16;10;True
5237;3;4;1;True
5238;4;4;0;True
5239;6;12;6;True
5240;2;2;0;True
5241;6;12;6;True
5242;4;6;2;True
5243;2;4;2;True
5244;4;9;5;True
5245;1;1;0;True
5246;5;9;4;True
5247;6;12;6;True
5248;1;1;0;True
5249;2;4;2;True
5250;4;9;5;True
5251;1;1;0;True
5252;5;12;7;True
5253;3;4;1;True
5254;5;16;11;True
5255;4;12;8;True
5256;3;6;3;True
5257;4;9;5;True
5258;3;4;1;True
5259;2;4;2;True
5260;7;9;2;True
5261;2;4;2;True
5262;3;6;3;True
5263;3;4;1;True
5264;4;12;8;True
5265;2;4;2;True
5266;2;2;0;True
5267;6;8;2;True
5268;9;12;3;True
5269;5;9;4;True
5270;3;4;1;True
5271;7;16;9;True
5272;3;6;3;True
5273;3;6;3;True
5274;8;16;8;True
5275;5;9;4;True
5276;3;6;3;True
5277;5;9;4;True
5278;6;9;3;True
5279;11;16;5;True
5280;6;12;6;True
5281;6;12;6;True
5282;4;12;8;True
5283;5;12;7;True
5284;6;12;6;True
5285;0;0;0;True
5286;4;9;5;True
5287;8;16;8;True
5288;7;16;9;True
5289;2;2;0;True
5290;1;1;0;True
5291;1;1;0;True
5292;0;0;0;True
5293;2;2;0;True
5294;4;6;2;True
5295;6;12;6;True
5296;1;1;0;True
5297;4;9;5;True
5298;2;4;2;True
5299;1;1;0;True
5300;4;9;5;True
5301;1;1;0;True
5302;6;12;6;True
5303;3;6;3;True
5304;8;16;8;True
5305;6;9;3;True
5306;2;2;0;True
5307;3;6;3;True
5308;0;0;0;True
5309;3;9;6;True
5310;2;2;0;True
5311;8;16;8;True
5312;1;1;0;True
5313;4;6;2;True
5314;4;9;5;True
5315;2;2;0;True
5316;4;9;5;True
5317;4;12;8;True
5318;0;0;0;True
5319;1;1;0;True
5320;3;4;1;True
5321;1;1;0;True
5322;2;2;0;True
5323;8;16;8;True
5324;4;12;8;True
5325;5;12;7;True
5326;0;0;0;True
5327;1;1;0;True
5328;2;2;0;True
5329;1;1;0;True
5330;3;3;0;True
5331;4;6;2;True
5332;2;2;0;True
5333;5;9;4;True
5334;1;1;0;True
5335;8;16;8;True
5336;0;0;0;True
5337;9;16;7;True
5338;2;4;2;True
5339;2;4;2;True
5340;8;16;8;True
5341;5;6;1;True
5342;4;6;2;True
5343;4;9;5;True
5344;2;4;2;True
5345;4;9;5;True
5346;6;12;6;True
5347;7;12;5;True
5348;2;2;0;True
5349;1;1;0;True
5350;4;9;5;True
5351;2;4;2;True
5352;6;12;6;True
5353;1;1;0;True
5354;8;12;4;True
5355;2;2;0;True
5356;7;16;9;True
5357;6;12;6;True
5358;3;4;1;True
5359;5;12;7;True
5360;1;1;0;True
5361;3;6;3;True
5362;4;9;5;True
5363;2;4;2;True
5364;3;6;3;True
5365;8;16;8;True
5366;3;4;1;True
5367;2;4;2;True
5368;2;2;0;True
5369;3;6;3;True
5370;3;4;1;True
5371;6;16;10;True
5372;2;4;2;True
5373;7;16;9;True
5374;4;6;2;True
5375;2;2;0;True
5376;1;1;0;True
5377;4;6;2;True
5378;6;16;10;True
5379;2;4;2;True
5380;0;0;0;True
5381;7;16;9;True
5382;1;1;0;True
5383;7;16;9;True
5384;3;4;1;True
5385;3;9;6;True
5386;2;2;0;True
5387;5;12;7;True
5388;4;6;2;True
5389;2;4;2;True
5390;6;12;6;True
5391;1;1;0;True
5392;3;4;1;True
5393;7;12;5;True
5394;1;1;0;True
5395;8;16;8;True
5396;1;1;0;True
5397;9;16;7;True
5398;4;9;5;True
5399;4;8;4;True
5400;5;12;7;True
5401;2;4;2;True
5402;5;12;7;True
5403;0;0;0;True
5404;9;16;7;True
5405;7;12;5;True
5406;7;12;5;True
5407;1;1;0;True
5408;1;1;0;True
5409;4;9;5;True
5410;3;4;1;True
5411;5;9;4;True
5412;6;12;6;True
5413;5;9;4;True
5414;3;6;3;True
5415;5;9;4;True
5416;2;4;2;True
5417;2;4;2;True
5418;2;2;0;True
5419;3;6;3;True
5420;6;16;10;True
5421;2;2;0;True
5422;2;2;0;True
5423;7;12;5;True
5424;6;16;10;True
5425;5;12;7;True
5426;4;6;2;True
5427;0;0;0;True
5428;4;9;5;True
5429;7;16;9;True
5430;0;0;0;True
5431;5;9;4;True
5432;2;2;0;True
5433;4;9;5;True
5434;6;12;6;True
5435;2;4;2;True
5436;4;6;2;True
5437;1;1;0;True
5438;4;9;5;True
5439;6;12;6;True
5440;12;16;4;True
5441;1;1;0;True
5442;6;8;2;True
5443;3;6;3;True
5444;4;9;5;True
5445;4;8;4;True
5446;1;1;0;True
5447;1;1;0;True
5448;2;2;0;True
5449;1;1;0;True
5450;5;8;3;True
5451;6;9;3;True
5452;2;2;0;True
5453;3;9;6;True
5454;5;8;3;True
5455;3;6;3;True
5456;6;12;6;True
5457;1;1;0;True
5458;7;12;5;True
5459;4;9;5;True
5460;3;6;3;True
5461;2;4;2;True
5462;2;4;2;True
5463;7;12;5;True
5464;4;12;8;True
5465;4;9;5;True
5466;5;9;4;True
5467;1;1;0;True
5468;3;4;1;True
5469;7;9;2;True
5470;5;16;11;True
5471;3;4;1;True
5472;0;0;0;True
5473;5;8;3;True
5474;3;6;3;True
5475;3;6;3;True
5476;3;4;1;True
5477;0;0;0;True
5478;9;16;7;True
5479;2;2;0;True
5480;3;6;3;True
5481;2;2;0;True
5482;4;6;2;True
5483;0;0;0;True
5484;6;16;10;True
5485;11;16;5;True
5486;1;1;0;True
5487;8;16;8;True
5488;2;4;2;True
5489;5;9;4;True
5490;3;9;6;True
5491;0;0;0;True
5492;2;2;0;True
5493;2;4;2;True
5494;2;4;2;True
5495;3;3;0;True
5496;6;12;6;True
5497;2;4;2;True
5498;3;9;6;True
5499;2;4;2;True
5500;2;2;0;True
5501;5;8;3;True
5502;3;3;0;True
5503;5;9;4;True
5504;3;6;3;True
5505;3;6;3;True
5506;3;6;3;True
5507;1;1;0;True
5508;7;12;5;True
5509;5;6;1;True
5510;2;2;0;True
5511;0;0;0;True
5512;1;1;0;True
5513;6;12;6;True
5514;3;6;3;True
5515;4;6;2;True
5516;3;4;1;True
5517;8;12;4;True
5518;2;4;2;True
5519;2;4;2;True
5520;9;16;7;True
5521;3;6;3;True
5522;1;1;0;True
5523;3;3;0;True
5524;3;6;3;True
5525;7;12;5;True
5526;1;1;0;True
5527;4;9;5;True
5528;8;16;8;True
5529;5;12;7;True
5530;1;1;0;True
5531;2;2;0;True
5532;1;1;0;True
5533;3;6;3;True
5534;5;16;11;True
5535;4;8;4;True
5536;3;4;1;True
5537;2;4;2;True
5538;3;9;6;True
5539;5;8;3;True
5540;3;4;1;True
5541;4;9;5;True
5542;6;12;6;True
5543;0;0;0;True
5544;4;9;5;True
5545;5;9;4;True
5546;1;1;0;True
5547;6;12;6;True
5548;9;16;7;True
5549;1;1;0;True
5550;4;6;2;True
5551;2;2;0;True
5552;3;6;3;True
5553;4;9;5;True
5554;0;0;0;True
5555;6;12;6;True
5556;4;9;5;True
5557;3;4;1;True
5558;2;4;2;True
5559;1;1;0;True
5560;4;6;2;True
5561;2;2;0;True
5562;3;3;0;True
5563;2;4;2;True
5564;2;2;0;True
5565;3;3;0;True
5566;4;9;5;True
5567;5;9;4;True
5568;6;16;10;True
5569;2;2;0;True
5570;0;0;0;True
5571;2;4;2;True
5572;3;3;0;True
5573;5;12;7;True
5574;1;1;0;True
5575;1;1;0;True
5576;6;12;6;True
5577;1;1;0;True
5578;3;3;0;True
5579;1;1;0;True
5580;3;3;0;True
5581;4;9;5;True
5582;3;6;3;True
5583;3;4;1;True
5584;4;8;4;True
5585;4;6;2;True
5586;5;12;7;True
5587;0;0;0;True
5588;2;4;2;True
5589;7;12;5;True
5590;1;1;0;True
5591;5;16;11;True
5592;2;2;0;True
5593;3;6;3;True
5594;4;4;0;True
5595;4;12;8;True
5596;4;9;5;True
5597;7;12;5;True
5598;7;16;9;True
5599;1;1;0;True
5600;0;0;0;True
5601;4;9;5;True
5602;3;6;3;True
5603;10;16;6;True
5604;3;9;6;True
5605;1;1;0;True
5606;3;6;3;True
5607;0;0;0;True
5608;3;9;6;True
5609;10;16;6;True
5610;3;6;3;True
5611;3;3;0;True
5612;6;12;6;True
5613;0;0;0;True
5614;2;4;2;True
5615;3;6;3;True
5616;7;9;2;True
5617;1;1;0;True
5618;2;2;0;True
5619;3;6;3;True
5620;3;6;3;True
5621;0;0;0;True
5622;5;8;3;True
5623;2;2;0;True
5624;4;6;2;True
5625;3;9;6;True
5626;5;9;4;True
5627;5;12;7;True
5628;2;4;2;True
5629;3;6;3;True
5630;2;2;0;True
5631;1;1;0;True
5632;4;6;2;True
5633;2;4;2;True
5634;4;9;5;True
5635;4;9;5;True
5636;0;0;0;True
5637;4;12;8;True
5638;6;12;6;True
5639;5;12;7;True
5640;6;16;10;True
5641;6;12;6;True
5642;5;8;3;True
5643;1;1;0;True
5644;7;12;5;True
5645;4;12;8;True
5646;5;12;7;True
5647;5;9;4;True
5648;3;9;6;True
5649;3;3;0;True
5650;8;12;4;True
5651;3;6;3;True
5652;5;12;7;True
5653;2;2;0;True
5654;2;4;2;True
5655;2;4;2;True
5656;3;4;1;True
5657;3;6;3;True
5658;4;9;5;True
5659;4;4;0;True
5660;3;4;1;True
5661;2;2;0;True
5662;8;12;4;True
5663;3;6;3;True
5664;1;1;0;True
5665;2;4;2;True
5666;0;0;0;True
5667;4;6;2;True
5668;6;12;6;True
5669;3;4;1;True
5670;1;1;0;True
5671;4;8;4;True
5672;2;4;2;True
5673;5;6;1;True
5674;0;0;0;True
5675;2;4;2;True
5676;6;12;6;True
5677;0;0;0;True
5678;3;4;1;True
5679;1;1;0;True
5680;3;4;1;True
5681;3;6;3;True
5682;2;4;2;True
5683;5;12;7;True
5684;1;1;0;True
5685;1;1;0;True
5686;2;4;2;True
5687;2;2;0;True
5688;2;4;2;True
5689;0;0;0;True
5690;10;16;6;True
5691;5;9;4;True
5692;1;1;0;True
5693;1;1;0;True
5694;5;16;11;True
5695;3;6;3;True
5696;8;12;4;True
5697;4;12;8;True
5698;7;16;9;True
5699;3;9;6;True
5700;6;16;10;True
5701;4;8;4;True
5702;7;16;9;True
5703;1;1;0;True
5704;0;0;0;True
5705;2;2;0;True
5706;0;0;0;True
5707;5;9;4;True
5708;3;6;3;True
5709;3;6;3;True
5710;2;4;2;True
5711;2;4;2;True
5712;7;8;1;True
5713;5;9;4;True
5714;3;6;3;True
5715;6;12;6;True
5716;2;4;2;True
5717;6;12;6;True
5718;3;6;3;True
5719;6;9;3;True
5720;0;0;0;True
5721;2;2;0;True
5722;1;1;0;True
5723;3;6;3;True
5724;6;9;3;True
5725;7;12;5;True
5726;3;6;3;True
5727;3;6;3;True
5728;5;9;4;True
5729;1;1;0;True
5730;6;16;10;True
5731;7;12;5;True
5732;3;4;1;True
5733;2;4;2;True
5734;2;4;2;True
5735;7;16;9;True
5736;8;12;4;True
5737;5;8;3;True
5738;4;12;8;True
5739;4;9;5;True
5740;0;0;0;True
5741;9;16;7;True
5742;2;4;2;True
5743;1;1;0;True
5744;7;16;9;True
5745;6;8;2;True
5746;9;16;7;True
5747;3;6;3;True
5748;5;6;1;True
5749;5;8;3;True
5750;6;12;6;True
5751;4;9;5;True
5752;3;4;1;True
5753;6;16;10;True
5754;5;16;11;True
5755;3;9;6;True
5756;4;9;5;True
5757;6;9;3;True
5758;6;9;3;True
5759;0;0;0;True
5760;2;4;2;True
5761;4;9;5;True
5762;3;6;3;True
5763;2;4;2;True
5764;1;1;0;True
5765;1;1;0;True
5766;0;0;0;True
5767;8;16;8;True
5768;3;6;3;True
5769;6;16;10;True
5770;0;0;0;True
5771;0;0;0;True
5772;6;12;6;True
5773;8;16;8;True
5774;3;6;3;True
5775;2;4;2;True
5776;5;9;4;True
5777;5;16;11;True
5778;1;1;0;True
5779;5;9;4;True
5780;4;9;5;True
5781;5;12;7;True
5782;4;6;2;True
5783;6;12;6;True
5784;7;12;5;True
5785;1;1;0;True
5786;3;6;3;True
5787;10;16;6;True
5788;3;3;0;True
5789;11;16;5;True
5790;7;16;9;True
5791;4;6;2;True
5792;2;2;0;True
5793;2;4;2;True
5794;5;12;7;True
5795;2;4;2;True
5796;7;12;5;True
5797;3;6;3;True
5798;5;9;4;True
5799;3;6;3;True
5800;5;9;4;True
5801;7;16;9;True
5802;1;1;0;True
5803;3;4;1;True
5804;5;12;7;True
5805;6;16;10;True
5806;3;4;1;True
5807;2;4;2;True
5808;5;12;7;True
5809;5;9;4;True
5810;1;1;0;True
5811;5;16;11;True
5812;2;4;2;True
5813;2;2;0;True
5814;5;12;7;True
5815;6;9;3;True
5816;2;2;0;True
5817;0;0;0;True
5818;1;1;0;True
5819;1;1;0;True
5820;4;9;5;True
5821;2;4;2;True
5822;4;9;5;True
5823;3;6;3;True
5824;11;16;5;True
5825;2;4;2;True
5826;6;12;6;True
5827;1;1;0;True
5828;2;2;0;True
5829;5;12;7;True
5830;6;12;6;True
5831;2;4;2;True
5832;4;16;12;True
5833;0;0;0;True
5834;4;6;2;True
5835;5;9;4;True
5836;1;1;0;True
5837;8;16;8;True
5838;5;9;4;True
5839;6;16;10;True
5840;4;9;5;True
5841;2;4;2;True
5842;3;6;3;True
5843;4;9;5;True
5844;4;12;8;True
5845;9;16;7;True
5846;3;4;1;True
5847;9;16;7;True
5848;6;12;6;True
5849;3;4;1;True
5850;3;4;1;True
5851;0;0;0;True
5852;2;4;2;True
5853;2;2;0;True
5854;6;8;2;True
5855;2;2;0;True
5856;0;0;0;True
5857;4;12;8;True
5858;4;12;8;True
5859;1;1;0;True
5860;1;1;0;True
5861;4;4;0;True
5862;3;4;1;True
5863;1;1;0;True
5864;5;9;4;True
5865;6;12;6;True
5866;4;12;8;True
5867;3;4;1;True
5868;6;12;6;True
5869;6;12;6;True
5870;1;1;0;True
5871;5;9;4;True
5872;1;1;0;True
5873;2;2;0;True
5874;3;4;1;True
5875;6;16;10;True
5876;2;2;0;True
5877;4;9;5;True
5878;5;9;4;True
5879;3;3;0;True
5880;3;6;3;True
5881;7;16;9;True
5882;5;12;7;True
5883;5;12;7;True
5884;8;16;8;True
5885;1;1;0;True
5886;3;4;1;True
5887;6;8;2;True
5888;2;4;2;True
5889;9;16;7;True
5890;6;12;6;True
5891;6;12;6;True
5892;6;16;10;True
5893;2;2;0;True
5894;5;12;7;True
5895;9;12;3;True
5896;7;12;5;True
5897;1;1;0;True
5898;7;16;9;True
5899;2;2;0;True
5900;0;0;0;True
5901;4;6;2;True
5902;7;12;5;True
5903;7;12;5;True
5904;5;9;4;True
5905;6;12;6;True
5906;5;12;7;True
5907;6;12;6;True
5908;4;9;5;True
5909;2;2;0;True
5910;3;6;3;True
5911;4;6;2;True
5912;4;12;8;True
5913;9;16;7;True
5914;6;12;6;True
5915;8;12;4;True
5916;5;9;4;True
5917;8;12;4;True
5918;2;4;2;True
5919;6;9;3;True
5920;1;1;0;True
5921;5;9;4;True
5922;4;8;4;True
5923;1;1;0;True
5924;6;12;6;True
5925;5;8;3;True
5926;2;4;2;True
5927;4;6;2;True
5928;0;0;0;True
5929;5;8;3;True
5930;2;2;0;True
5931;3;4;1;True
5932;4;9;5;True
5933;4;9;5;True
5934;1;1;0;True
5935;0;0;0;True
5936;6;9;3;True
5937;7;16;9;True
5938;8;16;8;True
5939;5;12;7;True
5940;4;8;4;True
5941;9;16;7;True
5942;1;1;0;True
5943;3;6;3;True
5944;7;12;5;True
5945;0;0;0;True
5946;7;12;5;True
5947;5;12;7;True
5948;6;8;2;True
5949;6;9;3;True
5950;1;1;0;True
5951;3;3;0;True
5952;2;4;2;True
5953;8;16;8;True
5954;2;2;0;True
5955;5;8;3;True
5956;7;12;5;True
5957;5;12;7;True
5958;2;4;2;True
5959;6;16;10;True
5960;1;1;0;True
5961;7;12;5;True
5962;4;6;2;True
5963;5;12;7;True
5964;0;0;0;True
5965;5;9;4;True
5966;2;2;0;True
5967;8;16;8;True
5968;3;6;3;True
5969;2;2;0;True
5970;6;16;10;True
5971;2;4;2;True
5972;5;8;3;True
5973;4;9;5;True
5974;1;1;0;True
5975;5;16;11;True
5976;1;1;0;True
5977;5;9;4;True
5978;9;16;7;True
5979;3;6;3;True
5980;3;6;3;True
5981;3;6;3;True
5982;6;16;10;True
5983;5;9;4;True
5984;7;16;9;True
5985;7;16;9;True
5986;1;1;0;True
5987;6;6;0;True
5988;0;0;0;True
5989;8;16;8;True
5990;4;9;5;True
5991;6;16;10;True
5992;5;16;11;True
5993;2;2;0;True
5994;4;12;8;True
5995;7;16;9;True
5996;9;16;7;True
5997;4;9;5;True
5998;0;0;0;True
5999;5;8;3;True
6000;2;4;2;True
6001;6;9;3;True
6002;3;6;3;True
6003;4;9;5;True
6004;3;4;1;True
6005;2;4;2;True
6006;0;0;0;True
6007;3;3;0;True
6008;4;9;5;True
6009;2;2;0;True
6010;5;12;7;True
6011;7;12;5;True
6012;4;9;5;True
6013;2;2;0;True
6014;2;2;0;True
6015;9;16;7;True
6016;1;1;0;True
6017;7;12;5;True
6018;6;12;6;True
6019;2;4;2;True
6020;0;0;0;True
6021;7;16;9;True
6022;1;1;0;True
6023;5;9;4;True
6024;7;16;9;True
6025;2;2;0;True
6026;1;1;0;True
6027;6;12;6;True
6028;3;6;3;True
6029;5;12;7;True
6030;2;2;0;True
6031;2;4;2;True
6032;8;16;8;True
6033;2;4;2;True
6034;4;6;2;True
6035;8;16;8;True
6036;3;6;3;True
6037;6;16;10;True
6038;1;1;0;True
6039;5;9;4;True
6040;5;12;7;True
6041;5;12;7;True
6042;2;2;0;True
6043;1;1;0;True
6044;2;4;2;True
6045;4;12;8;True
6046;2;4;2;True
6047;2;4;2;True
6048;6;9;3;True
6049;3;4;1;True
6050;1;1;0;True
6051;3;4;1;True
6052;4;9;5;True
6053;1;1;0;True
6054;4;6;2;True
6055;3;6;3;True
6056;6;12;6;True
6057;4;6;2;True
6058;2;4;2;True
6059;2;4;2;True
6060;3;4;1;True
6061;4;6;2;True
6062;3;4;1;True
6063;9;16;7;True
6064;4;8;4;True
6065;4;6;2;True
6066;5;12;7;True
6067;2;2;0;True
6068;1;1;0;True
6069;2;4;2;True
6070;2;4;2;True
6071;3;6;3;True
6072;7;12;5;True
6073;3;4;1;True
6074;8;16;8;True
6075;6;9;3;True
6076;8;16;8;True
6077;6;16;10;True
6078;4;9;5;True
6079;7;12;5;True
6080;4;6;2;True
6081;4;9;5;True
6082;1;1;0;True
6083;0;0;0;True
6084;5;9;4;True
6085;6;12;6;True
6086;4;9;5;True
6087;4;12;8;True
6088;3;6;3;True
6089;6;9;3;True
6090;3;6;3;True
6091;6;12;6;True
6092;4;6;2;True
6093;1;1;0;True
6094;1;1;0;True
6095;1;1;0;True
6096;3;6;3;True
6097;3;9;6;True
6098;8;12;4;True
6099;1;1;0;True
6100;6;12;6;True
6101;2;2;0;True
6102;5;9;4;True
6103;6;12;6;True
6104;5;9;4;True
6105;2;4;2;True
6106;3;9;6;True
6107;1;1;0;True
6108;5;12;7;True
6109;1;1;0;True
6110;5;12;7;True
6111;8;16;8;True
6112;3;9;6;True
6113;4;9;5;True
6114;7;12;5;True
6115;6;12;6;True
6116;1;1;0;True
6117;1;1;0;True
6118;3;6;3;True
6119;6;12;6;True
6120;5;12;7;True
6121;2;4;2;True
6122;6;12;6;True
6123;4;9;5;True
6124;0;0;0;True
6125;2;4;2;True
6126;4;9;5;True
6127;7;16;9;True
6128;4;6;2;True
6129;3;6;3;True
6130;5;12;7;True
6131;2;4;2;True
6132;2;4;2;True
6133;3;6;3;True
6134;4;6;2;True
6135;0;0;0;True
6136;7;16;9;True
6137;5;12;7;True
6138;6;9;3;True
6139;2;2;0;True
6140;4;12;8;True
6141;2;4;2;True
6142;3;6;3;True
6143;5;12;7;True
6144;2;2;0;True
6145;3;6;3;True
6146;5;12;7;True
6147;5;12;7;True
6148;4;12;8;True
6149;1;1;0;True
6150;7;16;9;True
6151;3;6;3;True
6152;5;12;7;True
6153;4;6;2;True
6154;6;16;10;True
6155;2;2;0;True
6156;5;9;4;True
6157;4;6;2;True
6158;2;4;2;True
6159;2;4;2;True
6160;1;1;0;True
6161;8;16;8;True
6162;3;6;3;True
6163;5;8;3;True
6164;6;12;6;True
6165;3;9;6;True
6166;4;9;5;True
6167;3;6;3;True
6168;2;2;0;True
6169;1;1;0;True
6170;5;12;7;True
6171;1;1;0;True
6172;4;9;5;True
6173;4;8;4;True
6174;4;6;2;True
6175;6;16;10;True
6176;2;2;0;True
6177;4;6;2;True
6178;3;3;0;True
6179;4;9;5;True
6180;0;0;0;True
6181;0;0;0;True
6182;2;4;2;True
6183;8;12;4;True
6184;1;1;0;True
6185;1;1;0;True
6186;2;4;2;True
6187;0;0;0;True
6188;4;9;5;True
6189;3;6;3;True
6190;6;12;6;True
6191;4;6;2;True
6192;3;6;3;True
6193;2;2;0;True
6194;3;4;1;True
6195;4;6;2;True
6196;1;1;0;True
6197;5;16;11;True
6198;2;4;2;True
6199;5;6;1;True
6200;1;1;0;True
6201;3;6;3;True
6202;5;12;7;True
6203;3;9;6;True
6204;6;12;6;True
6205;7;12;5;True
6206;3;6;3;True
6207;6;9;3;True
6208;3;6;3;True
6209;2;2;0;True
6210;8;12;4;True
6211;5;9;4;True
6212;6;12;6;True
6213;4;8;4;True
6214;1;1;0;True
6215;4;6;2;True
6216;3;4;1;True
6217;7;16;9;True
6218;1;1;0;True
6219;5;12;7;True
6220;5;6;1;True
6221;5;12;7;True
6222;4;9;5;True
6223;3;3;0;True
6224;7;16;9;True
6225;1;1;0;True
6226;5;9;4;True
6227;1;1;0;True
6228;7;16;9;True
6229;6;9;3;True
6230;3;4;1;True
6231;4;12;8;True
6232;2;4;2;True
6233;3;6;3;True
6234;5;9;4;True
6235;2;4;2;True
6236;6;16;10;True
6237;2;2;0;True
6238;3;6;3;True
6239;7;16;9;True
6240;3;4;1;True
6241;5;12;7;True
6242;6;12;6;True
6243;0;0;0;True
6244;2;4;2;True
6245;6;12;6;True
6246;1;1;0;True
6247;1;1;0;True
6248;1;1;0;True
6249;7;12;5;True
6250;3;9;6;True
6251;1;1;0;True
6252;3;6;3;True
6253;3;6;3;True
6254;4;6;2;True
6255;7;12;5;True
6256;5;12;7;True
6257;6;9;3;True
6258;8;16;8;True
6259;6;16;10;True
6260;4;8;4;True
6261;3;6;3;True
6262;3;6;3;True
6263;3;6;3;True
6264;5;12;7;True
6265;3;3;0;True
6266;4;6;2;True
6267;4;12;8;True
6268;6;12;6;True
6269;1;1;0;True
6270;7;16;9;True
6271;1;1;0;True
6272;6;12;6;True
6273;3;9;6;True
6274;2;4;2;True
6275;6;16;10;True
6276;6;12;6;True
6277;0;0;0;True
6278;5;8;3;True
6279;1;1;0;True
6280;4;9;5;True
6281;5;9;4;True
6282;7;16;9;True
6283;0;0;0;True
6284;0;0;0;True
6285;1;1;0;True
6286;7;12;5;True
6287;7;16;9;True
6288;2;4;2;True
6289;3;6;3;True
6290;2;2;0;True
6291;6;12;6;True
6292;3;4;1;True
6293;4;9;5;True
6294;2;4;2;True
6295;5;9;4;True
6296;2;4;2;True
6297;7;12;5;True
6298;2;2;0;True
6299;7;12;5;True
6300;6;9;3;True
6301;6;16;10;True
6302;10;16;6;True
6303;5;9;4;True
6304;2;2;0;True
6305;5;9;4;True
6306;4;9;5;True
6307;1;1;0;True
6308;5;9;4;True
6309;3;6;3;True
6310;1;1;0;True
6311;9;12;3;True
6312;4;12;8;True
6313;3;3;0;True
6314;3;6;3;True
6315;5;12;7;True
6316;7;16;9;True
6317;7;16;9;True
6318;2;4;2;True
6319;6;12;6;True
6320;7;16;9;True
6321;4;6;2;True
6322;2;4;2;True
6323;1;1;0;True
6324;5;12;7;True
6325;1;1;0;True
6326;4;9;5;True
6327;2;4;2;True
6328;3;6;3;True
6329;6;6;0;True
6330;6;9;3;True
6331;1;1;0;True
6332;0;0;0;True
6333;1;1;0;True
6334;8;16;8;True
6335;1;1;0;True
6336;7;12;5;True
6337;7;16;9;True
6338;3;4;1;True
6339;4;6;2;True
6340;3;9;6;True
6341;4;6;2;True
6342;4;6;2;True
6343;7;16;9;True
6344;4;6;2;True
6345;6;12;6;True
6346;0;0;0;True
6347;4;8;4;True
6348;6;12;6;True
6349;1;1;0;True
6350;6;12;6;True
6351;1;1;0;True
6352;4;9;5;True
6353;4;9;5;True
6354;6;12;6;True
6355;3;4;1;True
6356;5;9;4;True
6357;1;1;0;True
6358;4;4;0;True
6359;4;6;2;True
6360;6;16;10;True
6361;6;12;6;True
6362;3;6;3;True
6363;1;1;0;True
6364;2;4;2;True
6365;5;9;4;True
6366;6;9;3;True
6367;4;4;0;True
6368;6;12;6;True
6369;2;2;0;True
6370;3;4;1;True
6371;3;6;3;True
6372;7;16;9;True
6373;1;1;0;True
6374;3;6;3;True
6375;4;6;2;True
6376;5;12;7;True
6377;0;0;0;True
6378;2;4;2;True
6379;4;12;8;True
6380;4;9;5;True
6381;4;9;5;True
6382;1;1;0;True
6383;3;6;3;True
6384;2;2;0;True
6385;2;2;0;True
6386;8;16;8;True
6387;1;1;0;True
6388;1;1;0;True
6389;8;12;4;True
6390;0;0;0;True
6391;6;9;3;True
6392;1;1;0;True
6393;5;9;4;True
6394;6;16;10;True
6395;5;9;4;True
6396;9;16;7;True
6397;1;1;0;True
6398;5;9;4;True
6399;6;12;6;True
6400;3;6;3;True
6401;6;16;10;True
6402;6;12;6;True
6403;7;16;9;True
6404;2;2;0;True
6405;2;2;0;True
6406;4;6;2;True
6407;1;1;0;True
6408;3;4;1;True
6409;3;3;0;True
6410;1;1;0;True
6411;5;9;4;True
6412;8;16;8;True
6413;4;6;2;True
6414;4;12;8;True
6415;5;12;7;True
6416;1;1;0;True
6417;3;6;3;True
6418;1;1;0;True
6419;3;4;1;True
6420;6;12;6;True
6421;6;12;6;True
6422;4;9;5;True
6423;6;16;10;True
6424;3;6;3;True
6425;6;16;10;True
6426;4;4;0;True
6427;3;4;1;True
6428;4;6;2;True
6429;2;4;2;True
6430;1;1;0;True
6431;9;16;7;True
6432;5;9;4;True
6433;9;16;7;True
6434;3;6;3;True
6435;4;9;5;True
6436;7;16;9;True
6437;2;4;2;True
6438;4;9;5;True
6439;2;4;2;True
6440;0;0;0;True
6441;2;4;2;True
6442;6;12;6;True
6443;4;6;2;True
6444;2;2;0;True
6445;2;4;2;True
6446;4;9;5;True
6447;2;4;2;True
6448;2;2;0;True
6449;5;12;7;True
6450;6;16;10;True
6451;0;0;0;True
6452;2;4;2;True
6453;4;9;5;True
6454;4;8;4;True
6455;1;1;0;True
6456;2;2;0;True
6457;3;9;6;True
6458;5;12;7;True
6459;3;6;3;True
6460;5;8;3;True
6461;1;1;0;True
6462;3;9;6;True
6463;1;1;0;True
6464;5;16;11;True
6465;7;16;9;True
6466;5;16;11;True
6467;7;16;9;True
6468;8;16;8;True
6469;0;0;0;True
6470;6;16;10;True
6471;6;8;2;True
6472;6;8;2;True
6473;2;4;2;True
6474;4;12;8;True
6475;4;6;2;True
6476;5;9;4;True
6477;2;4;2;True
6478;8;16;8;True
6479;3;9;6;True
6480;9;16;7;True
6481;3;6;3;True
6482;3;9;6;True
6483;3;6;3;True
6484;8;16;8;True
6485;8;16;8;True
6486;2;4;2;True
6487;8;16;8;True
6488;1;1;0;True
6489;2;4;2;True
6490;3;4;1;True
6491;6;12;6;True
6492;5;12;7;True
6493;2;4;2;True
6494;1;1;0;True
6495;4;9;5;True
6496;6;12;6;True
6497;2;4;2;True
6498;2;2;0;True
6499;6;12;6;True
6500;6;12;6;True
6501;0;0;0;True
6502;1;1;0;True
6503;7;16;9;True
6504;6;12;6;True
6505;1;1;0;True
6506;7;12;5;True
6507;7;12;5;True
6508;1;1;0;True
6509;2;4;2;True
6510;1;1;0;True
6511;3;4;1;True
6512;6;9;3;True
6513;5;12;7;True
6514;5;12;7;True
6515;0;0;0;True
6516;4;16;12;True
6517;2;4;2;True
6518;5;9;4;True
6519;6;12;6;True
6520;4;12;8;True
6521;2;2;0;True
6522;2;4;2;True
6523;1;1;0;True
6524;6;9;3;True
6525;4;9;5;True
6526;0;0;0;True
6527;3;3;0;True
6528;6;12;6;True
6529;1;1;0;True
6530;5;12;7;True
6531;2;4;2;True
6532;2;4;2;True
6533;5;8;3;True
6534;3;3;0;True
6535;0;0;0;True
6536;1;1;0;True
6537;2;4;2;True
6538;5;12;7;True
6539;4;6;2;True
6540;5;16;11;True
6541;4;6;2;True
6542;7;16;9;True
6543;3;6;3;True
6544;4;9;5;True
6545;2;2;0;True
6546;6;12;6;True
6547;6;12;6;True
6548;5;6;1;True
6549;2;4;2;True
6550;6;9;3;True
6551;3;9;6;True
6552;3;4;1;True
6553;4;9;5;True
6554;6;12;6;True
6555;5;9;4;True
6556;7;12;5;True
6557;3;6;3;True
6558;1;1;0;True
6559;2;4;2;True
6560;0;0;0;True
6561;3;9;6;True
6562;5;12;7;True
6563;2;2;0;True
6564;5;12;7;True
6565;4;12;8;True
6566;2;4;2;True
6567;2;4;2;True
6568;4;12;8;True
6569;1;1;0;True
6570;5;12;7;True
6571;2;4;2;True
6572;5;12;7;True
6573;3;4;1;True
6574;8;12;4;True
6575;6;8;2;True
6576;7;8;1;True
6577;3;6;3;True
6578;4;9;5;True
6579;6;12;6;True
6580;6;12;6;True
6581;7;12;5;True
6582;3;6;3;True
6583;3;3;0;True
6584;3;6;3;True
6585;1;1;0;True
6586;3;9;6;True
6587;5;8;3;True
6588;5;12;7;True
6589;3;9;6;True
6590;3;3;0;True
6591;3;4;1;True
6592;0;0;0;True
6593;4;9;5;True
6594;3;6;3;True
6595;7;16;9;True
6596;4;9;5;True
6597;1;1;0;True
6598;2;4;2;True
6599;3;4;1;True
6600;1;1;0;True
6601;4;9;5;True
6602;4;9;5;True
6603;6;12;6;True
6604;1;1;0;True
6605;4;6;2;True
6606;1;1;0;True
6607;5;8;3;True
6608;7;8;1;True
6609;3;6;3;True
6610;2;4;2;True
6611;3;6;3;True
6612;4;9;5;True
6613;4;6;2;True
6614;2;2;0;True
6615;4;6;2;True
6616;2;2;0;True
6617;3;4;1;True
6618;1;1;0;True
6619;3;3;0;True
6620;4;9;5;True
6621;0;0;0;True
6622;2;2;0;True
6623;7;16;9;True
6624;6;12;6;True
6625;8;16;8;True
6626;7;16;9;True
6627;5;9;4;True
6628;2;4;2;True
6629;3;6;3;True
6630;6;16;10;True
6631;9;16;7;True
6632;6;16;10;True
6633;2;4;2;True
6634;4;6;2;True
6635;4;6;2;True
6636;4;9;5;True
6637;0;0;0;True
6638;6;9;3;True
6639;3;4;1;True
6640;3;6;3;True
6641;3;6;3;True
6642;1;1;0;True
6643;2;4;2;True
6644;1;1;0;True
6645;1;1;0;True
6646;2;2;0;True
6647;2;4;2;True
6648;7;9;2;True
6649;2;4;2;True
6650;3;3;0;True
6651;8;16;8;True
6652;5;12;7;True
6653;3;9;6;True
6654;6;12;6;True
6655;4;8;4;True
6656;6;12;6;True
6657;8;16;8;True
6658;2;2;0;True
6659;2;4;2;True
6660;4;9;5;True
6661;7;16;9;True
6662;1;1;0;True
6663;7;16;9;True
6664;9;16;7;True
6665;3;4;1;True
6666;7;16;9;True
6667;2;4;2;True
6668;2;2;0;True
6669;5;12;7;True
6670;4;6;2;True
6671;9;16;7;True
6672;3;4;1;True
6673;2;4;2;True
6674;1;1;0;True
6675;4;6;2;True
6676;4;8;4;True
6677;2;4;2;True
6678;0;0;0;True
6679;5;12;7;True
6680;1;1;0;True
6681;1;1;0;True
6682;1;1;0;True
6683;2;2;0;True
6684;3;9;6;True
6685;2;2;0;True
6686;2;4;2;True
6687;3;6;3;True
6688;2;4;2;True
6689;6;9;3;True
6690;5;9;4;True
6691;3;6;3;True
6692;1;1;0;True
6693;7;16;9;True
6694;6;16;10;True
6695;1;1;0;True
6696;1;1;0;True
6697;3;9;6;True
6698;5;9;4;True
6699;1;1;0;True
6700;7;12;5;True
6701;1;1;0;True
6702;3;4;1;True
6703;8;16;8;True
6704;3;6;3;True
6705;6;16;10;True
6706;6;12;6;True
6707;5;12;7;True
6708;9;16;7;True
6709;4;8;4;True
6710;5;9;4;True
6711;0;0;0;True
6712;2;2;0;True
6713;5;9;4;True
6714;2;4;2;True
6715;0;0;0;True
6716;4;9;5;True
6717;7;16;9;True
6718;1;1;0;True
6719;2;4;2;True
6720;0;0;0;True
6721;5;12;7;True
6722;1;1;0;True
6723;1;1;0;True
6724;7;16;9;True
6725;5;12;7;True
6726;5;8;3;True
6727;1;1;0;True
6728;5;9;4;True
6729;1;1;0;True
6730;7;12;5;True
6731;4;9;5;True
6732;3;6;3;True
6733;3;9;6;True
6734;3;6;3;True
6735;3;6;3;True
6736;4;9;5;True
6737;5;8;3;True
6738;3;6;3;True
6739;4;6;2;True
6740;5;12;7;True
6741;2;2;0;True
6742;1;1;0;True
6743;2;4;2;True
6744;1;1;0;True
6745;3;6;3;True
6746;5;12;7;True
6747;6;16;10;True
6748;2;4;2;True
6749;3;4;1;True
6750;2;2;0;True
6751;1;1;0;True
6752;3;4;1;True
6753;4;9;5;True
6754;5;6;1;True
6755;5;6;1;True
6756;3;6;3;True
6757;1;1;0;True
6758;10;16;6;True
6759;4;9;5;True
6760;8;16;8;True
6761;6;9;3;True
6762;6;12;6;True
6763;1;1;0;True
6764;2;4;2;True
6765;7;16;9;True
6766;3;3;0;True
6767;1;1;0;True
6768;3;4;1;True
6769;4;9;5;True
6770;4;12;8;True
6771;2;4;2;True
6772;4;9;5;True
6773;1;1;0;True
6774;7;16;9;True
6775;5;12;7;True
6776;3;4;1;True
6777;6;12;6;True
6778;4;4;0;True
6779;6;9;3;True
6780;4;6;2;True
6781;4;9;5;True
6782;3;4;1;True
6783;1;1;0;True
6784;1;1;0;True
6785;1;1;0;True
6786;3;4;1;True
6787;7;12;5;True
6788;4;12;8;True
6789;5;9;4;True
6790;7;16;9;True
6791;4;9;5;True
6792;7;16;9;True
6793;4;9;5;True
6794;5;12;7;True
6795;3;6;3;True
6796;0;0;0;True
6797;2;2;0;True
6798;4;6;2;True
6799;8;16;8;True
6800;9;16;7;True
6801;5;12;7;True
6802;5;12;7;True
6803;6;9;3;True
6804;3;4;1;True
6805;4;6;2;True
6806;7;16;9;True
6807;9;16;7;True
6808;2;2;0;True
6809;4;9;5;True
6810;2;4;2;True
6811;0;0;0;True
6812;5;6;1;True
6813;9;16;7;True
6814;2;4;2;True
6815;1;1;0;True
6816;10;12;2;True
6817;3;6;3;True
6818;2;4;2;True
6819;2;4;2;True
6820;2;4;2;True
6821;8;12;4;True
6822;8;16;8;True
6823;6;12;6;True
6824;0;0;0;True
6825;5;9;4;True
6826;1;1;0;True
6827;1;1;0;True
6828;1;1;0;True
6829;3;4;1;True
6830;3;4;1;True
6831;2;2;0;True
6832;2;4;2;True
6833;8;16;8;True
6834;0;0;0;True
6835;8;16;8;True
6836;2;2;0;True
6837;3;6;3;True
6838;4;9;5;True
6839;0;0;0;True
6840;4;12;8;True
6841;3;4;1;True
6842;5;8;3;True
6843;1;1;0;True
6844;4;9;5;True
6845;5;12;7;True
6846;3;4;1;True
6847;2;4;2;True
6848;0;0;0;True
6849;3;6;3;True
6850;4;9;5;True
6851;6;12;6;True
6852;1;1;0;True
6853;8;16;8;True
6854;2;4;2;True
6855;3;9;6;True
6856;6;12;6;True
6857;3;6;3;True
6858;3;6;3;True
6859;5;9;4;True
6860;1;1;0;True
6861;1;1;0;True
6862;3;3;0;True
6863;3;6;3;True
6864;6;16;10;True
6865;0;0;0;True
6866;6;12;6;True
6867;0;0;0;True
6868;0;0;0;True
6869;1;1;0;True
6870;4;8;4;True
6871;3;4;1;True
6872;5;16;11;True
6873;4;9;5;True
6874;2;4;2;True
6875;4;9;5;True
6876;2;4;2;True
6877;1;1;0;True
6878;3;9;6;True
6879;9;12;3;True
6880;7;16;9;True
6881;2;2;0;True
6882;3;3;0;True
6883;4;12;8;True
6884;0;0;0;True
6885;7;12;5;True
6886;0;0;0;True
6887;6;9;3;True
6888;9;16;7;True
6889;9;16;7;True
6890;0;0;0;True
6891;6;9;3;True
6892;4;9;5;True
6893;7;16;9;True
6894;3;3;0;True
6895;2;2;0;True
6896;3;6;3;True
6897;3;9;6;True
6898;6;12;6;True
6899;5;12;7;True
6900;0;0;0;True
6901;6;16;10;True
6902;5;12;7;True
6903;4;12;8;True
6904;6;16;10;True
6905;3;4;1;True
6906;5;12;7;True
6907;7;12;5;True
6908;4;9;5;True
6909;4;9;5;True
6910;5;8;3;True
6911;5;8;3;True
6912;4;6;2;True
6913;3;6;3;True
6914;3;4;1;True
6915;3;4;1;True
6916;7;16;9;True
6917;3;6;3;True
6918;4;12;8;True
6919;3;6;3;True
6920;4;9;5;True
6921;3;4;1;True
6922;5;12;7;True
6923;3;4;1;True
6924;7;16;9;True
6925;4;6;2;True
6926;6;16;10;True
6927;5;16;11;True
6928;7;16;9;True
6929;5;12;7;True
6930;4;9;5;True
6931;5;9;4;True
6932;5;6;1;True
6933;4;8;4;True
6934;6;16;10;True
6935;1;1;0;True
6936;2;2;0;True
6937;5;12;7;True
6938;5;12;7;True
6939;2;2;0;True
6940;3;6;3;True
6941;3;4;1;True
6942;0;0;0;True
6943;1;1;0;True
6944;9;16;7;True
6945;4;9;5;True
6946;3;6;3;True
6947;3;4;1;True
6948;1;1;0;True
6949;7;16;9;True
6950;0;0;0;True
6951;7;16;9;True
6952;4;4;0;True
6953;5;6;1;True
6954;4;9;5;True
6955;10;16;6;True
6956;5;9;4;True
6957;2;4;2;True
6958;4;12;8;True
6959;3;9;6;True
6960;5;12;7;True
6961;4;12;8;True
6962;6;9;3;True
6963;3;4;1;True
6964;1;1;0;True
6965;1;1;0;True
6966;7;8;1;True
6967;1;1;0;True
6968;6;12;6;True
6969;7;12;5;True
6970;7;16;9;True
6971;6;12;6;True
6972;1;1;0;True
6973;6;12;6;True
6974;2;2;0;True
6975;1;1;0;True
6976;6;12;6;True
6977;5;12;7;True
6978;3;6;3;True
6979;2;4;2;True
6980;1;1;0;True
6981;3;6;3;True
6982;4;9;5;True
6983;4;9;5;True
6984;0;0;0;True
6985;7;12;5;True
6986;2;2;0;True
6987;3;4;1;True
6988;2;4;2;True
6989;4;12;8;True
6990;6;12;6;True
6991;6;16;10;True
6992;0;0;0;True
6993;6;12;6;True
6994;4;6;2;True
6995;2;2;0;True
6996;2;4;2;True
6997;3;4;1;True
6998;5;12;7;True
6999;3;6;3;True
7000;1;1;0;True
7001;3;9;6;True
7002;5;12;7;True
7003;2;4;2;True
7004;1;1;0;True
7005;4;6;2;True
7006;5;12;7;True
7007;1;1;0;True
7008;4;6;2;True
7009;6;12;6;True
7010;3;4;1;True
7011;0;0;0;True
7012;1;1;0;True
7013;4;6;2;True
7014;1;1;0;True
7015;7;16;9;True
7016;0;0;0;True
7017;2;2;0;True
7018;4;9;5;True
7019;4;6;2;True
7020;2;4;2;True
7021;4;9;5;True
7022;6;9;3;True
7023;7;9;2;True
7024;3;3;0;True
7025;6;12;6;True
7026;6;16;10;True
7027;8;12;4;True
7028;3;6;3;True
7029;4;9;5;True
7030;5;9;4;True
7031;5;12;7;True
7032;3;6;3;True
7033;5;9;4;True
7034;0;0;0;True
7035;1;1;0;True
7036;4;6;2;True
7037;4;8;4;True
7038;3;6;3;True
7039;6;16;10;True
7040;1;1;0;True
7041;4;9;5;True
7042;5;9;4;True
7043;1;1;0;True
7044;6;9;3;True
7045;6;12;6;True
7046;2;2;0;True
7047;4;9;5;True
7048;7;12;5;True
7049;3;6;3;True
7050;7;16;9;True
7051;2;4;2;True
7052;5;12;7;True
7053;4;8;4;True
7054;4;8;4;True
7055;4;6;2;True
7056;2;4;2;True
7057;5;12;7;True
7058;3;4;1;True
7059;1;1;0;True
7060;0;0;0;True
7061;7;12;5;True
7062;3;6;3;True
7063;7;16;9;True
7064;3;6;3;True
7065;4;9;5;True
7066;3;6;3;True
7067;0;0;0;True
7068;7;16;9;True
7069;2;4;2;True
7070;4;12;8;True
7071;6;12;6;True
7072;5;12;7;True
7073;1;1;0;True
7074;8;16;8;True
7075;0;0;0;True
7076;7;12;5;True
7077;1;1;0;True
7078;6;12;6;True
7079;0;0;0;True
7080;4;6;2;True
7081;9;16;7;True
7082;2;2;0;True
7083;5;8;3;True
7084;6;16;10;True
7085;3;9;6;True
7086;4;12;8;True
7087;4;9;5;True
7088;4;6;2;True
7089;7;12;5;True
7090;2;4;2;True
7091;8;12;4;True
7092;4;6;2;True
7093;8;12;4;True
7094;5;16;11;True
7095;4;6;2;True
7096;2;2;0;True
7097;7;16;9;True
7098;1;1;0;True
7099;1;1;0;True
7100;1;1;0;True
7101;1;1;0;True
7102;2;2;0;True
7103;1;1;0;True
7104;5;12;7;True
7105;4;9;5;True
7106;2;2;0;True
7107;1;1;0;True
7108;4;12;8;True
7109;3;9;6;True
7110;3;6;3;True
7111;1;1;0;True
7112;0;0;0;True
7113;2;4;2;True
7114;0;0;0;True
7115;3;6;3;True
7116;0;0;0;True
7117;4;6;2;True
7118;7;16;9;True
7119;2;2;0;True
7120;8;16;8;True
7121;3;6;3;True
7122;4;9;5;True
7123;5;9;4;True
7124;9;12;3;True
7125;0;0;0;True
7126;7;12;5;True
7127;5;16;11;True
7128;2;4;2;True
7129;3;6;3;True
7130;4;9;5;True
7131;8;16;8;True
7132;2;4;2;True
7133;0;0;0;True
7134;1;1;0;True
7135;9;16;7;True
7136;1;1;0;True
7137;3;6;3;True
7138;7;16;9;True
7139;1;1;0;True
7140;5;12;7;True
7141;4;9;5;True
7142;5;9;4;True
7143;3;6;3;True
7144;6;12;6;True
7145;3;6;3;True
7146;6;12;6;True
7147;4;6;2;True
7148;1;1;0;True
7149;1;1;0;True
7150;4;6;2;True
7151;6;12;6;True
7152;0;0;0;True
7153;7;16;9;True
7154;5;12;7;True
7155;5;12;7;True
7156;2;4;2;True
7157;7;12;5;True
7158;5;12;7;True
7159;5;12;7;True
7160;4;6;2;True
7161;5;12;7;True
7162;3;6;3;True
7163;5;12;7;True
7164;2;2;0;True
7165;7;16;9;True
7166;4;12;8;True
7167;2;4;2;True
7168;5;8;3;True
7169;5;9;4;True
7170;5;12;7;True
7171;2;4;2;True
7172;5;9;4;True
7173;4;9;5;True
7174;8;16;8;True
7175;4;6;2;True
7176;6;12;6;True
7177;2;4;2;True
7178;4;8;4;True
7179;3;4;1;True
7180;3;6;3;True
7181;4;9;5;True
7182;6;12;6;True
7183;1;1;0;True
7184;2;2;0;True
7185;2;4;2;True
7186;6;9;3;True
7187;6;12;6;True
7188;6;12;6;True
7189;1;1;0;True
7190;3;9;6;True
7191;3;4;1;True
7192;3;4;1;True
7193;4;9;5;True
7194;1;1;0;True
7195;3;6;3;True
7196;4;6;2;True
7197;9;16;7;True
7198;0;0;0;True
7199;2;4;2;True
7200;7;9;2;True
7201;0;0;0;True
7202;3;6;3;True
7203;3;6;3;True
7204;1;1;0;True
7205;5;12;7;True
7206;2;4;2;True
7207;2;4;2;True
7208;8;16;8;True
7209;0;0;0;True
7210;0;0;0;True
7211;1;1;0;True
7212;4;9;5;True
7213;2;4;2;True
7214;3;9;6;True
7215;8;16;8;True
7216;1;1;0;True
7217;1;1;0;True
7218;9;12;3;True
7219;2;2;0;True
7220;2;4;2;True
7221;4;6;2;True
7222;3;6;3;True
7223;1;1;0;True
7224;0;0;0;True
7225;4;9;5;True
7226;5;9;4;True
7227;4;9;5;True
7228;8;16;8;True
7229;3;6;3;True
7230;5;9;4;True
7231;6;12;6;True
7232;2;2;0;True
7233;4;12;8;True
7234;1;1;0;True
7235;3;6;3;True
7236;2;4;2;True
7237;1;1;0;True
7238;4;12;8;True
7239;2;4;2;True
7240;3;9;6;True
7241;3;6;3;True
7242;5;9;4;True
7243;4;6;2;True
7244;9;16;7;True
7245;8;12;4;True
7246;3;4;1;True
7247;4;6;2;True
7248;6;9;3;True
7249;6;16;10;True
7250;5;16;11;True
7251;6;12;6;True
7252;3;9;6;True
7253;5;12;7;True
7254;11;16;5;True
7255;3;6;3;True
7256;3;4;1;True
7257;1;1;0;True
7258;1;1;0;True
7259;8;12;4;True
7260;4;6;2;True
7261;0;0;0;True
7262;2;4;2;True
7263;3;4;1;True
7264;3;4;1;True
7265;1;1;0;True
7266;4;9;5;True
7267;2;2;0;True
7268;0;0;0;True
7269;4;4;0;True
7270;1;1;0;True
7271;7;12;5;True
7272;2;4;2;True
7273;4;12;8;True
7274;6;16;10;True
7275;2;2;0;True
7276;3;6;3;True
7277;5;12;7;True
7278;3;6;3;True
7279;5;9;4;True
7280;7;16;9;True
7281;6;12;6;True
7282;2;4;2;True
7283;0;0;0;True
7284;3;6;3;True
7285;1;1;0;True
7286;3;6;3;True
7287;4;6;2;True
7288;4;9;5;True
7289;3;6;3;True
7290;3;3;0;True
7291;5;16;11;True
7292;0;0;0;True
7293;2;4;2;True
7294;3;4;1;True
7295;5;12;7;True
7296;4;9;5;True
7297;7;12;5;True
7298;3;6;3;True
7299;3;6;3;True
7300;5;6;1;True
7301;1;1;0;True
7302;7;12;5;True
7303;3;4;1;True
7304;3;4;1;True
7305;5;9;4;True
7306;1;1;0;True
7307;3;9;6;True
7308;6;16;10;True
7309;2;4;2;True
7310;1;1;0;True
7311;7;16;9;True
7312;2;4;2;True
7313;4;6;2;True
7314;5;12;7;True
7315;4;6;2;True
7316;5;9;4;True
7317;3;4;1;True
7318;1;1;0;True
7319;4;6;2;True
7320;3;4;1;True
7321;8;16;8;True
7322;2;4;2;True
7323;2;2;0;True
7324;4;6;2;True
7325;3;9;6;True
7326;4;9;5;True
7327;5;9;4;True
7328;3;9;6;True
7329;7;12;5;True
7330;3;6;3;True
7331;2;2;0;True
7332;1;1;0;True
7333;6;9;3;True
7334;5;9;4;True
7335;4;12;8;True
7336;5;9;4;True
7337;2;4;2;True
7338;6;12;6;True
7339;4;9;5;True
7340;2;4;2;True
7341;7;12;5;True
7342;4;6;2;True
7343;3;6;3;True
7344;7;12;5;True
7345;7;12;5;True
7346;0;0;0;True
7347;3;9;6;True
7348;2;4;2;True
7349;1;1;0;True
7350;8;12;4;True
7351;5;6;1;True
7352;6;12;6;True
7353;2;4;2;True
7354;3;6;3;True
7355;9;16;7;True
7356;6;16;10;True
7357;3;4;1;True
7358;2;2;0;True
7359;4;6;2;True
7360;3;6;3;True
7361;1;1;0;True
7362;5;12;7;True
7363;6;12;6;True
7364;3;6;3;True
7365;4;9;5;True
7366;3;6;3;True
7367;6;12;6;True
7368;7;16;9;True
7369;3;6;3;True
7370;4;9;5;True
7371;3;6;3;True
7372;3;3;0;True
7373;3;6;3;True
7374;8;16;8;True
7375;3;4;1;True
7376;4;9;5;True
7377;0;0;0;True
7378;5;12;7;True
7379;8;12;4;True
7380;0;0;0;True
7381;5;12;7;True
7382;4;6;2;True
7383;6;12;6;True
7384;3;4;1;True
7385;4;9;5;True
7386;4;6;2;True
7387;6;6;0;True
7388;3;6;3;True
7389;2;2;0;True
7390;4;9;5;True
7391;3;6;3;True
7392;10;16;6;True
7393;0;0;0;True
7394;1;1;0;True
7395;2;2;0;True
7396;3;4;1;True
7397;3;6;3;True
7398;1;1;0;True
7399;1;1;0;True
7400;7;12;5;True
7401;2;2;0;True
7402;0;0;0;True
7403;3;6;3;True
7404;4;9;5;True
7405;5;12;7;True
7406;4;6;2;True
7407;3;6;3;True
7408;1;1;0;True
7409;2;4;2;True
7410;2;4;2;True
7411;1;1;0;True
7412;0;0;0;True
7413;6;9;3;True
7414;3;4;1;True
7415;1;1;0;True
7416;5;9;4;True
7417;5;9;4;True
7418;2;2;0;True
7419;0;0;0;True
7420;1;1;0;True
7421;6;16;10;True
7422;5;9;4;True
7423;4;9;5;True
7424;1;1;0;True
7425;6;9;3;True
7426;5;8;3;True
7427;5;9;4;True
7428;2;2;0;True
7429;3;9;6;True
7430;6;12;6;True
7431;8;16;8;True
7432;3;6;3;True
7433;2;4;2;True
7434;3;9;6;True
7435;3;6;3;True
7436;3;6;3;True
7437;4;6;2;True
7438;5;9;4;True
7439;2;4;2;True
7440;4;9;5;True
7441;8;12;4;True
7442;0;0;0;True
7443;3;4;1;True
7444;2;4;2;True
7445;7;12;5;True
7446;0;0;0;True
7447;1;1;0;True
7448;2;2;0;True
7449;3;6;3;True
7450;0;0;0;True
7451;3;4;1;True
7452;9;16;7;True
7453;8;16;8;True
7454;1;1;0;True
7455;7;16;9;True
7456;7;12;5;True
7457;1;1;0;True
7458;0;0;0;True
7459;6;12;6;True
7460;9;16;7;True
7461;11;16;5;True
7462;7;16;9;True
7463;1;1;0;True
7464;4;4;0;True
7465;11;16;5;True
7466;0;0;0;True
7467;6;16;10;True
7468;3;6;3;True
7469;5;12;7;True
7470;3;4;1;True
7471;4;9;5;True
7472;2;4;2;True
7473;4;6;2;True
7474;8;12;4;True
7475;1;1;0;True
7476;1;1;0;True
7477;4;6;2;True
7478;7;12;5;True
7479;3;6;3;True
7480;3;6;3;True
7481;0;0;0;True
7482;0;0;0;True
7483;4;12;8;True
7484;2;4;2;True
7485;4;9;5;True
7486;5;9;4;True
7487;4;12;8;True
7488;0;0;0;True
7489;4;6;2;True
7490;4;9;5;True
7491;3;3;0;True
7492;4;6;2;True
7493;3;9;6;True
7494;0;0;0;True
7495;0;0;0;True
7496;5;12;7;True
7497;3;4;1;True
7498;2;4;2;True
7499;5;12;7;True
7500;3;4;1;True
7501;7;12;5;True
7502;2;4;2;True
7503;3;4;1;True
7504;3;4;1;True
7505;4;12;8;True
7506;3;4;1;True
7507;0;0;0;True
7508;1;1;0;True
7509;6;9;3;True
7510;4;16;12;True
7511;7;16;9;True
7512;6;16;10;True
7513;1;1;0;True
7514;4;9;5;True
7515;3;6;3;True
7516;1;1;0;True
7517;6;16;10;True
7518;6;16;10;True
7519;0;0;0;True
7520;7;16;9;True
7521;7;12;5;True
7522;4;16;12;True
7523;7;16;9;True
7524;3;6;3;True
7525;4;6;2;True
7526;1;1;0;True
7527;2;4;2;True
7528;0;0;0;True
7529;7;12;5;True
7530;3;4;1;True
7531;6;16;10;True
7532;5;8;3;True
7533;3;4;1;True
7534;4;6;2;True
7535;7;16;9;True
7536;0;0;0;True
7537;5;12;7;True
7538;0;0;0;True
7539;4;9;5;True
7540;2;2;0;True
7541;4;6;2;True
7542;1;1;0;True
7543;6;12;6;True
7544;3;4;1;True
7545;6;12;6;True
7546;3;6;3;True
7547;10;16;6;True
7548;3;6;3;True
7549;3;4;1;True
7550;2;4;2;True
7551;0;0;0;True
7552;1;1;0;True
7553;2;2;0;True
7554;1;1;0;True
7555;6;16;10;True
7556;2;2;0;True
7557;2;4;2;True
7558;1;1;0;True
7559;2;4;2;True
7560;2;2;0;True
7561;2;2;0;True
7562;5;9;4;True
7563;4;12;8;True
7564;3;6;3;True
7565;1;1;0;True
7566;5;12;7;True
7567;7;16;9;True
7568;3;6;3;True
7569;4;12;8;True
7570;1;1;0;True
7571;8;16;8;True
7572;8;16;8;True
7573;4;6;2;True
7574;8;16;8;True
7575;4;9;5;True
7576;3;9;6;True
7577;3;9;6;True
7578;5;16;11;True
7579;4;9;5;True
7580;2;4;2;True
7581;3;6;3;True
7582;6;12;6;True
7583;4;9;5;True
7584;6;12;6;True
7585;5;12;7;True
7586;7;12;5;True
7587;6;12;6;True
7588;2;4;2;True
7589;5;12;7;True
7590;9;16;7;True
7591;5;9;4;True
7592;4;9;5;True
7593;0;0;0;True
7594;2;2;0;True
7595;4;9;5;True
7596;3;9;6;True
7597;5;12;7;True
7598;6;12;6;True
7599;4;8;4;True
7600;2;2;0;True
7601;5;12;7;True
7602;3;6;3;True
7603;4;12;8;True
7604;2;4;2;True
7605;2;4;2;True
7606;3;4;1;True
7607;3;6;3;True
7608;4;9;5;True
7609;7;12;5;True
7610;5;12;7;True
7611;3;3;0;True
7612;4;12;8;True
7613;1;1;0;True
7614;7;16;9;True
7615;6;16;10;True
7616;5;16;11;True
7617;2;2;0;True
7618;1;1;0;True
7619;1;1;0;True
7620;7;16;9;True
7621;3;6;3;True
7622;7;12;5;True
7623;5;9;4;True
7624;3;6;3;True
7625;6;16;10;True
7626;0;0;0;True
7627;4;16;12;True
7628;1;1;0;True
7629;2;2;0;True
7630;2;4;2;True
7631;1;1;0;True
7632;3;4;1;True
7633;4;6;2;True
7634;2;4;2;True
7635;5;12;7;True
7636;9;16;7;True
7637;4;6;2;True
7638;4;6;2;True
7639;6;9;3;True
7640;5;12;7;True
7641;0;0;0;True
7642;5;12;7;True
7643;8;12;4;True
7644;2;4;2;True
7645;5;16;11;True
7646;3;6;3;True
7647;1;1;0;True
7648;4;9;5;True
7649;6;12;6;True
7650;1;1;0;True
7651;3;4;1;True
7652;6;12;6;True
7653;2;4;2;True
7654;5;12;7;True
7655;2;4;2;True
7656;2;4;2;True
7657;3;4;1;True
7658;0;0;0;True
7659;3;6;3;True
7660;5;6;1;True
7661;4;9;5;True
7662;5;12;7;True
7663;6;16;10;True
7664;2;4;2;True
7665;2;2;0;True
7666;3;6;3;True
7667;4;9;5;True
7668;2;2;0;True
7669;1;1;0;True
7670;7;9;2;True
7671;3;6;3;True
7672;0;0;0;True
7673;2;4;2;True
7674;2;2;0;True
7675;3;3;0;True
7676;4;6;2;True
7677;9;16;7;True
7678;4;12;8;True
7679;2;4;2;True
7680;0;0;0;True
7681;4;8;4;True
7682;7;16;9;True
7683;1;1;0;True
7684;4;12;8;True
7685;2;2;0;True
7686;2;4;2;True
7687;5;9;4;True
7688;10;16;6;True
7689;1;1;0;True
7690;4;9;5;True
7691;3;4;1;True
7692;5;8;3;True
7693;3;6;3;True
7694;7;16;9;True
7695;3;9;6;True
7696;1;1;0;True
7697;3;6;3;True
7698;0;0;0;True
7699;8;16;8;True
7700;1;1;0;True
7701;6;12;6;True
7702;5;9;4;True
7703;5;12;7;True
7704;3;6;3;True
7705;5;9;4;True
7706;6;9;3;True
7707;3;6;3;True
7708;5;12;7;True
7709;4;6;2;True
7710;4;6;2;True
7711;5;6;1;True
7712;7;16;9;True
7713;7;16;9;True
7714;1;1;0;True
7715;4;9;5;True
7716;3;4;1;True
7717;1;1;0;True
7718;4;6;2;True
7719;4;4;0;True
7720;4;6;2;True
7721;0;0;0;True
7722;2;4;2;True
7723;2;4;2;True
7724;4;6;2;True
7725;1;1;0;True
7726;3;4;1;True
7727;6;16;10;True
7728;8;12;4;True
7729;3;4;1;True
7730;2;2;0;True
7731;4;9;5;True
7732;2;2;0;True
7733;2;2;0;True
7734;0;0;0;True
7735;8;16;8;True
7736;6;12;6;True
7737;6;16;10;True
7738;3;4;1;True
7739;4;8;4;True
7740;10;12;2;True
7741;2;2;0;True
7742;5;9;4;True
7743;2;4;2;True
7744;4;6;2;True
7745;3;6;3;True
7746;5;16;11;True
7747;4;4;0;True
7748;5;9;4;True
7749;5;12;7;True
7750;1;1;0;True
7751;1;1;0;True
7752;6;12;6;True
7753;5;16;11;True
7754;7;12;5;True
7755;6;9;3;True
7756;4;8;4;True
7757;2;4;2;True
7758;3;9;6;True
7759;4;6;2;True
7760;6;9;3;True
7761;2;4;2;True
7762;6;9;3;True
7763;0;0;0;True
7764;3;6;3;True
7765;2;2;0;True
7766;6;9;3;True
7767;4;8;4;True
7768;11;16;5;True
7769;5;8;3;True
7770;3;4;1;True
7771;4;16;12;True
7772;3;4;1;True
7773;1;1;0;True
7774;5;8;3;True
7775;0;0;0;True
7776;3;6;3;True
7777;5;9;4;True
7778;1;1;0;True
7779;2;4;2;True
7780;6;12;6;True
7781;4;9;5;True
7782;4;6;2;True
7783;0;0;0;True
7784;5;6;1;True
7785;2;4;2;True
7786;8;12;4;True
7787;5;9;4;True
7788;9;16;7;True
7789;3;6;3;True
7790;4;12;8;True
7791;2;4;2;True
7792;3;4;1;True
7793;5;8;3;True
7794;2;2;0;True
7795;2;2;0;True
7796;3;6;3;True
7797;5;12;7;True
7798;2;2;0;True
7799;2;4;2;True
7800;1;1;0;True
7801;1;1;0;True
7802;6;16;10;True
7803;4;6;2;True
7804;1;1;0;True
7805;7;12;5;True
7806;5;9;4;True
7807;3;6;3;True
7808;4;6;2;True
7809;3;6;3;True
7810;5;12;7;True
7811;6;9;3;True
7812;1;1;0;True
7813;5;9;4;True
7814;3;6;3;True
7815;4;4;0;True
7816;0;0;0;True
7817;1;1;0;True
7818;3;6;3;True
7819;8;12;4;True
7820;0;0;0;True
7821;5;12;7;True
7822;2;2;0;True
7823;7;12;5;True
7824;5;16;11;True
7825;3;6;3;True
7826;7;16;9;True
7827;5;12;7;True
7828;9;16;7;True
7829;1;1;0;True
7830;5;9;4;True
7831;1;1;0;True
7832;4;6;2;True
7833;2;4;2;True
7834;2;4;2;True
7835;1;1;0;True
7836;4;9;5;True
7837;2;4;2;True
7838;6;12;6;True
7839;7;12;5;True
7840;6;12;6;True
7841;5;16;11;True
7842;1;1;0;True
7843;2;2;0;True
7844;2;4;2;True
7845;4;4;0;True
7846;5;6;1;True
7847;6;16;10;True
7848;3;6;3;True
7849;0;0;0;True
7850;3;4;1;True
7851;0;0;0;True
7852;4;9;5;True
7853;3;4;1;True
7854;4;12;8;True
7855;4;8;4;True
7856;3;9;6;True
7857;5;12;7;True
7858;3;4;1;True
7859;1;1;0;True
7860;0;0;0;True
7861;2;4;2;True
7862;0;0;0;True
7863;5;9;4;True
7864;7;16;9;True
7865;0;0;0;True
7866;10;16;6;True
7867;2;2;0;True
7868;8;12;4;True
7869;9;12;3;True
7870;3;9;6;True
7871;1;1;0;True
7872;2;4;2;True
7873;4;12;8;True
7874;5;12;7;True
7875;3;6;3;True
7876;4;12;8;True
7877;5;12;7;True
7878;6;9;3;True
7879;5;12;7;True
7880;6;12;6;True
7881;1;1;0;True
7882;5;9;4;True
7883;4;9;5;True
7884;3;6;3;True
7885;1;1;0;True
7886;3;6;3;True
7887;1;1;0;True
7888;3;6;3;True
7889;3;6;3;True
7890;2;2;0;True
7891;1;1;0;True
7892;3;6;3;True
7893;2;2;0;True
7894;2;2;0;True
7895;8;16;8;True
7896;2;4;2;True
7897;5;9;4;True
7898;6;9;3;True
7899;2;4;2;True
7900;4;6;2;True
7901;3;6;3;True
7902;1;1;0;True
7903;2;2;0;True
7904;4;12;8;True
7905;0;0;0;True
7906;2;4;2;True
7907;6;12;6;True
7908;3;4;1;True
7909;7;16;9;True
7910;2;2;0;True
7911;5;12;7;True
7912;2;2;0;True
7913;1;1;0;True
7914;8;16;8;True
7915;3;6;3;True
7916;1;1;0;True
7917;1;1;0;True
7918;0;0;0;True
7919;4;6;2;True
7920;1;1;0;True
7921;3;6;3;True
7922;2;2;0;True
7923;2;4;2;True
7924;4;9;5;True
7925;2;2;0;True
7926;2;4;2;True
7927;4;9;5;True
7928;3;6;3;True
7929;7;16;9;True
7930;7;16;9;True
7931;2;4;2;True
7932;6;9;3;True
7933;2;2;0;True
7934;5;12;7;True
7935;1;1;0;True
7936;0;0;0;True
7937;6;12;6;True
7938;5;16;11;True
7939;3;9;6;True
7940;5;12;7;True
7941;0;0;0;True
7942;2;2;0;True
7943;3;3;0;True
7944;3;9;6;True
7945;2;2;0;True
7946;2;4;2;True
7947;5;16;11;True
7948;0;0;0;True
7949;3;6;3;True
7950;2;4;2;True
7951;4;9;5;True
7952;1;1;0;True
7953;7;16;9;True
7954;1;1;0;True
7955;3;9;6;True
7956;5;12;7;True
7957;4;8;4;True
7958;5;9;4;True
7959;6;12;6;True
7960;2;2;0;True
7961;4;9;5;True
7962;8;16;8;True
7963;4;12;8;True
7964;0;0;0;True
7965;4;8;4;True
7966;1;1;0;True
7967;7;12;5;True
7968;6;16;10;True
7969;0;0;0;True
7970;6;16;10;True
7971;5;16;11;True
7972;1;1;0;True
7973;6;9;3;True
7974;7;16;9;True
7975;2;4;2;True
7976;7;12;5;True
7977;6;16;10;True
7978;4;12;8;True
7979;1;1;0;True
7980;5;16;11;True
7981;0;0;0;True
7982;6;12;6;True
7983;7;12;5;True
7984;4;6;2;True
7985;0;0;0;True
7986;4;9;5;True
7987;6;12;6;True
7988;4;8;4;True
7989;2;2;0;True
7990;1;1;0;True
7991;5;9;4;True
7992;1;1;0;True
7993;2;4;2;True
7994;0;0;0;True
7995;0;0;0;True
7996;4;6;2;True
7997;6;9;3;True
7998;7;16;9;True
7999;1;1;0;True
8000;2;4;2;True
8001;2;2;0;True
8002;3;4;1;True
8003;1;1;0;True
8004;3;9;6;True
8005;2;2;0;True
8006;12;16;4;True
8007;0;0;0;True
8008;3;6;3;True
8009;1;1;0;True
8010;6;12;6;True
8011;4;6;2;True
8012;5;12;7;True
8013;8;16;8;True
8014;4;9;5;True
8015;0;0;0;True
8016;9;12;3;True
8017;6;16;10;True
8018;1;1;0;True
8019;7;16;9;True
8020;3;6;3;True
8021;2;2;0;True
8022;3;4;1;True
8023;2;4;2;True
8024;5;16;11;True
8025;5;12;7;True
8026;5;12;7;True
8027;7;16;9;True
8028;5;9;4;True
8029;3;4;1;True
8030;4;6;2;True
8031;6;12;6;True
8032;0;0;0;True
8033;2;4;2;True
8034;9;16;7;True
8035;6;16;10;True
8036;5;8;3;True
8037;6;16;10;True
8038;8;16;8;True
8039;5;6;1;True
8040;4;12;8;True
8041;4;6;2;True
8042;2;2;0;True
8043;7;12;5;True
8044;7;16;9;True
8045;3;6;3;True
8046;3;6;3;True
8047;4;6;2;True
8048;8;16;8;True
8049;8;16;8;True
8050;7;16;9;True
8051;6;12;6;True
8052;4;8;4;True
8053;7;12;5;True
8054;1;1;0;True
8055;4;9;5;True
8056;4;9;5;True
8057;3;4;1;True
8058;4;6;2;True
8059;2;2;0;True
8060;4;12;8;True
8061;1;1;0;True
8062;6;12;6;True
8063;0;0;0;True
8064;2;2;0;True
8065;7;12;5;True
8066;6;16;10;True
8067;3;6;3;True
8068;5;8;3;True
8069;9;12;3;True
8070;5;9;4;True
8071;1;1;0;True
8072;4;16;12;True
8073;6;12;6;True
8074;2;4;2;True
8075;4;9;5;True
8076;5;12;7;True
8077;1;1;0;True
8078;5;6;1;True
8079;3;4;1;True
8080;5;12;7;True
8081;5;12;7;True
8082;5;16;11;True
8083;4;12;8;True
8084;5;8;3;True
8085;5;12;7;True
8086;3;4;1;True
8087;3;6;3;True
8088;3;9;6;True
8089;6;12;6;True
8090;0;0;0;True
8091;7;16;9;True
8092;0;0;0;True
8093;5;12;7;True
8094;1;1;0;True
8095;5;9;4;True
8096;6;9;3;True
8097;6;16;10;True
8098;4;12;8;True
8099;9;16;7;True
8100;0;0;0;True
8101;4;9;5;True
8102;5;12;7;True
8103;1;1;0;True
8104;8;16;8;True
8105;3;6;3;True
8106;6;12;6;True
8107;0;0;0;True
8108;2;2;0;True
8109;2;4;2;True
8110;3;6;3;True
8111;1;1;0;True
8112;3;6;3;True
8113;4;6;2;True
8114;6;9;3;True
8115;2;4;2;True
8116;1;1;0;True
8117;2;4;2;True
8118;7;16;9;True
8119;4;8;4;True
8120;6;16;10;True
8121;7;9;2;True
8122;7;16;9;True
8123;2;2;0;True
8124;8;16;8;True
8125;3;9;6;True
8126;7;12;5;True
8127;2;4;2;True
8128;3;6;3;True
8129;2;2;0;True
8130;3;9;6;True
8131;7;12;5;True
8132;6;12;6;True
8133;5;9;4;True
8134;2;4;2;True
8135;2;4;2;True
8136;3;9;6;True
8137;1;1;0;True
8138;2;4;2;True
8139;2;4;2;True
8140;0;0;0;True
8141;2;4;2;True
8142;7;12;5;True
8143;6;16;10;True
8144;5;9;4;True
8145;5;9;4;True
8146;7;12;5;True
8147;4;9;5;True
8148;4;9;5;True
8149;2;4;2;True
8150;8;16;8;True
8151;3;6;3;True
8152;3;4;1;True
8153;2;4;2;True
8154;0;0;0;True
8155;1;1;0;True
8156;5;12;7;True
8157;2;4;2;True
8158;3;6;3;True
8159;1;1;0;True
8160;1;1;0;True
8161;3;6;3;True
8162;3;4;1;True
8163;4;12;8;True
8164;2;4;2;True
8165;4;9;5;True
8166;5;8;3;True
8167;1;1;0;True
8168;3;9;6;True
8169;5;9;4;True
8170;6;12;6;True
8171;1;1;0;True
8172;0;0;0;True
8173;3;6;3;True
8174;4;8;4;True
8175;3;9;6;True
8176;4;12;8;True
8177;2;4;2;True
8178;1;1;0;True
8179;2;2;0;True
8180;4;9;5;True
8181;7;12;5;True
8182;5;6;1;True
8183;5;12;7;True
8184;9;16;7;True
8185;4;9;5;True
8186;2;4;2;True
8187;6;12;6;True
8188;6;12;6;True
8189;5;12;7;True
8190;0;0;0;True
8191;8;16;8;True
8192;4;12;8;True
8193;1;1;0;True
8194;2;4;2;True
8195;6;12;6;True
8196;6;12;6;True
8197;7;12;5;True
8198;6;8;2;True
8199;5;9;4;True
8200;2;2;0;True
8201;2;2;0;True
8202;5;9;4;True
8203;0;0;0;True
8204;4;12;8;True
8205;4;6;2;True
8206;1;1;0;True
8207;2;2;0;True
8208;8;16;8;True
8209;2;4;2;True
8210;2;2;0;True
8211;8;12;4;True
8212;0;0;0;True
8213;7;16;9;True
8214;0;0;0;True
8215;5;9;4;True
8216;5;16;11;True
8217;8;16;8;True
8218;1;1;0;True
8219;3;6;3;True
8220;4;6;2;True
8221;8;12;4;True
8222;7;12;5;True
8223;1;1;0;True
8224;2;4;2;True
8225;1;1;0;True
8226;8;16;8;True
8227;3;9;6;True
8228;1;1;0;True
8229;4;9;5;True
8230;2;4;2;True
8231;3;6;3;True
8232;0;0;0;True
8233;7;12;5;True
8234;3;6;3;True
8235;5;16;11;True
8236;0;0;0;True
8237;4;12;8;True
8238;4;6;2;True
8239;6;12;6;True
8240;1;1;0;True
8241;5;12;7;True
8242;2;4;2;True
8243;5;12;7;True
8244;2;2;0;True
8245;7;12;5;True
8246;5;12;7;True
8247;2;4;2;True
8248;4;9;5;True
8249;1;1;0;True
8250;1;1;0;True
8251;3;4;1;True
8252;4;9;5;True
8253;1;1;0;True
8254;3;9;6;True
8255;1;1;0;True
8256;3;3;0;True
8257;5;16;11;True
8258;3;9;6;True
8259;1;1;0;True
8260;1;1;0;True
8261;3;6;3;True
8262;7;16;9;True
8263;10;16;6;True
8264;7;12;5;True
8265;1;1;0;True
8266;2;4;2;True
8267;5;12;7;True
8268;3;6;3;True
8269;3;9;6;True
8270;2;4;2;True
8271;6;9;3;True
8272;1;1;0;True
8273;4;12;8;True
8274;3;6;3;True
8275;1;1;0;True
8276;1;1;0;True
8277;2;4;2;True
8278;4;9;5;True
8279;4;9;5;True
8280;2;4;2;True
8281;1;1;0;True
8282;4;6;2;True
8283;6;12;6;True
8284;1;1;0;True
8285;3;6;3;True
8286;3;9;6;True
8287;6;12;6;True
8288;3;4;1;True
8289;7;12;5;True
8290;1;1;0;True
8291;4;6;2;True
8292;2;2;0;True
8293;4;12;8;True
8294;0;0;0;True
8295;1;1;0;True
8296;6;12;6;True
8297;1;1;0;True
8298;4;6;2;True
8299;5;9;4;True
8300;0;0;0;True
8301;6;16;10;True
8302;3;6;3;True
8303;3;3;0;True
8304;1;1;0;True
8305;6;9;3;True
8306;2;2;0;True
8307;2;4;2;True
8308;1;1;0;True
8309;8;12;4;True
8310;2;4;2;True
8311;2;4;2;True
8312;3;9;6;True
8313;2;4;2;True
8314;4;12;8;True
8315;3;6;3;True
8316;4;9;5;True
8317;3;6;3;True
8318;0;0;0;True
8319;0;0;0;True
8320;7;12;5;True
8321;7;12;5;True
8322;8;12;4;True
8323;8;12;4;True
8324;3;6;3;True
8325;4;6;2;True
8326;2;2;0;True
8327;2;4;2;True
8328;1;1;0;True
8329;4;9;5;True
8330;0;0;0;True
8331;3;6;3;True
8332;2;4;2;True
8333;1;1;0;True
8334;1;1;0;True
8335;4;6;2;True
8336;6;12;6;True
8337;4;9;5;True
8338;1;1;0;True
8339;2;4;2;True
8340;1;1;0;True
8341;2;4;2;True
8342;6;12;6;True
8343;2;2;0;True
8344;7;12;5;True
8345;6;16;10;True
8346;5;12;7;True
8347;3;4;1;True
8348;11;16;5;True
8349;2;4;2;True
8350;4;16;12;True
8351;9;16;7;True
8352;2;2;0;True
8353;0;0;0;True
8354;1;1;0;True
8355;3;6;3;True
8356;8;12;4;True
8357;3;4;1;True
8358;2;2;0;True
8359;1;1;0;True
8360;3;6;3;True
8361;3;3;0;True
8362;2;2;0;True
8363;3;4;1;True
8364;8;16;8;True
8365;6;16;10;True
8366;7;12;5;True
8367;8;12;4;True
8368;4;9;5;True
8369;1;1;0;True
8370;4;9;5;True
8371;6;12;6;True
8372;4;9;5;True
8373;5;16;11;True
8374;5;6;1;True
8375;1;1;0;True
8376;4;9;5;True
8377;8;16;8;True
8378;4;6;2;True
8379;3;6;3;True
8380;2;4;2;True
8381;2;2;0;True
8382;5;9;4;True
8383;0;0;0;True
8384;0;0;0;True
8385;1;1;0;True
8386;0;0;0;True
8387;0;0;0;True
8388;3;6;3;True
8389;5;12;7;True
8390;2;4;2;True
8391;5;12;7;True
8392;2;2;0;True
8393;0;0;0;True
8394;1;1;0;True
8395;7;16;9;True
8396;3;4;1;True
8397;5;9;4;True
8398;2;2;0;True
8399;2;2;0;True
8400;5;8;3;True
8401;2;4;2;True
8402;2;4;2;True
8403;5;9;4;True
8404;5;9;4;True
8405;1;1;0;True
8406;1;1;0;True
8407;5;9;4;True
8408;3;4;1;True
8409;7;16;9;True
8410;6;9;3;True
8411;4;6;2;True
8412;3;4;1;True
8413;8;16;8;True
8414;5;12;7;True
8415;0;0;0;True
8416;4;9;5;True
8417;8;16;8;True
8418;1;1;0;True
8419;3;6;3;True
8420;9;16;7;True
8421;4;9;5;True
8422;3;4;1;True
8423;2;4;2;True
8424;7;16;9;True
8425;3;3;0;True
8426;6;12;6;True
8427;3;4;1;True
8428;0;0;0;True
8429;1;1;0;True
8430;4;9;5;True
8431;5;6;1;True
8432;1;1;0;True
8433;3;3;0;True
8434;4;9;5;True
8435;7;16;9;True
8436;1;1;0;True
8437;3;4;1;True
8438;4;6;2;True
8439;6;12;6;True
8440;3;9;6;True
8441;4;9;5;True
8442;3;6;3;True
8443;1;1;0;True
8444;5;16;11;True
8445;9;16;7;True
8446;5;12;7;True
8447;4;6;2;True
8448;2;4;2;True
8449;0;0;0;True
8450;6;16;10;True
8451;5;12;7;True
8452;5;12;7;True
8453;2;4;2;True
8454;4;9;5;True
8455;6;12;6;True
8456;3;6;3;True
8457;4;9;5;True
8458;7;16;9;True
8459;5;9;4;True
8460;6;12;6;True
8461;5;12;7;True
8462;2;2;0;True
8463;1;1;0;True
8464;5;12;7;True
8465;0;0;0;True
8466;5;9;4;True
8467;2;4;2;True
8468;2;2;0;True
8469;4;6;2;True
8470;6;16;10;True
8471;5;12;7;True
8472;0;0;0;True
8473;9;16;7;True
8474;2;2;0;True
8475;2;4;2;True
8476;4;9;5;True
8477;0;0;0;True
8478;1;1;0;True
8479;5;9;4;True
8480;3;4;1;True
8481;4;8;4;True
8482;5;12;7;True
8483;3;9;6;True
8484;5;16;11;True
8485;6;12;6;True
8486;2;2;0;True
8487;1;1;0;True
8488;4;6;2;True
8489;3;6;3;True
8490;5;9;4;True
8491;3;6;3;True
8492;3;4;1;True
8493;5;6;1;True
8494;4;6;2;True
8495;4;12;8;True
8496;3;3;0;True
8497;1;1;0;True
8498;4;9;5;True
8499;2;4;2;True
8500;2;4;2;True
8501;7;16;9;True
8502;3;6;3;True
8503;2;4;2;True
8504;8;16;8;True
8505;3;6;3;True
8506;0;0;0;True
8507;0;0;0;True
8508;2;2;0;True
8509;6;16;10;True
8510;4;9;5;True
8511;1;1;0;True
8512;6;16;10;True
8513;2;2;0;True
8514;6;12;6;True
8515;6;12;6;True
8516;5;16;11;True
8517;5;12;7;True
8518;5;12;7;True
8519;3;6;3;True
8520;1;1;0;True
8521;3;4;1;True
8522;4;6;2;True
8523;4;9;5;True
8524;10;16;6;True
8525;4;12;8;True
8526;7;12;5;True
8527;4;12;8;True
8528;1;1;0;True
8529;3;4;1;True
8530;5;9;4;True
8531;4;6;2;True
8532;7;16;9;True
8533;3;9;6;True
8534;4;9;5;True
8535;4;8;4;True
8536;4;8;4;True
8537;3;4;1;True
8538;5;16;11;True
8539;4;6;2;True
8540;4;9;5;True
8541;2;2;0;True
8542;3;6;3;True
8543;6;12;6;True
8544;0;0;0;True
8545;5;16;11;True
8546;4;8;4;True
8547;7;16;9;True
8548;1;1;0;True
8549;5;9;4;True
8550;1;1;0;True
8551;6;12;6;True
8552;2;4;2;True
8553;3;6;3;True
8554;6;16;10;True
8555;4;9;5;True
8556;1;1;0;True
8557;4;6;2;True
8558;2;4;2;True
8559;6;9;3;True
8560;4;9;5;True
8561;5;12;7;True
8562;6;9;3;True
8563;4;6;2;True
8564;8;12;4;True
8565;5;16;11;True
8566;5;6;1;True
8567;5;12;7;True
8568;5;12;7;True
8569;2;2;0;True
8570;4;9;5;True
8571;3;6;3;True
8572;3;6;3;True
8573;3;6;3;True
8574;2;4;2;True
8575;2;2;0;True
8576;6;12;6;True
8577;3;6;3;True
8578;6;9;3;True
8579;10;12;2;True
8580;6;12;6;True
8581;2;2;0;True
8582;1;1;0;True
8583;2;4;2;True
8584;2;2;0;True
8585;2;2;0;True
8586;5;9;4;True
8587;4;9;5;True
8588;1;1;0;True
8589;0;0;0;True
8590;5;9;4;True
8591;4;9;5;True
8592;4;6;2;True
8593;5;16;11;True
8594;7;16;9;True
8595;4;6;2;True
8596;7;16;9;True
8597;3;6;3;True
8598;4;16;12;True
8599;4;6;2;True
8600;7;16;9;True
8601;4;6;2;True
8602;5;12;7;True
8603;3;6;3;True
8604;6;16;10;True
8605;4;9;5;True
8606;2;4;2;True
8607;3;9;6;True
8608;5;9;4;True
8609;5;9;4;True
8610;2;4;2;True
8611;3;4;1;True
8612;5;8;3;True
8613;3;6;3;True
8614;5;12;7;True
8615;6;12;6;True
8616;6;12;6;True
8617;3;4;1;True
8618;5;12;7;True
8619;8;12;4;True
8620;4;6;2;True
8621;3;6;3;True
8622;3;6;3;True
8623;5;12;7;True
8624;5;12;7;True
8625;7;12;5;True
8626;7;9;2;True
8627;9;16;7;True
8628;9;16;7;True
8629;5;12;7;True
8630;7;12;5;True
8631;0;0;0;True
8632;5;6;1;True
8633;1;1;0;True
8634;6;12;6;True
8635;5;9;4;True
8636;1;1;0;True
8637;5;12;7;True
8638;5;9;4;True
8639;6;12;6;True
8640;7;12;5;True
8641;4;9;5;True
8642;3;9;6;True
8643;3;6;3;True
8644;6;16;10;True
8645;2;2;0;True
8646;3;4;1;True
8647;4;9;5;True
8648;4;9;5;True
8649;1;1;0;True
8650;1;1;0;True
8651;1;1;0;True
8652;1;1;0;True
8653;4;6;2;True
8654;2;4;2;True
8655;5;12;7;True
8656;2;4;2;True
8657;1;1;0;True
8658;1;1;0;True
8659;5;12;7;True
8660;2;2;0;True
8661;4;9;5;True
8662;3;6;3;True
8663;4;9;5;True
8664;3;9;6;True
8665;3;4;1;True
8666;8;16;8;True
8667;1;1;0;True
8668;4;9;5;True
8669;7;16;9;True
8670;2;2;0;True
8671;2;2;0;True
8672;4;4;0;True
8673;0;0;0;True
8674;4;9;5;True
8675;4;6;2;True
8676;1;1;0;True
8677;5;8;3;True
8678;1;1;0;True
8679;4;4;0;True
8680;1;1;0;True
8681;3;4;1;True
8682;0;0;0;True
8683;1;1;0;True
8684;2;4;2;True
8685;4;9;5;True
8686;2;2;0;True
8687;6;16;10;True
8688;6;16;10;True
8689;5;12;7;True
8690;3;9;6;True
8691;3;6;3;True
8692;5;12;7;True
8693;8;16;8;True
8694;3;6;3;True
8695;7;16;9;True
8696;1;1;0;True
8697;5;12;7;True
8698;1;1;0;True
8699;6;8;2;True
8700;5;12;7;True
8701;6;12;6;True
8702;4;9;5;True
8703;4;9;5;True
8704;5;12;7;True
8705;1;1;0;True
8706;3;9;6;True
8707;6;9;3;True
8708;0;0;0;True
8709;5;12;7;True
8710;2;2;0;True
8711;9;16;7;True
8712;4;9;5;True
8713;5;8;3;True
8714;3;6;3;True
8715;2;2;0;True
8716;5;6;1;True
8717;8;9;1;True
8718;6;9;3;True
8719;5;16;11;True
8720;6;12;6;True
8721;8;16;8;True
8722;8;16;8;True
8723;0;0;0;True
8724;3;6;3;True
8725;4;9;5;True
8726;4;9;5;True
8727;1;1;0;True
8728;4;6;2;True
8729;3;6;3;True
8730;7;12;5;True
8731;7;12;5;True
8732;4;9;5;True
8733;5;12;7;True
8734;4;8;4;True
8735;1;1;0;True
8736;5;9;4;True
8737;1;1;0;True
8738;4;6;2;True
8739;5;9;4;True
8740;3;9;6;True
8741;2;4;2;True
8742;5;12;7;True
8743;1;1;0;True
8744;2;4;2;True
8745;6;9;3;True
8746;4;9;5;True
8747;4;9;5;True
8748;4;8;4;True
8749;7;16;9;True
8750;4;6;2;True
8751;2;2;0;True
8752;6;12;6;True
8753;4;6;2;True
8754;5;9;4;True
8755;6;12;6;True
8756;3;4;1;True
8757;1;1;0;True
8758;9;16;7;True
8759;4;9;5;True
8760;9;16;7;True
8761;4;6;2;True
8762;4;8;4;True
8763;2;2;0;True
8764;4;9;5;True
8765;3;9;6;True
8766;3;6;3;True
8767;0;0;0;True
8768;3;4;1;True
8769;4;9;5;True
8770;3;6;3;True
8771;5;9;4;True
8772;7;16;9;True
8773;2;4;2;True
8774;2;2;0;True
8775;8;16;8;True
8776;1;1;0;True
8777;3;9;6;True
8778;1;1;0;True
8779;7;12;5;True
8780;3;9;6;True
8781;3;6;3;True
8782;6;12;6;True
8783;3;6;3;True
8784;5;12;7;True
8785;4;4;0;True
8786;1;1;0;True
8787;5;12;7;True
8788;4;9;5;True
8789;5;12;7;True
8790;5;8;3;True
8791;4;9;5;True
8792;5;16;11;True
8793;3;9;6;True
8794;2;4;2;True
8795;5;9;4;True
8796;4;6;2;True
8797;3;6;3;True
8798;8;16;8;True
8799;7;12;5;True
8800;5;12;7;True
8801;3;6;3;True
8802;0;0;0;True
8803;4;12;8;True
8804;2;2;0;True
8805;4;9;5;True
8806;4;12;8;True
8807;0;0;0;True
8808;0;0;0;True
8809;3;6;3;True
8810;7;12;5;True
8811;6;12;6;True
8812;2;4;2;True
8813;4;9;5;True
8814;4;9;5;True
8815;4;8;4;True
8816;6;12;6;True
8817;6;12;6;True
8818;5;8;3;True
8819;7;12;5;True
8820;1;1;0;True
8821;5;8;3;True
8822;1;1;0;True
8823;7;12;5;True
8824;4;6;2;True
8825;2;4;2;True
8826;4;9;5;True
8827;5;12;7;True
8828;5;8;3;True
8829;6;8;2;True
8830;0;0;0;True
8831;2;4;2;True
8832;3;4;1;True
8833;1;1;0;True
8834;5;9;4;True
8835;5;9;4;True
8836;5;9;4;True
8837;4;12;8;True
8838;2;4;2;True
8839;3;6;3;True
8840;1;1;0;True
8841;5;16;11;True
8842;4;6;2;True
8843;8;16;8;True
8844;7;16;9;True
8845;3;6;3;True
8846;2;2;0;True
8847;7;16;9;True
8848;1;1;0;True
8849;1;1;0;True
8850;0;0;0;True
8851;3;3;0;True
8852;2;4;2;True
8853;8;16;8;True
8854;1;1;0;True
8855;2;2;0;True
8856;3;6;3;True
8857;0;0;0;True
8858;4;9;5;True
8859;5;12;7;True
8860;8;16;8;True
8861;6;16;10;True
8862;9;16;7;True
8863;3;4;1;True
8864;1;1;0;True
8865;1;1;0;True
8866;4;9;5;True
8867;6;16;10;True
8868;2;4;2;True
8869;6;12;6;True
8870;5;9;4;True
8871;5;12;7;True
8872;3;3;0;True
8873;6;16;10;True
8874;3;6;3;True
8875;5;9;4;True
8876;3;6;3;True
8877;5;9;4;True
8878;4;6;2;True
8879;6;16;10;True
8880;7;12;5;True
8881;5;9;4;True
8882;5;9;4;True
8883;1;1;0;True
8884;2;2;0;True
8885;7;16;9;True
8886;7;12;5;True
8887;4;6;2;True
8888;2;2;0;True
8889;1;1;0;True
8890;1;1;0;True
8891;8;12;4;True
8892;2;2;0;True
8893;6;8;2;True
8894;2;4;2;True
8895;2;2;0;True
8896;3;6;3;True
8897;0;0;0;True
8898;3;6;3;True
8899;5;6;1;True
8900;5;9;4;True
8901;2;4;2;True
8902;6;9;3;True
8903;3;4;1;True
8904;8;16;8;True
8905;5;16;11;True
8906;6;9;3;True
8907;6;16;10;True
8908;3;3;0;True
8909;4;6;2;True
8910;4;9;5;True
8911;3;6;3;True
8912;6;9;3;True
8913;5;9;4;True
8914;2;4;2;True
8915;5;6;1;True
8916;2;2;0;True
8917;7;16;9;True
8918;3;6;3;True
8919;2;2;0;True
8920;4;8;4;True
8921;1;1;0;True
8922;2;4;2;True
8923;6;12;6;True
8924;2;4;2;True
8925;0;0;0;True
8926;5;16;11;True
8927;7;16;9;True
8928;2;2;0;True
8929;2;4;2;True
8930;0;0;0;True
8931;7;12;5;True
8932;1;1;0;True
8933;7;16;9;True
8934;8;16;8;True
8935;2;4;2;True
8936;3;6;3;True
8937;9;16;7;True
8938;9;16;7;True
8939;1;1;0;True
8940;1;1;0;True
8941;1;1;0;True
8942;6;12;6;True
8943;5;9;4;True
8944;1;1;0;True
8945;1;1;0;True
8946;7;16;9;True
8947;4;8;4;True
8948;3;6;3;True
8949;6;12;6;True
8950;2;2;0;True
8951;1;1;0;True
8952;6;9;3;True
8953;5;12;7;True
8954;3;9;6;True
8955;6;12;6;True
8956;2;4;2;True
8957;2;4;2;True
8958;8;16;8;True
8959;4;9;5;True
8960;1;1;0;True
8961;4;9;5;True
8962;5;12;7;True
8963;7;16;9;True
8964;3;3;0;True
8965;7;12;5;True
8966;2;4;2;True
8967;6;12;6;True
8968;3;6;3;True
8969;4;9;5;True
8970;8;16;8;True
8971;5;9;4;True
8972;1;1;0;True
8973;6;12;6;True
8974;8;16;8;True
8975;0;0;0;True
8976;2;2;0;True
8977;1;1;0;True
8978;8;16;8;True
8979;4;9;5;True
8980;7;16;9;True
8981;3;3;0;True
8982;4;8;4;True
8983;4;8;4;True
8984;1;1;0;True
8985;2;4;2;True
8986;3;4;1;True
8987;1;1;0;True
8988;1;1;0;True
8989;5;12;7;True
8990;9;16;7;True
8991;6;6;0;True
8992;0;0;0;True
8993;1;1;0;True
8994;4;6;2;True
8995;5;6;1;True
8996;2;4;2;True
8997;4;9;5;True
8998;2;4;2;True
8999;4;4;0;True
9000;6;8;2;True
9001;3;4;1;True
9002;4;9;5;True
9003;4;9;5;True
9004;4;12;8;True
9005;4;6;2;True
9006;7;16;9;True
9007;1;1;0;True
9008;1;1;0;True
9009;2;2;0;True
9010;5;8;3;True
9011;7;16;9;True
9012;9;16;7;True
9013;2;4;2;True
9014;2;4;2;True
9015;4;8;4;True
9016;8;12;4;True
9017;1;1;0;True
9018;2;4;2;True
9019;3;9;6;True
9020;4;9;5;True
9021;3;4;1;True
9022;2;4;2;True
9023;2;4;2;True
9024;3;4;1;True
9025;4;9;5;True
9026;5;12;7;True
9027;7;16;9;True
9028;2;4;2;True
9029;0;0;0;True
9030;4;12;8;True
9031;10;16;6;True
9032;1;1;0;True
9033;1;1;0;True
9034;8;16;8;True
9035;10;16;6;True
9036;4;6;2;True
9037;3;9;6;True
9038;1;1;0;True
9039;3;3;0;True
9040;5;16;11;True
9041;1;1;0;True
9042;2;4;2;True
9043;2;2;0;True
9044;4;9;5;True
9045;1;1;0;True
9046;1;1;0;True
9047;4;12;8;True
9048;4;9;5;True
9049;9;16;7;True
9050;4;9;5;True
9051;1;1;0;True
9052;6;16;10;True
9053;0;0;0;True
9054;3;4;1;True
9055;8;16;8;True
9056;2;2;0;True
9057;0;0;0;True
9058;1;1;0;True
9059;7;16;9;True
9060;7;12;5;True
9061;4;6;2;True
9062;2;4;2;True
9063;4;6;2;True
9064;5;16;11;True
9065;5;6;1;True
9066;5;6;1;True
9067;7;16;9;True
9068;4;6;2;True
9069;2;2;0;True
9070;5;16;11;True
9071;3;6;3;True
9072;6;16;10;True
9073;1;1;0;True
9074;1;1;0;True
9075;1;1;0;True
9076;3;9;6;True
9077;5;8;3;True
9078;6;12;6;True
9079;8;16;8;True
9080;2;4;2;True
9081;2;2;0;True
9082;3;9;6;True
9083;2;4;2;True
9084;3;6;3;True
9085;4;4;0;True
9086;5;9;4;True
9087;7;12;5;True
9088;3;6;3;True
9089;3;6;3;True
9090;0;0;0;True
9091;0;0;0;True
9092;6;12;6;True
9093;3;4;1;True
9094;4;6;2;True
9095;4;9;5;True
9096;1;1;0;True
9097;2;4;2;True
9098;6;12;6;True
9099;0;0;0;True
9100;5;9;4;True
9101;2;2;0;True
9102;6;12;6;True
9103;3;6;3;True
9104;2;4;2;True
9105;4;6;2;True
9106;1;1;0;True
9107;8;16;8;True
9108;2;4;2;True
9109;5;12;7;True
9110;2;4;2;True
9111;6;12;6;True
9112;4;9;5;True
9113;3;9;6;True
9114;6;12;6;True
9115;4;9;5;True
9116;6;12;6;True
9117;3;9;6;True
9118;4;9;5;True
9119;5;16;11;True
9120;6;16;10;True
9121;8;16;8;True
9122;3;4;1;True
9123;0;0;0;True
9124;7;12;5;True
9125;5;9;4;True
9126;4;6;2;True
9127;5;16;11;True
9128;1;1;0;True
9129;7;16;9;True
9130;3;4;1;True
9131;1;1;0;True
9132;5;8;3;True
9133;4;8;4;True
9134;1;1;0;True
9135;2;2;0;True
9136;5;12;7;True
9137;10;16;6;True
9138;7;16;9;True
9139;4;6;2;True
9140;4;9;5;True
9141;0;0;0;True
9142;0;0;0;True
9143;0;0;0;True
9144;4;6;2;True
9145;4;6;2;True
9146;3;4;1;True
9147;4;9;5;True
9148;2;2;0;True
9149;5;6;1;True
9150;3;3;0;True
9151;4;12;8;True
9152;7;12;5;True
9153;2;2;0;True
9154;4;9;5;True
9155;1;1;0;True
9156;8;16;8;True
9157;5;12;7;True
9158;4;4;0;True
9159;2;2;0;True
9160;8;16;8;True
9161;2;2;0;True
9162;4;6;2;True
9163;2;4;2;True
9164;3;6;3;True
9165;5;9;4;True
9166;3;4;1;True
9167;4;9;5;True
9168;0;0;0;True
9169;6;12;6;True
9170;2;4;2;True
9171;4;6;2;True
9172;5;12;7;True
9173;1;1;0;True
9174;3;6;3;True
9175;5;12;7;True
9176;4;12;8;True
9177;4;12;8;True
9178;5;9;4;True
9179;7;16;9;True
9180;4;6;2;True
9181;3;6;3;True
9182;1;1;0;True
9183;2;4;2;True
9184;2;2;0;True
9185;5;8;3;True
9186;3;9;6;True
9187;2;4;2;True
9188;11;16;5;True
9189;9;16;7;True
9190;6;12;6;True
9191;7;16;9;True
9192;2;2;0;True
9193;5;16;11;True
9194;3;6;3;True
9195;5;8;3;True
9196;2;4;2;True
9197;1;1;0;True
9198;2;4;2;True
9199;2;4;2;True
9200;1;1;0;True
9201;3;6;3;True
9202;3;4;1;True
9203;3;4;1;True
9204;4;6;2;True
9205;0;0;0;True
9206;5;12;7;True
9207;2;2;0;True
9208;5;9;4;True
9209;2;4;2;True
9210;3;3;0;True
9211;6;12;6;True
9212;1;1;0;True
9213;3;3;0;True
9214;1;1;0;True
9215;5;9;4;True
9216;1;1;0;True
9217;1;1;0;True
9218;3;6;3;True
9219;6;16;10;True
9220;4;9;5;True
9221;5;9;4;True
9222;1;1;0;True
9223;1;1;0;True
9224;6;12;6;True
9225;0;0;0;True
9226;8;16;8;True
9227;12;16;4;True
9228;2;2;0;True
9229;2;2;0;True
9230;1;1;0;True
9231;4;12;8;True
9232;10;16;6;True
9233;6;12;6;True
9234;9;16;7;True
9235;6;12;6;True
9236;6;9;3;True
9237;5;16;11;True
9238;5;9;4;True
9239;3;6;3;True
9240;1;1;0;True
9241;6;12;6;True
9242;3;9;6;True
9243;8;8;0;True
9244;4;6;2;True
9245;7;12;5;True
9246;0;0;0;True
9247;2;2;0;True
9248;6;12;6;True
9249;4;8;4;True
9250;5;16;11;True
9251;1;1;0;True
9252;5;8;3;True
9253;3;4;1;True
9254;7;12;5;True
9255;1;1;0;True
9256;0;0;0;True
9257;2;4;2;True
9258;2;4;2;True
9259;9;16;7;True
9260;8;9;1;True
9261;2;2;0;True
9262;5;9;4;True
9263;7;12;5;True
9264;2;4;2;True
9265;6;9;3;True
9266;6;12;6;True
9267;4;9;5;True
9268;5;9;4;True
9269;3;6;3;True
9270;8;16;8;True
9271;2;2;0;True
9272;4;8;4;True
9273;4;8;4;True
9274;4;6;2;True
9275;1;1;0;True
9276;7;12;5;True
9277;2;2;0;True
9278;6;12;6;True
9279;7;12;5;True
9280;6;16;10;True
9281;4;6;2;True
9282;1;1;0;True
9283;3;9;6;True
9284;2;2;0;True
9285;0;0;0;True
9286;5;12;7;True
9287;8;16;8;True
9288;0;0;0;True
9289;0;0;0;True
9290;5;12;7;True
9291;4;6;2;True
9292;1;1;0;True
9293;7;12;5;True
9294;2;4;2;True
9295;0;0;0;True
9296;2;4;2;True
9297;8;16;8;True
9298;0;0;0;True
9299;2;4;2;True
9300;6;12;6;True
9301;2;4;2;True
9302;6;16;10;True
9303;6;16;10;True
9304;0;0;0;True
9305;3;6;3;True
9306;2;4;2;True
9307;2;2;0;True
9308;5;8;3;True
9309;5;9;4;True
9310;3;4;1;True
9311;7;16;9;True
9312;6;12;6;True
9313;2;2;0;True
9314;6;12;6;True
9315;6;12;6;True
9316;2;2;0;True
9317;7;9;2;True
9318;5;12;7;True
9319;4;6;2;True
9320;4;12;8;True
9321;3;4;1;True
9322;3;6;3;True
9323;4;9;5;True
9324;7;12;5;True
9325;3;6;3;True
9326;2;4;2;True
9327;4;6;2;True
9328;1;1;0;True
9329;5;9;4;True
9330;0;0;0;True
9331;7;12;5;True
9332;6;12;6;True
9333;3;4;1;True
9334;3;6;3;True
9335;0;0;0;True
9336;5;8;3;True
9337;9;16;7;True
9338;3;6;3;True
9339;2;2;0;True
9340;0;0;0;True
9341;4;9;5;True
9342;1;1;0;True
9343;6;16;10;True
9344;7;16;9;True
9345;1;1;0;True
9346;0;0;0;True
9347;3;4;1;True
9348;10;16;6;True
9349;3;4;1;True
9350;0;0;0;True
9351;1;1;0;True
9352;4;12;8;True
9353;1;1;0;True
9354;2;4;2;True
9355;4;12;8;True
9356;2;4;2;True
9357;1;1;0;True
9358;3;6;3;True
9359;3;3;0;True
9360;3;4;1;True
9361;5;6;1;True
9362;1;1;0;True
9363;6;9;3;True
9364;4;16;12;True
9365;7;9;2;True
9366;5;12;7;True
9367;5;9;4;True
9368;3;9;6;True
9369;2;4;2;True
9370;5;12;7;True
9371;4;8;4;True
9372;3;9;6;True
9373;4;8;4;True
9374;6;8;2;True
9375;5;12;7;True
9376;4;9;5;True
9377;5;9;4;True
9378;4;12;8;True
9379;2;4;2;True
9380;6;16;10;True
9381;3;6;3;True
9382;8;16;8;True
9383;2;2;0;True
9384;6;12;6;True
9385;10;16;6;True
9386;3;9;6;True
9387;4;8;4;True
9388;6;16;10;True
9389;4;9;5;True
9390;2;4;2;True
9391;0;0;0;True
9392;3;9;6;True
9393;4;12;8;True
9394;4;6;2;True
9395;3;9;6;True
9396;0;0;0;True
9397;0;0;0;True
9398;7;16;9;True
9399;4;12;8;True
9400;4;6;2;True
9401;3;4;1;True
9402;5;12;7;True
9403;2;4;2;True
9404;8;16;8;True
9405;5;12;7;True
9406;2;2;0;True
9407;3;6;3;True
9408;3;6;3;True
9409;6;12;6;True
9410;2;4;2;True
9411;8;16;8;True
9412;6;16;10;True
9413;1;1;0;True
9414;1;1;0;True
9415;2;4;2;True
9416;4;6;2;True
9417;3;9;6;True
9418;1;1;0;True
9419;3;9;6;True
9420;2;4;2;True
9421;2;2;0;True
9422;4;9;5;True
9423;2;2;0;True
9424;1;1;0;True
9425;3;6;3;True
9426;5;12;7;True
9427;4;9;5;True
9428;4;9;5;True
9429;9;16;7;True
9430;5;12;7;True
9431;5;9;4;True
9432;1;1;0;True
9433;2;2;0;True
9434;4;9;5;True
9435;4;9;5;True
9436;5;16;11;True
9437;2;4;2;True
9438;8;16;8;True
9439;2;4;2;True
9440;1;1;0;True
9441;5;12;7;True
9442;2;4;2;True
9443;1;1;0;True
9444;6;12;6;True
9445;8;16;8;True
9446;0;0;0;True
9447;2;2;0;True
9448;6;9;3;True
9449;4;9;5;True
9450;8;16;8;True
9451;4;9;5;True
9452;4;6;2;True
9453;1;1;0;True
9454;4;6;2;True
9455;2;4;2;True
9456;1;1;0;True
9457;6;12;6;True
9458;1;1;0;True
9459;7;16;9;True
9460;5;12;7;True
9461;1;1;0;True
9462;5;9;4;True
9463;1;1;0;True
9464;3;9;6;True
9465;0;0;0;True
9466;2;4;2;True
9467;4;9;5;True
9468;2;4;2;True
9469;7;9;2;True
9470;6;9;3;True
9471;0;0;0;True
9472;8;12;4;True
9473;3;4;1;True
9474;11;16;5;True
9475;2;4;2;True
9476;6;9;3;True
9477;3;4;1;True
9478;2;2;0;True
9479;9;16;7;True
9480;3;4;1;True
9481;3;9;6;True
9482;2;2;0;True
9483;8;12;4;True
9484;3;6;3;True
9485;6;12;6;True
9486;4;6;2;True
9487;2;4;2;True
9488;4;9;5;True
9489;6;12;6;True
9490;4;9;5;True
9491;4;6;2;True
9492;5;12;7;True
9493;5;9;4;True
9494;3;4;1;True
9495;2;2;0;True
9496;4;9;5;True
9497;0;0;0;True
9498;2;2;0;True
9499;5;12;7;True
9500;0;0;0;True
9501;3;4;1;True
9502;4;6;2;True
9503;5;9;4;True
9504;1;1;0;True
9505;5;9;4;True
9506;3;4;1;True
9507;3;6;3;True
9508;5;9;4;True
9509;4;6;2;True
9510;5;8;3;True
9511;9;16;7;True
9512;2;4;2;True
9513;2;4;2;True
9514;4;9;5;True
9515;2;4;2;True
9516;7;16;9;True
9517;2;2;0;True
9518;9;16;7;True
9519;3;6;3;True
9520;5;6;1;True
9521;2;4;2;True
9522;1;1;0;True
9523;1;1;0;True
9524;2;4;2;True
9525;1;1;0;True
9526;7;12;5;True
9527;4;6;2;True
9528;2;2;0;True
9529;3;6;3;True
9530;8;16;8;True
9531;3;6;3;True
9532;1;1;0;True
9533;2;2;0;True
9534;4;9;5;True
9535;2;4;2;True
9536;1;1;0;True
9537;9;16;7;True
9538;3;6;3;True
9539;4;9;5;True
9540;2;4;2;True
9541;2;4;2;True
9542;4;9;5;True
9543;2;4;2;True
9544;10;16;6;True
9545;3;4;1;True
9546;3;6;3;True
9547;0;0;0;True
9548;4;6;2;True
9549;3;9;6;True
9550;3;6;3;True
9551;1;1;0;True
9552;6;12;6;True
9553;5;6;1;True
9554;4;12;8;True
9555;1;1;0;True
9556;2;2;0;True
9557;3;6;3;True
9558;3;4;1;True
9559;3;6;3;True
9560;4;6;2;True
9561;2;2;0;True
9562;1;1;0;True
9563;2;4;2;True
9564;2;4;2;True
9565;3;6;3;True
9566;0;0;0;True
9567;6;9;3;True
9568;1;1;0;True
9569;0;0;0;True
9570;4;6;2;True
9571;8;12;4;True
9572;6;16;10;True
9573;2;4;2;True
9574;2;4;2;True
9575;2;4;2;True
9576;0;0;0;True
9577;4;6;2;True
9578;1;1;0;True
9579;6;9;3;True
9580;1;1;0;True
9581;5;16;11;True
9582;6;16;10;True
9583;6;16;10;True
9584;5;12;7;True
9585;2;4;2;True
9586;6;9;3;True
9587;6;16;10;True
9588;5;16;11;True
9589;2;2;0;True
9590;7;16;9;True
9591;4;9;5;True
9592;4;6;2;True
9593;0;0;0;True
9594;0;0;0;True
9595;4;9;5;True
9596;2;2;0;True
9597;7;16;9;True
9598;6;12;6;True
9599;1;1;0;True
9600;4;9;5;True
9601;0;0;0;True
9602;1;1;0;True
9603;3;6;3;True
9604;0;0;0;True
9605;0;0;0;True
9606;1;1;0;True
9607;4;9;5;True
9608;2;2;0;True
9609;2;4;2;True
9610;1;1;0;True
9611;2;4;2;True
9612;4;6;2;True
9613;4;9;5;True
9614;4;12;8;True
9615;3;4;1;True
9616;2;4;2;True
9617;1;1;0;True
9618;5;16;11;True
9619;3;3;0;True
9620;1;1;0;True
9621;0;0;0;True
9622;3;4;1;True
9623;2;2;0;True
9624;5;12;7;True
9625;8;16;8;True
9626;1;1;0;True
9627;4;6;2;True
9628;3;6;3;True
9629;7;12;5;True
9630;1;1;0;True
9631;7;12;5;True
9632;5;12;7;True
9633;2;4;2;True
9634;1;1;0;True
9635;5;6;1;True
9636;1;1;0;True
9637;4;6;2;True
9638;4;8;4;True
9639;7;12;5;True
9640;2;4;2;True
9641;5;9;4;True
9642;11;16;5;True
9643;4;6;2;True
9644;2;2;0;True
9645;4;9;5;True
9646;5;6;1;True
9647;5;16;11;True
9648;8;12;4;True
9649;4;6;2;True
9650;3;3;0;True
9651;3;6;3;True
9652;4;9;5;True
9653;1;1;0;True
9654;4;9;5;True
9655;8;16;8;True
9656;0;0;0;True
9657;5;16;11;True
9658;2;4;2;True
9659;7;12;5;True
9660;3;3;0;True
9661;5;12;7;True
9662;5;16;11;True
9663;1;1;0;True
9664;3;6;3;True
9665;3;6;3;True
9666;2;2;0;True
9667;5;9;4;True
9668;4;9;5;True
9669;3;6;3;True
9670;4;9;5;True
9671;7;12;5;True
9672;2;2;0;True
9673;2;2;0;True
9674;5;8;3;True
9675;1;1;0;True
9676;2;4;2;True
9677;0;0;0;True
9678;3;6;3;True
9679;1;1;0;True
9680;5;12;7;True
9681;2;2;0;True
9682;10;16;6;True
9683;6;12;6;True
9684;9;16;7;True
9685;4;6;2;True
9686;2;4;2;True
9687;9;16;7;True
9688;1;1;0;True
9689;3;3;0;True
9690;5;12;7;True
9691;5;9;4;True
9692;2;2;0;True
9693;4;6;2;True
9694;7;12;5;True
9695;6;16;10;True
9696;2;4;2;True
9697;2;4;2;True
9698;6;16;10;True
9699;2;2;0;True
9700;0;0;0;True
9701;2;4;2;True
9702;0;0;0;True
9703;3;9;6;True
9704;7;12;5;True
9705;5;12;7;True
9706;1;1;0;True
9707;2;4;2;True
9708;4;8;4;True
9709;5;9;4;True
9710;1;1;0;True
9711;3;9;6;True
9712;2;4;2;True
9713;4;9;5;True
9714;6;16;10;True
9715;2;4;2;True
9716;2;2;0;True
9717;3;6;3;True
9718;0;0;0;True
9719;2;4;2;True
9720;2;2;0;True
9721;8;12;4;True
9722;7;16;9;True
9723;4;9;5;True
9724;6;12;6;True
9725;1;1;0;True
9726;10;16;6;True
9727;1;1;0;True
9728;3;6;3;True
9729;3;6;3;True
9730;4;9;5;True
9731;4;9;5;True
9732;10;16;6;True
9733;0;0;0;True
9734;0;0;0;True
9735;4;12;8;True
9736;4;8;4;True
9737;9;16;7;True
9738;2;2;0;True
9739;5;8;3;True
9740;4;12;8;True
9741;0;0;0;True
9742;5;12;7;True
9743;1;1;0;True
9744;8;16;8;True
9745;2;4;2;True
9746;5;12;7;True
9747;3;4;1;True
9748;7;16;9;True
9749;4;12;8;True
9750;5;12;7;True
9751;7;12;5;True
9752;3;6;3;True
9753;6;12;6;True
9754;3;6;3;True
9755;6;16;10;True
9756;7;8;1;True
9757;4;6;2;True
9758;2;4;2;True
9759;5;12;7;True
9760;4;6;2;True
9761;1;1;0;True
9762;5;9;4;True
9763;9;12;3;True
9764;1;1;0;True
9765;8;16;8;True
9766;1;1;0;True
9767;7;9;2;True
9768;2;4;2;True
9769;4;12;8;True
9770;5;9;4;True
9771;7;16;9;True
9772;1;1;0;True
9773;3;6;3;True
9774;5;9;4;True
9775;5;12;7;True
9776;7;16;9;True
9777;4;6;2;True
9778;4;6;2;True
9779;4;8;4;True
9780;2;4;2;True
9781;5;6;1;True
9782;2;4;2;True
9783;2;4;2;True
9784;2;4;2;True
9785;2;2;0;True
9786;1;1;0;True
9787;1;1;0;True
9788;5;8;3;True
9789;4;9;5;True
9790;8;12;4;True
9791;2;4;2;True
9792;4;6;2;True
9793;6;12;6;True
9794;2;4;2;True
9795;3;4;1;True
9796;1;1;0;True
9797;3;6;3;True
9798;6;12;6;True
9799;4;6;2;True
9800;5;9;4;True
9801;5;9;4;True
9802;10;16;6;True
9803;3;6;3;True
9804;3;6;3;True
9805;2;2;0;True
9806;1;1;0;True
9807;7;12;5;True
9808;3;4;1;True
9809;5;12;7;True
9810;6;12;6;True
9811;6;8;2;True
9812;0;0;0;True
9813;5;12;7;True
9814;5;16;11;True
9815;3;4;1;True
9816;1;1;0;True
9817;3;9;6;True
9818;5;16;11;True
9819;5;16;11;True
9820;2;2;0;True
9821;4;12;8;True
9822;7;16;9;True
9823;7;16;9;True
9824;1;1;0;True
9825;4;9;5;True
9826;2;4;2;True
9827;3;6;3;True
9828;4;8;4;True
9829;3;9;6;True
9830;1;1;0;True
9831;4;9;5;True
9832;5;12;7;True
9833;4;12;8;True
9834;5;12;7;True
9835;3;9;6;True
9836;1;1;0;True
9837;1;1;0;True
9838;2;4;2;True
9839;4;9;5;True
9840;1;1;0;True
9841;2;4;2;True
9842;1;1;0;True
9843;5;9;4;True
9844;4;6;2;True
9845;0;0;0;True
9846;4;9;5;True
9847;4;9;5;True
9848;2;2;0;True
9849;3;3;0;True
9850;7;9;2;True
9851;6;12;6;True
9852;7;16;9;True
9853;2;4;2;True
9854;2;4;2;True
9855;8;16;8;True
9856;4;8;4;True
9857;5;9;4;True
9858;6;16;10;True
9859;6;16;10;True
9860;4;9;5;True
9861;4;8;4;True
9862;6;9;3;True
9863;5;16;11;True
9864;3;6;3;True
9865;6;12;6;True
9866;2;2;0;True
9867;4;6;2;True
9868;0;0;0;True
9869;4;9;5;True
9870;4;6;2;True
9871;5;9;4;True
9872;8;16;8;True
9873;1;1;0;True
9874;5;12;7;True
9875;3;4;1;True
9876;1;1;0;True
9877;7;16;9;True
9878;4;9;5;True
9879;2;2;0;True
9880;9;16;7;True
9881;1;1;0;True
9882;7;12;5;True
9883;7;16;9;True
9884;3;4;1;True
9885;3;6;3;True
9886;4;6;2;True
9887;4;9;5;True
9888;2;4;2;True
9889;2;4;2;True
9890;3;4;1;True
9891;1;1;0;True
9892;2;4;2;True
9893;2;4;2;True
9894;1;1;0;True
9895;2;2;0;True
9896;2;4;2;True
9897;7;12;5;True
9898;3;4;1;True
9899;5;12;7;True
9900;4;12;8;True
9901;1;1;0;True
9902;3;3;0;True
9903;3;6;3;True
9904;3;6;3;True
9905;4;6;2;True
9906;5;12;7;True
9907;3;4;1;True
9908;3;6;3;True
9909;6;12;6;True
9910;1;1;0;True
9911;4;9;5;True
9912;5;9;4;True
9913;3;6;3;True
9914;1;1;0;True
9915;2;4;2;True
9916;6;16;10;True
9917;3;6;3;True
9918;3;6;3;True
9919;1;1;0;True
9920;2;4;2;True
9921;2;4;2;True
9922;2;4;2;True
9923;7;16;9;True
9924;8;16;8;True
9925;2;2;0;True
9926;4;6;2;True
9927;3;4;1;True
9928;2;2;0;True
9929;3;6;3;True
9930;4;9;5;True
9931;1;1;0;True
9932;7;16;9;True
9933;7;12;5;True
9934;4;9;5;True
9935;3;9;6;True
9936;6;12;6;True
9937;8;12;4;True
9938;4;12;8;True
9939;4;6;2;True
9940;5;12;7;True
9941;7;16;9;True
9942;7;16;9;True
9943;8;16;8;True
9944;2;2;0;True
9945;7;16;9;True
9946;6;12;6;True
9947;6;9;3;True
9948;1;1;0;True
9949;5;8;3;True
9950;7;16;9;True
9951;1;1;0;True
9952;8;16;8;True
9953;0;0;0;True
9954;3;6;3;True
9955;4;9;5;True
9956;5;9;4;True
9957;4;8;4;True
9958;6;12;6;True
9959;3;9;6;True
9960;4;9;5;True
9961;1;1;0;True
9962;1;1;0;True
9963;0;0;0;True
9964;3;9;6;True
9965;5;12;7;True
9966;2;4;2;True
9967;4;6;2;True
9968;2;4;2;True
9969;2;2;0;True
9970;4;8;4;True
9971;3;9;6;True
9972;5;9;4;True
9973;3;4;1;True
9974;0;0;0;True
9975;1;1;0;True
9976;6;12;6;True
9977;6;12;6;True
9978;6;12;6;True
9979;3;6;3;True
9980;3;6;3;True
9981;7;16;9;True
9982;6;12;6;True
9983;3;6;3;True
9984;6;16;10;True
9985;3;4;1;True
9986;4;9;5;True
9987;6;12;6;True
9988;0;0;0;True
9989;2;2;0;True
9990;4;8;4;True
9991;4;9;5;True
9992;6;12;6;True
9993;3;6;3;True
9994;1;1;0;True
9995;2;4;2;True
9996;1;1;0;True
9997;2;4;2;True
9998;2;2;0;True
9999;2;4;2;True
10000;5;9;4;True
10001;5;9;4;True
10002;2;4;2;True
10003;1;1;0;True
10004;4;9;5;True
10005;4;6;2;True
10006;0;0;0;True
10007;3;3;0;True
10008;2;4;2;True
10009;5;12;7;True
10010;7;12;5;True
10011;3;6;3;True
10012;1;1;0;True
10013;2;2;0;True
10014;0;0;0;True
10015;2;2;0;True
10016;4;6;2;True
10017;2;4;2;True
10018;2;2;0;True
10019;6;16;10;True
10020;3;4;1;True
10021;7;16;9;True
10022;3;6;3;True
10023;2;4;2;True
10024;0;0;0;True
10025;2;4;2;True
10026;3;6;3;True
10027;5;9;4;True
10028;0;0;0;True
10029;3;6;3;True
10030;8;16;8;True
10031;8;16;8;True
10032;3;9;6;True
10033;6;16;10;True
10034;8;9;1;True
10035;4;8;4;True
10036;2;4;2;True
10037;4;8;4;True
10038;8;12;4;True
10039;1;1;0;True
10040;3;4;1;True
10041;3;3;0;True
10042;2;4;2;True
10043;2;4;2;True
10044;3;4;1;True
10045;4;8;4;True
10046;9;16;7;True
10047;4;12;8;True
10048;1;1;0;True
10049;0;0;0;True
10050;5;8;3;True
10051;5;16;11;True
10052;4;9;5;True
10053;5;8;3;True
10054;5;9;4;True
10055;1;1;0;True
10056;5;12;7;True
10057;5;9;4;True
10058;4;9;5;True
10059;4;6;2;True
10060;5;9;4;True
10061;2;4;2;True
10062;0;0;0;True
10063;1;1;0;True
10064;5;9;4;True
10065;2;2;0;True
10066;4;6;2;True
10067;1;1;0;True
10068;3;6;3;True
10069;5;12;7;True
10070;7;16;9;True
10071;2;4;2;True
10072;6;16;10;True
10073;9;16;7;True
10074;2;4;2;True
10075;4;12;8;True
10076;3;6;3;True
10077;2;4;2;True
10078;3;6;3;True
10079;1;1;0;True
10080;7;12;5;True
10081;7;16;9;True
10082;0;0;0;True
10083;7;16;9;True
10084;3;6;3;True
10085;3;9;6;True
10086;9;16;7;True
10087;3;4;1;True
10088;3;6;3;True
10089;3;3;0;True
10090;0;0;0;True
10091;2;4;2;True
10092;2;4;2;True
10093;2;2;0;True
10094;7;12;5;True
10095;4;9;5;True
10096;10;16;6;True
10097;8;12;4;True
10098;7;16;9;True
10099;1;1;0;True
10100;2;2;0;True
10101;2;4;2;True
10102;2;2;0;True
10103;4;9;5;True
10104;5;16;11;True
10105;8;12;4;True
10106;1;1;0;True
10107;1;1;0;True
10108;2;4;2;True
10109;3;9;6;True
10110;4;9;5;True
10111;5;12;7;True
10112;1;1;0;True
10113;3;6;3;True
10114;5;9;4;True
10115;1;1;0;True
10116;3;9;6;True
10117;5;6;1;True
10118;6;16;10;True
10119;1;1;0;True
10120;6;12;6;True
10121;3;4;1;True
10122;1;1;0;True
10123;10;16;6;True
10124;6;16;10;True
10125;8;16;8;True
10126;7;12;5;True
10127;1;1;0;True
10128;4;9;5;True
10129;0;0;0;True
10130;5;12;7;True
10131;3;6;3;True
10132;0;0;0;True
10133;4;6;2;True
10134;1;1;0;True
10135;3;6;3;True
10136;4;8;4;True
10137;3;9;6;True
10138;8;12;4;True
10139;3;4;1;True
10140;3;9;6;True
10141;7;12;5;True
10142;1;1;0;True
10143;5;9;4;True
10144;5;16;11;True
10145;7;12;5;True
10146;4;9;5;True
10147;4;4;0;True
10148;0;0;0;True
10149;3;4;1;True
10150;7;16;9;True
10151;9;16;7;True
10152;7;12;5;True
10153;3;9;6;True
10154;4;9;5;True
10155;5;12;7;True
10156;5;9;4;True
10157;2;4;2;True
10158;3;6;3;True
10159;8;12;4;True
10160;3;6;3;True
10161;6;16;10;True
10162;3;6;3;True
10163;7;16;9;True
10164;2;4;2;True
10165;4;6;2;True
10166;6;12;6;True
10167;5;12;7;True
10168;2;4;2;True
10169;4;6;2;True
10170;4;12;8;True
10171;9;16;7;True
10172;4;6;2;True
10173;6;9;3;True
10174;2;4;2;True
10175;5;9;4;True
10176;6;12;6;True
10177;5;9;4;True
10178;6;12;6;True
10179;0;0;0;True
10180;3;9;6;True
10181;2;2;0;True
10182;8;12;4;True
10183;3;4;1;True
10184;3;6;3;True
10185;4;9;5;True
10186;3;6;3;True
10187;7;16;9;True
10188;3;9;6;True
10189;0;0;0;True
10190;5;8;3;True
10191;5;12;7;True
10192;3;6;3;True
10193;2;4;2;True
10194;5;16;11;True
10195;6;9;3;True
10196;2;4;2;True
10197;3;9;6;True
10198;4;4;0;True
10199;2;2;0;True
10200;5;16;11;True
10201;3;6;3;True
10202;2;2;0;True
10203;2;4;2;True
10204;1;1;0;True
10205;1;1;0;True
10206;5;12;7;True
10207;6;12;6;True
10208;3;6;3;True
10209;3;6;3;True
10210;5;6;1;True
10211;3;6;3;True
10212;6;8;2;True
10213;6;12;6;True
10214;2;2;0;True
10215;5;12;7;True
10216;1;1;0;True
10217;4;4;0;True
10218;0;0;0;True
10219;5;12;7;True
10220;1;1;0;True
10221;1;1;0;True
10222;5;8;3;True
10223;2;2;0;True
10224;5;12;7;True
10225;1;1;0;True
10226;8;12;4;True
10227;2;4;2;True
10228;4;6;2;True
10229;2;4;2;True
10230;2;2;0;True
10231;0;0;0;True
10232;3;6;3;True
10233;6;12;6;True
10234;1;1;0;True
10235;1;1;0;True
10236;4;12;8;True
10237;4;4;0;True
10238;3;6;3;True
10239;4;12;8;True
10240;4;9;5;True
10241;5;12;7;True
10242;6;12;6;True
10243;2;4;2;True
10244;6;6;0;True
10245;4;9;5;True
10246;5;12;7;True
10247;4;9;5;True
10248;6;12;6;True
10249;5;9;4;True
10250;1;1;0;True
10251;7;12;5;True
10252;6;12;6;True
10253;3;9;6;True
10254;3;6;3;True
10255;3;4;1;True
10256;0;0;0;True
10257;2;4;2;True
10258;3;6;3;True
10259;4;9;5;True
10260;4;9;5;True
10261;7;16;9;True
10262;3;3;0;True
10263;5;9;4;True
10264;2;4;2;True
10265;4;6;2;True
10266;3;6;3;True
10267;3;9;6;True
10268;2;4;2;True
10269;5;12;7;True
10270;4;9;5;True
10271;3;6;3;True
10272;3;9;6;True
10273;6;12;6;True
10274;1;1;0;True
10275;7;16;9;True
10276;4;12;8;True
10277;0;0;0;True
10278;2;2;0;True
10279;4;6;2;True
10280;3;6;3;True
10281;3;4;1;True
10282;5;8;3;True
10283;4;9;5;True
10284;2;4;2;True
10285;2;2;0;True
10286;5;12;7;True
10287;5;12;7;True
10288;4;9;5;True
10289;0;0;0;True
10290;3;4;1;True
10291;6;12;6;True
10292;2;2;0;True
10293;4;12;8;True
10294;6;12;6;True
10295;1;1;0;True
10296;2;4;2;True
10297;10;16;6;True
10298;9;12;3;True
10299;4;9;5;True
10300;1;1;0;True
10301;4;6;2;True
10302;8;16;8;True
10303;1;1;0;True
10304;2;2;0;True
10305;6;12;6;True
10306;0;0;0;True
10307;2;2;0;True
10308;0;0;0;True
10309;1;1;0;True
10310;4;9;5;True
10311;3;9;6;True
10312;0;0;0;True
10313;0;0;0;True
10314;3;6;3;True
10315;5;9;4;True
10316;4;6;2;True
10317;7;16;9;True
10318;7;12;5;True
10319;4;9;5;True
10320;6;12;6;True
10321;2;4;2;True
10322;8;12;4;True
10323;6;12;6;True
10324;4;8;4;True
10325;4;6;2;True
10326;6;12;6;True
10327;4;12;8;True
10328;2;2;0;True
10329;5;9;4;True
10330;1;1;0;True
10331;6;8;2;True
10332;5;12;7;True
10333;3;9;6;True
10334;2;2;0;True
10335;4;6;2;True
10336;4;6;2;True
10337;2;4;2;True
10338;4;12;8;True
10339;7;9;2;True
10340;1;1;0;True
10341;4;6;2;True
10342;11;16;5;True
10343;2;2;0;True
10344;3;6;3;True
10345;5;12;7;True
10346;3;6;3;True
10347;4;9;5;True
10348;3;6;3;True
10349;1;1;0;True
10350;8;16;8;True
10351;3;6;3;True
10352;6;12;6;True
10353;5;12;7;True
10354;7;12;5;True
10355;5;12;7;True
10356;3;6;3;True
10357;4;6;2;True
10358;2;2;0;True
10359;1;1;0;True
10360;1;1;0;True
10361;8;16;8;True
10362;2;4;2;True
10363;5;16;11;True
10364;2;4;2;True
10365;0;0;0;True
10366;3;6;3;True
10367;5;12;7;True
10368;7;16;9;True
10369;3;6;3;True
10370;3;6;3;True
10371;2;4;2;True
10372;3;4;1;True
10373;4;9;5;True
10374;5;16;11;True
10375;3;4;1;True
10376;2;2;0;True
10377;1;1;0;True
10378;8;16;8;True
10379;1;1;0;True
10380;2;4;2;True
10381;6;8;2;True
10382;3;9;6;True
10383;4;9;5;True
10384;6;12;6;True
10385;5;9;4;True
10386;2;2;0;True
10387;0;0;0;True
10388;5;9;4;True
10389;1;1;0;True
10390;6;12;6;True
10391;1;1;0;True
10392;4;6;2;True
10393;3;6;3;True
10394;2;4;2;True
10395;9;16;7;True
10396;2;4;2;True
10397;0;0;0;True
10398;2;4;2;True
10399;6;16;10;True
10400;3;4;1;True
10401;11;16;5;True
10402;5;9;4;True
10403;3;6;3;True
10404;2;2;0;True
10405;2;2;0;True
10406;6;9;3;True
10407;4;12;8;True
10408;2;4;2;True
10409;5;9;4;True
10410;1;1;0;True
10411;6;6;0;True
10412;4;9;5;True
10413;0;0;0;True
10414;10;16;6;True
10415;0;0;0;True
10416;4;12;8;True
10417;1;1;0;True
10418;6;12;6;True
10419;6;12;6;True
10420;1;1;0;True
10421;4;12;8;True
10422;4;9;5;True
10423;1;1;0;True
10424;0;0;0;True
10425;3;6;3;True
10426;11;16;5;True
10427;0;0;0;True
10428;3;6;3;True
10429;1;1;0;True
10430;5;12;7;True
10431;5;6;1;True
10432;5;12;7;True
10433;2;4;2;True
10434;6;12;6;True
10435;4;9;5;True
10436;5;9;4;True
10437;1;1;0;True
10438;2;2;0;True
10439;2;4;2;True
10440;0;0;0;True
10441;5;9;4;True
10442;3;6;3;True
10443;1;1;0;True
10444;5;16;11;True
10445;1;1;0;True
10446;4;12;8;True
10447;3;4;1;True
10448;3;6;3;True
10449;3;9;6;True
10450;6;9;3;True
10451;0;0;0;True
10452;3;6;3;True
10453;1;1;0;True
10454;6;12;6;True
10455;4;12;8;True
10456;1;1;0;True
10457;0;0;0;True
10458;8;16;8;True
10459;9;16;7;True
10460;9;12;3;True
10461;1;1;0;True
10462;5;12;7;True
10463;5;8;3;True
10464;5;9;4;True
10465;0;0;0;True
10466;3;6;3;True
10467;4;6;2;True
10468;7;12;5;True
10469;1;1;0;True
10470;6;16;10;True
10471;1;1;0;True
10472;1;1;0;True
10473;3;4;1;True
10474;1;1;0;True
10475;6;12;6;True
10476;4;9;5;True
10477;6;12;6;True
10478;0;0;0;True
10479;1;1;0;True
10480;1;1;0;True
10481;1;1;0;True
10482;5;6;1;True
10483;6;16;10;True
10484;0;0;0;True
10485;3;9;6;True
10486;2;4;2;True
10487;6;12;6;True
10488;4;8;4;True
10489;2;2;0;True
10490;3;9;6;True
10491;1;1;0;True
10492;3;6;3;True
10493;5;12;7;True
10494;3;6;3;True
10495;8;16;8;True
10496;4;9;5;True
10497;3;6;3;True
10498;0;0;0;True
10499;2;4;2;True
10500;6;9;3;True
10501;1;1;0;True
10502;7;16;9;True
10503;3;4;1;True
10504;2;4;2;True
10505;2;2;0;True
10506;3;9;6;True
10507;2;4;2;True
10508;3;6;3;True
10509;2;4;2;True
10510;4;9;5;True
10511;3;6;3;True
10512;5;9;4;True
10513;2;4;2;True
10514;5;12;7;True
10515;2;2;0;True
10516;6;9;3;True
10517;5;12;7;True
10518;6;12;6;True
10519;6;16;10;True
10520;2;4;2;True
10521;1;1;0;True
10522;3;6;3;True
10523;4;12;8;True
10524;2;2;0;True
10525;5;16;11;True
10526;5;12;7;True
10527;4;9;5;True
10528;6;12;6;True
10529;2;4;2;True
10530;4;12;8;True
10531;1;1;0;True
10532;3;6;3;True
10533;2;4;2;True
10534;3;6;3;True
10535;5;16;11;True
10536;5;6;1;True
10537;2;2;0;True
10538;6;16;10;True
10539;3;6;3;True
10540;5;12;7;True
10541;1;1;0;True
10542;4;9;5;True
10543;2;4;2;True
10544;3;6;3;True
10545;3;6;3;True
10546;4;6;2;True
10547;2;2;0;True
10548;2;4;2;True
10549;5;9;4;True
10550;4;9;5;True
10551;2;2;0;True
10552;2;4;2;True
10553;4;8;4;True
10554;3;6;3;True
10555;6;12;6;True
10556;3;6;3;True
10557;1;1;0;True
10558;5;9;4;True
10559;3;6;3;True
10560;4;9;5;True
10561;5;12;7;True
10562;2;4;2;True
10563;3;6;3;True
10564;4;9;5;True
10565;10;16;6;True
10566;4;12;8;True
10567;4;9;5;True
10568;5;12;7;True
10569;6;6;0;True
10570;3;6;3;True
10571;2;4;2;True
10572;4;9;5;True
10573;4;9;5;True
10574;2;2;0;True
10575;2;4;2;True
10576;7;12;5;True
10577;4;12;8;True
10578;3;6;3;True
10579;5;8;3;True
10580;3;6;3;True
10581;0;0;0;True
10582;6;16;10;True
10583;4;9;5;True
10584;5;8;3;True
10585;3;6;3;True
10586;3;9;6;True
10587;2;2;0;True
10588;6;12;6;True
10589;0;0;0;True
10590;5;12;7;True
10591;5;9;4;True
10592;0;0;0;True
10593;7;16;9;True
10594;7;12;5;True
10595;4;9;5;True
10596;3;6;3;True
10597;1;1;0;True
10598;2;4;2;True
10599;1;1;0;True
10600;3;4;1;True
10601;5;16;11;True
10602;2;2;0;True
10603;6;12;6;True
10604;1;1;0;True
10605;9;16;7;True
10606;4;6;2;True
10607;0;0;0;True
10608;2;2;0;True
10609;6;12;6;True
10610;11;16;5;True
10611;3;4;1;True
10612;7;12;5;True
10613;2;2;0;True
10614;9;16;7;True
10615;6;9;3;True
10616;3;3;0;True
10617;1;1;0;True
10618;2;4;2;True
10619;3;9;6;True
10620;5;12;7;True
10621;3;9;6;True
10622;5;9;4;True
10623;3;6;3;True
10624;5;8;3;True
10625;8;12;4;True
10626;5;12;7;True
10627;2;2;0;True
10628;2;4;2;True
10629;0;0;0;True
10630;10;16;6;True
10631;3;6;3;True
10632;7;12;5;True
10633;1;1;0;True
10634;3;6;3;True
10635;4;9;5;True
10636;6;16;10;True
10637;9;16;7;True
10638;6;12;6;True
10639;5;12;7;True
10640;4;6;2;True
10641;4;9;5;True
10642;6;12;6;True
10643;4;9;5;True
10644;3;6;3;True
10645;9;16;7;True
10646;0;0;0;True
10647;5;9;4;True
10648;1;1;0;True
10649;2;2;0;True
10650;7;16;9;True
10651;7;16;9;True
10652;4;6;2;True
10653;3;3;0;True
10654;1;1;0;True
10655;2;2;0;True
10656;3;9;6;True
10657;5;12;7;True
10658;6;9;3;True
10659;5;9;4;True
10660;2;2;0;True
10661;1;1;0;True
10662;5;6;1;True
10663;4;9;5;True
10664;6;12;6;True
10665;3;6;3;True
10666;8;16;8;True
10667;5;9;4;True
10668;8;16;8;True
10669;1;1;0;True
10670;3;6;3;True
10671;6;9;3;True
10672;2;2;0;True
10673;1;1;0;True
10674;5;8;3;True
10675;11;16;5;True
10676;3;6;3;True
10677;5;12;7;True
10678;6;12;6;True
10679;5;12;7;True
10680;7;16;9;True
10681;2;4;2;True
10682;7;12;5;True
10683;7;12;5;True
10684;6;16;10;True
10685;4;9;5;True
10686;1;1;0;True
10687;7;12;5;True
10688;5;12;7;True
10689;1;1;0;True
10690;0;0;0;True
10691;5;9;4;True
10692;5;12;7;True
10693;7;16;9;True
10694;6;16;10;True
10695;3;3;0;True
10696;6;12;6;True
10697;2;2;0;True
10698;5;9;4;True
10699;5;12;7;True
10700;5;9;4;True
10701;1;1;0;True
10702;5;16;11;True
10703;6;12;6;True
10704;7;12;5;True
10705;3;3;0;True
10706;1;1;0;True
10707;7;12;5;True
10708;2;4;2;True
10709;3;9;6;True
10710;7;16;9;True
10711;4;6;2;True
10712;5;9;4;True
10713;2;4;2;True
10714;1;1;0;True
10715;6;9;3;True
10716;4;6;2;True
10717;3;4;1;True
10718;2;4;2;True
10719;1;1;0;True
10720;2;4;2;True
10721;8;16;8;True
10722;1;1;0;True
10723;5;12;7;True
10724;1;1;0;True
10725;1;1;0;True
10726;1;1;0;True
10727;6;9;3;True
10728;4;6;2;True
10729;4;12;8;True
10730;5;9;4;True
10731;1;1;0;True
10732;2;4;2;True
10733;4;6;2;True
10734;8;12;4;True
10735;1;1;0;True
10736;0;0;0;True
10737;2;2;0;True
10738;0;0;0;True
10739;2;4;2;True
10740;6;16;10;True
10741;2;4;2;True
10742;3;6;3;True
10743;4;8;4;True
10744;5;12;7;True
10745;4;6;2;True
10746;6;12;6;True
10747;4;8;4;True
10748;0;0;0;True
10749;3;9;6;True
10750;0;0;0;True
10751;3;6;3;True
10752;3;4;1;True
10753;6;12;6;True
10754;1;1;0;True
10755;2;4;2;True
10756;2;4;2;True
10757;5;12;7;True
10758;5;12;7;True
10759;5;8;3;True
10760;2;2;0;True
10761;5;9;4;True
10762;1;1;0;True
10763;6;12;6;True
10764;4;6;2;True
10765;3;4;1;True
10766;6;9;3;True
10767;1;1;0;True
10768;1;1;0;True
10769;1;1;0;True
10770;1;1;0;True
10771;3;3;0;True
10772;4;12;8;True
10773;6;16;10;True
10774;1;1;0;True
10775;1;1;0;True
10776;0;0;0;True
10777;0;0;0;True
10778;4;6;2;True
10779;3;4;1;True
10780;0;0;0;True
10781;5;8;3;True
10782;2;4;2;True
10783;4;9;5;True
10784;7;16;9;True
10785;10;16;6;True
10786;7;16;9;True
10787;3;6;3;True
10788;7;9;2;True
10789;3;9;6;True
10790;3;6;3;True
10791;11;16;5;True
10792;0;0;0;True
10793;1;1;0;True
10794;5;9;4;True
10795;3;6;3;True
10796;4;6;2;True
10797;4;6;2;True
10798;8;16;8;True
10799;7;16;9;True
10800;5;6;1;True
10801;1;1;0;True
10802;4;9;5;True
10803;4;6;2;True
10804;6;12;6;True
10805;7;12;5;True
10806;5;12;7;True
10807;10;16;6;True
10808;5;12;7;True
10809;7;16;9;True
10810;5;9;4;True
10811;4;6;2;True
10812;0;0;0;True
10813;4;9;5;True
10814;3;4;1;True
10815;0;0;0;True
10816;3;6;3;True
10817;1;1;0;True
10818;4;9;5;True
10819;4;9;5;True
10820;4;9;5;True
10821;6;12;6;True
10822;3;6;3;True
10823;5;12;7;True
10824;2;4;2;True
10825;2;4;2;True
10826;4;12;8;True
10827;7;16;9;True
10828;3;9;6;True
10829;3;4;1;True
10830;2;4;2;True
10831;4;6;2;True
10832;7;16;9;True
10833;2;2;0;True
10834;3;4;1;True
10835;6;16;10;True
10836;3;6;3;True
10837;0;0;0;True
10838;6;12;6;True
10839;1;1;0;True
10840;4;4;0;True
10841;5;12;7;True
10842;7;16;9;True
10843;10;16;6;True
10844;6;12;6;True
10845;1;1;0;True
10846;5;12;7;True
10847;1;1;0;True
10848;1;1;0;True
10849;4;9;5;True
10850;8;12;4;True
10851;7;16;9;True
10852;1;1;0;True
10853;3;4;1;True
10854;9;12;3;True
10855;4;8;4;True
10856;4;9;5;True
10857;7;12;5;True
10858;2;4;2;True
10859;3;6;3;True
10860;7;12;5;True
10861;4;6;2;True
10862;1;1;0;True
10863;2;4;2;True
10864;4;9;5;True
10865;2;2;0;True
10866;5;8;3;True
10867;3;6;3;True
10868;0;0;0;True
10869;1;1;0;True
10870;6;12;6;True
10871;6;9;3;True
10872;4;9;5;True
10873;2;4;2;True
10874;5;12;7;True
10875;8;16;8;True
10876;2;2;0;True
10877;7;16;9;True
10878;8;12;4;True
10879;5;12;7;True
10880;2;4;2;True
10881;1;1;0;True
10882;0;0;0;True
10883;3;4;1;True
10884;1;1;0;True
10885;8;12;4;True
10886;7;12;5;True
10887;4;6;2;True
10888;5;12;7;True
10889;2;2;0;True
10890;0;0;0;True
10891;2;2;0;True
10892;8;16;8;True
10893;3;6;3;True
10894;3;6;3;True
10895;7;16;9;True
10896;1;1;0;True
10897;1;1;0;True
10898;1;1;0;True
10899;0;0;0;True
10900;1;1;0;True
10901;6;12;6;True
10902;7;16;9;True
10903;2;4;2;True
10904;3;4;1;True
10905;1;1;0;True
10906;3;4;1;True
10907;8;16;8;True
10908;2;2;0;True
10909;7;12;5;True
10910;0;0;0;True
10911;0;0;0;True
10912;5;12;7;True
10913;1;1;0;True
10914;1;1;0;True
10915;4;6;2;True
10916;1;1;0;True
10917;4;9;5;True
10918;5;16;11;True
10919;7;16;9;True
10920;6;12;6;True
10921;6;12;6;True
10922;5;12;7;True
10923;5;6;1;True
10924;6;12;6;True
10925;4;6;2;True
10926;2;4;2;True
10927;4;9;5;True
10928;5;12;7;True
10929;1;1;0;True
10930;4;12;8;True
10931;5;12;7;True
10932;4;4;0;True
10933;3;4;1;True
10934;2;2;0;True
10935;5;9;4;True
10936;3;4;1;True
10937;5;8;3;True
10938;4;9;5;True
10939;8;16;8;True
10940;1;1;0;True
10941;1;1;0;True
10942;1;1;0;True
10943;5;12;7;True
10944;2;4;2;True
10945;4;12;8;True
10946;2;2;0;True
10947;0;0;0;True
10948;5;16;11;True
10949;5;9;4;True
10950;4;6;2;True
10951;1;1;0;True
10952;7;16;9;True
10953;4;9;5;True
10954;2;2;0;True
10955;6;12;6;True
10956;6;16;10;True
10957;6;12;6;True
10958;2;2;0;True
10959;2;4;2;True
10960;3;4;1;True
10961;5;12;7;True
10962;2;2;0;True
10963;6;9;3;True
10964;2;4;2;True
10965;6;12;6;True
10966;5;9;4;True
10967;3;4;1;True
10968;0;0;0;True
10969;9;16;7;True
10970;2;4;2;True
10971;6;12;6;True
10972;4;8;4;True
10973;1;1;0;True
10974;3;3;0;True
10975;5;12;7;True
10976;4;8;4;True
10977;2;2;0;True
10978;9;16;7;True
10979;4;12;8;True
10980;4;8;4;True
10981;6;12;6;True
10982;5;16;11;True
10983;3;6;3;True
10984;2;4;2;True
10985;6;12;6;True
10986;7;16;9;True
10987;1;1;0;True
10988;4;9;5;True
10989;3;6;3;True
10990;8;16;8;True
10991;3;6;3;True
10992;6;16;10;True
10993;7;12;5;True
10994;2;4;2;True
10995;5;12;7;True
10996;1;1;0;True
10997;1;1;0;True
10998;0;0;0;True
10999;3;9;6;True
11000;4;12;8;True
11001;2;4;2;True
11002;6;12;6;True
11003;8;12;4;True
11004;4;9;5;True
11005;4;6;2;True
11006;6;16;10;True
11007;2;4;2;True
11008;3;3;0;True
11009;2;2;0;True
11010;0;0;0;True
11011;1;1;0;True
11012;7;12;5;True
11013;8;16;8;True
11014;6;12;6;True
11015;6;8;2;True
11016;4;9;5;True
11017;4;6;2;True
11018;1;1;0;True
11019;4;6;2;True
11020;3;6;3;True
11021;2;2;0;True
11022;7;12;5;True
11023;1;1;0;True
11024;3;4;1;True
11025;4;6;2;True
11026;3;6;3;True
11027;4;6;2;True
11028;0;0;0;True
11029;9;16;7;True
11030;0;0;0;True
11031;8;12;4;True
11032;7;16;9;True
11033;7;12;5;True
11034;5;9;4;True
11035;3;6;3;True
11036;0;0;0;True
11037;6;12;6;True
11038;3;4;1;True
11039;6;12;6;True
11040;3;4;1;True
11041;3;4;1;True
11042;5;12;7;True
11043;6;12;6;True
11044;1;1;0;True
11045;6;12;6;True
11046;1;1;0;True
11047;5;8;3;True
11048;1;1;0;True
11049;6;12;6;True
11050;7;16;9;True
11051;1;1;0;True
11052;1;1;0;True
11053;3;4;1;True
11054;6;12;6;True
11055;2;4;2;True
11056;3;9;6;True
11057;6;12;6;True
11058;3;6;3;True
11059;6;16;10;True
11060;2;4;2;True
11061;6;12;6;True
11062;2;2;0;True
11063;1;1;0;True
11064;2;4;2;True
11065;4;6;2;True
11066;0;0;0;True
11067;5;8;3;True
11068;1;1;0;True
11069;7;12;5;True
11070;6;12;6;True
11071;2;2;0;True
11072;4;6;2;True
11073;6;16;10;True
11074;5;6;1;True
11075;4;9;5;True
11076;1;1;0;True
11077;9;16;7;True
11078;4;6;2;True
11079;2;2;0;True
11080;2;4;2;True
11081;4;9;5;True
11082;2;2;0;True
11083;4;12;8;True
11084;3;6;3;True
11085;7;12;5;True
11086;3;9;6;True
11087;1;1;0;True
11088;4;6;2;True
11089;5;9;4;True
11090;0;0;0;True
11091;4;12;8;True
11092;3;9;6;True
11093;4;6;2;True
11094;3;4;1;True
11095;3;4;1;True
11096;6;16;10;True
11097;4;12;8;True
11098;1;1;0;True
11099;3;4;1;True
11100;2;4;2;True
11101;4;12;8;True
11102;6;12;6;True
11103;1;1;0;True
11104;4;6;2;True
11105;2;4;2;True
11106;4;6;2;True
11107;11;16;5;True
11108;6;16;10;True
11109;4;6;2;True
11110;8;16;8;True
11111;4;12;8;True
11112;4;6;2;True
11113;4;6;2;True
11114;5;12;7;True
11115;3;6;3;True
11116;3;6;3;True
11117;3;6;3;True
11118;8;16;8;True
11119;9;16;7;True
11120;3;9;6;True
11121;2;2;0;True
11122;5;16;11;True
11123;2;2;0;True
11124;3;9;6;True
11125;2;4;2;True
11126;2;4;2;True
11127;4;9;5;True
11128;5;6;1;True
11129;4;4;0;True
11130;0;0;0;True
11131;5;12;7;True
11132;5;16;11;True
11133;5;12;7;True
11134;4;9;5;True
11135;3;9;6;True
11136;5;12;7;True
11137;1;1;0;True
11138;4;9;5;True
11139;3;6;3;True
11140;3;6;3;True
11141;1;1;0;True
11142;5;9;4;True
11143;1;1;0;True
11144;8;16;8;True
11145;3;6;3;True
11146;1;1;0;True
11147;3;9;6;True
11148;4;9;5;True
11149;3;6;3;True
11150;3;6;3;True
11151;6;16;10;True
11152;5;12;7;True
11153;3;9;6;True
11154;5;9;4;True
11155;8;16;8;True
11156;4;9;5;True
11157;5;12;7;True
11158;6;12;6;True
11159;2;2;0;True
11160;0;0;0;True
11161;0;0;0;True
11162;0;0;0;True
11163;2;4;2;True
11164;4;6;2;True
11165;4;9;5;True
11166;2;2;0;True
11167;2;2;0;True
11168;3;4;1;True
11169;1;1;0;True
11170;5;8;3;True
11171;2;4;2;True
11172;3;4;1;True
11173;7;16;9;True
11174;5;9;4;True
11175;3;9;6;True
11176;2;4;2;True
11177;2;2;0;True
11178;6;12;6;True
11179;2;2;0;True
11180;3;9;6;True
11181;5;16;11;True
11182;7;12;5;True
11183;3;4;1;True
11184;3;6;3;True
11185;5;16;11;True
11186;2;4;2;True
11187;3;6;3;True
11188;5;16;11;True
11189;9;16;7;True
11190;3;6;3;True
11191;5;12;7;True
11192;3;6;3;True
11193;4;9;5;True
11194;3;6;3;True
11195;1;1;0;True
11196;6;12;6;True
11197;3;9;6;True
11198;5;9;4;True
11199;3;6;3;True
11200;4;8;4;True
11201;4;9;5;True
11202;7;12;5;True
11203;6;9;3;True
11204;10;16;6;True
11205;5;8;3;True
11206;1;1;0;True
11207;4;12;8;True
11208;6;9;3;True
11209;3;4;1;True
11210;5;8;3;True
11211;2;2;0;True
11212;6;12;6;True
11213;7;12;5;True
11214;3;4;1;True
11215;2;4;2;True
11216;4;9;5;True
11217;5;9;4;True
11218;7;16;9;True
11219;3;3;0;True
11220;3;6;3;True
11221;7;16;9;True
11222;1;1;0;True
11223;4;12;8;True
11224;3;6;3;True
11225;4;6;2;True
11226;2;4;2;True
11227;6;12;6;True
11228;3;4;1;True
11229;6;12;6;True
11230;2;4;2;True
11231;3;4;1;True
11232;6;16;10;True
11233;1;1;0;True
11234;6;16;10;True
11235;3;6;3;True
11236;5;9;4;True
11237;5;16;11;True
11238;4;6;2;True
11239;5;12;7;True
11240;2;2;0;True
11241;8;16;8;True
11242;4;12;8;True
11243;9;16;7;True
11244;2;2;0;True
11245;1;1;0;True
11246;5;12;7;True
11247;4;6;2;True
11248;5;9;4;True
11249;8;16;8;True
11250;6;9;3;True
11251;3;6;3;True
11252;3;4;1;True
11253;3;9;6;True
11254;9;16;7;True
11255;5;9;4;True
11256;1;1;0;True
11257;5;6;1;True
11258;1;1;0;True
11259;4;6;2;True
11260;3;6;3;True
11261;1;1;0;True
11262;1;1;0;True
11263;6;12;6;True
11264;1;1;0;True
11265;3;9;6;True
11266;1;1;0;True
11267;2;4;2;True
11268;4;9;5;True
11269;3;4;1;True
11270;6;8;2;True
11271;4;8;4;True
11272;2;4;2;True
11273;4;9;5;True
11274;1;1;0;True
11275;2;4;2;True
11276;7;16;9;True
11277;1;1;0;True
11278;4;6;2;True
11279;3;6;3;True
11280;1;1;0;True
11281;6;16;10;True
11282;8;16;8;True
11283;3;6;3;True
11284;1;1;0;True
11285;0;0;0;True
11286;3;9;6;True
11287;3;6;3;True
11288;1;1;0;True
11289;4;8;4;True
11290;3;9;6;True
11291;3;4;1;True
11292;2;2;0;True
11293;3;6;3;True
11294;4;9;5;True
11295;7;12;5;True
11296;3;6;3;True
11297;3;3;0;True
11298;1;1;0;True
11299;3;9;6;True
11300;4;9;5;True
11301;1;1;0;True
11302;2;2;0;True
11303;0;0;0;True
11304;6;12;6;True
11305;1;1;0;True
11306;3;4;1;True
11307;8;12;4;True
11308;7;16;9;True
11309;7;12;5;True
11310;2;4;2;True
11311;1;1;0;True
11312;1;1;0;True
11313;2;2;0;True
11314;5;12;7;True
11315;3;6;3;True
11316;2;2;0;True
11317;3;6;3;True
11318;5;9;4;True
11319;6;16;10;True
11320;6;9;3;True
11321;5;9;4;True
11322;4;8;4;True
11323;2;2;0;True
11324;4;9;5;True
11325;5;6;1;True
11326;5;16;11;True
11327;4;9;5;True
11328;1;1;0;True
11329;8;12;4;True
11330;0;0;0;True
11331;4;6;2;True
11332;5;9;4;True
11333;8;16;8;True
11334;7;16;9;True
11335;1;1;0;True
11336;1;1;0;True
11337;6;9;3;True
11338;7;16;9;True
11339;3;6;3;True
11340;5;6;1;True
11341;4;6;2;True
11342;7;9;2;True
11343;1;1;0;True
11344;5;8;3;True
11345;4;12;8;True
11346;9;16;7;True
11347;3;6;3;True
11348;7;16;9;True
11349;0;0;0;True
11350;4;9;5;True
11351;7;16;9;True
11352;6;16;10;True
11353;4;6;2;True
11354;6;12;6;True
11355;5;16;11;True
11356;8;16;8;True
11357;7;12;5;True
11358;4;6;2;True
11359;3;6;3;True
11360;3;6;3;True
11361;1;1;0;True
11362;1;1;0;True
11363;3;6;3;True
11364;5;12;7;True
11365;5;16;11;True
11366;1;1;0;True
11367;1;1;0;True
11368;4;6;2;True
11369;7;12;5;True
11370;4;6;2;True
11371;6;9;3;True
11372;1;1;0;True
11373;1;1;0;True
11374;5;9;4;True
11375;5;12;7;True
11376;5;8;3;True
11377;1;1;0;True
11378;5;16;11;True
11379;0;0;0;True
11380;1;1;0;True
11381;2;4;2;True
11382;3;4;1;True
11383;2;4;2;True
11384;3;4;1;True
11385;7;16;9;True
11386;2;4;2;True
11387;7;8;1;True
11388;3;6;3;True
11389;3;6;3;True
11390;1;1;0;True
11391;5;12;7;True
11392;8;16;8;True
11393;4;6;2;True
11394;6;16;10;True
11395;2;4;2;True
11396;5;12;7;True
11397;0;0;0;True
11398;2;4;2;True
11399;7;12;5;True
11400;1;1;0;True
11401;6;16;10;True
11402;1;1;0;True
11403;6;16;10;True
11404;1;1;0;True
11405;3;6;3;True
11406;5;12;7;True
11407;2;4;2;True
11408;2;2;0;True
11409;4;9;5;True
11410;4;12;8;True
11411;3;6;3;True
11412;6;12;6;True
11413;4;9;5;True
11414;6;16;10;True
11415;1;1;0;True
11416;2;2;0;True
11417;2;4;2;True
11418;6;12;6;True
11419;4;8;4;True
11420;4;12;8;True
11421;6;12;6;True
11422;6;16;10;True
11423;5;16;11;True
11424;5;6;1;True
11425;3;4;1;True
11426;4;9;5;True
11427;3;6;3;True
11428;2;4;2;True
11429;5;16;11;True
11430;2;2;0;True
11431;5;12;7;True
11432;4;9;5;True
11433;5;8;3;True
11434;2;2;0;True
11435;6;16;10;True
11436;1;1;0;True
11437;6;9;3;True
11438;1;1;0;True
11439;3;6;3;True
11440;3;6;3;True
11441;9;16;7;True
11442;7;16;9;True
11443;1;1;0;True
11444;3;4;1;True
11445;3;3;0;True
11446;4;4;0;True
11447;5;12;7;True
11448;3;6;3;True
11449;5;8;3;True
11450;6;12;6;True
11451;4;6;2;True
11452;2;2;0;True
11453;7;12;5;True
11454;7;12;5;True
11455;7;12;5;True
11456;1;1;0;True
11457;7;12;5;True
11458;3;4;1;True
11459;2;4;2;True
11460;5;12;7;True
11461;1;1;0;True
11462;6;16;10;True
11463;3;9;6;True
11464;6;12;6;True
11465;4;6;2;True
11466;3;6;3;True
11467;2;4;2;True
11468;2;4;2;True
11469;6;16;10;True
11470;4;9;5;True
11471;4;9;5;True
11472;6;16;10;True
11473;3;6;3;True
11474;2;4;2;True
11475;3;6;3;True
11476;6;12;6;True
11477;4;6;2;True
11478;5;16;11;True
11479;1;1;0;True
11480;4;9;5;True
11481;2;4;2;True
11482;3;6;3;True
11483;1;1;0;True
11484;3;6;3;True
11485;1;1;0;True
11486;5;12;7;True
11487;0;0;0;True
11488;4;6;2;True
11489;2;2;0;True
11490;0;0;0;True
11491;7;12;5;True
11492;9;12;3;True
11493;1;1;0;True
11494;5;16;11;True
11495;2;4;2;True
11496;0;0;0;True
11497;3;9;6;True
11498;6;16;10;True
11499;6;8;2;True
11500;3;6;3;True
11501;1;1;0;True
11502;4;9;5;True
11503;1;1;0;True
11504;4;9;5;True
11505;1;1;0;True
11506;3;6;3;True
11507;5;9;4;True
11508;1;1;0;True
11509;8;16;8;True
11510;5;9;4;True
11511;3;6;3;True
11512;1;1;0;True
11513;5;9;4;True
11514;0;0;0;True
11515;4;12;8;True
11516;2;4;2;True
11517;3;4;1;True
11518;8;12;4;True
11519;0;0;0;True
11520;3;6;3;True
11521;8;12;4;True
11522;6;16;10;True
11523;4;12;8;True
11524;1;1;0;True
11525;3;4;1;True
11526;1;1;0;True
11527;7;16;9;True
11528;8;16;8;True
11529;4;9;5;True
11530;7;12;5;True
11531;2;4;2;True
11532;7;16;9;True
11533;5;12;7;True
11534;0;0;0;True
11535;8;16;8;True
11536;3;9;6;True
11537;4;9;5;True
11538;3;6;3;True
11539;4;6;2;True
11540;7;16;9;True
11541;1;1;0;True
11542;2;2;0;True
11543;3;6;3;True
11544;1;1;0;True
11545;3;4;1;True
11546;2;4;2;True
11547;4;6;2;True
11548;6;16;10;True
11549;5;6;1;True
11550;8;12;4;True
11551;1;1;0;True
11552;4;12;8;True
11553;2;4;2;True
11554;7;16;9;True
11555;5;8;3;True
11556;4;9;5;True
11557;4;12;8;True
11558;3;9;6;True
11559;5;12;7;True
11560;1;1;0;True
11561;5;12;7;True
11562;5;12;7;True
11563;4;9;5;True
11564;4;9;5;True
11565;6;16;10;True
11566;3;9;6;True
11567;8;16;8;True
11568;9;16;7;True
11569;4;6;2;True
11570;2;4;2;True
11571;2;2;0;True
11572;2;2;0;True
11573;5;12;7;True
11574;3;9;6;True
11575;3;6;3;True
11576;1;1;0;True
11577;4;4;0;True
11578;3;9;6;True
11579;6;12;6;True
11580;3;6;3;True
11581;2;4;2;True
11582;7;12;5;True
11583;7;16;9;True
11584;3;9;6;True
11585;5;12;7;True
11586;4;12;8;True
11587;4;9;5;True
11588;1;1;0;True
11589;6;12;6;True
11590;4;9;5;True
11591;6;9;3;True
11592;7;16;9;True
11593;4;9;5;True
11594;5;9;4;True
11595;3;4;1;True
11596;6;12;6;True
11597;6;12;6;True
11598;2;4;2;True
11599;5;12;7;True
11600;4;6;2;True
11601;6;9;3;True
11602;5;12;7;True
11603;3;3;0;True
11604;2;4;2;True
11605;4;9;5;True
11606;1;1;0;True
11607;5;12;7;True
11608;3;3;0;True
11609;2;2;0;True
11610;0;0;0;True
11611;5;12;7;True
11612;6;12;6;True
11613;2;4;2;True
11614;1;1;0;True
11615;8;12;4;True
11616;1;1;0;True
11617;2;4;2;True
11618;3;4;1;True
11619;1;1;0;True
11620;1;1;0;True
11621;3;6;3;True
11622;4;6;2;True
11623;1;1;0;True
11624;8;12;4;True
11625;4;12;8;True
11626;6;16;10;True
11627;1;1;0;True
11628;6;16;10;True
11629;5;12;7;True
11630;0;0;0;True
11631;3;6;3;True
11632;1;1;0;True
11633;4;9;5;True
11634;5;8;3;True
11635;5;12;7;True
11636;3;3;0;True
11637;3;6;3;True
11638;0;0;0;True
11639;2;4;2;True
11640;2;4;2;True
11641;5;9;4;True
11642;3;6;3;True
11643;5;9;4;True
11644;4;6;2;True
11645;5;9;4;True
11646;4;12;8;True
11647;6;16;10;True
11648;4;9;5;True
11649;1;1;0;True
11650;7;12;5;True
11651;10;16;6;True
11652;5;9;4;True
11653;0;0;0;True
11654;1;1;0;True
11655;4;12;8;True
11656;2;4;2;True
11657;3;6;3;True
11658;8;16;8;True
11659;4;9;5;True
11660;2;2;0;True
11661;4;12;8;True
11662;5;12;7;True
11663;5;9;4;True
11664;7;9;2;True
11665;7;12;5;True
11666;3;4;1;True
11667;5;12;7;True
11668;2;2;0;True
11669;3;9;6;True
11670;5;8;3;True
11671;8;12;4;True
11672;2;2;0;True
11673;4;9;5;True
11674;5;9;4;True
11675;3;6;3;True
11676;2;4;2;True
11677;3;3;0;True
11678;8;12;4;True
11679;4;8;4;True
11680;6;9;3;True
11681;6;16;10;True
11682;4;6;2;True
11683;9;16;7;True
11684;5;8;3;True
11685;3;6;3;True
11686;1;1;0;True
11687;7;12;5;True
11688;5;12;7;True
11689;6;16;10;True
11690;0;0;0;True
11691;5;8;3;True
11692;3;6;3;True
11693;0;0;0;True
11694;4;12;8;True
11695;7;12;5;True
11696;5;9;4;True
11697;4;6;2;True
11698;1;1;0;True
11699;5;16;11;True
11700;3;9;6;True
11701;7;16;9;True
11702;4;4;0;True
11703;2;2;0;True
11704;3;6;3;True
11705;9;12;3;True
11706;3;3;0;True
11707;4;9;5;True
11708;3;6;3;True
11709;8;12;4;True
11710;4;6;2;True
11711;6;16;10;True
11712;2;4;2;True
11713;3;6;3;True
11714;7;12;5;True
11715;6;16;10;True
11716;8;12;4;True
11717;3;6;3;True
11718;7;16;9;True
11719;3;6;3;True
11720;4;9;5;True
11721;6;12;6;True
11722;8;16;8;True
11723;3;4;1;True
11724;4;8;4;True
11725;3;6;3;True
11726;6;16;10;True
11727;4;6;2;True
11728;4;4;0;True
11729;6;16;10;True
11730;6;12;6;True
11731;6;16;10;True
11732;0;0;0;True
11733;2;4;2;True
11734;1;1;0;True
11735;3;6;3;True
11736;1;1;0;True
11737;6;9;3;True
11738;5;16;11;True
11739;0;0;0;True
11740;4;6;2;True
11741;1;1;0;True
11742;1;1;0;True
11743;6;12;6;True
11744;4;9;5;True
11745;5;9;4;True
11746;1;1;0;True
11747;8;16;8;True
11748;4;9;5;True
11749;0;0;0;True
11750;1;1;0;True
11751;2;4;2;True
11752;4;6;2;True
11753;6;12;6;True
11754;5;12;7;True
11755;4;9;5;True
11756;0;0;0;True
11757;2;2;0;True
11758;3;9;6;True
11759;4;6;2;True
11760;3;6;3;True
11761;6;16;10;True
11762;4;9;5;True
11763;1;1;0;True
11764;3;3;0;True
11765;1;1;0;True
11766;10;16;6;True
11767;7;16;9;True
11768;4;9;5;True
11769;1;1;0;True
11770;7;12;5;True
11771;1;1;0;True
11772;1;1;0;True
11773;9;16;7;True
11774;4;8;4;True
11775;4;6;2;True
11776;4;9;5;True
11777;0;0;0;True
11778;1;1;0;True
11779;1;1;0;True
11780;2;2;0;True
11781;2;2;0;True
11782;9;16;7;True
11783;2;4;2;True
11784;4;12;8;True
11785;4;6;2;True
11786;9;16;7;True
11787;5;9;4;True
11788;2;2;0;True
11789;4;9;5;True
11790;2;4;2;True
11791;7;16;9;True
11792;1;1;0;True
11793;4;9;5;True
11794;5;9;4;True
11795;3;9;6;True
11796;1;1;0;True
11797;3;6;3;True
11798;2;4;2;True
11799;1;1;0;True
11800;0;0;0;True
11801;7;12;5;True
11802;7;12;5;True
11803;2;4;2;True
11804;4;9;5;True
11805;6;12;6;True
11806;3;6;3;True
11807;7;12;5;True
11808;3;6;3;True
11809;8;16;8;True
11810;6;8;2;True
11811;5;12;7;True
11812;1;1;0;True
11813;4;9;5;True
11814;3;4;1;True
11815;1;1;0;True
11816;4;8;4;True
11817;5;9;4;True
11818;2;2;0;True
11819;3;9;6;True
11820;6;12;6;True
11821;6;16;10;True
11822;6;12;6;True
11823;2;2;0;True
11824;3;6;3;True
11825;3;4;1;True
11826;2;2;0;True
11827;5;12;7;True
11828;3;3;0;True
11829;3;4;1;True
11830;0;0;0;True
11831;3;6;3;True
11832;6;12;6;True
11833;5;16;11;True
11834;3;9;6;True
11835;3;6;3;True
11836;5;9;4;True
11837;2;2;0;True
11838;1;1;0;True
11839;6;12;6;True
11840;6;12;6;True
11841;3;4;1;True
11842;8;12;4;True
11843;7;12;5;True
11844;1;1;0;True
11845;0;0;0;True
11846;1;1;0;True
11847;2;4;2;True
11848;2;4;2;True
11849;7;16;9;True
11850;4;9;5;True
11851;3;6;3;True
11852;6;12;6;True
11853;5;12;7;True
11854;5;9;4;True
11855;5;9;4;True
11856;5;6;1;True
11857;3;9;6;True
11858;0;0;0;True
11859;4;9;5;True
11860;1;1;0;True
11861;1;1;0;True
11862;7;12;5;True
11863;5;12;7;True
11864;5;12;7;True
11865;7;16;9;True
11866;7;12;5;True
11867;4;6;2;True
11868;3;6;3;True
11869;3;4;1;True
11870;3;4;1;True
11871;4;12;8;True
11872;1;1;0;True
11873;7;12;5;True
11874;5;12;7;True
11875;5;12;7;True
11876;5;6;1;True
11877;2;2;0;True
11878;5;9;4;True
11879;0;0;0;True
11880;4;6;2;True
11881;4;6;2;True
11882;2;4;2;True
11883;2;2;0;True
11884;4;6;2;True
11885;5;16;11;True
11886;7;16;9;True
11887;3;6;3;True
11888;6;12;6;True
11889;4;8;4;True
11890;3;4;1;True
11891;3;6;3;True
11892;4;12;8;True
11893;1;1;0;True
11894;1;1;0;True
11895;3;6;3;True
11896;2;2;0;True
11897;8;16;8;True
11898;1;1;0;True
11899;2;4;2;True
11900;2;2;0;True
11901;1;1;0;True
11902;4;6;2;True
11903;3;6;3;True
11904;5;8;3;True
11905;4;9;5;True
11906;1;1;0;True
11907;4;9;5;True
11908;4;12;8;True
11909;1;1;0;True
11910;2;2;0;True
11911;7;9;2;True
11912;2;4;2;True
11913;7;9;2;True
11914;1;1;0;True
11915;6;12;6;True
11916;3;4;1;True
11917;3;4;1;True
11918;4;9;5;True
11919;2;4;2;True
11920;5;12;7;True
11921;4;9;5;True
11922;6;16;10;True
11923;4;6;2;True
11924;4;6;2;True
11925;3;4;1;True
11926;5;9;4;True
11927;0;0;0;True
11928;4;6;2;True
11929;4;16;12;True
11930;2;4;2;True
11931;7;16;9;True
11932;6;6;0;True
11933;3;4;1;True
11934;2;2;0;True
11935;6;12;6;True
11936;2;4;2;True
11937;1;1;0;True
11938;5;9;4;True
11939;7;12;5;True
11940;3;6;3;True
11941;4;9;5;True
11942;4;6;2;True
11943;2;2;0;True
11944;4;8;4;True
11945;6;12;6;True
11946;3;6;3;True
11947;3;6;3;True
11948;8;16;8;True
11949;4;6;2;True
11950;4;12;8;True
11951;6;12;6;True
11952;1;1;0;True
11953;5;8;3;True
11954;3;3;0;True
11955;7;16;9;True
11956;7;12;5;True
11957;6;12;6;True
11958;5;16;11;True
11959;0;0;0;True
11960;5;16;11;True
11961;1;1;0;True
11962;3;4;1;True
11963;0;0;0;True
11964;7;12;5;True
11965;4;9;5;True
11966;2;2;0;True
11967;5;6;1;True
11968;0;0;0;True
11969;5;6;1;True
11970;7;16;9;True
11971;7;12;5;True
11972;2;4;2;True
11973;2;4;2;True
11974;4;9;5;True
11975;2;2;0;True
11976;7;16;9;True
11977;7;16;9;True
11978;5;9;4;True
11979;6;12;6;True
11980;6;16;10;True
11981;4;6;2;True
11982;0;0;0;True
11983;4;12;8;True
11984;2;4;2;True
11985;0;0;0;True
11986;2;2;0;True
11987;1;1;0;True
11988;4;9;5;True
11989;4;6;2;True
11990;3;6;3;True
11991;1;1;0;True
11992;5;9;4;True
11993;6;9;3;True
11994;0;0;0;True
11995;3;6;3;True
11996;5;16;11;True
11997;3;3;0;True
11998;1;1;0;True
11999;4;9;5;True
12000;4;9;5;True
12001;5;12;7;True
12002;2;2;0;True
12003;2;4;2;True
12004;7;16;9;True
12005;4;9;5;True
12006;0;0;0;True
12007;5;9;4;True
12008;6;9;3;True
12009;0;0;0;True
12010;1;1;0;True
12011;6;16;10;True
12012;2;2;0;True
12013;2;2;0;True
12014;6;12;6;True
12015;2;4;2;True
12016;4;9;5;True
12017;3;6;3;True
12018;2;4;2;True
12019;1;1;0;True
12020;2;4;2;True
12021;2;4;2;True
12022;4;9;5;True
12023;4;16;12;True
12024;6;12;6;True
12025;4;6;2;True
12026;3;6;3;True
12027;6;12;6;True
12028;3;4;1;True
12029;2;4;2;True
12030;3;6;3;True
12031;5;12;7;True
12032;8;12;4;True
12033;4;12;8;True
12034;6;12;6;True
12035;5;12;7;True
12036;2;4;2;True
12037;2;4;2;True
12038;1;1;0;True
12039;2;2;0;True
12040;7;16;9;True
12041;2;4;2;True
12042;6;12;6;True
12043;6;12;6;True
12044;7;12;5;True
12045;2;2;0;True
12046;1;1;0;True
12047;7;16;9;True
12048;6;12;6;True
12049;2;4;2;True
12050;6;12;6;True
12051;4;8;4;True
12052;5;9;4;True
12053;3;9;6;True
12054;1;1;0;True
12055;4;12;8;True
12056;8;16;8;True
12057;2;4;2;True
12058;1;1;0;True
12059;1;1;0;True
12060;4;6;2;True
12061;3;6;3;True
12062;1;1;0;True
12063;3;6;3;True
12064;0;0;0;True
12065;7;16;9;True
12066;4;9;5;True
12067;7;12;5;True
12068;4;9;5;True
12069;3;6;3;True
12070;3;6;3;True
12071;4;8;4;True
12072;1;1;0;True
12073;3;9;6;True
12074;2;2;0;True
12075;3;4;1;True
12076;4;9;5;True
12077;2;4;2;True
12078;2;4;2;True
12079;1;1;0;True
12080;6;12;6;True
12081;7;16;9;True
12082;0;0;0;True
12083;4;9;5;True
12084;6;9;3;True
12085;1;1;0;True
12086;5;9;4;True
12087;4;9;5;True
12088;1;1;0;True
12089;4;6;2;True
12090;4;12;8;True
12091;6;12;6;True
12092;4;6;2;True
12093;3;4;1;True
12094;10;16;6;True
12095;4;6;2;True
12096;5;9;4;True
12097;1;1;0;True
12098;2;4;2;True
12099;0;0;0;True
12100;2;4;2;True
12101;2;4;2;True
12102;2;4;2;True
12103;2;4;2;True
12104;5;9;4;True
12105;0;0;0;True
12106;3;6;3;True
12107;2;2;0;True
12108;2;4;2;True
12109;4;9;5;True
12110;1;1;0;True
12111;2;4;2;True
12112;4;9;5;True
12113;7;16;9;True
12114;2;2;0;True
12115;2;4;2;True
12116;3;6;3;True
12117;1;1;0;True
12118;2;4;2;True
12119;4;4;0;True
12120;3;6;3;True
12121;3;6;3;True
12122;3;4;1;True
12123;5;12;7;True
12124;1;1;0;True
12125;1;1;0;True
12126;3;3;0;True
12127;5;9;4;True
12128;0;0;0;True
12129;9;16;7;True
12130;5;9;4;True
12131;0;0;0;True
12132;1;1;0;True
12133;3;6;3;True
12134;2;2;0;True
12135;2;2;0;True
12136;3;6;3;True
12137;1;1;0;True
12138;3;6;3;True
12139;0;0;0;True
12140;2;2;0;True
12141;6;12;6;True
12142;4;6;2;True
12143;1;1;0;True
12144;4;9;5;True
12145;4;9;5;True
12146;3;4;1;True
12147;4;9;5;True
12148;6;9;3;True
12149;8;16;8;True
12150;5;6;1;True
12151;0;0;0;True
12152;9;16;7;True
12153;5;6;1;True
12154;5;12;7;True
12155;8;16;8;True
12156;2;2;0;True
12157;4;12;8;True
12158;7;9;2;True
12159;0;0;0;True
12160;7;16;9;True
12161;5;12;7;True
12162;2;2;0;True
12163;3;9;6;True
12164;3;6;3;True
12165;1;1;0;True
12166;3;6;3;True
12167;5;16;11;True
12168;3;6;3;True
12169;3;6;3;True
12170;4;9;5;True
12171;4;12;8;True
12172;5;9;4;True
12173;5;9;4;True
12174;6;12;6;True
12175;3;6;3;True
12176;4;4;0;True
12177;6;16;10;True
12178;2;2;0;True
12179;1;1;0;True
12180;4;9;5;True
12181;4;12;8;True
12182;5;9;4;True
12183;2;4;2;True
12184;7;16;9;True
12185;2;4;2;True
12186;8;12;4;True
12187;5;12;7;True
12188;4;9;5;True
12189;2;4;2;True
12190;8;12;4;True
12191;3;9;6;True
12192;3;6;3;True
12193;2;2;0;True
12194;4;8;4;True
12195;6;16;10;True
12196;6;12;6;True
12197;4;9;5;True
12198;5;9;4;True
12199;1;1;0;True
12200;5;8;3;True
12201;5;12;7;True
12202;2;4;2;True
12203;3;9;6;True
12204;2;2;0;True
12205;5;9;4;True
12206;2;4;2;True
12207;3;6;3;True
12208;4;12;8;True
12209;3;6;3;True
12210;4;9;5;True
12211;10;16;6;True
12212;2;2;0;True
12213;6;16;10;True
12214;5;9;4;True
12215;2;4;2;True
12216;6;9;3;True
12217;6;12;6;True
12218;6;16;10;True
12219;3;3;0;True
12220;4;6;2;True
12221;6;12;6;True
12222;4;6;2;True
12223;5;16;11;True
12224;4;8;4;True
12225;3;6;3;True
12226;2;2;0;True
12227;4;16;12;True
12228;3;4;1;True
12229;5;9;4;True
12230;9;16;7;True
12231;7;16;9;True
12232;0;0;0;True
12233;5;12;7;True
12234;3;9;6;True
12235;2;4;2;True
12236;3;6;3;True
12237;6;12;6;True
12238;4;6;2;True
12239;2;2;0;True
12240;7;12;5;True
12241;4;6;2;True
12242;6;16;10;True
12243;6;16;10;True
12244;4;6;2;True
12245;1;1;0;True
12246;3;9;6;True
12247;1;1;0;True
12248;7;16;9;True
12249;0;0;0;True
12250;2;4;2;True
12251;3;6;3;True
12252;3;9;6;True
12253;1;1;0;True
12254;2;2;0;True
12255;5;12;7;True
12256;5;9;4;True
12257;5;16;11;True
12258;6;12;6;True
12259;9;16;7;True
12260;5;9;4;True
12261;6;9;3;True
12262;4;9;5;True
12263;3;6;3;True
12264;2;4;2;True
12265;5;6;1;True
12266;4;12;8;True
12267;3;6;3;True
12268;1;1;0;True
12269;3;9;6;True
12270;5;12;7;True
12271;3;6;3;True
12272;3;6;3;True
12273;1;1;0;True
12274;3;4;1;True
12275;2;4;2;True
12276;0;0;0;True
12277;0;0;0;True
12278;9;12;3;True
12279;8;16;8;True
12280;2;2;0;True
12281;7;16;9;True
12282;1;1;0;True
12283;5;8;3;True
12284;5;16;11;True
12285;2;4;2;True
12286;2;2;0;True
12287;3;3;0;True
12288;1;1;0;True
12289;4;12;8;True
12290;1;1;0;True
12291;6;9;3;True
12292;6;9;3;True
12293;8;16;8;True
12294;1;1;0;True
12295;8;12;4;True
12296;8;16;8;True
12297;4;9;5;True
12298;0;0;0;True
12299;3;4;1;True
12300;3;9;6;True
12301;3;4;1;True
12302;5;6;1;True
12303;4;12;8;True
12304;3;4;1;True
12305;4;6;2;True
12306;6;12;6;True
12307;3;4;1;True
12308;4;8;4;True
12309;5;12;7;True
12310;3;4;1;True
12311;9;16;7;True
12312;5;12;7;True
12313;2;4;2;True
12314;4;9;5;True
12315;3;4;1;True
12316;0;0;0;True
12317;8;16;8;True
12318;7;12;5;True
12319;1;1;0;True
12320;3;6;3;True
12321;2;4;2;True
12322;1;1;0;True
12323;2;2;0;True
12324;4;6;2;True
12325;8;12;4;True
12326;5;9;4;True
12327;2;4;2;True
12328;6;12;6;True
12329;2;4;2;True
12330;6;16;10;True
12331;5;12;7;True
12332;4;9;5;True
12333;2;4;2;True
12334;0;0;0;True
12335;6;16;10;True
12336;2;2;0;True
12337;0;0;0;True
12338;9;12;3;True
12339;3;9;6;True
12340;3;4;1;True
12341;4;12;8;True
12342;3;9;6;True
12343;7;16;9;True
12344;5;9;4;True
12345;1;1;0;True
12346;4;16;12;True
12347;4;12;8;True
12348;4;6;2;True
12349;8;12;4;True
12350;0;0;0;True
12351;6;9;3;True
12352;4;9;5;True
12353;1;1;0;True
12354;1;1;0;True
12355;4;9;5;True
12356;6;12;6;True
12357;2;4;2;True
12358;5;12;7;True
12359;1;1;0;True
12360;3;9;6;True
12361;4;6;2;True
12362;2;4;2;True
12363;4;9;5;True
12364;1;1;0;True
12365;1;1;0;True
12366;4;6;2;True
12367;2;2;0;True
12368;2;2;0;True
12369;4;4;0;True
12370;8;12;4;True
12371;3;6;3;True
12372;0;0;0;True
12373;3;6;3;True
12374;5;12;7;True
12375;8;16;8;True
12376;7;12;5;True
12377;3;6;3;True
12378;1;1;0;True
12379;2;4;2;True
12380;1;1;0;True
12381;3;6;3;True
12382;3;4;1;True
12383;4;9;5;True
12384;6;12;6;True
12385;3;6;3;True
12386;4;8;4;True
12387;5;12;7;True
12388;7;16;9;True
12389;3;6;3;True
12390;3;6;3;True
12391;5;16;11;True
12392;5;12;7;True
12393;4;4;0;True
12394;3;9;6;True
12395;4;12;8;True
12396;2;4;2;True
12397;4;9;5;True
12398;3;6;3;True
12399;4;8;4;True
12400;0;0;0;True
12401;4;6;2;True
12402;2;4;2;True
12403;4;9;5;True
12404;3;9;6;True
12405;1;1;0;True
12406;4;6;2;True
12407;3;6;3;True
12408;2;4;2;True
12409;2;4;2;True
12410;8;12;4;True
12411;1;1;0;True
12412;6;16;10;True
12413;5;12;7;True
12414;2;2;0;True
12415;5;9;4;True
12416;4;8;4;True
12417;3;9;6;True
12418;7;12;5;True
12419;1;1;0;True
12420;7;16;9;True
12421;6;12;6;True
12422;2;4;2;True
12423;3;6;3;True
12424;4;8;4;True
12425;6;12;6;True
12426;4;9;5;True
12427;2;2;0;True
12428;2;2;0;True
12429;5;9;4;True
12430;3;6;3;True
12431;6;12;6;True
12432;1;1;0;True
12433;2;4;2;True
12434;6;12;6;True
12435;7;16;9;True
12436;4;6;2;True
12437;1;1;0;True
12438;1;1;0;True
12439;7;16;9;True
12440;0;0;0;True
12441;4;8;4;True
12442;2;4;2;True
12443;3;6;3;True
12444;0;0;0;True
12445;5;9;4;True
12446;2;4;2;True
12447;8;16;8;True
12448;2;4;2;True
12449;4;6;2;True
12450;2;4;2;True
12451;8;12;4;True
12452;7;16;9;True
12453;0;0;0;True
12454;8;16;8;True
12455;2;4;2;True
12456;3;9;6;True
12457;5;9;4;True
12458;8;16;8;True
12459;2;4;2;True
12460;5;6;1;True
12461;2;4;2;True
12462;7;16;9;True
12463;3;4;1;True
12464;8;16;8;True
12465;4;9;5;True
12466;6;12;6;True
12467;6;12;6;True
12468;3;6;3;True
12469;5;9;4;True
12470;6;12;6;True
12471;1;1;0;True
12472;5;12;7;True
12473;4;9;5;True
12474;4;9;5;True
12475;5;9;4;True
12476;1;1;0;True
12477;4;6;2;True
12478;3;4;1;True
12479;4;6;2;True
12480;6;12;6;True
12481;7;12;5;True
12482;5;9;4;True
12483;3;6;3;True
12484;4;9;5;True
12485;8;12;4;True
12486;0;0;0;True
12487;2;4;2;True
12488;6;12;6;True
12489;4;9;5;True
12490;4;6;2;True
12491;5;12;7;True
12492;5;9;4;True
12493;7;16;9;True
12494;1;1;0;True
12495;7;16;9;True
12496;0;0;0;True
12497;8;16;8;True
12498;5;12;7;True
12499;1;1;0;True
12500;1;1;0;True
12501;1;1;0;True
12502;3;4;1;True
12503;1;1;0;True
12504;3;9;6;True
12505;9;12;3;True
12506;2;2;0;True
12507;1;1;0;True
12508;6;16;10;True
12509;2;2;0;True
12510;3;6;3;True
12511;8;16;8;True
12512;0;0;0;True
12513;5;8;3;True
12514;4;9;5;True
12515;3;3;0;True
12516;3;6;3;True
12517;3;6;3;True
12518;2;2;0;True
12519;4;12;8;True
12520;2;4;2;True
12521;3;4;1;True
12522;4;9;5;True
12523;2;4;2;True
12524;2;4;2;True
12525;1;1;0;True
12526;3;6;3;True
12527;1;1;0;True
12528;6;9;3;True
12529;5;12;7;True
12530;5;9;4;True
12531;5;6;1;True
12532;2;2;0;True
12533;2;2;0;True
12534;2;4;2;True
12535;6;16;10;True
12536;6;6;0;True
12537;2;4;2;True
12538;8;12;4;True
12539;7;16;9;True
12540;5;12;7;True
12541;1;1;0;True
12542;1;1;0;True
12543;4;6;2;True
12544;6;12;6;True
12545;3;4;1;True
12546;4;6;2;True
12547;5;9;4;True
12548;3;6;3;True
12549;0;0;0;True
12550;3;6;3;True
12551;7;16;9;True
12552;4;4;0;True
12553;2;4;2;True
12554;3;4;1;True
12555;7;12;5;True
12556;4;9;5;True
12557;5;16;11;True
12558;3;4;1;True
12559;3;9;6;True
12560;3;4;1;True
12561;3;6;3;True
12562;1;1;0;True
12563;1;1;0;True
12564;5;9;4;True
12565;4;8;4;True
12566;4;9;5;True
12567;7;9;2;True
12568;3;4;1;True
12569;8;16;8;True
12570;3;6;3;True
12571;4;6;2;True
12572;2;4;2;True
12573;1;1;0;True
12574;5;12;7;True
12575;5;16;11;True
12576;2;4;2;True
12577;3;9;6;True
12578;2;2;0;True
12579;8;16;8;True
12580;1;1;0;True
12581;3;4;1;True
12582;1;1;0;True
12583;2;2;0;True
12584;11;16;5;True
12585;6;9;3;True
12586;4;8;4;True
12587;0;0;0;True
12588;5;6;1;True
12589;7;16;9;True
12590;1;1;0;True
12591;6;16;10;True
12592;2;4;2;True
12593;3;9;6;True
12594;6;16;10;True
12595;4;6;2;True
12596;6;12;6;True
12597;5;9;4;True
12598;9;16;7;True
12599;2;2;0;True
12600;5;12;7;True
12601;2;2;0;True
12602;7;16;9;True
12603;1;1;0;True
12604;2;2;0;True
12605;3;4;1;True
12606;0;0;0;True
12607;2;4;2;True
12608;6;16;10;True
12609;1;1;0;True
12610;2;2;0;True
12611;4;9;5;True
12612;4;8;4;True
12613;1;1;0;True
12614;4;6;2;True
12615;1;1;0;True
12616;7;16;9;True
12617;6;12;6;True
12618;1;1;0;True
12619;2;4;2;True
12620;2;4;2;True
12621;7;12;5;True
12622;3;9;6;True
12623;3;4;1;True
12624;0;0;0;True
12625;8;12;4;True
12626;4;4;0;True
12627;3;6;3;True
12628;4;9;5;True
12629;2;4;2;True
12630;3;4;1;True
12631;3;9;6;True
12632;3;4;1;True
12633;5;8;3;True
12634;2;2;0;True
12635;7;16;9;True
12636;2;4;2;True
12637;4;6;2;True
12638;1;1;0;True
12639;3;6;3;True
12640;10;16;6;True
12641;2;2;0;True
12642;1;1;0;True
12643;3;4;1;True
12644;8;16;8;True
12645;4;12;8;True
12646;10;16;6;True
12647;3;6;3;True
12648;8;12;4;True
12649;3;4;1;True
12650;3;6;3;True
12651;4;9;5;True
12652;5;9;4;True
12653;5;16;11;True
12654;2;4;2;True
12655;3;6;3;True
12656;6;8;2;True
12657;3;6;3;True
12658;3;6;3;True
12659;4;6;2;True
12660;8;16;8;True
12661;4;8;4;True
12662;1;1;0;True
12663;0;0;0;True
12664;2;4;2;True
12665;3;6;3;True
12666;0;0;0;True
12667;4;12;8;True
12668;2;4;2;True
12669;6;12;6;True
12670;1;1;0;True
12671;1;1;0;True
12672;1;1;0;True
12673;7;16;9;True
12674;0;0;0;True
12675;4;9;5;True
12676;7;16;9;True
12677;2;4;2;True
12678;1;1;0;True
12679;4;9;5;True
12680;5;12;7;True
12681;4;6;2;True
12682;2;2;0;True
12683;2;4;2;True
12684;2;4;2;True
12685;3;6;3;True
12686;1;1;0;True
12687;3;6;3;True
12688;5;6;1;True
12689;2;4;2;True
12690;0;0;0;True
12691;4;4;0;True
12692;3;4;1;True
12693;4;12;8;True
12694;1;1;0;True
12695;4;9;5;True
12696;5;12;7;True
12697;0;0;0;True
12698;3;9;6;True
12699;0;0;0;True
12700;2;4;2;True
12701;2;4;2;True
12702;5;12;7;True
12703;6;16;10;True
12704;9;16;7;True
12705;2;4;2;True
12706;2;4;2;True
12707;1;1;0;True
12708;1;1;0;True
12709;5;9;4;True
12710;2;4;2;True
12711;3;9;6;True
12712;6;12;6;True
12713;2;2;0;True
12714;8;16;8;True
12715;4;9;5;True
12716;9;16;7;True
12717;6;16;10;True
12718;3;4;1;True
12719;6;12;6;True
12720;4;12;8;True
12721;6;12;6;True
12722;3;4;1;True
12723;2;4;2;True
12724;9;16;7;True
12725;1;1;0;True
12726;2;4;2;True
12727;6;12;6;True
12728;2;4;2;True
12729;7;16;9;True
12730;4;8;4;True
12731;1;1;0;True
12732;1;1;0;True
12733;7;12;5;True
12734;1;1;0;True
12735;3;6;3;True
12736;7;16;9;True
12737;5;12;7;True
12738;0;0;0;True
12739;6;16;10;True
12740;5;12;7;True
12741;1;1;0;True
12742;0;0;0;True
12743;5;9;4;True
12744;2;2;0;True
12745;3;9;6;True
12746;4;6;2;True
12747;0;0;0;True
12748;9;12;3;True
12749;9;12;3;True
12750;4;8;4;True
12751;8;12;4;True
12752;3;4;1;True
12753;3;6;3;True
12754;6;12;6;True
12755;2;2;0;True
12756;0;0;0;True
12757;3;4;1;True
12758;3;6;3;True
12759;1;1;0;True
12760;3;6;3;True
12761;1;1;0;True
12762;6;16;10;True
12763;4;9;5;True
12764;1;1;0;True
12765;8;16;8;True
12766;1;1;0;True
12767;4;9;5;True
12768;4;9;5;True
12769;5;9;4;True
12770;5;12;7;True
12771;7;16;9;True
12772;3;6;3;True
12773;3;9;6;True
12774;4;12;8;True
12775;0;0;0;True
12776;0;0;0;True
12777;11;16;5;True
12778;3;6;3;True
12779;5;16;11;True
12780;4;9;5;True
12781;2;2;0;True
12782;1;1;0;True
12783;4;9;5;True
12784;1;1;0;True
12785;6;12;6;True
12786;8;16;8;True
12787;2;4;2;True
12788;5;12;7;True
12789;2;4;2;True
12790;2;2;0;True
12791;1;1;0;True
12792;0;0;0;True
12793;6;9;3;True
12794;1;1;0;True
12795;1;1;0;True
12796;9;16;7;True
12797;2;2;0;True
12798;1;1;0;True
12799;4;9;5;True
12800;1;1;0;True
12801;4;4;0;True
12802;2;4;2;True
12803;5;12;7;True
12804;1;1;0;True
12805;11;16;5;True
12806;1;1;0;True
12807;2;4;2;True
12808;2;4;2;True
12809;0;0;0;True
12810;3;6;3;True
12811;2;4;2;True
12812;7;16;9;True
12813;4;12;8;True
12814;5;16;11;True
12815;1;1;0;True
12816;5;6;1;True
12817;4;9;5;True
12818;4;9;5;True
12819;8;12;4;True
12820;2;4;2;True
12821;4;9;5;True
12822;5;9;4;True
12823;2;4;2;True
12824;3;9;6;True
12825;3;6;3;True
12826;2;2;0;True
12827;3;9;6;True
12828;6;16;10;True
12829;1;1;0;True
12830;0;0;0;True
12831;2;4;2;True
12832;7;16;9;True
12833;1;1;0;True
12834;5;12;7;True
12835;6;9;3;True
12836;5;12;7;True
12837;6;12;6;True
12838;5;12;7;True
12839;4;6;2;True
12840;6;16;10;True
12841;2;4;2;True
12842;5;12;7;True
12843;8;12;4;True
12844;2;4;2;True
12845;2;4;2;True
12846;4;9;5;True
12847;4;6;2;True
12848;3;6;3;True
12849;7;16;9;True
12850;5;12;7;True
12851;2;4;2;True
12852;3;4;1;True
12853;4;9;5;True
12854;2;2;0;True
12855;5;9;4;True
12856;4;6;2;True
12857;4;9;5;True
12858;6;12;6;True
12859;6;12;6;True
12860;1;1;0;True
12861;6;12;6;True
12862;1;1;0;True
12863;0;0;0;True
12864;8;16;8;True
12865;5;12;7;True
12866;5;12;7;True
12867;4;9;5;True
12868;2;4;2;True
12869;3;6;3;True
12870;4;9;5;True
12871;5;12;7;True
12872;1;1;0;True
12873;2;4;2;True
12874;7;16;9;True
12875;3;6;3;True
12876;4;6;2;True
12877;6;12;6;True
12878;4;6;2;True
12879;3;4;1;True
12880;3;6;3;True
12881;4;9;5;True
12882;4;6;2;True
12883;2;2;0;True
12884;3;4;1;True
12885;1;1;0;True
12886;4;9;5;True
12887;2;4;2;True
12888;6;12;6;True
12889;2;4;2;True
12890;8;12;4;True
12891;8;16;8;True
12892;1;1;0;True
12893;8;12;4;True
12894;1;1;0;True
12895;3;4;1;True
12896;2;2;0;True
12897;3;3;0;True
12898;2;4;2;True
12899;2;4;2;True
12900;3;6;3;True
12901;3;6;3;True
12902;3;6;3;True
12903;5;9;4;True
12904;3;6;3;True
12905;3;6;3;True
12906;2;4;2;True
12907;2;4;2;True
12908;3;9;6;True
12909;0;0;0;True
12910;1;1;0;True
12911;5;9;4;True
12912;5;9;4;True
12913;0;0;0;True
12914;0;0;0;True
12915;0;0;0;True
12916;2;4;2;True
12917;6;12;6;True
12918;3;6;3;True
12919;4;9;5;True
12920;1;1;0;True
12921;3;4;1;True
12922;6;12;6;True
12923;5;16;11;True
12924;3;9;6;True
12925;6;12;6;True
12926;5;12;7;True
12927;7;12;5;True
12928;3;9;6;True
12929;5;9;4;True
12930;2;4;2;True
12931;1;1;0;True
12932;6;16;10;True
12933;3;6;3;True
12934;4;9;5;True
12935;3;9;6;True
12936;7;16;9;True
12937;4;12;8;True
12938;4;6;2;True
12939;6;12;6;True
12940;4;9;5;True
12941;4;6;2;True
12942;1;1;0;True
12943;5;9;4;True
12944;1;1;0;True
12945;4;9;5;True
12946;3;6;3;True
12947;7;12;5;True
12948;4;6;2;True
12949;3;6;3;True
12950;3;6;3;True
12951;0;0;0;True
12952;3;9;6;True
12953;5;12;7;True
12954;2;2;0;True
12955;8;16;8;True
12956;1;1;0;True
12957;3;4;1;True
12958;4;12;8;True
12959;5;9;4;True
12960;1;1;0;True
12961;0;0;0;True
12962;2;4;2;True
12963;5;12;7;True
12964;3;6;3;True
12965;7;16;9;True
12966;2;4;2;True
12967;3;6;3;True
12968;6;12;6;True
12969;3;6;3;True
12970;3;6;3;True
12971;3;6;3;True
12972;2;4;2;True
12973;3;9;6;True
12974;6;16;10;True
12975;7;16;9;True
12976;4;12;8;True
12977;4;12;8;True
12978;3;4;1;True
12979;8;16;8;True
12980;4;12;8;True
12981;4;12;8;True
12982;7;12;5;True
12983;4;9;5;True
12984;1;1;0;True
12985;8;16;8;True
12986;2;4;2;True
12987;4;12;8;True
12988;2;4;2;True
12989;3;6;3;True
12990;0;0;0;True
12991;5;9;4;True
12992;6;9;3;True
12993;4;6;2;True
12994;1;1;0;True
12995;0;0;0;True
12996;6;12;6;True
12997;2;2;0;True
12998;0;0;0;True
12999;6;12;6;True
13000;7;16;9;True
13001;0;0;0;True
13002;5;12;7;True
13003;10;16;6;True
13004;2;2;0;True
13005;4;6;2;True
13006;4;9;5;True
13007;3;6;3;True
13008;1;1;0;True
13009;5;6;1;True
13010;2;4;2;True
13011;4;6;2;True
13012;1;1;0;True
13013;4;6;2;True
13014;1;1;0;True
13015;2;4;2;True
13016;5;9;4;True
13017;6;16;10;True
13018;1;1;0;True
13019;0;0;0;True
13020;0;0;0;True
13021;1;1;0;True
13022;3;6;3;True
13023;1;1;0;True
13024;5;12;7;True
13025;3;4;1;True
13026;2;2;0;True
13027;6;12;6;True
13028;4;9;5;True
13029;2;2;0;True
13030;3;6;3;True
13031;0;0;0;True
13032;4;9;5;True
13033;3;6;3;True
13034;4;9;5;True
13035;7;12;5;True
13036;7;12;5;True
13037;0;0;0;True
13038;6;12;6;True
13039;8;12;4;True
13040;1;1;0;True
13041;1;1;0;True
13042;1;1;0;True
13043;3;6;3;True
13044;2;4;2;True
13045;1;1;0;True
13046;6;16;10;True
13047;0;0;0;True
13048;6;12;6;True
13049;2;4;2;True
13050;4;9;5;True
13051;3;9;6;True
13052;0;0;0;True
13053;1;1;0;True
13054;5;12;7;True
13055;3;6;3;True
13056;5;9;4;True
13057;2;2;0;True
13058;1;1;0;True
13059;9;16;7;True
13060;6;16;10;True
13061;2;2;0;True
13062;2;4;2;True
13063;3;3;0;True
13064;1;1;0;True
13065;9;16;7;True
13066;6;9;3;True
13067;5;12;7;True
13068;4;9;5;True
13069;6;16;10;True
13070;3;3;0;True
13071;1;1;0;True
13072;3;6;3;True
13073;3;6;3;True
13074;2;2;0;True
13075;3;6;3;True
13076;4;9;5;True
13077;6;12;6;True
13078;4;9;5;True
13079;7;12;5;True
13080;4;6;2;True
13081;2;4;2;True
13082;1;1;0;True
13083;7;16;9;True
13084;5;12;7;True
13085;3;4;1;True
13086;4;12;8;True
13087;4;12;8;True
13088;4;9;5;True
13089;5;12;7;True
13090;5;12;7;True
13091;2;2;0;True
13092;5;9;4;True
13093;4;9;5;True
13094;6;12;6;True
13095;4;9;5;True
13096;1;1;0;True
13097;1;1;0;True
13098;9;16;7;True
13099;5;9;4;True
13100;7;12;5;True
13101;1;1;0;True
13102;3;9;6;True
13103;4;9;5;True
13104;2;2;0;True
13105;8;12;4;True
13106;5;12;7;True
13107;3;6;3;True
13108;0;0;0;True
13109;7;16;9;True
13110;4;9;5;True
13111;8;16;8;True
13112;7;16;9;True
13113;5;16;11;True
13114;5;9;4;True
13115;7;16;9;True
13116;1;1;0;True
13117;5;6;1;True
13118;1;1;0;True
13119;5;12;7;True
13120;2;2;0;True
13121;4;9;5;True
13122;2;2;0;True
13123;2;2;0;True
13124;1;1;0;True
13125;8;16;8;True
13126;4;9;5;True
13127;9;16;7;True
13128;3;9;6;True
13129;1;1;0;True
13130;3;4;1;True
13131;6;8;2;True
13132;2;2;0;True
13133;3;6;3;True
13134;6;16;10;True
13135;5;9;4;True
13136;2;4;2;True
13137;7;16;9;True
13138;9;16;7;True
13139;4;12;8;True
13140;0;0;0;True
13141;3;6;3;True
13142;6;12;6;True
13143;4;9;5;True
13144;2;2;0;True
13145;0;0;0;True
13146;2;4;2;True
13147;5;12;7;True
13148;4;8;4;True
13149;2;4;2;True
13150;0;0;0;True
13151;5;12;7;True
13152;1;1;0;True
13153;7;16;9;True
13154;1;1;0;True
13155;5;9;4;True
13156;6;16;10;True
13157;2;4;2;True
13158;4;6;2;True
13159;6;16;10;True
13160;3;4;1;True
13161;7;16;9;True
13162;4;12;8;True
13163;2;2;0;True
13164;4;9;5;True
13165;2;4;2;True
13166;2;4;2;True
13167;6;12;6;True
13168;1;1;0;True
13169;6;9;3;True
13170;3;6;3;True
13171;4;9;5;True
13172;6;16;10;True
13173;1;1;0;True
13174;2;2;0;True
13175;6;12;6;True
13176;8;16;8;True
13177;8;12;4;True
13178;8;16;8;True
13179;4;12;8;True
13180;3;9;6;True
13181;2;4;2;True
13182;5;9;4;True
13183;3;3;0;True
13184;5;9;4;True
13185;1;1;0;True
13186;6;16;10;True
13187;8;12;4;True
13188;7;12;5;True
13189;1;1;0;True
13190;3;6;3;True
13191;3;9;6;True
13192;5;16;11;True
13193;4;4;0;True
13194;4;9;5;True
13195;3;3;0;True
13196;4;6;2;True
13197;7;12;5;True
13198;10;16;6;True
13199;1;1;0;True
13200;1;1;0;True
13201;2;2;0;True
13202;6;12;6;True
13203;5;9;4;True
13204;3;6;3;True
13205;4;6;2;True
13206;5;9;4;True
13207;0;0;0;True
13208;3;9;6;True
13209;2;4;2;True
13210;4;6;2;True
13211;3;9;6;True
13212;2;4;2;True
13213;5;12;7;True
13214;5;8;3;True
13215;6;12;6;True
13216;3;4;1;True
13217;4;16;12;True
13218;5;12;7;True
13219;8;16;8;True
13220;5;16;11;True
13221;8;16;8;True
13222;2;2;0;True
13223;4;6;2;True
13224;5;9;4;True
13225;2;2;0;True
13226;5;6;1;True
13227;2;4;2;True
13228;1;1;0;True
13229;2;4;2;True
13230;3;6;3;True
13231;4;9;5;True
13232;10;12;2;True
13233;4;6;2;True
13234;3;6;3;True
13235;1;1;0;True
13236;5;8;3;True
13237;3;9;6;True
13238;2;4;2;True
13239;4;9;5;True
13240;8;16;8;True
13241;6;16;10;True
13242;1;1;0;True
13243;0;0;0;True
13244;11;16;5;True
13245;5;12;7;True
13246;7;16;9;True
13247;5;8;3;True
13248;9;12;3;True
13249;6;12;6;True
13250;3;6;3;True
13251;2;4;2;True
13252;8;16;8;True
13253;7;9;2;True
13254;6;12;6;True
13255;4;6;2;True
13256;2;2;0;True
13257;2;2;0;True
13258;0;0;0;True
13259;5;9;4;True
13260;7;16;9;True
13261;5;16;11;True
13262;2;2;0;True
13263;11;16;5;True
13264;7;16;9;True
13265;6;12;6;True
13266;1;1;0;True
13267;1;1;0;True
13268;1;1;0;True
13269;1;1;0;True
13270;0;0;0;True
13271;3;6;3;True
13272;3;9;6;True
13273;2;4;2;True
13274;3;9;6;True
13275;7;12;5;True
13276;4;12;8;True
13277;2;4;2;True
13278;2;4;2;True
13279;1;1;0;True
13280;5;16;11;True
13281;3;6;3;True
13282;1;1;0;True
13283;5;12;7;True
13284;2;4;2;True
13285;2;2;0;True
13286;8;12;4;True
13287;5;12;7;True
13288;2;4;2;True
13289;6;16;10;True
13290;3;4;1;True
13291;4;6;2;True
13292;3;4;1;True
13293;3;6;3;True
13294;3;6;3;True
13295;3;6;3;True
13296;7;12;5;True
13297;4;9;5;True
13298;5;16;11;True
13299;1;1;0;True
13300;6;12;6;True
13301;4;6;2;True
13302;5;12;7;True
13303;4;9;5;True
13304;3;9;6;True
13305;4;12;8;True
13306;3;9;6;True
13307;2;4;2;True
13308;4;8;4;True
13309;1;1;0;True
13310;2;2;0;True
13311;7;16;9;True
13312;7;12;5;True
13313;4;9;5;True
13314;1;1;0;True
13315;6;16;10;True
13316;1;1;0;True
13317;2;4;2;True
13318;2;4;2;True
13319;2;4;2;True
13320;3;6;3;True
13321;4;6;2;True
13322;2;4;2;True
13323;5;12;7;True
13324;5;9;4;True
13325;4;12;8;True
13326;5;12;7;True
13327;3;6;3;True
13328;0;0;0;True
13329;2;4;2;True
13330;7;16;9;True
13331;3;4;1;True
13332;2;4;2;True
13333;4;12;8;True
13334;2;4;2;True
13335;8;12;4;True
13336;5;12;7;True
13337;7;12;5;True
13338;4;12;8;True
13339;2;2;0;True
13340;5;12;7;True
13341;10;16;6;True
13342;9;16;7;True
13343;9;9;0;True
13344;2;4;2;True
13345;1;1;0;True
13346;4;8;4;True
13347;3;6;3;True
13348;2;2;0;True
13349;3;6;3;True
13350;0;0;0;True
13351;4;12;8;True
13352;2;4;2;True
13353;5;12;7;True
13354;1;1;0;True
13355;0;0;0;True
13356;4;4;0;True
13357;5;9;4;True
13358;2;2;0;True
13359;0;0;0;True
13360;4;8;4;True
13361;10;16;6;True
13362;3;9;6;True
13363;4;12;8;True
13364;7;16;9;True
13365;4;9;5;True
13366;6;16;10;True
13367;4;4;0;True
13368;6;12;6;True
13369;8;12;4;True
13370;1;1;0;True
13371;1;1;0;True
13372;5;6;1;True
13373;3;4;1;True
13374;2;4;2;True
13375;5;9;4;True
13376;8;12;4;True
13377;7;12;5;True
13378;3;9;6;True
13379;4;9;5;True
13380;1;1;0;True
13381;1;1;0;True
13382;9;16;7;True
13383;7;12;5;True
13384;1;1;0;True
13385;7;9;2;True
13386;4;9;5;True
13387;1;1;0;True
13388;3;6;3;True
13389;1;1;0;True
13390;1;1;0;True
13391;3;4;1;True
13392;7;16;9;True
13393;4;12;8;True
13394;7;16;9;True
13395;3;4;1;True
13396;5;9;4;True
13397;4;9;5;True
13398;4;9;5;True
13399;8;16;8;True
13400;4;6;2;True
13401;5;12;7;True
13402;6;16;10;True
13403;4;12;8;True
13404;4;9;5;True
13405;5;12;7;True
13406;4;12;8;True
13407;6;12;6;True
13408;5;6;1;True
13409;3;6;3;True
13410;2;4;2;True
13411;3;9;6;True
13412;5;8;3;True
13413;7;8;1;True
13414;3;4;1;True
13415;5;6;1;True
13416;5;9;4;True
13417;7;16;9;True
13418;5;12;7;True
13419;2;2;0;True
13420;2;2;0;True
13421;5;9;4;True
13422;11;16;5;True
13423;4;9;5;True
13424;9;16;7;True
13425;0;0;0;True
13426;2;2;0;True
13427;1;1;0;True
13428;4;12;8;True
13429;5;9;4;True
13430;1;1;0;True
13431;1;1;0;True
13432;3;6;3;True
13433;3;6;3;True
13434;0;0;0;True
13435;2;2;0;True
13436;0;0;0;True
13437;6;16;10;True
13438;1;1;0;True
13439;6;12;6;True
13440;0;0;0;True
13441;2;4;2;True
13442;3;4;1;True
13443;1;1;0;True
13444;8;16;8;True
13445;9;16;7;True
13446;2;2;0;True
13447;4;6;2;True
13448;5;12;7;True
13449;5;9;4;True
13450;0;0;0;True
13451;9;16;7;True
13452;2;4;2;True
13453;3;9;6;True
13454;12;16;4;True
13455;2;4;2;True
13456;4;6;2;True
13457;4;6;2;True
13458;2;2;0;True
13459;3;6;3;True
13460;1;1;0;True
13461;1;1;0;True
13462;5;6;1;True
13463;1;1;0;True
13464;5;8;3;True
13465;1;1;0;True
13466;6;12;6;True
13467;0;0;0;True
13468;6;12;6;True
13469;3;6;3;True
13470;1;1;0;True
13471;7;16;9;True
13472;4;9;5;True
13473;4;12;8;True
13474;1;1;0;True
13475;3;4;1;True
13476;5;16;11;True
13477;8;16;8;True
13478;5;9;4;True
13479;2;4;2;True
13480;2;4;2;True
13481;8;12;4;True
13482;1;1;0;True
13483;4;12;8;True
13484;6;9;3;True
13485;8;16;8;True
13486;0;0;0;True
13487;7;16;9;True
13488;2;4;2;True
13489;0;0;0;True
13490;3;6;3;True
13491;2;4;2;True
13492;7;16;9;True
13493;6;12;6;True
13494;3;9;6;True
13495;4;6;2;True
13496;8;16;8;True
13497;1;1;0;True
13498;2;4;2;True
13499;3;4;1;True
13500;6;12;6;True
13501;2;4;2;True
13502;5;12;7;True
13503;2;4;2;True
13504;3;6;3;True
13505;6;12;6;True
13506;6;16;10;True
13507;8;12;4;True
13508;0;0;0;True
13509;4;6;2;True
13510;4;9;5;True
13511;2;2;0;True
13512;8;16;8;True
13513;6;9;3;True
13514;2;4;2;True
13515;4;12;8;True
13516;2;2;0;True
13517;2;4;2;True
13518;4;9;5;True
13519;4;9;5;True
13520;2;4;2;True
13521;2;4;2;True
13522;4;8;4;True
13523;1;1;0;True
13524;3;6;3;True
13525;3;9;6;True
13526;0;0;0;True
13527;3;4;1;True
13528;7;12;5;True
13529;5;12;7;True
13530;6;16;10;True
13531;3;9;6;True
13532;2;2;0;True
13533;1;1;0;True
13534;1;1;0;True
13535;7;12;5;True
13536;2;2;0;True
13537;4;12;8;True
13538;4;6;2;True
13539;2;2;0;True
13540;8;16;8;True
13541;2;4;2;True
13542;1;1;0;True
13543;7;16;9;True
13544;7;16;9;True
13545;3;6;3;True
13546;4;8;4;True
13547;3;4;1;True
13548;1;1;0;True
13549;4;9;5;True
13550;5;12;7;True
13551;5;16;11;True
13552;2;4;2;True
13553;1;1;0;True
13554;4;8;4;True
13555;3;6;3;True
13556;3;4;1;True
13557;4;6;2;True
13558;3;4;1;True
13559;7;12;5;True
13560;7;12;5;True
13561;3;4;1;True
13562;4;12;8;True
13563;4;9;5;True
13564;0;0;0;True
13565;4;9;5;True
13566;3;6;3;True
13567;5;12;7;True
13568;1;1;0;True
13569;2;4;2;True
13570;1;1;0;True
13571;5;12;7;True
13572;3;6;3;True
13573;6;12;6;True
13574;5;12;7;True
13575;6;16;10;True
13576;3;6;3;True
13577;5;16;11;True
13578;4;9;5;True
13579;2;4;2;True
13580;0;0;0;True
13581;2;4;2;True
13582;6;9;3;True
13583;5;9;4;True
13584;2;4;2;True
13585;4;8;4;True
13586;2;2;0;True
13587;6;12;6;True
13588;4;6;2;True
13589;0;0;0;True
13590;2;2;0;True
13591;5;9;4;True
13592;3;6;3;True
13593;5;9;4;True
13594;6;12;6;True
13595;1;1;0;True
13596;2;4;2;True
13597;5;6;1;True
13598;0;0;0;True
13599;5;6;1;True
13600;4;9;5;True
13601;6;16;10;True
13602;5;9;4;True
13603;2;4;2;True
13604;3;6;3;True
13605;8;16;8;True
13606;4;12;8;True
13607;2;4;2;True
13608;2;2;0;True
13609;6;9;3;True
13610;6;12;6;True
13611;2;4;2;True
13612;3;9;6;True
13613;0;0;0;True
13614;2;2;0;True
13615;7;16;9;True
13616;1;1;0;True
13617;2;4;2;True
13618;8;16;8;True
13619;4;6;2;True
13620;3;6;3;True
13621;9;16;7;True
13622;3;4;1;True
13623;4;9;5;True
13624;3;4;1;True
13625;2;4;2;True
13626;6;8;2;True
13627;7;16;9;True
13628;7;12;5;True
13629;6;12;6;True
13630;1;1;0;True
13631;4;9;5;True
13632;1;1;0;True
13633;5;16;11;True
13634;3;4;1;True
13635;6;9;3;True
13636;0;0;0;True
13637;4;6;2;True
13638;1;1;0;True
13639;4;9;5;True
13640;5;6;1;True
13641;7;12;5;True
13642;5;9;4;True
13643;7;12;5;True
13644;3;6;3;True
13645;4;6;2;True
13646;2;4;2;True
13647;0;0;0;True
13648;1;1;0;True
13649;4;9;5;True
13650;1;1;0;True
13651;5;9;4;True
13652;6;12;6;True
13653;3;9;6;True
13654;2;2;0;True
13655;1;1;0;True
13656;6;12;6;True
13657;3;9;6;True
13658;2;4;2;True
13659;4;9;5;True
13660;3;4;1;True
13661;4;8;4;True
13662;1;1;0;True
13663;5;9;4;True
13664;2;4;2;True
13665;1;1;0;True
13666;1;1;0;True
13667;2;4;2;True
13668;5;16;11;True
13669;4;9;5;True
13670;4;6;2;True
13671;2;4;2;True
13672;8;16;8;True
13673;4;6;2;True
13674;5;9;4;True
13675;1;1;0;True
13676;6;9;3;True
13677;6;12;6;True
13678;3;9;6;True
13679;2;2;0;True
13680;5;12;7;True
13681;3;6;3;True
13682;0;0;0;True
13683;3;4;1;True
13684;3;6;3;True
13685;0;0;0;True
13686;6;12;6;True
13687;4;6;2;True
13688;1;1;0;True
13689;4;12;8;True
13690;4;9;5;True
13691;5;16;11;True
13692;10;16;6;True
13693;1;1;0;True
13694;6;12;6;True
13695;4;6;2;True
13696;3;3;0;True
13697;0;0;0;True
13698;6;12;6;True
13699;8;16;8;True
13700;0;0;0;True
13701;4;9;5;True
13702;2;4;2;True
13703;0;0;0;True
13704;2;2;0;True
13705;2;2;0;True
13706;1;1;0;True
13707;4;9;5;True
13708;3;9;6;True
13709;6;12;6;True
13710;1;1;0;True
13711;3;6;3;True
13712;3;4;1;True
13713;3;4;1;True
13714;0;0;0;True
13715;0;0;0;True
13716;0;0;0;True
13717;2;4;2;True
13718;7;12;5;True
13719;5;12;7;True
13720;6;12;6;True
13721;4;6;2;True
13722;2;4;2;True
13723;6;9;3;True
13724;2;4;2;True
13725;8;16;8;True
13726;4;9;5;True
13727;9;12;3;True
13728;1;1;0;True
13729;5;9;4;True
13730;4;9;5;True
13731;5;12;7;True
13732;5;12;7;True
13733;4;9;5;True
13734;5;16;11;True
13735;1;1;0;True
13736;3;4;1;True
13737;3;6;3;True
13738;3;9;6;True
13739;4;9;5;True
13740;3;6;3;True
13741;2;4;2;True
13742;5;16;11;True
13743;6;12;6;True
13744;4;9;5;True
13745;3;6;3;True
13746;4;6;2;True
13747;1;1;0;True
13748;4;6;2;True
13749;6;16;10;True
13750;6;16;10;True
13751;4;6;2;True
13752;4;12;8;True
13753;4;9;5;True
13754;5;9;4;True
13755;1;1;0;True
13756;0;0;0;True
13757;4;6;2;True
13758;2;2;0;True
13759;9;16;7;True
13760;3;9;6;True
13761;3;9;6;True
13762;4;6;2;True
13763;6;16;10;True
13764;2;4;2;True
13765;2;4;2;True
13766;3;9;6;True
13767;3;6;3;True
13768;5;12;7;True
13769;2;4;2;True
13770;2;4;2;True
13771;5;12;7;True
13772;5;16;11;True
13773;1;1;0;True
13774;3;6;3;True
13775;4;9;5;True
13776;1;1;0;True
13777;6;12;6;True
13778;2;2;0;True
13779;3;4;1;True
13780;1;1;0;True
13781;6;12;6;True
13782;1;1;0;True
13783;5;12;7;True
13784;4;9;5;True
13785;2;4;2;True
13786;0;0;0;True
13787;2;2;0;True
13788;3;6;3;True
13789;4;4;0;True
13790;2;4;2;True
13791;4;8;4;True
13792;2;4;2;True
13793;4;6;2;True
13794;2;2;0;True
13795;3;4;1;True
13796;1;1;0;True
13797;3;6;3;True
13798;1;1;0;True
13799;4;9;5;True
13800;3;6;3;True
13801;5;12;7;True
13802;5;12;7;True
13803;4;9;5;True
13804;7;16;9;True
13805;1;1;0;True
13806;1;1;0;True
13807;1;1;0;True
13808;3;6;3;True
13809;6;16;10;True
13810;5;12;7;True
13811;3;6;3;True
13812;6;16;10;True
13813;3;6;3;True
13814;3;4;1;True
13815;5;12;7;True
13816;2;2;0;True
13817;2;2;0;True
13818;2;4;2;True
13819;10;16;6;True
13820;3;6;3;True
13821;4;12;8;True
13822;3;6;3;True
13823;1;1;0;True
13824;4;9;5;True
13825;6;12;6;True
13826;6;16;10;True
13827;6;12;6;True
13828;6;12;6;True
13829;1;1;0;True
13830;5;6;1;True
13831;3;4;1;True
13832;5;16;11;True
13833;5;9;4;True
13834;7;16;9;True
13835;3;9;6;True
13836;5;9;4;True
13837;1;1;0;True
13838;3;4;1;True
13839;5;9;4;True
13840;1;1;0;True
13841;7;12;5;True
13842;6;9;3;True
13843;5;12;7;True
13844;4;8;4;True
13845;1;1;0;True
13846;3;4;1;True
13847;2;4;2;True
13848;4;9;5;True
13849;2;2;0;True
13850;1;1;0;True
13851;4;8;4;True
13852;4;9;5;True
13853;5;8;3;True
13854;7;9;2;True
13855;4;9;5;True
13856;6;9;3;True
13857;2;4;2;True
13858;3;6;3;True
13859;4;6;2;True
13860;3;3;0;True
13861;2;4;2;True
13862;6;12;6;True
13863;2;4;2;True
13864;6;16;10;True
13865;3;6;3;True
13866;3;6;3;True
13867;2;4;2;True
13868;6;12;6;True
13869;7;16;9;True
13870;5;12;7;True
13871;4;9;5;True
13872;4;9;5;True
13873;0;0;0;True
13874;5;16;11;True
13875;2;2;0;True
13876;3;6;3;True
13877;2;2;0;True
13878;4;9;5;True
13879;7;16;9;True
13880;4;9;5;True
13881;9;16;7;True
13882;1;1;0;True
13883;6;12;6;True
13884;2;4;2;True
13885;3;6;3;True
13886;7;12;5;True
13887;6;12;6;True
13888;3;4;1;True
13889;3;6;3;True
13890;3;6;3;True
13891;2;4;2;True
13892;2;2;0;True
13893;7;9;2;True
13894;6;6;0;True
13895;3;6;3;True
13896;1;1;0;True
13897;6;12;6;True
13898;0;0;0;True
13899;0;0;0;True
13900;2;4;2;True
13901;5;6;1;True
13902;3;4;1;True
13903;9;16;7;True
13904;2;2;0;True
13905;2;4;2;True
13906;4;9;5;True
13907;6;12;6;True
13908;2;4;2;True
13909;4;9;5;True
13910;2;4;2;True
13911;3;6;3;True
13912;3;4;1;True
13913;1;1;0;True
13914;0;0;0;True
13915;4;9;5;True
13916;2;4;2;True
13917;2;4;2;True
13918;3;6;3;True
13919;4;9;5;True
13920;1;1;0;True
13921;4;9;5;True
13922;2;4;2;True
13923;1;1;0;True
13924;2;4;2;True
13925;3;3;0;True
13926;3;6;3;True
13927;3;3;0;True
13928;4;9;5;True
13929;6;9;3;True
13930;6;8;2;True
13931;4;6;2;True
13932;6;12;6;True
13933;2;2;0;True
13934;1;1;0;True
13935;4;8;4;True
13936;1;1;0;True
13937;5;9;4;True
13938;2;2;0;True
13939;1;1;0;True
13940;0;0;0;True
13941;4;8;4;True
13942;2;4;2;True
13943;0;0;0;True
13944;2;2;0;True
13945;2;2;0;True
13946;3;6;3;True
13947;2;4;2;True
13948;4;6;2;True
13949;5;9;4;True
13950;5;12;7;True
13951;2;4;2;True
13952;8;16;8;True
13953;2;4;2;True
13954;3;9;6;True
13955;2;4;2;True
13956;3;6;3;True
13957;4;9;5;True
13958;5;9;4;True
13959;0;0;0;True
13960;4;8;4;True
13961;7;9;2;True
13962;4;6;2;True
13963;4;6;2;True
13964;2;4;2;True
13965;1;1;0;True
13966;4;9;5;True
13967;2;4;2;True
13968;3;4;1;True
13969;7;16;9;True
13970;2;2;0;True
13971;4;16;12;True
13972;4;9;5;True
13973;2;4;2;True
13974;8;12;4;True
13975;2;2;0;True
13976;4;9;5;True
13977;2;4;2;True
13978;5;16;11;True
13979;3;6;3;True
13980;8;12;4;True
13981;5;16;11;True
13982;3;6;3;True
13983;3;6;3;True
13984;3;4;1;True
13985;4;8;4;True
13986;8;16;8;True
13987;5;12;7;True
13988;8;16;8;True
13989;2;4;2;True
13990;3;6;3;True
13991;5;12;7;True
13992;3;6;3;True
13993;3;9;6;True
13994;7;16;9;True
13995;9;16;7;True
13996;9;16;7;True
13997;4;6;2;True
13998;2;2;0;True
13999;9;16;7;True
14000;5;9;4;True
14001;4;9;5;True
14002;4;6;2;True
14003;4;6;2;True
14004;2;4;2;True
14005;3;4;1;True
14006;3;4;1;True
14007;2;2;0;True
14008;1;1;0;True
14009;4;12;8;True
14010;2;4;2;True
14011;2;4;2;True
14012;8;16;8;True
14013;6;16;10;True
14014;6;16;10;True
14015;2;4;2;True
14016;5;12;7;True
14017;7;16;9;True
14018;4;9;5;True
14019;2;4;2;True
14020;4;6;2;True
14021;8;12;4;True
14022;2;4;2;True
14023;11;16;5;True
14024;5;16;11;True
14025;4;9;5;True
14026;1;1;0;True
14027;5;12;7;True
14028;5;9;4;True
14029;2;4;2;True
14030;5;8;3;True
14031;1;1;0;True
14032;3;9;6;True
14033;3;9;6;True
14034;10;16;6;True
14035;3;4;1;True
14036;6;12;6;True
14037;4;12;8;True
14038;2;2;0;True
14039;3;6;3;True
14040;2;4;2;True
14041;5;9;4;True
14042;2;2;0;True
14043;0;0;0;True
14044;2;2;0;True
14045;4;8;4;True
14046;1;1;0;True
14047;3;6;3;True
14048;5;12;7;True
14049;6;16;10;True
14050;2;4;2;True
14051;10;16;6;True
14052;3;4;1;True
14053;5;12;7;True
14054;3;6;3;True
14055;2;4;2;True
14056;4;12;8;True
14057;4;9;5;True
14058;6;12;6;True
14059;4;6;2;True
14060;2;2;0;True
14061;3;3;0;True
14062;1;1;0;True
14063;6;9;3;True
14064;3;3;0;True
14065;4;9;5;True
14066;1;1;0;True
14067;6;9;3;True
14068;5;12;7;True
14069;0;0;0;True
14070;8;12;4;True
14071;5;12;7;True
14072;0;0;0;True
14073;4;6;2;True
14074;3;6;3;True
14075;1;1;0;True
14076;0;0;0;True
14077;10;16;6;True
14078;1;1;0;True
14079;3;9;6;True
14080;4;9;5;True
14081;5;12;7;True
14082;3;9;6;True
14083;1;1;0;True
14084;6;12;6;True
14085;2;4;2;True
14086;1;1;0;True
14087;1;1;0;True
14088;7;12;5;True
14089;3;6;3;True
14090;4;12;8;True
14091;2;2;0;True
14092;8;12;4;True
14093;8;12;4;True
14094;2;2;0;True
14095;6;12;6;True
14096;3;4;1;True
14097;3;4;1;True
14098;5;12;7;True
14099;4;9;5;True
14100;4;9;5;True
14101;4;12;8;True
14102;5;12;7;True
14103;4;12;8;True
14104;7;16;9;True
14105;2;2;0;True
14106;6;9;3;True
14107;4;6;2;True
14108;2;2;0;True
14109;5;8;3;True
14110;4;9;5;True
14111;2;4;2;True
14112;4;12;8;True
14113;4;12;8;True
14114;2;2;0;True
14115;1;1;0;True
14116;4;6;2;True
14117;3;3;0;True
14118;3;6;3;True
14119;4;6;2;True
14120;6;16;10;True
14121;4;9;5;True
14122;1;1;0;True
14123;7;16;9;True
14124;2;4;2;True
14125;2;2;0;True
14126;6;12;6;True
14127;6;6;0;True
14128;3;9;6;True
14129;7;12;5;True
14130;5;12;7;True
14131;1;1;0;True
14132;2;4;2;True
14133;6;12;6;True
14134;2;4;2;True
14135;0;0;0;True
14136;2;2;0;True
14137;4;9;5;True
14138;1;1;0;True
14139;2;4;2;True
14140;2;2;0;True
14141;3;6;3;True
14142;1;1;0;True
14143;2;4;2;True
14144;2;2;0;True
14145;1;1;0;True
14146;1;1;0;True
14147;5;12;7;True
14148;7;16;9;True
14149;4;6;2;True
14150;8;16;8;True
14151;4;12;8;True
14152;2;4;2;True
14153;0;0;0;True
14154;3;6;3;True
14155;3;6;3;True
14156;7;12;5;True
14157;3;9;6;True
14158;4;8;4;True
14159;8;12;4;True
14160;3;6;3;True
14161;2;2;0;True
14162;4;6;2;True
14163;0;0;0;True
14164;4;6;2;True
14165;8;16;8;True
14166;2;2;0;True
14167;6;6;0;True
14168;3;6;3;True
14169;6;16;10;True
14170;2;4;2;True
14171;7;16;9;True
14172;2;4;2;True
14173;6;12;6;True
14174;3;9;6;True
14175;5;8;3;True
14176;5;9;4;True
14177;2;4;2;True
14178;3;6;3;True
14179;2;4;2;True
14180;6;12;6;True
14181;2;2;0;True
14182;1;1;0;True
14183;5;12;7;True
14184;0;0;0;True
14185;3;6;3;True
14186;4;9;5;True
14187;1;1;0;True
14188;3;6;3;True
14189;5;12;7;True
14190;3;6;3;True
14191;4;6;2;True
14192;4;9;5;True
14193;2;4;2;True
14194;3;4;1;True
14195;1;1;0;True
14196;5;6;1;True
14197;6;12;6;True
14198;5;12;7;True
14199;1;1;0;True
14200;6;8;2;True
14201;8;16;8;True
14202;3;6;3;True
14203;7;12;5;True
14204;3;3;0;True
14205;5;9;4;True
14206;2;4;2;True
14207;0;0;0;True
14208;5;6;1;True
14209;1;1;0;True
14210;5;12;7;True
14211;5;8;3;True
14212;5;9;4;True
14213;4;9;5;True
14214;1;1;0;True
14215;2;2;0;True
14216;4;9;5;True
14217;4;9;5;True
14218;4;6;2;True
14219;3;4;1;True
14220;2;2;0;True
14221;1;1;0;True
14222;3;6;3;True
14223;6;12;6;True
14224;1;1;0;True
14225;4;6;2;True
14226;6;9;3;True
14227;4;12;8;True
14228;4;6;2;True
14229;5;9;4;True
14230;2;4;2;True
14231;3;6;3;True
14232;10;16;6;True
14233;5;12;7;True
14234;3;6;3;True
14235;3;6;3;True
14236;0;0;0;True
14237;5;8;3;True
14238;8;16;8;True
14239;6;16;10;True
14240;5;8;3;True
14241;3;6;3;True
14242;5;9;4;True
14243;4;12;8;True
14244;4;12;8;True
14245;0;0;0;True
14246;6;16;10;True
14247;3;6;3;True
14248;5;12;7;True
14249;5;8;3;True
14250;6;12;6;True
14251;1;1;0;True
14252;6;9;3;True
14253;7;16;9;True
14254;4;9;5;True
14255;6;16;10;True
14256;5;12;7;True
14257;1;1;0;True
14258;1;1;0;True
14259;1;1;0;True
14260;6;16;10;True
14261;4;6;2;True
14262;4;9;5;True
14263;4;6;2;True
14264;4;12;8;True
14265;6;12;6;True
14266;7;12;5;True
14267;3;6;3;True
14268;10;16;6;True
14269;5;8;3;True
14270;3;4;1;True
14271;3;6;3;True
14272;5;9;4;True
14273;1;1;0;True
14274;4;9;5;True
14275;7;16;9;True
14276;3;9;6;True
14277;2;4;2;True
14278;4;9;5;True
14279;2;4;2;True
14280;4;9;5;True
14281;1;1;0;True
14282;1;1;0;True
14283;4;12;8;True
14284;5;9;4;True
14285;6;16;10;True
14286;5;12;7;True
14287;2;4;2;True
14288;5;6;1;True
14289;3;6;3;True
14290;8;16;8;True
14291;5;9;4;True
14292;4;9;5;True
14293;2;4;2;True
14294;9;16;7;True
14295;2;4;2;True
14296;6;9;3;True
14297;6;9;3;True
14298;5;9;4;True
14299;3;6;3;True
14300;5;9;4;True
14301;6;9;3;True
14302;4;6;2;True
14303;1;1;0;True
14304;3;4;1;True
14305;9;12;3;True
14306;2;4;2;True
14307;3;6;3;True
14308;2;2;0;True
14309;6;16;10;True
14310;2;2;0;True
14311;4;9;5;True
14312;7;16;9;True
14313;1;1;0;True
14314;3;3;0;True
14315;2;4;2;True
14316;3;6;3;True
14317;5;9;4;True
14318;2;4;2;True
14319;4;9;5;True
14320;3;4;1;True
14321;2;2;0;True
14322;2;4;2;True
14323;3;6;3;True
14324;9;16;7;True
14325;1;1;0;True
14326;6;9;3;True
14327;4;9;5;True
14328;5;12;7;True
14329;4;9;5;True
14330;2;4;2;True
14331;2;4;2;True
14332;3;3;0;True
14333;3;4;1;True
14334;2;4;2;True
14335;6;16;10;True
14336;4;6;2;True
14337;6;16;10;True
14338;3;6;3;True
14339;2;4;2;True
14340;4;9;5;True
14341;7;12;5;True
14342;2;4;2;True
14343;1;1;0;True
14344;2;2;0;True
14345;4;9;5;True
14346;7;12;5;True
14347;4;4;0;True
14348;1;1;0;True
14349;1;1;0;True
14350;2;4;2;True
14351;2;4;2;True
14352;9;16;7;True
14353;1;1;0;True
14354;3;6;3;True
14355;7;16;9;True
14356;4;6;2;True
14357;0;0;0;True
14358;3;3;0;True
14359;4;6;2;True
14360;4;9;5;True
14361;2;2;0;True
14362;8;16;8;True
14363;1;1;0;True
14364;0;0;0;True
14365;5;9;4;True
14366;5;8;3;True
14367;4;8;4;True
14368;5;8;3;True
14369;2;2;0;True
14370;7;16;9;True
14371;4;6;2;True
14372;6;16;10;True
14373;1;1;0;True
14374;6;12;6;True
14375;7;16;9;True
14376;3;4;1;True
14377;2;2;0;True
14378;3;6;3;True
14379;3;6;3;True
14380;4;9;5;True
14381;7;12;5;True
14382;8;16;8;True
14383;1;1;0;True
14384;5;12;7;True
14385;2;4;2;True
14386;3;6;3;True
14387;1;1;0;True
14388;4;6;2;True
14389;1;1;0;True
14390;3;4;1;True
14391;8;12;4;True
14392;1;1;0;True
14393;6;9;3;True
14394;3;6;3;True
14395;6;16;10;True
14396;3;9;6;True
14397;4;9;5;True
14398;9;16;7;True
14399;3;4;1;True
14400;2;4;2;True
14401;3;4;1;True
14402;6;12;6;True
14403;1;1;0;True
14404;4;12;8;True
14405;1;1;0;True
14406;1;1;0;True
14407;2;4;2;True
14408;1;1;0;True
14409;2;4;2;True
14410;4;9;5;True
14411;3;6;3;True
14412;4;9;5;True
14413;1;1;0;True
14414;3;4;1;True
14415;2;4;2;True
14416;3;6;3;True
14417;5;6;1;True
14418;2;4;2;True
14419;8;16;8;True
14420;6;16;10;True
14421;2;4;2;True
14422;3;9;6;True
14423;2;2;0;True
14424;5;12;7;True
14425;4;12;8;True
14426;8;16;8;True
14427;8;12;4;True
14428;9;16;7;True
14429;3;6;3;True
14430;7;12;5;True
14431;3;4;1;True
14432;5;8;3;True
14433;6;12;6;True
14434;1;1;0;True
14435;4;6;2;True
14436;0;0;0;True
14437;1;1;0;True
14438;6;12;6;True
14439;5;9;4;True
14440;2;2;0;True
14441;5;12;7;True
14442;5;9;4;True
14443;6;12;6;True
14444;1;1;0;True
14445;6;9;3;True
14446;10;16;6;True
14447;4;12;8;True
14448;1;1;0;True
14449;4;6;2;True
14450;2;2;0;True
14451;0;0;0;True
14452;3;4;1;True
14453;6;9;3;True
14454;6;9;3;True
14455;8;16;8;True
14456;2;4;2;True
14457;3;9;6;True
14458;6;12;6;True
14459;6;9;3;True
14460;5;6;1;True
14461;4;6;2;True
14462;2;2;0;True
14463;5;9;4;True
14464;4;12;8;True
14465;9;16;7;True
14466;10;16;6;True
14467;1;1;0;True
14468;0;0;0;True
14469;1;1;0;True
14470;6;9;3;True
14471;5;9;4;True
14472;2;4;2;True
14473;2;2;0;True
14474;6;9;3;True
14475;1;1;0;True
14476;3;4;1;True
14477;6;12;6;True
14478;7;16;9;True
14479;3;9;6;True
14480;4;12;8;True
14481;3;4;1;True
14482;4;6;2;True
14483;0;0;0;True
14484;2;4;2;True
14485;3;4;1;True
14486;7;16;9;True
14487;1;1;0;True
14488;2;2;0;True
14489;4;9;5;True
14490;2;4;2;True
14491;2;4;2;True
14492;7;12;5;True
14493;2;2;0;True
14494;5;12;7;True
14495;2;4;2;True
14496;3;3;0;True
14497;6;9;3;True
14498;3;6;3;True
14499;1;1;0;True
14500;5;12;7;True
14501;1;1;0;True
14502;3;9;6;True
14503;1;1;0;True
14504;0;0;0;True
14505;4;9;5;True
14506;10;16;6;True
14507;8;16;8;True
14508;4;9;5;True
14509;5;12;7;True
14510;2;2;0;True
14511;2;2;0;True
14512;0;0;0;True
14513;3;6;3;True
14514;7;16;9;True
14515;3;6;3;True
14516;4;6;2;True
14517;1;1;0;True
14518;3;4;1;True
14519;3;6;3;True
14520;4;6;2;True
14521;1;1;0;True
14522;5;9;4;True
14523;7;12;5;True
14524;4;6;2;True
14525;3;9;6;True
14526;1;1;0;True
14527;5;12;7;True
14528;0;0;0;True
14529;3;6;3;True
14530;5;12;7;True
14531;3;4;1;True
14532;3;6;3;True
14533;5;12;7;True
14534;6;12;6;True
14535;7;12;5;True
14536;2;4;2;True
14537;4;9;5;True
14538;1;1;0;True
14539;4;9;5;True
14540;5;9;4;True
14541;2;4;2;True
14542;4;6;2;True
14543;10;16;6;True
14544;6;9;3;True
14545;3;4;1;True
14546;6;12;6;True
14547;3;9;6;True
14548;3;6;3;True
14549;2;4;2;True
14550;2;2;0;True
14551;6;8;2;True
14552;4;9;5;True
14553;5;9;4;True
14554;5;8;3;True
14555;8;16;8;True
14556;5;9;4;True
14557;10;16;6;True
14558;3;9;6;True
14559;5;8;3;True
14560;6;12;6;True
14561;1;1;0;True
14562;3;4;1;True
14563;8;16;8;True
14564;2;2;0;True
14565;0;0;0;True
14566;4;6;2;True
14567;2;2;0;True
14568;8;16;8;True
14569;4;9;5;True
14570;0;0;0;True
14571;3;6;3;True
14572;1;1;0;True
14573;4;9;5;True
14574;2;4;2;True
14575;3;6;3;True
14576;2;4;2;True
14577;3;6;3;True
14578;6;12;6;True
14579;2;2;0;True
14580;2;2;0;True
14581;0;0;0;True
14582;4;6;2;True
14583;2;4;2;True
14584;4;6;2;True
14585;3;6;3;True
14586;0;0;0;True
14587;7;9;2;True
14588;2;2;0;True
14589;4;12;8;True
14590;6;12;6;True
14591;1;1;0;True
14592;6;9;3;True
14593;1;1;0;True
14594;2;4;2;True
14595;7;16;9;True
14596;1;1;0;True
14597;1;1;0;True
14598;3;4;1;True
14599;8;16;8;True
14600;9;16;7;True
14601;7;16;9;True
14602;5;12;7;True
14603;1;1;0;True
14604;5;16;11;True
14605;4;9;5;True
14606;1;1;0;True
14607;2;2;0;True
14608;7;12;5;True
14609;5;9;4;True
14610;1;1;0;True
14611;5;12;7;True
14612;4;12;8;True
14613;6;12;6;True
14614;4;9;5;True
14615;4;9;5;True
14616;1;1;0;True
14617;4;9;5;True
14618;5;9;4;True
14619;2;2;0;True
14620;6;16;10;True
14621;2;4;2;True
14622;4;4;0;True
14623;3;6;3;True
14624;2;2;0;True
14625;5;9;4;True
14626;6;9;3;True
14627;1;1;0;True
14628;3;4;1;True
14629;6;12;6;True
14630;1;1;0;True
14631;2;4;2;True
14632;2;4;2;True
14633;4;9;5;True
14634;5;16;11;True
14635;2;4;2;True
14636;3;6;3;True
14637;8;12;4;True
14638;7;16;9;True
14639;1;1;0;True
14640;3;4;1;True
14641;1;1;0;True
14642;3;9;6;True
14643;2;4;2;True
14644;4;6;2;True
14645;2;4;2;True
14646;5;12;7;True
14647;3;9;6;True
14648;4;12;8;True
14649;3;4;1;True
14650;5;9;4;True
14651;5;6;1;True
14652;3;9;6;True
14653;3;6;3;True
14654;3;6;3;True
14655;1;1;0;True
14656;3;6;3;True
14657;2;2;0;True
14658;3;9;6;True
14659;2;4;2;True
14660;5;12;7;True
14661;0;0;0;True
14662;1;1;0;True
14663;1;1;0;True
14664;3;9;6;True
14665;6;12;6;True
14666;4;6;2;True
14667;3;9;6;True
14668;6;9;3;True
14669;2;4;2;True
14670;3;4;1;True
14671;1;1;0;True
14672;5;9;4;True
14673;3;6;3;True
14674;4;6;2;True
14675;3;6;3;True
14676;3;9;6;True
14677;3;9;6;True
14678;4;8;4;True
14679;3;6;3;True
14680;4;6;2;True
14681;6;16;10;True
14682;5;12;7;True
14683;5;6;1;True
14684;3;4;1;True
14685;2;4;2;True
14686;1;1;0;True
14687;2;4;2;True
14688;5;9;4;True
14689;1;1;0;True
14690;3;4;1;True
14691;3;6;3;True
14692;1;1;0;True
14693;2;2;0;True
14694;2;4;2;True
14695;1;1;0;True
14696;7;12;5;True
14697;2;2;0;True
14698;4;12;8;True
14699;1;1;0;True
14700;1;1;0;True
14701;5;9;4;True
14702;4;12;8;True
14703;10;16;6;True
14704;2;2;0;True
14705;1;1;0;True
14706;2;2;0;True
14707;4;8;4;True
14708;6;8;2;True
14709;1;1;0;True
14710;5;12;7;True
14711;1;1;0;True
14712;4;12;8;True
14713;3;6;3;True
14714;3;4;1;True
14715;6;16;10;True
14716;4;6;2;True
14717;2;2;0;True
14718;1;1;0;True
14719;3;6;3;True
14720;4;12;8;True
14721;4;16;12;True
14722;2;2;0;True
14723;6;12;6;True
14724;5;9;4;True
14725;0;0;0;True
14726;1;1;0;True
14727;9;16;7;True
14728;2;2;0;True
14729;3;6;3;True
14730;3;6;3;True
14731;6;12;6;True
14732;3;6;3;True
14733;1;1;0;True
14734;1;1;0;True
14735;3;6;3;True
14736;1;1;0;True
14737;6;12;6;True
14738;4;9;5;True
14739;9;12;3;True
14740;6;12;6;True
14741;6;8;2;True
14742;6;16;10;True
14743;2;2;0;True
14744;4;9;5;True
14745;4;9;5;True
14746;3;6;3;True
14747;2;4;2;True
14748;4;9;5;True
14749;3;6;3;True
14750;2;2;0;True
14751;1;1;0;True
14752;4;4;0;True
14753;6;12;6;True
14754;5;9;4;True
14755;2;2;0;True
14756;2;4;2;True
14757;0;0;0;True
14758;2;4;2;True
14759;5;12;7;True
14760;5;12;7;True
14761;0;0;0;True
14762;2;2;0;True
14763;2;4;2;True
14764;3;9;6;True
14765;2;4;2;True
14766;5;9;4;True
14767;3;6;3;True
14768;5;8;3;True
14769;5;12;7;True
14770;0;0;0;True
14771;5;9;4;True
14772;2;4;2;True
14773;2;4;2;True
14774;2;4;2;True
14775;5;12;7;True
14776;5;9;4;True
14777;4;12;8;True
14778;0;0;0;True
14779;7;16;9;True
14780;4;9;5;True
14781;5;16;11;True
14782;4;12;8;True
14783;4;9;5;True
14784;3;3;0;True
14785;5;12;7;True
14786;5;8;3;True
14787;3;4;1;True
14788;1;1;0;True
14789;4;9;5;True
14790;4;6;2;True
14791;5;12;7;True
14792;3;9;6;True
14793;9;16;7;True
14794;5;9;4;True
14795;8;16;8;True
14796;4;8;4;True
14797;5;16;11;True
14798;5;8;3;True
14799;2;4;2;True
14800;10;16;6;True
14801;5;9;4;True
14802;3;3;0;True
14803;3;6;3;True
14804;4;6;2;True
14805;8;12;4;True
14806;3;4;1;True
14807;0;0;0;True
14808;4;6;2;True
14809;3;6;3;True
14810;0;0;0;True
14811;0;0;0;True
14812;4;9;5;True
14813;2;2;0;True
14814;4;12;8;True
14815;4;12;8;True
14816;8;12;4;True
14817;7;16;9;True
14818;5;12;7;True
14819;8;16;8;True
14820;3;6;3;True
14821;5;8;3;True
14822;3;6;3;True
14823;7;12;5;True
14824;1;1;0;True
14825;5;12;7;True
14826;2;2;0;True
14827;2;2;0;True
14828;9;9;0;True
14829;3;4;1;True
14830;1;1;0;True
14831;1;1;0;True
14832;4;9;5;True
14833;5;12;7;True
14834;4;8;4;True
14835;6;16;10;True
14836;4;6;2;True
14837;3;4;1;True
14838;3;9;6;True
14839;3;4;1;True
14840;2;4;2;True
14841;3;4;1;True
14842;2;4;2;True
14843;1;1;0;True
14844;6;9;3;True
14845;2;4;2;True
14846;1;1;0;True
14847;1;1;0;True
14848;2;4;2;True
14849;4;8;4;True
14850;4;9;5;True
14851;4;6;2;True
14852;6;12;6;True
14853;7;12;5;True
14854;5;9;4;True
14855;5;16;11;True
14856;4;9;5;True
14857;5;9;4;True
14858;6;16;10;True
14859;1;1;0;True
14860;7;9;2;True
14861;5;8;3;True
14862;5;16;11;True
14863;5;12;7;True
14864;2;4;2;True
14865;2;2;0;True
14866;3;6;3;True
14867;7;12;5;True
14868;1;1;0;True
14869;4;6;2;True
14870;5;9;4;True
14871;4;12;8;True
14872;1;1;0;True
14873;1;1;0;True
14874;2;4;2;True
14875;4;9;5;True
14876;3;6;3;True
14877;6;12;6;True
14878;5;12;7;True
14879;3;9;6;True
14880;3;6;3;True
14881;6;12;6;True
14882;2;2;0;True
14883;1;1;0;True
14884;4;12;8;True
14885;5;12;7;True
14886;5;9;4;True
14887;7;16;9;True
14888;2;4;2;True
14889;4;6;2;True
14890;3;6;3;True
14891;1;1;0;True
14892;2;2;0;True
14893;7;16;9;True
14894;2;2;0;True
14895;6;16;10;True
14896;3;6;3;True
14897;5;9;4;True
14898;5;12;7;True
14899;4;9;5;True
14900;2;2;0;True
14901;6;12;6;True
14902;4;9;5;True
14903;1;1;0;True
14904;4;12;8;True
14905;2;4;2;True
14906;1;1;0;True
14907;8;12;4;True
14908;3;9;6;True
14909;3;6;3;True
14910;2;4;2;True
14911;6;12;6;True
14912;6;16;10;True
14913;5;9;4;True
14914;3;4;1;True
14915;1;1;0;True
14916;1;1;0;True
14917;1;1;0;True
14918;3;6;3;True
14919;7;16;9;True
14920;10;16;6;True
14921;5;9;4;True
14922;2;4;2;True
14923;3;9;6;True
14924;5;16;11;True
14925;6;8;2;True
14926;4;6;2;True
14927;4;6;2;True
14928;4;9;5;True
14929;4;9;5;True
14930;3;6;3;True
14931;6;12;6;True
14932;5;12;7;True
14933;2;2;0;True
14934;2;4;2;True
14935;3;6;3;True
14936;4;9;5;True
14937;3;9;6;True
14938;0;0;0;True
14939;3;3;0;True
14940;3;6;3;True
14941;1;1;0;True
14942;0;0;0;True
14943;5;12;7;True
14944;2;2;0;True
14945;5;8;3;True
14946;3;6;3;True
14947;4;6;2;True
14948;4;6;2;True
14949;3;6;3;True
14950;1;1;0;True
14951;1;1;0;True
14952;5;6;1;True
14953;2;4;2;True
14954;4;9;5;True
14955;6;16;10;True
14956;0;0;0;True
14957;12;16;4;True
14958;1;1;0;True
14959;4;12;8;True
14960;10;16;6;True
14961;5;9;4;True
14962;4;9;5;True
14963;6;12;6;True
14964;3;6;3;True
14965;5;12;7;True
14966;6;12;6;True
14967;1;1;0;True
14968;7;16;9;True
14969;3;6;3;True
14970;5;16;11;True
14971;6;16;10;True
14972;3;6;3;True
14973;3;3;0;True
14974;8;16;8;True
14975;2;2;0;True
14976;3;4;1;True
14977;2;2;0;True
14978;2;4;2;True
14979;10;16;6;True
14980;5;12;7;True
14981;1;1;0;True
14982;1;1;0;True
14983;3;3;0;True
14984;2;2;0;True
14985;6;12;6;True
14986;4;6;2;True
14987;2;4;2;True
14988;2;2;0;True
14989;1;1;0;True
14990;7;12;5;True
14991;5;12;7;True
14992;1;1;0;True
14993;0;0;0;True
14994;8;12;4;True
14995;3;4;1;True
14996;1;1;0;True
14997;5;9;4;True
14998;5;6;1;True
14999;3;6;3;True
15000;6;16;10;True
15001;5;12;7;True
15002;4;6;2;True
15003;6;8;2;True
15004;5;12;7;True
15005;4;9;5;True
15006;2;4;2;True
15007;4;6;2;True
15008;5;9;4;True
15009;1;1;0;True
15010;2;4;2;True
15011;6;12;6;True
15012;3;6;3;True
15013;6;12;6;True
15014;6;12;6;True
15015;6;12;6;True
15016;6;12;6;True
15017;4;12;8;True
15018;1;1;0;True
15019;4;6;2;True
15020;2;2;0;True
15021;4;16;12;True
15022;2;4;2;True
15023;1;1;0;True
15024;2;2;0;True
15025;1;1;0;True
15026;1;1;0;True
15027;1;1;0;True
15028;2;4;2;True
15029;0;0;0;True
15030;1;1;0;True
15031;4;6;2;True
15032;6;9;3;True
15033;6;12;6;True
15034;4;9;5;True
15035;5;8;3;True
15036;6;12;6;True
15037;8;16;8;True
15038;1;1;0;True
15039;2;2;0;True
15040;5;12;7;True
15041;6;12;6;True
15042;2;2;0;True
15043;3;9;6;True
15044;4;9;5;True
15045;6;12;6;True
15046;3;4;1;True
15047;5;12;7;True
15048;7;12;5;True
15049;4;9;5;True
15050;3;6;3;True
15051;3;4;1;True
15052;3;9;6;True
15053;1;1;0;True
15054;0;0;0;True
15055;6;16;10;True
15056;5;9;4;True
15057;0;0;0;True
15058;3;4;1;True
15059;1;1;0;True
15060;0;0;0;True
15061;6;12;6;True
15062;2;2;0;True
15063;4;8;4;True
15064;1;1;0;True
15065;3;9;6;True
15066;4;9;5;True
15067;1;1;0;True
15068;2;4;2;True
15069;8;16;8;True
15070;3;6;3;True
15071;7;8;1;True
15072;1;1;0;True
15073;2;2;0;True
15074;6;12;6;True
15075;0;0;0;True
15076;6;16;10;True
15077;3;9;6;True
15078;4;9;5;True
15079;5;12;7;True
15080;7;16;9;True
15081;4;9;5;True
15082;1;1;0;True
15083;4;9;5;True
15084;1;1;0;True
15085;0;0;0;True
15086;2;4;2;True
15087;4;12;8;True
15088;7;16;9;True
15089;9;12;3;True
15090;4;9;5;True
15091;2;2;0;True
15092;2;2;0;True
15093;1;1;0;True
15094;4;9;5;True
15095;6;12;6;True
15096;4;12;8;True
15097;2;2;0;True
15098;6;12;6;True
15099;3;4;1;True
15100;8;16;8;True
15101;5;12;7;True
15102;0;0;0;True
15103;8;16;8;True
15104;4;9;5;True
15105;2;2;0;True
15106;3;6;3;True
15107;5;6;1;True
15108;2;4;2;True
15109;1;1;0;True
15110;2;2;0;True
15111;3;9;6;True
15112;1;1;0;True
15113;4;6;2;True
15114;0;0;0;True
15115;7;16;9;True
15116;8;12;4;True
15117;3;6;3;True
15118;2;2;0;True
15119;2;4;2;True
15120;1;1;0;True
15121;4;12;8;True
15122;3;9;6;True
15123;7;12;5;True
15124;4;6;2;True
15125;4;9;5;True
15126;4;12;8;True
15127;5;12;7;True
15128;3;6;3;True
15129;5;12;7;True
15130;4;9;5;True
15131;6;8;2;True
15132;1;1;0;True
15133;2;4;2;True
15134;3;6;3;True
15135;4;12;8;True
15136;3;6;3;True
15137;8;16;8;True
15138;4;6;2;True
15139;4;8;4;True
15140;2;4;2;True
15141;6;12;6;True
15142;6;9;3;True
15143;2;4;2;True
15144;4;12;8;True
15145;0;0;0;True
15146;6;16;10;True
15147;5;12;7;True
15148;5;12;7;True
15149;2;4;2;True
15150;6;12;6;True
15151;2;4;2;True
15152;0;0;0;True
15153;4;9;5;True
15154;6;16;10;True
15155;2;4;2;True
15156;4;12;8;True
15157;4;12;8;True
15158;5;12;7;True
15159;3;6;3;True
15160;4;9;5;True
15161;9;12;3;True
15162;1;1;0;True
15163;4;6;2;True
15164;5;9;4;True
15165;2;4;2;True
15166;1;1;0;True
15167;4;9;5;True
15168;1;1;0;True
15169;4;12;8;True
15170;2;4;2;True
15171;4;9;5;True
15172;5;12;7;True
15173;4;6;2;True
15174;8;16;8;True
15175;6;12;6;True
15176;3;6;3;True
15177;4;12;8;True
15178;1;1;0;True
15179;2;4;2;True
15180;4;8;4;True
15181;0;0;0;True
15182;2;4;2;True
15183;4;9;5;True
15184;7;12;5;True
15185;2;4;2;True
15186;5;8;3;True
15187;8;12;4;True
15188;6;9;3;True
15189;5;12;7;True
15190;2;2;0;True
15191;5;9;4;True
15192;4;8;4;True
15193;3;4;1;True
15194;1;1;0;True
15195;3;4;1;True
15196;5;9;4;True
15197;8;16;8;True
15198;1;1;0;True
15199;4;12;8;True
15200;2;2;0;True
15201;4;8;4;True
15202;4;6;2;True
15203;4;6;2;True
15204;4;9;5;True
15205;3;9;6;True
15206;5;16;11;True
15207;7;16;9;True
15208;3;4;1;True
15209;4;6;2;True
15210;4;6;2;True
15211;1;1;0;True
15212;6;9;3;True
15213;6;9;3;True
15214;3;6;3;True
15215;6;16;10;True
15216;1;1;0;True
15217;4;4;0;True
15218;7;12;5;True
15219;6;12;6;True
15220;0;0;0;True
15221;3;4;1;True
15222;6;16;10;True
15223;3;9;6;True
15224;2;4;2;True
15225;4;12;8;True
15226;6;16;10;True
15227;5;12;7;True
15228;6;12;6;True
15229;1;1;0;True
15230;5;9;4;True
15231;4;8;4;True
15232;8;12;4;True
15233;3;6;3;True
15234;6;12;6;True
15235;1;1;0;True
15236;2;4;2;True
15237;7;16;9;True
15238;1;1;0;True
15239;3;4;1;True
15240;5;12;7;True
15241;0;0;0;True
15242;8;16;8;True
15243;3;6;3;True
15244;7;16;9;True
15245;2;4;2;True
15246;4;9;5;True
15247;7;16;9;True
15248;3;6;3;True
15249;6;16;10;True
15250;2;4;2;True
15251;3;4;1;True
15252;4;6;2;True
15253;4;9;5;True
15254;2;4;2;True
15255;2;4;2;True
15256;5;12;7;True
15257;8;16;8;True
15258;2;4;2;True
15259;7;16;9;True
15260;0;0;0;True
15261;3;6;3;True
15262;7;12;5;True
15263;5;8;3;True
15264;0;0;0;True
15265;6;12;6;True
15266;6;16;10;True
15267;3;4;1;True
15268;3;9;6;True
15269;5;8;3;True
15270;3;9;6;True
15271;0;0;0;True
15272;6;9;3;True
15273;2;4;2;True
15274;1;1;0;True
15275;3;3;0;True
15276;5;16;11;True
15277;3;6;3;True
15278;2;4;2;True
15279;4;8;4;True
15280;4;6;2;True
15281;5;12;7;True
15282;5;9;4;True
15283;5;12;7;True
15284;5;9;4;True
15285;1;1;0;True
15286;7;16;9;True
15287;3;4;1;True
15288;4;12;8;True
15289;3;6;3;True
15290;3;6;3;True
15291;6;16;10;True
15292;6;12;6;True
15293;5;8;3;True
15294;2;4;2;True
15295;6;12;6;True
15296;1;1;0;True
15297;3;6;3;True
15298;2;4;2;True
15299;1;1;0;True
15300;5;12;7;True
15301;2;4;2;True
15302;1;1;0;True
15303;2;2;0;True
15304;3;6;3;True
15305;2;4;2;True
15306;2;4;2;True
15307;2;2;0;True
15308;1;1;0;True
15309;1;1;0;True
15310;4;8;4;True
15311;7;16;9;True
15312;7;16;9;True
15313;5;12;7;True
15314;5;12;7;True
15315;1;1;0;True
15316;9;16;7;True
15317;6;16;10;True
15318;0;0;0;True
15319;2;2;0;True
15320;2;4;2;True
15321;2;4;2;True
15322;2;4;2;True
15323;6;12;6;True
15324;8;16;8;True
15325;2;2;0;True
15326;8;16;8;True
15327;6;9;3;True
15328;3;6;3;True
15329;5;12;7;True
15330;1;1;0;True
15331;3;9;6;True
15332;2;4;2;True
15333;4;8;4;True
15334;4;9;5;True
15335;1;1;0;True
15336;9;16;7;True
15337;4;6;2;True
15338;3;9;6;True
15339;7;16;9;True
15340;5;12;7;True
15341;4;4;0;True
15342;4;9;5;True
15343;2;2;0;True
15344;4;9;5;True
15345;2;4;2;True
15346;3;6;3;True
15347;5;12;7;True
15348;4;9;5;True
15349;5;12;7;True
15350;5;6;1;True
15351;3;6;3;True
15352;4;12;8;True
15353;5;9;4;True
15354;1;1;0;True
15355;1;1;0;True
15356;8;16;8;True
15357;1;1;0;True
15358;1;1;0;True
15359;3;4;1;True
15360;1;1;0;True
15361;3;6;3;True
15362;4;9;5;True
15363;3;4;1;True
15364;4;9;5;True
15365;2;4;2;True
15366;5;12;7;True
15367;2;2;0;True
15368;3;6;3;True
15369;6;16;10;True
15370;0;0;0;True
15371;4;9;5;True
15372;4;12;8;True
15373;3;6;3;True
15374;2;2;0;True
15375;5;6;1;True
15376;8;16;8;True
15377;2;2;0;True
15378;1;1;0;True
15379;0;0;0;True
15380;4;9;5;True
15381;4;12;8;True
15382;6;9;3;True
15383;4;9;5;True
15384;2;2;0;True
15385;4;12;8;True
15386;2;2;0;True
15387;5;12;7;True
15388;0;0;0;True
15389;5;12;7;True
15390;4;6;2;True
15391;1;1;0;True
15392;2;4;2;True
15393;1;1;0;True
15394;4;12;8;True
15395;2;2;0;True
15396;4;9;5;True
15397;6;16;10;True
15398;7;12;5;True
15399;2;2;0;True
15400;6;12;6;True
15401;6;16;10;True
15402;4;9;5;True
15403;5;12;7;True
15404;6;12;6;True
15405;2;2;0;True
15406;6;12;6;True
15407;6;9;3;True
15408;3;6;3;True
15409;4;6;2;True
15410;5;6;1;True
15411;7;16;9;True
15412;7;12;5;True
15413;0;0;0;True
15414;5;16;11;True
15415;6;16;10;True
15416;11;16;5;True
15417;3;6;3;True
15418;7;16;9;True
15419;6;16;10;True
15420;5;12;7;True
15421;7;12;5;True
15422;3;6;3;True
15423;2;4;2;True
15424;5;8;3;True
15425;5;12;7;True
15426;4;6;2;True
15427;6;12;6;True
15428;7;12;5;True
15429;7;16;9;True
15430;5;9;4;True
15431;0;0;0;True
15432;5;8;3;True
15433;4;9;5;True
15434;1;1;0;True
15435;12;16;4;True
15436;0;0;0;True
15437;1;1;0;True
15438;4;9;5;True
15439;3;4;1;True
15440;8;16;8;True
15441;4;9;5;True
15442;1;1;0;True
15443;6;16;10;True
15444;7;16;9;True
15445;1;1;0;True
15446;1;1;0;True
15447;1;1;0;True
15448;6;12;6;True
15449;6;16;10;True
15450;6;16;10;True
15451;8;12;4;True
15452;4;6;2;True
15453;8;16;8;True
15454;4;9;5;True
15455;5;12;7;True
15456;3;6;3;True
15457;5;9;4;True
15458;11;16;5;True
15459;2;4;2;True
15460;6;12;6;True
15461;6;9;3;True
15462;8;16;8;True
15463;1;1;0;True
15464;5;12;7;True
15465;4;8;4;True
15466;1;1;0;True
15467;2;2;0;True
15468;0;0;0;True
15469;7;12;5;True
15470;5;9;4;True
15471;2;4;2;True
15472;4;6;2;True
15473;4;12;8;True
15474;2;4;2;True
15475;1;1;0;True
15476;5;9;4;True
15477;1;1;0;True
15478;2;4;2;True
15479;6;9;3;True
15480;6;16;10;True
15481;2;4;2;True
15482;4;8;4;True
15483;2;2;0;True
15484;3;6;3;True
15485;4;6;2;True
15486;1;1;0;True
15487;7;12;5;True
15488;5;12;7;True
15489;6;8;2;True
15490;5;12;7;True
15491;6;12;6;True
15492;4;6;2;True
15493;4;9;5;True
15494;3;4;1;True
15495;6;12;6;True
15496;9;16;7;True
15497;1;1;0;True
15498;6;12;6;True
15499;5;9;4;True
15500;0;0;0;True
15501;6;12;6;True
15502;3;6;3;True
15503;4;6;2;True
15504;3;6;3;True
15505;0;0;0;True
15506;4;12;8;True
15507;3;6;3;True
15508;5;9;4;True
15509;4;6;2;True
15510;3;6;3;True
15511;3;6;3;True
15512;2;2;0;True
15513;2;4;2;True
15514;5;12;7;True
15515;6;12;6;True
15516;4;12;8;True
15517;7;16;9;True
15518;6;12;6;True
15519;3;4;1;True
15520;2;4;2;True
15521;2;2;0;True
15522;1;1;0;True
15523;2;2;0;True
15524;10;16;6;True
15525;3;6;3;True
15526;7;16;9;True
15527;1;1;0;True
15528;6;16;10;True
15529;5;9;4;True
15530;4;9;5;True
15531;5;8;3;True
15532;2;4;2;True
15533;8;16;8;True
15534;2;2;0;True
15535;2;4;2;True
15536;8;16;8;True
15537;2;2;0;True
15538;2;2;0;True
15539;4;9;5;True
15540;8;16;8;True
15541;4;9;5;True
15542;3;6;3;True
15543;2;2;0;True
15544;10;16;6;True
15545;4;12;8;True
15546;5;9;4;True
15547;6;12;6;True
15548;1;1;0;True
15549;2;2;0;True
15550;5;9;4;True
15551;2;4;2;True
15552;3;6;3;True
15553;1;1;0;True
15554;5;12;7;True
15555;3;4;1;True
15556;5;9;4;True
15557;5;9;4;True
15558;4;8;4;True
15559;7;12;5;True
15560;2;2;0;True
15561;2;2;0;True
15562;6;12;6;True
15563;8;16;8;True
15564;0;0;0;True
15565;3;6;3;True
15566;4;6;2;True
15567;7;9;2;True
15568;7;12;5;True
15569;7;16;9;True
15570;5;12;7;True
15571;5;12;7;True
15572;4;12;8;True
15573;1;1;0;True
15574;7;12;5;True
15575;1;1;0;True
15576;1;1;0;True
15577;4;9;5;True
15578;1;1;0;True
15579;2;2;0;True
15580;6;12;6;True
15581;6;12;6;True
15582;8;12;4;True
15583;4;12;8;True
15584;2;4;2;True
15585;2;4;2;True
15586;3;6;3;True
15587;6;12;6;True
15588;8;16;8;True
15589;3;6;3;True
15590;5;12;7;True
15591;2;2;0;True
15592;2;2;0;True
15593;2;2;0;True
15594;3;4;1;True
15595;5;12;7;True
15596;1;1;0;True
15597;6;16;10;True
15598;4;9;5;True
15599;3;6;3;True
15600;7;12;5;True
15601;0;0;0;True
15602;5;12;7;True
15603;3;4;1;True
15604;3;4;1;True
15605;3;6;3;True
15606;2;4;2;True
15607;5;9;4;True
15608;6;12;6;True
15609;3;6;3;True
15610;3;9;6;True
15611;1;1;0;True
15612;2;2;0;True
15613;6;12;6;True
15614;2;2;0;True
15615;4;9;5;True
15616;8;16;8;True
15617;4;9;5;True
15618;1;1;0;True
15619;6;9;3;True
15620;4;9;5;True
15621;4;6;2;True
15622;3;6;3;True
15623;6;9;3;True
15624;3;4;1;True
15625;5;12;7;True
15626;4;4;0;True
15627;3;6;3;True
15628;4;9;5;True
15629;4;8;4;True
15630;4;6;2;True
15631;5;8;3;True
15632;5;9;4;True
15633;6;16;10;True
15634;5;12;7;True
15635;2;4;2;True
15636;5;9;4;True
15637;1;1;0;True
15638;2;4;2;True
15639;2;4;2;True
15640;3;4;1;True
15641;0;0;0;True
15642;3;6;3;True
15643;8;12;4;True
15644;3;6;3;True
15645;5;12;7;True
15646;6;12;6;True
15647;7;12;5;True
15648;5;8;3;True
15649;2;2;0;True
15650;4;6;2;True
15651;1;1;0;True
15652;1;1;0;True
15653;3;6;3;True
15654;4;9;5;True
15655;4;9;5;True
15656;1;1;0;True
15657;5;9;4;True
15658;3;6;3;True
15659;3;6;3;True
15660;0;0;0;True
15661;1;1;0;True
15662;4;6;2;True
15663;4;16;12;True
15664;1;1;0;True
15665;8;16;8;True
15666;2;2;0;True
15667;5;12;7;True
15668;1;1;0;True
15669;5;6;1;True
15670;5;12;7;True
15671;2;2;0;True
15672;3;6;3;True
15673;0;0;0;True
15674;5;12;7;True
15675;2;2;0;True
15676;6;12;6;True
15677;5;9;4;True
15678;3;6;3;True
15679;5;12;7;True
15680;7;12;5;True
15681;5;9;4;True
15682;3;6;3;True
15683;4;12;8;True
15684;1;1;0;True
15685;3;9;6;True
15686;1;1;0;True
15687;4;6;2;True
15688;2;4;2;True
15689;3;4;1;True
15690;6;9;3;True
15691;8;12;4;True
15692;1;1;0;True
15693;6;12;6;True
15694;4;6;2;True
15695;6;12;6;True
15696;6;12;6;True
15697;3;3;0;True
15698;4;9;5;True
15699;3;4;1;True
15700;3;9;6;True
15701;4;9;5;True
15702;1;1;0;True
15703;4;6;2;True
15704;8;16;8;True
15705;6;12;6;True
15706;4;12;8;True
15707;1;1;0;True
15708;2;4;2;True
15709;3;6;3;True
15710;3;6;3;True
15711;1;1;0;True
15712;6;16;10;True
15713;2;4;2;True
15714;6;9;3;True
15715;3;9;6;True
15716;1;1;0;True
15717;4;9;5;True
15718;4;9;5;True
15719;2;4;2;True
15720;4;9;5;True
15721;4;12;8;True
15722;2;4;2;True
15723;11;16;5;True
15724;3;6;3;True
15725;7;9;2;True
15726;3;6;3;True
15727;3;6;3;True
15728;4;9;5;True
15729;6;16;10;True
15730;4;9;5;True
15731;3;3;0;True
15732;3;9;6;True
15733;3;6;3;True
15734;4;9;5;True
15735;4;6;2;True
15736;0;0;0;True
15737;4;12;8;True
15738;3;6;3;True
15739;8;16;8;True
15740;0;0;0;True
15741;0;0;0;True
15742;1;1;0;True
15743;6;16;10;True
15744;6;8;2;True
15745;7;12;5;True
15746;4;6;2;True
15747;4;8;4;True
15748;3;4;1;True
15749;3;3;0;True
15750;3;6;3;True
15751;3;4;1;True
15752;1;1;0;True
15753;3;4;1;True
15754;3;6;3;True
15755;7;12;5;True
15756;5;8;3;True
15757;3;4;1;True
15758;1;1;0;True
15759;2;2;0;True
15760;3;6;3;True
15761;2;4;2;True
15762;4;6;2;True
15763;4;9;5;True
15764;3;9;6;True
15765;3;6;3;True
15766;2;2;0;True
15767;1;1;0;True
15768;2;2;0;True
15769;6;12;6;True
15770;2;4;2;True
15771;1;1;0;True
15772;4;8;4;True
15773;5;9;4;True
15774;7;12;5;True
15775;1;1;0;True
15776;6;8;2;True
15777;4;9;5;True
15778;1;1;0;True
15779;0;0;0;True
15780;1;1;0;True
15781;1;1;0;True
15782;9;16;7;True
15783;7;12;5;True
15784;4;16;12;True
15785;6;16;10;True
15786;8;16;8;True
15787;2;4;2;True
15788;7;12;5;True
15789;3;6;3;True
15790;1;1;0;True
15791;2;4;2;True
15792;5;12;7;True
15793;6;16;10;True
15794;0;0;0;True
15795;3;9;6;True
15796;4;16;12;True
15797;4;6;2;True
15798;1;1;0;True
15799;1;1;0;True
15800;0;0;0;True
15801;4;9;5;True
15802;1;1;0;True
15803;4;8;4;True
15804;5;9;4;True
15805;1;1;0;True
15806;5;6;1;True
15807;3;9;6;True
15808;5;8;3;True
15809;1;1;0;True
15810;3;6;3;True
15811;2;4;2;True
15812;3;6;3;True
15813;2;4;2;True
15814;1;1;0;True
15815;3;6;3;True
15816;5;9;4;True
15817;2;2;0;True
15818;5;12;7;True
15819;8;12;4;True
15820;4;6;2;True
15821;0;0;0;True
15822;8;16;8;True
15823;1;1;0;True
15824;4;6;2;True
15825;7;16;9;True
15826;1;1;0;True
15827;1;1;0;True
15828;2;4;2;True
15829;4;9;5;True
15830;2;2;0;True
15831;2;4;2;True
15832;7;12;5;True
15833;2;4;2;True
15834;2;2;0;True
15835;6;12;6;True
15836;6;16;10;True
15837;9;16;7;True
15838;1;1;0;True
15839;1;1;0;True
15840;9;16;7;True
15841;6;16;10;True
15842;4;9;5;True
15843;4;9;5;True
15844;5;9;4;True
15845;4;9;5;True
15846;1;1;0;True
15847;7;16;9;True
15848;1;1;0;True
15849;3;9;6;True
15850;6;12;6;True
15851;2;2;0;True
15852;3;6;3;True
15853;8;16;8;True
15854;2;2;0;True
15855;2;2;0;True
15856;0;0;0;True
15857;3;6;3;True
15858;5;12;7;True
15859;0;0;0;True
15860;9;16;7;True
15861;5;16;11;True
15862;2;2;0;True
15863;0;0;0;True
15864;5;6;1;True
15865;2;2;0;True
15866;4;9;5;True
15867;1;1;0;True
15868;1;1;0;True
15869;1;1;0;True
15870;5;9;4;True
15871;3;6;3;True
15872;5;12;7;True
15873;6;12;6;True
15874;3;3;0;True
15875;3;4;1;True
15876;5;12;7;True
15877;3;9;6;True
15878;6;16;10;True
15879;8;16;8;True
15880;4;9;5;True
15881;3;6;3;True
15882;2;4;2;True
15883;2;4;2;True
15884;0;0;0;True
15885;7;12;5;True
15886;4;6;2;True
15887;3;6;3;True
15888;6;9;3;True
15889;1;1;0;True
15890;4;9;5;True
15891;6;12;6;True
15892;4;6;2;True
15893;4;9;5;True
15894;5;8;3;True
15895;4;12;8;True
15896;9;16;7;True
15897;1;1;0;True
15898;6;12;6;True
15899;1;1;0;True
15900;1;1;0;True
15901;6;12;6;True
15902;5;9;4;True
15903;3;4;1;True
15904;1;1;0;True
15905;4;9;5;True
15906;0;0;0;True
15907;1;1;0;True
15908;4;9;5;True
15909;3;6;3;True
15910;4;4;0;True
15911;6;12;6;True
15912;8;12;4;True
15913;3;4;1;True
15914;1;1;0;True
15915;4;6;2;True
15916;4;6;2;True
15917;3;6;3;True
15918;4;12;8;True
15919;1;1;0;True
15920;6;12;6;True
15921;2;2;0;True
15922;6;12;6;True
15923;5;6;1;True
15924;2;4;2;True
15925;7;16;9;True
15926;3;9;6;True
15927;1;1;0;True
15928;1;1;0;True
15929;4;12;8;True
15930;2;2;0;True
15931;2;4;2;True
15932;3;6;3;True
15933;6;12;6;True
15934;3;4;1;True
15935;4;9;5;True
15936;4;9;5;True
15937;4;12;8;True
15938;4;12;8;True
15939;8;12;4;True
15940;3;4;1;True
15941;3;9;6;True
15942;4;8;4;True
15943;0;0;0;True
15944;2;4;2;True
15945;5;12;7;True
15946;2;4;2;True
15947;3;6;3;True
15948;1;1;0;True
15949;4;9;5;True
15950;4;9;5;True
15951;3;6;3;True
15952;0;0;0;True
15953;4;9;5;True
15954;2;4;2;True
15955;5;9;4;True
15956;7;12;5;True
15957;1;1;0;True
15958;5;6;1;True
15959;1;1;0;True
15960;4;9;5;True
15961;3;4;1;True
15962;2;2;0;True
15963;5;6;1;True
15964;1;1;0;True
15965;5;9;4;True
15966;8;16;8;True
15967;1;1;0;True
15968;3;6;3;True
15969;0;0;0;True
15970;3;4;1;True
15971;5;9;4;True
15972;7;16;9;True
15973;3;6;3;True
15974;3;6;3;True
15975;2;2;0;True
15976;4;8;4;True
15977;5;16;11;True
15978;1;1;0;True
15979;6;12;6;True
15980;2;2;0;True
15981;3;4;1;True
15982;6;12;6;True
15983;2;2;0;True
15984;2;2;0;True
15985;7;12;5;True
15986;1;1;0;True
15987;3;3;0;True
15988;3;6;3;True
15989;5;9;4;True
15990;4;9;5;True
15991;3;6;3;True
15992;7;9;2;True
15993;6;9;3;True
15994;4;6;2;True
15995;6;16;10;True
15996;1;1;0;True
15997;0;0;0;True
15998;5;9;4;True
15999;6;12;6;True
16000;5;9;4;True
16001;3;6;3;True
16002;4;6;2;True
16003;5;9;4;True
16004;0;0;0;True
16005;7;16;9;True
16006;3;9;6;True
16007;4;9;5;True
16008;5;12;7;True
16009;1;1;0;True
16010;3;4;1;True
16011;6;16;10;True
16012;7;16;9;True
16013;4;6;2;True
16014;2;4;2;True
16015;4;9;5;True
16016;5;12;7;True
16017;6;16;10;True
16018;6;12;6;True
16019;5;9;4;True
16020;6;9;3;True
16021;6;12;6;True
16022;2;2;0;True
16023;1;1;0;True
16024;3;9;6;True
16025;2;4;2;True
16026;7;16;9;True
16027;2;4;2;True
16028;5;12;7;True
16029;4;9;5;True
16030;4;9;5;True
16031;3;4;1;True
16032;2;4;2;True
16033;9;16;7;True
16034;3;4;1;True
16035;1;1;0;True
16036;5;12;7;True
16037;3;6;3;True
16038;9;16;7;True
16039;7;12;5;True
16040;1;1;0;True
16041;3;6;3;True
16042;1;1;0;True
16043;6;12;6;True
16044;3;9;6;True
16045;1;1;0;True
16046;3;9;6;True
16047;3;6;3;True
16048;2;2;0;True
16049;7;16;9;True
16050;1;1;0;True
16051;7;9;2;True
16052;6;12;6;True
16053;2;4;2;True
16054;3;4;1;True
16055;4;6;2;True
16056;6;12;6;True
16057;5;16;11;True
16058;6;16;10;True
16059;4;8;4;True
16060;8;16;8;True
16061;7;16;9;True
16062;0;0;0;True
16063;7;16;9;True
16064;1;1;0;True
16065;7;16;9;True
16066;2;4;2;True
16067;4;6;2;True
16068;8;16;8;True
16069;6;12;6;True
16070;3;6;3;True
16071;4;9;5;True
16072;3;4;1;True
16073;5;12;7;True
16074;4;9;5;True
16075;4;9;5;True
16076;8;16;8;True
16077;3;6;3;True
16078;6;12;6;True
16079;2;2;0;True
16080;6;12;6;True
16081;5;12;7;True
16082;4;6;2;True
16083;3;6;3;True
16084;2;2;0;True
16085;3;6;3;True
16086;4;6;2;True
16087;4;9;5;True
16088;0;0;0;True
16089;1;1;0;True
16090;11;16;5;True
16091;1;1;0;True
16092;7;12;5;True
16093;5;9;4;True
16094;2;4;2;True
16095;2;4;2;True
16096;2;4;2;True
16097;1;1;0;True
16098;1;1;0;True
16099;0;0;0;True
16100;1;1;0;True
16101;5;8;3;True
16102;3;6;3;True
16103;1;1;0;True
16104;4;9;5;True
16105;1;1;0;True
16106;5;12;7;True
16107;1;1;0;True
16108;4;12;8;True
16109;5;9;4;True
16110;5;9;4;True
16111;3;6;3;True
16112;2;2;0;True
16113;5;9;4;True
16114;6;16;10;True
16115;2;4;2;True
16116;1;1;0;True
16117;5;9;4;True
16118;4;9;5;True
16119;3;9;6;True
16120;2;4;2;True
16121;4;9;5;True
16122;6;9;3;True
16123;6;16;10;True
16124;5;12;7;True
16125;1;1;0;True
16126;0;0;0;True
16127;7;16;9;True
16128;3;6;3;True
16129;5;12;7;True
16130;2;2;0;True
16131;6;12;6;True
16132;5;9;4;True
16133;5;8;3;True
16134;0;0;0;True
16135;5;9;4;True
16136;5;6;1;True
16137;2;4;2;True
16138;3;6;3;True
16139;1;1;0;True
16140;2;4;2;True
16141;0;0;0;True
16142;4;9;5;True
16143;3;6;3;True
16144;7;12;5;True
16145;1;1;0;True
16146;0;0;0;True
16147;4;9;5;True
16148;2;4;2;True
16149;3;4;1;True
16150;3;6;3;True
16151;4;8;4;True
16152;1;1;0;True
16153;2;4;2;True
16154;7;16;9;True
16155;4;9;5;True
16156;3;6;3;True
16157;1;1;0;True
16158;2;2;0;True
16159;1;1;0;True
16160;4;9;5;True
16161;5;16;11;True
16162;5;9;4;True
16163;4;6;2;True
16164;4;6;2;True
16165;4;6;2;True
16166;7;16;9;True
16167;4;12;8;True
16168;2;4;2;True
16169;5;12;7;True
16170;3;6;3;True
16171;5;9;4;True
16172;10;16;6;True
16173;4;9;5;True
16174;0;0;0;True
16175;4;4;0;True
16176;1;1;0;True
16177;4;9;5;True
16178;7;12;5;True
16179;4;6;2;True
16180;3;6;3;True
16181;3;4;1;True
16182;3;4;1;True
16183;2;4;2;True
16184;4;12;8;True
16185;1;1;0;True
16186;5;12;7;True
16187;1;1;0;True
16188;4;6;2;True
16189;5;8;3;True
16190;0;0;0;True
16191;5;6;1;True
16192;2;2;0;True
16193;9;16;7;True
16194;8;16;8;True
16195;1;1;0;True
16196;2;2;0;True
16197;2;4;2;True
16198;1;1;0;True
16199;2;4;2;True
16200;5;12;7;True
16201;2;4;2;True
16202;5;9;4;True
16203;8;12;4;True
16204;1;1;0;True
16205;3;6;3;True
16206;4;9;5;True
16207;3;6;3;True
16208;0;0;0;True
16209;1;1;0;True
16210;4;12;8;True
16211;5;12;7;True
16212;2;2;0;True
16213;5;16;11;True
16214;5;12;7;True
16215;2;4;2;True
16216;1;1;0;True
16217;3;9;6;True
16218;2;4;2;True
16219;2;4;2;True
16220;5;9;4;True
16221;5;12;7;True
16222;3;6;3;True
16223;8;16;8;True
16224;0;0;0;True
16225;8;12;4;True
16226;4;8;4;True
16227;4;12;8;True
16228;2;2;0;True
16229;7;12;5;True
16230;3;6;3;True
16231;5;6;1;True
16232;1;1;0;True
16233;4;6;2;True
16234;6;16;10;True
16235;8;12;4;True
16236;4;9;5;True
16237;3;6;3;True
16238;3;9;6;True
16239;3;6;3;True
16240;2;4;2;True
16241;4;9;5;True
16242;7;12;5;True
16243;6;9;3;True
16244;3;3;0;True
16245;3;6;3;True
16246;5;6;1;True
16247;2;2;0;True
16248;3;6;3;True
16249;5;9;4;True
16250;5;9;4;True
16251;7;12;5;True
16252;2;4;2;True
16253;3;6;3;True
16254;7;16;9;True
16255;3;6;3;True
16256;2;2;0;True
16257;4;9;5;True
16258;4;9;5;True
16259;2;2;0;True
16260;5;8;3;True
16261;0;0;0;True
16262;7;12;5;True
16263;6;12;6;True
16264;2;2;0;True
16265;7;16;9;True
16266;4;6;2;True
16267;0;0;0;True
16268;7;12;5;True
16269;2;4;2;True
16270;2;4;2;True
16271;7;12;5;True
16272;3;4;1;True
16273;1;1;0;True
16274;3;9;6;True
16275;1;1;0;True
16276;1;1;0;True
16277;5;9;4;True
16278;1;1;0;True
16279;6;12;6;True
16280;3;3;0;True
16281;3;9;6;True
16282;5;12;7;True
16283;0;0;0;True
16284;2;2;0;True
16285;3;6;3;True
16286;1;1;0;True
16287;2;4;2;True
16288;0;0;0;True
16289;4;9;5;True
16290;1;1;0;True
16291;6;12;6;True
16292;4;6;2;True
16293;5;9;4;True
16294;5;9;4;True
16295;4;8;4;True
16296;3;6;3;True
16297;4;9;5;True
16298;8;16;8;True
16299;5;12;7;True
16300;4;9;5;True
16301;8;16;8;True
16302;4;6;2;True
16303;2;4;2;True
16304;4;6;2;True
16305;4;6;2;True
16306;2;2;0;True
16307;2;4;2;True
16308;2;2;0;True
16309;2;4;2;True
16310;5;12;7;True
16311;7;16;9;True
16312;3;6;3;True
16313;1;1;0;True
16314;6;16;10;True
16315;0;0;0;True
16316;5;16;11;True
16317;3;6;3;True
16318;1;1;0;True
16319;5;9;4;True
16320;5;9;4;True
16321;5;12;7;True
16322;9;16;7;True
16323;4;9;5;True
16324;4;12;8;True
16325;6;12;6;True
16326;0;0;0;True
16327;3;6;3;True
16328;5;12;7;True
16329;4;9;5;True
16330;1;1;0;True
16331;2;4;2;True
16332;3;4;1;True
16333;1;1;0;True
16334;3;9;6;True
16335;2;2;0;True
16336;1;1;0;True
16337;8;12;4;True
16338;1;1;0;True
16339;2;4;2;True
16340;1;1;0;True
16341;6;16;10;True
16342;4;9;5;True
16343;6;12;6;True
16344;5;6;1;True
16345;3;6;3;True
16346;3;6;3;True
16347;1;1;0;True
16348;3;6;3;True
16349;1;1;0;True
16350;3;6;3;True
16351;6;12;6;True
16352;9;16;7;True
16353;2;2;0;True
16354;3;6;3;True
16355;4;6;2;True
16356;2;4;2;True
16357;0;0;0;True
16358;3;6;3;True
16359;10;16;6;True
16360;3;4;1;True
16361;4;6;2;True
16362;6;12;6;True
16363;2;2;0;True
16364;3;6;3;True
16365;8;16;8;True
16366;0;0;0;True
16367;1;1;0;True
16368;3;6;3;True
16369;7;16;9;True
16370;5;9;4;True
16371;8;16;8;True
16372;2;4;2;True
16373;5;12;7;True
16374;3;9;6;True
16375;4;8;4;True
16376;3;4;1;True
16377;3;6;3;True
16378;1;1;0;True
16379;4;6;2;True
16380;6;9;3;True
16381;5;12;7;True
16382;1;1;0;True
16383;3;4;1;True
16384;6;9;3;True
16385;5;12;7;True
16386;10;16;6;True
16387;7;12;5;True
16388;7;12;5;True
16389;3;6;3;True
16390;4;4;0;True
16391;1;1;0;True
16392;5;12;7;True
16393;7;16;9;True
16394;5;16;11;True
16395;3;6;3;True
16396;5;16;11;True
16397;2;4;2;True
16398;6;9;3;True
16399;5;6;1;True
16400;6;6;0;True
16401;7;16;9;True
16402;0;0;0;True
16403;4;12;8;True
16404;3;4;1;True
16405;5;12;7;True
16406;5;12;7;True
16407;3;9;6;True
16408;5;9;4;True
16409;5;16;11;True
16410;5;9;4;True
16411;5;12;7;True
16412;6;16;10;True
16413;4;9;5;True
16414;2;4;2;True
16415;6;16;10;True
16416;4;9;5;True
16417;2;2;0;True
16418;8;12;4;True
16419;2;2;0;True
16420;2;2;0;True
16421;1;1;0;True
16422;8;12;4;True
16423;0;0;0;True
16424;3;6;3;True
16425;3;4;1;True
16426;8;12;4;True
16427;2;4;2;True
16428;2;4;2;True
16429;3;6;3;True
16430;2;2;0;True
16431;0;0;0;True
16432;1;1;0;True
16433;4;12;8;True
16434;3;6;3;True
16435;3;6;3;True
16436;6;16;10;True
16437;0;0;0;True
16438;2;4;2;True
16439;6;12;6;True
16440;4;9;5;True
16441;4;6;2;True
16442;6;12;6;True
16443;4;8;4;True
16444;0;0;0;True
16445;5;12;7;True
16446;2;4;2;True
16447;1;1;0;True
16448;0;0;0;True
16449;2;4;2;True
16450;4;12;8;True
16451;1;1;0;True
16452;6;8;2;True
16453;1;1;0;True
16454;5;16;11;True
16455;7;12;5;True
16456;3;6;3;True
16457;1;1;0;True
16458;0;0;0;True
16459;0;0;0;True
16460;3;4;1;True
16461;2;4;2;True
16462;3;3;0;True
16463;4;6;2;True
16464;3;6;3;True
16465;8;16;8;True
16466;1;1;0;True
16467;3;6;3;True
16468;3;6;3;True
16469;6;16;10;True
16470;3;6;3;True
16471;6;12;6;True
16472;1;1;0;True
16473;3;9;6;True
16474;4;6;2;True
16475;3;3;0;True
16476;5;12;7;True
16477;4;6;2;True
16478;4;9;5;True
16479;5;8;3;True
16480;6;12;6;True
16481;0;0;0;True
16482;8;16;8;True
16483;4;9;5;True
16484;0;0;0;True
16485;0;0;0;True
16486;6;12;6;True
16487;3;9;6;True
16488;9;16;7;True
16489;6;9;3;True
16490;5;12;7;True
16491;4;8;4;True
16492;7;12;5;True
16493;4;6;2;True
16494;1;1;0;True
16495;3;4;1;True
16496;5;12;7;True
16497;8;16;8;True
16498;4;9;5;True
16499;6;8;2;True
16500;6;16;10;True
16501;5;12;7;True
16502;1;1;0;True
16503;3;6;3;True
16504;2;4;2;True
16505;7;12;5;True
16506;4;6;2;True
16507;0;0;0;True
16508;5;12;7;True
16509;0;0;0;True
16510;2;4;2;True
16511;6;12;6;True
16512;3;4;1;True
16513;2;4;2;True
16514;10;16;6;True
16515;2;4;2;True
16516;0;0;0;True
16517;3;9;6;True
16518;7;12;5;True
16519;4;9;5;True
16520;3;6;3;True
16521;4;6;2;True
16522;4;8;4;True
16523;2;4;2;True
16524;6;12;6;True
16525;6;12;6;True
16526;9;16;7;True
16527;4;9;5;True
16528;2;2;0;True
16529;4;12;8;True
16530;2;2;0;True
16531;0;0;0;True
16532;3;4;1;True
16533;2;2;0;True
16534;4;8;4;True
16535;7;12;5;True
16536;1;1;0;True
16537;2;4;2;True
16538;4;9;5;True
16539;6;12;6;True
16540;3;6;3;True
16541;2;2;0;True
16542;1;1;0;True
16543;1;1;0;True
16544;7;16;9;True
16545;5;9;4;True
16546;3;9;6;True
16547;5;12;7;True
16548;7;12;5;True
16549;1;1;0;True
16550;4;6;2;True
16551;1;1;0;True
16552;7;12;5;True
16553;4;6;2;True
16554;2;2;0;True
16555;4;6;2;True
16556;3;6;3;True
16557;5;12;7;True
16558;9;12;3;True
16559;2;4;2;True
16560;5;12;7;True
16561;5;16;11;True
16562;0;0;0;True
16563;9;16;7;True
16564;7;12;5;True
16565;6;9;3;True
16566;4;12;8;True
16567;1;1;0;True
16568;1;1;0;True
16569;7;16;9;True
16570;3;3;0;True
16571;3;6;3;True
16572;3;6;3;True
16573;4;12;8;True
16574;6;12;6;True
16575;0;0;0;True
16576;0;0;0;True
16577;3;6;3;True
16578;8;16;8;True
16579;3;6;3;True
16580;7;16;9;True
16581;4;9;5;True
16582;2;4;2;True
16583;2;4;2;True
16584;6;16;10;True
16585;4;12;8;True
16586;3;9;6;True
16587;5;9;4;True
16588;8;16;8;True
16589;3;9;6;True
16590;5;6;1;True
16591;4;9;5;True
16592;6;12;6;True
16593;2;4;2;True
16594;2;2;0;True
16595;6;12;6;True
16596;3;6;3;True
16597;4;6;2;True
16598;0;0;0;True
16599;3;4;1;True
16600;2;2;0;True
16601;1;1;0;True
16602;0;0;0;True
16603;6;12;6;True
16604;4;8;4;True
16605;7;16;9;True
16606;4;12;8;True
16607;5;6;1;True
16608;0;0;0;True
16609;4;6;2;True
16610;2;4;2;True
16611;3;4;1;True
16612;2;4;2;True
16613;2;4;2;True
16614;3;9;6;True
16615;5;12;7;True
16616;3;4;1;True
16617;2;4;2;True
16618;9;12;3;True
16619;5;12;7;True
16620;5;6;1;True
16621;3;6;3;True
16622;2;4;2;True
16623;6;12;6;True
16624;3;6;3;True
16625;3;6;3;True
16626;6;9;3;True
16627;5;12;7;True
16628;4;12;8;True
16629;1;1;0;True
16630;3;4;1;True
16631;8;12;4;True
16632;3;9;6;True
16633;2;2;0;True
16634;3;6;3;True
16635;2;4;2;True
16636;1;1;0;True
16637;2;4;2;True
16638;2;4;2;True
16639;4;9;5;True
16640;0;0;0;True
16641;2;4;2;True
16642;7;12;5;True
16643;0;0;0;True
16644;1;1;0;True
16645;4;12;8;True
16646;7;16;9;True
16647;3;6;3;True
16648;0;0;0;True
16649;4;6;2;True
16650;3;4;1;True
16651;4;9;5;True
16652;4;6;2;True
16653;6;12;6;True
16654;5;9;4;True
16655;4;9;5;True
16656;6;12;6;True
16657;5;6;1;True
16658;5;12;7;True
16659;5;12;7;True
16660;4;12;8;True
16661;3;9;6;True
16662;3;6;3;True
16663;3;6;3;True
16664;4;12;8;True
16665;4;6;2;True
16666;3;6;3;True
16667;0;0;0;True
16668;1;1;0;True
16669;1;1;0;True
16670;6;12;6;True
16671;7;9;2;True
16672;1;1;0;True
16673;5;6;1;True
16674;3;6;3;True
16675;1;1;0;True
16676;3;4;1;True
16677;4;12;8;True
16678;3;6;3;True
16679;3;6;3;True
16680;5;9;4;True
16681;5;9;4;True
16682;3;4;1;True
16683;6;12;6;True
16684;3;6;3;True
16685;6;12;6;True
16686;7;16;9;True
16687;4;8;4;True
16688;3;6;3;True
16689;6;9;3;True
16690;1;1;0;True
16691;2;4;2;True
16692;0;0;0;True
16693;6;12;6;True
16694;2;4;2;True
16695;3;4;1;True
16696;0;0;0;True
16697;0;0;0;True
16698;5;12;7;True
16699;4;8;4;True
16700;1;1;0;True
16701;6;16;10;True
16702;1;1;0;True
16703;2;4;2;True
16704;3;6;3;True
16705;6;16;10;True
16706;3;4;1;True
16707;2;4;2;True
16708;10;16;6;True
16709;6;12;6;True
16710;2;4;2;True
16711;1;1;0;True
16712;4;9;5;True
16713;4;8;4;True
16714;4;9;5;True
16715;1;1;0;True
16716;1;1;0;True
16717;5;12;7;True
16718;4;9;5;True
16719;3;6;3;True
16720;7;12;5;True
16721;2;2;0;True
16722;1;1;0;True
16723;1;1;0;True
16724;1;1;0;True
16725;2;4;2;True
16726;0;0;0;True
16727;3;6;3;True
16728;8;16;8;True
16729;1;1;0;True
16730;2;2;0;True
16731;1;1;0;True
16732;4;9;5;True
16733;2;2;0;True
16734;3;4;1;True
16735;1;1;0;True
16736;7;12;5;True
16737;2;4;2;True
16738;3;6;3;True
16739;4;8;4;True
16740;1;1;0;True
16741;6;9;3;True
16742;5;6;1;True
16743;0;0;0;True
16744;2;2;0;True
16745;3;4;1;True
16746;4;6;2;True
16747;2;2;0;True
16748;2;2;0;True
16749;0;0;0;True
16750;3;9;6;True
16751;2;4;2;True
16752;3;6;3;True
16753;5;12;7;True
16754;3;6;3;True
16755;2;4;2;True
16756;5;12;7;True
16757;9;16;7;True
16758;3;6;3;True
16759;3;4;1;True
16760;0;0;0;True
16761;3;6;3;True
16762;6;12;6;True
16763;6;16;10;True
16764;7;16;9;True
16765;1;1;0;True
16766;2;2;0;True
16767;4;8;4;True
16768;0;0;0;True
16769;7;16;9;True
16770;1;1;0;True
16771;6;16;10;True
16772;6;9;3;True
16773;1;1;0;True
16774;3;4;1;True
16775;1;1;0;True
16776;7;12;5;True
16777;2;2;0;True
16778;0;0;0;True
16779;4;16;12;True
16780;3;6;3;True
16781;6;8;2;True
16782;3;4;1;True
16783;6;12;6;True
16784;5;16;11;True
16785;3;6;3;True
16786;7;16;9;True
16787;0;0;0;True
16788;7;8;1;True
16789;4;6;2;True
16790;3;9;6;True
16791;0;0;0;True
16792;3;9;6;True
16793;5;8;3;True
16794;8;16;8;True
16795;2;2;0;True
16796;3;4;1;True
16797;0;0;0;True
16798;3;6;3;True
16799;0;0;0;True
16800;4;8;4;True
16801;0;0;0;True
16802;1;1;0;True
16803;4;9;5;True
16804;5;12;7;True
16805;4;9;5;True
16806;2;4;2;True
16807;3;6;3;True
16808;5;9;4;True
16809;5;9;4;True
16810;3;6;3;True
16811;3;6;3;True
16812;1;1;0;True
16813;5;9;4;True
16814;1;1;0;True
16815;1;1;0;True
16816;3;6;3;True
16817;3;4;1;True
16818;5;9;4;True
16819;6;16;10;True
16820;5;9;4;True
16821;4;9;5;True
16822;5;9;4;True
16823;4;9;5;True
16824;2;4;2;True
16825;10;16;6;True
16826;1;1;0;True
16827;6;9;3;True
16828;1;1;0;True
16829;5;12;7;True
16830;6;16;10;True
16831;2;2;0;True
16832;3;6;3;True
16833;5;12;7;True
16834;3;4;1;True
16835;5;12;7;True
16836;3;4;1;True
16837;7;12;5;True
16838;3;6;3;True
16839;6;16;10;True
16840;5;9;4;True
16841;7;16;9;True
16842;4;16;12;True
16843;4;9;5;True
16844;5;6;1;True
16845;2;4;2;True
16846;5;12;7;True
16847;2;4;2;True
16848;1;1;0;True
16849;1;1;0;True
16850;8;16;8;True
16851;1;1;0;True
16852;4;9;5;True
16853;8;12;4;True
16854;6;12;6;True
16855;6;16;10;True
16856;2;4;2;True
16857;8;16;8;True
16858;8;16;8;True
16859;4;12;8;True
16860;0;0;0;True
16861;7;12;5;True
16862;3;4;1;True
16863;5;9;4;True
16864;5;12;7;True
16865;4;6;2;True
16866;1;1;0;True
16867;6;12;6;True
16868;2;4;2;True
16869;5;16;11;True
16870;3;4;1;True
16871;4;6;2;True
16872;2;4;2;True
16873;0;0;0;True
16874;3;4;1;True
16875;3;6;3;True
16876;3;6;3;True
16877;4;6;2;True
16878;2;4;2;True
16879;7;12;5;True
16880;4;12;8;True
16881;5;8;3;True
16882;4;9;5;True
16883;4;9;5;True
16884;7;16;9;True
16885;2;2;0;True
16886;5;12;7;True
16887;1;1;0;True
16888;3;9;6;True
16889;2;4;2;True
16890;3;6;3;True
16891;7;16;9;True
16892;3;4;1;True
16893;6;9;3;True
16894;2;2;0;True
16895;5;12;7;True
16896;6;9;3;True
16897;5;12;7;True
16898;3;6;3;True
16899;2;4;2;True
16900;4;6;2;True
16901;6;8;2;True
16902;4;9;5;True
16903;1;1;0;True
16904;8;16;8;True
16905;4;6;2;True
16906;2;2;0;True
16907;2;2;0;True
16908;5;9;4;True
16909;8;12;4;True
16910;4;6;2;True
16911;5;12;7;True
16912;3;6;3;True
16913;2;4;2;True
16914;1;1;0;True
16915;6;16;10;True
16916;7;16;9;True
16917;3;4;1;True
16918;6;12;6;True
16919;5;6;1;True
16920;7;16;9;True
16921;3;4;1;True
16922;2;4;2;True
16923;4;6;2;True
16924;3;6;3;True
16925;1;1;0;True
16926;4;6;2;True
16927;1;1;0;True
16928;6;12;6;True
16929;5;12;7;True
16930;5;12;7;True
16931;8;16;8;True
16932;5;12;7;True
16933;5;9;4;True
16934;3;4;1;True
16935;5;12;7;True
16936;7;12;5;True
16937;7;16;9;True
16938;6;9;3;True
16939;6;9;3;True
16940;4;12;8;True
16941;1;1;0;True
16942;4;12;8;True
16943;1;1;0;True
16944;4;8;4;True
16945;1;1;0;True
16946;5;8;3;True
16947;3;9;6;True
16948;2;4;2;True
16949;3;6;3;True
16950;2;4;2;True
16951;3;9;6;True
16952;7;12;5;True
16953;1;1;0;True
16954;2;4;2;True
16955;6;12;6;True
16956;1;1;0;True
16957;6;16;10;True
16958;1;1;0;True
16959;4;6;2;True
16960;5;12;7;True
16961;5;9;4;True
16962;8;16;8;True
16963;5;9;4;True
16964;2;4;2;True
16965;2;4;2;True
16966;2;2;0;True
16967;5;12;7;True
16968;3;6;3;True
16969;7;16;9;True
16970;5;9;4;True
16971;1;1;0;True
16972;1;1;0;True
16973;7;16;9;True
16974;3;4;1;True
16975;4;9;5;True
16976;2;4;2;True
16977;5;12;7;True
16978;2;2;0;True
16979;2;2;0;True
16980;3;4;1;True
16981;3;6;3;True
16982;3;6;3;True
16983;7;9;2;True
16984;0;0;0;True
16985;5;12;7;True
16986;1;1;0;True
16987;3;4;1;True
16988;3;4;1;True
16989;4;8;4;True
16990;4;9;5;True
16991;7;16;9;True
16992;2;2;0;True
16993;4;6;2;True
16994;1;1;0;True
16995;0;0;0;True
16996;2;2;0;True
16997;2;4;2;True
16998;5;12;7;True
16999;1;1;0;True
17000;0;0;0;True
17001;3;4;1;True
17002;1;1;0;True
17003;1;1;0;True
17004;7;12;5;True
17005;3;6;3;True
17006;1;1;0;True
17007;5;12;7;True
17008;2;2;0;True
17009;6;16;10;True
17010;4;8;4;True
17011;2;4;2;True
17012;4;12;8;True
17013;3;6;3;True
17014;1;1;0;True
17015;2;4;2;True
17016;3;6;3;True
17017;1;1;0;True
17018;1;1;0;True
17019;1;1;0;True
17020;2;4;2;True
17021;3;6;3;True
17022;3;9;6;True
17023;7;12;5;True
17024;3;6;3;True
17025;7;16;9;True
17026;0;0;0;True
17027;2;4;2;True
17028;1;1;0;True
17029;3;4;1;True
17030;6;12;6;True
17031;2;2;0;True
17032;4;8;4;True
17033;2;2;0;True
17034;11;16;5;True
17035;2;2;0;True
17036;1;1;0;True
17037;7;12;5;True
17038;3;3;0;True
17039;6;16;10;True
17040;3;6;3;True
17041;5;9;4;True
17042;1;1;0;True
17043;6;12;6;True
17044;3;6;3;True
17045;6;16;10;True
17046;8;12;4;True
17047;2;2;0;True
17048;4;6;2;True
17049;8;16;8;True
17050;3;6;3;True
17051;0;0;0;True
17052;5;6;1;True
17053;3;4;1;True
17054;1;1;0;True
17055;3;6;3;True
17056;1;1;0;True
17057;5;6;1;True
17058;5;12;7;True
17059;3;6;3;True
17060;3;6;3;True
17061;3;3;0;True
17062;5;12;7;True
17063;3;9;6;True
17064;4;6;2;True
17065;11;16;5;True
17066;3;6;3;True
17067;0;0;0;True
17068;6;16;10;True
17069;2;2;0;True
17070;2;4;2;True
17071;1;1;0;True
17072;5;9;4;True
17073;0;0;0;True
17074;3;9;6;True
17075;1;1;0;True
17076;8;16;8;True
17077;1;1;0;True
17078;7;12;5;True
17079;1;1;0;True
17080;4;6;2;True
17081;3;9;6;True
17082;1;1;0;True
17083;8;16;8;True
17084;5;8;3;True
17085;2;2;0;True
17086;2;4;2;True
17087;5;9;4;True
17088;4;9;5;True
17089;2;4;2;True
17090;1;1;0;True
17091;5;16;11;True
17092;5;9;4;True
17093;4;12;8;True
17094;6;16;10;True
17095;4;6;2;True
17096;3;6;3;True
17097;6;9;3;True
17098;8;12;4;True
17099;0;0;0;True
17100;4;9;5;True
17101;3;6;3;True
17102;4;9;5;True
17103;5;8;3;True
17104;3;6;3;True
17105;3;4;1;True
17106;3;6;3;True
17107;3;4;1;True
17108;6;16;10;True
17109;6;16;10;True
17110;4;9;5;True
17111;6;16;10;True
17112;1;1;0;True
17113;4;6;2;True
17114;1;1;0;True
17115;5;16;11;True
17116;4;9;5;True
17117;5;12;7;True
17118;6;12;6;True
17119;1;1;0;True
17120;2;2;0;True
17121;1;1;0;True
17122;3;9;6;True
17123;1;1;0;True
17124;4;12;8;True
17125;4;6;2;True
17126;6;12;6;True
17127;6;12;6;True
17128;2;2;0;True
17129;3;6;3;True
17130;3;4;1;True
17131;4;8;4;True
17132;4;12;8;True
17133;2;2;0;True
17134;1;1;0;True
17135;0;0;0;True
17136;6;9;3;True
17137;4;9;5;True
17138;7;12;5;True
17139;3;9;6;True
17140;4;6;2;True
17141;4;6;2;True
17142;2;2;0;True
17143;1;1;0;True
17144;2;2;0;True
17145;2;4;2;True
17146;0;0;0;True
17147;4;9;5;True
17148;1;1;0;True
17149;1;1;0;True
17150;5;12;7;True
17151;5;9;4;True
17152;3;9;6;True
17153;2;2;0;True
17154;2;4;2;True
17155;4;8;4;True
17156;4;12;8;True
17157;5;9;4;True
17158;6;12;6;True
17159;5;9;4;True
17160;3;4;1;True
17161;1;1;0;True
17162;5;12;7;True
17163;3;6;3;True
17164;1;1;0;True
17165;5;8;3;True
17166;5;12;7;True
17167;5;9;4;True
17168;2;2;0;True
17169;4;6;2;True
17170;6;12;6;True
17171;3;9;6;True
17172;4;12;8;True
17173;10;16;6;True
17174;1;1;0;True
17175;7;12;5;True
17176;4;9;5;True
17177;6;12;6;True
17178;4;9;5;True
17179;3;6;3;True
17180;4;8;4;True
17181;2;2;0;True
17182;5;12;7;True
17183;8;16;8;True
17184;1;1;0;True
17185;5;9;4;True
17186;5;6;1;True
17187;6;12;6;True
17188;3;6;3;True
17189;2;4;2;True
17190;1;1;0;True
17191;6;16;10;True
17192;6;12;6;True
17193;8;12;4;True
17194;1;1;0;True
17195;6;16;10;True
17196;0;0;0;True
17197;4;6;2;True
17198;8;16;8;True
17199;4;6;2;True
17200;3;6;3;True
17201;4;6;2;True
17202;2;2;0;True
17203;1;1;0;True
17204;8;16;8;True
17205;2;4;2;True
17206;4;6;2;True
17207;0;0;0;True
17208;3;4;1;True
17209;0;0;0;True
17210;7;16;9;True
17211;5;12;7;True
17212;4;12;8;True
17213;3;6;3;True
17214;4;6;2;True
17215;3;4;1;True
17216;4;12;8;True
17217;5;12;7;True
17218;3;6;3;True
17219;4;9;5;True
17220;2;2;0;True
17221;8;16;8;True
17222;2;2;0;True
17223;7;12;5;True
17224;2;2;0;True
17225;5;6;1;True
17226;2;4;2;True
17227;3;6;3;True
17228;6;16;10;True
17229;1;1;0;True
17230;6;12;6;True
17231;3;6;3;True
17232;3;9;6;True
17233;4;9;5;True
17234;6;9;3;True
17235;6;12;6;True
17236;5;16;11;True
17237;0;0;0;True
17238;2;2;0;True
17239;7;12;5;True
17240;6;12;6;True
17241;5;9;4;True
17242;3;6;3;True
17243;4;9;5;True
17244;1;1;0;True
17245;0;0;0;True
17246;2;4;2;True
17247;4;9;5;True
17248;5;9;4;True
17249;2;4;2;True
17250;8;12;4;True
17251;4;8;4;True
17252;2;4;2;True
17253;9;12;3;True
17254;0;0;0;True
17255;3;6;3;True
17256;3;6;3;True
17257;6;12;6;True
17258;2;4;2;True
17259;6;12;6;True
17260;7;12;5;True
17261;5;12;7;True
17262;6;16;10;True
17263;7;12;5;True
17264;1;1;0;True
17265;5;9;4;True
17266;2;4;2;True
17267;3;4;1;True
17268;4;9;5;True
17269;2;4;2;True
17270;6;9;3;True
17271;0;0;0;True
17272;9;16;7;True
17273;6;8;2;True
17274;2;4;2;True
17275;4;12;8;True
17276;3;6;3;True
17277;2;2;0;True
17278;3;6;3;True
17279;4;12;8;True
17280;2;4;2;True
17281;3;6;3;True
17282;4;9;5;True
17283;6;12;6;True
17284;6;9;3;True
17285;2;2;0;True
17286;1;1;0;True
17287;4;9;5;True
17288;2;2;0;True
17289;7;16;9;True
17290;3;6;3;True
17291;5;16;11;True
17292;5;12;7;True
17293;8;12;4;True
17294;1;1;0;True
17295;0;0;0;True
17296;5;9;4;True
17297;2;2;0;True
17298;0;0;0;True
17299;2;4;2;True
17300;6;12;6;True
17301;3;6;3;True
17302;5;9;4;True
17303;3;4;1;True
17304;3;9;6;True
17305;5;6;1;True
17306;3;4;1;True
17307;3;6;3;True
17308;5;9;4;True
17309;1;1;0;True
17310;2;4;2;True
17311;1;1;0;True
17312;6;12;6;True
17313;6;12;6;True
17314;2;4;2;True
17315;6;12;6;True
17316;3;6;3;True
17317;3;6;3;True
17318;6;12;6;True
17319;7;16;9;True
17320;2;4;2;True
17321;1;1;0;True
17322;5;8;3;True
17323;1;1;0;True
17324;2;2;0;True
17325;6;12;6;True
17326;4;9;5;True
17327;2;2;0;True
17328;3;6;3;True
17329;7;16;9;True
17330;7;12;5;True
17331;2;4;2;True
17332;1;1;0;True
17333;3;4;1;True
17334;4;9;5;True
17335;5;8;3;True
17336;4;6;2;True
17337;7;12;5;True
17338;3;9;6;True
17339;1;1;0;True
17340;2;4;2;True
17341;2;2;0;True
17342;0;0;0;True
17343;3;6;3;True
17344;4;9;5;True
17345;6;12;6;True
17346;4;12;8;True
17347;7;12;5;True
17348;3;4;1;True
17349;4;6;2;True
17350;2;2;0;True
17351;3;6;3;True
17352;4;6;2;True
17353;3;6;3;True
17354;2;4;2;True
17355;2;4;2;True
17356;1;1;0;True
17357;7;12;5;True
17358;2;4;2;True
17359;3;4;1;True
17360;2;4;2;True
17361;5;12;7;True
17362;5;9;4;True
17363;5;6;1;True
17364;2;2;0;True
17365;3;9;6;True
17366;1;1;0;True
17367;2;4;2;True
17368;3;4;1;True
17369;2;4;2;True
17370;3;6;3;True
17371;2;4;2;True
17372;4;12;8;True
17373;4;6;2;True
17374;2;4;2;True
17375;8;12;4;True
17376;4;9;5;True
17377;7;12;5;True
17378;9;16;7;True
17379;4;6;2;True
17380;4;12;8;True
17381;8;16;8;True
17382;6;12;6;True
17383;7;16;9;True
17384;4;6;2;True
17385;4;6;2;True
17386;4;6;2;True
17387;0;0;0;True
17388;0;0;0;True
17389;5;9;4;True
17390;5;16;11;True
17391;1;1;0;True
17392;4;9;5;True
17393;4;6;2;True
17394;2;4;2;True
17395;6;16;10;True
17396;2;4;2;True
17397;4;9;5;True
17398;2;4;2;True
17399;0;0;0;True
17400;1;1;0;True
17401;3;6;3;True
17402;3;3;0;True
17403;5;9;4;True
17404;2;4;2;True
17405;5;16;11;True
17406;7;12;5;True
17407;2;4;2;True
17408;5;12;7;True
17409;4;6;2;True
17410;3;6;3;True
17411;1;1;0;True
17412;1;1;0;True
17413;2;2;0;True
17414;7;12;5;True
17415;3;9;6;True
17416;4;9;5;True
17417;6;12;6;True
17418;3;4;1;True
17419;3;6;3;True
17420;3;6;3;True
17421;4;6;2;True
17422;4;9;5;True
17423;4;6;2;True
17424;0;0;0;True
17425;8;16;8;True
17426;7;12;5;True
17427;5;9;4;True
17428;8;12;4;True
17429;3;6;3;True
17430;1;1;0;True
17431;3;4;1;True
17432;4;6;2;True
17433;6;12;6;True
17434;6;16;10;True
17435;2;2;0;True
17436;2;2;0;True
17437;5;12;7;True
17438;4;4;0;True
17439;2;2;0;True
17440;7;16;9;True
17441;2;4;2;True
17442;5;12;7;True
17443;5;12;7;True
17444;6;12;6;True
17445;1;1;0;True
17446;6;12;6;True
17447;5;9;4;True
17448;1;1;0;True
17449;6;12;6;True
17450;5;12;7;True
17451;5;12;7;True
17452;0;0;0;True
17453;2;2;0;True
17454;2;4;2;True
17455;5;12;7;True
17456;3;6;3;True
17457;2;4;2;True
17458;5;12;7;True
17459;1;1;0;True
17460;2;4;2;True
17461;6;16;10;True
17462;5;6;1;True
17463;0;0;0;True
17464;3;4;1;True
17465;5;12;7;True
17466;4;12;8;True
17467;5;12;7;True
17468;1;1;0;True
17469;5;6;1;True
17470;7;12;5;True
17471;4;6;2;True
17472;4;9;5;True
17473;1;1;0;True
17474;6;12;6;True
17475;4;6;2;True
17476;8;12;4;True
17477;3;4;1;True
17478;4;9;5;True
17479;4;8;4;True
17480;8;16;8;True
17481;6;12;6;True
17482;4;9;5;True
17483;4;6;2;True
17484;5;12;7;True
17485;2;4;2;True
17486;4;8;4;True
17487;9;16;7;True
17488;5;12;7;True
17489;3;9;6;True
17490;2;4;2;True
17491;1;1;0;True
17492;7;12;5;True
17493;4;12;8;True
17494;6;9;3;True
17495;4;12;8;True
17496;4;6;2;True
17497;2;4;2;True
17498;4;9;5;True
17499;3;6;3;True
17500;0;0;0;True
17501;5;12;7;True
17502;6;9;3;True
17503;2;2;0;True
17504;6;9;3;True
17505;2;2;0;True
17506;6;12;6;True
17507;2;4;2;True
17508;2;2;0;True
17509;1;1;0;True
17510;2;4;2;True
17511;5;8;3;True
17512;5;9;4;True
17513;3;6;3;True
17514;4;9;5;True
17515;7;16;9;True
17516;1;1;0;True
17517;7;16;9;True
17518;1;1;0;True
17519;5;9;4;True
17520;9;16;7;True
17521;5;12;7;True
17522;5;12;7;True
17523;5;9;4;True
17524;1;1;0;True
17525;3;6;3;True
17526;3;4;1;True
17527;3;6;3;True
17528;7;16;9;True
17529;4;6;2;True
17530;6;9;3;True
17531;2;4;2;True
17532;6;16;10;True
17533;5;12;7;True
17534;4;9;5;True
17535;2;4;2;True
17536;3;3;0;True
17537;6;8;2;True
17538;4;8;4;True
17539;0;0;0;True
17540;2;2;0;True
17541;1;1;0;True
17542;4;9;5;True
17543;1;1;0;True
17544;0;0;0;True
17545;0;0;0;True
17546;5;8;3;True
17547;1;1;0;True
17548;1;1;0;True
17549;7;16;9;True
17550;3;6;3;True
17551;8;16;8;True
17552;3;6;3;True
17553;1;1;0;True
17554;2;2;0;True
17555;3;6;3;True
17556;5;8;3;True
17557;4;8;4;True
17558;5;16;11;True
17559;1;1;0;True
17560;6;12;6;True
17561;3;9;6;True
17562;5;9;4;True
17563;4;9;5;True
17564;5;9;4;True
17565;3;3;0;True
17566;5;16;11;True
17567;7;16;9;True
17568;3;9;6;True
17569;2;2;0;True
17570;4;12;8;True
17571;2;4;2;True
17572;2;4;2;True
17573;4;9;5;True
17574;2;4;2;True
17575;1;1;0;True
17576;4;6;2;True
17577;3;9;6;True
17578;4;6;2;True
17579;3;6;3;True
17580;9;16;7;True
17581;3;6;3;True
17582;3;6;3;True
17583;1;1;0;True
17584;4;6;2;True
17585;6;9;3;True
17586;3;6;3;True
17587;1;1;0;True
17588;2;4;2;True
17589;1;1;0;True
17590;7;12;5;True
17591;6;16;10;True
17592;0;0;0;True
17593;5;12;7;True
17594;6;16;10;True
17595;5;9;4;True
17596;6;12;6;True
17597;3;6;3;True
17598;2;4;2;True
17599;8;16;8;True
17600;0;0;0;True
17601;6;8;2;True
17602;1;1;0;True
17603;4;6;2;True
17604;6;6;0;True
17605;2;4;2;True
17606;0;0;0;True
17607;2;4;2;True
17608;2;2;0;True
17609;5;12;7;True
17610;1;1;0;True
17611;5;9;4;True
17612;5;9;4;True
17613;4;12;8;True
17614;6;12;6;True
17615;6;16;10;True
17616;7;16;9;True
17617;4;6;2;True
17618;5;9;4;True
17619;3;6;3;True
17620;8;16;8;True
17621;3;6;3;True
17622;0;0;0;True
17623;3;9;6;True
17624;6;12;6;True
17625;5;9;4;True
17626;6;12;6;True
17627;7;16;9;True
17628;0;0;0;True
17629;8;12;4;True
17630;8;16;8;True
17631;2;4;2;True
17632;1;1;0;True
17633;4;9;5;True
17634;2;4;2;True
17635;0;0;0;True
17636;4;6;2;True
17637;3;9;6;True
17638;4;9;5;True
17639;3;9;6;True
17640;3;6;3;True
17641;3;4;1;True
17642;7;16;9;True
17643;10;16;6;True
17644;7;12;5;True
17645;2;4;2;True
17646;7;16;9;True
17647;5;9;4;True
17648;2;2;0;True
17649;1;1;0;True
17650;2;2;0;True
17651;2;4;2;True
17652;4;9;5;True
17653;3;4;1;True
17654;5;6;1;True
17655;6;16;10;True
17656;3;4;1;True
17657;2;4;2;True
17658;7;12;5;True
17659;1;1;0;True
17660;3;4;1;True
17661;5;12;7;True
17662;2;4;2;True
17663;5;6;1;True
17664;4;6;2;True
17665;3;6;3;True
17666;0;0;0;True
17667;4;6;2;True
17668;8;16;8;True
17669;1;1;0;True
17670;7;16;9;True
17671;2;4;2;True
17672;4;9;5;True
17673;8;16;8;True
17674;4;6;2;True
17675;1;1;0;True
17676;3;6;3;True
17677;4;9;5;True
17678;5;9;4;True
17679;3;9;6;True
17680;3;6;3;True
17681;6;9;3;True
17682;2;4;2;True
17683;5;8;3;True
17684;9;12;3;True
17685;4;12;8;True
17686;4;8;4;True
17687;5;12;7;True
17688;1;1;0;True
17689;4;9;5;True
17690;7;16;9;True
17691;4;6;2;True
17692;6;16;10;True
17693;3;6;3;True
17694;2;2;0;True
17695;5;8;3;True
17696;0;0;0;True
17697;4;6;2;True
17698;1;1;0;True
17699;4;9;5;True
17700;3;3;0;True
17701;4;12;8;True
17702;3;3;0;True
17703;2;2;0;True
17704;4;9;5;True
17705;7;12;5;True
17706;4;12;8;True
17707;2;4;2;True
17708;0;0;0;True
17709;1;1;0;True
17710;1;1;0;True
17711;6;16;10;True
17712;2;4;2;True
17713;0;0;0;True
17714;5;16;11;True
17715;2;2;0;True
17716;4;12;8;True
17717;6;16;10;True
17718;7;12;5;True
17719;1;1;0;True
17720;4;8;4;True
17721;3;6;3;True
17722;7;16;9;True
17723;2;2;0;True
17724;4;6;2;True
17725;6;8;2;True
17726;6;12;6;True
17727;3;6;3;True
17728;5;12;7;True
17729;4;9;5;True
17730;5;12;7;True
17731;1;1;0;True
17732;8;16;8;True
17733;2;2;0;True
17734;5;12;7;True
17735;2;2;0;True
17736;3;6;3;True
17737;3;6;3;True
17738;5;12;7;True
17739;4;9;5;True
17740;10;16;6;True
17741;0;0;0;True
17742;1;1;0;True
17743;7;12;5;True
17744;2;4;2;True
17745;3;9;6;True
17746;3;9;6;True
17747;8;12;4;True
17748;2;4;2;True
17749;4;9;5;True
17750;4;6;2;True
17751;0;0;0;True
17752;2;4;2;True
17753;2;4;2;True
17754;3;6;3;True
17755;2;4;2;True
17756;2;4;2;True
17757;2;4;2;True
17758;1;1;0;True
17759;1;1;0;True
17760;6;16;10;True
17761;11;16;5;True
17762;1;1;0;True
17763;4;9;5;True
17764;8;16;8;True
17765;4;6;2;True
17766;3;6;3;True
17767;1;1;0;True
17768;2;2;0;True
17769;5;9;4;True
17770;6;12;6;True
17771;5;9;4;True
17772;5;12;7;True
17773;2;4;2;True
17774;8;16;8;True
17775;2;4;2;True
17776;4;8;4;True
17777;5;12;7;True
17778;6;12;6;True
17779;2;2;0;True
17780;4;9;5;True
17781;8;16;8;True
17782;7;12;5;True
17783;1;1;0;True
17784;8;16;8;True
17785;7;16;9;True
17786;2;2;0;True
17787;0;0;0;True
17788;3;6;3;True
17789;3;9;6;True
17790;3;9;6;True
17791;1;1;0;True
17792;6;12;6;True
17793;2;4;2;True
17794;4;6;2;True
17795;3;9;6;True
17796;5;9;4;True
17797;5;12;7;True
17798;5;12;7;True
17799;12;16;4;True
17800;3;4;1;True
17801;9;16;7;True
17802;5;9;4;True
17803;3;6;3;True
17804;5;8;3;True
17805;5;16;11;True
17806;3;4;1;True
17807;3;4;1;True
17808;7;12;5;True
17809;2;2;0;True
17810;6;8;2;True
17811;8;12;4;True
17812;3;9;6;True
17813;1;1;0;True
17814;4;12;8;True
17815;2;2;0;True
17816;1;1;0;True
17817;4;9;5;True
17818;2;4;2;True
17819;7;12;5;True
17820;0;0;0;True
17821;4;12;8;True
17822;4;9;5;True
17823;6;12;6;True
17824;8;16;8;True
17825;4;12;8;True
17826;7;16;9;True
17827;5;12;7;True
17828;10;16;6;True
17829;4;9;5;True
17830;1;1;0;True
17831;5;9;4;True
17832;4;6;2;True
17833;7;16;9;True
17834;3;9;6;True
17835;0;0;0;True
17836;5;12;7;True
17837;7;16;9;True
17838;3;4;1;True
17839;3;9;6;True
17840;3;4;1;True
17841;1;1;0;True
17842;1;1;0;True
17843;4;4;0;True
17844;4;9;5;True
17845;4;6;2;True
17846;5;9;4;True
17847;3;9;6;True
17848;6;12;6;True
17849;1;1;0;True
17850;3;6;3;True
17851;3;6;3;True
17852;9;12;3;True
17853;1;1;0;True
17854;2;2;0;True
17855;4;9;5;True
17856;0;0;0;True
17857;9;16;7;True
17858;3;6;3;True
17859;2;2;0;True
17860;7;16;9;True
17861;9;16;7;True
17862;6;9;3;True
17863;9;16;7;True
17864;0;0;0;True
17865;5;12;7;True
17866;5;12;7;True
17867;4;9;5;True
17868;1;1;0;True
17869;3;4;1;True
17870;3;4;1;True
17871;3;6;3;True
17872;8;16;8;True
17873;1;1;0;True
17874;6;12;6;True
17875;2;4;2;True
17876;2;4;2;True
17877;3;9;6;True
17878;3;6;3;True
17879;3;6;3;True
17880;4;6;2;True
17881;1;1;0;True
17882;4;6;2;True
17883;2;2;0;True
17884;5;16;11;True
17885;1;1;0;True
17886;5;16;11;True
17887;5;9;4;True
17888;1;1;0;True
17889;4;9;5;True
17890;6;9;3;True
17891;0;0;0;True
17892;3;9;6;True
17893;4;8;4;True
17894;5;9;4;True
17895;0;0;0;True
17896;3;6;3;True
17897;4;9;5;True
17898;6;12;6;True
17899;3;6;3;True
17900;5;9;4;True
17901;3;6;3;True
17902;7;16;9;True
17903;6;16;10;True
17904;3;4;1;True
17905;8;12;4;True
17906;2;4;2;True
17907;2;2;0;True
17908;6;12;6;True
17909;1;1;0;True
17910;5;12;7;True
17911;6;16;10;True
17912;6;12;6;True
17913;5;8;3;True
17914;0;0;0;True
17915;3;3;0;True
17916;3;3;0;True
17917;3;6;3;True
17918;4;12;8;True
17919;4;9;5;True
17920;4;6;2;True
17921;7;12;5;True
17922;5;12;7;True
17923;5;6;1;True
17924;6;9;3;True
17925;3;6;3;True
17926;4;6;2;True
17927;2;2;0;True
17928;4;6;2;True
17929;2;4;2;True
17930;0;0;0;True
17931;3;6;3;True
17932;5;8;3;True
17933;0;0;0;True
17934;0;0;0;True
17935;3;3;0;True
17936;6;12;6;True
17937;5;12;7;True
17938;4;6;2;True
17939;11;16;5;True
17940;6;9;3;True
17941;5;12;7;True
17942;1;1;0;True
17943;7;12;5;True
17944;0;0;0;True
17945;4;6;2;True
17946;7;12;5;True
17947;6;12;6;True
17948;6;12;6;True
17949;4;9;5;True
17950;2;2;0;True
17951;5;9;4;True
17952;3;6;3;True
17953;1;1;0;True
17954;2;4;2;True
17955;1;1;0;True
17956;4;9;5;True
17957;2;4;2;True
17958;3;4;1;True
17959;1;1;0;True
17960;5;9;4;True
17961;8;12;4;True
17962;4;6;2;True
17963;4;6;2;True
17964;4;8;4;True
17965;5;12;7;True
17966;5;9;4;True
17967;5;9;4;True
17968;2;2;0;True
17969;2;4;2;True
17970;10;16;6;True
17971;0;0;0;True
17972;3;4;1;True
17973;0;0;0;True
17974;0;0;0;True
17975;5;9;4;True
17976;2;2;0;True
17977;7;16;9;True
17978;7;12;5;True
17979;2;4;2;True
17980;4;9;5;True
17981;5;9;4;True
17982;5;12;7;True
17983;8;16;8;True
17984;1;1;0;True
17985;1;1;0;True
17986;2;4;2;True
17987;0;0;0;True
17988;3;4;1;True
17989;1;1;0;True
17990;2;4;2;True
17991;1;1;0;True
17992;3;6;3;True
17993;0;0;0;True
17994;3;6;3;True
17995;4;8;4;True
17996;5;12;7;True
17997;6;16;10;True
17998;6;9;3;True
17999;3;6;3;True
18000;1;1;0;True
18001;3;6;3;True
18002;5;12;7;True
18003;3;3;0;True
18004;2;4;2;True
18005;7;16;9;True
18006;4;9;5;True
18007;5;9;4;True
18008;5;9;4;True
18009;7;16;9;True
18010;3;6;3;True
18011;3;6;3;True
18012;5;9;4;True
18013;2;2;0;True
18014;4;9;5;True
18015;7;16;9;True
18016;4;6;2;True
18017;0;0;0;True
18018;8;16;8;True
18019;3;6;3;True
18020;5;9;4;True
18021;5;9;4;True
18022;2;4;2;True
18023;2;2;0;True
18024;3;4;1;True
18025;8;16;8;True
18026;2;4;2;True
18027;5;9;4;True
18028;6;16;10;True
18029;2;2;0;True
18030;0;0;0;True
18031;3;4;1;True
18032;3;6;3;True
18033;0;0;0;True
18034;4;12;8;True
18035;0;0;0;True
18036;6;12;6;True
18037;8;16;8;True
18038;0;0;0;True
18039;6;16;10;True
18040;6;9;3;True
18041;8;16;8;True
18042;3;4;1;True
18043;5;12;7;True
18044;2;4;2;True
18045;2;4;2;True
18046;4;12;8;True
18047;2;4;2;True
18048;2;2;0;True
18049;3;9;6;True
18050;12;16;4;True
18051;4;9;5;True
18052;6;12;6;True
18053;3;6;3;True
18054;6;8;2;True
18055;1;1;0;True
18056;3;4;1;True
18057;7;16;9;True
18058;4;12;8;True
18059;1;1;0;True
18060;2;2;0;True
18061;4;6;2;True
18062;2;4;2;True
18063;7;16;9;True
18064;5;9;4;True
18065;2;4;2;True
18066;0;0;0;True
18067;3;4;1;True
18068;4;6;2;True
18069;5;16;11;True
18070;6;12;6;True
18071;2;4;2;True
18072;2;2;0;True
18073;1;1;0;True
18074;3;4;1;True
18075;4;9;5;True
18076;4;6;2;True
18077;5;8;3;True
18078;4;6;2;True
18079;8;12;4;True
18080;4;9;5;True
18081;1;1;0;True
18082;5;12;7;True
18083;4;9;5;True
18084;0;0;0;True
18085;0;0;0;True
18086;0;0;0;True
18087;0;0;0;True
18088;2;2;0;True
18089;5;9;4;True
18090;6;12;6;True
18091;1;1;0;True
18092;5;9;4;True
18093;3;6;3;True
18094;2;4;2;True
18095;6;12;6;True
18096;3;6;3;True
18097;4;12;8;True
18098;5;12;7;True
18099;4;6;2;True
18100;2;4;2;True
18101;2;4;2;True
18102;5;9;4;True
18103;8;16;8;True
18104;12;16;4;True
18105;1;1;0;True
18106;6;16;10;True
18107;6;12;6;True
18108;2;4;2;True
18109;6;16;10;True
18110;8;12;4;True
18111;8;16;8;True
18112;2;2;0;True
18113;8;16;8;True
18114;1;1;0;True
18115;6;8;2;True
18116;5;12;7;True
18117;2;4;2;True
18118;3;6;3;True
18119;4;9;5;True
18120;2;4;2;True
18121;4;9;5;True
18122;2;4;2;True
18123;4;12;8;True
18124;2;4;2;True
18125;6;16;10;True
18126;1;1;0;True
18127;0;0;0;True
18128;4;6;2;True
18129;2;2;0;True
18130;3;9;6;True
18131;5;12;7;True
18132;5;16;11;True
18133;5;8;3;True
18134;3;6;3;True
18135;2;4;2;True
18136;2;4;2;True
18137;3;4;1;True
18138;2;4;2;True
18139;4;9;5;True
18140;5;12;7;True
18141;1;1;0;True
18142;5;6;1;True
18143;5;6;1;True
18144;0;0;0;True
18145;6;8;2;True
18146;0;0;0;True
18147;6;12;6;True
18148;3;9;6;True
18149;3;6;3;True
18150;5;9;4;True
18151;2;4;2;True
18152;4;9;5;True
18153;7;16;9;True
18154;5;9;4;True
18155;6;9;3;True
18156;2;2;0;True
18157;5;12;7;True
18158;7;16;9;True
18159;10;16;6;True
18160;2;4;2;True
18161;4;6;2;True
18162;1;1;0;True
18163;2;2;0;True
18164;0;0;0;True
18165;1;1;0;True
18166;3;9;6;True
18167;7;16;9;True
18168;7;12;5;True
18169;1;1;0;True
18170;6;12;6;True
18171;0;0;0;True
18172;2;4;2;True
18173;5;6;1;True
18174;2;4;2;True
18175;3;9;6;True
18176;3;3;0;True
18177;3;6;3;True
18178;3;6;3;True
18179;4;9;5;True
18180;4;12;8;True
18181;7;12;5;True
18182;6;12;6;True
18183;3;9;6;True
18184;6;12;6;True
18185;5;9;4;True
18186;2;4;2;True
18187;3;6;3;True
18188;8;16;8;True
18189;7;12;5;True
18190;4;9;5;True
18191;0;0;0;True
18192;6;16;10;True
18193;2;2;0;True
18194;7;12;5;True
18195;8;16;8;True
18196;8;16;8;True
18197;1;1;0;True
18198;6;6;0;True
18199;0;0;0;True
18200;2;2;0;True
18201;1;1;0;True
18202;8;12;4;True
18203;2;4;2;True
18204;2;4;2;True
18205;6;16;10;True
18206;5;12;7;True
18207;3;3;0;True
18208;6;12;6;True
18209;7;12;5;True
18210;4;12;8;True
18211;3;6;3;True
18212;4;9;5;True
18213;1;1;0;True
18214;7;16;9;True
18215;8;16;8;True
18216;0;0;0;True
18217;4;6;2;True
18218;2;2;0;True
18219;4;9;5;True
18220;2;2;0;True
18221;8;16;8;True
18222;3;9;6;True
18223;9;16;7;True
18224;1;1;0;True
18225;0;0;0;True
18226;4;8;4;True
18227;5;12;7;True
18228;4;4;0;True
18229;2;2;0;True
18230;5;6;1;True
18231;4;6;2;True
18232;2;4;2;True
18233;0;0;0;True
18234;2;2;0;True
18235;5;8;3;True
18236;5;16;11;True
18237;2;4;2;True
18238;3;9;6;True
18239;3;4;1;True
18240;3;6;3;True
18241;4;6;2;True
18242;4;9;5;True
18243;6;16;10;True
18244;1;1;0;True
18245;2;4;2;True
18246;3;6;3;True
18247;0;0;0;True
18248;4;9;5;True
18249;4;8;4;True
18250;1;1;0;True
18251;3;6;3;True
18252;3;3;0;True
18253;2;2;0;True
18254;6;16;10;True
18255;9;16;7;True
18256;1;1;0;True
18257;1;1;0;True
18258;2;4;2;True
18259;2;2;0;True
18260;5;16;11;True
18261;5;9;4;True
18262;5;12;7;True
18263;5;16;11;True
18264;4;6;2;True
18265;0;0;0;True
18266;3;9;6;True
18267;0;0;0;True
18268;1;1;0;True
18269;3;6;3;True
18270;6;16;10;True
18271;4;6;2;True
18272;5;9;4;True
18273;2;2;0;True
18274;1;1;0;True
18275;1;1;0;True
18276;4;9;5;True
18277;1;1;0;True
18278;2;4;2;True
18279;4;6;2;True
18280;3;9;6;True
18281;5;8;3;True
18282;2;2;0;True
18283;1;1;0;True
18284;3;6;3;True
18285;3;6;3;True
18286;9;16;7;True
18287;5;12;7;True
18288;3;6;3;True
18289;2;4;2;True
18290;3;6;3;True
18291;2;4;2;True
18292;1;1;0;True
18293;2;4;2;True
18294;1;1;0;True
18295;6;12;6;True
18296;4;6;2;True
18297;1;1;0;True
18298;5;12;7;True
18299;1;1;0;True
18300;3;6;3;True
18301;4;9;5;True
18302;9;16;7;True
18303;7;12;5;True
18304;3;6;3;True
18305;3;4;1;True
18306;1;1;0;True
18307;2;2;0;True
18308;7;16;9;True
18309;2;4;2;True
18310;5;12;7;True
18311;1;1;0;True
18312;4;12;8;True
18313;3;6;3;True
18314;3;6;3;True
18315;7;16;9;True
18316;3;6;3;True
18317;2;4;2;True
18318;4;6;2;True
18319;1;1;0;True
18320;3;4;1;True
18321;1;1;0;True
18322;2;4;2;True
18323;5;12;7;True
18324;1;1;0;True
18325;3;6;3;True
18326;4;9;5;True
18327;1;1;0;True
18328;8;16;8;True
18329;2;4;2;True
18330;4;9;5;True
18331;2;4;2;True
18332;3;9;6;True
18333;2;4;2;True
18334;0;0;0;True
18335;5;12;7;True
18336;0;0;0;True
18337;4;12;8;True
18338;3;3;0;True
18339;3;9;6;True
18340;4;12;8;True
18341;4;9;5;True
18342;4;6;2;True
18343;0;0;0;True
18344;3;4;1;True
18345;4;6;2;True
18346;2;4;2;True
18347;1;1;0;True
18348;4;12;8;True
18349;3;6;3;True
18350;2;4;2;True
18351;4;6;2;True
18352;3;4;1;True
18353;7;12;5;True
18354;2;4;2;True
18355;1;1;0;True
18356;3;6;3;True
18357;7;12;5;True
18358;7;16;9;True
18359;2;4;2;True
18360;4;12;8;True
18361;5;8;3;True
18362;6;12;6;True
18363;7;12;5;True
18364;5;12;7;True
18365;5;9;4;True
18366;3;6;3;True
18367;2;4;2;True
18368;1;1;0;True
18369;3;4;1;True
18370;1;1;0;True
18371;1;1;0;True
18372;1;1;0;True
18373;9;16;7;True
18374;4;12;8;True
18375;5;12;7;True
18376;1;1;0;True
18377;2;2;0;True
18378;7;16;9;True
18379;6;16;10;True
18380;7;16;9;True
18381;1;1;0;True
18382;2;4;2;True
18383;5;8;3;True
18384;7;12;5;True
18385;1;1;0;True
18386;1;1;0;True
18387;4;9;5;True
18388;3;9;6;True
18389;3;6;3;True
18390;2;4;2;True
18391;5;8;3;True
18392;8;16;8;True
18393;4;6;2;True
18394;1;1;0;True
18395;5;16;11;True
18396;3;9;6;True
18397;1;1;0;True
18398;2;2;0;True
18399;8;16;8;True
18400;1;1;0;True
18401;4;9;5;True
18402;2;4;2;True
18403;2;4;2;True
18404;2;2;0;True
18405;4;9;5;True
18406;0;0;0;True
18407;5;9;4;True
18408;3;3;0;True
18409;0;0;0;True
18410;8;16;8;True
18411;9;16;7;True
18412;3;6;3;True
18413;5;12;7;True
18414;3;6;3;True
18415;3;9;6;True
18416;4;9;5;True
18417;5;12;7;True
18418;1;1;0;True
18419;2;2;0;True
18420;1;1;0;True
18421;4;6;2;True
18422;7;16;9;True
18423;1;1;0;True
18424;1;1;0;True
18425;5;9;4;True
18426;7;16;9;True
18427;3;9;6;True
18428;7;12;5;True
18429;5;12;7;True
18430;8;16;8;True
18431;3;4;1;True
18432;6;12;6;True
18433;4;12;8;True
18434;6;16;10;True
18435;6;12;6;True
18436;1;1;0;True
18437;6;12;6;True
18438;0;0;0;True
18439;2;4;2;True
18440;5;12;7;True
18441;5;16;11;True
18442;4;12;8;True
18443;6;12;6;True
18444;7;12;5;True
18445;9;16;7;True
18446;7;16;9;True
18447;6;12;6;True
18448;2;2;0;True
18449;2;4;2;True
18450;5;12;7;True
18451;6;16;10;True
18452;10;16;6;True
18453;1;1;0;True
18454;5;12;7;True
18455;1;1;0;True
18456;7;16;9;True
18457;5;12;7;True
18458;5;9;4;True
18459;4;9;5;True
18460;1;1;0;True
18461;3;9;6;True
18462;6;12;6;True
18463;5;9;4;True
18464;4;8;4;True
18465;5;12;7;True
18466;6;9;3;True
18467;4;6;2;True
18468;2;4;2;True
18469;2;2;0;True
18470;2;2;0;True
18471;3;3;0;True
18472;3;6;3;True
18473;3;6;3;True
18474;1;1;0;True
18475;4;6;2;True
18476;6;8;2;True
18477;3;6;3;True
18478;3;9;6;True
18479;7;12;5;True
18480;6;12;6;True
18481;1;1;0;True
18482;2;4;2;True
18483;5;9;4;True
18484;1;1;0;True
18485;2;4;2;True
18486;6;12;6;True
18487;3;3;0;True
18488;2;4;2;True
18489;2;4;2;True
18490;3;6;3;True
18491;2;4;2;True
18492;3;6;3;True
18493;4;9;5;True
18494;4;6;2;True
18495;3;6;3;True
18496;0;0;0;True
18497;3;4;1;True
18498;4;8;4;True
18499;4;4;0;True
18500;5;12;7;True
18501;3;6;3;True
18502;4;6;2;True
18503;3;9;6;True
18504;3;9;6;True
18505;0;0;0;True
18506;1;1;0;True
18507;6;8;2;True
18508;2;4;2;True
18509;5;9;4;True
18510;5;9;4;True
18511;3;4;1;True
18512;6;12;6;True
18513;4;9;5;True
18514;1;1;0;True
18515;3;4;1;True
18516;0;0;0;True
18517;6;12;6;True
18518;3;4;1;True
18519;3;4;1;True
18520;2;2;0;True
18521;2;4;2;True
18522;2;2;0;True
18523;0;0;0;True
18524;2;4;2;True
18525;1;1;0;True
18526;0;0;0;True
18527;7;12;5;True
18528;6;12;6;True
18529;1;1;0;True
18530;4;8;4;True
18531;5;12;7;True
18532;2;2;0;True
18533;6;16;10;True
18534;7;12;5;True
18535;4;9;5;True
18536;6;9;3;True
18537;1;1;0;True
18538;1;1;0;True
18539;6;16;10;True
18540;2;2;0;True
18541;1;1;0;True
18542;3;6;3;True
18543;7;16;9;True
18544;7;12;5;True
18545;5;16;11;True
18546;6;12;6;True
18547;4;16;12;True
18548;2;4;2;True
18549;2;4;2;True
18550;5;9;4;True
18551;4;8;4;True
18552;3;4;1;True
18553;5;16;11;True
18554;4;6;2;True
18555;6;8;2;True
18556;1;1;0;True
18557;6;9;3;True
18558;1;1;0;True
18559;6;12;6;True
18560;7;16;9;True
18561;6;16;10;True
18562;8;16;8;True
18563;3;9;6;True
18564;8;12;4;True
18565;2;2;0;True
18566;3;6;3;True
18567;8;16;8;True
18568;2;2;0;True
18569;2;2;0;True
18570;5;12;7;True
18571;4;9;5;True
18572;1;1;0;True
18573;4;12;8;True
18574;4;9;5;True
18575;8;12;4;True
18576;3;9;6;True
18577;2;2;0;True
18578;5;12;7;True
18579;1;1;0;True
18580;2;2;0;True
18581;2;4;2;True
18582;6;12;6;True
18583;1;1;0;True
18584;2;4;2;True
18585;4;8;4;True
18586;5;12;7;True
18587;4;8;4;True
18588;4;9;5;True
18589;4;8;4;True
18590;4;8;4;True
18591;6;12;6;True
18592;2;4;2;True
18593;8;16;8;True
18594;4;9;5;True
18595;6;12;6;True
18596;4;8;4;True
18597;2;4;2;True
18598;0;0;0;True
18599;4;8;4;True
18600;2;4;2;True
18601;5;12;7;True
18602;6;16;10;True
18603;1;1;0;True
18604;1;1;0;True
18605;5;12;7;True
18606;5;12;7;True
18607;2;4;2;True
18608;2;4;2;True
18609;4;9;5;True
18610;2;4;2;True
18611;3;6;3;True
18612;2;4;2;True
18613;3;6;3;True
18614;1;1;0;True
18615;3;9;6;True
18616;2;2;0;True
18617;0;0;0;True
18618;1;1;0;True
18619;5;8;3;True
18620;2;4;2;True
18621;4;9;5;True
18622;3;6;3;True
18623;5;9;4;True
18624;0;0;0;True
18625;4;9;5;True
18626;3;6;3;True
18627;4;8;4;True
18628;1;1;0;True
18629;2;4;2;True
18630;2;2;0;True
18631;5;16;11;True
18632;4;6;2;True
18633;8;12;4;True
18634;2;4;2;True
18635;0;0;0;True
18636;5;9;4;True
18637;6;9;3;True
18638;4;12;8;True
18639;0;0;0;True
18640;5;9;4;True
18641;3;4;1;True
18642;8;16;8;True
18643;8;12;4;True
18644;4;12;8;True
18645;3;6;3;True
18646;2;2;0;True
18647;2;4;2;True
18648;7;16;9;True
18649;0;0;0;True
18650;2;2;0;True
18651;5;8;3;True
18652;2;4;2;True
18653;1;1;0;True
18654;1;1;0;True
18655;3;9;6;True
18656;1;1;0;True
18657;6;12;6;True
18658;1;1;0;True
18659;3;4;1;True
18660;3;4;1;True
18661;0;0;0;True
18662;3;6;3;True
18663;2;4;2;True
18664;5;12;7;True
18665;5;9;4;True
18666;4;9;5;True
18667;0;0;0;True
18668;0;0;0;True
18669;4;6;2;True
18670;2;4;2;True
18671;0;0;0;True
18672;1;1;0;True
18673;2;4;2;True
18674;2;4;2;True
18675;1;1;0;True
18676;0;0;0;True
18677;4;12;8;True
18678;3;6;3;True
18679;4;12;8;True
18680;1;1;0;True
18681;5;9;4;True
18682;3;4;1;True
18683;1;1;0;True
18684;1;1;0;True
18685;3;4;1;True
18686;6;12;6;True
18687;4;9;5;True
18688;5;12;7;True
18689;7;12;5;True
18690;6;12;6;True
18691;4;9;5;True
18692;2;2;0;True
18693;5;12;7;True
18694;4;8;4;True
18695;4;6;2;True
18696;3;6;3;True
18697;2;4;2;True
18698;4;6;2;True
18699;5;9;4;True
18700;6;12;6;True
18701;5;16;11;True
18702;1;1;0;True
18703;4;6;2;True
18704;9;16;7;True
18705;0;0;0;True
18706;2;4;2;True
18707;6;12;6;True
18708;6;12;6;True
18709;3;6;3;True
18710;1;1;0;True
18711;4;6;2;True
18712;7;16;9;True
18713;5;12;7;True
18714;5;12;7;True
18715;4;6;2;True
18716;9;16;7;True
18717;6;12;6;True
18718;5;9;4;True
18719;6;16;10;True
18720;1;1;0;True
18721;0;0;0;True
18722;5;9;4;True
18723;4;9;5;True
18724;2;2;0;True
18725;1;1;0;True
18726;1;1;0;True
18727;1;1;0;True
18728;6;12;6;True
18729;0;0;0;True
18730;6;12;6;True
18731;6;16;10;True
18732;7;16;9;True
18733;3;9;6;True
18734;2;4;2;True
18735;5;12;7;True
18736;6;12;6;True
18737;2;4;2;True
18738;4;6;2;True
18739;9;16;7;True
18740;2;4;2;True
18741;1;1;0;True
18742;5;9;4;True
18743;2;4;2;True
18744;7;12;5;True
18745;4;9;5;True
18746;3;6;3;True
18747;6;12;6;True
18748;3;4;1;True
18749;4;9;5;True
18750;5;12;7;True
18751;8;16;8;True
18752;9;16;7;True
18753;2;2;0;True
18754;2;4;2;True
18755;0;0;0;True
18756;2;2;0;True
18757;3;6;3;True
18758;0;0;0;True
18759;6;16;10;True
18760;1;1;0;True
18761;4;4;0;True
18762;7;12;5;True
18763;1;1;0;True
18764;2;2;0;True
18765;4;6;2;True
18766;4;12;8;True
18767;7;16;9;True
18768;2;4;2;True
18769;0;0;0;True
18770;3;4;1;True
18771;6;16;10;True
18772;6;12;6;True
18773;6;16;10;True
18774;6;16;10;True
18775;2;4;2;True
18776;3;9;6;True
18777;6;16;10;True
18778;1;1;0;True
18779;3;3;0;True
18780;7;16;9;True
18781;6;16;10;True
18782;9;16;7;True
18783;3;4;1;True
18784;5;12;7;True
18785;2;4;2;True
18786;1;1;0;True
18787;3;6;3;True
18788;0;0;0;True
18789;6;12;6;True
18790;5;16;11;True
18791;0;0;0;True
18792;7;16;9;True
18793;3;6;3;True
18794;1;1;0;True
18795;3;3;0;True
18796;4;9;5;True
18797;2;4;2;True
18798;2;2;0;True
18799;3;6;3;True
18800;2;4;2;True
18801;1;1;0;True
18802;4;12;8;True
18803;1;1;0;True
18804;2;4;2;True
18805;6;12;6;True
18806;1;1;0;True
18807;1;1;0;True
18808;5;12;7;True
18809;6;9;3;True
18810;2;4;2;True
18811;4;6;2;True
18812;4;6;2;True
18813;0;0;0;True
18814;2;4;2;True
18815;3;4;1;True
18816;1;1;0;True
18817;5;16;11;True
18818;8;16;8;True
18819;12;16;4;True
18820;3;6;3;True
18821;3;9;6;True
18822;5;9;4;True
18823;3;6;3;True
18824;4;12;8;True
18825;3;6;3;True
18826;5;12;7;True
18827;8;16;8;True
18828;2;2;0;True
18829;5;12;7;True
18830;2;4;2;True
18831;6;16;10;True
18832;0;0;0;True
18833;7;12;5;True
18834;4;8;4;True
18835;0;0;0;True
18836;2;4;2;True
18837;4;9;5;True
18838;3;4;1;True
18839;7;16;9;True
18840;3;6;3;True
18841;5;12;7;True
18842;5;9;4;True
18843;2;4;2;True
18844;3;9;6;True
18845;7;12;5;True
18846;4;12;8;True
18847;3;4;1;True
18848;4;9;5;True
18849;2;2;0;True
18850;3;4;1;True
18851;2;2;0;True
18852;2;4;2;True
18853;4;12;8;True
18854;2;2;0;True
18855;4;8;4;True
18856;1;1;0;True
18857;1;1;0;True
18858;11;16;5;True
18859;6;12;6;True
18860;2;4;2;True
18861;2;4;2;True
18862;0;0;0;True
18863;4;9;5;True
18864;4;6;2;True
18865;0;0;0;True
18866;2;4;2;True
18867;2;2;0;True
18868;3;9;6;True
18869;1;1;0;True
18870;6;16;10;True
18871;8;16;8;True
18872;2;2;0;True
18873;5;12;7;True
18874;3;6;3;True
18875;6;12;6;True
18876;4;9;5;True
18877;1;1;0;True
18878;5;12;7;True
18879;1;1;0;True
18880;1;1;0;True
18881;4;12;8;True
18882;1;1;0;True
18883;5;9;4;True
18884;6;12;6;True
18885;6;16;10;True
18886;1;1;0;True
18887;7;12;5;True
18888;5;9;4;True
18889;6;16;10;True
18890;1;1;0;True
18891;0;0;0;True
18892;4;9;5;True
18893;3;4;1;True
18894;4;6;2;True
18895;3;4;1;True
18896;3;6;3;True
18897;5;16;11;True
18898;4;6;2;True
18899;0;0;0;True
18900;6;16;10;True
18901;5;9;4;True
18902;0;0;0;True
18903;3;9;6;True
18904;7;16;9;True
18905;0;0;0;True
18906;1;1;0;True
18907;3;6;3;True
18908;2;2;0;True
18909;5;9;4;True
18910;3;4;1;True
18911;3;3;0;True
18912;4;9;5;True
18913;6;16;10;True
18914;2;2;0;True
18915;3;6;3;True
18916;2;4;2;True
18917;5;12;7;True
18918;4;9;5;True
18919;4;12;8;True
18920;6;12;6;True
18921;3;9;6;True
18922;6;12;6;True
18923;1;1;0;True
18924;4;6;2;True
18925;2;4;2;True
18926;3;6;3;True
18927;5;12;7;True
18928;2;4;2;True
18929;2;4;2;True
18930;6;16;10;True
18931;3;6;3;True
18932;3;6;3;True
18933;3;4;1;True
18934;4;12;8;True
18935;6;12;6;True
18936;4;6;2;True
18937;0;0;0;True
18938;8;16;8;True
18939;6;12;6;True
18940;1;1;0;True
18941;2;2;0;True
18942;1;1;0;True
18943;5;9;4;True
18944;3;4;1;True
18945;7;16;9;True
18946;2;2;0;True
18947;5;9;4;True
18948;3;6;3;True
18949;4;9;5;True
18950;1;1;0;True
18951;2;4;2;True
18952;3;6;3;True
18953;1;1;0;True
18954;6;12;6;True
18955;4;8;4;True
18956;5;16;11;True
18957;7;16;9;True
18958;6;12;6;True
18959;4;6;2;True
18960;2;4;2;True
18961;0;0;0;True
18962;1;1;0;True
18963;6;12;6;True
18964;3;9;6;True
18965;1;1;0;True
18966;2;4;2;True
18967;4;12;8;True
18968;4;12;8;True
18969;2;4;2;True
18970;4;6;2;True
18971;2;4;2;True
18972;1;1;0;True
18973;4;8;4;True
18974;5;12;7;True
18975;3;6;3;True
18976;5;12;7;True
18977;2;4;2;True
18978;2;4;2;True
18979;4;8;4;True
18980;9;12;3;True
18981;5;16;11;True
18982;3;6;3;True
18983;2;4;2;True
18984;3;6;3;True
18985;6;12;6;True
18986;6;12;6;True
18987;4;6;2;True
18988;1;1;0;True
18989;4;6;2;True
18990;1;1;0;True
18991;6;16;10;True
18992;8;12;4;True
18993;2;4;2;True
18994;8;16;8;True
18995;2;4;2;True
18996;4;6;2;True
18997;4;9;5;True
18998;1;1;0;True
18999;1;1;0;True
19000;8;16;8;True
19001;0;0;0;True
19002;3;9;6;True
19003;3;9;6;True
19004;3;6;3;True
19005;4;6;2;True
19006;4;6;2;True
19007;2;4;2;True
19008;6;9;3;True
19009;2;2;0;True
19010;3;4;1;True
19011;6;12;6;True
19012;1;1;0;True
19013;4;9;5;True
19014;6;12;6;True
19015;5;6;1;True
19016;4;9;5;True
19017;5;8;3;True
19018;2;2;0;True
19019;1;1;0;True
19020;0;0;0;True
19021;2;4;2;True
19022;8;16;8;True
19023;4;6;2;True
19024;5;12;7;True
19025;4;9;5;True
19026;4;6;2;True
19027;4;6;2;True
19028;4;12;8;True
19029;2;4;2;True
19030;4;8;4;True
19031;6;12;6;True
19032;4;6;2;True
19033;5;9;4;True
19034;4;12;8;True
19035;2;2;0;True
19036;6;16;10;True
19037;2;4;2;True
19038;2;4;2;True
19039;1;1;0;True
19040;0;0;0;True
19041;5;9;4;True
19042;3;4;1;True
19043;1;1;0;True
19044;2;4;2;True
19045;0;0;0;True
19046;3;6;3;True
19047;2;2;0;True
19048;7;12;5;True
19049;0;0;0;True
19050;3;6;3;True
19051;4;9;5;True
19052;2;2;0;True
19053;6;9;3;True
19054;4;6;2;True
19055;3;6;3;True
19056;3;6;3;True
19057;7;16;9;True
19058;6;12;6;True
19059;6;16;10;True
19060;4;9;5;True
19061;6;9;3;True
19062;3;6;3;True
19063;7;12;5;True
19064;0;0;0;True
19065;2;4;2;True
19066;1;1;0;True
19067;6;8;2;True
19068;1;1;0;True
19069;5;6;1;True
19070;5;12;7;True
19071;5;9;4;True
19072;5;9;4;True
19073;8;12;4;True
19074;2;2;0;True
19075;4;6;2;True
19076;3;6;3;True
19077;2;4;2;True
19078;0;0;0;True
19079;1;1;0;True
19080;0;0;0;True
19081;8;16;8;True
19082;1;1;0;True
19083;8;12;4;True
19084;1;1;0;True
19085;4;4;0;True
19086;7;16;9;True
19087;4;8;4;True
19088;5;9;4;True
19089;1;1;0;True
19090;1;1;0;True
19091;7;12;5;True
19092;4;6;2;True
19093;3;6;3;True
19094;3;6;3;True
19095;3;6;3;True
19096;2;4;2;True
19097;2;4;2;True
19098;3;6;3;True
19099;6;16;10;True
19100;4;12;8;True
19101;1;1;0;True
19102;2;4;2;True
19103;6;12;6;True
19104;3;4;1;True
19105;4;9;5;True
19106;2;2;0;True
19107;7;12;5;True
19108;4;9;5;True
19109;9;16;7;True
19110;3;4;1;True
19111;1;1;0;True
19112;5;12;7;True
19113;2;4;2;True
19114;4;8;4;True
19115;4;12;8;True
19116;3;6;3;True
19117;4;6;2;True
19118;0;0;0;True
19119;6;16;10;True
19120;4;9;5;True
19121;6;12;6;True
19122;3;4;1;True
19123;4;8;4;True
19124;3;6;3;True
19125;5;12;7;True
19126;11;16;5;True
19127;8;12;4;True
19128;5;12;7;True
19129;4;9;5;True
19130;7;12;5;True
19131;2;2;0;True
19132;1;1;0;True
19133;1;1;0;True
19134;1;1;0;True
19135;3;4;1;True
19136;2;4;2;True
19137;5;9;4;True
19138;8;16;8;True
19139;5;9;4;True
19140;2;2;0;True
19141;5;12;7;True
19142;5;12;7;True
19143;1;1;0;True
19144;6;9;3;True
19145;6;16;10;True
19146;1;1;0;True
19147;2;4;2;True
19148;2;4;2;True
19149;2;2;0;True
19150;7;16;9;True
19151;2;4;2;True
19152;3;6;3;True
19153;4;4;0;True
19154;6;16;10;True
19155;3;6;3;True
19156;6;12;6;True
19157;1;1;0;True
19158;5;9;4;True
19159;2;4;2;True
19160;9;16;7;True
19161;1;1;0;True
19162;5;9;4;True
19163;1;1;0;True
19164;3;6;3;True
19165;5;12;7;True
19166;5;12;7;True
19167;1;1;0;True
19168;3;9;6;True
19169;6;16;10;True
19170;3;6;3;True
19171;5;12;7;True
19172;3;9;6;True
19173;0;0;0;True
19174;1;1;0;True
19175;4;6;2;True
19176;2;2;0;True
19177;2;4;2;True
19178;2;4;2;True
19179;2;4;2;True
19180;2;4;2;True
19181;3;6;3;True
19182;6;9;3;True
19183;2;4;2;True
19184;0;0;0;True
19185;3;4;1;True
19186;8;16;8;True
19187;1;1;0;True
19188;3;6;3;True
19189;6;9;3;True
19190;4;9;5;True
19191;3;3;0;True
19192;6;12;6;True
19193;5;12;7;True
19194;4;4;0;True
19195;1;1;0;True
19196;2;4;2;True
19197;0;0;0;True
19198;0;0;0;True
19199;0;0;0;True
19200;2;2;0;True
19201;2;2;0;True
19202;6;9;3;True
19203;3;9;6;True
19204;3;6;3;True
19205;5;12;7;True
19206;5;12;7;True
19207;3;6;3;True
19208;4;6;2;True
19209;1;1;0;True
19210;2;4;2;True
19211;4;6;2;True
19212;5;12;7;True
19213;2;4;2;True
19214;0;0;0;True
19215;4;6;2;True
19216;6;12;6;True
19217;5;9;4;True
19218;0;0;0;True
19219;0;0;0;True
19220;2;2;0;True
19221;2;4;2;True
19222;3;6;3;True
19223;3;3;0;True
19224;4;9;5;True
19225;5;12;7;True
19226;8;16;8;True
19227;9;16;7;True
19228;7;16;9;True
19229;3;4;1;True
19230;3;6;3;True
19231;2;2;0;True
19232;3;9;6;True
19233;5;9;4;True
19234;2;4;2;True
19235;0;0;0;True
19236;5;9;4;True
19237;6;12;6;True
19238;3;4;1;True
19239;1;1;0;True
19240;5;12;7;True
19241;1;1;0;True
19242;5;12;7;True
19243;4;9;5;True
19244;9;16;7;True
19245;1;1;0;True
19246;1;1;0;True
19247;5;12;7;True
19248;2;2;0;True
19249;3;6;3;True
19250;3;9;6;True
19251;1;1;0;True
19252;5;12;7;True
19253;3;9;6;True
19254;5;8;3;True
19255;3;9;6;True
19256;2;4;2;True
19257;9;16;7;True
19258;9;16;7;True
19259;2;4;2;True
19260;1;1;0;True
19261;3;9;6;True
19262;3;6;3;True
19263;3;4;1;True
19264;8;16;8;True
19265;6;9;3;True
19266;1;1;0;True
19267;5;12;7;True
19268;4;6;2;True
19269;0;0;0;True
19270;3;4;1;True
19271;3;9;6;True
19272;4;6;2;True
19273;3;6;3;True
19274;5;16;11;True
19275;3;4;1;True
19276;2;4;2;True
19277;3;6;3;True
19278;3;6;3;True
19279;2;4;2;True
19280;4;6;2;True
19281;0;0;0;True
19282;1;1;0;True
19283;5;16;11;True
19284;5;12;7;True
19285;0;0;0;True
19286;7;12;5;True
19287;3;3;0;True
19288;2;2;0;True
19289;1;1;0;True
19290;2;2;0;True
19291;3;6;3;True
19292;3;9;6;True
19293;4;6;2;True
19294;4;9;5;True
19295;2;2;0;True
19296;6;12;6;True
19297;2;4;2;True
19298;6;12;6;True
19299;1;1;0;True
19300;4;9;5;True
19301;1;1;0;True
19302;7;16;9;True
19303;1;1;0;True
19304;7;16;9;True
19305;3;9;6;True
19306;3;6;3;True
19307;2;4;2;True
19308;3;4;1;True
19309;5;12;7;True
19310;4;9;5;True
19311;5;16;11;True
19312;6;12;6;True
19313;3;4;1;True
19314;1;1;0;True
19315;4;9;5;True
19316;3;9;6;True
19317;8;16;8;True
19318;2;2;0;True
19319;6;12;6;True
19320;2;2;0;True
19321;10;16;6;True
19322;4;6;2;True
19323;3;6;3;True
19324;2;4;2;True
19325;4;8;4;True
19326;2;2;0;True
19327;2;4;2;True
19328;4;6;2;True
19329;1;1;0;True
19330;3;6;3;True
19331;4;9;5;True
19332;1;1;0;True
19333;4;9;5;True
19334;1;1;0;True
19335;3;3;0;True
19336;3;6;3;True
19337;4;8;4;True
19338;1;1;0;True
19339;4;9;5;True
19340;10;16;6;True
19341;2;2;0;True
19342;4;9;5;True
19343;5;12;7;True
19344;4;8;4;True
19345;3;3;0;True
19346;3;9;6;True
19347;6;12;6;True
19348;6;16;10;True
19349;1;1;0;True
19350;0;0;0;True
19351;3;9;6;True
19352;3;6;3;True
19353;3;6;3;True
19354;8;16;8;True
19355;3;6;3;True
19356;2;4;2;True
19357;4;6;2;True
19358;2;4;2;True
19359;3;6;3;True
19360;1;1;0;True
19361;0;0;0;True
19362;4;9;5;True
19363;0;0;0;True
19364;4;9;5;True
19365;8;16;8;True
19366;6;8;2;True
19367;1;1;0;True
19368;1;1;0;True
19369;0;0;0;True
19370;3;4;1;True
19371;3;6;3;True
19372;3;6;3;True
19373;4;9;5;True
19374;2;4;2;True
19375;7;16;9;True
19376;2;2;0;True
19377;2;4;2;True
19378;2;4;2;True
19379;5;16;11;True
19380;1;1;0;True
19381;6;12;6;True
19382;4;8;4;True
19383;3;9;6;True
19384;4;6;2;True
19385;6;12;6;True
19386;0;0;0;True
19387;2;2;0;True
19388;5;9;4;True
19389;4;9;5;True
19390;2;4;2;True
19391;7;16;9;True
19392;5;12;7;True
19393;1;1;0;True
19394;5;12;7;True
19395;1;1;0;True
19396;2;4;2;True
19397;3;6;3;True
19398;7;12;5;True
19399;7;12;5;True
19400;5;12;7;True
19401;6;8;2;True
19402;1;1;0;True
19403;1;1;0;True
19404;3;6;3;True
19405;3;3;0;True
19406;3;6;3;True
19407;2;2;0;True
19408;2;2;0;True
19409;2;4;2;True
19410;1;1;0;True
19411;5;12;7;True
19412;5;16;11;True
19413;5;12;7;True
19414;4;6;2;True
19415;10;16;6;True
19416;4;9;5;True
19417;5;12;7;True
19418;1;1;0;True
19419;3;4;1;True
19420;3;6;3;True
19421;3;4;1;True
19422;6;12;6;True
19423;6;9;3;True
19424;7;16;9;True
19425;6;16;10;True
19426;3;9;6;True
19427;4;12;8;True
19428;0;0;0;True
19429;4;6;2;True
19430;1;1;0;True
19431;5;16;11;True
19432;1;1;0;True
19433;2;2;0;True
19434;6;12;6;True
19435;6;16;10;True
19436;1;1;0;True
19437;4;12;8;True
19438;0;0;0;True
19439;2;2;0;True
19440;5;12;7;True
19441;2;2;0;True
19442;8;12;4;True
19443;2;4;2;True
19444;1;1;0;True
19445;1;1;0;True
19446;3;9;6;True
19447;6;12;6;True
19448;3;4;1;True
19449;2;4;2;True
19450;3;6;3;True
19451;2;2;0;True
19452;5;12;7;True
19453;5;9;4;True
19454;3;6;3;True
19455;2;2;0;True
19456;3;6;3;True
19457;5;12;7;True
19458;4;6;2;True
19459;6;16;10;True
19460;2;4;2;True
19461;3;6;3;True
19462;1;1;0;True
19463;1;1;0;True
19464;8;16;8;True
19465;2;2;0;True
19466;6;12;6;True
19467;2;2;0;True
19468;3;9;6;True
19469;5;12;7;True
19470;2;4;2;True
19471;5;12;7;True
19472;0;0;0;True
19473;3;6;3;True
19474;2;4;2;True
19475;0;0;0;True
19476;3;6;3;True
19477;0;0;0;True
19478;2;2;0;True
19479;3;6;3;True
19480;6;8;2;True
19481;4;9;5;True
19482;1;1;0;True
19483;2;4;2;True
19484;2;4;2;True
19485;3;3;0;True
19486;2;4;2;True
19487;2;2;0;True
19488;4;9;5;True
19489;2;4;2;True
19490;1;1;0;True
19491;1;1;0;True
19492;1;1;0;True
19493;5;16;11;True
19494;1;1;0;True
19495;1;1;0;True
19496;5;9;4;True
19497;1;1;0;True
19498;3;4;1;True
19499;4;6;2;True
19500;4;6;2;True
19501;0;0;0;True
19502;5;9;4;True
19503;2;4;2;True
19504;4;12;8;True
19505;5;16;11;True
19506;2;4;2;True
19507;1;1;0;True
19508;4;6;2;True
19509;2;4;2;True
19510;7;16;9;True
19511;4;6;2;True
19512;4;9;5;True
19513;3;4;1;True
19514;0;0;0;True
19515;6;16;10;True
19516;4;9;5;True
19517;5;9;4;True
19518;7;16;9;True
19519;1;1;0;True
19520;1;1;0;True
19521;6;12;6;True
19522;2;4;2;True
19523;5;12;7;True
19524;2;4;2;True
19525;3;6;3;True
19526;6;16;10;True
19527;9;16;7;True
19528;7;12;5;True
19529;6;16;10;True
19530;3;6;3;True
19531;1;1;0;True
19532;3;9;6;True
19533;3;9;6;True
19534;4;4;0;True
19535;1;1;0;True
19536;2;2;0;True
19537;3;9;6;True
19538;3;4;1;True
19539;2;4;2;True
19540;3;9;6;True
19541;4;16;12;True
19542;2;4;2;True
19543;7;16;9;True
19544;3;4;1;True
19545;2;4;2;True
19546;6;9;3;True
19547;2;2;0;True
19548;4;4;0;True
19549;5;16;11;True
19550;1;1;0;True
19551;1;1;0;True
19552;9;16;7;True
19553;5;12;7;True
19554;2;2;0;True
19555;1;1;0;True
19556;11;16;5;True
19557;5;12;7;True
19558;2;4;2;True
19559;1;1;0;True
19560;2;4;2;True
19561;4;6;2;True
19562;4;16;12;True
19563;1;1;0;True
19564;3;6;3;True
19565;4;9;5;True
19566;2;2;0;True
19567;9;16;7;True
19568;5;12;7;True
19569;3;4;1;True
19570;3;6;3;True
19571;0;0;0;True
19572;7;16;9;True
19573;7;12;5;True
19574;7;12;5;True
19575;3;4;1;True
19576;4;9;5;True
19577;5;8;3;True
19578;3;6;3;True
19579;6;16;10;True
19580;5;9;4;True
19581;6;16;10;True
19582;7;16;9;True
19583;3;4;1;True
19584;1;1;0;True
19585;1;1;0;True
19586;2;2;0;True
19587;2;4;2;True
19588;6;9;3;True
19589;4;6;2;True
19590;7;12;5;True
19591;1;1;0;True
19592;2;4;2;True
19593;4;6;2;True
19594;6;12;6;True
19595;3;9;6;True
19596;2;2;0;True
19597;4;6;2;True
19598;4;6;2;True
19599;3;6;3;True
19600;4;9;5;True
19601;6;16;10;True
19602;3;6;3;True
19603;2;2;0;True
19604;6;12;6;True
19605;6;12;6;True
19606;4;9;5;True
19607;8;9;1;True
19608;2;2;0;True
19609;5;12;7;True
19610;5;8;3;True
19611;1;1;0;True
19612;2;4;2;True
19613;2;4;2;True
19614;2;4;2;True
19615;2;4;2;True
19616;3;6;3;True
19617;10;16;6;True
19618;6;9;3;True
19619;2;2;0;True
19620;1;1;0;True
19621;6;12;6;True
19622;5;9;4;True
19623;4;9;5;True
19624;2;4;2;True
19625;1;1;0;True
19626;3;6;3;True
19627;2;4;2;True
19628;1;1;0;True
19629;8;12;4;True
19630;1;1;0;True
19631;5;9;4;True
19632;4;6;2;True
19633;2;4;2;True
19634;6;12;6;True
19635;6;16;10;True
19636;5;12;7;True
19637;5;9;4;True
19638;4;6;2;True
19639;1;1;0;True
19640;3;6;3;True
19641;3;6;3;True
19642;1;1;0;True
19643;4;8;4;True
19644;3;6;3;True
19645;3;4;1;True
19646;6;8;2;True
19647;1;1;0;True
19648;1;1;0;True
19649;4;9;5;True
19650;4;16;12;True
19651;7;12;5;True
19652;6;9;3;True
19653;1;1;0;True
19654;3;6;3;True
19655;4;12;8;True
19656;1;1;0;True
19657;3;6;3;True
19658;4;4;0;True
19659;4;12;8;True
19660;2;4;2;True
19661;7;16;9;True
19662;4;12;8;True
19663;2;4;2;True
19664;2;2;0;True
19665;2;2;0;True
19666;6;12;6;True
19667;2;4;2;True
19668;5;9;4;True
19669;1;1;0;True
19670;2;2;0;True
19671;1;1;0;True
19672;2;4;2;True
19673;0;0;0;True
19674;4;12;8;True
19675;4;9;5;True
19676;4;9;5;True
19677;1;1;0;True
19678;3;6;3;True
19679;3;6;3;True
19680;2;2;0;True
19681;7;16;9;True
19682;2;4;2;True
19683;6;12;6;True
19684;6;16;10;True
19685;5;9;4;True
19686;5;9;4;True
19687;6;9;3;True
19688;2;2;0;True
19689;2;2;0;True
19690;3;6;3;True
19691;6;12;6;True
19692;4;9;5;True
19693;5;12;7;True
19694;1;1;0;True
19695;6;16;10;True
19696;1;1;0;True
19697;3;6;3;True
19698;0;0;0;True
19699;5;12;7;True
19700;6;12;6;True
19701;6;12;6;True
19702;6;12;6;True
19703;2;4;2;True
19704;0;0;0;True
19705;9;16;7;True
19706;5;8;3;True
19707;2;2;0;True
19708;5;12;7;True
19709;5;12;7;True
19710;5;8;3;True
19711;5;9;4;True
19712;8;16;8;True
19713;0;0;0;True
19714;3;9;6;True
19715;12;16;4;True
19716;3;4;1;True
19717;1;1;0;True
19718;6;12;6;True
19719;9;12;3;True
19720;6;16;10;True
19721;6;12;6;True
19722;4;6;2;True
19723;3;6;3;True
19724;2;2;0;True
19725;5;8;3;True
19726;6;9;3;True
19727;3;6;3;True
19728;5;9;4;True
19729;3;4;1;True
19730;5;12;7;True
19731;5;12;7;True
19732;3;6;3;True
19733;1;1;0;True
19734;3;3;0;True
19735;5;12;7;True
19736;8;16;8;True
19737;2;4;2;True
19738;4;9;5;True
19739;7;16;9;True
19740;6;12;6;True
19741;7;16;9;True
19742;3;6;3;True
19743;4;9;5;True
19744;4;9;5;True
19745;1;1;0;True
19746;9;12;3;True
19747;1;1;0;True
19748;4;4;0;True
19749;5;12;7;True
19750;8;16;8;True
19751;5;12;7;True
19752;3;6;3;True
19753;8;16;8;True
19754;5;9;4;True
19755;10;16;6;True
19756;3;3;0;True
19757;5;9;4;True
19758;2;2;0;True
19759;2;4;2;True
19760;5;12;7;True
19761;9;16;7;True
19762;8;16;8;True
19763;2;2;0;True
19764;7;16;9;True
19765;2;2;0;True
19766;2;4;2;True
19767;1;1;0;True
19768;4;6;2;True
19769;3;4;1;True
19770;5;6;1;True
19771;5;12;7;True
19772;8;16;8;True
19773;4;9;5;True
19774;1;1;0;True
19775;2;4;2;True
19776;3;6;3;True
19777;6;12;6;True
19778;3;9;6;True
19779;5;12;7;True
19780;2;2;0;True
19781;2;4;2;True
19782;4;6;2;True
19783;8;12;4;True
19784;2;4;2;True
19785;3;6;3;True
19786;2;4;2;True
19787;0;0;0;True
19788;4;9;5;True
19789;4;12;8;True
19790;7;16;9;True
19791;1;1;0;True
19792;1;1;0;True
19793;4;12;8;True
19794;0;0;0;True
19795;5;12;7;True
19796;4;9;5;True
19797;7;16;9;True
19798;7;16;9;True
19799;4;12;8;True
19800;4;6;2;True
19801;0;0;0;True
19802;2;4;2;True
19803;2;4;2;True
19804;4;9;5;True
19805;4;9;5;True
19806;4;6;2;True
19807;1;1;0;True
19808;3;6;3;True
19809;5;9;4;True
19810;8;16;8;True
19811;0;0;0;True
19812;1;1;0;True
19813;1;1;0;True
19814;5;9;4;True
19815;1;1;0;True
19816;3;6;3;True
19817;1;1;0;True
19818;3;9;6;True
19819;2;4;2;True
19820;4;6;2;True
19821;4;6;2;True
19822;5;12;7;True
19823;4;6;2;True
19824;5;12;7;True
19825;3;4;1;True
19826;1;1;0;True
19827;4;9;5;True
19828;2;4;2;True
19829;3;4;1;True
19830;2;2;0;True
19831;1;1;0;True
19832;4;9;5;True
19833;7;12;5;True
19834;2;4;2;True
19835;4;6;2;True
19836;4;12;8;True
19837;6;9;3;True
19838;8;16;8;True
19839;5;6;1;True
19840;7;16;9;True
19841;8;12;4;True
19842;1;1;0;True
19843;6;16;10;True
19844;4;9;5;True
19845;0;0;0;True
19846;2;2;0;True
19847;4;9;5;True
19848;4;12;8;True
19849;3;9;6;True
19850;8;16;8;True
19851;4;9;5;True
19852;4;6;2;True
19853;5;9;4;True
19854;0;0;0;True
19855;1;1;0;True
19856;5;16;11;True
19857;1;1;0;True
19858;4;9;5;True
19859;4;6;2;True
19860;3;6;3;True
19861;3;6;3;True
19862;5;16;11;True
19863;3;4;1;True
19864;3;6;3;True
19865;1;1;0;True
19866;5;16;11;True
19867;2;2;0;True
19868;4;12;8;True
19869;1;1;0;True
19870;5;12;7;True
19871;7;16;9;True
19872;3;6;3;True
19873;5;6;1;True
19874;4;9;5;True
19875;1;1;0;True
19876;3;6;3;True
19877;3;4;1;True
19878;6;16;10;True
19879;1;1;0;True
19880;5;16;11;True
19881;0;0;0;True
19882;8;12;4;True
19883;2;4;2;True
19884;1;1;0;True
19885;4;9;5;True
19886;6;9;3;True
19887;3;9;6;True
19888;5;9;4;True
19889;0;0;0;True
19890;1;1;0;True
19891;4;6;2;True
19892;2;4;2;True
19893;0;0;0;True
19894;3;9;6;True
19895;1;1;0;True
19896;5;16;11;True
19897;2;2;0;True
19898;5;6;1;True
19899;6;16;10;True
19900;3;3;0;True
19901;5;9;4;True
19902;2;4;2;True
19903;2;2;0;True
19904;10;16;6;True
19905;3;9;6;True
19906;5;16;11;True
19907;3;9;6;True
19908;5;9;4;True
19909;2;4;2;True
19910;6;16;10;True
19911;4;12;8;True
19912;2;4;2;True
19913;1;1;0;True
19914;3;6;3;True
19915;2;4;2;True
19916;1;1;0;True
19917;2;4;2;True
19918;9;12;3;True
19919;4;8;4;True
19920;6;16;10;True
19921;4;12;8;True
19922;3;6;3;True
19923;6;16;10;True
19924;3;3;0;True
19925;7;12;5;True
19926;0;0;0;True
19927;2;4;2;True
19928;4;9;5;True
19929;6;12;6;True
19930;4;9;5;True
19931;6;9;3;True
19932;3;6;3;True
19933;0;0;0;True
19934;5;12;7;True
19935;5;9;4;True
19936;4;12;8;True
19937;3;4;1;True
19938;5;12;7;True
19939;3;6;3;True
19940;2;2;0;True
19941;2;2;0;True
19942;5;16;11;True
19943;7;12;5;True
19944;8;12;4;True
19945;1;1;0;True
19946;4;9;5;True
19947;2;2;0;True
19948;5;12;7;True
19949;0;0;0;True
19950;3;6;3;True
19951;4;6;2;True
19952;3;6;3;True
19953;4;6;2;True
19954;4;6;2;True
19955;3;4;1;True
19956;3;4;1;True
19957;2;4;2;True
19958;6;12;6;True
19959;1;1;0;True
19960;3;4;1;True
19961;1;1;0;True
19962;4;12;8;True
19963;6;12;6;True
19964;9;16;7;True
19965;2;4;2;True
19966;4;9;5;True
19967;5;8;3;True
19968;6;9;3;True
19969;7;12;5;True
19970;2;2;0;True
19971;1;1;0;True
19972;7;16;9;True
19973;4;12;8;True
19974;6;8;2;True
19975;8;16;8;True
19976;2;4;2;True
19977;1;1;0;True
19978;3;6;3;True
19979;7;16;9;True
19980;8;16;8;True
19981;6;12;6;True
19982;2;4;2;True
19983;2;4;2;True
19984;1;1;0;True
19985;1;1;0;True
19986;2;2;0;True
19987;5;12;7;True
19988;5;9;4;True
19989;2;2;0;True
19990;4;6;2;True
19991;3;4;1;True
19992;2;4;2;True
19993;6;16;10;True
19994;6;12;6;True
19995;4;12;8;True
19996;3;6;3;True
19997;0;0;0;True
19998;7;16;9;True
19999;1;1;0;True
20000;5;9;4;True
20001;3;4;1;True
20002;2;2;0;True
20003;2;2;0;True
20004;1;1;0;True
20005;2;2;0;True
20006;4;9;5;True
20007;6;8;2;True
20008;4;6;2;True
20009;8;12;4;True
20010;1;1;0;True
20011;3;4;1;True
20012;4;9;5;True
20013;3;6;3;True
20014;5;12;7;True
20015;7;16;9;True
20016;3;9;6;True
20017;0;0;0;True
20018;2;4;2;True
20019;2;4;2;True
20020;2;2;0;True
20021;3;9;6;True
20022;4;9;5;True
20023;3;6;3;True
20024;5;9;4;True
20025;1;1;0;True
20026;5;9;4;True
20027;3;6;3;True
20028;5;9;4;True
20029;4;9;5;True
20030;2;2;0;True
20031;8;16;8;True
20032;3;6;3;True
20033;6;9;3;True
20034;4;9;5;True
20035;7;9;2;True
20036;3;4;1;True
20037;4;9;5;True
20038;5;16;11;True
20039;4;4;0;True
20040;2;4;2;True
20041;2;4;2;True
20042;2;4;2;True
20043;2;4;2;True
20044;3;3;0;True
20045;8;16;8;True
20046;3;6;3;True
20047;7;16;9;True
20048;3;4;1;True
20049;0;0;0;True
20050;5;12;7;True
20051;8;16;8;True
20052;8;16;8;True
20053;5;9;4;True
20054;1;1;0;True
20055;2;2;0;True
20056;3;4;1;True
20057;3;3;0;True
20058;7;12;5;True
20059;3;4;1;True
20060;1;1;0;True
20061;3;4;1;True
20062;2;4;2;True
20063;2;4;2;True
20064;2;4;2;True
20065;4;12;8;True
20066;4;6;2;True
20067;1;1;0;True
20068;8;12;4;True
20069;4;9;5;True
20070;4;12;8;True
20071;5;9;4;True
20072;2;2;0;True
20073;7;16;9;True
20074;7;12;5;True
20075;5;9;4;True
20076;3;6;3;True
20077;4;8;4;True
20078;5;9;4;True
20079;6;9;3;True
20080;2;4;2;True
20081;7;16;9;True
20082;9;16;7;True
20083;6;12;6;True
20084;4;9;5;True
20085;3;9;6;True
20086;0;0;0;True
20087;3;4;1;True
20088;5;9;4;True
20089;2;4;2;True
20090;2;4;2;True
20091;7;16;9;True
20092;1;1;0;True
20093;8;16;8;True
20094;5;9;4;True
20095;0;0;0;True
20096;8;16;8;True
20097;5;9;4;True
20098;5;12;7;True
20099;4;8;4;True
20100;2;2;0;True
20101;2;2;0;True
20102;3;6;3;True
20103;0;0;0;True
20104;4;9;5;True
20105;0;0;0;True
20106;1;1;0;True
20107;2;2;0;True
20108;7;16;9;True
20109;2;4;2;True
20110;8;16;8;True
20111;5;9;4;True
20112;5;12;7;True
20113;1;1;0;True
20114;4;9;5;True
20115;4;8;4;True
20116;4;4;0;True
20117;3;6;3;True
20118;3;6;3;True
20119;2;4;2;True
20120;0;0;0;True
20121;3;6;3;True
20122;4;8;4;True
20123;4;6;2;True
20124;3;6;3;True
20125;0;0;0;True
20126;7;12;5;True
20127;8;12;4;True
20128;0;0;0;True
20129;1;1;0;True
20130;1;1;0;True
20131;2;2;0;True
20132;2;4;2;True
20133;9;16;7;True
20134;1;1;0;True
20135;4;6;2;True
20136;5;12;7;True
20137;4;6;2;True
20138;1;1;0;True
20139;6;12;6;True
20140;8;16;8;True
20141;3;4;1;True
20142;2;4;2;True
20143;5;8;3;True
20144;3;4;1;True
20145;7;16;9;True
20146;1;1;0;True
20147;4;9;5;True
20148;6;12;6;True
20149;3;6;3;True
20150;1;1;0;True
20151;4;12;8;True
20152;6;9;3;True
20153;1;1;0;True
20154;5;9;4;True
20155;1;1;0;True
20156;6;16;10;True
20157;5;16;11;True
20158;4;9;5;True
20159;2;2;0;True
20160;2;4;2;True
20161;2;2;0;True
20162;4;8;4;True
20163;4;16;12;True
20164;8;12;4;True
20165;5;12;7;True
20166;1;1;0;True
20167;1;1;0;True
20168;2;4;2;True
20169;1;1;0;True
20170;2;2;0;True
20171;2;2;0;True
20172;8;12;4;True
20173;4;9;5;True
20174;2;4;2;True
20175;8;16;8;True
20176;2;4;2;True
20177;4;12;8;True
20178;6;9;3;True
20179;6;12;6;True
20180;5;16;11;True
20181;3;4;1;True
20182;8;16;8;True
20183;8;16;8;True
20184;3;6;3;True
20185;4;6;2;True
20186;4;6;2;True
20187;0;0;0;True
20188;0;0;0;True
20189;5;12;7;True
20190;4;6;2;True
20191;4;9;5;True
20192;6;16;10;True
20193;7;12;5;True
20194;11;16;5;True
20195;3;4;1;True
20196;3;6;3;True
20197;2;2;0;True
20198;2;4;2;True
20199;1;1;0;True
20200;4;6;2;True
20201;8;12;4;True
20202;2;4;2;True
20203;5;12;7;True
20204;4;12;8;True
20205;4;6;2;True
20206;2;4;2;True
20207;3;6;3;True
20208;8;12;4;True
20209;5;16;11;True
20210;5;12;7;True
20211;2;4;2;True
20212;3;6;3;True
20213;3;6;3;True
20214;1;1;0;True
20215;4;6;2;True
20216;2;4;2;True
20217;1;1;0;True
20218;8;12;4;True
20219;1;1;0;True
20220;1;1;0;True
20221;5;6;1;True
20222;2;4;2;True
20223;5;9;4;True
20224;6;9;3;True
20225;3;6;3;True
20226;0;0;0;True
20227;1;1;0;True
20228;6;12;6;True
20229;3;3;0;True
20230;9;16;7;True
20231;5;12;7;True
20232;7;12;5;True
20233;4;9;5;True
20234;0;0;0;True
20235;5;9;4;True
20236;6;16;10;True
20237;4;6;2;True
20238;4;6;2;True
20239;1;1;0;True
20240;3;9;6;True
20241;0;0;0;True
20242;1;1;0;True
20243;1;1;0;True
20244;0;0;0;True
20245;5;12;7;True
20246;1;1;0;True
20247;3;4;1;True
20248;2;2;0;True
20249;1;1;0;True
20250;3;9;6;True
20251;1;1;0;True
20252;3;6;3;True
20253;4;12;8;True
20254;6;16;10;True
20255;6;16;10;True
20256;4;8;4;True
20257;1;1;0;True
20258;5;12;7;True
20259;5;9;4;True
20260;5;12;7;True
20261;6;16;10;True
20262;8;12;4;True
20263;5;12;7;True
20264;3;6;3;True
20265;5;9;4;True
20266;8;16;8;True
20267;2;4;2;True
20268;1;1;0;True
20269;3;6;3;True
20270;7;12;5;True
20271;8;16;8;True
20272;3;6;3;True
20273;5;12;7;True
20274;3;4;1;True
20275;8;16;8;True
20276;5;16;11;True
20277;5;6;1;True
20278;5;8;3;True
20279;3;6;3;True
20280;1;1;0;True
20281;2;2;0;True
20282;5;9;4;True
20283;1;1;0;True
20284;5;12;7;True
20285;3;6;3;True
20286;0;0;0;True
20287;7;12;5;True
20288;6;16;10;True
20289;2;4;2;True
20290;2;4;2;True
20291;4;9;5;True
20292;8;16;8;True
20293;2;2;0;True
20294;4;12;8;True
20295;2;2;0;True
20296;3;6;3;True
20297;2;4;2;True
20298;3;3;0;True
20299;5;12;7;True
20300;2;4;2;True
20301;5;9;4;True
20302;5;9;4;True
20303;3;4;1;True
20304;2;4;2;True
20305;9;16;7;True
20306;3;9;6;True
20307;0;0;0;True
20308;4;6;2;True
20309;7;12;5;True
20310;6;16;10;True
20311;2;4;2;True
20312;2;2;0;True
20313;4;9;5;True
20314;3;9;6;True
20315;6;16;10;True
20316;6;12;6;True
20317;3;6;3;True
20318;4;8;4;True
20319;8;16;8;True
20320;4;9;5;True
20321;5;12;7;True
20322;4;6;2;True
20323;3;6;3;True
20324;3;4;1;True
20325;9;16;7;True
20326;2;2;0;True
20327;2;4;2;True
20328;4;6;2;True
20329;0;0;0;True
20330;4;9;5;True
20331;2;4;2;True
20332;2;4;2;True
20333;7;16;9;True
20334;3;4;1;True
20335;7;16;9;True
20336;3;3;0;True
20337;5;9;4;True
20338;6;16;10;True
20339;3;6;3;True
20340;4;9;5;True
20341;4;9;5;True
20342;3;6;3;True
20343;9;16;7;True
20344;4;6;2;True
20345;1;1;0;True
20346;2;4;2;True
20347;7;12;5;True
20348;4;9;5;True
20349;4;9;5;True
20350;0;0;0;True
20351;5;12;7;True
20352;6;12;6;True
20353;7;12;5;True
20354;5;9;4;True
20355;3;6;3;True
20356;3;3;0;True
20357;10;16;6;True
20358;1;1;0;True
20359;4;6;2;True
20360;1;1;0;True
20361;0;0;0;True
20362;0;0;0;True
20363;7;16;9;True
20364;0;0;0;True
20365;0;0;0;True
20366;4;9;5;True
20367;8;16;8;True
20368;2;4;2;True
20369;4;9;5;True
20370;4;6;2;True
20371;1;1;0;True
20372;3;6;3;True
20373;7;16;9;True
20374;5;8;3;True
20375;1;1;0;True
20376;1;1;0;True
20377;3;4;1;True
20378;0;0;0;True
20379;3;9;6;True
20380;4;4;0;True
20381;6;12;6;True
20382;10;16;6;True
20383;3;4;1;True
20384;1;1;0;True
20385;4;9;5;True
20386;4;8;4;True
20387;2;4;2;True
20388;2;4;2;True
20389;3;6;3;True
20390;3;9;6;True
20391;7;12;5;True
20392;1;1;0;True
20393;4;9;5;True
20394;4;12;8;True
20395;5;9;4;True
20396;0;0;0;True
20397;3;3;0;True
20398;2;2;0;True
20399;5;9;4;True
20400;2;4;2;True
20401;3;6;3;True
20402;3;9;6;True
20403;4;12;8;True
20404;5;9;4;True
20405;7;16;9;True
20406;2;2;0;True
20407;2;4;2;True
20408;4;9;5;True
20409;5;16;11;True
20410;1;1;0;True
20411;2;4;2;True
20412;1;1;0;True
20413;8;12;4;True
20414;3;4;1;True
20415;0;0;0;True
20416;5;12;7;True
20417;1;1;0;True
20418;3;6;3;True
20419;7;16;9;True
20420;4;12;8;True
20421;8;12;4;True
20422;6;12;6;True
20423;1;1;0;True
20424;5;12;7;True
20425;2;2;0;True
20426;5;9;4;True
20427;2;4;2;True
20428;1;1;0;True
20429;3;6;3;True
20430;3;6;3;True
20431;3;6;3;True
20432;3;6;3;True
20433;6;12;6;True
20434;5;16;11;True
20435;4;8;4;True
20436;6;16;10;True
20437;0;0;0;True
20438;4;9;5;True
20439;0;0;0;True
20440;2;4;2;True
20441;11;16;5;True
20442;5;12;7;True
20443;7;16;9;True
20444;3;4;1;True
20445;2;2;0;True
20446;4;12;8;True
20447;1;1;0;True
20448;3;6;3;True
20449;5;12;7;True
20450;5;16;11;True
20451;2;2;0;True
20452;7;12;5;True
20453;1;1;0;True
20454;6;8;2;True
20455;8;12;4;True
20456;4;6;2;True
20457;1;1;0;True
20458;7;12;5;True
20459;0;0;0;True
20460;2;4;2;True
20461;3;6;3;True
20462;4;9;5;True
20463;1;1;0;True
20464;5;12;7;True
20465;7;16;9;True
20466;1;1;0;True
20467;1;1;0;True
20468;3;9;6;True
20469;3;9;6;True
20470;9;16;7;True
20471;5;9;4;True
20472;3;6;3;True
20473;2;4;2;True
20474;6;16;10;True
20475;4;9;5;True
20476;6;9;3;True
20477;4;9;5;True
20478;3;4;1;True
20479;6;9;3;True
20480;5;12;7;True
20481;3;6;3;True
20482;6;16;10;True
20483;1;1;0;True
20484;6;12;6;True
20485;7;9;2;True
20486;6;9;3;True
20487;3;6;3;True
20488;2;4;2;True
20489;1;1;0;True
20490;5;12;7;True
20491;3;6;3;True
20492;8;12;4;True
20493;1;1;0;True
20494;3;9;6;True
20495;1;1;0;True
20496;1;1;0;True
20497;2;4;2;True
20498;4;6;2;True
20499;4;6;2;True
20500;6;12;6;True
20501;2;4;2;True
20502;4;6;2;True
20503;6;12;6;True
20504;0;0;0;True
20505;4;9;5;True
20506;3;6;3;True
20507;1;1;0;True
20508;1;1;0;True
20509;5;12;7;True
20510;2;2;0;True
20511;3;9;6;True
20512;4;12;8;True
20513;2;4;2;True
20514;1;1;0;True
20515;3;6;3;True
20516;1;1;0;True
20517;2;2;0;True
20518;4;9;5;True
20519;1;1;0;True
20520;3;6;3;True
20521;5;9;4;True
20522;0;0;0;True
20523;1;1;0;True
20524;4;9;5;True
20525;3;6;3;True
20526;2;4;2;True
20527;1;1;0;True
20528;0;0;0;True
20529;1;1;0;True
20530;6;12;6;True
20531;4;6;2;True
20532;5;6;1;True
20533;3;4;1;True
20534;5;16;11;True
20535;2;4;2;True
20536;3;6;3;True
20537;7;16;9;True
20538;2;4;2;True
20539;3;6;3;True
20540;3;6;3;True
20541;1;1;0;True
20542;10;16;6;True
20543;4;12;8;True
20544;9;12;3;True
20545;1;1;0;True
20546;6;12;6;True
20547;2;4;2;True
20548;5;16;11;True
20549;7;16;9;True
20550;7;12;5;True
20551;2;2;0;True
20552;3;9;6;True
20553;1;1;0;True
20554;8;12;4;True
20555;3;6;3;True
20556;4;9;5;True
20557;1;1;0;True
20558;5;12;7;True
20559;7;9;2;True
20560;2;4;2;True
20561;5;9;4;True
20562;1;1;0;True
20563;3;6;3;True
20564;3;6;3;True
20565;3;9;6;True
20566;4;6;2;True
20567;0;0;0;True
20568;4;9;5;True
20569;9;12;3;True
20570;3;9;6;True
20571;1;1;0;True
20572;3;6;3;True
20573;6;16;10;True
20574;4;6;2;True
20575;5;8;3;True
20576;2;4;2;True
20577;2;4;2;True
20578;3;6;3;True
20579;4;8;4;True
20580;4;12;8;True
20581;1;1;0;True
20582;5;12;7;True
20583;4;12;8;True
20584;3;4;1;True
20585;1;1;0;True
20586;4;9;5;True
20587;3;9;6;True
20588;0;0;0;True
20589;5;9;4;True
20590;1;1;0;True
20591;5;16;11;True
20592;9;16;7;True
20593;1;1;0;True
20594;5;9;4;True
20595;3;4;1;True
20596;4;9;5;True
20597;2;4;2;True
20598;0;0;0;True
20599;6;8;2;True
20600;1;1;0;True
20601;7;16;9;True
20602;1;1;0;True
20603;0;0;0;True
20604;2;2;0;True
20605;3;6;3;True
20606;2;4;2;True
20607;7;16;9;True
20608;3;6;3;True
20609;5;12;7;True
20610;6;12;6;True
20611;7;12;5;True
20612;7;12;5;True
20613;7;12;5;True
20614;4;9;5;True
20615;11;16;5;True
20616;3;4;1;True
20617;1;1;0;True
20618;2;2;0;True
20619;3;9;6;True
20620;3;3;0;True
20621;1;1;0;True
20622;7;16;9;True
20623;4;9;5;True
20624;3;6;3;True
20625;3;6;3;True
20626;6;9;3;True
20627;2;2;0;True
20628;8;16;8;True
20629;0;0;0;True
20630;1;1;0;True
20631;7;12;5;True
20632;3;6;3;True
20633;2;4;2;True
20634;5;9;4;True
20635;1;1;0;True
20636;1;1;0;True
20637;5;12;7;True
20638;3;6;3;True
20639;5;12;7;True
20640;5;8;3;True
20641;2;4;2;True
20642;7;16;9;True
20643;3;4;1;True
20644;3;4;1;True
20645;2;4;2;True
20646;2;2;0;True
20647;1;1;0;True
20648;3;9;6;True
20649;6;9;3;True
20650;3;6;3;True
20651;1;1;0;True
20652;4;8;4;True
20653;2;2;0;True
20654;2;2;0;True
20655;3;6;3;True
20656;3;9;6;True
20657;6;12;6;True
20658;2;4;2;True
20659;2;2;0;True
20660;3;6;3;True
20661;2;4;2;True
20662;3;6;3;True
20663;4;6;2;True
20664;4;8;4;True
20665;5;9;4;True
20666;0;0;0;True
20667;10;16;6;True
20668;7;12;5;True
20669;4;6;2;True
20670;6;12;6;True
20671;3;6;3;True
20672;5;9;4;True
20673;6;16;10;True
20674;5;9;4;True
20675;4;8;4;True
20676;9;16;7;True
20677;8;12;4;True
20678;1;1;0;True
20679;4;6;2;True
20680;2;4;2;True
20681;8;16;8;True
20682;7;12;5;True
20683;1;1;0;True
20684;5;6;1;True
20685;1;1;0;True
20686;1;1;0;True
20687;3;3;0;True
20688;3;4;1;True
20689;3;3;0;True
20690;2;2;0;True
20691;8;16;8;True
20692;2;4;2;True
20693;2;4;2;True
20694;2;2;0;True
20695;4;12;8;True
20696;5;8;3;True
20697;3;6;3;True
20698;5;12;7;True
20699;6;16;10;True
20700;1;1;0;True
20701;6;16;10;True
20702;0;0;0;True
20703;2;2;0;True
20704;7;16;9;True
20705;1;1;0;True
20706;2;4;2;True
20707;1;1;0;True
20708;2;4;2;True
20709;1;1;0;True
20710;5;9;4;True
20711;4;12;8;True
20712;4;6;2;True
20713;0;0;0;True
20714;6;9;3;True
20715;5;9;4;True
20716;4;8;4;True
20717;3;4;1;True
20718;3;6;3;True
20719;6;12;6;True
20720;4;12;8;True
20721;2;4;2;True
20722;1;1;0;True
20723;1;1;0;True
20724;3;4;1;True
20725;0;0;0;True
20726;1;1;0;True
20727;0;0;0;True
20728;8;12;4;True
20729;7;12;5;True
20730;2;2;0;True
20731;2;4;2;True
20732;4;4;0;True
20733;3;6;3;True
20734;0;0;0;True
20735;3;4;1;True
20736;1;1;0;True
20737;3;6;3;True
20738;1;1;0;True
20739;1;1;0;True
20740;3;9;6;True
20741;3;6;3;True
20742;5;12;7;True
20743;5;12;7;True
20744;3;9;6;True
20745;4;9;5;True
20746;4;9;5;True
20747;3;6;3;True
20748;9;16;7;True
20749;1;1;0;True
20750;9;12;3;True
20751;3;9;6;True
20752;4;9;5;True
20753;5;12;7;True
20754;3;4;1;True
20755;1;1;0;True
20756;6;12;6;True
20757;0;0;0;True
20758;1;1;0;True
20759;5;6;1;True
20760;2;2;0;True
20761;5;8;3;True
20762;3;9;6;True
20763;7;16;9;True
20764;3;9;6;True
20765;3;6;3;True
20766;5;12;7;True
20767;2;2;0;True
20768;5;9;4;True
20769;0;0;0;True
20770;1;1;0;True
20771;2;4;2;True
20772;2;2;0;True
20773;6;12;6;True
20774;0;0;0;True
20775;3;6;3;True
20776;5;12;7;True
20777;6;16;10;True
20778;4;6;2;True
20779;1;1;0;True
20780;1;1;0;True
20781;3;4;1;True
20782;3;6;3;True
20783;4;12;8;True
20784;3;4;1;True
20785;5;9;4;True
20786;2;4;2;True
20787;4;6;2;True
20788;5;12;7;True
20789;6;8;2;True
20790;3;4;1;True
20791;2;4;2;True
20792;2;4;2;True
20793;5;12;7;True
20794;7;12;5;True
20795;3;6;3;True
20796;1;1;0;True
20797;5;12;7;True
20798;8;12;4;True
20799;3;3;0;True
20800;6;16;10;True
20801;0;0;0;True
20802;3;4;1;True
20803;7;12;5;True
20804;5;6;1;True
20805;0;0;0;True
20806;1;1;0;True
20807;2;2;0;True
20808;0;0;0;True
20809;0;0;0;True
20810;7;16;9;True
20811;7;16;9;True
20812;4;8;4;True
20813;1;1;0;True
20814;4;9;5;True
20815;2;2;0;True
20816;2;4;2;True
20817;5;8;3;True
20818;1;1;0;True
20819;4;6;2;True
20820;3;4;1;True
20821;1;1;0;True
20822;0;0;0;True
20823;2;4;2;True
20824;4;6;2;True
20825;6;12;6;True
20826;7;12;5;True
20827;9;16;7;True
20828;4;6;2;True
20829;1;1;0;True
20830;2;4;2;True
20831;3;6;3;True
20832;4;9;5;True
20833;6;9;3;True
20834;5;9;4;True
20835;1;1;0;True
20836;2;4;2;True
20837;6;16;10;True
20838;4;9;5;True
20839;5;12;7;True
20840;1;1;0;True
20841;7;12;5;True
20842;9;16;7;True
20843;5;9;4;True
20844;4;9;5;True
20845;3;6;3;True
20846;5;9;4;True
20847;1;1;0;True
20848;4;9;5;True
20849;1;1;0;True
20850;2;4;2;True
20851;3;4;1;True
20852;2;4;2;True
20853;1;1;0;True
20854;4;12;8;True
20855;3;4;1;True
20856;4;8;4;True
20857;6;16;10;True
20858;1;1;0;True
20859;3;6;3;True
20860;3;6;3;True
20861;4;9;5;True
20862;5;9;4;True
20863;2;2;0;True
20864;4;9;5;True
20865;4;9;5;True
20866;5;9;4;True
20867;3;4;1;True
20868;2;4;2;True
20869;6;12;6;True
20870;4;9;5;True
20871;4;9;5;True
20872;2;4;2;True
20873;4;9;5;True
20874;3;9;6;True
20875;1;1;0;True
20876;4;6;2;True
20877;0;0;0;True
20878;3;6;3;True
20879;3;6;3;True
20880;4;9;5;True
20881;5;9;4;True
20882;4;6;2;True
20883;5;6;1;True
20884;4;9;5;True
20885;1;1;0;True
20886;5;12;7;True
20887;5;12;7;True
20888;1;1;0;True
20889;4;6;2;True
20890;1;1;0;True
20891;6;16;10;True
20892;8;12;4;True
20893;3;6;3;True
20894;3;4;1;True
20895;2;4;2;True
20896;1;1;0;True
20897;5;12;7;True
20898;3;6;3;True
20899;0;0;0;True
20900;11;16;5;True
20901;4;8;4;True
20902;11;16;5;True
20903;5;12;7;True
20904;1;1;0;True
20905;5;9;4;True
20906;6;12;6;True
20907;4;9;5;True
20908;1;1;0;True
20909;2;4;2;True
20910;3;6;3;True
20911;2;2;0;True
20912;5;12;7;True
20913;5;9;4;True
20914;2;2;0;True
20915;6;12;6;True
20916;0;0;0;True
20917;0;0;0;True
20918;1;1;0;True
20919;1;1;0;True
20920;1;1;0;True
20921;5;9;4;True
20922;5;12;7;True
20923;2;4;2;True
20924;2;2;0;True
20925;3;9;6;True
20926;3;6;3;True
20927;2;4;2;True
20928;1;1;0;True
20929;0;0;0;True
20930;1;1;0;True
20931;0;0;0;True
20932;10;16;6;True
20933;7;16;9;True
20934;1;1;0;True
20935;3;6;3;True
20936;1;1;0;True
20937;3;9;6;True
20938;2;4;2;True
20939;2;2;0;True
20940;4;9;5;True
20941;7;12;5;True
20942;5;12;7;True
20943;7;16;9;True
20944;4;9;5;True
20945;5;12;7;True
20946;0;0;0;True
20947;2;4;2;True
20948;6;16;10;True
20949;2;4;2;True
20950;5;12;7;True
20951;1;1;0;True
20952;2;4;2;True
20953;1;1;0;True
20954;3;4;1;True
20955;5;6;1;True
20956;6;16;10;True
20957;5;12;7;True
20958;3;6;3;True
20959;2;4;2;True
20960;6;12;6;True
20961;7;16;9;True
20962;2;4;2;True
20963;3;9;6;True
20964;4;6;2;True
20965;4;9;5;True
20966;6;12;6;True
20967;3;9;6;True
20968;1;1;0;True
20969;0;0;0;True
20970;5;8;3;True
20971;5;9;4;True
20972;4;6;2;True
20973;1;1;0;True
20974;3;3;0;True
20975;2;2;0;True
20976;7;16;9;True
20977;8;12;4;True
20978;2;4;2;True
20979;4;9;5;True
20980;3;9;6;True
20981;7;16;9;True
20982;4;16;12;True
20983;5;9;4;True
20984;5;12;7;True
20985;0;0;0;True
20986;6;9;3;True
20987;5;9;4;True
20988;3;6;3;True
20989;6;12;6;True
20990;4;12;8;True
20991;0;0;0;True
20992;9;16;7;True
20993;1;1;0;True
20994;3;6;3;True
20995;6;16;10;True
20996;2;2;0;True
20997;6;12;6;True
20998;3;4;1;True
20999;6;12;6;True
21000;5;12;7;True
21001;1;1;0;True
21002;2;2;0;True
21003;4;8;4;True
21004;4;12;8;True
21005;0;0;0;True
21006;2;4;2;True
21007;2;2;0;True
21008;3;6;3;True
21009;0;0;0;True
21010;0;0;0;True
21011;0;0;0;True
21012;0;0;0;True
21013;7;12;5;True
21014;0;0;0;True
21015;9;16;7;True
21016;6;12;6;True
21017;1;1;0;True
21018;4;9;5;True
21019;4;9;5;True
21020;8;16;8;True
21021;5;12;7;True
21022;0;0;0;True
21023;6;16;10;True
21024;2;2;0;True
21025;4;6;2;True
21026;6;12;6;True
21027;4;6;2;True
21028;8;16;8;True
21029;3;6;3;True
21030;8;16;8;True
21031;2;4;2;True
21032;6;12;6;True
21033;1;1;0;True
21034;1;1;0;True
21035;4;9;5;True
21036;5;12;7;True
21037;5;9;4;True
21038;3;4;1;True
21039;4;9;5;True
21040;8;16;8;True
21041;4;9;5;True
21042;2;2;0;True
21043;2;2;0;True
21044;4;12;8;True
21045;3;6;3;True
21046;1;1;0;True
21047;5;12;7;True
21048;4;9;5;True
21049;2;4;2;True
21050;5;12;7;True
21051;3;4;1;True
21052;7;16;9;True
21053;8;16;8;True
21054;3;6;3;True
21055;3;6;3;True
21056;2;4;2;True
21057;4;9;5;True
21058;9;16;7;True
21059;0;0;0;True
21060;2;2;0;True
21061;5;12;7;True
21062;3;6;3;True
21063;3;3;0;True
21064;4;9;5;True
21065;7;16;9;True
21066;3;6;3;True
21067;2;2;0;True
21068;3;9;6;True
21069;3;4;1;True
21070;3;3;0;True
21071;6;16;10;True
21072;2;4;2;True
21073;7;16;9;True
21074;0;0;0;True
21075;1;1;0;True
21076;2;4;2;True
21077;8;16;8;True
21078;5;12;7;True
21079;4;8;4;True
21080;4;6;2;True
21081;3;9;6;True
21082;3;6;3;True
21083;6;12;6;True
21084;1;1;0;True
21085;5;12;7;True
21086;3;4;1;True
21087;3;4;1;True
21088;2;2;0;True
21089;1;1;0;True
21090;6;12;6;True
21091;9;16;7;True
21092;7;16;9;True
21093;3;9;6;True
21094;3;9;6;True
21095;0;0;0;True
21096;1;1;0;True
21097;2;4;2;True
21098;5;9;4;True
21099;1;1;0;True
21100;1;1;0;True
21101;5;8;3;True
21102;5;12;7;True
21103;0;0;0;True
21104;2;4;2;True
21105;6;16;10;True
21106;7;12;5;True
21107;1;1;0;True
21108;7;16;9;True
21109;2;4;2;True
21110;4;6;2;True
21111;6;16;10;True
21112;1;1;0;True
21113;3;6;3;True
21114;4;9;5;True
21115;7;16;9;True
21116;3;9;6;True
21117;5;12;7;True
21118;4;6;2;True
21119;5;9;4;True
21120;2;4;2;True
21121;4;12;8;True
21122;5;9;4;True
21123;4;9;5;True
21124;3;6;3;True
21125;4;9;5;True
21126;3;6;3;True
21127;5;8;3;True
21128;1;1;0;True
21129;5;12;7;True
21130;1;1;0;True
21131;8;16;8;True
21132;2;2;0;True
21133;1;1;0;True
21134;1;1;0;True
21135;8;16;8;True
21136;5;9;4;True
21137;4;6;2;True
21138;1;1;0;True
21139;2;2;0;True
21140;3;6;3;True
21141;2;2;0;True
21142;1;1;0;True
21143;3;6;3;True
21144;7;12;5;True
21145;1;1;0;True
21146;3;9;6;True
21147;1;1;0;True
21148;6;12;6;True
21149;7;16;9;True
21150;11;16;5;True
21151;3;9;6;True
21152;1;1;0;True
21153;3;6;3;True
21154;3;4;1;True
21155;9;16;7;True
21156;3;6;3;True
21157;5;12;7;True
21158;5;9;4;True
21159;4;6;2;True
21160;2;4;2;True
21161;6;12;6;True
21162;4;9;5;True
21163;3;6;3;True
21164;2;2;0;True
21165;6;12;6;True
21166;2;2;0;True
21167;0;0;0;True
21168;5;9;4;True
21169;6;16;10;True
21170;2;4;2;True
21171;5;9;4;True
21172;9;16;7;True
21173;0;0;0;True
21174;3;6;3;True
21175;6;12;6;True
21176;6;12;6;True
21177;4;6;2;True
21178;3;6;3;True
21179;0;0;0;True
21180;2;4;2;True
21181;1;1;0;True
21182;6;12;6;True
21183;3;4;1;True
21184;5;9;4;True
21185;3;6;3;True
21186;0;0;0;True
21187;0;0;0;True
21188;0;0;0;True
21189;2;4;2;True
21190;5;9;4;True
21191;1;1;0;True
21192;4;6;2;True
21193;6;12;6;True
21194;2;2;0;True
21195;5;12;7;True
21196;8;12;4;True
21197;7;16;9;True
21198;3;6;3;True
21199;5;16;11;True
21200;4;6;2;True
21201;3;6;3;True
21202;2;2;0;True
21203;4;12;8;True
21204;2;4;2;True
21205;5;12;7;True
21206;1;1;0;True
21207;4;9;5;True
21208;3;9;6;True
21209;1;1;0;True
21210;3;4;1;True
21211;2;4;2;True
21212;4;6;2;True
21213;2;2;0;True
21214;2;4;2;True
21215;6;12;6;True
21216;2;2;0;True
21217;3;4;1;True
21218;0;0;0;True
21219;4;9;5;True
21220;4;12;8;True
21221;1;1;0;True
21222;9;16;7;True
21223;3;9;6;True
21224;3;9;6;True
21225;5;12;7;True
21226;6;12;6;True
21227;5;12;7;True
21228;6;9;3;True
21229;3;4;1;True
21230;2;4;2;True
21231;1;1;0;True
21232;7;12;5;True
21233;6;12;6;True
21234;5;12;7;True
21235;5;9;4;True
21236;3;4;1;True
21237;4;6;2;True
21238;1;1;0;True
21239;6;8;2;True
21240;5;6;1;True
21241;6;16;10;True
21242;4;12;8;True
21243;2;2;0;True
21244;5;9;4;True
21245;2;2;0;True
21246;5;12;7;True
21247;1;1;0;True
21248;5;16;11;True
21249;5;9;4;True
21250;0;0;0;True
21251;10;16;6;True
21252;4;6;2;True
21253;3;9;6;True
21254;5;9;4;True
21255;3;6;3;True
21256;2;4;2;True
21257;4;9;5;True
21258;3;6;3;True
21259;0;0;0;True
21260;2;4;2;True
21261;5;9;4;True
21262;6;12;6;True
21263;7;16;9;True
21264;0;0;0;True
21265;4;8;4;True
21266;5;12;7;True
21267;3;4;1;True
21268;9;16;7;True
21269;6;12;6;True
21270;7;16;9;True
21271;4;9;5;True
21272;6;12;6;True
21273;0;0;0;True
21274;10;16;6;True
21275;0;0;0;True
21276;1;1;0;True
21277;4;6;2;True
21278;6;16;10;True
21279;3;6;3;True
21280;7;12;5;True
21281;6;12;6;True
21282;1;1;0;True
21283;7;12;5;True
21284;5;12;7;True
21285;1;1;0;True
21286;1;1;0;True
21287;2;4;2;True
21288;3;4;1;True
21289;2;2;0;True
21290;6;9;3;True
21291;8;16;8;True
21292;3;4;1;True
21293;1;1;0;True
21294;3;4;1;True
21295;3;9;6;True
21296;1;1;0;True
21297;2;4;2;True
21298;2;4;2;True
21299;7;12;5;True
21300;3;4;1;True
21301;2;2;0;True
21302;5;9;4;True
21303;7;12;5;True
21304;6;12;6;True
21305;10;12;2;True
21306;5;12;7;True
21307;5;12;7;True
21308;2;4;2;True
21309;3;6;3;True
21310;5;9;4;True
21311;4;9;5;True
21312;5;9;4;True
21313;1;1;0;True
21314;2;4;2;True
21315;7;12;5;True
21316;4;12;8;True
21317;2;2;0;True
21318;4;9;5;True
21319;1;1;0;True
21320;0;0;0;True
21321;3;6;3;True
21322;4;6;2;True
21323;6;16;10;True
21324;2;2;0;True
21325;2;4;2;True
21326;5;12;7;True
21327;5;12;7;True
21328;3;3;0;True
21329;1;1;0;True
21330;8;16;8;True
21331;4;12;8;True
21332;3;4;1;True
21333;3;6;3;True
21334;5;8;3;True
21335;2;4;2;True
21336;2;4;2;True
21337;4;4;0;True
21338;1;1;0;True
21339;1;1;0;True
21340;1;1;0;True
21341;0;0;0;True
21342;0;0;0;True
21343;3;6;3;True
21344;2;2;0;True
21345;4;6;2;True
21346;4;9;5;True
21347;6;12;6;True
21348;1;1;0;True
21349;4;6;2;True
21350;5;16;11;True
21351;3;4;1;True
21352;3;4;1;True
21353;1;1;0;True
21354;3;9;6;True
21355;0;0;0;True
21356;3;6;3;True
21357;1;1;0;True
21358;2;4;2;True
21359;6;16;10;True
21360;4;12;8;True
21361;2;4;2;True
21362;4;6;2;True
21363;4;9;5;True
21364;1;1;0;True
21365;4;8;4;True
21366;0;0;0;True
21367;5;12;7;True
21368;1;1;0;True
21369;9;16;7;True
21370;7;12;5;True
21371;5;12;7;True
21372;2;2;0;True
21373;1;1;0;True
21374;3;6;3;True
21375;5;12;7;True
21376;2;4;2;True
21377;3;6;3;True
21378;6;16;10;True
21379;4;6;2;True
21380;9;16;7;True
21381;4;6;2;True
21382;6;12;6;True
21383;7;12;5;True
21384;1;1;0;True
21385;2;4;2;True
21386;5;9;4;True
21387;3;6;3;True
21388;0;0;0;True
21389;7;16;9;True
21390;6;12;6;True
21391;3;9;6;True
21392;6;12;6;True
21393;3;6;3;True
21394;3;6;3;True
21395;2;4;2;True
21396;5;12;7;True
21397;6;12;6;True
21398;5;12;7;True
21399;0;0;0;True
21400;10;16;6;True
21401;6;16;10;True
21402;1;1;0;True
21403;7;16;9;True
21404;4;9;5;True
21405;9;16;7;True
21406;8;16;8;True
21407;2;2;0;True
21408;1;1;0;True
21409;3;4;1;True
21410;6;12;6;True
21411;1;1;0;True
21412;0;0;0;True
21413;1;1;0;True
21414;4;8;4;True
21415;8;16;8;True
21416;4;9;5;True
21417;4;12;8;True
21418;2;4;2;True
21419;3;6;3;True
21420;1;1;0;True
21421;5;12;7;True
21422;3;6;3;True
21423;5;8;3;True
21424;4;8;4;True
21425;1;1;0;True
21426;1;1;0;True
21427;8;16;8;True
21428;6;12;6;True
21429;0;0;0;True
21430;3;6;3;True
21431;9;16;7;True
21432;2;2;0;True
21433;4;6;2;True
21434;2;2;0;True
21435;3;9;6;True
21436;3;4;1;True
21437;1;1;0;True
21438;7;16;9;True
21439;1;1;0;True
21440;4;9;5;True
21441;1;1;0;True
21442;2;2;0;True
21443;5;12;7;True
21444;3;4;1;True
21445;3;9;6;True
21446;2;2;0;True
21447;2;4;2;True
21448;3;6;3;True
21449;1;1;0;True
21450;2;4;2;True
21451;2;4;2;True
21452;2;2;0;True
21453;2;2;0;True
21454;6;12;6;True
21455;5;8;3;True
21456;0;0;0;True
21457;2;4;2;True
21458;1;1;0;True
21459;6;16;10;True
21460;2;4;2;True
21461;3;6;3;True
21462;2;4;2;True
21463;5;12;7;True
21464;5;16;11;True
21465;3;4;1;True
21466;4;8;4;True
21467;6;12;6;True
21468;2;2;0;True
21469;5;16;11;True
21470;3;6;3;True
21471;2;4;2;True
21472;8;16;8;True
21473;3;6;3;True
21474;3;6;3;True
21475;4;9;5;True
21476;2;4;2;True
21477;1;1;0;True
21478;5;9;4;True
21479;4;6;2;True
21480;5;9;4;True
21481;3;6;3;True
21482;2;2;0;True
21483;3;6;3;True
21484;9;16;7;True
21485;10;16;6;True
21486;3;9;6;True
21487;4;6;2;True
21488;7;16;9;True
21489;3;4;1;True
21490;3;6;3;True
21491;0;0;0;True
21492;8;9;1;True
21493;5;16;11;True
21494;9;16;7;True
21495;4;9;5;True
21496;4;8;4;True
21497;5;12;7;True
21498;9;12;3;True
21499;6;16;10;True
21500;2;4;2;True
21501;3;9;6;True
21502;4;9;5;True
21503;6;12;6;True
21504;3;6;3;True
21505;6;9;3;True
21506;4;6;2;True
21507;3;4;1;True
21508;1;1;0;True
21509;1;1;0;True
21510;6;12;6;True
21511;1;1;0;True
21512;5;9;4;True
21513;3;6;3;True
21514;4;9;5;True
21515;2;4;2;True
21516;6;12;6;True
21517;5;12;7;True
21518;5;9;4;True
21519;1;1;0;True
21520;1;1;0;True
21521;5;16;11;True
21522;4;9;5;True
21523;8;16;8;True
21524;7;12;5;True
21525;7;16;9;True
21526;2;4;2;True
21527;2;2;0;True
21528;1;1;0;True
21529;5;12;7;True
21530;7;12;5;True
21531;5;16;11;True
21532;3;4;1;True
21533;2;2;0;True
21534;6;12;6;True
21535;8;16;8;True
21536;3;4;1;True
21537;0;0;0;True
21538;4;4;0;True
21539;2;4;2;True
21540;7;12;5;True
21541;2;4;2;True
21542;0;0;0;True
21543;0;0;0;True
21544;5;8;3;True
21545;5;6;1;True
21546;4;9;5;True
21547;4;12;8;True
21548;4;6;2;True
21549;7;16;9;True
21550;7;12;5;True
21551;3;4;1;True
21552;3;9;6;True
21553;2;2;0;True
21554;6;12;6;True
21555;7;16;9;True
21556;3;9;6;True
21557;6;12;6;True
21558;3;6;3;True
21559;2;2;0;True
21560;2;4;2;True
21561;4;6;2;True
21562;1;1;0;True
21563;2;4;2;True
21564;3;4;1;True
21565;4;9;5;True
21566;7;12;5;True
21567;1;1;0;True
21568;5;6;1;True
21569;2;4;2;True
21570;6;12;6;True
21571;0;0;0;True
21572;8;16;8;True
21573;4;9;5;True
21574;6;12;6;True
21575;2;2;0;True
21576;4;12;8;True
21577;5;9;4;True
21578;2;2;0;True
21579;2;4;2;True
21580;3;3;0;True
21581;4;8;4;True
21582;2;2;0;True
21583;5;12;7;True
21584;2;4;2;True
21585;2;4;2;True
21586;4;6;2;True
21587;4;8;4;True
21588;4;12;8;True
21589;1;1;0;True
21590;4;6;2;True
21591;7;16;9;True
21592;4;9;5;True
21593;5;12;7;True
21594;6;16;10;True
21595;4;6;2;True
21596;4;9;5;True
21597;1;1;0;True
21598;2;4;2;True
21599;4;12;8;True
21600;4;8;4;True
21601;11;16;5;True
21602;1;1;0;True
21603;5;12;7;True
21604;6;16;10;True
21605;2;2;0;True
21606;5;16;11;True
21607;0;0;0;True
21608;8;16;8;True
21609;4;12;8;True
21610;2;4;2;True
21611;3;4;1;True
21612;0;0;0;True
21613;3;4;1;True
21614;2;2;0;True
21615;1;1;0;True
21616;6;8;2;True
21617;3;6;3;True
21618;6;9;3;True
21619;3;6;3;True
21620;7;12;5;True
21621;5;16;11;True
21622;5;16;11;True
21623;9;16;7;True
21624;4;12;8;True
21625;4;9;5;True
21626;2;4;2;True
21627;3;4;1;True
21628;5;16;11;True
21629;0;0;0;True
21630;5;9;4;True
21631;1;1;0;True
21632;2;4;2;True
21633;5;9;4;True
21634;3;9;6;True
21635;7;9;2;True
21636;2;2;0;True
21637;2;4;2;True
21638;1;1;0;True
21639;5;16;11;True
21640;0;0;0;True
21641;1;1;0;True
21642;3;6;3;True
21643;1;1;0;True
21644;3;9;6;True
21645;3;6;3;True
21646;0;0;0;True
21647;5;12;7;True
21648;3;9;6;True
21649;1;1;0;True
21650;4;6;2;True
21651;4;6;2;True
21652;5;9;4;True
21653;3;4;1;True
21654;10;16;6;True
21655;0;0;0;True
21656;6;12;6;True
21657;5;12;7;True
21658;3;6;3;True
21659;2;2;0;True
21660;3;4;1;True
21661;8;16;8;True
21662;7;16;9;True
21663;3;6;3;True
21664;4;12;8;True
21665;3;9;6;True
21666;2;4;2;True
21667;1;1;0;True
21668;1;1;0;True
21669;5;9;4;True
21670;6;12;6;True
21671;7;12;5;True
21672;3;9;6;True
21673;3;4;1;True
21674;6;16;10;True
21675;2;2;0;True
21676;2;2;0;True
21677;3;6;3;True
21678;2;4;2;True
21679;6;9;3;True
21680;6;9;3;True
21681;2;4;2;True
21682;6;12;6;True
21683;6;12;6;True
21684;9;16;7;True
21685;3;4;1;True
21686;1;1;0;True
21687;1;1;0;True
21688;5;12;7;True
21689;6;9;3;True
21690;2;4;2;True
21691;2;2;0;True
21692;2;2;0;True
21693;7;12;5;True
21694;1;1;0;True
21695;2;2;0;True
21696;10;16;6;True
21697;5;9;4;True
21698;1;1;0;True
21699;5;8;3;True
21700;3;4;1;True
21701;2;4;2;True
21702;1;1;0;True
21703;3;4;1;True
21704;1;1;0;True
21705;5;6;1;True
21706;9;16;7;True
21707;6;12;6;True
21708;2;2;0;True
21709;4;8;4;True
21710;8;16;8;True
21711;3;6;3;True
21712;5;12;7;True
21713;2;4;2;True
21714;3;4;1;True
21715;5;6;1;True
21716;4;6;2;True
21717;4;6;2;True
21718;7;12;5;True
21719;5;12;7;True
21720;1;1;0;True
21721;3;4;1;True
21722;5;12;7;True
21723;2;2;0;True
21724;4;9;5;True
21725;2;4;2;True
21726;5;12;7;True
21727;9;16;7;True
21728;5;12;7;True
21729;1;1;0;True
21730;7;12;5;True
21731;1;1;0;True
21732;6;12;6;True
21733;4;9;5;True
21734;4;12;8;True
21735;1;1;0;True
21736;5;16;11;True
21737;6;12;6;True
21738;4;9;5;True
21739;1;1;0;True
21740;5;12;7;True
21741;1;1;0;True
21742;4;9;5;True
21743;4;6;2;True
21744;10;16;6;True
21745;2;4;2;True
21746;3;6;3;True
21747;1;1;0;True
21748;1;1;0;True
21749;7;16;9;True
21750;3;4;1;True
21751;6;9;3;True
21752;6;12;6;True
21753;1;1;0;True
21754;3;4;1;True
21755;6;16;10;True
21756;7;12;5;True
21757;6;16;10;True
21758;3;4;1;True
21759;2;4;2;True
21760;3;4;1;True
21761;5;12;7;True
21762;6;9;3;True
21763;5;12;7;True
21764;2;4;2;True
21765;6;12;6;True
21766;9;12;3;True
21767;2;4;2;True
21768;11;16;5;True
21769;2;2;0;True
21770;6;16;10;True
21771;6;16;10;True
21772;4;6;2;True
21773;3;3;0;True
21774;9;16;7;True
21775;2;4;2;True
21776;3;9;6;True
21777;5;9;4;True
21778;1;1;0;True
21779;2;4;2;True
21780;6;12;6;True
21781;8;16;8;True
21782;2;2;0;True
21783;2;2;0;True
21784;1;1;0;True
21785;0;0;0;True
21786;2;4;2;True
21787;4;9;5;True
21788;3;4;1;True
21789;0;0;0;True
21790;3;6;3;True
21791;3;6;3;True
21792;7;16;9;True
21793;8;16;8;True
21794;3;6;3;True
21795;5;9;4;True
21796;3;6;3;True
21797;9;16;7;True
21798;3;6;3;True
21799;11;16;5;True
21800;4;9;5;True
21801;3;6;3;True
21802;3;4;1;True
21803;6;9;3;True
21804;0;0;0;True
21805;5;9;4;True
21806;3;3;0;True
21807;0;0;0;True
21808;2;2;0;True
21809;5;12;7;True
21810;5;12;7;True
21811;1;1;0;True
21812;7;12;5;True
21813;2;4;2;True
21814;0;0;0;True
21815;3;4;1;True
21816;6;12;6;True
21817;7;16;9;True
21818;1;1;0;True
21819;6;12;6;True
21820;6;16;10;True
21821;4;6;2;True
21822;1;1;0;True
21823;0;0;0;True
21824;2;2;0;True
21825;6;12;6;True
21826;4;6;2;True
21827;4;9;5;True
21828;2;4;2;True
21829;8;12;4;True
21830;4;9;5;True
21831;4;12;8;True
21832;4;12;8;True
21833;5;12;7;True
21834;7;12;5;True
21835;3;6;3;True
21836;6;16;10;True
21837;7;12;5;True
21838;2;2;0;True
21839;4;6;2;True
21840;5;6;1;True
21841;3;6;3;True
21842;3;6;3;True
21843;4;9;5;True
21844;1;1;0;True
21845;4;9;5;True
21846;1;1;0;True
21847;2;4;2;True
21848;2;2;0;True
21849;1;1;0;True
21850;4;6;2;True
21851;4;9;5;True
21852;6;12;6;True
21853;5;9;4;True
21854;3;6;3;True
21855;11;16;5;True
21856;4;9;5;True
21857;1;1;0;True
21858;1;1;0;True
21859;3;4;1;True
21860;5;12;7;True
21861;4;9;5;True
21862;5;12;7;True
21863;3;4;1;True
21864;4;9;5;True
21865;1;1;0;True
21866;2;4;2;True
21867;4;4;0;True
21868;5;8;3;True
21869;2;2;0;True
21870;3;6;3;True
21871;4;9;5;True
21872;4;9;5;True
21873;2;2;0;True
21874;2;4;2;True
21875;2;4;2;True
21876;1;1;0;True
21877;0;0;0;True
21878;4;9;5;True
21879;3;6;3;True
21880;5;9;4;True
21881;1;1;0;True
21882;1;1;0;True
21883;1;1;0;True
21884;0;0;0;True
21885;3;6;3;True
21886;3;6;3;True
21887;0;0;0;True
21888;2;4;2;True
21889;3;4;1;True
21890;2;2;0;True
21891;2;4;2;True
21892;2;4;2;True
21893;2;4;2;True
21894;3;6;3;True
21895;4;9;5;True
21896;5;9;4;True
21897;3;4;1;True
21898;4;6;2;True
21899;0;0;0;True
21900;4;6;2;True
21901;5;16;11;True
21902;3;4;1;True
21903;2;4;2;True
21904;8;16;8;True
21905;5;8;3;True
21906;4;12;8;True
21907;1;1;0;True
21908;6;16;10;True
21909;1;1;0;True
21910;5;9;4;True
21911;8;12;4;True
21912;1;1;0;True
21913;0;0;0;True
21914;4;6;2;True
21915;2;2;0;True
21916;5;16;11;True
21917;1;1;0;True
21918;8;16;8;True
21919;7;16;9;True
21920;4;8;4;True
21921;5;9;4;True
21922;5;12;7;True
21923;6;12;6;True
21924;4;9;5;True
21925;2;2;0;True
21926;3;6;3;True
21927;2;4;2;True
21928;2;4;2;True
21929;5;6;1;True
21930;3;6;3;True
21931;2;4;2;True
21932;5;12;7;True
21933;1;1;0;True
21934;5;9;4;True
21935;2;2;0;True
21936;3;9;6;True
21937;0;0;0;True
21938;2;2;0;True
21939;6;12;6;True
21940;6;12;6;True
21941;1;1;0;True
21942;2;4;2;True
21943;1;1;0;True
21944;5;12;7;True
21945;6;12;6;True
21946;4;4;0;True
21947;3;9;6;True
21948;3;4;1;True
21949;6;16;10;True
21950;3;4;1;True
21951;0;0;0;True
21952;5;12;7;True
21953;0;0;0;True
21954;1;1;0;True
21955;4;6;2;True
21956;2;4;2;True
21957;0;0;0;True
21958;2;4;2;True
21959;3;6;3;True
21960;3;9;6;True
21961;4;12;8;True
21962;2;4;2;True
21963;1;1;0;True
21964;1;1;0;True
21965;6;16;10;True
21966;4;9;5;True
21967;3;6;3;True
21968;3;6;3;True
21969;4;9;5;True
21970;3;6;3;True
21971;1;1;0;True
21972;4;9;5;True
21973;0;0;0;True
21974;4;4;0;True
21975;0;0;0;True
21976;4;9;5;True
21977;3;6;3;True
21978;6;12;6;True
21979;4;6;2;True
21980;3;6;3;True
21981;9;16;7;True
21982;1;1;0;True
21983;0;0;0;True
21984;4;6;2;True
21985;5;16;11;True
21986;7;16;9;True
21987;5;9;4;True
21988;4;9;5;True
21989;5;16;11;True
21990;4;9;5;True
21991;1;1;0;True
21992;3;6;3;True
21993;0;0;0;True
21994;7;16;9;True
21995;4;12;8;True
21996;6;16;10;True
21997;4;9;5;True
21998;0;0;0;True
21999;1;1;0;True
22000;2;4;2;True
22001;3;4;1;True
22002;1;1;0;True
22003;6;12;6;True
22004;4;6;2;True
22005;5;16;11;True
22006;2;4;2;True
22007;5;16;11;True
22008;0;0;0;True
22009;4;6;2;True
22010;1;1;0;True
22011;6;8;2;True
22012;3;9;6;True
22013;8;16;8;True
22014;2;4;2;True
22015;3;4;1;True
22016;4;9;5;True
22017;7;16;9;True
22018;7;12;5;True
22019;3;3;0;True
22020;3;6;3;True
22021;6;12;6;True
22022;5;9;4;True
22023;3;6;3;True
22024;3;6;3;True
22025;3;6;3;True
22026;5;9;4;True
22027;4;9;5;True
22028;1;1;0;True
22029;7;12;5;True
22030;1;1;0;True
22031;6;12;6;True
22032;4;6;2;True
22033;2;4;2;True
22034;2;4;2;True
22035;6;12;6;True
22036;0;0;0;True
22037;9;16;7;True
22038;3;6;3;True
22039;3;4;1;True
22040;10;16;6;True
22041;4;9;5;True
22042;4;12;8;True
22043;2;2;0;True
22044;2;2;0;True
22045;1;1;0;True
22046;2;4;2;True
22047;1;1;0;True
22048;5;16;11;True
22049;1;1;0;True
22050;0;0;0;True
22051;3;9;6;True
22052;0;0;0;True
22053;3;3;0;True
22054;5;12;7;True
22055;1;1;0;True
22056;3;9;6;True
22057;7;9;2;True
22058;6;12;6;True
22059;2;2;0;True
22060;1;1;0;True
22061;5;12;7;True
22062;4;9;5;True
22063;3;6;3;True
22064;2;4;2;True
22065;4;9;5;True
22066;5;9;4;True
22067;6;9;3;True
22068;2;2;0;True
22069;2;2;0;True
22070;4;12;8;True
22071;6;16;10;True
22072;6;12;6;True
22073;6;12;6;True
22074;2;4;2;True
22075;6;16;10;True
22076;3;4;1;True
22077;4;6;2;True
22078;1;1;0;True
22079;5;12;7;True
22080;7;16;9;True
22081;3;3;0;True
22082;6;12;6;True
22083;5;9;4;True
22084;1;1;0;True
22085;8;12;4;True
22086;3;6;3;True
22087;5;8;3;True
22088;4;8;4;True
22089;3;6;3;True
22090;3;4;1;True
22091;2;2;0;True
22092;2;4;2;True
22093;1;1;0;True
22094;5;6;1;True
22095;5;9;4;True
22096;8;16;8;True
22097;4;6;2;True
22098;2;2;0;True
22099;6;12;6;True
22100;5;9;4;True
22101;4;9;5;True
22102;0;0;0;True
22103;3;9;6;True
22104;4;9;5;True
22105;5;12;7;True
22106;4;6;2;True
22107;2;4;2;True
22108;5;12;7;True
22109;8;12;4;True
22110;3;6;3;True
22111;2;4;2;True
22112;1;1;0;True
22113;1;1;0;True
22114;1;1;0;True
22115;6;16;10;True
22116;1;1;0;True
22117;3;6;3;True
22118;1;1;0;True
22119;7;16;9;True
22120;2;2;0;True
22121;4;9;5;True
22122;5;9;4;True
22123;8;12;4;True
22124;8;16;8;True
22125;3;6;3;True
22126;4;9;5;True
22127;1;1;0;True
22128;0;0;0;True
22129;5;12;7;True
22130;2;2;0;True
22131;2;4;2;True
22132;6;9;3;True
22133;4;12;8;True
22134;4;12;8;True
22135;7;12;5;True
22136;2;4;2;True
22137;4;9;5;True
22138;2;4;2;True
22139;2;4;2;True
22140;5;9;4;True
22141;5;16;11;True
22142;7;16;9;True
22143;5;9;4;True
22144;2;4;2;True
22145;8;16;8;True
22146;8;16;8;True
22147;3;6;3;True
22148;6;9;3;True
22149;3;9;6;True
22150;4;8;4;True
22151;0;0;0;True
22152;1;1;0;True
22153;2;2;0;True
22154;4;6;2;True
22155;2;2;0;True
22156;6;16;10;True
22157;1;1;0;True
22158;5;9;4;True
22159;0;0;0;True
22160;7;12;5;True
22161;9;16;7;True
22162;3;6;3;True
22163;3;9;6;True
22164;6;16;10;True
22165;9;16;7;True
22166;4;6;2;True
22167;9;12;3;True
22168;1;1;0;True
22169;2;4;2;True
22170;10;16;6;True
22171;6;16;10;True
22172;3;4;1;True
22173;0;0;0;True
22174;3;6;3;True
22175;3;6;3;True
22176;3;6;3;True
22177;5;9;4;True
22178;5;12;7;True
22179;5;9;4;True
22180;5;12;7;True
22181;4;6;2;True
22182;3;9;6;True
22183;5;12;7;True
22184;6;16;10;True
22185;3;4;1;True
22186;1;1;0;True
22187;5;9;4;True
22188;2;2;0;True
22189;4;12;8;True
22190;6;12;6;True
22191;5;9;4;True
22192;3;3;0;True
22193;2;4;2;True
22194;2;4;2;True
22195;3;4;1;True
22196;1;1;0;True
22197;3;6;3;True
22198;3;6;3;True
22199;4;6;2;True
22200;6;12;6;True
22201;0;0;0;True
22202;0;0;0;True
22203;7;16;9;True
22204;7;9;2;True
22205;0;0;0;True
22206;6;9;3;True
22207;8;16;8;True
22208;2;2;0;True
22209;2;2;0;True
22210;5;6;1;True
22211;8;12;4;True
22212;4;12;8;True
22213;7;12;5;True
22214;1;1;0;True
22215;1;1;0;True
22216;0;0;0;True
22217;2;4;2;True
22218;4;12;8;True
22219;3;6;3;True
22220;2;4;2;True
22221;2;2;0;True
22222;10;16;6;True
22223;3;6;3;True
22224;3;6;3;True
22225;6;9;3;True
22226;3;9;6;True
22227;3;6;3;True
22228;9;16;7;True
22229;0;0;0;True
22230;2;4;2;True
22231;5;12;7;True
22232;2;4;2;True
22233;5;12;7;True
22234;1;1;0;True
22235;3;6;3;True
22236;0;0;0;True
22237;2;4;2;True
22238;4;9;5;True
22239;4;8;4;True
22240;4;9;5;True
22241;7;16;9;True
22242;1;1;0;True
22243;4;9;5;True
22244;5;9;4;True
22245;3;6;3;True
22246;2;4;2;True
22247;4;9;5;True
22248;1;1;0;True
22249;4;6;2;True
22250;6;12;6;True
22251;4;12;8;True
22252;3;4;1;True
22253;2;4;2;True
22254;5;6;1;True
22255;3;4;1;True
22256;3;6;3;True
22257;4;6;2;True
22258;2;4;2;True
22259;5;9;4;True
22260;8;16;8;True
22261;6;12;6;True
22262;7;12;5;True
22263;6;12;6;True
22264;4;9;5;True
22265;2;4;2;True
22266;8;16;8;True
22267;6;16;10;True
22268;1;1;0;True
22269;3;6;3;True
22270;5;12;7;True
22271;0;0;0;True
22272;7;12;5;True
22273;6;16;10;True
22274;11;16;5;True
22275;4;6;2;True
22276;7;16;9;True
22277;2;2;0;True
22278;2;2;0;True
22279;1;1;0;True
22280;8;16;8;True
22281;2;2;0;True
22282;2;2;0;True
22283;0;0;0;True
22284;1;1;0;True
22285;3;6;3;True
22286;4;6;2;True
22287;2;4;2;True
22288;3;6;3;True
22289;7;16;9;True
22290;2;2;0;True
22291;2;4;2;True
22292;5;9;4;True
22293;7;12;5;True
22294;4;9;5;True
22295;7;12;5;True
22296;7;16;9;True
22297;7;12;5;True
22298;2;2;0;True
22299;2;4;2;True
22300;2;2;0;True
22301;5;8;3;True
22302;4;8;4;True
22303;5;8;3;True
22304;6;12;6;True
22305;6;12;6;True
22306;3;4;1;True
22307;2;4;2;True
22308;6;9;3;True
22309;3;3;0;True
22310;6;9;3;True
22311;5;12;7;True
22312;0;0;0;True
22313;7;16;9;True
22314;4;6;2;True
22315;5;12;7;True
22316;4;6;2;True
22317;5;16;11;True
22318;2;2;0;True
22319;2;4;2;True
22320;3;3;0;True
22321;7;12;5;True
22322;3;9;6;True
22323;3;6;3;True
22324;5;12;7;True
22325;1;1;0;True
22326;3;6;3;True
22327;6;9;3;True
22328;2;4;2;True
22329;6;12;6;True
22330;6;12;6;True
22331;3;6;3;True
22332;3;4;1;True
22333;2;2;0;True
22334;4;9;5;True
22335;7;12;5;True
22336;2;4;2;True
22337;6;12;6;True
22338;1;1;0;True
22339;3;6;3;True
22340;1;1;0;True
22341;1;1;0;True
22342;3;4;1;True
22343;3;3;0;True
22344;3;9;6;True
22345;6;16;10;True
22346;7;16;9;True
22347;2;4;2;True
22348;2;2;0;True
22349;0;0;0;True
22350;0;0;0;True
22351;6;16;10;True
22352;4;6;2;True
22353;1;1;0;True
22354;6;16;10;True
22355;6;16;10;True
22356;0;0;0;True
22357;2;2;0;True
22358;0;0;0;True
22359;2;2;0;True
22360;2;4;2;True
22361;1;1;0;True
22362;6;16;10;True
22363;6;9;3;True
22364;2;4;2;True
22365;4;9;5;True
22366;3;6;3;True
22367;6;12;6;True
22368;10;16;6;True
22369;8;12;4;True
22370;8;16;8;True
22371;3;6;3;True
22372;1;1;0;True
22373;3;6;3;True
22374;2;4;2;True
22375;4;9;5;True
22376;5;16;11;True
22377;7;16;9;True
22378;1;1;0;True
22379;3;4;1;True
22380;1;1;0;True
22381;3;6;3;True
22382;2;4;2;True
22383;3;6;3;True
22384;3;4;1;True
22385;6;12;6;True
22386;1;1;0;True
22387;2;2;0;True
22388;2;2;0;True
22389;7;12;5;True
22390;5;8;3;True
22391;1;1;0;True
22392;3;6;3;True
22393;6;12;6;True
22394;5;9;4;True
22395;1;1;0;True
22396;3;6;3;True
22397;6;12;6;True
22398;6;9;3;True
22399;5;8;3;True
22400;3;6;3;True
22401;3;6;3;True
22402;5;12;7;True
22403;4;6;2;True
22404;2;4;2;True
22405;5;16;11;True
22406;6;8;2;True
22407;11;16;5;True
22408;4;6;2;True
22409;5;8;3;True
22410;7;16;9;True
22411;4;9;5;True
22412;5;8;3;True
22413;0;0;0;True
22414;3;9;6;True
22415;2;4;2;True
22416;4;6;2;True
22417;0;0;0;True
22418;3;9;6;True
22419;8;16;8;True
22420;3;6;3;True
22421;3;9;6;True
22422;1;1;0;True
22423;2;4;2;True
22424;3;6;3;True
22425;3;6;3;True
22426;3;3;0;True
22427;4;12;8;True
22428;3;6;3;True
22429;5;12;7;True
22430;0;0;0;True
22431;7;16;9;True
22432;1;1;0;True
22433;4;4;0;True
22434;9;16;7;True
22435;2;4;2;True
22436;3;4;1;True
22437;2;2;0;True
22438;2;4;2;True
22439;6;12;6;True
22440;4;6;2;True
22441;2;2;0;True
22442;4;9;5;True
22443;2;4;2;True
22444;2;4;2;True
22445;4;12;8;True
22446;7;16;9;True
22447;3;3;0;True
22448;7;16;9;True
22449;3;4;1;True
22450;3;9;6;True
22451;4;9;5;True
22452;3;4;1;True
22453;6;12;6;True
22454;8;12;4;True
22455;6;12;6;True
22456;7;12;5;True
22457;2;4;2;True
22458;4;9;5;True
22459;6;12;6;True
22460;2;4;2;True
22461;3;6;3;True
22462;8;12;4;True
22463;2;2;0;True
22464;9;16;7;True
22465;2;2;0;True
22466;8;16;8;True
22467;4;9;5;True
22468;4;8;4;True
22469;0;0;0;True
22470;4;12;8;True
22471;9;16;7;True
22472;5;16;11;True
22473;2;2;0;True
22474;2;4;2;True
22475;9;16;7;True
22476;2;2;0;True
22477;0;0;0;True
22478;3;6;3;True
22479;5;16;11;True
22480;7;16;9;True
22481;3;4;1;True
22482;4;4;0;True
22483;3;6;3;True
22484;6;16;10;True
22485;3;6;3;True
22486;5;12;7;True
22487;4;6;2;True
22488;5;9;4;True
22489;1;1;0;True
22490;2;2;0;True
22491;8;9;1;True
22492;9;16;7;True
22493;0;0;0;True
22494;4;9;5;True
22495;2;4;2;True
22496;3;6;3;True
22497;1;1;0;True
22498;1;1;0;True
22499;4;6;2;True
22500;3;9;6;True
22501;2;2;0;True
22502;9;12;3;True
22503;2;2;0;True
22504;3;6;3;True
22505;4;16;12;True
22506;4;9;5;True
22507;3;6;3;True
22508;4;6;2;True
22509;4;4;0;True
22510;6;12;6;True
22511;3;6;3;True
22512;4;9;5;True
22513;0;0;0;True
22514;4;6;2;True
22515;4;9;5;True
22516;3;9;6;True
22517;6;16;10;True
22518;0;0;0;True
22519;10;16;6;True
22520;0;0;0;True
22521;3;6;3;True
22522;1;1;0;True
22523;3;3;0;True
22524;5;16;11;True
22525;0;0;0;True
22526;5;12;7;True
22527;6;12;6;True
22528;3;6;3;True
22529;8;12;4;True
22530;3;6;3;True
22531;4;9;5;True
22532;4;6;2;True
22533;6;16;10;True
22534;2;2;0;True
22535;0;0;0;True
22536;2;2;0;True
22537;8;16;8;True
22538;3;6;3;True
22539;6;9;3;True
22540;3;6;3;True
22541;2;2;0;True
22542;9;12;3;True
22543;4;6;2;True
22544;7;12;5;True
22545;4;8;4;True
22546;4;6;2;True
22547;0;0;0;True
22548;5;8;3;True
22549;5;9;4;True
22550;4;9;5;True
22551;3;9;6;True
22552;8;16;8;True
22553;2;2;0;True
22554;4;9;5;True
22555;2;2;0;True
22556;2;4;2;True
22557;4;6;2;True
22558;2;4;2;True
22559;3;6;3;True
22560;4;6;2;True
22561;3;4;1;True
22562;4;9;5;True
22563;4;4;0;True
22564;7;16;9;True
22565;4;6;2;True
22566;5;12;7;True
22567;1;1;0;True
22568;7;16;9;True
22569;3;4;1;True
22570;5;6;1;True
22571;4;9;5;True
22572;7;12;5;True
22573;6;12;6;True
22574;2;4;2;True
22575;6;12;6;True
22576;4;6;2;True
22577;1;1;0;True
22578;2;4;2;True
22579;5;12;7;True
22580;2;4;2;True
22581;5;9;4;True
22582;3;6;3;True
22583;5;9;4;True
22584;5;9;4;True
22585;3;4;1;True
22586;3;6;3;True
22587;2;4;2;True
22588;2;4;2;True
22589;9;12;3;True
22590;5;12;7;True
22591;6;12;6;True
22592;6;12;6;True
22593;7;12;5;True
22594;4;9;5;True
22595;4;9;5;True
22596;6;12;6;True
22597;3;6;3;True
22598;4;8;4;True
22599;3;6;3;True
22600;1;1;0;True
22601;6;16;10;True
22602;6;12;6;True
22603;1;1;0;True
22604;6;12;6;True
22605;4;6;2;True
22606;6;9;3;True
22607;1;1;0;True
22608;6;9;3;True
22609;3;6;3;True
22610;6;12;6;True
22611;5;9;4;True
22612;0;0;0;True
22613;2;2;0;True
22614;5;6;1;True
22615;7;12;5;True
22616;3;6;3;True
22617;3;6;3;True
22618;7;12;5;True
22619;11;16;5;True
22620;7;12;5;True
22621;2;4;2;True
22622;2;4;2;True
22623;2;2;0;True
22624;4;6;2;True
22625;3;6;3;True
22626;7;12;5;True
22627;0;0;0;True
22628;4;12;8;True
22629;9;16;7;True
22630;2;2;0;True
22631;4;12;8;True
22632;2;2;0;True
22633;2;4;2;True
22634;5;9;4;True
22635;9;12;3;True
22636;1;1;0;True
22637;6;12;6;True
22638;5;16;11;True
22639;3;6;3;True
22640;6;12;6;True
22641;6;12;6;True
22642;3;6;3;True
22643;4;6;2;True
22644;3;9;6;True
22645;6;12;6;True
22646;0;0;0;True
22647;4;6;2;True
22648;2;4;2;True
22649;2;4;2;True
22650;1;1;0;True
22651;1;1;0;True
22652;2;2;0;True
22653;3;6;3;True
22654;1;1;0;True
22655;5;9;4;True
22656;10;16;6;True
22657;2;4;2;True
22658;3;4;1;True
22659;9;16;7;True
22660;3;4;1;True
22661;1;1;0;True
22662;6;12;6;True
22663;3;4;1;True
22664;1;1;0;True
22665;6;9;3;True
22666;7;16;9;True
22667;0;0;0;True
22668;4;6;2;True
22669;1;1;0;True
22670;1;1;0;True
22671;0;0;0;True
22672;4;12;8;True
22673;5;8;3;True
22674;3;6;3;True
22675;2;2;0;True
22676;3;6;3;True
22677;2;4;2;True
22678;3;6;3;True
22679;3;6;3;True
22680;4;9;5;True
22681;5;9;4;True
22682;2;2;0;True
22683;1;1;0;True
22684;0;0;0;True
22685;5;12;7;True
22686;1;1;0;True
22687;2;4;2;True
22688;0;0;0;True
22689;0;0;0;True
22690;2;2;0;True
22691;3;4;1;True
22692;0;0;0;True
22693;1;1;0;True
22694;0;0;0;True
22695;2;4;2;True
22696;6;12;6;True
22697;3;6;3;True
22698;1;1;0;True
22699;2;4;2;True
22700;7;12;5;True
22701;3;6;3;True
22702;3;6;3;True
22703;6;9;3;True
22704;4;12;8;True
22705;10;16;6;True
22706;1;1;0;True
22707;3;6;3;True
22708;2;2;0;True
22709;4;6;2;True
22710;4;6;2;True
22711;3;6;3;True
22712;1;1;0;True
22713;4;6;2;True
22714;5;12;7;True
22715;6;12;6;True
22716;6;9;3;True
22717;2;4;2;True
22718;8;12;4;True
22719;9;16;7;True
22720;2;4;2;True
22721;4;9;5;True
22722;6;12;6;True
22723;7;12;5;True
22724;4;9;5;True
22725;7;9;2;True
22726;9;16;7;True
22727;2;2;0;True
22728;4;6;2;True
22729;3;6;3;True
22730;1;1;0;True
22731;7;16;9;True
22732;6;12;6;True
22733;4;9;5;True
22734;6;9;3;True
22735;2;2;0;True
22736;1;1;0;True
22737;1;1;0;True
22738;6;12;6;True
22739;0;0;0;True
22740;3;6;3;True
22741;0;0;0;True
22742;4;12;8;True
22743;3;4;1;True
22744;4;6;2;True
22745;6;16;10;True
22746;7;16;9;True
22747;3;9;6;True
22748;1;1;0;True
22749;2;4;2;True
22750;0;0;0;True
22751;4;16;12;True
22752;5;9;4;True
22753;4;9;5;True
22754;2;4;2;True
22755;4;12;8;True
22756;7;16;9;True
22757;3;4;1;True
22758;1;1;0;True
22759;1;1;0;True
22760;6;12;6;True
22761;2;4;2;True
22762;4;8;4;True
22763;5;9;4;True
22764;3;4;1;True
22765;5;9;4;True
22766;3;6;3;True
22767;6;16;10;True
22768;4;6;2;True
22769;1;1;0;True
22770;0;0;0;True
22771;5;9;4;True
22772;3;4;1;True
22773;1;1;0;True
22774;9;16;7;True
22775;2;4;2;True
22776;2;4;2;True
22777;6;9;3;True
22778;5;16;11;True
22779;3;4;1;True
22780;4;6;2;True
22781;8;12;4;True
22782;5;9;4;True
22783;3;6;3;True
22784;0;0;0;True
22785;4;9;5;True
22786;1;1;0;True
22787;4;6;2;True
22788;6;9;3;True
22789;7;16;9;True
22790;6;9;3;True
22791;5;8;3;True
22792;2;4;2;True
22793;2;2;0;True
22794;2;2;0;True
22795;3;9;6;True
22796;2;4;2;True
22797;5;9;4;True
22798;4;6;2;True
22799;6;12;6;True
22800;4;12;8;True
22801;3;6;3;True
22802;2;4;2;True
22803;1;1;0;True
22804;0;0;0;True
22805;2;2;0;True
22806;1;1;0;True
22807;0;0;0;True
22808;4;6;2;True
22809;5;9;4;True
22810;5;16;11;True
22811;3;4;1;True
22812;7;16;9;True
22813;2;4;2;True
22814;2;2;0;True
22815;1;1;0;True
22816;8;16;8;True
22817;4;6;2;True
22818;1;1;0;True
22819;8;12;4;True
22820;2;4;2;True
22821;5;9;4;True
22822;7;12;5;True
22823;3;4;1;True
22824;4;9;5;True
22825;8;16;8;True
22826;6;9;3;True
22827;0;0;0;True
22828;3;9;6;True
22829;5;9;4;True
22830;5;9;4;True
22831;0;0;0;True
22832;5;9;4;True
22833;0;0;0;True
22834;5;9;4;True
22835;4;9;5;True
22836;3;4;1;True
22837;1;1;0;True
22838;5;12;7;True
22839;1;1;0;True
22840;4;8;4;True
22841;4;9;5;True
22842;2;4;2;True
22843;6;16;10;True
22844;4;6;2;True
22845;1;1;0;True
22846;2;4;2;True
22847;4;9;5;True
22848;1;1;0;True
22849;1;1;0;True
22850;4;9;5;True
22851;6;12;6;True
22852;4;4;0;True
22853;2;2;0;True
22854;8;16;8;True
22855;2;2;0;True
22856;2;4;2;True
22857;8;16;8;True
22858;5;12;7;True
22859;5;12;7;True
22860;8;16;8;True
22861;4;6;2;True
22862;1;1;0;True
22863;7;12;5;True
22864;2;2;0;True
22865;4;12;8;True
22866;5;16;11;True
22867;5;9;4;True
22868;5;12;7;True
22869;4;9;5;True
22870;6;16;10;True
22871;4;9;5;True
22872;8;12;4;True
22873;1;1;0;True
22874;3;6;3;True
22875;5;8;3;True
22876;1;1;0;True
22877;2;2;0;True
22878;4;12;8;True
22879;3;6;3;True
22880;4;6;2;True
22881;4;12;8;True
22882;10;16;6;True
22883;3;9;6;True
22884;4;12;8;True
22885;5;12;7;True
22886;2;2;0;True
22887;1;1;0;True
22888;2;4;2;True
22889;6;16;10;True
22890;3;4;1;True
22891;2;2;0;True
22892;6;12;6;True
22893;4;9;5;True
22894;3;4;1;True
22895;5;12;7;True
22896;5;12;7;True
22897;4;9;5;True
22898;1;1;0;True
22899;4;9;5;True
22900;3;6;3;True
22901;3;4;1;True
22902;4;12;8;True
22903;3;9;6;True
22904;5;12;7;True
22905;4;6;2;True
22906;6;12;6;True
22907;4;9;5;True
22908;3;4;1;True
22909;1;1;0;True
22910;2;4;2;True
22911;5;9;4;True
22912;5;12;7;True
22913;5;12;7;True
22914;2;2;0;True
22915;0;0;0;True
22916;2;4;2;True
22917;1;1;0;True
22918;6;16;10;True
22919;6;16;10;True
22920;3;9;6;True
22921;3;4;1;True
22922;3;4;1;True
22923;7;16;9;True
22924;7;16;9;True
22925;1;1;0;True
22926;2;4;2;True
22927;3;4;1;True
22928;1;1;0;True
22929;3;4;1;True
22930;9;16;7;True
22931;3;6;3;True
22932;2;2;0;True
22933;2;2;0;True
22934;10;16;6;True
22935;2;2;0;True
22936;5;12;7;True
22937;4;9;5;True
22938;1;1;0;True
22939;6;16;10;True
22940;0;0;0;True
22941;3;9;6;True
22942;0;0;0;True
22943;5;9;4;True
22944;5;9;4;True
22945;0;0;0;True
22946;3;9;6;True
22947;6;16;10;True
22948;5;8;3;True
22949;8;16;8;True
22950;2;2;0;True
22951;4;8;4;True
22952;4;9;5;True
22953;3;6;3;True
22954;3;4;1;True
22955;3;6;3;True
22956;2;4;2;True
22957;5;12;7;True
22958;3;4;1;True
22959;7;12;5;True
22960;1;1;0;True
22961;7;16;9;True
22962;1;1;0;True
22963;4;9;5;True
22964;5;16;11;True
22965;9;16;7;True
22966;6;9;3;True
22967;5;9;4;True
22968;5;12;7;True
22969;11;12;1;True
22970;6;12;6;True
22971;2;4;2;True
22972;6;12;6;True
22973;7;16;9;True
22974;7;16;9;True
22975;2;2;0;True
22976;2;4;2;True
22977;6;12;6;True
22978;5;9;4;True
22979;2;4;2;True
22980;4;9;5;True
22981;2;4;2;True
22982;9;16;7;True
22983;0;0;0;True
22984;4;6;2;True
22985;6;16;10;True
22986;3;4;1;True
22987;3;4;1;True
22988;1;1;0;True
22989;2;4;2;True
22990;4;9;5;True
22991;4;9;5;True
22992;3;6;3;True
22993;5;9;4;True
22994;3;9;6;True
22995;5;16;11;True
22996;4;9;5;True
22997;4;9;5;True
22998;1;1;0;True
22999;2;4;2;True
23000;1;1;0;True
23001;5;16;11;True
23002;4;9;5;True
23003;3;6;3;True
23004;2;4;2;True
23005;1;1;0;True
23006;3;4;1;True
23007;6;16;10;True
23008;4;8;4;True
23009;4;6;2;True
23010;1;1;0;True
23011;6;12;6;True
23012;5;12;7;True
23013;4;9;5;True
23014;7;16;9;True
23015;8;12;4;True
23016;4;16;12;True
23017;2;4;2;True
23018;3;6;3;True
23019;4;6;2;True
23020;5;9;4;True
23021;3;4;1;True
23022;8;12;4;True
23023;5;12;7;True
23024;3;3;0;True
23025;3;6;3;True
23026;4;9;5;True
23027;1;1;0;True
23028;10;16;6;True
23029;3;6;3;True
23030;3;6;3;True
23031;5;12;7;True
23032;3;4;1;True
23033;2;2;0;True
23034;4;6;2;True
23035;6;8;2;True
23036;7;12;5;True
23037;5;12;7;True
23038;2;2;0;True
23039;4;6;2;True
23040;6;12;6;True
23041;4;12;8;True
23042;10;16;6;True
23043;3;6;3;True
23044;4;8;4;True
23045;3;4;1;True
23046;5;12;7;True
23047;3;6;3;True
23048;4;6;2;True
23049;6;12;6;True
23050;1;1;0;True
23051;4;6;2;True
23052;4;9;5;True
23053;4;6;2;True
23054;6;16;10;True
23055;0;0;0;True
23056;3;4;1;True
23057;0;0;0;True
23058;0;0;0;True
23059;1;1;0;True
23060;3;4;1;True
23061;7;16;9;True
23062;3;6;3;True
23063;6;6;0;True
23064;9;16;7;True
23065;8;16;8;True
23066;7;16;9;True
23067;2;2;0;True
23068;7;12;5;True
23069;0;0;0;True
23070;5;12;7;True
23071;1;1;0;True
23072;4;9;5;True
23073;3;3;0;True
23074;1;1;0;True
23075;6;16;10;True
23076;7;12;5;True
23077;4;8;4;True
23078;7;9;2;True
23079;2;4;2;True
23080;2;4;2;True
23081;9;16;7;True
23082;1;1;0;True
23083;5;16;11;True
23084;5;8;3;True
23085;6;12;6;True
23086;7;16;9;True
23087;2;4;2;True
23088;5;12;7;True
23089;6;12;6;True
23090;7;16;9;True
23091;3;3;0;True
23092;0;0;0;True
23093;6;9;3;True
23094;3;6;3;True
23095;2;2;0;True
23096;6;12;6;True
23097;5;16;11;True
23098;8;16;8;True
23099;2;4;2;True
23100;4;6;2;True
23101;4;6;2;True
23102;1;1;0;True
23103;6;12;6;True
23104;3;6;3;True
23105;2;4;2;True
23106;8;16;8;True
23107;5;12;7;True
23108;2;4;2;True
23109;5;9;4;True
23110;2;2;0;True
23111;5;9;4;True
23112;4;6;2;True
23113;5;12;7;True
23114;6;12;6;True
23115;3;4;1;True
23116;2;2;0;True
23117;3;6;3;True
23118;4;9;5;True
23119;5;6;1;True
23120;5;16;11;True
23121;0;0;0;True
23122;1;1;0;True
23123;4;6;2;True
23124;5;12;7;True
23125;4;9;5;True
23126;3;6;3;True
23127;8;16;8;True
23128;8;16;8;True
23129;3;6;3;True
23130;6;9;3;True
23131;5;9;4;True
23132;4;6;2;True
23133;5;8;3;True
23134;4;9;5;True
23135;4;6;2;True
23136;1;1;0;True
23137;8;16;8;True
23138;8;12;4;True
23139;2;4;2;True
23140;2;2;0;True
23141;6;16;10;True
23142;8;12;4;True
23143;2;4;2;True
23144;8;16;8;True
23145;1;1;0;True
23146;5;9;4;True
23147;6;8;2;True
23148;1;1;0;True
23149;3;6;3;True
23150;1;1;0;True
23151;3;9;6;True
23152;2;4;2;True
23153;4;9;5;True
23154;10;16;6;True
23155;2;4;2;True
23156;7;12;5;True
23157;4;12;8;True
23158;1;1;0;True
23159;3;4;1;True
23160;3;3;0;True
23161;4;12;8;True
23162;0;0;0;True
23163;3;3;0;True
23164;3;6;3;True
23165;1;1;0;True
23166;4;6;2;True
23167;2;4;2;True
23168;2;4;2;True
23169;2;2;0;True
23170;4;9;5;True
23171;1;1;0;True
23172;5;12;7;True
23173;5;8;3;True
23174;3;9;6;True
23175;0;0;0;True
23176;2;4;2;True
23177;0;0;0;True
23178;6;9;3;True
23179;7;12;5;True
23180;4;12;8;True
23181;5;6;1;True
23182;1;1;0;True
23183;3;9;6;True
23184;4;4;0;True
23185;1;1;0;True
23186;6;12;6;True
23187;3;6;3;True
23188;6;12;6;True
23189;2;4;2;True
23190;0;0;0;True
23191;3;6;3;True
23192;2;4;2;True
23193;6;16;10;True
23194;8;12;4;True
23195;5;6;1;True
23196;4;6;2;True
23197;1;1;0;True
23198;10;16;6;True
23199;3;9;6;True
23200;6;16;10;True
23201;3;6;3;True
23202;6;9;3;True
23203;0;0;0;True
23204;1;1;0;True
23205;4;8;4;True
23206;6;16;10;True
23207;3;6;3;True
23208;9;16;7;True
23209;6;16;10;True
23210;5;9;4;True
23211;3;4;1;True
23212;3;9;6;True
23213;1;1;0;True
23214;4;9;5;True
23215;2;4;2;True
23216;3;4;1;True
23217;3;6;3;True
23218;2;4;2;True
23219;5;16;11;True
23220;3;9;6;True
23221;5;12;7;True
23222;3;9;6;True
23223;7;12;5;True
23224;3;6;3;True
23225;0;0;0;True
23226;5;9;4;True
23227;8;16;8;True
23228;4;6;2;True
23229;4;9;5;True
23230;3;6;3;True
23231;4;9;5;True
23232;3;4;1;True
23233;9;16;7;True
23234;4;9;5;True
23235;0;0;0;True
23236;3;4;1;True
23237;8;12;4;True
23238;2;4;2;True
23239;3;4;1;True
23240;4;4;0;True
23241;8;12;4;True
23242;3;9;6;True
23243;5;6;1;True
23244;2;4;2;True
23245;2;4;2;True
23246;6;12;6;True
23247;1;1;0;True
23248;2;4;2;True
23249;3;4;1;True
23250;7;12;5;True
23251;4;8;4;True
23252;2;4;2;True
23253;5;12;7;True
23254;4;12;8;True
23255;1;1;0;True
23256;8;12;4;True
23257;1;1;0;True
23258;2;4;2;True
23259;5;9;4;True
23260;8;16;8;True
23261;1;1;0;True
23262;2;2;0;True
23263;7;16;9;True
23264;5;12;7;True
23265;5;9;4;True
23266;4;6;2;True
23267;1;1;0;True
23268;4;12;8;True
23269;0;0;0;True
23270;1;1;0;True
23271;2;2;0;True
23272;7;16;9;True
23273;1;1;0;True
23274;3;3;0;True
23275;4;9;5;True
23276;4;8;4;True
23277;2;4;2;True
23278;4;12;8;True
23279;5;12;7;True
23280;2;4;2;True
23281;2;4;2;True
23282;4;9;5;True
23283;9;12;3;True
23284;7;12;5;True
23285;4;6;2;True
23286;3;4;1;True
23287;8;12;4;True
23288;10;16;6;True
23289;5;12;7;True
23290;2;2;0;True
23291;7;12;5;True
23292;6;9;3;True
23293;5;12;7;True
23294;5;6;1;True
23295;2;2;0;True
23296;0;0;0;True
23297;3;4;1;True
23298;1;1;0;True
23299;5;6;1;True
23300;9;16;7;True
23301;6;16;10;True
23302;2;4;2;True
23303;2;4;2;True
23304;5;12;7;True
23305;3;9;6;True
23306;3;4;1;True
23307;3;9;6;True
23308;6;12;6;True
23309;6;12;6;True
23310;5;12;7;True
23311;1;1;0;True
23312;5;9;4;True
23313;8;16;8;True
23314;4;9;5;True
23315;7;16;9;True
23316;5;9;4;True
23317;1;1;0;True
23318;6;16;10;True
23319;4;9;5;True
23320;4;12;8;True
23321;6;8;2;True
23322;4;9;5;True
23323;2;4;2;True
23324;7;12;5;True
23325;7;16;9;True
23326;1;1;0;True
23327;6;9;3;True
23328;5;16;11;True
23329;5;12;7;True
23330;4;9;5;True
23331;3;4;1;True
23332;3;6;3;True
23333;7;16;9;True
23334;8;16;8;True
23335;0;0;0;True
23336;7;12;5;True
23337;6;16;10;True
23338;5;12;7;True
23339;1;1;0;True
23340;4;8;4;True
23341;1;1;0;True
23342;2;4;2;True
23343;3;3;0;True
23344;6;12;6;True
23345;2;2;0;True
23346;3;9;6;True
23347;1;1;0;True
23348;5;9;4;True
23349;2;4;2;True
23350;1;1;0;True
23351;4;6;2;True
23352;1;1;0;True
23353;0;0;0;True
23354;4;9;5;True
23355;5;12;7;True
23356;3;6;3;True
23357;6;16;10;True
23358;4;6;2;True
23359;3;6;3;True
23360;1;1;0;True
23361;6;12;6;True
23362;10;16;6;True
23363;1;1;0;True
23364;2;2;0;True
23365;5;8;3;True
23366;1;1;0;True
23367;4;9;5;True
23368;6;9;3;True
23369;3;6;3;True
23370;10;16;6;True
23371;2;4;2;True
23372;3;6;3;True
23373;2;2;0;True
23374;6;9;3;True
23375;4;6;2;True
23376;3;6;3;True
23377;3;6;3;True
23378;2;4;2;True
23379;0;0;0;True
23380;4;12;8;True
23381;5;12;7;True
23382;1;1;0;True
23383;5;16;11;True
23384;1;1;0;True
23385;1;1;0;True
23386;3;4;1;True
23387;2;2;0;True
23388;8;16;8;True
23389;4;6;2;True
23390;3;6;3;True
23391;0;0;0;True
23392;5;12;7;True
23393;5;16;11;True
23394;4;9;5;True
23395;2;4;2;True
23396;8;12;4;True
23397;2;4;2;True
23398;6;12;6;True
23399;7;16;9;True
23400;10;16;6;True
23401;4;9;5;True
23402;1;1;0;True
23403;5;12;7;True
23404;9;12;3;True
23405;2;2;0;True
23406;5;9;4;True
23407;4;9;5;True
23408;3;6;3;True
23409;4;6;2;True
23410;4;12;8;True
23411;6;12;6;True
23412;3;6;3;True
23413;9;12;3;True
23414;1;1;0;True
23415;5;9;4;True
23416;2;4;2;True
23417;2;4;2;True
23418;2;2;0;True
23419;5;12;7;True
23420;6;9;3;True
23421;6;8;2;True
23422;3;6;3;True
23423;2;4;2;True
23424;3;9;6;True
23425;4;12;8;True
23426;2;2;0;True
23427;9;16;7;True
23428;5;9;4;True
23429;12;16;4;True
23430;6;16;10;True
23431;7;16;9;True
23432;4;6;2;True
23433;1;1;0;True
23434;5;9;4;True
23435;3;6;3;True
23436;4;6;2;True
23437;8;16;8;True
23438;5;16;11;True
23439;2;4;2;True
23440;4;9;5;True
23441;2;2;0;True
23442;5;8;3;True
23443;3;4;1;True
23444;0;0;0;True
23445;4;12;8;True
23446;2;2;0;True
23447;6;9;3;True
23448;3;6;3;True
23449;4;6;2;True
23450;5;9;4;True
23451;2;4;2;True
23452;4;12;8;True
23453;3;6;3;True
23454;3;6;3;True
23455;3;9;6;True
23456;3;6;3;True
23457;6;12;6;True
23458;9;16;7;True
23459;1;1;0;True
23460;2;4;2;True
23461;2;4;2;True
23462;7;12;5;True
23463;3;6;3;True
23464;3;6;3;True
23465;6;12;6;True
23466;3;6;3;True
23467;3;6;3;True
23468;5;9;4;True
23469;6;16;10;True
23470;8;16;8;True
23471;7;9;2;True
23472;2;4;2;True
23473;5;9;4;True
23474;7;16;9;True
23475;3;6;3;True
23476;5;12;7;True
23477;3;6;3;True
23478;5;16;11;True
23479;7;12;5;True
23480;1;1;0;True
23481;6;16;10;True
23482;2;4;2;True
23483;6;8;2;True
23484;5;9;4;True
23485;1;1;0;True
23486;3;6;3;True
23487;4;6;2;True
23488;8;16;8;True
23489;3;4;1;True
23490;0;0;0;True
23491;6;16;10;True
23492;2;2;0;True
23493;1;1;0;True
23494;7;12;5;True
23495;3;6;3;True
23496;5;9;4;True
23497;2;4;2;True
23498;1;1;0;True
23499;4;9;5;True
23500;2;4;2;True
23501;5;9;4;True
23502;4;9;5;True
23503;5;16;11;True
23504;0;0;0;True
23505;8;12;4;True
23506;2;2;0;True
23507;3;4;1;True
23508;11;16;5;True
23509;7;16;9;True
23510;7;9;2;True
23511;2;4;2;True
23512;7;16;9;True
23513;0;0;0;True
23514;2;4;2;True
23515;6;9;3;True
23516;4;12;8;True
23517;3;4;1;True
23518;4;9;5;True
23519;2;4;2;True
23520;5;9;4;True
23521;1;1;0;True
23522;3;6;3;True
23523;4;9;5;True
23524;3;4;1;True
23525;6;9;3;True
23526;8;16;8;True
23527;3;9;6;True
23528;5;12;7;True
23529;4;6;2;True
23530;2;2;0;True
23531;1;1;0;True
23532;2;4;2;True
23533;4;4;0;True
23534;5;6;1;True
23535;7;16;9;True
23536;5;12;7;True
23537;2;2;0;True
23538;3;6;3;True
23539;7;12;5;True
23540;4;9;5;True
23541;6;12;6;True
23542;1;1;0;True
23543;2;2;0;True
23544;4;9;5;True
23545;5;16;11;True
23546;4;6;2;True
23547;5;12;7;True
23548;5;9;4;True
23549;7;12;5;True
23550;3;4;1;True
23551;4;6;2;True
23552;1;1;0;True
23553;7;12;5;True
23554;6;16;10;True
23555;2;4;2;True
23556;3;9;6;True
23557;7;12;5;True
23558;5;9;4;True
23559;7;16;9;True
23560;0;0;0;True
23561;3;9;6;True
23562;3;6;3;True
23563;3;6;3;True
23564;10;16;6;True
23565;2;4;2;True
23566;6;12;6;True
23567;3;9;6;True
23568;2;4;2;True
23569;1;1;0;True
23570;6;12;6;True
23571;2;4;2;True
23572;9;16;7;True
23573;5;9;4;True
23574;4;9;5;True
23575;2;4;2;True
23576;6;12;6;True
23577;4;6;2;True
23578;6;9;3;True
23579;2;4;2;True
23580;0;0;0;True
23581;0;0;0;True
23582;3;9;6;True
23583;6;12;6;True
23584;9;16;7;True
23585;3;3;0;True
23586;4;6;2;True
23587;8;16;8;True
23588;5;9;4;True
23589;2;2;0;True
23590;0;0;0;True
23591;8;12;4;True
23592;2;4;2;True
23593;1;1;0;True
23594;2;4;2;True
23595;3;6;3;True
23596;7;16;9;True
23597;7;12;5;True
23598;4;8;4;True
23599;2;4;2;True
23600;4;9;5;True
23601;3;6;3;True
23602;6;9;3;True
23603;7;9;2;True
23604;4;9;5;True
23605;2;2;0;True
23606;3;6;3;True
23607;4;9;5;True
23608;4;9;5;True
23609;5;9;4;True
23610;9;16;7;True
23611;5;9;4;True
23612;7;12;5;True
23613;5;16;11;True
23614;2;4;2;True
23615;9;16;7;True
23616;7;9;2;True
23617;1;1;0;True
23618;5;9;4;True
23619;6;12;6;True
23620;7;16;9;True
23621;4;12;8;True
23622;3;6;3;True
23623;9;16;7;True
23624;3;4;1;True
23625;7;16;9;True
23626;4;12;8;True
23627;2;4;2;True
23628;4;8;4;True
23629;0;0;0;True
23630;9;16;7;True
23631;0;0;0;True
23632;0;0;0;True
23633;5;9;4;True
23634;4;6;2;True
23635;3;9;6;True
23636;3;6;3;True
23637;4;9;5;True
23638;3;6;3;True
23639;6;12;6;True
23640;3;4;1;True
23641;1;1;0;True
23642;1;1;0;True
23643;1;1;0;True
23644;2;2;0;True
23645;2;2;0;True
23646;1;1;0;True
23647;6;16;10;True
23648;2;4;2;True
23649;6;12;6;True
23650;2;2;0;True
23651;5;8;3;True
23652;2;4;2;True
23653;3;6;3;True
23654;5;9;4;True
23655;3;6;3;True
23656;8;16;8;True
23657;3;6;3;True
23658;5;12;7;True
23659;2;4;2;True
23660;3;6;3;True
23661;2;4;2;True
23662;0;0;0;True
23663;4;9;5;True
23664;0;0;0;True
23665;4;9;5;True
23666;1;1;0;True
23667;5;9;4;True
23668;4;6;2;True
23669;3;6;3;True
23670;3;6;3;True
23671;3;6;3;True
23672;0;0;0;True
23673;3;9;6;True
23674;7;12;5;True
23675;6;12;6;True
23676;3;6;3;True
23677;4;9;5;True
23678;2;4;2;True
23679;3;4;1;True
23680;7;12;5;True
23681;3;6;3;True
23682;1;1;0;True
23683;2;4;2;True
23684;3;6;3;True
23685;2;4;2;True
23686;2;4;2;True
23687;0;0;0;True
23688;5;8;3;True
23689;3;4;1;True
23690;5;9;4;True
23691;1;1;0;True
23692;6;12;6;True
23693;6;12;6;True
23694;1;1;0;True
23695;0;0;0;True
23696;0;0;0;True
23697;1;1;0;True
23698;6;12;6;True
23699;5;12;7;True
23700;4;6;2;True
23701;3;9;6;True
23702;0;0;0;True
23703;3;6;3;True
23704;1;1;0;True
23705;4;12;8;True
23706;7;16;9;True
23707;2;2;0;True
23708;6;16;10;True
23709;5;12;7;True
23710;2;4;2;True
23711;1;1;0;True
23712;5;12;7;True
23713;3;6;3;True
23714;1;1;0;True
23715;4;6;2;True
23716;4;8;4;True
23717;0;0;0;True
23718;3;6;3;True
23719;7;12;5;True
23720;6;16;10;True
23721;1;1;0;True
23722;0;0;0;True
23723;6;16;10;True
23724;0;0;0;True
23725;1;1;0;True
23726;3;6;3;True
23727;5;12;7;True
23728;6;12;6;True
23729;3;6;3;True
23730;5;6;1;True
23731;4;6;2;True
23732;8;16;8;True
23733;8;16;8;True
23734;0;0;0;True
23735;6;12;6;True
23736;1;1;0;True
23737;1;1;0;True
23738;4;6;2;True
23739;1;1;0;True
23740;6;9;3;True
23741;2;2;0;True
23742;3;3;0;True
23743;3;6;3;True
23744;2;2;0;True
23745;3;9;6;True
23746;4;9;5;True
23747;10;16;6;True
23748;7;12;5;True
23749;2;2;0;True
23750;5;9;4;True
23751;4;6;2;True
23752;6;9;3;True
23753;10;16;6;True
23754;5;9;4;True
23755;4;6;2;True
23756;6;12;6;True
23757;3;4;1;True
23758;1;1;0;True
23759;1;1;0;True
23760;4;9;5;True
23761;4;9;5;True
23762;0;0;0;True
23763;4;8;4;True
23764;5;9;4;True
23765;3;9;6;True
23766;7;12;5;True
23767;2;4;2;True
23768;3;6;3;True
23769;5;9;4;True
23770;3;6;3;True
23771;6;12;6;True
23772;4;9;5;True
23773;1;1;0;True
23774;4;6;2;True
23775;5;12;7;True
23776;3;6;3;True
23777;7;12;5;True
23778;5;12;7;True
23779;6;16;10;True
23780;3;6;3;True
23781;10;16;6;True
23782;1;1;0;True
23783;6;12;6;True
23784;3;4;1;True
23785;5;12;7;True
23786;2;4;2;True
23787;6;16;10;True
23788;2;2;0;True
23789;4;9;5;True
23790;6;12;6;True
23791;0;0;0;True
23792;3;4;1;True
23793;4;8;4;True
23794;0;0;0;True
23795;2;4;2;True
23796;1;1;0;True
23797;4;6;2;True
23798;3;6;3;True
23799;3;6;3;True
23800;1;1;0;True
23801;1;1;0;True
23802;1;1;0;True
23803;1;1;0;True
23804;5;12;7;True
23805;4;6;2;True
23806;8;16;8;True
23807;2;4;2;True
23808;4;9;5;True
23809;7;16;9;True
23810;7;12;5;True
23811;0;0;0;True
23812;4;9;5;True
23813;2;2;0;True
23814;7;12;5;True
23815;1;1;0;True
23816;2;4;2;True
23817;8;16;8;True
23818;8;16;8;True
23819;4;6;2;True
23820;8;16;8;True
23821;7;12;5;True
23822;3;6;3;True
23823;3;6;3;True
23824;0;0;0;True
23825;2;4;2;True
23826;5;12;7;True
23827;4;6;2;True
23828;3;6;3;True
23829;4;16;12;True
23830;5;8;3;True
23831;3;3;0;True
23832;2;4;2;True
23833;3;4;1;True
23834;0;0;0;True
23835;3;9;6;True
23836;2;2;0;True
23837;3;4;1;True
23838;2;4;2;True
23839;5;12;7;True
23840;0;0;0;True
23841;4;6;2;True
23842;3;6;3;True
23843;3;3;0;True
23844;4;12;8;True
23845;6;12;6;True
23846;4;8;4;True
23847;3;6;3;True
23848;8;16;8;True
23849;1;1;0;True
23850;6;12;6;True
23851;4;8;4;True
23852;3;6;3;True
23853;0;0;0;True
23854;5;9;4;True
23855;4;9;5;True
23856;6;12;6;True
23857;7;16;9;True
23858;3;6;3;True
23859;2;4;2;True
23860;1;1;0;True
23861;1;1;0;True
23862;3;6;3;True
23863;3;3;0;True
23864;2;4;2;True
23865;7;9;2;True
23866;4;9;5;True
23867;7;16;9;True
23868;4;6;2;True
23869;1;1;0;True
23870;1;1;0;True
23871;4;8;4;True
23872;2;4;2;True
23873;5;12;7;True
23874;3;6;3;True
23875;4;6;2;True
23876;4;9;5;True
23877;1;1;0;True
23878;0;0;0;True
23879;8;12;4;True
23880;3;9;6;True
23881;5;9;4;True
23882;7;12;5;True
23883;2;4;2;True
23884;6;16;10;True
23885;3;6;3;True
23886;7;16;9;True
23887;2;4;2;True
23888;6;16;10;True
23889;2;2;0;True
23890;4;6;2;True
23891;2;4;2;True
23892;7;16;9;True
23893;4;9;5;True
23894;4;9;5;True
23895;2;2;0;True
23896;3;4;1;True
23897;2;4;2;True
23898;6;9;3;True
23899;8;16;8;True
23900;8;16;8;True
23901;5;12;7;True
23902;5;9;4;True
23903;1;1;0;True
23904;2;2;0;True
23905;4;12;8;True
23906;5;12;7;True
23907;3;9;6;True
23908;2;2;0;True
23909;9;16;7;True
23910;3;4;1;True
23911;3;4;1;True
23912;1;1;0;True
23913;2;4;2;True
23914;7;16;9;True
23915;10;16;6;True
23916;4;9;5;True
23917;6;8;2;True
23918;4;4;0;True
23919;3;6;3;True
23920;4;9;5;True
23921;4;12;8;True
23922;5;9;4;True
23923;7;12;5;True
23924;0;0;0;True
23925;4;9;5;True
23926;3;4;1;True
23927;6;16;10;True
23928;4;9;5;True
23929;1;1;0;True
23930;3;9;6;True
23931;7;12;5;True
23932;3;6;3;True
23933;7;16;9;True
23934;3;6;3;True
23935;0;0;0;True
23936;3;6;3;True
23937;5;16;11;True
23938;5;12;7;True
23939;3;9;6;True
23940;5;8;3;True
23941;2;4;2;True
23942;3;9;6;True
23943;5;8;3;True
23944;3;4;1;True
23945;5;12;7;True
23946;4;4;0;True
23947;3;6;3;True
23948;4;6;2;True
23949;3;4;1;True
23950;6;12;6;True
23951;2;4;2;True
23952;5;12;7;True
23953;5;12;7;True
23954;1;1;0;True
23955;6;12;6;True
23956;4;6;2;True
23957;4;6;2;True
23958;7;12;5;True
23959;5;12;7;True
23960;7;12;5;True
23961;2;4;2;True
23962;8;16;8;True
23963;2;2;0;True
23964;3;3;0;True
23965;9;16;7;True
23966;5;12;7;True
23967;5;9;4;True
23968;7;16;9;True
23969;3;4;1;True
23970;5;12;7;True
23971;5;12;7;True
23972;4;9;5;True
23973;8;16;8;True
23974;1;1;0;True
23975;3;6;3;True
23976;5;12;7;True
23977;5;12;7;True
23978;4;8;4;True
23979;0;0;0;True
23980;7;12;5;True
23981;1;1;0;True
23982;8;16;8;True
23983;9;16;7;True
23984;9;12;3;True
23985;3;6;3;True
23986;4;6;2;True
23987;4;12;8;True
23988;4;9;5;True
23989;4;9;5;True
23990;5;9;4;True
23991;2;4;2;True
23992;2;4;2;True
23993;6;8;2;True
23994;3;3;0;True
23995;5;9;4;True
23996;4;8;4;True
23997;3;4;1;True
23998;2;2;0;True
23999;8;16;8;True
24000;7;12;5;True
24001;3;6;3;True
24002;5;12;7;True
24003;7;16;9;True
24004;1;1;0;True
24005;4;9;5;True
24006;7;12;5;True
24007;7;16;9;True
24008;2;4;2;True
24009;5;12;7;True
24010;2;4;2;True
24011;4;16;12;True
24012;1;1;0;True
24013;4;9;5;True
24014;4;6;2;True
24015;5;9;4;True
24016;3;6;3;True
24017;3;3;0;True
24018;2;4;2;True
24019;2;4;2;True
24020;3;6;3;True
24021;5;8;3;True
24022;6;9;3;True
24023;5;12;7;True
24024;6;16;10;True
24025;4;9;5;True
24026;1;1;0;True
24027;3;9;6;True
24028;2;2;0;True
24029;4;12;8;True
24030;4;9;5;True
24031;7;16;9;True
24032;5;12;7;True
24033;3;6;3;True
24034;5;12;7;True
24035;4;12;8;True
24036;4;12;8;True
24037;4;8;4;True
24038;3;6;3;True
24039;4;6;2;True
24040;3;4;1;True
24041;5;12;7;True
24042;1;1;0;True
24043;3;6;3;True
24044;6;16;10;True
24045;4;6;2;True
24046;3;9;6;True
24047;4;6;2;True
24048;7;12;5;True
24049;4;6;2;True
24050;10;16;6;True
24051;4;9;5;True
24052;3;6;3;True
24053;7;12;5;True
24054;2;2;0;True
24055;2;4;2;True
24056;4;9;5;True
24057;2;4;2;True
24058;4;9;5;True
24059;2;4;2;True
24060;5;9;4;True
24061;3;4;1;True
24062;7;16;9;True
24063;5;12;7;True
24064;3;6;3;True
24065;5;12;7;True
24066;3;6;3;True
24067;1;1;0;True
24068;6;12;6;True
24069;1;1;0;True
24070;0;0;0;True
24071;4;12;8;True
24072;6;16;10;True
24073;3;6;3;True
24074;1;1;0;True
24075;5;12;7;True
24076;3;9;6;True
24077;3;4;1;True
24078;4;9;5;True
24079;7;12;5;True
24080;7;12;5;True
24081;3;6;3;True
24082;2;4;2;True
24083;0;0;0;True
24084;4;9;5;True
24085;2;2;0;True
24086;8;16;8;True
24087;2;2;0;True
24088;3;6;3;True
24089;5;12;7;True
24090;1;1;0;True
24091;4;9;5;True
24092;5;12;7;True
24093;3;6;3;True
24094;1;1;0;True
24095;3;6;3;True
24096;2;4;2;True
24097;7;16;9;True
24098;2;2;0;True
24099;5;6;1;True
24100;4;6;2;True
24101;3;4;1;True
24102;4;9;5;True
24103;4;9;5;True
24104;1;1;0;True
24105;5;12;7;True
24106;6;12;6;True
24107;7;16;9;True
24108;5;16;11;True
24109;0;0;0;True
24110;7;12;5;True
24111;1;1;0;True
24112;6;9;3;True
24113;5;16;11;True
24114;5;12;7;True
24115;7;16;9;True
24116;1;1;0;True
24117;1;1;0;True
24118;1;1;0;True
24119;4;12;8;True
24120;1;1;0;True
24121;7;9;2;True
24122;6;12;6;True
24123;5;9;4;True
24124;2;2;0;True
24125;5;12;7;True
24126;1;1;0;True
24127;6;9;3;True
24128;3;6;3;True
24129;5;9;4;True
24130;3;6;3;True
24131;5;6;1;True
24132;9;16;7;True
24133;4;8;4;True
24134;3;4;1;True
24135;7;16;9;True
24136;4;6;2;True
24137;6;8;2;True
24138;5;12;7;True
24139;1;1;0;True
24140;0;0;0;True
24141;0;0;0;True
24142;3;9;6;True
24143;7;12;5;True
24144;7;12;5;True
24145;4;16;12;True
24146;0;0;0;True
24147;3;6;3;True
24148;10;12;2;True
24149;2;2;0;True
24150;6;12;6;True
24151;2;4;2;True
24152;4;6;2;True
24153;2;4;2;True
24154;4;9;5;True
24155;1;1;0;True
24156;2;4;2;True
24157;2;4;2;True
24158;7;16;9;True
24159;3;6;3;True
24160;9;16;7;True
24161;2;4;2;True
24162;3;9;6;True
24163;2;4;2;True
24164;2;2;0;True
24165;1;1;0;True
24166;4;12;8;True
24167;1;1;0;True
24168;3;9;6;True
24169;4;6;2;True
24170;6;16;10;True
24171;5;9;4;True
24172;4;9;5;True
24173;3;4;1;True
24174;5;9;4;True
24175;1;1;0;True
24176;6;12;6;True
24177;5;12;7;True
24178;4;12;8;True
24179;2;2;0;True
24180;5;9;4;True
24181;3;6;3;True
24182;1;1;0;True
24183;5;16;11;True
24184;1;1;0;True
24185;1;1;0;True
24186;6;12;6;True
24187;6;16;10;True
24188;5;12;7;True
24189;2;2;0;True
24190;4;12;8;True
24191;5;8;3;True
24192;8;16;8;True
24193;8;16;8;True
24194;2;4;2;True
24195;3;6;3;True
24196;3;4;1;True
24197;4;6;2;True
24198;3;6;3;True
24199;0;0;0;True
24200;0;0;0;True
24201;2;4;2;True
24202;6;16;10;True
24203;2;2;0;True
24204;6;16;10;True
24205;8;16;8;True
24206;3;4;1;True
24207;3;6;3;True
24208;2;4;2;True
24209;5;12;7;True
24210;9;12;3;True
24211;4;9;5;True
24212;4;4;0;True
24213;3;6;3;True
24214;4;6;2;True
24215;6;12;6;True
24216;4;6;2;True
24217;8;16;8;True
24218;4;8;4;True
24219;4;8;4;True
24220;8;16;8;True
24221;8;16;8;True
24222;8;12;4;True
24223;1;1;0;True
24224;7;16;9;True
24225;0;0;0;True
24226;0;0;0;True
24227;1;1;0;True
24228;2;2;0;True
24229;5;6;1;True
24230;2;4;2;True
24231;3;4;1;True
24232;7;12;5;True
24233;0;0;0;True
24234;6;16;10;True
24235;9;16;7;True
24236;3;6;3;True
24237;5;12;7;True
24238;2;2;0;True
24239;6;12;6;True
24240;5;16;11;True
24241;2;4;2;True
24242;5;9;4;True
24243;0;0;0;True
24244;10;16;6;True
24245;3;4;1;True
24246;2;2;0;True
24247;4;9;5;True
24248;1;1;0;True
24249;3;6;3;True
24250;2;2;0;True
24251;1;1;0;True
24252;4;9;5;True
24253;6;9;3;True
24254;9;16;7;True
24255;2;4;2;True
24256;2;2;0;True
24257;7;12;5;True
24258;4;9;5;True
24259;4;9;5;True
24260;3;4;1;True
24261;8;16;8;True
24262;4;6;2;True
24263;5;12;7;True
24264;4;6;2;True
24265;1;1;0;True
24266;1;1;0;True
24267;3;3;0;True
24268;7;12;5;True
24269;3;6;3;True
24270;1;1;0;True
24271;3;6;3;True
24272;2;2;0;True
24273;4;6;2;True
24274;7;16;9;True
24275;1;1;0;True
24276;7;12;5;True
24277;1;1;0;True
24278;6;16;10;True
24279;5;16;11;True
24280;2;4;2;True
24281;6;12;6;True
24282;3;4;1;True
24283;8;12;4;True
24284;3;6;3;True
24285;1;1;0;True
24286;9;16;7;True
24287;7;16;9;True
24288;4;12;8;True
24289;0;0;0;True
24290;2;2;0;True
24291;2;4;2;True
24292;6;12;6;True
24293;4;6;2;True
24294;3;4;1;True
24295;5;16;11;True
24296;2;4;2;True
24297;3;6;3;True
24298;9;16;7;True
24299;4;6;2;True
24300;5;12;7;True
24301;5;12;7;True
24302;5;9;4;True
24303;4;9;5;True
24304;4;9;5;True
24305;8;12;4;True
24306;5;12;7;True
24307;4;9;5;True
24308;4;6;2;True
24309;1;1;0;True
24310;2;4;2;True
24311;8;16;8;True
24312;7;16;9;True
24313;7;16;9;True
24314;2;4;2;True
24315;5;12;7;True
24316;3;4;1;True
24317;2;4;2;True
24318;4;9;5;True
24319;5;9;4;True
24320;8;16;8;True
24321;7;16;9;True
24322;6;12;6;True
24323;4;6;2;True
24324;2;2;0;True
24325;7;12;5;True
24326;5;12;7;True
24327;0;0;0;True
24328;0;0;0;True
24329;7;12;5;True
24330;1;1;0;True
24331;5;9;4;True
24332;5;16;11;True
24333;5;12;7;True
24334;2;2;0;True
24335;2;4;2;True
24336;1;1;0;True
24337;4;4;0;True
24338;4;12;8;True
24339;3;3;0;True
24340;2;4;2;True
24341;5;9;4;True
24342;5;12;7;True
24343;5;12;7;True
24344;1;1;0;True
24345;10;16;6;True
24346;8;16;8;True
24347;2;2;0;True
24348;8;16;8;True
24349;4;8;4;True
24350;6;12;6;True
24351;6;16;10;True
24352;7;16;9;True
24353;7;16;9;True
24354;4;6;2;True
24355;5;6;1;True
24356;5;12;7;True
24357;0;0;0;True
24358;2;4;2;True
24359;5;9;4;True
24360;7;9;2;True
24361;11;16;5;True
24362;2;4;2;True
24363;0;0;0;True
24364;5;12;7;True
24365;4;6;2;True
24366;5;12;7;True
24367;4;9;5;True
24368;7;12;5;True
24369;1;1;0;True
24370;8;16;8;True
24371;3;4;1;True
24372;7;12;5;True
24373;5;16;11;True
24374;0;0;0;True
24375;0;0;0;True
24376;0;0;0;True
24377;5;9;4;True
24378;6;12;6;True
24379;9;16;7;True
24380;4;9;5;True
24381;4;6;2;True
24382;1;1;0;True
24383;9;16;7;True
24384;3;9;6;True
24385;7;12;5;True
24386;2;4;2;True
24387;4;9;5;True
24388;3;4;1;True
24389;3;4;1;True
24390;2;4;2;True
24391;2;2;0;True
24392;10;16;6;True
24393;3;6;3;True
24394;9;16;7;True
24395;6;16;10;True
24396;4;9;5;True
24397;8;16;8;True
24398;3;6;3;True
24399;3;6;3;True
24400;3;9;6;True
24401;0;0;0;True
24402;1;1;0;True
24403;3;6;3;True
24404;6;12;6;True
24405;4;9;5;True
24406;1;1;0;True
24407;4;6;2;True
24408;6;12;6;True
24409;4;9;5;True
24410;3;6;3;True
24411;2;2;0;True
24412;5;16;11;True
24413;10;16;6;True
24414;1;1;0;True
24415;1;1;0;True
24416;1;1;0;True
24417;6;12;6;True
24418;4;12;8;True
24419;2;4;2;True
24420;6;16;10;True
24421;6;12;6;True
24422;3;4;1;True
24423;1;1;0;True
24424;8;12;4;True
24425;3;3;0;True
24426;11;16;5;True
24427;4;6;2;True
24428;2;4;2;True
24429;2;2;0;True
24430;0;0;0;True
24431;4;4;0;True
24432;5;9;4;True
24433;4;6;2;True
24434;0;0;0;True
24435;8;12;4;True
24436;3;6;3;True
24437;6;9;3;True
24438;2;4;2;True
24439;5;9;4;True
24440;7;12;5;True
24441;7;16;9;True
24442;3;6;3;True
24443;3;4;1;True
24444;3;3;0;True
24445;6;12;6;True
24446;2;4;2;True
24447;3;9;6;True
24448;5;9;4;True
24449;4;9;5;True
24450;4;12;8;True
24451;4;9;5;True
24452;1;1;0;True
24453;4;9;5;True
24454;4;6;2;True
24455;5;12;7;True
24456;3;6;3;True
24457;1;1;0;True
24458;4;8;4;True
24459;3;6;3;True
24460;2;4;2;True
24461;0;0;0;True
24462;6;16;10;True
24463;6;12;6;True
24464;3;4;1;True
24465;6;8;2;True
24466;8;16;8;True
24467;7;16;9;True
24468;2;2;0;True
24469;2;4;2;True
24470;2;2;0;True
24471;5;8;3;True
24472;9;12;3;True
24473;7;12;5;True
24474;3;6;3;True
24475;0;0;0;True
24476;4;16;12;True
24477;3;4;1;True
24478;3;4;1;True
24479;6;16;10;True
24480;5;9;4;True
24481;3;6;3;True
24482;8;16;8;True
24483;2;4;2;True
24484;4;9;5;True
24485;7;9;2;True
24486;1;1;0;True
24487;5;9;4;True
24488;4;6;2;True
24489;4;9;5;True
24490;2;4;2;True
24491;8;16;8;True
24492;2;2;0;True
24493;4;6;2;True
24494;6;16;10;True
24495;4;9;5;True
24496;4;9;5;True
24497;9;16;7;True
24498;3;6;3;True
24499;7;16;9;True
24500;5;12;7;True
24501;3;6;3;True
24502;1;1;0;True
24503;4;9;5;True
24504;5;9;4;True
24505;1;1;0;True
24506;4;9;5;True
24507;4;9;5;True
24508;1;1;0;True
24509;4;16;12;True
24510;2;2;0;True
24511;2;2;0;True
24512;1;1;0;True
24513;4;12;8;True
24514;8;16;8;True
24515;4;6;2;True
24516;4;6;2;True
24517;2;4;2;True
24518;9;16;7;True
24519;3;6;3;True
24520;6;12;6;True
24521;4;8;4;True
24522;3;6;3;True
24523;6;9;3;True
24524;7;12;5;True
24525;3;9;6;True
24526;5;8;3;True
24527;3;6;3;True
24528;4;9;5;True
24529;1;1;0;True
24530;2;4;2;True
24531;2;2;0;True
24532;1;1;0;True
24533;1;1;0;True
24534;3;3;0;True
24535;1;1;0;True
24536;4;6;2;True
24537;6;16;10;True
24538;3;6;3;True
24539;3;6;3;True
24540;1;1;0;True
24541;5;9;4;True
24542;1;1;0;True
24543;3;6;3;True
24544;2;4;2;True
24545;4;8;4;True
24546;1;1;0;True
24547;8;12;4;True
24548;4;9;5;True
24549;2;4;2;True
24550;4;6;2;True
24551;6;16;10;True
24552;3;4;1;True
24553;4;9;5;True
24554;2;2;0;True
24555;5;9;4;True
24556;1;1;0;True
24557;4;8;4;True
24558;2;2;0;True
24559;1;1;0;True
24560;5;9;4;True
24561;7;16;9;True
24562;3;4;1;True
24563;4;6;2;True
24564;1;1;0;True
24565;1;1;0;True
24566;3;6;3;True
24567;4;8;4;True
24568;3;4;1;True
24569;3;4;1;True
24570;2;4;2;True
24571;2;4;2;True
24572;3;4;1;True
24573;2;2;0;True
24574;3;4;1;True
24575;2;4;2;True
24576;2;4;2;True
24577;4;9;5;True
24578;1;1;0;True
24579;3;6;3;True
24580;3;6;3;True
24581;5;12;7;True
24582;6;12;6;True
24583;1;1;0;True
24584;2;4;2;True
24585;4;12;8;True
24586;8;16;8;True
24587;2;4;2;True
24588;2;2;0;True
24589;5;6;1;True
24590;3;4;1;True
24591;5;12;7;True
24592;2;4;2;True
24593;1;1;0;True
24594;4;6;2;True
24595;2;2;0;True
24596;6;12;6;True
24597;6;9;3;True
24598;7;12;5;True
24599;7;9;2;True
24600;4;9;5;True
24601;3;6;3;True
24602;2;4;2;True
24603;5;9;4;True
24604;2;2;0;True
24605;1;1;0;True
24606;4;12;8;True
24607;1;1;0;True
24608;1;1;0;True
24609;3;6;3;True
24610;5;12;7;True
24611;5;12;7;True
24612;2;2;0;True
24613;1;1;0;True
24614;3;6;3;True
24615;4;6;2;True
24616;10;16;6;True
24617;6;12;6;True
24618;2;4;2;True
24619;5;9;4;True
24620;0;0;0;True
24621;3;9;6;True
24622;5;12;7;True
24623;2;2;0;True
24624;2;4;2;True
24625;1;1;0;True
24626;2;4;2;True
24627;5;12;7;True
24628;6;12;6;True
24629;3;9;6;True
24630;4;12;8;True
24631;3;4;1;True
24632;1;1;0;True
24633;1;1;0;True
24634;5;8;3;True
24635;4;6;2;True
24636;8;12;4;True
24637;1;1;0;True
24638;6;9;3;True
24639;3;9;6;True
24640;0;0;0;True
24641;2;2;0;True
24642;9;16;7;True
24643;5;12;7;True
24644;4;6;2;True
24645;0;0;0;True
24646;5;16;11;True
24647;1;1;0;True
24648;3;6;3;True
24649;5;16;11;True
24650;4;6;2;True
24651;3;9;6;True
24652;4;6;2;True
24653;4;9;5;True
24654;4;9;5;True
24655;3;6;3;True
24656;2;4;2;True
24657;4;6;2;True
24658;7;9;2;True
24659;1;1;0;True
24660;1;1;0;True
24661;6;16;10;True
24662;1;1;0;True
24663;5;12;7;True
24664;2;4;2;True
24665;5;16;11;True
24666;7;12;5;True
24667;3;6;3;True
24668;8;16;8;True
24669;4;9;5;True
24670;2;2;0;True
24671;7;16;9;True
24672;3;9;6;True
24673;4;9;5;True
24674;2;4;2;True
24675;4;9;5;True
24676;1;1;0;True
24677;0;0;0;True
24678;3;6;3;True
24679;0;0;0;True
24680;6;16;10;True
24681;4;9;5;True
24682;4;6;2;True
24683;5;8;3;True
24684;2;2;0;True
24685;4;12;8;True
24686;2;2;0;True
24687;4;6;2;True
24688;3;6;3;True
24689;7;16;9;True
24690;3;6;3;True
24691;2;4;2;True
24692;2;4;2;True
24693;5;12;7;True
24694;3;6;3;True
24695;11;16;5;True
24696;4;9;5;True
24697;3;6;3;True
24698;8;16;8;True
24699;3;6;3;True
24700;6;12;6;True
24701;0;0;0;True
24702;5;9;4;True
24703;1;1;0;True
24704;3;6;3;True
24705;3;9;6;True
24706;4;9;5;True
24707;6;16;10;True
24708;3;4;1;True
24709;4;6;2;True
24710;4;9;5;True
24711;12;16;4;True
24712;2;2;0;True
24713;3;6;3;True
24714;5;9;4;True
24715;3;9;6;True
24716;5;16;11;True
24717;3;6;3;True
24718;5;9;4;True
24719;4;6;2;True
24720;5;12;7;True
24721;3;6;3;True
24722;5;12;7;True
24723;3;4;1;True
24724;6;16;10;True
24725;4;9;5;True
24726;2;2;0;True
24727;2;2;0;True
24728;3;4;1;True
24729;4;6;2;True
24730;4;4;0;True
24731;4;9;5;True
24732;2;2;0;True
24733;3;3;0;True
24734;4;9;5;True
24735;2;2;0;True
24736;3;9;6;True
24737;3;4;1;True
24738;4;6;2;True
24739;5;12;7;True
24740;7;16;9;True
24741;3;9;6;True
24742;6;16;10;True
24743;3;4;1;True
24744;3;9;6;True
24745;4;12;8;True
24746;5;12;7;True
24747;5;9;4;True
24748;3;9;6;True
24749;1;1;0;True
24750;5;16;11;True
24751;6;12;6;True
24752;5;12;7;True
24753;2;4;2;True
24754;2;2;0;True
24755;4;9;5;True
24756;7;12;5;True
24757;5;6;1;True
24758;2;4;2;True
24759;4;9;5;True
24760;1;1;0;True
24761;2;2;0;True
24762;4;6;2;True
24763;4;6;2;True
24764;5;9;4;True
24765;2;4;2;True
24766;0;0;0;True
24767;4;9;5;True
24768;7;12;5;True
24769;6;12;6;True
24770;2;2;0;True
24771;4;12;8;True
24772;1;1;0;True
24773;3;6;3;True
24774;0;0;0;True
24775;7;12;5;True
24776;2;4;2;True
24777;2;4;2;True
24778;6;9;3;True
24779;0;0;0;True
24780;5;9;4;True
24781;3;6;3;True
24782;4;4;0;True
24783;1;1;0;True
24784;5;9;4;True
24785;1;1;0;True
24786;4;6;2;True
24787;3;6;3;True
24788;3;6;3;True
24789;2;2;0;True
24790;3;6;3;True
24791;0;0;0;True
24792;1;1;0;True
24793;2;2;0;True
24794;8;12;4;True
24795;4;4;0;True
24796;3;9;6;True
24797;7;16;9;True
24798;1;1;0;True
24799;0;0;0;True
24800;2;2;0;True
24801;3;6;3;True
24802;7;16;9;True
24803;6;16;10;True
24804;3;9;6;True
24805;6;16;10;True
24806;1;1;0;True
24807;4;6;2;True
24808;6;12;6;True
24809;3;9;6;True
24810;4;8;4;True
24811;3;4;1;True
24812;6;16;10;True
24813;1;1;0;True
24814;5;12;7;True
24815;2;4;2;True
24816;8;16;8;True
24817;2;4;2;True
24818;5;9;4;True
24819;2;2;0;True
24820;5;12;7;True
24821;3;6;3;True
24822;5;12;7;True
24823;2;4;2;True
24824;3;6;3;True
24825;0;0;0;True
24826;6;12;6;True
24827;3;4;1;True
24828;5;12;7;True
24829;7;12;5;True
24830;1;1;0;True
24831;6;12;6;True
24832;5;9;4;True
24833;0;0;0;True
24834;2;2;0;True
24835;0;0;0;True
24836;8;12;4;True
24837;1;1;0;True
24838;6;9;3;True
24839;3;6;3;True
24840;2;2;0;True
24841;4;6;2;True
24842;1;1;0;True
24843;3;4;1;True
24844;3;9;6;True
24845;2;2;0;True
24846;2;4;2;True
24847;2;4;2;True
24848;2;2;0;True
24849;4;8;4;True
24850;1;1;0;True
24851;2;2;0;True
24852;4;9;5;True
24853;6;12;6;True
24854;3;4;1;True
24855;5;8;3;True
24856;3;6;3;True
24857;1;1;0;True
24858;4;6;2;True
24859;3;9;6;True
24860;2;4;2;True
24861;3;6;3;True
24862;3;6;3;True
24863;6;12;6;True
24864;2;4;2;True
24865;6;16;10;True
24866;0;0;0;True
24867;0;0;0;True
24868;1;1;0;True
24869;2;4;2;True
24870;8;12;4;True
24871;3;4;1;True
24872;8;16;8;True
24873;7;16;9;True
24874;1;1;0;True
24875;2;4;2;True
24876;6;12;6;True
24877;3;6;3;True
24878;6;12;6;True
24879;2;2;0;True
24880;4;6;2;True
24881;3;4;1;True
24882;5;12;7;True
24883;3;9;6;True
24884;0;0;0;True
24885;7;9;2;True
24886;1;1;0;True
24887;2;4;2;True
24888;4;12;8;True
24889;4;8;4;True
24890;6;8;2;True
24891;5;12;7;True
24892;3;6;3;True
24893;6;12;6;True
24894;6;9;3;True
24895;9;16;7;True
24896;6;16;10;True
24897;7;16;9;True
24898;1;1;0;True
24899;3;6;3;True
24900;1;1;0;True
24901;3;4;1;True
24902;8;12;4;True
24903;5;9;4;True
24904;5;12;7;True
24905;7;16;9;True
24906;4;6;2;True
24907;9;16;7;True
24908;2;2;0;True
24909;3;4;1;True
24910;6;12;6;True
24911;7;16;9;True
24912;2;4;2;True
24913;3;9;6;True
24914;1;1;0;True
24915;3;6;3;True
24916;6;12;6;True
24917;6;12;6;True
24918;6;12;6;True
24919;3;3;0;True
24920;4;9;5;True
24921;7;16;9;True
24922;5;12;7;True
24923;2;4;2;True
24924;1;1;0;True
24925;5;12;7;True
24926;1;1;0;True
24927;5;12;7;True
24928;3;6;3;True
24929;4;9;5;True
24930;4;8;4;True
24931;6;12;6;True
24932;1;1;0;True
24933;0;0;0;True
24934;8;12;4;True
24935;5;12;7;True
24936;4;6;2;True
24937;4;12;8;True
24938;1;1;0;True
24939;2;4;2;True
24940;4;6;2;True
24941;0;0;0;True
24942;6;16;10;True
24943;4;8;4;True
24944;5;9;4;True
24945;2;4;2;True
24946;2;4;2;True
24947;4;9;5;True
24948;1;1;0;True
24949;2;4;2;True
24950;4;12;8;True
24951;3;6;3;True
24952;2;2;0;True
24953;5;9;4;True
24954;3;9;6;True
24955;4;9;5;True
24956;2;4;2;True
24957;1;1;0;True
24958;3;9;6;True
24959;0;0;0;True
24960;10;16;6;True
24961;3;6;3;True
24962;4;6;2;True
24963;3;6;3;True
24964;4;8;4;True
24965;6;16;10;True
24966;6;16;10;True
24967;4;12;8;True
24968;0;0;0;True
24969;2;4;2;True
24970;7;12;5;True
24971;2;4;2;True
24972;3;6;3;True
24973;1;1;0;True
24974;2;4;2;True
24975;5;16;11;True
24976;3;4;1;True
24977;4;12;8;True
24978;7;16;9;True
24979;4;8;4;True
24980;0;0;0;True
24981;2;4;2;True
24982;1;1;0;True
24983;1;1;0;True
24984;3;6;3;True
24985;0;0;0;True
24986;8;16;8;True
24987;6;9;3;True
24988;2;4;2;True
24989;9;16;7;True
24990;4;6;2;True
24991;3;4;1;True
24992;3;6;3;True
24993;4;12;8;True
24994;3;9;6;True
24995;6;12;6;True
24996;0;0;0;True
24997;3;9;6;True
24998;2;2;0;True
24999;1;1;0;True
25000;8;9;1;True
25001;1;1;0;True
25002;6;8;2;True
25003;7;12;5;True
25004;4;9;5;True
25005;2;4;2;True
25006;6;12;6;True
25007;3;6;3;True
25008;2;2;0;True
25009;1;1;0;True
25010;2;4;2;True
25011;2;4;2;True
25012;7;16;9;True
25013;2;2;0;True
25014;2;4;2;True
25015;2;2;0;True
25016;1;1;0;True
25017;4;12;8;True
25018;6;12;6;True
25019;5;12;7;True
25020;4;9;5;True
25021;1;1;0;True
25022;6;12;6;True
25023;2;4;2;True
25024;5;12;7;True
25025;6;12;6;True
25026;5;9;4;True
25027;11;16;5;True
25028;9;16;7;True
25029;4;12;8;True
25030;4;9;5;True
25031;4;9;5;True
25032;3;6;3;True
25033;3;4;1;True
25034;6;16;10;True
25035;4;6;2;True
25036;5;16;11;True
25037;3;6;3;True
25038;1;1;0;True
25039;3;6;3;True
25040;1;1;0;True
25041;3;6;3;True
25042;6;9;3;True
25043;1;1;0;True
25044;0;0;0;True
25045;4;6;2;True
25046;5;12;7;True
25047;2;2;0;True
25048;0;0;0;True
25049;5;9;4;True
25050;7;16;9;True
25051;1;1;0;True
25052;3;6;3;True
25053;5;9;4;True
25054;3;9;6;True
25055;4;9;5;True
25056;3;6;3;True
25057;3;4;1;True
25058;0;0;0;True
25059;5;12;7;True
25060;8;12;4;True
25061;3;6;3;True
25062;0;0;0;True
25063;6;12;6;True
25064;2;4;2;True
25065;2;4;2;True
25066;1;1;0;True
25067;3;6;3;True
25068;5;16;11;True
25069;2;2;0;True
25070;2;2;0;True
25071;4;12;8;True
25072;4;9;5;True
25073;7;9;2;True
25074;1;1;0;True
25075;4;6;2;True
25076;6;16;10;True
25077;7;12;5;True
25078;2;4;2;True
25079;3;4;1;True
25080;3;9;6;True
25081;3;6;3;True
25082;2;4;2;True
25083;9;16;7;True
25084;2;4;2;True
25085;5;9;4;True
25086;4;12;8;True
25087;2;4;2;True
25088;4;6;2;True
25089;9;16;7;True
25090;3;6;3;True
25091;4;9;5;True
25092;5;9;4;True
25093;3;9;6;True
25094;1;1;0;True
25095;4;9;5;True
25096;2;4;2;True
25097;4;8;4;True
25098;7;16;9;True
25099;4;8;4;True
25100;0;0;0;True
25101;4;9;5;True
25102;1;1;0;True
25103;0;0;0;True
25104;5;9;4;True
25105;1;1;0;True
25106;4;9;5;True
25107;1;1;0;True
25108;2;4;2;True
25109;1;1;0;True
25110;5;9;4;True
25111;3;4;1;True
25112;3;9;6;True
25113;11;16;5;True
25114;3;6;3;True
25115;3;6;3;True
25116;3;4;1;True
25117;2;2;0;True
25118;8;16;8;True
25119;3;4;1;True
25120;5;8;3;True
25121;4;9;5;True
25122;4;9;5;True
25123;6;12;6;True
25124;5;12;7;True
25125;4;12;8;True
25126;2;4;2;True
25127;1;1;0;True
25128;0;0;0;True
25129;0;0;0;True
25130;1;1;0;True
25131;4;9;5;True
25132;7;16;9;True
25133;4;9;5;True
25134;4;9;5;True
25135;0;0;0;True
25136;3;9;6;True
25137;3;4;1;True
25138;3;4;1;True
25139;3;4;1;True
25140;5;8;3;True
25141;6;9;3;True
25142;1;1;0;True
25143;2;4;2;True
25144;1;1;0;True
25145;4;9;5;True
25146;8;16;8;True
25147;5;9;4;True
25148;4;6;2;True
25149;5;9;4;True
25150;3;6;3;True
25151;3;4;1;True
25152;5;12;7;True
25153;7;12;5;True
25154;5;8;3;True
25155;2;4;2;True
25156;2;2;0;True
25157;6;12;6;True
25158;1;1;0;True
25159;6;16;10;True
25160;5;9;4;True
25161;6;12;6;True
25162;1;1;0;True
25163;3;6;3;True
25164;1;1;0;True
25165;8;12;4;True
25166;3;4;1;True
25167;0;0;0;True
25168;2;4;2;True
25169;4;6;2;True
25170;0;0;0;True
25171;2;4;2;True
25172;4;9;5;True
25173;5;16;11;True
25174;6;16;10;True
25175;5;9;4;True
25176;6;16;10;True
25177;2;4;2;True
25178;5;12;7;True
25179;5;16;11;True
25180;3;3;0;True
25181;1;1;0;True
25182;3;6;3;True
25183;2;2;0;True
25184;4;12;8;True
25185;1;1;0;True
25186;3;6;3;True
25187;6;12;6;True
25188;3;4;1;True
25189;2;2;0;True
25190;2;2;0;True
25191;1;1;0;True
25192;9;12;3;True
25193;5;12;7;True
25194;4;6;2;True
25195;7;12;5;True
25196;8;16;8;True
25197;5;6;1;True
25198;4;6;2;True
25199;4;9;5;True
25200;0;0;0;True
25201;2;2;0;True
25202;5;12;7;True
25203;2;2;0;True
25204;6;16;10;True
25205;6;12;6;True
25206;7;12;5;True
25207;3;4;1;True
25208;0;0;0;True
25209;5;8;3;True
25210;3;6;3;True
25211;1;1;0;True
25212;3;6;3;True
25213;0;0;0;True
25214;5;16;11;True
25215;6;16;10;True
25216;4;6;2;True
25217;5;12;7;True
25218;3;4;1;True
25219;5;8;3;True
25220;0;0;0;True
25221;5;16;11;True
25222;3;6;3;True
25223;1;1;0;True
25224;1;1;0;True
25225;5;12;7;True
25226;4;6;2;True
25227;6;9;3;True
25228;3;9;6;True
25229;0;0;0;True
25230;3;9;6;True
25231;4;9;5;True
25232;4;9;5;True
25233;0;0;0;True
25234;4;6;2;True
25235;3;6;3;True
25236;5;12;7;True
25237;6;12;6;True
25238;10;12;2;True
25239;5;12;7;True
25240;6;12;6;True
25241;2;4;2;True
25242;3;6;3;True
25243;2;4;2;True
25244;7;12;5;True
25245;8;16;8;True
25246;3;6;3;True
25247;2;2;0;True
25248;6;12;6;True
25249;7;16;9;True
25250;5;12;7;True
25251;3;6;3;True
25252;0;0;0;True
25253;3;3;0;True
25254;6;16;10;True
25255;5;9;4;True
25256;2;4;2;True
25257;2;2;0;True
25258;9;16;7;True
25259;4;9;5;True
25260;3;6;3;True
25261;4;6;2;True
25262;2;4;2;True
25263;2;2;0;True
25264;4;9;5;True
25265;1;1;0;True
25266;2;2;0;True
25267;2;2;0;True
25268;5;9;4;True
25269;1;1;0;True
25270;4;12;8;True
25271;1;1;0;True
25272;4;9;5;True
25273;3;6;3;True
25274;7;12;5;True
25275;3;6;3;True
25276;0;0;0;True
25277;2;4;2;True
25278;10;16;6;True
25279;8;12;4;True
25280;5;16;11;True
25281;2;2;0;True
25282;5;6;1;True
25283;4;6;2;True
25284;2;4;2;True
25285;11;16;5;True
25286;8;16;8;True
25287;1;1;0;True
25288;2;4;2;True
25289;3;6;3;True
25290;2;4;2;True
25291;5;12;7;True
25292;1;1;0;True
25293;6;12;6;True
25294;3;6;3;True
25295;4;9;5;True
25296;4;12;8;True
25297;6;9;3;True
25298;3;3;0;True
25299;5;9;4;True
25300;2;4;2;True
25301;0;0;0;True
25302;2;2;0;True
25303;2;2;0;True
25304;5;9;4;True
25305;2;4;2;True
25306;7;12;5;True
25307;5;12;7;True
25308;5;12;7;True
25309;2;4;2;True
25310;1;1;0;True
25311;1;1;0;True
25312;6;16;10;True
25313;8;16;8;True
25314;2;4;2;True
25315;0;0;0;True
25316;0;0;0;True
25317;3;4;1;True
25318;1;1;0;True
25319;2;2;0;True
25320;4;9;5;True
25321;2;4;2;True
25322;4;6;2;True
25323;5;9;4;True
25324;5;9;4;True
25325;8;16;8;True
25326;3;9;6;True
25327;3;6;3;True
25328;2;4;2;True
25329;3;6;3;True
25330;6;16;10;True
25331;5;12;7;True
25332;0;0;0;True
25333;0;0;0;True
25334;2;2;0;True
25335;1;1;0;True
25336;4;9;5;True
25337;1;1;0;True
25338;4;9;5;True
25339;6;12;6;True
25340;1;1;0;True
25341;4;9;5;True
25342;7;12;5;True
25343;3;9;6;True
25344;4;6;2;True
25345;7;16;9;True
25346;3;4;1;True
25347;10;16;6;True
25348;4;9;5;True
25349;3;6;3;True
25350;1;1;0;True
25351;3;6;3;True
25352;6;9;3;True
25353;3;4;1;True
25354;6;12;6;True
25355;1;1;0;True
25356;1;1;0;True
25357;4;6;2;True
25358;4;8;4;True
25359;4;8;4;True
25360;4;12;8;True
25361;3;6;3;True
25362;7;16;9;True
25363;2;2;0;True
25364;3;6;3;True
25365;5;9;4;True
25366;5;8;3;True
25367;5;9;4;True
25368;7;16;9;True
25369;1;1;0;True
25370;2;4;2;True
25371;4;9;5;True
25372;3;6;3;True
25373;5;12;7;True
25374;7;16;9;True
25375;2;4;2;True
25376;4;12;8;True
25377;4;6;2;True
25378;3;6;3;True
25379;7;16;9;True
25380;3;9;6;True
25381;0;0;0;True
25382;7;12;5;True
25383;6;16;10;True
25384;0;0;0;True
25385;8;16;8;True
25386;4;6;2;True
25387;6;12;6;True
25388;2;4;2;True
25389;2;4;2;True
25390;3;4;1;True
25391;4;9;5;True
25392;5;12;7;True
25393;1;1;0;True
25394;4;8;4;True
25395;2;4;2;True
25396;5;9;4;True
25397;3;6;3;True
25398;1;1;0;True
25399;7;16;9;True
25400;1;1;0;True
25401;7;12;5;True
25402;5;9;4;True
25403;1;1;0;True
25404;6;8;2;True
25405;6;16;10;True
25406;1;1;0;True
25407;6;16;10;True
25408;3;6;3;True
25409;2;4;2;True
25410;1;1;0;True
25411;3;4;1;True
25412;4;6;2;True
25413;6;12;6;True
25414;9;16;7;True
25415;4;8;4;True
25416;7;12;5;True
25417;4;6;2;True
25418;1;1;0;True
25419;2;2;0;True
25420;3;4;1;True
25421;4;6;2;True
25422;2;2;0;True
25423;4;9;5;True
25424;7;16;9;True
25425;1;1;0;True
25426;1;1;0;True
25427;5;8;3;True
25428;5;9;4;True
25429;2;4;2;True
25430;3;4;1;True
25431;1;1;0;True
25432;4;12;8;True
25433;5;12;7;True
25434;5;16;11;True
25435;4;6;2;True
25436;5;12;7;True
25437;7;12;5;True
25438;5;9;4;True
25439;7;12;5;True
25440;4;9;5;True
25441;2;4;2;True
25442;4;9;5;True
25443;2;4;2;True
25444;4;8;4;True
25445;4;6;2;True
25446;5;12;7;True
25447;7;12;5;True
25448;4;9;5;True
25449;6;16;10;True
25450;8;16;8;True
25451;4;9;5;True
25452;4;12;8;True
25453;2;4;2;True
25454;4;9;5;True
25455;7;12;5;True
25456;5;12;7;True
25457;8;16;8;True
25458;1;1;0;True
25459;9;16;7;True
25460;7;12;5;True
25461;5;8;3;True
25462;6;9;3;True
25463;6;9;3;True
25464;4;12;8;True
25465;5;9;4;True
25466;8;16;8;True
25467;1;1;0;True
25468;0;0;0;True
25469;0;0;0;True
25470;2;4;2;True
25471;5;12;7;True
25472;1;1;0;True
25473;6;8;2;True
25474;2;4;2;True
25475;2;4;2;True
25476;2;2;0;True
25477;7;9;2;True
25478;3;6;3;True
25479;5;8;3;True
25480;4;12;8;True
25481;4;9;5;True
25482;8;16;8;True
25483;9;16;7;True
25484;3;3;0;True
25485;8;16;8;True
25486;1;1;0;True
25487;1;1;0;True
25488;1;1;0;True
25489;8;16;8;True
25490;0;0;0;True
25491;4;6;2;True
25492;1;1;0;True
25493;5;12;7;True
25494;2;4;2;True
25495;7;12;5;True
25496;7;16;9;True
25497;4;6;2;True
25498;7;16;9;True
25499;3;6;3;True
25500;5;12;7;True
25501;8;16;8;True
25502;4;9;5;True
25503;9;16;7;True
25504;7;12;5;True
25505;1;1;0;True
25506;0;0;0;True
25507;0;0;0;True
25508;5;9;4;True
25509;4;8;4;True
25510;2;2;0;True
25511;2;2;0;True
25512;1;1;0;True
25513;0;0;0;True
25514;2;4;2;True
25515;8;9;1;True
25516;4;9;5;True
25517;3;6;3;True
25518;6;16;10;True
25519;6;16;10;True
25520;1;1;0;True
25521;7;16;9;True
25522;5;12;7;True
25523;4;6;2;True
25524;3;9;6;True
25525;2;4;2;True
25526;2;2;0;True
25527;0;0;0;True
25528;7;16;9;True
25529;3;4;1;True
25530;1;1;0;True
25531;4;6;2;True
25532;1;1;0;True
25533;6;16;10;True
25534;4;9;5;True
25535;2;2;0;True
25536;1;1;0;True
25537;3;6;3;True
25538;1;1;0;True
25539;9;16;7;True
25540;2;4;2;True
25541;3;6;3;True
25542;1;1;0;True
25543;4;8;4;True
25544;2;2;0;True
25545;4;6;2;True
25546;1;1;0;True
25547;2;2;0;True
25548;4;6;2;True
25549;8;12;4;True
25550;7;9;2;True
25551;4;12;8;True
25552;2;2;0;True
25553;3;9;6;True
25554;4;12;8;True
25555;3;6;3;True
25556;0;0;0;True
25557;4;12;8;True
25558;1;1;0;True
25559;1;1;0;True
25560;3;4;1;True
25561;4;8;4;True
25562;5;9;4;True
25563;5;9;4;True
25564;7;16;9;True
25565;5;9;4;True
25566;3;9;6;True
25567;5;16;11;True
25568;2;4;2;True
25569;5;9;4;True
25570;5;9;4;True
25571;8;16;8;True
25572;5;12;7;True
25573;3;4;1;True
25574;0;0;0;True
25575;4;9;5;True
25576;7;12;5;True
25577;4;9;5;True
25578;2;2;0;True
25579;0;0;0;True
25580;5;12;7;True
25581;7;12;5;True
25582;6;9;3;True
25583;0;0;0;True
25584;3;6;3;True
25585;1;1;0;True
25586;3;4;1;True
25587;4;6;2;True
25588;7;16;9;True
25589;6;9;3;True
25590;3;6;3;True
25591;2;2;0;True
25592;6;12;6;True
25593;6;16;10;True
25594;4;6;2;True
25595;7;9;2;True
25596;3;6;3;True
25597;4;6;2;True
25598;5;9;4;True
25599;3;6;3;True
25600;0;0;0;True
25601;0;0;0;True
25602;3;6;3;True
25603;2;4;2;True
25604;4;8;4;True
25605;7;9;2;True
25606;6;16;10;True
25607;5;12;7;True
25608;5;12;7;True
25609;0;0;0;True
25610;3;3;0;True
25611;5;12;7;True
25612;4;9;5;True
25613;2;4;2;True
25614;0;0;0;True
25615;7;12;5;True
25616;3;6;3;True
25617;1;1;0;True
25618;3;4;1;True
25619;3;6;3;True
25620;7;12;5;True
25621;2;4;2;True
25622;4;6;2;True
25623;5;12;7;True
25624;0;0;0;True
25625;1;1;0;True
25626;0;0;0;True
25627;3;6;3;True
25628;1;1;0;True
25629;5;9;4;True
25630;2;4;2;True
25631;9;16;7;True
25632;1;1;0;True
25633;7;9;2;True
25634;2;2;0;True
25635;4;9;5;True
25636;3;6;3;True
25637;4;9;5;True
25638;8;12;4;True
25639;1;1;0;True
25640;3;4;1;True
25641;4;12;8;True
25642;0;0;0;True
25643;5;9;4;True
25644;0;0;0;True
25645;1;1;0;True
25646;1;1;0;True
25647;1;1;0;True
25648;5;12;7;True
25649;2;4;2;True
25650;2;2;0;True
25651;0;0;0;True
25652;3;9;6;True
25653;3;6;3;True
25654;3;4;1;True
25655;5;12;7;True
25656;8;12;4;True
25657;10;16;6;True
25658;3;3;0;True
25659;6;12;6;True
25660;5;9;4;True
25661;0;0;0;True
25662;3;6;3;True
25663;8;12;4;True
25664;2;2;0;True
25665;4;6;2;True
25666;2;2;0;True
25667;3;6;3;True
25668;4;9;5;True
25669;7;12;5;True
25670;4;6;2;True
25671;5;9;4;True
25672;8;16;8;True
25673;3;3;0;True
25674;7;12;5;True
25675;3;6;3;True
25676;6;12;6;True
25677;5;12;7;True
25678;6;16;10;True
25679;4;6;2;True
25680;5;12;7;True
25681;4;9;5;True
25682;6;9;3;True
25683;8;12;4;True
25684;5;9;4;True
25685;1;1;0;True
25686;4;9;5;True
25687;7;12;5;True
25688;2;4;2;True
25689;5;12;7;True
25690;1;1;0;True
25691;2;2;0;True
25692;7;16;9;True
25693;7;16;9;True
25694;1;1;0;True
25695;2;4;2;True
25696;9;16;7;True
25697;4;9;5;True
25698;2;4;2;True
25699;7;16;9;True
25700;4;6;2;True
25701;4;12;8;True
25702;3;6;3;True
25703;2;4;2;True
25704;6;12;6;True
25705;2;2;0;True
25706;4;12;8;True
25707;5;12;7;True
25708;8;12;4;True
25709;2;2;0;True
25710;7;12;5;True
25711;4;9;5;True
25712;9;12;3;True
25713;4;9;5;True
25714;4;6;2;True
25715;6;12;6;True
25716;1;1;0;True
25717;6;16;10;True
25718;4;9;5;True
25719;3;6;3;True
25720;2;2;0;True
25721;4;12;8;True
25722;9;16;7;True
25723;3;6;3;True
25724;4;6;2;True
25725;2;4;2;True
25726;3;3;0;True
25727;3;3;0;True
25728;6;12;6;True
25729;5;8;3;True
25730;10;16;6;True
25731;3;4;1;True
25732;6;16;10;True
25733;3;9;6;True
25734;2;4;2;True
25735;2;4;2;True
25736;7;16;9;True
25737;4;9;5;True
25738;6;12;6;True
25739;7;16;9;True
25740;5;9;4;True
25741;6;12;6;True
25742;4;12;8;True
25743;0;0;0;True
25744;6;12;6;True
25745;4;8;4;True
25746;4;9;5;True
25747;5;9;4;True
25748;3;6;3;True
25749;4;6;2;True
25750;3;6;3;True
25751;1;1;0;True
25752;4;6;2;True
25753;2;4;2;True
25754;1;1;0;True
25755;1;1;0;True
25756;4;6;2;True
25757;6;12;6;True
25758;3;4;1;True
25759;3;3;0;True
25760;1;1;0;True
25761;10;12;2;True
25762;6;9;3;True
25763;2;2;0;True
25764;6;9;3;True
25765;1;1;0;True
25766;1;1;0;True
25767;5;12;7;True
25768;3;4;1;True
25769;0;0;0;True
25770;6;16;10;True
25771;3;6;3;True
25772;5;9;4;True
25773;2;2;0;True
25774;1;1;0;True
25775;1;1;0;True
25776;6;12;6;True
25777;5;12;7;True
25778;7;16;9;True
25779;0;0;0;True
25780;1;1;0;True
25781;4;16;12;True
25782;5;9;4;True
25783;0;0;0;True
25784;2;2;0;True
25785;1;1;0;True
25786;4;9;5;True
25787;2;4;2;True
25788;6;12;6;True
25789;4;9;5;True
25790;5;9;4;True
25791;6;12;6;True
25792;2;4;2;True
25793;1;1;0;True
25794;7;16;9;True
25795;5;9;4;True
25796;4;9;5;True
25797;6;9;3;True
25798;8;16;8;True
25799;5;9;4;True
25800;4;6;2;True
25801;2;2;0;True
25802;4;6;2;True
25803;3;4;1;True
25804;1;1;0;True
25805;3;6;3;True
25806;4;9;5;True
25807;1;1;0;True
25808;3;6;3;True
25809;1;1;0;True
25810;6;12;6;True
25811;3;6;3;True
25812;1;1;0;True
25813;5;9;4;True
25814;3;6;3;True
25815;10;16;6;True
25816;1;1;0;True
25817;3;9;6;True
25818;0;0;0;True
25819;3;6;3;True
25820;3;9;6;True
25821;1;1;0;True
25822;7;16;9;True
25823;1;1;0;True
25824;7;12;5;True
25825;0;0;0;True
25826;4;12;8;True
25827;3;9;6;True
25828;4;9;5;True
25829;4;9;5;True
25830;8;16;8;True
25831;4;12;8;True
25832;2;2;0;True
25833;6;12;6;True
25834;6;16;10;True
25835;1;1;0;True
25836;5;8;3;True
25837;3;4;1;True
25838;4;12;8;True
25839;0;0;0;True
25840;3;6;3;True
25841;2;4;2;True
25842;5;12;7;True
25843;1;1;0;True
25844;4;9;5;True
25845;5;9;4;True
25846;4;6;2;True
25847;4;9;5;True
25848;6;16;10;True
25849;4;12;8;True
25850;4;12;8;True
25851;4;9;5;True
25852;0;0;0;True
25853;6;12;6;True
25854;3;9;6;True
25855;6;16;10;True
25856;0;0;0;True
25857;9;16;7;True
25858;8;12;4;True
25859;3;6;3;True
25860;5;12;7;True
25861;1;1;0;True
25862;2;4;2;True
25863;4;8;4;True
25864;4;9;5;True
25865;5;8;3;True
25866;3;9;6;True
25867;2;2;0;True
25868;5;9;4;True
25869;4;9;5;True
25870;5;12;7;True
25871;4;9;5;True
25872;8;16;8;True
25873;3;9;6;True
25874;2;4;2;True
25875;3;4;1;True
25876;3;4;1;True
25877;3;6;3;True
25878;2;2;0;True
25879;2;4;2;True
25880;6;12;6;True
25881;5;12;7;True
25882;3;6;3;True
25883;5;9;4;True
25884;2;2;0;True
25885;1;1;0;True
25886;4;12;8;True
25887;6;9;3;True
25888;3;6;3;True
25889;1;1;0;True
25890;1;1;0;True
25891;5;12;7;True
25892;0;0;0;True
25893;4;9;5;True
25894;3;4;1;True
25895;3;6;3;True
25896;5;12;7;True
25897;4;12;8;True
25898;4;12;8;True
25899;4;9;5;True
25900;0;0;0;True
25901;4;12;8;True
25902;2;4;2;True
25903;3;6;3;True
25904;3;6;3;True
25905;4;9;5;True
25906;3;9;6;True
25907;4;6;2;True
25908;2;4;2;True
25909;2;4;2;True
25910;5;12;7;True
25911;7;16;9;True
25912;5;12;7;True
25913;9;16;7;True
25914;5;8;3;True
25915;6;8;2;True
25916;1;1;0;True
25917;3;6;3;True
25918;3;6;3;True
25919;6;12;6;True
25920;1;1;0;True
25921;8;16;8;True
25922;3;6;3;True
25923;3;4;1;True
25924;5;12;7;True
25925;5;6;1;True
25926;5;9;4;True
25927;1;1;0;True
25928;5;9;4;True
25929;7;16;9;True
25930;1;1;0;True
25931;7;16;9;True
25932;1;1;0;True
25933;3;4;1;True
25934;4;9;5;True
25935;3;6;3;True
25936;2;2;0;True
25937;5;16;11;True
25938;7;16;9;True
25939;2;2;0;True
25940;1;1;0;True
25941;4;8;4;True
25942;2;4;2;True
25943;4;9;5;True
25944;3;6;3;True
25945;5;16;11;True
25946;3;6;3;True
25947;1;1;0;True
25948;6;16;10;True
25949;0;0;0;True
25950;4;4;0;True
25951;6;16;10;True
25952;3;6;3;True
25953;4;12;8;True
25954;4;9;5;True
25955;5;9;4;True
25956;1;1;0;True
25957;6;16;10;True
25958;0;0;0;True
25959;6;16;10;True
25960;2;2;0;True
25961;5;12;7;True
25962;3;4;1;True
25963;2;4;2;True
25964;4;6;2;True
25965;4;9;5;True
25966;3;4;1;True
25967;4;6;2;True
25968;2;4;2;True
25969;6;12;6;True
25970;0;0;0;True
25971;1;1;0;True
25972;3;4;1;True
25973;4;12;8;True
25974;1;1;0;True
25975;4;6;2;True
25976;5;9;4;True
25977;3;6;3;True
25978;3;4;1;True
25979;2;2;0;True
25980;4;6;2;True
25981;2;4;2;True
25982;8;16;8;True
25983;4;8;4;True
25984;6;12;6;True
25985;3;6;3;True
25986;4;9;5;True
25987;3;6;3;True
25988;8;12;4;True
25989;1;1;0;True
25990;3;4;1;True
25991;2;4;2;True
25992;11;16;5;True
25993;3;4;1;True
25994;5;16;11;True
25995;2;2;0;True
25996;1;1;0;True
25997;0;0;0;True
25998;4;9;5;True
25999;2;2;0;True
26000;4;6;2;True
26001;3;4;1;True
26002;2;4;2;True
26003;2;2;0;True
26004;2;4;2;True
26005;3;6;3;True
26006;2;4;2;True
26007;4;8;4;True
26008;0;0;0;True
26009;4;9;5;True
26010;2;4;2;True
26011;3;9;6;True
26012;5;16;11;True
26013;8;16;8;True
26014;5;6;1;True
26015;5;12;7;True
26016;6;16;10;True
26017;4;6;2;True
26018;4;12;8;True
26019;0;0;0;True
26020;4;12;8;True
26021;6;16;10;True
26022;3;6;3;True
26023;3;9;6;True
26024;5;6;1;True
26025;5;9;4;True
26026;4;12;8;True
26027;2;4;2;True
26028;7;9;2;True
26029;9;16;7;True
26030;5;9;4;True
26031;8;16;8;True
26032;4;9;5;True
26033;6;16;10;True
26034;4;6;2;True
26035;1;1;0;True
26036;3;4;1;True
26037;2;4;2;True
26038;1;1;0;True
26039;4;9;5;True
26040;4;8;4;True
26041;2;4;2;True
26042;3;6;3;True
26043;2;4;2;True
26044;10;16;6;True
26045;3;6;3;True
26046;5;12;7;True
26047;4;9;5;True
26048;4;6;2;True
26049;4;9;5;True
26050;5;9;4;True
26051;5;12;7;True
26052;6;16;10;True
26053;11;16;5;True
26054;3;6;3;True
26055;4;9;5;True
26056;7;12;5;True
26057;1;1;0;True
26058;6;12;6;True
26059;4;6;2;True
26060;6;12;6;True
26061;4;9;5;True
26062;4;6;2;True
26063;1;1;0;True
26064;2;2;0;True
26065;0;0;0;True
26066;5;12;7;True
26067;1;1;0;True
26068;0;0;0;True
26069;4;9;5;True
26070;2;4;2;True
26071;2;4;2;True
26072;0;0;0;True
26073;3;4;1;True
26074;5;12;7;True
26075;4;9;5;True
26076;3;6;3;True
26077;3;9;6;True
26078;10;16;6;True
26079;2;2;0;True
26080;6;16;10;True
26081;1;1;0;True
26082;3;4;1;True
26083;0;0;0;True
26084;5;9;4;True
26085;3;6;3;True
26086;8;16;8;True
26087;6;12;6;True
26088;5;16;11;True
26089;5;9;4;True
26090;2;4;2;True
26091;5;12;7;True
26092;2;4;2;True
26093;5;9;4;True
26094;0;0;0;True
26095;1;1;0;True
26096;2;2;0;True
26097;0;0;0;True
26098;4;9;5;True
26099;7;16;9;True
26100;3;9;6;True
26101;3;6;3;True
26102;4;9;5;True
26103;1;1;0;True
26104;3;6;3;True
26105;4;12;8;True
26106;8;12;4;True
26107;4;8;4;True
26108;3;6;3;True
26109;0;0;0;True
26110;6;12;6;True
26111;1;1;0;True
26112;7;12;5;True
26113;5;9;4;True
26114;4;6;2;True
26115;5;9;4;True
26116;4;6;2;True
26117;4;12;8;True
26118;3;6;3;True
26119;4;9;5;True
26120;8;16;8;True
26121;1;1;0;True
26122;6;12;6;True
26123;5;12;7;True
26124;1;1;0;True
26125;2;4;2;True
26126;1;1;0;True
26127;0;0;0;True
26128;1;1;0;True
26129;3;6;3;True
26130;4;6;2;True
26131;6;12;6;True
26132;1;1;0;True
26133;2;4;2;True
26134;8;16;8;True
26135;1;1;0;True
26136;0;0;0;True
26137;4;8;4;True
26138;3;4;1;True
26139;6;12;6;True
26140;4;6;2;True
26141;1;1;0;True
26142;1;1;0;True
26143;5;12;7;True
26144;3;6;3;True
26145;3;9;6;True
26146;0;0;0;True
26147;2;4;2;True
26148;2;4;2;True
26149;0;0;0;True
26150;6;12;6;True
26151;2;4;2;True
26152;1;1;0;True
26153;5;12;7;True
26154;8;16;8;True
26155;2;4;2;True
26156;5;12;7;True
26157;5;16;11;True
26158;5;9;4;True
26159;2;4;2;True
26160;3;9;6;True
26161;4;9;5;True
26162;3;9;6;True
26163;3;9;6;True
26164;8;16;8;True
26165;3;9;6;True
26166;4;6;2;True
26167;4;12;8;True
26168;1;1;0;True
26169;0;0;0;True
26170;8;16;8;True
26171;4;9;5;True
26172;5;9;4;True
26173;0;0;0;True
26174;3;6;3;True
26175;5;9;4;True
26176;6;12;6;True
26177;6;16;10;True
26178;2;2;0;True
26179;4;12;8;True
26180;5;12;7;True
26181;4;8;4;True
26182;9;16;7;True
26183;4;12;8;True
26184;5;8;3;True
26185;5;8;3;True
26186;0;0;0;True
26187;2;2;0;True
26188;3;6;3;True
26189;7;12;5;True
26190;1;1;0;True
26191;4;9;5;True
26192;4;12;8;True
26193;2;4;2;True
26194;6;16;10;True
26195;4;12;8;True
26196;2;4;2;True
26197;4;6;2;True
26198;5;12;7;True
26199;2;4;2;True
26200;4;9;5;True
26201;8;16;8;True
26202;1;1;0;True
26203;5;12;7;True
26204;5;6;1;True
26205;3;9;6;True
26206;1;1;0;True
26207;2;4;2;True
26208;5;9;4;True
26209;4;9;5;True
26210;2;2;0;True
26211;8;16;8;True
26212;3;4;1;True
26213;9;12;3;True
26214;3;6;3;True
26215;0;0;0;True
26216;2;4;2;True
26217;2;4;2;True
26218;3;6;3;True
26219;3;4;1;True
26220;9;16;7;True
26221;4;9;5;True
26222;7;12;5;True
26223;0;0;0;True
26224;5;12;7;True
26225;6;9;3;True
26226;3;9;6;True
26227;7;16;9;True
26228;1;1;0;True
26229;6;12;6;True
26230;3;6;3;True
26231;7;16;9;True
26232;6;9;3;True
26233;4;6;2;True
26234;3;6;3;True
26235;4;9;5;True
26236;0;0;0;True
26237;10;16;6;True
26238;5;9;4;True
26239;2;4;2;True
26240;4;4;0;True
26241;3;9;6;True
26242;5;16;11;True
26243;2;2;0;True
26244;6;12;6;True
26245;4;9;5;True
26246;7;16;9;True
26247;4;12;8;True
26248;1;1;0;True
26249;5;12;7;True
26250;10;16;6;True
26251;8;16;8;True
26252;5;16;11;True
26253;7;16;9;True
26254;3;6;3;True
26255;2;2;0;True
26256;3;6;3;True
26257;2;4;2;True
26258;6;12;6;True
26259;0;0;0;True
26260;0;0;0;True
26261;3;9;6;True
26262;3;4;1;True
26263;3;6;3;True
26264;5;16;11;True
26265;1;1;0;True
26266;5;8;3;True
26267;0;0;0;True
26268;6;12;6;True
26269;10;16;6;True
26270;8;16;8;True
26271;8;12;4;True
26272;1;1;0;True
26273;5;9;4;True
26274;1;1;0;True
26275;5;12;7;True
26276;3;6;3;True
26277;7;12;5;True
26278;5;9;4;True
26279;4;4;0;True
26280;7;16;9;True
26281;2;4;2;True
26282;7;16;9;True
26283;5;9;4;True
26284;9;16;7;True
26285;5;16;11;True
26286;1;1;0;True
26287;3;6;3;True
26288;0;0;0;True
26289;0;0;0;True
26290;0;0;0;True
26291;3;6;3;True
26292;3;6;3;True
26293;5;9;4;True
26294;0;0;0;True
26295;7;12;5;True
26296;9;16;7;True
26297;4;8;4;True
26298;3;4;1;True
26299;6;12;6;True
26300;6;16;10;True
26301;0;0;0;True
26302;2;2;0;True
26303;11;16;5;True
26304;6;9;3;True
26305;2;4;2;True
26306;5;6;1;True
26307;0;0;0;True
26308;0;0;0;True
26309;1;1;0;True
26310;0;0;0;True
26311;7;12;5;True
26312;6;12;6;True
26313;8;16;8;True
26314;2;4;2;True
26315;5;8;3;True
26316;7;16;9;True
26317;6;12;6;True
26318;3;9;6;True
26319;5;12;7;True
26320;1;1;0;True
26321;1;1;0;True
26322;2;4;2;True
26323;3;4;1;True
26324;2;4;2;True
26325;7;16;9;True
26326;8;12;4;True
26327;4;12;8;True
26328;3;6;3;True
26329;6;9;3;True
26330;2;2;0;True
26331;2;2;0;True
26332;3;4;1;True
26333;3;9;6;True
26334;8;16;8;True
26335;0;0;0;True
26336;2;4;2;True
26337;3;9;6;True
26338;1;1;0;True
26339;4;9;5;True
26340;1;1;0;True
26341;4;16;12;True
26342;7;16;9;True
26343;4;12;8;True
26344;1;1;0;True
26345;2;4;2;True
26346;2;4;2;True
26347;2;4;2;True
26348;4;9;5;True
26349;7;16;9;True
26350;1;1;0;True
26351;5;9;4;True
26352;0;0;0;True
26353;3;9;6;True
26354;1;1;0;True
26355;6;12;6;True
26356;4;6;2;True
26357;4;6;2;True
26358;5;12;7;True
26359;0;0;0;True
26360;3;6;3;True
26361;3;9;6;True
26362;4;6;2;True
26363;4;9;5;True
26364;2;2;0;True
26365;4;12;8;True
26366;4;9;5;True
26367;5;9;4;True
26368;1;1;0;True
26369;4;6;2;True
26370;3;6;3;True
26371;9;12;3;True
26372;4;8;4;True
26373;2;4;2;True
26374;7;12;5;True
26375;2;2;0;True
26376;5;12;7;True
26377;4;6;2;True
26378;5;12;7;True
26379;7;16;9;True
26380;3;4;1;True
26381;1;1;0;True
26382;3;6;3;True
26383;5;16;11;True
26384;4;9;5;True
26385;0;0;0;True
26386;1;1;0;True
26387;3;4;1;True
26388;4;12;8;True
26389;1;1;0;True
26390;4;8;4;True
26391;4;12;8;True
26392;4;6;2;True
26393;3;4;1;True
26394;4;6;2;True
26395;0;0;0;True
26396;3;9;6;True
26397;1;1;0;True
26398;5;6;1;True
26399;5;6;1;True
26400;3;9;6;True
26401;4;6;2;True
26402;9;16;7;True
26403;1;1;0;True
26404;6;12;6;True
26405;3;6;3;True
26406;4;9;5;True
26407;5;12;7;True
26408;1;1;0;True
26409;4;12;8;True
26410;4;9;5;True
26411;4;9;5;True
26412;4;6;2;True
26413;3;6;3;True
26414;7;12;5;True
26415;4;8;4;True
26416;2;2;0;True
26417;5;9;4;True
26418;5;9;4;True
26419;2;2;0;True
26420;5;12;7;True
26421;5;12;7;True
26422;7;16;9;True
26423;2;4;2;True
26424;4;6;2;True
26425;6;12;6;True
26426;4;6;2;True
26427;3;6;3;True
26428;1;1;0;True
26429;3;6;3;True
26430;3;6;3;True
26431;5;8;3;True
26432;3;6;3;True
26433;7;12;5;True
26434;8;12;4;True
26435;0;0;0;True
26436;6;16;10;True
26437;6;9;3;True
26438;3;6;3;True
26439;0;0;0;True
26440;5;9;4;True
26441;3;9;6;True
26442;1;1;0;True
26443;4;12;8;True
26444;2;2;0;True
26445;5;12;7;True
26446;3;6;3;True
26447;1;1;0;True
26448;0;0;0;True
26449;7;12;5;True
26450;5;12;7;True
26451;2;2;0;True
26452;3;3;0;True
26453;5;9;4;True
26454;3;9;6;True
26455;6;16;10;True
26456;4;9;5;True
26457;7;16;9;True
26458;4;9;5;True
26459;6;12;6;True
26460;2;4;2;True
26461;4;9;5;True
26462;4;6;2;True
26463;4;6;2;True
26464;0;0;0;True
26465;4;6;2;True
26466;6;16;10;True
26467;3;4;1;True
26468;4;8;4;True
26469;3;6;3;True
26470;4;8;4;True
26471;8;16;8;True
26472;9;16;7;True
26473;5;12;7;True
26474;3;9;6;True
26475;4;6;2;True
26476;0;0;0;True
26477;11;16;5;True
26478;6;12;6;True
26479;7;16;9;True
26480;6;12;6;True
26481;2;4;2;True
26482;4;9;5;True
26483;11;16;5;True
26484;5;9;4;True
26485;9;16;7;True
26486;3;6;3;True
26487;3;6;3;True
26488;7;9;2;True
26489;3;3;0;True
26490;9;16;7;True
26491;4;9;5;True
26492;0;0;0;True
26493;2;4;2;True
26494;3;4;1;True
26495;5;12;7;True
26496;1;1;0;True
26497;5;12;7;True
26498;5;12;7;True
26499;2;2;0;True
26500;5;12;7;True
26501;2;2;0;True
26502;3;4;1;True
26503;4;9;5;True
26504;4;9;5;True
26505;5;12;7;True
26506;8;16;8;True
26507;4;9;5;True
26508;5;12;7;True
26509;1;1;0;True
26510;1;1;0;True
26511;2;4;2;True
26512;1;1;0;True
26513;1;1;0;True
26514;4;6;2;True
26515;4;6;2;True
26516;0;0;0;True
26517;2;4;2;True
26518;0;0;0;True
26519;3;6;3;True
26520;4;6;2;True
26521;3;9;6;True
26522;4;12;8;True
26523;2;2;0;True
26524;4;9;5;True
26525;3;6;3;True
26526;5;16;11;True
26527;2;2;0;True
26528;1;1;0;True
26529;4;9;5;True
26530;2;4;2;True
26531;7;16;9;True
26532;8;16;8;True
26533;2;2;0;True
26534;4;9;5;True
26535;7;16;9;True
26536;9;16;7;True
26537;1;1;0;True
26538;2;4;2;True
26539;5;9;4;True
26540;2;2;0;True
26541;8;16;8;True
26542;4;8;4;True
26543;1;1;0;True
26544;3;6;3;True
26545;9;16;7;True
26546;4;6;2;True
26547;5;9;4;True
26548;6;12;6;True
26549;1;1;0;True
26550;4;6;2;True
26551;3;9;6;True
26552;1;1;0;True
26553;6;16;10;True
26554;6;16;10;True
26555;9;16;7;True
26556;2;2;0;True
26557;2;4;2;True
26558;3;4;1;True
26559;6;12;6;True
26560;8;16;8;True
26561;2;4;2;True
26562;2;4;2;True
26563;5;9;4;True
26564;1;1;0;True
26565;1;1;0;True
26566;7;16;9;True
26567;3;9;6;True
26568;0;0;0;True
26569;1;1;0;True
26570;2;4;2;True
26571;4;9;5;True
26572;1;1;0;True
26573;3;4;1;True
26574;0;0;0;True
26575;5;12;7;True
26576;2;4;2;True
26577;8;16;8;True
26578;6;9;3;True
26579;9;12;3;True
26580;6;9;3;True
26581;4;12;8;True
26582;4;6;2;True
26583;4;9;5;True
26584;3;9;6;True
26585;5;9;4;True
26586;2;4;2;True
26587;6;12;6;True
26588;1;1;0;True
26589;6;16;10;True
26590;1;1;0;True
26591;4;6;2;True
26592;3;9;6;True
26593;3;6;3;True
26594;4;9;5;True
26595;2;4;2;True
26596;3;6;3;True
26597;1;1;0;True
26598;1;1;0;True
26599;5;12;7;True
26600;2;2;0;True
26601;6;9;3;True
26602;4;6;2;True
26603;4;6;2;True
26604;5;12;7;True
26605;2;2;0;True
26606;0;0;0;True
26607;2;4;2;True
26608;9;12;3;True
26609;2;4;2;True
26610;0;0;0;True
26611;1;1;0;True
26612;8;16;8;True
26613;2;4;2;True
26614;4;9;5;True
26615;4;6;2;True
26616;1;1;0;True
26617;5;16;11;True
26618;2;4;2;True
26619;5;12;7;True
26620;7;16;9;True
26621;4;6;2;True
26622;10;16;6;True
26623;8;16;8;True
26624;1;1;0;True
26625;5;9;4;True
26626;1;1;0;True
26627;6;12;6;True
26628;6;12;6;True
26629;5;9;4;True
26630;6;12;6;True
26631;3;6;3;True
26632;7;16;9;True
26633;3;4;1;True
26634;2;4;2;True
26635;2;4;2;True
26636;7;12;5;True
26637;4;6;2;True
26638;1;1;0;True
26639;1;1;0;True
26640;0;0;0;True
26641;4;6;2;True
26642;5;12;7;True
26643;4;9;5;True
26644;3;4;1;True
26645;6;12;6;True
26646;9;16;7;True
26647;3;6;3;True
26648;2;4;2;True
26649;7;16;9;True
26650;8;16;8;True
26651;4;6;2;True
26652;5;6;1;True
26653;7;16;9;True
26654;5;16;11;True
26655;3;6;3;True
26656;1;1;0;True
26657;5;8;3;True
26658;2;2;0;True
26659;6;12;6;True
26660;2;2;0;True
26661;4;6;2;True
26662;2;4;2;True
26663;5;12;7;True
26664;6;12;6;True
26665;6;16;10;True
26666;5;9;4;True
26667;1;1;0;True
26668;4;9;5;True
26669;5;9;4;True
26670;3;4;1;True
26671;4;4;0;True
26672;3;4;1;True
26673;4;6;2;True
26674;5;12;7;True
26675;4;9;5;True
26676;4;9;5;True
26677;7;12;5;True
26678;4;6;2;True
26679;6;9;3;True
26680;5;12;7;True
26681;5;12;7;True
26682;4;9;5;True
26683;5;12;7;True
26684;5;12;7;True
26685;6;9;3;True
26686;2;4;2;True
26687;1;1;0;True
26688;0;0;0;True
26689;8;16;8;True
26690;6;16;10;True
26691;2;4;2;True
26692;5;9;4;True
26693;5;12;7;True
26694;3;6;3;True
26695;1;1;0;True
26696;1;1;0;True
26697;5;12;7;True
26698;2;2;0;True
26699;1;1;0;True
26700;3;4;1;True
26701;4;6;2;True
26702;3;6;3;True
26703;4;9;5;True
26704;2;2;0;True
26705;5;9;4;True
26706;5;9;4;True
26707;4;4;0;True
26708;3;6;3;True
26709;3;3;0;True
26710;1;1;0;True
26711;6;12;6;True
26712;7;16;9;True
26713;2;2;0;True
26714;4;12;8;True
26715;8;12;4;True
26716;3;3;0;True
26717;5;8;3;True
26718;4;9;5;True
26719;1;1;0;True
26720;2;4;2;True
26721;4;8;4;True
26722;1;1;0;True
26723;4;9;5;True
26724;0;0;0;True
26725;1;1;0;True
26726;8;16;8;True
26727;3;6;3;True
26728;4;8;4;True
26729;5;8;3;True
26730;6;12;6;True
26731;4;9;5;True
26732;2;2;0;True
26733;2;4;2;True
26734;1;1;0;True
26735;3;6;3;True
26736;6;12;6;True
26737;4;12;8;True
26738;1;1;0;True
26739;0;0;0;True
26740;1;1;0;True
26741;10;16;6;True
26742;1;1;0;True
26743;1;1;0;True
26744;1;1;0;True
26745;4;9;5;True
26746;6;16;10;True
26747;5;16;11;True
26748;2;4;2;True
26749;5;9;4;True
26750;3;6;3;True
26751;3;4;1;True
26752;4;12;8;True
26753;8;16;8;True
26754;4;6;2;True
26755;7;12;5;True
26756;9;12;3;True
26757;0;0;0;True
26758;5;12;7;True
26759;4;9;5;True
26760;0;0;0;True
26761;0;0;0;True
26762;1;1;0;True
26763;2;4;2;True
26764;5;9;4;True
26765;6;9;3;True
26766;8;16;8;True
26767;4;9;5;True
26768;1;1;0;True
26769;10;16;6;True
26770;4;9;5;True
26771;4;6;2;True
26772;7;16;9;True
26773;3;6;3;True
26774;1;1;0;True
26775;4;6;2;True
26776;2;2;0;True
26777;5;9;4;True
26778;3;6;3;True
26779;4;9;5;True
26780;3;6;3;True
26781;4;6;2;True
26782;5;12;7;True
26783;3;3;0;True
26784;1;1;0;True
26785;4;9;5;True
26786;1;1;0;True
26787;2;4;2;True
26788;4;12;8;True
26789;7;12;5;True
26790;6;12;6;True
26791;1;1;0;True
26792;8;16;8;True
26793;5;8;3;True
26794;0;0;0;True
26795;2;2;0;True
26796;3;6;3;True
26797;3;4;1;True
26798;4;8;4;True
26799;3;4;1;True
26800;3;6;3;True
26801;1;1;0;True
26802;4;9;5;True
26803;4;16;12;True
26804;3;6;3;True
26805;2;2;0;True
26806;4;6;2;True
26807;7;16;9;True
26808;1;1;0;True
26809;3;9;6;True
26810;1;1;0;True
26811;6;8;2;True
26812;8;16;8;True
26813;3;6;3;True
26814;2;4;2;True
26815;5;9;4;True
26816;2;2;0;True
26817;5;16;11;True
26818;7;16;9;True
26819;2;2;0;True
26820;8;12;4;True
26821;7;16;9;True
26822;3;9;6;True
26823;7;16;9;True
26824;3;6;3;True
26825;3;6;3;True
26826;4;6;2;True
26827;8;16;8;True
26828;4;9;5;True
26829;4;9;5;True
26830;3;4;1;True
26831;3;6;3;True
26832;8;16;8;True
26833;4;6;2;True
26834;2;4;2;True
26835;4;9;5;True
26836;4;9;5;True
26837;1;1;0;True
26838;5;12;7;True
26839;5;9;4;True
26840;6;12;6;True
26841;4;9;5;True
26842;4;12;8;True
26843;7;12;5;True
26844;3;6;3;True
26845;2;4;2;True
26846;3;6;3;True
26847;6;16;10;True
26848;1;1;0;True
26849;3;6;3;True
26850;2;4;2;True
26851;5;9;4;True
26852;8;16;8;True
26853;0;0;0;True
26854;10;16;6;True
26855;1;1;0;True
26856;8;16;8;True
26857;5;12;7;True
26858;2;2;0;True
26859;1;1;0;True
26860;5;12;7;True
26861;4;6;2;True
26862;4;12;8;True
26863;7;12;5;True
26864;4;6;2;True
26865;3;3;0;True
26866;2;2;0;True
26867;7;16;9;True
26868;4;6;2;True
26869;0;0;0;True
26870;0;0;0;True
26871;4;9;5;True
26872;5;12;7;True
26873;1;1;0;True
26874;3;6;3;True
26875;6;12;6;True
26876;2;2;0;True
26877;7;16;9;True
26878;9;16;7;True
26879;9;16;7;True
26880;4;9;5;True
26881;3;3;0;True
26882;5;6;1;True
26883;9;12;3;True
26884;1;1;0;True
26885;2;2;0;True
26886;8;12;4;True
26887;6;12;6;True
26888;5;9;4;True
26889;2;4;2;True
26890;1;1;0;True
26891;3;4;1;True
26892;1;1;0;True
26893;6;9;3;True
26894;3;4;1;True
26895;8;16;8;True
26896;4;6;2;True
26897;1;1;0;True
26898;8;16;8;True
26899;7;16;9;True
26900;5;6;1;True
26901;5;9;4;True
26902;5;9;4;True
26903;1;1;0;True
26904;2;4;2;True
26905;1;1;0;True
26906;3;4;1;True
26907;6;12;6;True
26908;1;1;0;True
26909;1;1;0;True
26910;7;16;9;True
26911;5;9;4;True
26912;1;1;0;True
26913;4;16;12;True
26914;6;9;3;True
26915;3;3;0;True
26916;4;9;5;True
26917;4;12;8;True
26918;1;1;0;True
26919;1;1;0;True
26920;1;1;0;True
26921;2;2;0;True
26922;2;4;2;True
26923;1;1;0;True
26924;0;0;0;True
26925;1;1;0;True
26926;4;6;2;True
26927;4;9;5;True
26928;5;9;4;True
26929;6;16;10;True
26930;0;0;0;True
26931;6;16;10;True
26932;6;16;10;True
26933;4;9;5;True
26934;2;4;2;True
26935;3;6;3;True
26936;3;6;3;True
26937;3;6;3;True
26938;3;6;3;True
26939;2;4;2;True
26940;2;4;2;True
26941;0;0;0;True
26942;3;6;3;True
26943;5;12;7;True
26944;3;9;6;True
26945;3;4;1;True
26946;3;6;3;True
26947;6;6;0;True
26948;8;16;8;True
26949;4;9;5;True
26950;1;1;0;True
26951;3;6;3;True
26952;7;16;9;True
26953;1;1;0;True
26954;7;16;9;True
26955;9;16;7;True
26956;10;12;2;True
26957;4;6;2;True
26958;3;9;6;True
26959;2;4;2;True
26960;2;2;0;True
26961;3;6;3;True
26962;2;4;2;True
26963;6;12;6;True
26964;4;9;5;True
26965;2;4;2;True
26966;2;4;2;True
26967;4;9;5;True
26968;3;6;3;True
26969;6;9;3;True
26970;1;1;0;True
26971;1;1;0;True
26972;4;9;5;True
26973;6;12;6;True
26974;3;6;3;True
26975;6;16;10;True
26976;4;12;8;True
26977;2;2;0;True
26978;3;9;6;True
26979;2;4;2;True
26980;6;12;6;True
26981;3;6;3;True
26982;5;6;1;True
26983;2;4;2;True
26984;3;9;6;True
26985;9;12;3;True
26986;0;0;0;True
26987;6;12;6;True
26988;6;12;6;True
26989;4;6;2;True
26990;6;16;10;True
26991;5;9;4;True
26992;8;16;8;True
26993;10;16;6;True
26994;2;4;2;True
26995;2;4;2;True
26996;6;12;6;True
26997;1;1;0;True
26998;0;0;0;True
26999;6;12;6;True
27000;5;9;4;True
27001;7;12;5;True
27002;2;4;2;True
27003;7;12;5;True
27004;7;12;5;True
27005;3;6;3;True
27006;2;2;0;True
27007;2;4;2;True
27008;6;16;10;True
27009;4;8;4;True
27010;2;4;2;True
27011;1;1;0;True
27012;11;16;5;True
27013;0;0;0;True
27014;2;4;2;True
27015;8;16;8;True
27016;0;0;0;True
27017;10;16;6;True
27018;1;1;0;True
27019;6;9;3;True
27020;6;16;10;True
27021;3;6;3;True
27022;3;9;6;True
27023;6;16;10;True
27024;2;2;0;True
27025;0;0;0;True
27026;8;16;8;True
27027;1;1;0;True
27028;7;12;5;True
27029;0;0;0;True
27030;4;4;0;True
27031;5;16;11;True
27032;3;6;3;True
27033;4;9;5;True
27034;1;1;0;True
27035;4;9;5;True
27036;2;2;0;True
27037;5;12;7;True
27038;1;1;0;True
27039;5;9;4;True
27040;4;6;2;True
27041;4;9;5;True
27042;1;1;0;True
27043;3;4;1;True
27044;8;16;8;True
27045;0;0;0;True
27046;3;6;3;True
27047;1;1;0;True
27048;3;9;6;True
27049;0;0;0;True
27050;4;8;4;True
27051;2;2;0;True
27052;3;9;6;True
27053;6;9;3;True
27054;2;2;0;True
27055;6;12;6;True
27056;6;12;6;True
27057;4;12;8;True
27058;10;16;6;True
27059;3;6;3;True
27060;5;9;4;True
27061;5;12;7;True
27062;4;9;5;True
27063;3;4;1;True
27064;3;6;3;True
27065;1;1;0;True
27066;4;6;2;True
27067;3;6;3;True
27068;3;6;3;True
27069;3;4;1;True
27070;9;12;3;True
27071;6;9;3;True
27072;2;4;2;True
27073;2;2;0;True
27074;6;16;10;True
27075;1;1;0;True
27076;3;4;1;True
27077;5;9;4;True
27078;3;6;3;True
27079;3;6;3;True
27080;6;16;10;True
27081;2;2;0;True
27082;4;9;5;True
27083;3;9;6;True
27084;6;16;10;True
27085;6;12;6;True
27086;4;9;5;True
27087;4;12;8;True
27088;6;12;6;True
27089;4;6;2;True
27090;2;2;0;True
27091;2;4;2;True
27092;4;8;4;True
27093;5;12;7;True
27094;1;1;0;True
27095;3;6;3;True
27096;4;8;4;True
27097;2;2;0;True
27098;2;2;0;True
27099;4;6;2;True
27100;6;12;6;True
27101;3;4;1;True
27102;7;12;5;True
27103;0;0;0;True
27104;1;1;0;True
27105;2;2;0;True
27106;6;16;10;True
27107;0;0;0;True
27108;2;2;0;True
27109;5;12;7;True
27110;3;9;6;True
27111;4;6;2;True
27112;2;4;2;True
27113;4;12;8;True
27114;0;0;0;True
27115;7;12;5;True
27116;6;16;10;True
27117;5;9;4;True
27118;6;16;10;True
27119;4;9;5;True
27120;2;4;2;True
27121;0;0;0;True
27122;6;12;6;True
27123;6;9;3;True
27124;5;9;4;True
27125;5;9;4;True
27126;2;4;2;True
27127;2;4;2;True
27128;3;6;3;True
27129;8;16;8;True
27130;1;1;0;True
27131;1;1;0;True
27132;1;1;0;True
27133;6;12;6;True
27134;2;2;0;True
27135;3;9;6;True
27136;5;16;11;True
27137;2;4;2;True
27138;4;8;4;True
27139;9;16;7;True
27140;2;4;2;True
27141;8;16;8;True
27142;1;1;0;True
27143;3;4;1;True
27144;6;16;10;True
27145;3;4;1;True
27146;8;12;4;True
27147;1;1;0;True
27148;3;6;3;True
27149;3;6;3;True
27150;5;12;7;True
27151;7;12;5;True
27152;1;1;0;True
27153;0;0;0;True
27154;1;1;0;True
27155;5;12;7;True
27156;2;2;0;True
27157;1;1;0;True
27158;1;1;0;True
27159;4;9;5;True
27160;7;16;9;True
27161;5;16;11;True
27162;3;4;1;True
27163;1;1;0;True
27164;6;12;6;True
27165;6;12;6;True
27166;3;6;3;True
27167;2;4;2;True
27168;8;16;8;True
27169;2;4;2;True
27170;5;9;4;True
27171;6;12;6;True
27172;6;9;3;True
27173;2;2;0;True
27174;1;1;0;True
27175;6;16;10;True
27176;1;1;0;True
27177;5;12;7;True
27178;2;4;2;True
27179;3;6;3;True
27180;0;0;0;True
27181;4;8;4;True
27182;3;4;1;True
27183;6;12;6;True
27184;2;2;0;True
27185;0;0;0;True
27186;5;12;7;True
27187;9;16;7;True
27188;2;2;0;True
27189;7;16;9;True
27190;5;8;3;True
27191;6;16;10;True
27192;1;1;0;True
27193;4;9;5;True
27194;5;9;4;True
27195;4;9;5;True
27196;5;9;4;True
27197;1;1;0;True
27198;3;6;3;True
27199;0;0;0;True
27200;5;12;7;True
27201;5;9;4;True
27202;2;4;2;True
27203;4;4;0;True
27204;1;1;0;True
27205;2;4;2;True
27206;3;9;6;True
27207;9;16;7;True
27208;3;6;3;True
27209;2;2;0;True
27210;4;12;8;True
27211;4;9;5;True
27212;5;12;7;True
27213;4;6;2;True
27214;1;1;0;True
27215;2;4;2;True
27216;3;3;0;True
27217;2;4;2;True
27218;5;16;11;True
27219;4;12;8;True
27220;4;6;2;True
27221;5;9;4;True
27222;4;9;5;True
27223;4;9;5;True
27224;4;6;2;True
27225;2;4;2;True
27226;4;6;2;True
27227;3;4;1;True
27228;10;16;6;True
27229;1;1;0;True
27230;7;16;9;True
27231;4;12;8;True
27232;5;12;7;True
27233;3;4;1;True
27234;3;4;1;True
27235;2;2;0;True
27236;3;9;6;True
27237;1;1;0;True
27238;7;16;9;True
27239;4;6;2;True
27240;0;0;0;True
27241;7;16;9;True
27242;3;4;1;True
27243;1;1;0;True
27244;6;12;6;True
27245;1;1;0;True
27246;0;0;0;True
27247;1;1;0;True
27248;2;2;0;True
27249;6;16;10;True
27250;2;4;2;True
27251;1;1;0;True
27252;2;4;2;True
27253;3;6;3;True
27254;3;6;3;True
27255;0;0;0;True
27256;1;1;0;True
27257;2;4;2;True
27258;7;12;5;True
27259;6;12;6;True
27260;7;9;2;True
27261;3;6;3;True
27262;7;12;5;True
27263;4;8;4;True
27264;6;9;3;True
27265;7;12;5;True
27266;6;12;6;True
27267;2;2;0;True
27268;2;4;2;True
27269;1;1;0;True
27270;3;6;3;True
27271;6;8;2;True
27272;8;16;8;True
27273;5;6;1;True
27274;4;8;4;True
27275;6;12;6;True
27276;4;9;5;True
27277;3;6;3;True
27278;3;4;1;True
27279;4;4;0;True
27280;5;16;11;True
27281;3;4;1;True
27282;2;4;2;True
27283;4;12;8;True
27284;4;6;2;True
27285;2;4;2;True
27286;3;6;3;True
27287;4;6;2;True
27288;2;4;2;True
27289;2;4;2;True
27290;4;9;5;True
27291;6;16;10;True
27292;1;1;0;True
27293;5;8;3;True
27294;2;4;2;True
27295;2;2;0;True
27296;5;8;3;True
27297;6;12;6;True
27298;4;8;4;True
27299;7;16;9;True
27300;0;0;0;True
27301;4;9;5;True
27302;4;6;2;True
27303;5;9;4;True
27304;7;16;9;True
27305;7;16;9;True
27306;3;4;1;True
27307;3;6;3;True
27308;1;1;0;True
27309;8;16;8;True
27310;2;4;2;True
27311;5;9;4;True
27312;4;9;5;True
27313;3;3;0;True
27314;1;1;0;True
27315;0;0;0;True
27316;2;2;0;True
27317;8;12;4;True
27318;3;6;3;True
27319;3;4;1;True
27320;5;12;7;True
27321;2;4;2;True
27322;5;12;7;True
27323;3;4;1;True
27324;0;0;0;True
27325;1;1;0;True
27326;0;0;0;True
27327;9;16;7;True
27328;4;9;5;True
27329;3;6;3;True
27330;5;9;4;True
27331;3;9;6;True
27332;1;1;0;True
27333;6;16;10;True
27334;3;9;6;True
27335;0;0;0;True
27336;1;1;0;True
27337;2;4;2;True
27338;2;4;2;True
27339;6;16;10;True
27340;3;4;1;True
27341;8;12;4;True
27342;6;12;6;True
27343;4;4;0;True
27344;5;16;11;True
27345;7;16;9;True
27346;1;1;0;True
27347;4;12;8;True
27348;3;9;6;True
27349;2;2;0;True
27350;5;9;4;True
27351;2;4;2;True
27352;1;1;0;True
27353;3;3;0;True
27354;3;9;6;True
27355;4;9;5;True
27356;6;16;10;True
27357;5;9;4;True
27358;4;12;8;True
27359;6;12;6;True
27360;8;16;8;True
27361;0;0;0;True
27362;4;9;5;True
27363;6;9;3;True
27364;2;4;2;True
27365;4;6;2;True
27366;4;8;4;True
27367;5;16;11;True
27368;4;9;5;True
27369;3;6;3;True
27370;8;16;8;True
27371;8;16;8;True
27372;5;12;7;True
27373;1;1;0;True
27374;6;16;10;True
27375;7;12;5;True
27376;4;6;2;True
27377;1;1;0;True
27378;4;9;5;True
27379;4;6;2;True
27380;4;9;5;True
27381;3;6;3;True
27382;7;16;9;True
27383;7;16;9;True
27384;5;12;7;True
27385;2;4;2;True
27386;1;1;0;True
27387;3;6;3;True
27388;3;6;3;True
27389;3;4;1;True
27390;1;1;0;True
27391;2;4;2;True
27392;9;16;7;True
27393;7;12;5;True
27394;1;1;0;True
27395;5;8;3;True
27396;6;12;6;True
27397;0;0;0;True
27398;5;12;7;True
27399;5;9;4;True
27400;0;0;0;True
27401;3;9;6;True
27402;1;1;0;True
27403;3;6;3;True
27404;8;12;4;True
27405;1;1;0;True
27406;5;12;7;True
27407;2;2;0;True
27408;2;2;0;True
27409;7;12;5;True
27410;6;16;10;True
27411;5;9;4;True
27412;5;12;7;True
27413;5;9;4;True
27414;4;6;2;True
27415;4;9;5;True
27416;4;6;2;True
27417;4;6;2;True
27418;4;6;2;True
27419;8;12;4;True
27420;3;6;3;True
27421;5;9;4;True
27422;5;16;11;True
27423;1;1;0;True
27424;4;9;5;True
27425;1;1;0;True
27426;3;6;3;True
27427;6;16;10;True
27428;5;9;4;True
27429;6;16;10;True
27430;4;6;2;True
27431;0;0;0;True
27432;3;6;3;True
27433;4;9;5;True
27434;8;16;8;True
27435;5;6;1;True
27436;5;12;7;True
27437;2;2;0;True
27438;4;9;5;True
27439;2;4;2;True
27440;5;12;7;True
27441;6;9;3;True
27442;1;1;0;True
27443;3;6;3;True
27444;0;0;0;True
27445;6;16;10;True
27446;4;8;4;True
27447;5;8;3;True
27448;3;6;3;True
27449;6;16;10;True
27450;3;6;3;True
27451;0;0;0;True
27452;0;0;0;True
27453;6;12;6;True
27454;2;4;2;True
27455;11;16;5;True
27456;1;1;0;True
27457;3;6;3;True
27458;5;12;7;True
27459;2;4;2;True
27460;7;12;5;True
27461;3;9;6;True
27462;4;12;8;True
27463;4;6;2;True
27464;9;16;7;True
27465;5;8;3;True
27466;1;1;0;True
27467;4;6;2;True
27468;3;6;3;True
27469;3;6;3;True
27470;4;9;5;True
27471;5;16;11;True
27472;6;12;6;True
27473;2;2;0;True
27474;4;12;8;True
27475;6;12;6;True
27476;2;4;2;True
27477;4;12;8;True
27478;2;4;2;True
27479;2;2;0;True
27480;5;6;1;True
27481;4;6;2;True
27482;6;12;6;True
27483;3;6;3;True
27484;1;1;0;True
27485;4;12;8;True
27486;1;1;0;True
27487;1;1;0;True
27488;4;9;5;True
27489;0;0;0;True
27490;5;12;7;True
27491;5;12;7;True
27492;2;4;2;True
27493;3;6;3;True
27494;4;12;8;True
27495;6;16;10;True
27496;2;4;2;True
27497;1;1;0;True
27498;3;4;1;True
27499;1;1;0;True
27500;0;0;0;True
27501;2;4;2;True
27502;8;16;8;True
27503;4;12;8;True
27504;4;6;2;True
27505;5;9;4;True
27506;6;12;6;True
27507;8;16;8;True
27508;4;6;2;True
27509;3;6;3;True
27510;2;2;0;True
27511;5;12;7;True
27512;0;0;0;True
27513;2;2;0;True
27514;7;12;5;True
27515;4;6;2;True
27516;5;9;4;True
27517;2;4;2;True
27518;4;9;5;True
27519;3;6;3;True
27520;3;6;3;True
27521;5;9;4;True
27522;2;4;2;True
27523;2;4;2;True
27524;3;6;3;True
27525;5;12;7;True
27526;5;9;4;True
27527;5;9;4;True
27528;2;2;0;True
27529;5;12;7;True
27530;8;16;8;True
27531;2;2;0;True
27532;6;12;6;True
27533;6;12;6;True
27534;3;6;3;True
27535;4;6;2;True
27536;1;1;0;True
27537;12;16;4;True
27538;3;6;3;True
27539;4;9;5;True
27540;3;9;6;True
27541;4;12;8;True
27542;3;6;3;True
27543;8;16;8;True
27544;3;9;6;True
27545;3;4;1;True
27546;1;1;0;True
27547;0;0;0;True
27548;4;8;4;True
27549;2;4;2;True
27550;4;12;8;True
27551;5;8;3;True
27552;2;4;2;True
27553;5;9;4;True
27554;3;4;1;True
27555;2;2;0;True
27556;3;4;1;True
27557;4;9;5;True
27558;3;6;3;True
27559;8;16;8;True
27560;4;9;5;True
27561;4;9;5;True
27562;2;4;2;True
27563;1;1;0;True
27564;3;9;6;True
27565;3;3;0;True
27566;4;9;5;True
27567;6;12;6;True
27568;4;9;5;True
27569;5;9;4;True
27570;0;0;0;True
27571;2;4;2;True
27572;7;16;9;True
27573;1;1;0;True
27574;1;1;0;True
27575;2;2;0;True
27576;3;4;1;True
27577;7;16;9;True
27578;2;2;0;True
27579;2;4;2;True
27580;1;1;0;True
27581;1;1;0;True
27582;5;16;11;True
27583;2;4;2;True
27584;7;12;5;True
27585;10;16;6;True
27586;3;4;1;True
27587;6;16;10;True
27588;0;0;0;True
27589;3;6;3;True
27590;0;0;0;True
27591;2;4;2;True
27592;1;1;0;True
27593;6;12;6;True
27594;6;12;6;True
27595;0;0;0;True
27596;2;4;2;True
27597;6;16;10;True
27598;0;0;0;True
27599;5;6;1;True
27600;4;9;5;True
27601;6;9;3;True
27602;0;0;0;True
27603;4;9;5;True
27604;2;2;0;True
27605;3;9;6;True
27606;3;4;1;True
27607;0;0;0;True
27608;1;1;0;True
27609;1;1;0;True
27610;3;6;3;True
27611;1;1;0;True
27612;5;16;11;True
27613;5;9;4;True
27614;3;6;3;True
27615;6;16;10;True
27616;4;6;2;True
27617;7;12;5;True
27618;0;0;0;True
27619;3;4;1;True
27620;4;9;5;True
27621;2;2;0;True
27622;5;12;7;True
27623;2;2;0;True
27624;8;16;8;True
27625;6;12;6;True
27626;3;9;6;True
27627;4;9;5;True
27628;1;1;0;True
27629;4;6;2;True
27630;8;16;8;True
27631;5;9;4;True
27632;5;12;7;True
27633;0;0;0;True
27634;7;16;9;True
27635;6;12;6;True
27636;1;1;0;True
27637;2;2;0;True
27638;4;12;8;True
27639;5;16;11;True
27640;1;1;0;True
27641;3;6;3;True
27642;0;0;0;True
27643;6;12;6;True
27644;7;12;5;True
27645;1;1;0;True
27646;7;12;5;True
27647;9;16;7;True
27648;4;9;5;True
27649;4;6;2;True
27650;7;16;9;True
27651;3;6;3;True
27652;6;16;10;True
27653;2;2;0;True
27654;6;9;3;True
27655;2;2;0;True
27656;0;0;0;True
27657;1;1;0;True
27658;7;12;5;True
27659;7;16;9;True
27660;8;12;4;True
27661;6;16;10;True
27662;2;4;2;True
27663;1;1;0;True
27664;7;12;5;True
27665;5;9;4;True
27666;2;4;2;True
27667;4;6;2;True
27668;7;12;5;True
27669;3;4;1;True
27670;2;4;2;True
27671;3;6;3;True
27672;4;12;8;True
27673;8;12;4;True
27674;3;6;3;True
27675;4;6;2;True
27676;0;0;0;True
27677;5;8;3;True
27678;1;1;0;True
27679;4;9;5;True
27680;3;3;0;True
27681;7;16;9;True
27682;4;6;2;True
27683;4;9;5;True
27684;1;1;0;True
27685;0;0;0;True
27686;6;16;10;True
27687;3;6;3;True
27688;3;6;3;True
27689;0;0;0;True
27690;6;12;6;True
27691;3;6;3;True
27692;3;4;1;True
27693;1;1;0;True
27694;3;3;0;True
27695;4;6;2;True
27696;1;1;0;True
27697;4;12;8;True
27698;4;16;12;True
27699;2;2;0;True
27700;4;6;2;True
27701;2;4;2;True
27702;2;2;0;True
27703;5;12;7;True
27704;3;9;6;True
27705;3;6;3;True
27706;3;6;3;True
27707;5;9;4;True
27708;4;6;2;True
27709;4;9;5;True
27710;1;1;0;True
27711;7;9;2;True
27712;3;9;6;True
27713;5;9;4;True
27714;5;9;4;True
27715;3;6;3;True
27716;6;12;6;True
27717;1;1;0;True
27718;4;4;0;True
27719;1;1;0;True
27720;5;9;4;True
27721;0;0;0;True
27722;0;0;0;True
27723;3;9;6;True
27724;3;4;1;True
27725;2;4;2;True
27726;6;9;3;True
27727;2;2;0;True
27728;6;12;6;True
27729;9;16;7;True
27730;5;9;4;True
27731;6;16;10;True
27732;1;1;0;True
27733;2;4;2;True
27734;2;4;2;True
27735;5;12;7;True
27736;5;9;4;True
27737;5;16;11;True
27738;4;9;5;True
27739;4;6;2;True
27740;2;4;2;True
27741;5;12;7;True
27742;8;12;4;True
27743;1;1;0;True
27744;2;4;2;True
27745;6;6;0;True
27746;4;6;2;True
27747;5;12;7;True
27748;0;0;0;True
27749;5;12;7;True
27750;5;12;7;True
27751;7;16;9;True
27752;2;4;2;True
27753;2;2;0;True
27754;3;9;6;True
27755;7;8;1;True
27756;5;12;7;True
27757;6;12;6;True
27758;4;4;0;True
27759;0;0;0;True
27760;1;1;0;True
27761;6;12;6;True
27762;2;4;2;True
27763;9;16;7;True
27764;2;4;2;True
27765;7;16;9;True
27766;5;8;3;True
27767;4;9;5;True
27768;2;4;2;True
27769;4;9;5;True
27770;4;6;2;True
27771;0;0;0;True
27772;3;6;3;True
27773;2;2;0;True
27774;2;4;2;True
27775;1;1;0;True
27776;5;12;7;True
27777;5;6;1;True
27778;4;9;5;True
27779;7;12;5;True
27780;4;6;2;True
27781;3;6;3;True
27782;5;6;1;True
27783;2;4;2;True
27784;3;6;3;True
27785;4;6;2;True
27786;3;6;3;True
27787;4;6;2;True
27788;4;12;8;True
27789;4;9;5;True
27790;4;12;8;True
27791;9;16;7;True
27792;3;6;3;True
27793;0;0;0;True
27794;4;8;4;True
27795;1;1;0;True
27796;2;2;0;True
27797;1;1;0;True
27798;2;4;2;True
27799;0;0;0;True
27800;8;16;8;True
27801;5;12;7;True
27802;4;9;5;True
27803;0;0;0;True
27804;4;9;5;True
27805;3;6;3;True
27806;2;4;2;True
27807;1;1;0;True
27808;2;4;2;True
27809;5;12;7;True
27810;7;16;9;True
27811;3;6;3;True
27812;4;6;2;True
27813;7;12;5;True
27814;3;6;3;True
27815;1;1;0;True
27816;1;1;0;True
27817;4;12;8;True
27818;4;9;5;True
27819;4;9;5;True
27820;5;12;7;True
27821;7;12;5;True
27822;3;6;3;True
27823;2;2;0;True
27824;4;9;5;True
27825;3;9;6;True
27826;1;1;0;True
27827;4;6;2;True
27828;1;1;0;True
27829;4;12;8;True
27830;2;4;2;True
27831;4;6;2;True
27832;3;3;0;True
27833;3;9;6;True
27834;4;8;4;True
27835;4;6;2;True
27836;4;9;5;True
27837;1;1;0;True
27838;3;6;3;True
27839;5;9;4;True
27840;1;1;0;True
27841;2;2;0;True
27842;1;1;0;True
27843;1;1;0;True
27844;4;9;5;True
27845;6;9;3;True
27846;7;12;5;True
27847;2;2;0;True
27848;3;6;3;True
27849;3;6;3;True
27850;1;1;0;True
27851;1;1;0;True
27852;8;16;8;True
27853;3;4;1;True
27854;2;4;2;True
27855;3;9;6;True
27856;2;4;2;True
27857;6;12;6;True
27858;4;12;8;True
27859;7;12;5;True
27860;6;12;6;True
27861;2;4;2;True
27862;5;6;1;True
27863;2;4;2;True
27864;6;12;6;True
27865;4;12;8;True
27866;0;0;0;True
27867;5;9;4;True
27868;7;12;5;True
27869;1;1;0;True
27870;0;0;0;True
27871;3;6;3;True
27872;3;3;0;True
27873;2;2;0;True
27874;5;9;4;True
27875;1;1;0;True
27876;4;9;5;True
27877;5;6;1;True
27878;3;6;3;True
27879;5;9;4;True
27880;4;9;5;True
27881;1;1;0;True
27882;1;1;0;True
27883;1;1;0;True
27884;2;4;2;True
27885;4;6;2;True
27886;10;16;6;True
27887;4;9;5;True
27888;6;12;6;True
27889;2;2;0;True
27890;5;6;1;True
27891;0;0;0;True
27892;2;4;2;True
27893;7;16;9;True
27894;4;6;2;True
27895;2;4;2;True
27896;6;16;10;True
27897;0;0;0;True
27898;4;12;8;True
27899;6;12;6;True
27900;5;12;7;True
27901;0;0;0;True
27902;5;12;7;True
27903;2;2;0;True
27904;1;1;0;True
27905;4;9;5;True
27906;7;9;2;True
27907;2;2;0;True
27908;0;0;0;True
27909;9;16;7;True
27910;3;4;1;True
27911;6;9;3;True
27912;4;9;5;True
27913;5;12;7;True
27914;0;0;0;True
27915;3;4;1;True
27916;6;12;6;True
27917;6;12;6;True
27918;3;6;3;True
27919;5;12;7;True
27920;1;1;0;True
27921;2;4;2;True
27922;2;4;2;True
27923;2;2;0;True
27924;1;1;0;True
27925;3;3;0;True
27926;5;6;1;True
27927;7;16;9;True
27928;7;12;5;True
27929;6;12;6;True
27930;12;16;4;True
27931;2;4;2;True
27932;7;12;5;True
27933;6;12;6;True
27934;6;12;6;True
27935;3;6;3;True
27936;7;9;2;True
27937;5;12;7;True
27938;6;8;2;True
27939;5;12;7;True
27940;4;6;2;True
27941;2;4;2;True
27942;1;1;0;True
27943;3;6;3;True
27944;6;6;0;True
27945;6;6;0;True
27946;5;12;7;True
27947;5;9;4;True
27948;3;4;1;True
27949;1;1;0;True
27950;4;9;5;True
27951;5;12;7;True
27952;5;12;7;True
27953;8;16;8;True
27954;1;1;0;True
27955;4;9;5;True
27956;1;1;0;True
27957;1;1;0;True
27958;4;9;5;True
27959;1;1;0;True
27960;7;12;5;True
27961;8;16;8;True
27962;4;12;8;True
27963;6;12;6;True
27964;5;9;4;True
27965;3;6;3;True
27966;1;1;0;True
27967;0;0;0;True
27968;3;6;3;True
27969;1;1;0;True
27970;7;16;9;True
27971;1;1;0;True
27972;3;3;0;True
27973;0;0;0;True
27974;4;9;5;True
27975;2;4;2;True
27976;4;9;5;True
27977;4;9;5;True
27978;4;12;8;True
27979;6;12;6;True
27980;7;16;9;True
27981;6;9;3;True
27982;4;9;5;True
27983;5;12;7;True
27984;4;12;8;True
27985;5;8;3;True
27986;1;1;0;True
27987;8;16;8;True
27988;10;16;6;True
27989;6;12;6;True
27990;1;1;0;True
27991;1;1;0;True
27992;3;4;1;True
27993;1;1;0;True
27994;2;4;2;True
27995;4;6;2;True
27996;7;8;1;True
27997;9;16;7;True
27998;3;6;3;True
27999;8;16;8;True
28000;0;0;0;True
28001;6;12;6;True
28002;3;9;6;True
28003;3;4;1;True
28004;2;4;2;True
28005;3;9;6;True
28006;4;8;4;True
28007;4;9;5;True
28008;5;12;7;True
28009;7;12;5;True
28010;5;9;4;True
28011;3;3;0;True
28012;0;0;0;True
28013;1;1;0;True
28014;5;12;7;True
28015;6;12;6;True
28016;1;1;0;True
28017;1;1;0;True
28018;3;6;3;True
28019;2;4;2;True
28020;5;9;4;True
28021;4;6;2;True
28022;0;0;0;True
28023;2;2;0;True
28024;9;16;7;True
28025;1;1;0;True
28026;5;12;7;True
28027;5;9;4;True
28028;2;2;0;True
28029;4;9;5;True
28030;3;6;3;True
28031;4;12;8;True
28032;4;6;2;True
28033;0;0;0;True
28034;6;12;6;True
28035;2;4;2;True
28036;3;9;6;True
28037;0;0;0;True
28038;4;9;5;True
28039;9;16;7;True
28040;7;16;9;True
28041;7;16;9;True
28042;3;9;6;True
28043;2;2;0;True
28044;6;12;6;True
28045;3;6;3;True
28046;3;6;3;True
28047;2;4;2;True
28048;1;1;0;True
28049;2;4;2;True
28050;3;4;1;True
28051;6;12;6;True
28052;2;2;0;True
28053;4;9;5;True
28054;1;1;0;True
28055;2;4;2;True
28056;3;6;3;True
28057;6;12;6;True
28058;4;9;5;True
28059;6;12;6;True
28060;3;9;6;True
28061;6;16;10;True
28062;4;6;2;True
28063;4;6;2;True
28064;6;12;6;True
28065;4;6;2;True
28066;0;0;0;True
28067;5;9;4;True
28068;5;16;11;True
28069;3;9;6;True
28070;1;1;0;True
28071;5;12;7;True
28072;2;4;2;True
28073;5;12;7;True
28074;2;2;0;True
28075;0;0;0;True
28076;1;1;0;True
28077;1;1;0;True
28078;0;0;0;True
28079;5;6;1;True
28080;5;9;4;True
28081;3;9;6;True
28082;2;4;2;True
28083;1;1;0;True
28084;2;4;2;True
28085;6;16;10;True
28086;3;6;3;True
28087;3;6;3;True
28088;0;0;0;True
28089;0;0;0;True
28090;10;12;2;True
28091;3;6;3;True
28092;1;1;0;True
28093;5;9;4;True
28094;5;9;4;True
28095;1;1;0;True
28096;5;9;4;True
28097;2;4;2;True
28098;1;1;0;True
28099;4;6;2;True
28100;4;6;2;True
28101;3;9;6;True
28102;2;4;2;True
28103;0;0;0;True
28104;3;4;1;True
28105;3;9;6;True
28106;2;2;0;True
28107;7;16;9;True
28108;6;12;6;True
28109;3;3;0;True
28110;0;0;0;True
28111;5;12;7;True
28112;5;12;7;True
28113;4;9;5;True
28114;2;2;0;True
28115;4;9;5;True
28116;2;2;0;True
28117;1;1;0;True
28118;0;0;0;True
28119;3;4;1;True
28120;4;6;2;True
28121;3;4;1;True
28122;9;16;7;True
28123;2;4;2;True
28124;2;4;2;True
28125;1;1;0;True
28126;0;0;0;True
28127;2;4;2;True
28128;2;2;0;True
28129;1;1;0;True
28130;2;4;2;True
28131;2;2;0;True
28132;7;16;9;True
28133;2;4;2;True
28134;1;1;0;True
28135;6;9;3;True
28136;0;0;0;True
28137;8;16;8;True
28138;6;12;6;True
28139;0;0;0;True
28140;0;0;0;True
28141;1;1;0;True
28142;5;12;7;True
28143;3;3;0;True
28144;2;2;0;True
28145;5;12;7;True
28146;4;6;2;True
28147;4;9;5;True
28148;2;2;0;True
28149;2;4;2;True
28150;6;12;6;True
28151;3;4;1;True
28152;4;9;5;True
28153;4;9;5;True
28154;2;2;0;True
28155;2;4;2;True
28156;5;9;4;True
28157;6;16;10;True
28158;4;12;8;True
28159;2;2;0;True
28160;2;4;2;True
28161;8;16;8;True
28162;7;16;9;True
28163;7;16;9;True
28164;1;1;0;True
28165;8;12;4;True
28166;6;9;3;True
28167;1;1;0;True
28168;6;12;6;True
28169;2;2;0;True
28170;5;9;4;True
28171;3;6;3;True
28172;6;12;6;True
28173;0;0;0;True
28174;5;16;11;True
28175;4;9;5;True
28176;2;4;2;True
28177;2;4;2;True
28178;3;9;6;True
28179;4;9;5;True
28180;3;6;3;True
28181;6;12;6;True
28182;0;0;0;True
28183;5;6;1;True
28184;3;3;0;True
28185;8;12;4;True
28186;6;9;3;True
28187;2;2;0;True
28188;4;9;5;True
28189;1;1;0;True
28190;7;12;5;True
28191;9;16;7;True
28192;1;1;0;True
28193;2;4;2;True
28194;2;4;2;True
28195;5;16;11;True
28196;0;0;0;True
28197;5;9;4;True
28198;4;9;5;True
28199;4;6;2;True
28200;5;12;7;True
28201;4;9;5;True
28202;6;12;6;True
28203;4;9;5;True
28204;9;16;7;True
28205;0;0;0;True
28206;1;1;0;True
28207;4;9;5;True
28208;5;12;7;True
28209;2;4;2;True
28210;4;9;5;True
28211;4;8;4;True
28212;10;12;2;True
28213;8;12;4;True
28214;4;9;5;True
28215;4;6;2;True
28216;6;12;6;True
28217;10;16;6;True
28218;6;9;3;True
28219;1;1;0;True
28220;2;4;2;True
28221;6;12;6;True
28222;4;6;2;True
28223;6;16;10;True
28224;5;9;4;True
28225;3;4;1;True
28226;1;1;0;True
28227;1;1;0;True
28228;4;12;8;True
28229;1;1;0;True
28230;3;6;3;True
28231;0;0;0;True
28232;7;9;2;True
28233;4;9;5;True
28234;4;8;4;True
28235;4;6;2;True
28236;4;6;2;True
28237;1;1;0;True
28238;1;1;0;True
28239;8;16;8;True
28240;6;12;6;True
28241;1;1;0;True
28242;8;16;8;True
28243;2;4;2;True
28244;2;4;2;True
28245;3;6;3;True
28246;1;1;0;True
28247;1;1;0;True
28248;2;2;0;True
28249;3;6;3;True
28250;4;12;8;True
28251;2;2;0;True
28252;4;9;5;True
28253;2;4;2;True
28254;4;12;8;True
28255;4;6;2;True
28256;3;6;3;True
28257;2;2;0;True
28258;2;4;2;True
28259;0;0;0;True
28260;6;12;6;True
28261;0;0;0;True
28262;5;9;4;True
28263;5;16;11;True
28264;2;2;0;True
28265;5;12;7;True
28266;4;9;5;True
28267;6;16;10;True
28268;7;16;9;True
28269;2;4;2;True
28270;8;12;4;True
28271;4;9;5;True
28272;7;12;5;True
28273;5;8;3;True
28274;6;12;6;True
28275;3;9;6;True
28276;5;8;3;True
28277;4;9;5;True
28278;8;16;8;True
28279;4;8;4;True
28280;4;8;4;True
28281;1;1;0;True
28282;3;6;3;True
28283;7;16;9;True
28284;5;12;7;True
28285;3;9;6;True
28286;3;6;3;True
28287;2;2;0;True
28288;3;4;1;True
28289;2;2;0;True
28290;2;2;0;True
28291;0;0;0;True
28292;1;1;0;True
28293;6;12;6;True
28294;7;16;9;True
28295;5;9;4;True
28296;8;16;8;True
28297;2;2;0;True
28298;4;12;8;True
28299;3;6;3;True
28300;5;12;7;True
28301;2;4;2;True
28302;7;16;9;True
28303;3;6;3;True
28304;3;9;6;True
28305;6;16;10;True
28306;6;9;3;True
28307;5;8;3;True
28308;1;1;0;True
28309;4;6;2;True
28310;0;0;0;True
28311;4;16;12;True
28312;0;0;0;True
28313;2;2;0;True
28314;1;1;0;True
28315;5;9;4;True
28316;2;4;2;True
28317;10;12;2;True
28318;5;9;4;True
28319;5;12;7;True
28320;6;12;6;True
28321;2;4;2;True
28322;2;4;2;True
28323;1;1;0;True
28324;3;4;1;True
28325;7;12;5;True
28326;2;4;2;True
28327;9;16;7;True
28328;2;4;2;True
28329;0;0;0;True
28330;2;2;0;True
28331;0;0;0;True
28332;5;12;7;True
28333;7;16;9;True
28334;4;6;2;True
28335;7;12;5;True
28336;5;9;4;True
28337;2;4;2;True
28338;0;0;0;True
28339;6;12;6;True
28340;3;4;1;True
28341;10;16;6;True
28342;3;4;1;True
28343;5;8;3;True
28344;5;12;7;True
28345;6;16;10;True
28346;4;9;5;True
28347;1;1;0;True
28348;3;4;1;True
28349;2;4;2;True
28350;6;12;6;True
28351;2;2;0;True
28352;3;4;1;True
28353;2;2;0;True
28354;2;4;2;True
28355;1;1;0;True
28356;7;16;9;True
28357;1;1;0;True
28358;2;4;2;True
28359;4;9;5;True
28360;6;16;10;True
28361;4;8;4;True
28362;4;9;5;True
28363;3;4;1;True
28364;2;4;2;True
28365;5;12;7;True
28366;5;9;4;True
28367;7;16;9;True
28368;2;4;2;True
28369;3;9;6;True
28370;0;0;0;True
28371;2;2;0;True
28372;1;1;0;True
28373;3;4;1;True
28374;5;12;7;True
28375;6;9;3;True
28376;3;6;3;True
28377;5;16;11;True
28378;1;1;0;True
28379;4;9;5;True
28380;3;6;3;True
28381;1;1;0;True
28382;9;16;7;True
28383;2;2;0;True
28384;6;16;10;True
28385;8;16;8;True
28386;5;8;3;True
28387;1;1;0;True
28388;4;12;8;True
28389;4;6;2;True
28390;3;6;3;True
28391;0;0;0;True
28392;4;8;4;True
28393;2;2;0;True
28394;4;9;5;True
28395;4;6;2;True
28396;4;9;5;True
28397;3;6;3;True
28398;8;16;8;True
28399;2;4;2;True
28400;2;4;2;True
28401;1;1;0;True
28402;7;9;2;True
28403;4;4;0;True
28404;3;3;0;True
28405;1;1;0;True
28406;6;12;6;True
28407;5;6;1;True
28408;2;4;2;True
28409;8;16;8;True
28410;6;16;10;True
28411;6;9;3;True
28412;1;1;0;True
28413;3;4;1;True
28414;8;12;4;True
28415;1;1;0;True
28416;5;16;11;True
28417;4;9;5;True
28418;5;12;7;True
28419;4;6;2;True
28420;2;4;2;True
28421;0;0;0;True
28422;5;12;7;True
28423;2;4;2;True
28424;4;12;8;True
28425;7;16;9;True
28426;5;12;7;True
28427;2;4;2;True
28428;6;9;3;True
28429;4;6;2;True
28430;2;4;2;True
28431;2;4;2;True
28432;1;1;0;True
28433;3;6;3;True
28434;3;6;3;True
28435;3;6;3;True
28436;7;12;5;True
28437;3;9;6;True
28438;3;6;3;True
28439;2;4;2;True
28440;2;4;2;True
28441;1;1;0;True
28442;4;16;12;True
28443;1;1;0;True
28444;4;9;5;True
28445;6;16;10;True
28446;7;8;1;True
28447;4;6;2;True
28448;8;9;1;True
28449;2;4;2;True
28450;0;0;0;True
28451;4;12;8;True
28452;1;1;0;True
28453;3;9;6;True
28454;6;12;6;True
28455;1;1;0;True
28456;2;4;2;True
28457;3;6;3;True
28458;2;4;2;True
28459;5;9;4;True
28460;1;1;0;True
28461;3;9;6;True
28462;1;1;0;True
28463;1;1;0;True
28464;6;12;6;True
28465;5;9;4;True
28466;2;2;0;True
28467;4;6;2;True
28468;6;12;6;True
28469;3;6;3;True
28470;3;6;3;True
28471;3;6;3;True
28472;0;0;0;True
28473;1;1;0;True
28474;4;6;2;True
28475;7;16;9;True
28476;1;1;0;True
28477;4;9;5;True
28478;1;1;0;True
28479;2;4;2;True
28480;5;12;7;True
28481;6;9;3;True
28482;2;4;2;True
28483;3;4;1;True
28484;0;0;0;True
28485;2;2;0;True
28486;6;16;10;True
28487;7;16;9;True
28488;7;16;9;True
28489;3;3;0;True
28490;8;12;4;True
28491;3;4;1;True
28492;4;8;4;True
28493;3;6;3;True
28494;5;12;7;True
28495;2;4;2;True
28496;6;12;6;True
28497;3;3;0;True
28498;2;2;0;True
28499;3;6;3;True
28500;7;16;9;True
28501;6;9;3;True
28502;3;6;3;True
28503;8;16;8;True
28504;2;2;0;True
28505;6;8;2;True
28506;3;6;3;True
28507;6;12;6;True
28508;7;12;5;True
28509;4;6;2;True
28510;6;16;10;True
28511;3;4;1;True
28512;4;12;8;True
28513;6;12;6;True
28514;0;0;0;True
28515;5;16;11;True
28516;6;12;6;True
28517;5;9;4;True
28518;6;12;6;True
28519;5;9;4;True
28520;3;6;3;True
28521;5;12;7;True
28522;4;9;5;True
28523;0;0;0;True
28524;3;6;3;True
28525;8;16;8;True
28526;1;1;0;True
28527;5;9;4;True
28528;4;6;2;True
28529;5;16;11;True
28530;5;8;3;True
28531;6;12;6;True
28532;6;16;10;True
28533;1;1;0;True
28534;4;8;4;True
28535;3;6;3;True
28536;2;2;0;True
28537;5;9;4;True
28538;1;1;0;True
28539;5;12;7;True
28540;6;16;10;True
28541;4;9;5;True
28542;5;9;4;True
28543;2;2;0;True
28544;4;6;2;True
28545;8;12;4;True
28546;1;1;0;True
28547;2;4;2;True
28548;1;1;0;True
28549;5;9;4;True
28550;2;4;2;True
28551;7;16;9;True
28552;5;12;7;True
28553;3;9;6;True
28554;3;6;3;True
28555;1;1;0;True
28556;8;12;4;True
28557;0;0;0;True
28558;3;6;3;True
28559;2;4;2;True
28560;1;1;0;True
28561;3;6;3;True
28562;6;12;6;True
28563;3;9;6;True
28564;7;16;9;True
28565;3;6;3;True
28566;4;8;4;True
28567;1;1;0;True
28568;2;4;2;True
28569;6;8;2;True
28570;6;12;6;True
28571;5;12;7;True
28572;3;4;1;True
28573;7;12;5;True
28574;1;1;0;True
28575;3;6;3;True
28576;2;2;0;True
28577;4;9;5;True
28578;3;6;3;True
28579;3;9;6;True
28580;5;12;7;True
28581;4;6;2;True
28582;1;1;0;True
28583;1;1;0;True
28584;2;2;0;True
28585;8;16;8;True
28586;1;1;0;True
28587;3;3;0;True
28588;3;3;0;True
28589;3;4;1;True
28590;2;4;2;True
28591;2;4;2;True
28592;5;8;3;True
28593;0;0;0;True
28594;3;6;3;True
28595;1;1;0;True
28596;1;1;0;True
28597;1;1;0;True
28598;3;9;6;True
28599;6;16;10;True
28600;1;1;0;True
28601;2;4;2;True
28602;3;9;6;True
28603;5;12;7;True
28604;2;4;2;True
28605;2;2;0;True
28606;1;1;0;True
28607;1;1;0;True
28608;1;1;0;True
28609;7;12;5;True
28610;9;16;7;True
28611;7;12;5;True
28612;4;9;5;True
28613;0;0;0;True
28614;0;0;0;True
28615;5;8;3;True
28616;2;4;2;True
28617;5;9;4;True
28618;2;2;0;True
28619;8;12;4;True
28620;5;12;7;True
28621;5;12;7;True
28622;2;2;0;True
28623;1;1;0;True
28624;2;2;0;True
28625;6;16;10;True
28626;4;6;2;True
28627;7;9;2;True
28628;5;9;4;True
28629;4;9;5;True
28630;5;9;4;True
28631;5;16;11;True
28632;1;1;0;True
28633;1;1;0;True
28634;8;16;8;True
28635;0;0;0;True
28636;7;16;9;True
28637;5;9;4;True
28638;6;9;3;True
28639;5;12;7;True
28640;5;12;7;True
28641;4;9;5;True
28642;5;9;4;True
28643;4;12;8;True
28644;9;16;7;True
28645;0;0;0;True
28646;1;1;0;True
28647;3;4;1;True
28648;6;12;6;True
28649;5;12;7;True
28650;3;3;0;True
28651;6;12;6;True
28652;4;9;5;True
28653;2;4;2;True
28654;2;2;0;True
28655;4;6;2;True
28656;4;9;5;True
28657;4;9;5;True
28658;3;6;3;True
28659;7;12;5;True
28660;3;6;3;True
28661;4;12;8;True
28662;3;6;3;True
28663;3;4;1;True
28664;0;0;0;True
28665;5;16;11;True
28666;3;6;3;True
28667;1;1;0;True
28668;3;9;6;True
28669;3;9;6;True
28670;7;16;9;True
28671;4;9;5;True
28672;4;6;2;True
28673;4;6;2;True
28674;3;4;1;True
28675;6;12;6;True
28676;2;2;0;True
28677;3;4;1;True
28678;4;9;5;True
28679;2;2;0;True
28680;4;8;4;True
28681;4;9;5;True
28682;0;0;0;True
28683;4;6;2;True
28684;2;2;0;True
28685;8;16;8;True
28686;7;12;5;True
28687;8;16;8;True
28688;1;1;0;True
28689;1;1;0;True
28690;3;6;3;True
28691;5;6;1;True
28692;3;6;3;True
28693;0;0;0;True
28694;3;6;3;True
28695;2;2;0;True
28696;7;12;5;True
28697;1;1;0;True
28698;8;12;4;True
28699;2;2;0;True
28700;9;16;7;True
28701;1;1;0;True
28702;5;9;4;True
28703;6;16;10;True
28704;2;4;2;True
28705;0;0;0;True
28706;0;0;0;True
28707;7;12;5;True
28708;4;12;8;True
28709;3;6;3;True
28710;4;9;5;True
28711;1;1;0;True
28712;1;1;0;True
28713;1;1;0;True
28714;3;4;1;True
28715;6;9;3;True
28716;3;6;3;True
28717;3;4;1;True
28718;3;4;1;True
28719;1;1;0;True
28720;2;4;2;True
28721;2;4;2;True
28722;2;2;0;True
28723;4;8;4;True
28724;0;0;0;True
28725;3;4;1;True
28726;2;2;0;True
28727;2;4;2;True
28728;3;3;0;True
28729;6;16;10;True
28730;1;1;0;True
28731;1;1;0;True
28732;4;9;5;True
28733;4;9;5;True
28734;4;12;8;True
28735;3;9;6;True
28736;3;6;3;True
28737;1;1;0;True
28738;4;4;0;True
28739;7;9;2;True
28740;1;1;0;True
28741;4;9;5;True
28742;6;12;6;True
28743;6;9;3;True
28744;5;12;7;True
28745;4;8;4;True
28746;5;9;4;True
28747;5;12;7;True
28748;8;16;8;True
28749;7;16;9;True
28750;3;6;3;True
28751;4;9;5;True
28752;7;16;9;True
28753;4;9;5;True
28754;6;12;6;True
28755;2;2;0;True
28756;0;0;0;True
28757;3;6;3;True
28758;4;9;5;True
28759;7;16;9;True
28760;3;6;3;True
28761;1;1;0;True
28762;8;16;8;True
28763;5;12;7;True
28764;2;2;0;True
28765;7;12;5;True
28766;6;12;6;True
28767;0;0;0;True
28768;3;3;0;True
28769;3;6;3;True
28770;5;9;4;True
28771;1;1;0;True
28772;8;16;8;True
28773;6;8;2;True
28774;6;8;2;True
28775;7;12;5;True
28776;1;1;0;True
28777;3;6;3;True
28778;5;8;3;True
28779;5;12;7;True
28780;0;0;0;True
28781;2;4;2;True
28782;1;1;0;True
28783;4;6;2;True
28784;1;1;0;True
28785;3;6;3;True
28786;6;12;6;True
28787;2;2;0;True
28788;4;8;4;True
28789;4;6;2;True
28790;2;4;2;True
28791;0;0;0;True
28792;5;9;4;True
28793;4;9;5;True
28794;2;4;2;True
28795;2;4;2;True
28796;6;16;10;True
28797;3;3;0;True
28798;0;0;0;True
28799;1;1;0;True
28800;1;1;0;True
28801;3;4;1;True
28802;3;6;3;True
28803;2;2;0;True
28804;7;16;9;True
28805;6;12;6;True
28806;6;12;6;True
28807;1;1;0;True
28808;2;4;2;True
28809;4;6;2;True
28810;7;12;5;True
28811;1;1;0;True
28812;3;3;0;True
28813;2;4;2;True
28814;7;12;5;True
28815;4;6;2;True
28816;4;6;2;True
28817;5;12;7;True
28818;2;4;2;True
28819;6;16;10;True
28820;2;4;2;True
28821;5;8;3;True
28822;4;12;8;True
28823;3;6;3;True
28824;6;12;6;True
28825;4;9;5;True
28826;10;16;6;True
28827;1;1;0;True
28828;4;8;4;True
28829;2;4;2;True
28830;3;4;1;True
28831;4;9;5;True
28832;2;4;2;True
28833;4;16;12;True
28834;7;12;5;True
28835;5;12;7;True
28836;2;2;0;True
28837;2;2;0;True
28838;1;1;0;True
28839;6;12;6;True
28840;4;9;5;True
28841;2;4;2;True
28842;2;4;2;True
28843;6;16;10;True
28844;8;16;8;True
28845;5;12;7;True
28846;5;12;7;True
28847;1;1;0;True
28848;1;1;0;True
28849;1;1;0;True
28850;6;16;10;True
28851;5;12;7;True
28852;3;6;3;True
28853;4;9;5;True
28854;4;12;8;True
28855;3;6;3;True
28856;1;1;0;True
28857;4;9;5;True
28858;5;9;4;True
28859;2;4;2;True
28860;1;1;0;True
28861;0;0;0;True
28862;4;9;5;True
28863;1;1;0;True
28864;3;4;1;True
28865;7;16;9;True
28866;5;8;3;True
28867;3;9;6;True
28868;3;6;3;True
28869;5;9;4;True
28870;3;4;1;True
28871;5;6;1;True
28872;0;0;0;True
28873;2;4;2;True
28874;3;6;3;True
28875;8;16;8;True
28876;4;9;5;True
28877;2;4;2;True
28878;5;9;4;True
28879;2;2;0;True
28880;2;4;2;True
28881;3;9;6;True
28882;5;6;1;True
28883;3;4;1;True
28884;1;1;0;True
28885;0;0;0;True
28886;4;9;5;True
28887;6;12;6;True
28888;9;16;7;True
28889;1;1;0;True
28890;3;3;0;True
28891;4;9;5;True
28892;3;4;1;True
28893;2;4;2;True
28894;6;12;6;True
28895;1;1;0;True
28896;2;4;2;True
28897;6;16;10;True
28898;4;6;2;True
28899;1;1;0;True
28900;6;12;6;True
28901;4;8;4;True
28902;4;12;8;True
28903;2;4;2;True
28904;5;12;7;True
28905;7;12;5;True
28906;0;0;0;True
28907;4;8;4;True
28908;2;4;2;True
28909;6;9;3;True
28910;2;4;2;True
28911;4;9;5;True
28912;8;16;8;True
28913;4;12;8;True
28914;6;12;6;True
28915;3;6;3;True
28916;6;12;6;True
28917;11;16;5;True
28918;5;12;7;True
28919;2;4;2;True
28920;4;9;5;True
28921;5;9;4;True
28922;3;3;0;True
28923;4;6;2;True
28924;3;9;6;True
28925;7;12;5;True
28926;6;16;10;True
28927;0;0;0;True
28928;5;9;4;True
28929;4;9;5;True
28930;3;6;3;True
28931;3;6;3;True
28932;1;1;0;True
28933;1;1;0;True
28934;0;0;0;True
28935;5;9;4;True
28936;4;9;5;True
28937;2;4;2;True
28938;5;9;4;True
28939;5;12;7;True
28940;5;8;3;True
28941;3;6;3;True
28942;2;4;2;True
28943;0;0;0;True
28944;0;0;0;True
28945;8;12;4;True
28946;1;1;0;True
28947;5;12;7;True
28948;3;4;1;True
28949;8;16;8;True
28950;5;12;7;True
28951;9;16;7;True
28952;5;12;7;True
28953;5;12;7;True
28954;1;1;0;True
28955;6;12;6;True
28956;2;4;2;True
28957;5;12;7;True
28958;8;16;8;True
28959;1;1;0;True
28960;2;2;0;True
28961;9;12;3;True
28962;1;1;0;True
28963;3;6;3;True
28964;5;12;7;True
28965;2;4;2;True
28966;1;1;0;True
28967;5;9;4;True
28968;2;4;2;True
28969;1;1;0;True
28970;3;3;0;True
28971;3;4;1;True
28972;3;6;3;True
28973;2;2;0;True
28974;2;4;2;True
28975;4;9;5;True
28976;5;16;11;True
28977;3;6;3;True
28978;0;0;0;True
28979;4;9;5;True
28980;2;4;2;True
28981;2;4;2;True
28982;3;9;6;True
28983;5;12;7;True
28984;1;1;0;True
28985;1;1;0;True
28986;1;1;0;True
28987;4;9;5;True
28988;4;9;5;True
28989;1;1;0;True
28990;1;1;0;True
28991;4;8;4;True
28992;3;4;1;True
28993;6;12;6;True
28994;2;4;2;True
28995;5;9;4;True
28996;3;3;0;True
28997;3;4;1;True
28998;1;1;0;True
28999;4;6;2;True
29000;2;2;0;True
29001;6;16;10;True
29002;5;12;7;True
29003;3;4;1;True
29004;0;0;0;True
29005;4;9;5;True
29006;9;16;7;True
29007;7;16;9;True
29008;1;1;0;True
29009;1;1;0;True
29010;1;1;0;True
29011;3;6;3;True
29012;6;12;6;True
29013;3;9;6;True
29014;6;8;2;True
29015;2;4;2;True
29016;5;12;7;True
29017;2;4;2;True
29018;3;4;1;True
29019;0;0;0;True
29020;4;8;4;True
29021;1;1;0;True
29022;0;0;0;True
29023;3;6;3;True
29024;5;9;4;True
29025;5;8;3;True
29026;8;9;1;True
29027;1;1;0;True
29028;8;16;8;True
29029;0;0;0;True
29030;1;1;0;True
29031;4;6;2;True
29032;2;2;0;True
29033;3;6;3;True
29034;2;4;2;True
29035;4;9;5;True
29036;0;0;0;True
29037;6;12;6;True
29038;5;6;1;True
29039;2;2;0;True
29040;3;9;6;True
29041;2;2;0;True
29042;4;12;8;True
29043;5;9;4;True
29044;1;1;0;True
29045;1;1;0;True
29046;2;4;2;True
29047;5;9;4;True
29048;6;12;6;True
29049;8;12;4;True
29050;6;12;6;True
29051;3;9;6;True
29052;4;6;2;True
29053;3;6;3;True
29054;4;9;5;True
29055;2;2;0;True
29056;5;16;11;True
29057;7;16;9;True
29058;4;9;5;True
29059;1;1;0;True
29060;6;12;6;True
29061;3;4;1;True
29062;4;6;2;True
29063;7;16;9;True
29064;4;8;4;True
29065;5;12;7;True
29066;0;0;0;True
29067;7;16;9;True
29068;6;16;10;True
29069;2;4;2;True
29070;6;12;6;True
29071;6;12;6;True
29072;4;6;2;True
29073;5;6;1;True
29074;2;4;2;True
29075;1;1;0;True
29076;6;12;6;True
29077;5;9;4;True
29078;4;9;5;True
29079;7;16;9;True
29080;7;12;5;True
29081;6;12;6;True
29082;2;4;2;True
29083;4;9;5;True
29084;6;16;10;True
29085;6;12;6;True
29086;2;4;2;True
29087;2;2;0;True
29088;1;1;0;True
29089;4;9;5;True
29090;1;1;0;True
29091;3;4;1;True
29092;3;4;1;True
29093;4;6;2;True
29094;5;12;7;True
29095;4;4;0;True
29096;6;8;2;True
29097;3;6;3;True
29098;1;1;0;True
29099;7;12;5;True
29100;2;4;2;True
29101;6;16;10;True
29102;2;2;0;True
29103;3;6;3;True
29104;2;4;2;True
29105;1;1;0;True
29106;6;12;6;True
29107;0;0;0;True
29108;2;2;0;True
29109;3;9;6;True
29110;1;1;0;True
29111;2;2;0;True
29112;3;9;6;True
29113;5;12;7;True
29114;3;6;3;True
29115;4;9;5;True
29116;3;6;3;True
29117;3;4;1;True
29118;5;12;7;True
29119;2;2;0;True
29120;6;16;10;True
29121;5;12;7;True
29122;1;1;0;True
29123;2;2;0;True
29124;5;9;4;True
29125;9;16;7;True
29126;5;12;7;True
29127;3;4;1;True
29128;4;6;2;True
29129;4;9;5;True
29130;8;16;8;True
29131;5;9;4;True
29132;9;16;7;True
29133;1;1;0;True
29134;5;8;3;True
29135;4;9;5;True
29136;1;1;0;True
29137;3;6;3;True
29138;1;1;0;True
29139;5;12;7;True
29140;0;0;0;True
29141;4;6;2;True
29142;7;16;9;True
29143;6;16;10;True
29144;3;3;0;True
29145;8;16;8;True
29146;3;6;3;True
29147;4;12;8;True
29148;4;12;8;True
29149;4;6;2;True
29150;5;9;4;True
29151;2;2;0;True
29152;2;4;2;True
29153;4;8;4;True
29154;5;12;7;True
29155;4;12;8;True
29156;10;16;6;True
29157;8;16;8;True
29158;9;16;7;True
29159;8;16;8;True
29160;6;8;2;True
29161;6;16;10;True
29162;1;1;0;True
29163;2;2;0;True
29164;5;9;4;True
29165;4;8;4;True
29166;3;6;3;True
29167;12;16;4;True
29168;4;6;2;True
29169;9;16;7;True
29170;8;16;8;True
29171;3;6;3;True
29172;3;9;6;True
29173;1;1;0;True
29174;3;6;3;True
29175;6;12;6;True
29176;6;12;6;True
29177;4;12;8;True
29178;6;16;10;True
29179;3;4;1;True
29180;6;12;6;True
29181;3;6;3;True
29182;4;9;5;True
29183;7;16;9;True
29184;1;1;0;True
29185;1;1;0;True
29186;1;1;0;True
29187;4;6;2;True
29188;6;9;3;True
29189;3;6;3;True
29190;1;1;0;True
29191;3;6;3;True
29192;0;0;0;True
29193;3;4;1;True
29194;4;9;5;True
29195;3;6;3;True
29196;4;4;0;True
29197;3;3;0;True
29198;2;4;2;True
29199;3;6;3;True
29200;3;4;1;True
29201;5;9;4;True
29202;1;1;0;True
29203;3;6;3;True
29204;7;16;9;True
29205;0;0;0;True
29206;6;9;3;True
29207;2;4;2;True
29208;1;1;0;True
29209;5;16;11;True
29210;6;16;10;True
29211;0;0;0;True
29212;4;9;5;True
29213;5;9;4;True
29214;0;0;0;True
29215;5;12;7;True
29216;5;12;7;True
29217;2;4;2;True
29218;5;12;7;True
29219;5;9;4;True
29220;2;4;2;True
29221;2;4;2;True
29222;8;16;8;True
29223;5;12;7;True
29224;2;2;0;True
29225;4;9;5;True
29226;0;0;0;True
29227;1;1;0;True
29228;3;9;6;True
29229;6;12;6;True
29230;6;12;6;True
29231;5;12;7;True
29232;4;6;2;True
29233;2;4;2;True
29234;0;0;0;True
29235;1;1;0;True
29236;1;1;0;True
29237;5;12;7;True
29238;3;4;1;True
29239;6;9;3;True
29240;1;1;0;True
29241;4;9;5;True
29242;4;9;5;True
29243;0;0;0;True
29244;2;2;0;True
29245;4;6;2;True
29246;0;0;0;True
29247;5;12;7;True
29248;5;12;7;True
29249;1;1;0;True
29250;3;6;3;True
29251;2;4;2;True
29252;3;3;0;True
29253;7;12;5;True
29254;2;2;0;True
29255;2;2;0;True
29256;4;6;2;True
29257;2;4;2;True
29258;4;6;2;True
29259;7;12;5;True
29260;3;6;3;True
29261;2;4;2;True
29262;1;1;0;True
29263;5;9;4;True
29264;8;16;8;True
29265;2;4;2;True
29266;6;12;6;True
29267;2;2;0;True
29268;2;4;2;True
29269;5;8;3;True
29270;5;8;3;True
29271;0;0;0;True
29272;1;1;0;True
29273;6;12;6;True
29274;5;9;4;True
29275;1;1;0;True
29276;6;16;10;True
29277;7;12;5;True
29278;3;4;1;True
29279;2;4;2;True
29280;2;4;2;True
29281;3;9;6;True
29282;5;9;4;True
29283;6;12;6;True
29284;4;4;0;True
29285;5;8;3;True
29286;0;0;0;True
29287;3;6;3;True
29288;0;0;0;True
29289;4;6;2;True
29290;6;9;3;True
29291;3;6;3;True
29292;3;4;1;True
29293;5;12;7;True
29294;6;12;6;True
29295;1;1;0;True
29296;8;12;4;True
29297;7;12;5;True
29298;0;0;0;True
29299;7;16;9;True
29300;3;3;0;True
29301;5;16;11;True
29302;2;2;0;True
29303;1;1;0;True
29304;4;6;2;True
29305;9;16;7;True
29306;6;16;10;True
29307;7;16;9;True
29308;4;6;2;True
29309;7;16;9;True
29310;3;4;1;True
29311;2;2;0;True
29312;7;12;5;True
29313;5;9;4;True
29314;6;16;10;True
29315;5;9;4;True
29316;4;6;2;True
29317;6;12;6;True
29318;5;12;7;True
29319;10;16;6;True
29320;3;9;6;True
29321;2;2;0;True
29322;4;6;2;True
29323;4;4;0;True
29324;2;2;0;True
29325;3;4;1;True
29326;3;9;6;True
29327;7;12;5;True
29328;5;12;7;True
29329;0;0;0;True
29330;3;9;6;True
29331;0;0;0;True
29332;3;9;6;True
29333;2;2;0;True
29334;6;9;3;True
29335;5;8;3;True
29336;5;8;3;True
29337;1;1;0;True
29338;5;12;7;True
29339;5;12;7;True
29340;4;6;2;True
29341;5;12;7;True
29342;5;16;11;True
29343;8;16;8;True
29344;0;0;0;True
29345;9;16;7;True
29346;2;2;0;True
29347;6;12;6;True
29348;8;12;4;True
29349;3;6;3;True
29350;2;4;2;True
29351;0;0;0;True
29352;4;8;4;True
29353;5;12;7;True
29354;6;16;10;True
29355;4;6;2;True
29356;0;0;0;True
29357;7;16;9;True
29358;4;9;5;True
29359;1;1;0;True
29360;6;12;6;True
29361;6;16;10;True
29362;5;9;4;True
29363;6;16;10;True
29364;4;9;5;True
29365;5;9;4;True
29366;2;2;0;True
29367;6;12;6;True
29368;5;12;7;True
29369;2;2;0;True
29370;4;9;5;True
29371;4;6;2;True
29372;3;9;6;True
29373;2;2;0;True
29374;0;0;0;True
29375;6;12;6;True
29376;3;6;3;True
29377;1;1;0;True
29378;6;16;10;True
29379;6;12;6;True
29380;3;6;3;True
29381;5;9;4;True
29382;4;9;5;True
29383;5;12;7;True
29384;6;12;6;True
29385;9;16;7;True
29386;3;6;3;True
29387;2;2;0;True
29388;1;1;0;True
29389;3;9;6;True
29390;4;9;5;True
29391;5;12;7;True
29392;4;6;2;True
29393;8;16;8;True
29394;6;12;6;True
29395;5;6;1;True
29396;1;1;0;True
29397;2;2;0;True
29398;2;4;2;True
29399;2;4;2;True
29400;2;4;2;True
29401;3;6;3;True
29402;0;0;0;True
29403;7;16;9;True
29404;9;16;7;True
29405;2;2;0;True
29406;0;0;0;True
29407;4;9;5;True
29408;3;4;1;True
29409;0;0;0;True
29410;4;6;2;True
29411;5;12;7;True
29412;6;16;10;True
29413;3;4;1;True
29414;3;6;3;True
29415;3;9;6;True
29416;5;6;1;True
29417;1;1;0;True
29418;2;2;0;True
29419;2;4;2;True
29420;4;12;8;True
29421;3;4;1;True
29422;7;16;9;True
29423;6;12;6;True
29424;3;6;3;True
29425;5;16;11;True
29426;0;0;0;True
29427;7;12;5;True
29428;2;2;0;True
29429;1;1;0;True
29430;5;12;7;True
29431;1;1;0;True
29432;5;8;3;True
29433;0;0;0;True
29434;2;2;0;True
29435;7;12;5;True
29436;1;1;0;True
29437;9;16;7;True
29438;2;4;2;True
29439;2;4;2;True
29440;2;2;0;True
29441;4;9;5;True
29442;7;12;5;True
29443;2;2;0;True
29444;4;8;4;True
29445;0;0;0;True
29446;0;0;0;True
29447;1;1;0;True
29448;2;4;2;True
29449;0;0;0;True
29450;2;2;0;True
29451;2;4;2;True
29452;4;6;2;True
29453;7;12;5;True
29454;3;4;1;True
29455;1;1;0;True
29456;5;12;7;True
29457;6;16;10;True
29458;2;2;0;True
29459;1;1;0;True
29460;0;0;0;True
29461;3;4;1;True
29462;6;12;6;True
29463;1;1;0;True
29464;2;4;2;True
29465;3;6;3;True
29466;5;12;7;True
29467;4;6;2;True
29468;7;16;9;True
29469;9;16;7;True
29470;1;1;0;True
29471;2;4;2;True
29472;4;9;5;True
29473;1;1;0;True
29474;9;16;7;True
29475;3;9;6;True
29476;3;9;6;True
29477;7;16;9;True
29478;7;12;5;True
29479;5;12;7;True
29480;1;1;0;True
29481;1;1;0;True
29482;5;12;7;True
29483;6;16;10;True
29484;4;9;5;True
29485;4;9;5;True
29486;1;1;0;True
29487;4;12;8;True
29488;0;0;0;True
29489;0;0;0;True
29490;5;9;4;True
29491;4;9;5;True
29492;1;1;0;True
29493;2;4;2;True
29494;2;4;2;True
29495;5;9;4;True
29496;3;6;3;True
29497;8;12;4;True
29498;3;9;6;True
29499;5;8;3;True
29500;8;12;4;True
29501;2;4;2;True
29502;4;9;5;True
29503;3;6;3;True
29504;4;6;2;True
29505;7;16;9;True
29506;7;12;5;True
29507;2;2;0;True
29508;1;1;0;True
29509;4;16;12;True
29510;9;16;7;True
29511;2;4;2;True
29512;4;12;8;True
29513;8;16;8;True
29514;7;16;9;True
29515;4;9;5;True
29516;4;6;2;True
29517;1;1;0;True
29518;5;9;4;True
29519;5;8;3;True
29520;5;9;4;True
29521;1;1;0;True
29522;4;9;5;True
29523;7;16;9;True
29524;3;6;3;True
29525;4;9;5;True
29526;3;6;3;True
29527;1;1;0;True
29528;8;16;8;True
29529;6;12;6;True
29530;8;16;8;True
29531;11;16;5;True
29532;2;4;2;True
29533;6;8;2;True
29534;9;12;3;True
29535;3;9;6;True
29536;2;4;2;True
29537;6;12;6;True
29538;2;2;0;True
29539;2;2;0;True
29540;4;16;12;True
29541;2;4;2;True
29542;2;4;2;True
29543;3;6;3;True
29544;3;6;3;True
29545;3;6;3;True
29546;6;12;6;True
29547;2;2;0;True
29548;2;4;2;True
29549;3;6;3;True
29550;0;0;0;True
29551;3;4;1;True
29552;3;6;3;True
29553;3;6;3;True
29554;4;6;2;True
29555;1;1;0;True
29556;2;2;0;True
29557;0;0;0;True
29558;2;2;0;True
29559;2;4;2;True
29560;5;9;4;True
29561;5;8;3;True
29562;1;1;0;True
29563;2;2;0;True
29564;7;16;9;True
29565;3;4;1;True
29566;0;0;0;True
29567;3;9;6;True
29568;5;16;11;True
29569;5;12;7;True
29570;5;12;7;True
29571;6;12;6;True
29572;4;6;2;True
29573;2;4;2;True
29574;1;1;0;True
29575;2;4;2;True
29576;4;9;5;True
29577;2;4;2;True
29578;1;1;0;True
29579;1;1;0;True
29580;8;12;4;True
29581;1;1;0;True
29582;7;12;5;True
29583;1;1;0;True
29584;3;6;3;True
29585;4;9;5;True
29586;3;6;3;True
29587;6;12;6;True
29588;0;0;0;True
29589;7;12;5;True
29590;2;4;2;True
29591;4;12;8;True
29592;1;1;0;True
29593;2;2;0;True
29594;1;1;0;True
29595;2;2;0;True
29596;2;4;2;True
29597;2;4;2;True
29598;9;16;7;True
29599;8;16;8;True
29600;5;9;4;True
29601;0;0;0;True
29602;3;4;1;True
29603;4;4;0;True
29604;6;8;2;True
29605;5;12;7;True
29606;2;4;2;True
29607;9;16;7;True
29608;1;1;0;True
29609;7;12;5;True
29610;3;9;6;True
29611;2;2;0;True
29612;1;1;0;True
29613;7;16;9;True
29614;5;12;7;True
29615;6;12;6;True
29616;2;2;0;True
29617;8;12;4;True
29618;3;6;3;True
29619;2;2;0;True
29620;1;1;0;True
29621;4;4;0;True
29622;1;1;0;True
29623;7;8;1;True
29624;3;4;1;True
29625;4;9;5;True
29626;2;4;2;True
29627;3;6;3;True
29628;10;16;6;True
29629;6;16;10;True
29630;0;0;0;True
29631;2;4;2;True
29632;10;16;6;True
29633;6;12;6;True
29634;6;9;3;True
29635;0;0;0;True
29636;4;9;5;True
29637;2;4;2;True
29638;6;12;6;True
29639;4;12;8;True
29640;1;1;0;True
29641;10;16;6;True
29642;7;16;9;True
29643;6;16;10;True
29644;2;2;0;True
29645;5;16;11;True
29646;2;4;2;True
29647;2;2;0;True
29648;9;16;7;True
29649;2;2;0;True
29650;1;1;0;True
29651;4;6;2;True
29652;7;12;5;True
29653;3;6;3;True
29654;4;12;8;True
29655;3;9;6;True
29656;3;6;3;True
29657;4;9;5;True
29658;0;0;0;True
29659;4;9;5;True
29660;2;2;0;True
29661;2;2;0;True
29662;5;12;7;True
29663;7;12;5;True
29664;2;4;2;True
29665;1;1;0;True
29666;6;12;6;True
29667;8;16;8;True
29668;1;1;0;True
29669;3;9;6;True
29670;7;12;5;True
29671;2;2;0;True
29672;7;16;9;True
29673;4;9;5;True
29674;4;6;2;True
29675;7;12;5;True
29676;1;1;0;True
29677;7;16;9;True
29678;6;16;10;True
29679;8;16;8;True
29680;4;6;2;True
29681;1;1;0;True
29682;1;1;0;True
29683;4;6;2;True
29684;0;0;0;True
29685;4;6;2;True
29686;1;1;0;True
29687;4;6;2;True
29688;2;4;2;True
29689;3;9;6;True
29690;1;1;0;True
29691;4;12;8;True
29692;0;0;0;True
29693;1;1;0;True
29694;6;12;6;True
29695;2;2;0;True
29696;0;0;0;True
29697;2;4;2;True
29698;1;1;0;True
29699;3;6;3;True
29700;8;16;8;True
29701;5;9;4;True
29702;0;0;0;True
29703;2;4;2;True
29704;6;12;6;True
29705;3;6;3;True
29706;6;12;6;True
29707;1;1;0;True
29708;7;12;5;True
29709;6;12;6;True
29710;3;6;3;True
29711;1;1;0;True
29712;6;16;10;True
29713;8;8;0;True
29714;4;9;5;True
29715;0;0;0;True
29716;7;12;5;True
29717;4;6;2;True
29718;7;16;9;True
29719;4;9;5;True
29720;3;6;3;True
29721;5;9;4;True
29722;3;6;3;True
29723;1;1;0;True
29724;8;12;4;True
29725;6;16;10;True
29726;2;2;0;True
29727;2;4;2;True
29728;3;9;6;True
29729;4;9;5;True
29730;3;9;6;True
29731;5;12;7;True
29732;2;2;0;True
29733;2;4;2;True
29734;6;12;6;True
29735;3;4;1;True
29736;4;9;5;True
29737;9;16;7;True
29738;7;16;9;True
29739;4;12;8;True
29740;8;16;8;True
29741;4;12;8;True
29742;10;16;6;True
29743;8;16;8;True
29744;2;2;0;True
29745;3;6;3;True
29746;2;4;2;True
29747;2;4;2;True
29748;6;12;6;True
29749;4;4;0;True
29750;1;1;0;True
29751;0;0;0;True
29752;4;12;8;True
29753;2;4;2;True
29754;6;9;3;True
29755;1;1;0;True
29756;3;6;3;True
29757;7;16;9;True
29758;1;1;0;True
29759;3;4;1;True
29760;0;0;0;True
29761;4;9;5;True
29762;6;16;10;True
29763;2;2;0;True
29764;2;4;2;True
29765;5;9;4;True
29766;3;6;3;True
29767;2;2;0;True
29768;1;1;0;True
29769;1;1;0;True
29770;5;9;4;True
29771;5;12;7;True
29772;7;12;5;True
29773;9;16;7;True
29774;2;4;2;True
29775;7;9;2;True
29776;3;6;3;True
29777;3;3;0;True
29778;2;2;0;True
29779;6;12;6;True
29780;4;9;5;True
29781;8;12;4;True
29782;3;4;1;True
29783;2;4;2;True
29784;3;6;3;True
29785;0;0;0;True
29786;1;1;0;True
29787;3;3;0;True
29788;0;0;0;True
29789;4;9;5;True
29790;3;3;0;True
29791;5;12;7;True
29792;1;1;0;True
29793;1;1;0;True
29794;1;1;0;True
29795;4;8;4;True
29796;4;12;8;True
29797;3;6;3;True
29798;4;9;5;True
29799;7;12;5;True
29800;2;4;2;True
29801;3;6;3;True
29802;3;3;0;True
29803;6;16;10;True
29804;4;6;2;True
29805;6;12;6;True
29806;10;16;6;True
29807;8;16;8;True
29808;5;6;1;True
29809;2;2;0;True
29810;6;12;6;True
29811;2;2;0;True
29812;4;9;5;True
29813;5;8;3;True
29814;6;9;3;True
29815;5;12;7;True
29816;5;12;7;True
29817;6;16;10;True
29818;1;1;0;True
29819;4;9;5;True
29820;4;9;5;True
29821;2;2;0;True
29822;0;0;0;True
29823;3;4;1;True
29824;2;4;2;True
29825;2;2;0;True
29826;2;4;2;True
29827;4;9;5;True
29828;3;6;3;True
29829;4;9;5;True
29830;7;12;5;True
29831;5;9;4;True
29832;2;2;0;True
29833;2;4;2;True
29834;8;16;8;True
29835;3;4;1;True
29836;6;16;10;True
29837;7;16;9;True
29838;5;12;7;True
29839;4;9;5;True
29840;4;6;2;True
29841;8;16;8;True
29842;2;2;0;True
29843;3;9;6;True
29844;5;9;4;True
29845;7;12;5;True
29846;8;16;8;True
29847;6;16;10;True
29848;5;12;7;True
29849;7;16;9;True
29850;3;6;3;True
29851;4;6;2;True
29852;5;8;3;True
29853;2;2;0;True
29854;5;9;4;True
29855;4;12;8;True
29856;1;1;0;True
29857;4;9;5;True
29858;5;9;4;True
29859;7;16;9;True
29860;2;2;0;True
29861;5;16;11;True
29862;1;1;0;True
29863;3;4;1;True
29864;3;4;1;True
29865;3;4;1;True
29866;2;4;2;True
29867;6;16;10;True
29868;1;1;0;True
29869;4;6;2;True
29870;5;12;7;True
29871;4;9;5;True
29872;5;9;4;True
29873;6;12;6;True
29874;6;12;6;True
29875;6;12;6;True
29876;7;12;5;True
29877;2;4;2;True
29878;9;16;7;True
29879;0;0;0;True
29880;5;9;4;True
29881;2;4;2;True
29882;4;8;4;True
29883;3;4;1;True
29884;2;2;0;True
29885;1;1;0;True
29886;13;16;3;True
29887;5;9;4;True
29888;2;2;0;True
29889;7;16;9;True
29890;6;16;10;True
29891;4;12;8;True
29892;4;9;5;True
29893;3;6;3;True
29894;7;16;9;True
29895;4;6;2;True
29896;3;3;0;True
29897;1;1;0;True
29898;1;1;0;True
29899;4;9;5;True
29900;7;16;9;True
29901;1;1;0;True
29902;3;4;1;True
29903;0;0;0;True
29904;6;9;3;True
29905;3;4;1;True
29906;3;4;1;True
29907;1;1;0;True
29908;2;4;2;True
29909;3;6;3;True
29910;4;9;5;True
29911;4;6;2;True
29912;1;1;0;True
29913;0;0;0;True
29914;2;2;0;True
29915;5;8;3;True
29916;2;2;0;True
29917;3;4;1;True
29918;8;16;8;True
29919;2;2;0;True
29920;3;9;6;True
29921;3;9;6;True
29922;6;12;6;True
29923;3;4;1;True
29924;2;2;0;True
29925;8;12;4;True
29926;0;0;0;True
29927;2;2;0;True
29928;4;9;5;True
29929;10;16;6;True
29930;2;4;2;True
29931;5;9;4;True
29932;1;1;0;True
29933;8;12;4;True
29934;3;4;1;True
29935;3;6;3;True
29936;3;6;3;True
29937;3;6;3;True
29938;4;4;0;True
29939;6;16;10;True
29940;2;4;2;True
29941;8;12;4;True
29942;3;4;1;True
29943;7;16;9;True
29944;9;16;7;True
29945;5;8;3;True
29946;5;12;7;True
29947;2;2;0;True
29948;7;12;5;True
29949;2;4;2;True
29950;5;12;7;True
29951;7;9;2;True
29952;2;2;0;True
29953;7;16;9;True
29954;5;8;3;True
29955;1;1;0;True
29956;7;16;9;True
29957;3;6;3;True
29958;3;6;3;True
29959;4;8;4;True
29960;5;12;7;True
29961;2;4;2;True
29962;4;8;4;True
29963;6;12;6;True
29964;0;0;0;True
29965;7;16;9;True
29966;4;6;2;True
29967;6;12;6;True
29968;3;9;6;True
29969;7;16;9;True
29970;3;6;3;True
29971;0;0;0;True
29972;2;2;0;True
29973;4;12;8;True
29974;2;4;2;True
29975;1;1;0;True
29976;0;0;0;True
29977;3;9;6;True
29978;2;2;0;True
29979;2;2;0;True
29980;3;4;1;True
29981;4;9;5;True
29982;5;6;1;True
29983;1;1;0;True
29984;6;12;6;True
29985;7;16;9;True
29986;4;12;8;True
29987;5;9;4;True
29988;3;9;6;True
29989;1;1;0;True
29990;4;6;2;True
29991;1;1;0;True
29992;4;9;5;True
29993;0;0;0;True
29994;0;0;0;True
29995;0;0;0;True
29996;2;4;2;True
29997;4;9;5;True
29998;5;12;7;True
29999;4;12;8;True
30000;4;12;8;True
30001;3;6;3;True
30002;8;16;8;True
30003;1;1;0;True
30004;1;1;0;True
30005;5;9;4;True
30006;2;2;0;True
30007;5;9;4;True
30008;4;6;2;True
30009;6;12;6;True
30010;1;1;0;True
30011;3;4;1;True
30012;4;6;2;True
30013;4;12;8;True
30014;2;2;0;True
30015;6;16;10;True
30016;4;12;8;True
30017;5;8;3;True
30018;10;16;6;True
30019;2;4;2;True
30020;2;2;0;True
30021;5;9;4;True
30022;7;16;9;True
30023;7;12;5;True
30024;3;4;1;True
30025;4;9;5;True
30026;0;0;0;True
30027;5;9;4;True
30028;3;6;3;True
30029;2;2;0;True
30030;5;9;4;True
30031;3;4;1;True
30032;4;8;4;True
30033;1;1;0;True
30034;4;12;8;True
30035;1;1;0;True
30036;7;16;9;True
30037;1;1;0;True
30038;8;16;8;True
30039;5;6;1;True
30040;6;16;10;True
30041;3;6;3;True
30042;6;12;6;True
30043;4;12;8;True
30044;6;12;6;True
30045;4;6;2;True
30046;3;9;6;True
30047;4;9;5;True
30048;3;6;3;True
30049;6;8;2;True
30050;1;1;0;True
30051;4;8;4;True
30052;0;0;0;True
30053;8;16;8;True
30054;4;9;5;True
30055;1;1;0;True
30056;5;12;7;True
30057;2;4;2;True
30058;3;6;3;True
30059;8;16;8;True
30060;3;6;3;True
30061;1;1;0;True
30062;4;12;8;True
30063;0;0;0;True
30064;2;4;2;True
30065;2;2;0;True
30066;3;4;1;True
30067;3;6;3;True
30068;7;16;9;True
30069;3;6;3;True
30070;3;6;3;True
30071;4;6;2;True
30072;5;12;7;True
30073;3;6;3;True
30074;2;2;0;True
30075;0;0;0;True
30076;6;12;6;True
30077;3;6;3;True
30078;6;9;3;True
30079;4;9;5;True
30080;12;16;4;True
30081;3;6;3;True
30082;1;1;0;True
30083;2;2;0;True
30084;7;12;5;True
30085;2;2;0;True
30086;5;9;4;True
30087;5;9;4;True
30088;6;12;6;True
30089;3;6;3;True
30090;5;12;7;True
30091;5;16;11;True
30092;7;16;9;True
30093;1;1;0;True
30094;9;16;7;True
30095;2;4;2;True
30096;2;4;2;True
30097;0;0;0;True
30098;2;2;0;True
30099;8;16;8;True
30100;7;16;9;True
30101;0;0;0;True
30102;2;2;0;True
30103;8;16;8;True
30104;4;9;5;True
30105;2;4;2;True
30106;5;12;7;True
30107;0;0;0;True
30108;6;12;6;True
30109;1;1;0;True
30110;5;12;7;True
30111;1;1;0;True
30112;3;6;3;True
30113;7;12;5;True
30114;5;16;11;True
30115;1;1;0;True
30116;1;1;0;True
30117;2;2;0;True
30118;5;12;7;True
30119;1;1;0;True
30120;3;6;3;True
30121;4;12;8;True
30122;2;2;0;True
30123;4;9;5;True
30124;0;0;0;True
30125;9;16;7;True
30126;7;16;9;True
30127;2;2;0;True
30128;5;12;7;True
30129;2;4;2;True
30130;1;1;0;True
30131;3;6;3;True
30132;2;4;2;True
30133;2;2;0;True
30134;2;4;2;True
30135;4;6;2;True
30136;4;6;2;True
30137;3;4;1;True
30138;6;9;3;True
30139;2;4;2;True
30140;4;8;4;True
30141;0;0;0;True
30142;2;2;0;True
30143;1;1;0;True
30144;2;2;0;True
30145;7;12;5;True
30146;0;0;0;True
30147;4;12;8;True
30148;6;12;6;True
30149;2;4;2;True
30150;8;12;4;True
30151;1;1;0;True
30152;5;8;3;True
30153;2;4;2;True
30154;4;9;5;True
30155;1;1;0;True
30156;7;12;5;True
30157;4;9;5;True
30158;5;16;11;True
30159;1;1;0;True
30160;6;12;6;True
30161;0;0;0;True
30162;7;12;5;True
30163;3;4;1;True
30164;2;4;2;True
30165;3;6;3;True
30166;3;4;1;True
30167;3;4;1;True
30168;5;12;7;True
30169;3;3;0;True
30170;6;9;3;True
30171;2;4;2;True
30172;7;12;5;True
30173;0;0;0;True
30174;1;1;0;True
30175;2;4;2;True
30176;2;2;0;True
30177;6;12;6;True
30178;6;8;2;True
30179;5;9;4;True
30180;1;1;0;True
30181;4;9;5;True
30182;2;4;2;True
30183;4;9;5;True
30184;6;12;6;True
30185;3;6;3;True
30186;9;16;7;True
30187;4;6;2;True
30188;2;2;0;True
30189;1;1;0;True
30190;4;6;2;True
30191;1;1;0;True
30192;5;9;4;True
30193;6;12;6;True
30194;7;9;2;True
30195;1;1;0;True
30196;4;6;2;True
30197;3;4;1;True
30198;2;4;2;True
30199;3;3;0;True
30200;2;4;2;True
30201;2;4;2;True
30202;2;2;0;True
30203;0;0;0;True
30204;3;6;3;True
30205;3;6;3;True
30206;6;8;2;True
30207;3;9;6;True
30208;4;6;2;True
30209;7;9;2;True
30210;3;9;6;True
30211;1;1;0;True
30212;2;4;2;True
30213;5;9;4;True
30214;0;0;0;True
30215;3;6;3;True
30216;0;0;0;True
30217;0;0;0;True
30218;2;4;2;True
30219;4;9;5;True
30220;7;12;5;True
30221;0;0;0;True
30222;1;1;0;True
30223;6;9;3;True
30224;4;9;5;True
30225;3;6;3;True
30226;5;16;11;True
30227;6;9;3;True
30228;5;9;4;True
30229;2;4;2;True
30230;7;16;9;True
30231;6;12;6;True
30232;4;8;4;True
30233;11;16;5;True
30234;4;9;5;True
30235;5;12;7;True
30236;2;4;2;True
30237;8;16;8;True
30238;7;9;2;True
30239;5;9;4;True
30240;2;2;0;True
30241;4;9;5;True
30242;7;12;5;True
30243;3;6;3;True
30244;5;8;3;True
30245;5;16;11;True
30246;5;9;4;True
30247;6;9;3;True
30248;2;4;2;True
30249;3;4;1;True
30250;4;12;8;True
30251;2;4;2;True
30252;2;2;0;True
30253;4;9;5;True
30254;5;12;7;True
30255;5;12;7;True
30256;6;12;6;True
30257;7;12;5;True
30258;0;0;0;True
30259;8;12;4;True
30260;3;6;3;True
30261;3;6;3;True
30262;2;2;0;True
30263;1;1;0;True
30264;2;4;2;True
30265;0;0;0;True
30266;6;12;6;True
30267;4;12;8;True
30268;5;16;11;True
30269;7;12;5;True
30270;1;1;0;True
30271;4;9;5;True
30272;5;9;4;True
30273;3;6;3;True
30274;5;16;11;True
30275;2;4;2;True
30276;6;12;6;True
30277;3;6;3;True
30278;7;12;5;True
30279;3;6;3;True
30280;3;6;3;True
30281;4;6;2;True
30282;3;3;0;True
30283;1;1;0;True
30284;5;8;3;True
30285;3;4;1;True
30286;3;9;6;True
30287;5;9;4;True
30288;3;6;3;True
30289;3;4;1;True
30290;7;12;5;True
30291;1;1;0;True
30292;4;6;2;True
30293;5;9;4;True
30294;7;16;9;True
30295;4;9;5;True
30296;7;9;2;True
30297;7;16;9;True
30298;5;9;4;True
30299;3;4;1;True
30300;7;16;9;True
30301;5;8;3;True
30302;5;12;7;True
30303;4;6;2;True
30304;1;1;0;True
30305;4;9;5;True
30306;8;16;8;True
30307;6;12;6;True
30308;6;16;10;True
30309;2;2;0;True
30310;3;6;3;True
30311;4;8;4;True
30312;2;2;0;True
30313;1;1;0;True
30314;4;8;4;True
30315;5;9;4;True
30316;1;1;0;True
30317;8;16;8;True
30318;5;12;7;True
30319;5;12;7;True
30320;11;16;5;True
30321;5;9;4;True
30322;3;6;3;True
30323;2;4;2;True
30324;3;6;3;True
30325;2;2;0;True
30326;5;9;4;True
30327;3;4;1;True
30328;4;12;8;True
30329;6;12;6;True
30330;5;12;7;True
30331;6;12;6;True
30332;2;2;0;True
30333;5;9;4;True
30334;2;4;2;True
30335;8;16;8;True
30336;2;4;2;True
30337;3;4;1;True
30338;3;4;1;True
30339;7;12;5;True
30340;1;1;0;True
30341;6;16;10;True
30342;4;12;8;True
30343;5;9;4;True
30344;7;16;9;True
30345;4;6;2;True
30346;0;0;0;True
30347;0;0;0;True
30348;5;9;4;True
30349;2;2;0;True
30350;2;4;2;True
30351;7;16;9;True
30352;2;4;2;True
30353;5;12;7;True
30354;5;12;7;True
30355;6;12;6;True
30356;6;9;3;True
30357;3;6;3;True
30358;2;4;2;True
30359;3;9;6;True
30360;7;12;5;True
30361;1;1;0;True
30362;6;12;6;True
30363;6;9;3;True
30364;6;9;3;True
30365;4;6;2;True
30366;4;12;8;True
30367;3;6;3;True
30368;1;1;0;True
30369;1;1;0;True
30370;7;16;9;True
30371;1;1;0;True
30372;3;6;3;True
30373;5;6;1;True
30374;0;0;0;True
30375;5;8;3;True
30376;5;12;7;True
30377;3;4;1;True
30378;5;12;7;True
30379;3;6;3;True
30380;3;4;1;True
30381;3;6;3;True
30382;2;2;0;True
30383;2;4;2;True
30384;4;12;8;True
30385;3;9;6;True
30386;3;6;3;True
30387;4;9;5;True
30388;9;16;7;True
30389;7;12;5;True
30390;4;6;2;True
30391;5;9;4;True
30392;4;6;2;True
30393;1;1;0;True
30394;4;9;5;True
30395;4;12;8;True
30396;4;8;4;True
30397;7;16;9;True
30398;2;2;0;True
30399;6;12;6;True
30400;6;12;6;True
30401;2;4;2;True
30402;3;6;3;True
30403;8;12;4;True
30404;3;3;0;True
30405;6;12;6;True
30406;3;6;3;True
30407;5;12;7;True
30408;0;0;0;True
30409;7;12;5;True
30410;0;0;0;True
30411;2;4;2;True
30412;1;1;0;True
30413;5;9;4;True
30414;0;0;0;True
30415;3;4;1;True
30416;4;6;2;True
30417;4;9;5;True
30418;1;1;0;True
30419;3;6;3;True
30420;1;1;0;True
30421;5;16;11;True
30422;2;4;2;True
30423;3;4;1;True
30424;2;4;2;True
30425;2;4;2;True
30426;4;9;5;True
30427;2;4;2;True
30428;5;6;1;True
30429;2;2;0;True
30430;4;4;0;True
30431;2;4;2;True
30432;2;2;0;True
30433;5;16;11;True
30434;2;4;2;True
30435;4;9;5;True
30436;4;4;0;True
30437;2;4;2;True
30438;2;2;0;True
30439;4;6;2;True
30440;1;1;0;True
30441;10;16;6;True
30442;4;9;5;True
30443;6;9;3;True
30444;2;4;2;True
30445;4;9;5;True
30446;1;1;0;True
30447;1;1;0;True
30448;8;16;8;True
30449;2;4;2;True
30450;3;4;1;True
30451;2;2;0;True
30452;2;4;2;True
30453;1;1;0;True
30454;3;6;3;True
30455;2;4;2;True
30456;1;1;0;True
30457;3;4;1;True
30458;10;16;6;True
30459;4;9;5;True
30460;6;16;10;True
30461;2;2;0;True
30462;10;16;6;True
30463;2;2;0;True
30464;2;2;0;True
30465;1;1;0;True
30466;0;0;0;True
30467;2;4;2;True
30468;4;6;2;True
30469;4;6;2;True
30470;4;6;2;True
30471;6;8;2;True
30472;4;6;2;True
30473;7;16;9;True
30474;3;6;3;True
30475;3;4;1;True
30476;3;6;3;True
30477;3;6;3;True
30478;3;6;3;True
30479;3;6;3;True
30480;4;6;2;True
30481;1;1;0;True
30482;0;0;0;True
30483;0;0;0;True
30484;0;0;0;True
30485;5;16;11;True
30486;1;1;0;True
30487;1;1;0;True
30488;6;16;10;True
30489;8;16;8;True
30490;3;6;3;True
30491;4;9;5;True
30492;4;9;5;True
30493;4;16;12;True
30494;3;4;1;True
30495;5;12;7;True
30496;2;4;2;True
30497;8;16;8;True
30498;0;0;0;True
30499;4;9;5;True
30500;2;2;0;True
30501;5;8;3;True
30502;4;8;4;True
30503;3;6;3;True
30504;4;4;0;True
30505;4;8;4;True
30506;2;2;0;True
30507;6;8;2;True
30508;7;16;9;True
30509;5;16;11;True
30510;1;1;0;True
30511;4;9;5;True
30512;2;4;2;True
30513;5;9;4;True
30514;4;9;5;True
30515;3;6;3;True
30516;2;4;2;True
30517;5;8;3;True
30518;7;12;5;True
30519;8;16;8;True
30520;8;12;4;True
30521;6;9;3;True
30522;4;8;4;True
30523;3;6;3;True
30524;5;8;3;True
30525;5;12;7;True
30526;1;1;0;True
30527;3;4;1;True
30528;0;0;0;True
30529;7;12;5;True
30530;5;9;4;True
30531;6;12;6;True
30532;3;9;6;True
30533;4;12;8;True
30534;3;9;6;True
30535;7;16;9;True
30536;2;2;0;True
30537;1;1;0;True
30538;8;16;8;True
30539;3;6;3;True
30540;3;9;6;True
30541;2;2;0;True
30542;7;16;9;True
30543;1;1;0;True
30544;8;8;0;True
30545;3;9;6;True
30546;0;0;0;True
30547;1;1;0;True
30548;4;9;5;True
30549;4;12;8;True
30550;1;1;0;True
30551;2;4;2;True
30552;5;6;1;True
30553;3;6;3;True
30554;5;12;7;True
30555;6;12;6;True
30556;2;4;2;True
30557;1;1;0;True
30558;2;2;0;True
30559;2;4;2;True
30560;3;4;1;True
30561;5;9;4;True
30562;7;16;9;True
30563;2;2;0;True
30564;7;12;5;True
30565;6;16;10;True
30566;0;0;0;True
30567;2;4;2;True
30568;3;6;3;True
30569;2;4;2;True
30570;6;12;6;True
30571;2;4;2;True
30572;3;6;3;True
30573;1;1;0;True
30574;5;9;4;True
30575;4;9;5;True
30576;7;16;9;True
30577;2;2;0;True
30578;5;9;4;True
30579;3;4;1;True
30580;0;0;0;True
30581;7;16;9;True
30582;6;9;3;True
30583;4;9;5;True
30584;0;0;0;True
30585;4;12;8;True
30586;5;9;4;True
30587;2;4;2;True
30588;2;2;0;True
30589;2;4;2;True
30590;4;8;4;True
30591;2;4;2;True
30592;5;12;7;True
30593;3;9;6;True
30594;3;4;1;True
30595;6;16;10;True
30596;5;12;7;True
30597;10;16;6;True
30598;3;4;1;True
30599;1;1;0;True
30600;4;9;5;True
30601;2;4;2;True
30602;2;2;0;True
30603;1;1;0;True
30604;8;16;8;True
30605;4;12;8;True
30606;4;12;8;True
30607;4;9;5;True
30608;3;6;3;True
30609;4;6;2;True
30610;3;4;1;True
30611;4;4;0;True
30612;4;8;4;True
30613;4;9;5;True
30614;3;9;6;True
30615;1;1;0;True
30616;1;1;0;True
30617;4;9;5;True
30618;2;4;2;True
30619;2;4;2;True
30620;8;16;8;True
30621;4;9;5;True
30622;1;1;0;True
30623;4;6;2;True
30624;6;16;10;True
30625;4;9;5;True
30626;6;9;3;True
30627;1;1;0;True
30628;5;6;1;True
30629;6;16;10;True
30630;3;6;3;True
30631;2;4;2;True
30632;6;12;6;True
30633;5;12;7;True
30634;1;1;0;True
30635;4;6;2;True
30636;4;4;0;True
30637;6;12;6;True
30638;4;9;5;True
30639;5;12;7;True
30640;7;12;5;True
30641;1;1;0;True
30642;3;6;3;True
30643;4;6;2;True
30644;6;9;3;True
30645;2;4;2;True
30646;4;6;2;True
30647;6;12;6;True
30648;10;16;6;True
30649;2;2;0;True
30650;3;6;3;True
30651;1;1;0;True
30652;4;12;8;True
30653;5;12;7;True
30654;10;16;6;True
30655;4;6;2;True
30656;1;1;0;True
30657;0;0;0;True
30658;1;1;0;True
30659;5;16;11;True
30660;4;6;2;True
30661;3;6;3;True
30662;3;6;3;True
30663;3;9;6;True
30664;6;9;3;True
30665;4;9;5;True
30666;7;12;5;True
30667;1;1;0;True
30668;6;16;10;True
30669;5;16;11;True
30670;3;4;1;True
30671;1;1;0;True
30672;2;4;2;True
30673;3;6;3;True
30674;4;9;5;True
30675;5;8;3;True
30676;1;1;0;True
30677;4;8;4;True
30678;3;6;3;True
30679;3;4;1;True
30680;2;2;0;True
30681;2;2;0;True
30682;1;1;0;True
30683;2;2;0;True
30684;1;1;0;True
30685;5;9;4;True
30686;1;1;0;True
30687;4;8;4;True
30688;4;8;4;True
30689;6;12;6;True
30690;4;9;5;True
30691;4;12;8;True
30692;2;4;2;True
30693;2;4;2;True
30694;5;12;7;True
30695;4;9;5;True
30696;4;6;2;True
30697;2;2;0;True
30698;6;16;10;True
30699;4;9;5;True
30700;2;2;0;True
30701;0;0;0;True
30702;2;2;0;True
30703;3;3;0;True
30704;3;6;3;True
30705;1;1;0;True
30706;0;0;0;True
30707;4;9;5;True
30708;4;6;2;True
30709;9;16;7;True
30710;3;3;0;True
30711;0;0;0;True
30712;5;9;4;True
30713;5;9;4;True
30714;3;4;1;True
30715;4;8;4;True
30716;5;12;7;True
30717;2;4;2;True
30718;1;1;0;True
30719;2;4;2;True
30720;4;9;5;True
30721;2;2;0;True
30722;3;4;1;True
30723;2;2;0;True
30724;4;9;5;True
30725;4;12;8;True
30726;6;12;6;True
30727;5;9;4;True
30728;8;16;8;True
30729;3;4;1;True
30730;2;4;2;True
30731;5;9;4;True
30732;4;9;5;True
30733;2;4;2;True
30734;2;4;2;True
30735;6;12;6;True
30736;1;1;0;True
30737;5;12;7;True
30738;4;9;5;True
30739;9;16;7;True
30740;7;16;9;True
30741;5;12;7;True
30742;2;4;2;True
30743;5;9;4;True
30744;8;12;4;True
30745;5;12;7;True
30746;4;8;4;True
30747;4;9;5;True
30748;3;6;3;True
30749;3;6;3;True
30750;4;6;2;True
30751;4;9;5;True
30752;3;9;6;True
30753;4;6;2;True
30754;6;16;10;True
30755;3;6;3;True
30756;8;12;4;True
30757;4;8;4;True
30758;5;9;4;True
30759;2;2;0;True
30760;4;12;8;True
30761;3;9;6;True
30762;6;16;10;True
30763;1;1;0;True
30764;8;16;8;True
30765;5;12;7;True
30766;1;1;0;True
30767;5;6;1;True
30768;0;0;0;True
30769;1;1;0;True
30770;0;0;0;True
30771;2;4;2;True
30772;7;16;9;True
30773;0;0;0;True
30774;3;6;3;True
30775;2;2;0;True
30776;3;4;1;True
30777;3;6;3;True
30778;5;8;3;True
30779;2;4;2;True
30780;2;4;2;True
30781;3;4;1;True
30782;6;16;10;True
30783;7;16;9;True
30784;0;0;0;True
30785;6;9;3;True
30786;0;0;0;True
30787;6;16;10;True
30788;7;16;9;True
30789;0;0;0;True
30790;3;6;3;True
30791;3;6;3;True
30792;2;4;2;True
30793;2;2;0;True
30794;1;1;0;True
30795;4;9;5;True
30796;5;8;3;True
30797;6;9;3;True
30798;6;12;6;True
30799;5;12;7;True
30800;6;9;3;True
30801;7;16;9;True
30802;0;0;0;True
30803;1;1;0;True
30804;2;4;2;True
30805;6;12;6;True
30806;4;6;2;True
30807;1;1;0;True
30808;3;9;6;True
30809;3;6;3;True
30810;5;6;1;True
30811;3;6;3;True
30812;7;12;5;True
30813;1;1;0;True
30814;2;2;0;True
30815;1;1;0;True
30816;1;1;0;True
30817;6;9;3;True
30818;4;12;8;True
30819;2;2;0;True
30820;3;6;3;True
30821;3;6;3;True
30822;3;6;3;True
30823;3;6;3;True
30824;4;9;5;True
30825;4;12;8;True
30826;5;12;7;True
30827;1;1;0;True
30828;3;6;3;True
30829;5;9;4;True
30830;7;16;9;True
30831;5;8;3;True
30832;1;1;0;True
30833;0;0;0;True
30834;3;6;3;True
30835;4;12;8;True
30836;1;1;0;True
30837;2;2;0;True
30838;3;6;3;True
30839;2;4;2;True
30840;5;12;7;True
30841;4;8;4;True
30842;3;4;1;True
30843;8;12;4;True
30844;2;4;2;True
30845;7;12;5;True
30846;6;12;6;True
30847;6;12;6;True
30848;4;12;8;True
30849;1;1;0;True
30850;2;4;2;True
30851;1;1;0;True
30852;3;4;1;True
30853;7;12;5;True
30854;2;4;2;True
30855;3;6;3;True
30856;2;4;2;True
30857;3;6;3;True
30858;6;9;3;True
30859;1;1;0;True
30860;1;1;0;True
30861;5;12;7;True
30862;3;6;3;True
30863;1;1;0;True
30864;3;4;1;True
30865;3;6;3;True
30866;5;9;4;True
30867;0;0;0;True
30868;5;9;4;True
30869;3;9;6;True
30870;5;12;7;True
30871;2;2;0;True
30872;3;4;1;True
30873;7;12;5;True
30874;3;9;6;True
30875;4;9;5;True
30876;7;12;5;True
30877;6;12;6;True
30878;5;12;7;True
30879;4;9;5;True
30880;5;6;1;True
30881;2;4;2;True
30882;4;6;2;True
30883;6;9;3;True
30884;5;8;3;True
30885;7;12;5;True
30886;4;6;2;True
30887;4;6;2;True
30888;2;2;0;True
30889;0;0;0;True
30890;5;9;4;True
30891;6;12;6;True
30892;4;8;4;True
30893;1;1;0;True
30894;8;12;4;True
30895;4;6;2;True
30896;2;4;2;True
30897;2;2;0;True
30898;3;6;3;True
30899;2;4;2;True
30900;7;16;9;True
30901;3;6;3;True
30902;2;4;2;True
30903;5;12;7;True
30904;6;12;6;True
30905;4;9;5;True
30906;5;12;7;True
30907;2;4;2;True
30908;5;9;4;True
30909;4;9;5;True
30910;1;1;0;True
30911;1;1;0;True
30912;1;1;0;True
30913;4;9;5;True
30914;4;6;2;True
30915;7;12;5;True
30916;9;16;7;True
30917;1;1;0;True
30918;2;2;0;True
30919;6;12;6;True
30920;7;12;5;True
30921;2;4;2;True
30922;1;1;0;True
30923;2;4;2;True
30924;1;1;0;True
30925;3;9;6;True
30926;1;1;0;True
30927;6;12;6;True
30928;4;9;5;True
30929;1;1;0;True
30930;1;1;0;True
30931;5;9;4;True
30932;7;16;9;True
30933;5;16;11;True
30934;4;6;2;True
30935;2;2;0;True
30936;5;8;3;True
30937;8;12;4;True
30938;5;9;4;True
30939;2;2;0;True
30940;7;12;5;True
30941;4;9;5;True
30942;2;4;2;True
30943;4;9;5;True
30944;5;9;4;True
30945;5;12;7;True
30946;9;16;7;True
30947;6;9;3;True
30948;6;8;2;True
30949;6;12;6;True
30950;2;2;0;True
30951;6;12;6;True
30952;3;9;6;True
30953;4;9;5;True
30954;7;16;9;True
30955;4;9;5;True
30956;6;12;6;True
30957;3;6;3;True
30958;5;12;7;True
30959;3;4;1;True
30960;0;0;0;True
30961;2;4;2;True
30962;6;12;6;True
30963;4;9;5;True
30964;0;0;0;True
30965;4;9;5;True
30966;6;12;6;True
30967;6;9;3;True
30968;4;6;2;True
30969;4;8;4;True
30970;2;2;0;True
30971;3;4;1;True
30972;4;9;5;True
30973;4;9;5;True
30974;4;16;12;True
30975;3;6;3;True
30976;3;9;6;True
30977;2;4;2;True
30978;2;4;2;True
30979;4;6;2;True
30980;2;4;2;True
30981;0;0;0;True
30982;0;0;0;True
30983;2;4;2;True
30984;2;2;0;True
30985;8;16;8;True
30986;4;6;2;True
30987;7;9;2;True
30988;5;9;4;True
30989;5;12;7;True
30990;3;9;6;True
30991;4;8;4;True
30992;5;12;7;True
30993;6;9;3;True
30994;5;16;11;True
30995;4;6;2;True
30996;2;2;0;True
30997;1;1;0;True
30998;4;9;5;True
30999;5;12;7;True
31000;2;2;0;True
31001;5;16;11;True
31002;2;2;0;True
31003;3;6;3;True
31004;3;6;3;True
31005;4;8;4;True
31006;3;9;6;True
31007;4;9;5;True
31008;6;16;10;True
31009;4;16;12;True
31010;2;2;0;True
31011;5;6;1;True
31012;1;1;0;True
31013;3;9;6;True
31014;3;6;3;True
31015;3;4;1;True
31016;3;4;1;True
31017;2;2;0;True
31018;5;6;1;True
31019;5;12;7;True
31020;1;1;0;True
31021;6;8;2;True
31022;3;4;1;True
31023;4;9;5;True
31024;4;6;2;True
31025;4;12;8;True
31026;7;12;5;True
31027;2;2;0;True
31028;5;12;7;True
31029;3;6;3;True
31030;1;1;0;True
31031;2;2;0;True
31032;10;16;6;True
31033;1;1;0;True
31034;8;16;8;True
31035;3;9;6;True
31036;4;9;5;True
31037;7;16;9;True
31038;5;16;11;True
31039;7;12;5;True
31040;1;1;0;True
31041;4;6;2;True
31042;2;2;0;True
31043;6;12;6;True
31044;2;2;0;True
31045;1;1;0;True
31046;5;12;7;True
31047;4;6;2;True
31048;4;6;2;True
31049;2;2;0;True
31050;4;8;4;True
31051;0;0;0;True
31052;8;16;8;True
31053;9;16;7;True
31054;4;8;4;True
31055;4;8;4;True
31056;5;12;7;True
31057;4;6;2;True
31058;2;4;2;True
31059;3;6;3;True
31060;8;12;4;True
31061;8;12;4;True
31062;1;1;0;True
31063;1;1;0;True
31064;3;6;3;True
31065;1;1;0;True
31066;4;6;2;True
31067;4;9;5;True
31068;4;6;2;True
31069;1;1;0;True
31070;2;4;2;True
31071;3;6;3;True
31072;0;0;0;True
31073;1;1;0;True
31074;7;12;5;True
31075;4;6;2;True
31076;4;12;8;True
31077;2;4;2;True
31078;6;12;6;True
31079;0;0;0;True
31080;5;6;1;True
31081;6;16;10;True
31082;1;1;0;True
31083;4;8;4;True
31084;2;2;0;True
31085;1;1;0;True
31086;11;16;5;True
31087;0;0;0;True
31088;4;9;5;True
31089;5;9;4;True
31090;5;6;1;True
31091;3;9;6;True
31092;3;9;6;True
31093;5;12;7;True
31094;3;4;1;True
31095;1;1;0;True
31096;8;16;8;True
31097;4;6;2;True
31098;2;4;2;True
31099;3;9;6;True
31100;5;9;4;True
31101;4;9;5;True
31102;5;12;7;True
31103;4;6;2;True
31104;2;4;2;True
31105;2;2;0;True
31106;2;2;0;True
31107;1;1;0;True
31108;1;1;0;True
31109;0;0;0;True
31110;2;4;2;True
31111;5;9;4;True
31112;0;0;0;True
31113;6;9;3;True
31114;2;4;2;True
31115;3;4;1;True
31116;7;16;9;True
31117;2;2;0;True
31118;3;6;3;True
31119;4;16;12;True
31120;3;4;1;True
31121;6;12;6;True
31122;2;4;2;True
31123;1;1;0;True
31124;7;16;9;True
31125;5;9;4;True
31126;1;1;0;True
31127;6;12;6;True
31128;5;9;4;True
31129;8;16;8;True
31130;2;2;0;True
31131;1;1;0;True
31132;7;16;9;True
31133;6;12;6;True
31134;6;9;3;True
31135;0;0;0;True
31136;5;16;11;True
31137;4;9;5;True
31138;2;4;2;True
31139;4;9;5;True
31140;3;4;1;True
31141;8;16;8;True
31142;2;4;2;True
31143;5;12;7;True
31144;7;12;5;True
31145;2;4;2;True
31146;6;16;10;True
31147;6;9;3;True
31148;1;1;0;True
31149;6;9;3;True
31150;6;12;6;True
31151;4;6;2;True
31152;6;16;10;True
31153;3;6;3;True
31154;4;9;5;True
31155;2;2;0;True
31156;5;12;7;True
31157;9;12;3;True
31158;6;12;6;True
31159;3;4;1;True
31160;2;4;2;True
31161;0;0;0;True
31162;0;0;0;True
31163;6;16;10;True
31164;1;1;0;True
31165;4;9;5;True
31166;2;2;0;True
31167;6;8;2;True
31168;7;12;5;True
31169;1;1;0;True
31170;1;1;0;True
31171;3;9;6;True
31172;8;16;8;True
31173;3;3;0;True
31174;2;2;0;True
31175;6;12;6;True
31176;2;2;0;True
31177;2;4;2;True
31178;2;4;2;True
31179;4;8;4;True
31180;6;12;6;True
31181;4;9;5;True
31182;0;0;0;True
31183;3;6;3;True
31184;5;9;4;True
31185;2;4;2;True
31186;1;1;0;True
31187;4;6;2;True
31188;3;9;6;True
31189;2;4;2;True
31190;3;4;1;True
31191;0;0;0;True
31192;5;12;7;True
31193;6;16;10;True
31194;5;16;11;True
31195;6;12;6;True
31196;3;4;1;True
31197;6;12;6;True
31198;7;16;9;True
31199;2;4;2;True
31200;0;0;0;True
31201;2;2;0;True
31202;1;1;0;True
31203;4;16;12;True
31204;5;12;7;True
31205;7;12;5;True
31206;10;16;6;True
31207;2;2;0;True
31208;2;2;0;True
31209;7;16;9;True
31210;4;9;5;True
31211;3;9;6;True
31212;5;12;7;True
31213;2;4;2;True
31214;2;4;2;True
31215;1;1;0;True
31216;7;16;9;True
31217;7;16;9;True
31218;2;4;2;True
31219;5;9;4;True
31220;1;1;0;True
31221;5;9;4;True
31222;4;6;2;True
31223;9;16;7;True
31224;8;12;4;True
31225;2;2;0;True
31226;5;12;7;True
31227;1;1;0;True
31228;3;4;1;True
31229;3;6;3;True
31230;2;4;2;True
31231;6;12;6;True
31232;2;4;2;True
31233;6;9;3;True
31234;5;8;3;True
31235;4;6;2;True
31236;8;16;8;True
31237;1;1;0;True
31238;4;6;2;True
31239;3;4;1;True
31240;2;4;2;True
31241;4;6;2;True
31242;1;1;0;True
31243;6;12;6;True
31244;1;1;0;True
31245;3;6;3;True
31246;2;4;2;True
31247;2;2;0;True
31248;1;1;0;True
31249;2;2;0;True
31250;1;1;0;True
31251;1;1;0;True
31252;3;4;1;True
31253;6;12;6;True
31254;5;12;7;True
31255;1;1;0;True
31256;3;3;0;True
31257;6;8;2;True
31258;4;6;2;True
31259;3;6;3;True
31260;4;6;2;True
31261;6;16;10;True
31262;4;8;4;True
31263;6;12;6;True
31264;7;16;9;True
31265;8;16;8;True
31266;4;6;2;True
31267;4;8;4;True
31268;6;12;6;True
31269;1;1;0;True
31270;2;2;0;True
31271;3;9;6;True
31272;1;1;0;True
31273;3;3;0;True
31274;7;16;9;True
31275;2;2;0;True
31276;5;9;4;True
31277;7;16;9;True
31278;7;16;9;True
31279;3;6;3;True
31280;4;9;5;True
31281;6;16;10;True
31282;1;1;0;True
31283;1;1;0;True
31284;2;4;2;True
31285;1;1;0;True
31286;7;12;5;True
31287;1;1;0;True
31288;0;0;0;True
31289;4;9;5;True
31290;7;12;5;True
31291;4;12;8;True
31292;6;9;3;True
31293;1;1;0;True
31294;4;12;8;True
31295;2;4;2;True
31296;5;9;4;True
31297;9;16;7;True
31298;5;9;4;True
31299;3;6;3;True
31300;2;2;0;True
31301;2;2;0;True
31302;4;6;2;True
31303;5;12;7;True
31304;3;9;6;True
31305;7;12;5;True
31306;1;1;0;True
31307;1;1;0;True
31308;5;9;4;True
31309;6;16;10;True
31310;3;6;3;True
31311;0;0;0;True
31312;0;0;0;True
31313;7;16;9;True
31314;1;1;0;True
31315;3;4;1;True
31316;4;6;2;True
31317;4;9;5;True
31318;6;12;6;True
31319;5;16;11;True
31320;1;1;0;True
31321;4;9;5;True
31322;2;4;2;True
31323;1;1;0;True
31324;2;4;2;True
31325;1;1;0;True
31326;6;12;6;True
31327;7;16;9;True
31328;7;16;9;True
31329;8;16;8;True
31330;4;6;2;True
31331;5;12;7;True
31332;7;16;9;True
31333;5;9;4;True
31334;7;12;5;True
31335;2;2;0;True
31336;3;4;1;True
31337;5;12;7;True
31338;6;9;3;True
31339;5;12;7;True
31340;6;12;6;True
31341;1;1;0;True
31342;4;9;5;True
31343;3;6;3;True
31344;1;1;0;True
31345;2;4;2;True
31346;5;12;7;True
31347;6;12;6;True
31348;1;1;0;True
31349;5;12;7;True
31350;5;9;4;True
31351;6;6;0;True
31352;4;9;5;True
31353;5;16;11;True
31354;4;9;5;True
31355;8;16;8;True
31356;4;9;5;True
31357;5;12;7;True
31358;3;4;1;True
31359;5;12;7;True
31360;5;8;3;True
31361;3;9;6;True
31362;5;9;4;True
31363;6;12;6;True
31364;5;6;1;True
31365;5;12;7;True
31366;3;4;1;True
31367;1;1;0;True
31368;7;16;9;True
31369;2;2;0;True
31370;7;12;5;True
31371;5;12;7;True
31372;0;0;0;True
31373;4;6;2;True
31374;5;9;4;True
31375;2;2;0;True
31376;5;9;4;True
31377;2;2;0;True
31378;5;8;3;True
31379;5;12;7;True
31380;8;16;8;True
31381;6;12;6;True
31382;3;6;3;True
31383;1;1;0;True
31384;0;0;0;True
31385;6;16;10;True
31386;1;1;0;True
31387;5;12;7;True
31388;2;4;2;True
31389;5;9;4;True
31390;7;12;5;True
31391;3;6;3;True
31392;5;6;1;True
31393;4;9;5;True
31394;5;8;3;True
31395;0;0;0;True
31396;7;16;9;True
31397;7;9;2;True
31398;8;16;8;True
31399;0;0;0;True
31400;0;0;0;True
31401;0;0;0;True
31402;4;9;5;True
31403;4;6;2;True
31404;2;2;0;True
31405;5;9;4;True
31406;2;2;0;True
31407;6;12;6;True
31408;0;0;0;True
31409;4;6;2;True
31410;1;1;0;True
31411;1;1;0;True
31412;6;12;6;True
31413;3;4;1;True
31414;1;1;0;True
31415;1;1;0;True
31416;6;12;6;True
31417;4;8;4;True
31418;1;1;0;True
31419;4;9;5;True
31420;2;4;2;True
31421;9;12;3;True
31422;2;2;0;True
31423;2;4;2;True
31424;4;9;5;True
31425;5;9;4;True
31426;4;9;5;True
31427;2;2;0;True
31428;7;12;5;True
31429;5;9;4;True
31430;4;12;8;True
31431;6;16;10;True
31432;5;12;7;True
31433;2;2;0;True
31434;1;1;0;True
31435;3;6;3;True
31436;1;1;0;True
31437;3;6;3;True
31438;2;2;0;True
31439;2;4;2;True
31440;2;4;2;True
31441;4;6;2;True
31442;3;6;3;True
31443;5;9;4;True
31444;0;0;0;True
31445;7;16;9;True
31446;0;0;0;True
31447;5;12;7;True
31448;1;1;0;True
31449;5;9;4;True
31450;2;4;2;True
31451;2;4;2;True
31452;1;1;0;True
31453;3;6;3;True
31454;5;6;1;True
31455;5;16;11;True
31456;4;4;0;True
31457;8;12;4;True
31458;1;1;0;True
31459;4;12;8;True
31460;3;6;3;True
31461;2;4;2;True
31462;6;12;6;True
31463;2;4;2;True
31464;2;4;2;True
31465;3;6;3;True
31466;4;12;8;True
31467;1;1;0;True
31468;5;12;7;True
31469;1;1;0;True
31470;4;12;8;True
31471;2;2;0;True
31472;3;4;1;True
31473;4;9;5;True
31474;3;6;3;True
31475;0;0;0;True
31476;1;1;0;True
31477;4;6;2;True
31478;2;2;0;True
31479;6;12;6;True
31480;3;4;1;True
31481;1;1;0;True
31482;3;6;3;True
31483;4;9;5;True
31484;1;1;0;True
31485;2;4;2;True
31486;2;4;2;True
31487;3;9;6;True
31488;1;1;0;True
31489;1;1;0;True
31490;3;6;3;True
31491;2;4;2;True
31492;6;12;6;True
31493;1;1;0;True
31494;8;16;8;True
31495;0;0;0;True
31496;5;9;4;True
31497;1;1;0;True
31498;2;4;2;True
31499;1;1;0;True
31500;0;0;0;True
31501;5;9;4;True
31502;5;12;7;True
31503;0;0;0;True
31504;1;1;0;True
31505;4;9;5;True
31506;2;4;2;True
31507;9;16;7;True
31508;2;4;2;True
31509;5;12;7;True
31510;5;9;4;True
31511;2;4;2;True
31512;6;16;10;True
31513;3;6;3;True
31514;1;1;0;True
31515;4;9;5;True
31516;3;6;3;True
31517;4;6;2;True
31518;5;9;4;True
31519;4;6;2;True
31520;8;16;8;True
31521;4;6;2;True
31522;1;1;0;True
31523;2;4;2;True
31524;6;12;6;True
31525;3;6;3;True
31526;4;9;5;True
31527;5;12;7;True
31528;1;1;0;True
31529;3;6;3;True
31530;2;4;2;True
31531;3;6;3;True
31532;4;12;8;True
31533;4;4;0;True
31534;4;12;8;True
31535;7;12;5;True
31536;1;1;0;True
31537;6;16;10;True
31538;4;6;2;True
31539;1;1;0;True
31540;6;12;6;True
31541;4;12;8;True
31542;7;16;9;True
31543;4;12;8;True
31544;2;4;2;True
31545;1;1;0;True
31546;1;1;0;True
31547;2;4;2;True
31548;2;4;2;True
31549;3;6;3;True
31550;5;9;4;True
31551;6;9;3;True
31552;6;12;6;True
31553;6;12;6;True
31554;1;1;0;True
31555;3;9;6;True
31556;7;12;5;True
31557;5;12;7;True
31558;3;6;3;True
31559;2;2;0;True
31560;3;4;1;True
31561;5;8;3;True
31562;1;1;0;True
31563;1;1;0;True
31564;5;12;7;True
31565;2;2;0;True
31566;1;1;0;True
31567;6;12;6;True
31568;0;0;0;True
31569;0;0;0;True
31570;3;4;1;True
31571;3;4;1;True
31572;4;9;5;True
31573;5;9;4;True
31574;7;12;5;True
31575;3;6;3;True
31576;0;0;0;True
31577;2;2;0;True
31578;4;12;8;True
31579;4;6;2;True
31580;3;4;1;True
31581;4;6;2;True
31582;4;6;2;True
31583;5;12;7;True
31584;3;6;3;True
31585;3;6;3;True
31586;1;1;0;True
31587;3;6;3;True
31588;2;2;0;True
31589;3;6;3;True
31590;5;9;4;True
31591;3;4;1;True
31592;8;16;8;True
31593;3;9;6;True
31594;4;6;2;True
31595;5;12;7;True
31596;3;6;3;True
31597;1;1;0;True
31598;5;9;4;True
31599;7;8;1;True
31600;5;12;7;True
31601;6;16;10;True
31602;3;4;1;True
31603;3;4;1;True
31604;4;9;5;True
31605;4;8;4;True
31606;5;9;4;True
31607;0;0;0;True
31608;3;6;3;True
31609;5;9;4;True
31610;5;9;4;True
31611;5;9;4;True
31612;4;9;5;True
31613;1;1;0;True
31614;4;9;5;True
31615;3;6;3;True
31616;4;6;2;True
31617;2;2;0;True
31618;2;2;0;True
31619;3;6;3;True
31620;5;12;7;True
31621;8;16;8;True
31622;7;16;9;True
31623;5;6;1;True
31624;5;12;7;True
31625;7;12;5;True
31626;1;1;0;True
31627;5;12;7;True
31628;2;4;2;True
31629;6;16;10;True
31630;3;9;6;True
31631;2;4;2;True
31632;4;6;2;True
31633;4;4;0;True
31634;0;0;0;True
31635;0;0;0;True
31636;4;6;2;True
31637;4;6;2;True
31638;4;9;5;True
31639;6;12;6;True
31640;1;1;0;True
31641;3;6;3;True
31642;3;6;3;True
31643;2;4;2;True
31644;3;6;3;True
31645;2;2;0;True
31646;1;1;0;True
31647;4;6;2;True
31648;1;1;0;True
31649;2;4;2;True
31650;3;3;0;True
31651;7;9;2;True
31652;5;12;7;True
31653;1;1;0;True
31654;6;16;10;True
31655;4;9;5;True
31656;4;8;4;True
31657;1;1;0;True
31658;3;6;3;True
31659;4;12;8;True
31660;4;6;2;True
31661;2;4;2;True
31662;4;12;8;True
31663;3;4;1;True
31664;3;6;3;True
31665;2;4;2;True
31666;9;16;7;True
31667;1;1;0;True
31668;0;0;0;True
31669;5;8;3;True
31670;4;9;5;True
31671;3;6;3;True
31672;2;4;2;True
31673;3;6;3;True
31674;7;9;2;True
31675;6;12;6;True
31676;3;4;1;True
31677;8;12;4;True
31678;5;9;4;True
31679;10;16;6;True
31680;2;4;2;True
31681;4;9;5;True
31682;5;12;7;True
31683;7;12;5;True
31684;1;1;0;True
31685;2;4;2;True
31686;3;9;6;True
31687;2;4;2;True
31688;9;16;7;True
31689;1;1;0;True
31690;6;16;10;True
31691;2;4;2;True
31692;1;1;0;True
31693;2;2;0;True
31694;3;9;6;True
31695;8;12;4;True
31696;10;16;6;True
31697;4;8;4;True
31698;6;16;10;True
31699;1;1;0;True
31700;8;12;4;True
31701;4;9;5;True
31702;4;9;5;True
31703;11;16;5;True
31704;2;2;0;True
31705;2;4;2;True
31706;4;9;5;True
31707;3;6;3;True
31708;6;16;10;True
31709;2;2;0;True
31710;2;4;2;True
31711;1;1;0;True
31712;5;12;7;True
31713;4;9;5;True
31714;2;2;0;True
31715;4;9;5;True
31716;8;16;8;True
31717;5;9;4;True
31718;5;12;7;True
31719;6;12;6;True
31720;1;1;0;True
31721;1;1;0;True
31722;1;1;0;True
31723;4;12;8;True
31724;6;16;10;True
31725;7;16;9;True
31726;3;6;3;True
31727;1;1;0;True
31728;5;9;4;True
31729;0;0;0;True
31730;4;6;2;True
31731;2;2;0;True
31732;8;16;8;True
31733;5;16;11;True
31734;4;6;2;True
31735;3;6;3;True
31736;3;3;0;True
31737;5;16;11;True
31738;3;6;3;True
31739;6;16;10;True
31740;4;12;8;True
31741;3;4;1;True
31742;3;6;3;True
31743;6;9;3;True
31744;1;1;0;True
31745;1;1;0;True
31746;7;12;5;True
31747;5;12;7;True
31748;0;0;0;True
31749;6;16;10;True
31750;3;6;3;True
31751;6;12;6;True
31752;2;4;2;True
31753;6;9;3;True
31754;2;2;0;True
31755;3;6;3;True
31756;0;0;0;True
31757;3;4;1;True
31758;5;9;4;True
31759;5;12;7;True
31760;4;9;5;True
31761;3;6;3;True
31762;3;6;3;True
31763;2;4;2;True
31764;9;16;7;True
31765;4;9;5;True
31766;2;4;2;True
31767;0;0;0;True
31768;1;1;0;True
31769;2;2;0;True
31770;3;4;1;True
31771;6;9;3;True
31772;6;16;10;True
31773;3;6;3;True
31774;6;16;10;True
31775;0;0;0;True
31776;1;1;0;True
31777;5;12;7;True
31778;0;0;0;True
31779;6;12;6;True
31780;1;1;0;True
31781;2;4;2;True
31782;3;9;6;True
31783;4;8;4;True
31784;4;12;8;True
31785;2;2;0;True
31786;4;4;0;True
31787;5;12;7;True
31788;5;6;1;True
31789;2;4;2;True
31790;1;1;0;True
31791;4;9;5;True
31792;7;16;9;True
31793;1;1;0;True
31794;3;4;1;True
31795;3;4;1;True
31796;4;6;2;True
31797;4;12;8;True
31798;4;6;2;True
31799;4;6;2;True
31800;3;3;0;True
31801;7;16;9;True
31802;2;2;0;True
31803;0;0;0;True
31804;5;9;4;True
31805;3;4;1;True
31806;5;9;4;True
31807;0;0;0;True
31808;1;1;0;True
31809;3;6;3;True
31810;2;4;2;True
31811;5;9;4;True
31812;0;0;0;True
31813;5;12;7;True
31814;3;4;1;True
31815;4;9;5;True
31816;7;16;9;True
31817;6;16;10;True
31818;1;1;0;True
31819;7;12;5;True
31820;4;6;2;True
31821;2;4;2;True
31822;4;6;2;True
31823;3;6;3;True
31824;5;9;4;True
31825;2;4;2;True
31826;2;2;0;True
31827;0;0;0;True
31828;1;1;0;True
31829;6;16;10;True
31830;3;9;6;True
31831;2;4;2;True
31832;10;16;6;True
31833;3;6;3;True
31834;4;4;0;True
31835;6;12;6;True
31836;7;16;9;True
31837;5;12;7;True
31838;4;9;5;True
31839;2;4;2;True
31840;4;12;8;True
31841;5;12;7;True
31842;5;16;11;True
31843;2;4;2;True
31844;6;9;3;True
31845;1;1;0;True
31846;4;12;8;True
31847;8;16;8;True
31848;3;6;3;True
31849;1;1;0;True
31850;4;9;5;True
31851;6;12;6;True
31852;4;12;8;True
31853;3;9;6;True
31854;3;6;3;True
31855;3;6;3;True
31856;8;16;8;True
31857;2;2;0;True
31858;1;1;0;True
31859;0;0;0;True
31860;2;4;2;True
31861;7;16;9;True
31862;5;12;7;True
31863;3;4;1;True
31864;2;2;0;True
31865;6;16;10;True
31866;2;4;2;True
31867;1;1;0;True
31868;4;9;5;True
31869;3;6;3;True
31870;1;1;0;True
31871;8;16;8;True
31872;3;6;3;True
31873;4;12;8;True
31874;7;9;2;True
31875;3;6;3;True
31876;3;6;3;True
31877;5;12;7;True
31878;4;6;2;True
31879;10;16;6;True
31880;8;12;4;True
31881;4;4;0;True
31882;3;6;3;True
31883;1;1;0;True
31884;8;16;8;True
31885;8;12;4;True
31886;4;12;8;True
31887;8;16;8;True
31888;1;1;0;True
31889;2;2;0;True
31890;3;4;1;True
31891;4;9;5;True
31892;2;4;2;True
31893;3;6;3;True
31894;3;9;6;True
31895;4;8;4;True
31896;5;9;4;True
31897;6;12;6;True
31898;1;1;0;True
31899;3;4;1;True
31900;6;12;6;True
31901;0;0;0;True
31902;6;9;3;True
31903;0;0;0;True
31904;2;4;2;True
31905;5;9;4;True
31906;3;9;6;True
31907;1;1;0;True
31908;2;4;2;True
31909;1;1;0;True
31910;1;1;0;True
31911;8;16;8;True
31912;6;12;6;True
31913;1;1;0;True
31914;1;1;0;True
31915;5;9;4;True
31916;1;1;0;True
31917;4;8;4;True
31918;6;12;6;True
31919;5;12;7;True
31920;2;4;2;True
31921;1;1;0;True
31922;4;9;5;True
31923;6;16;10;True
31924;4;8;4;True
31925;4;9;5;True
31926;7;16;9;True
31927;1;1;0;True
31928;4;6;2;True
31929;1;1;0;True
31930;1;1;0;True
31931;6;9;3;True
31932;5;12;7;True
31933;3;3;0;True
31934;8;16;8;True
31935;4;9;5;True
31936;5;12;7;True
31937;5;8;3;True
31938;1;1;0;True
31939;5;12;7;True
31940;9;16;7;True
31941;4;6;2;True
31942;6;16;10;True
31943;6;9;3;True
31944;0;0;0;True
31945;6;16;10;True
31946;5;9;4;True
31947;5;12;7;True
31948;3;9;6;True
31949;2;2;0;True
31950;9;16;7;True
31951;3;4;1;True
31952;5;9;4;True
31953;0;0;0;True
31954;2;2;0;True
31955;10;16;6;True
31956;3;4;1;True
31957;3;3;0;True
31958;3;4;1;True
31959;3;3;0;True
31960;3;4;1;True
31961;5;9;4;True
31962;6;16;10;True
31963;6;12;6;True
31964;1;1;0;True
31965;3;6;3;True
31966;6;16;10;True
31967;6;9;3;True
31968;5;12;7;True
31969;3;3;0;True
31970;4;12;8;True
31971;6;12;6;True
31972;3;4;1;True
31973;6;16;10;True
31974;3;4;1;True
31975;6;9;3;True
31976;3;6;3;True
31977;4;9;5;True
31978;3;4;1;True
31979;2;4;2;True
31980;2;4;2;True
31981;9;16;7;True
31982;2;4;2;True
31983;4;12;8;True
31984;2;2;0;True
31985;4;6;2;True
31986;6;16;10;True
31987;4;9;5;True
31988;3;9;6;True
31989;5;9;4;True
31990;2;4;2;True
31991;7;16;9;True
31992;2;4;2;True
31993;2;2;0;True
31994;0;0;0;True
31995;4;6;2;True
31996;5;9;4;True
31997;5;6;1;True
31998;5;9;4;True
31999;7;12;5;True
32000;1;1;0;True
32001;3;4;1;True
32002;4;12;8;True
32003;5;12;7;True
32004;2;4;2;True
32005;0;0;0;True
32006;8;16;8;True
32007;0;0;0;True
32008;5;12;7;True
32009;5;12;7;True
32010;4;12;8;True
32011;5;8;3;True
32012;4;9;5;True
32013;2;2;0;True
32014;3;4;1;True
32015;3;6;3;True
32016;5;8;3;True
32017;1;1;0;True
32018;2;4;2;True
32019;4;9;5;True
32020;5;16;11;True
32021;3;6;3;True
32022;3;6;3;True
32023;7;12;5;True
32024;3;6;3;True
32025;4;6;2;True
32026;3;6;3;True
32027;1;1;0;True
32028;7;12;5;True
32029;5;12;7;True
32030;8;16;8;True
32031;3;6;3;True
32032;4;6;2;True
32033;7;16;9;True
32034;0;0;0;True
32035;6;9;3;True
32036;7;12;5;True
32037;4;6;2;True
32038;1;1;0;True
32039;2;2;0;True
32040;1;1;0;True
32041;4;9;5;True
32042;2;2;0;True
32043;3;6;3;True
32044;7;16;9;True
32045;2;2;0;True
32046;3;4;1;True
32047;2;4;2;True
32048;7;16;9;True
32049;3;6;3;True
32050;4;6;2;True
32051;4;9;5;True
32052;7;16;9;True
32053;2;2;0;True
32054;3;9;6;True
32055;0;0;0;True
32056;4;9;5;True
32057;4;9;5;True
32058;3;6;3;True
32059;1;1;0;True
32060;3;4;1;True
32061;2;4;2;True
32062;2;4;2;True
32063;6;8;2;True
32064;5;6;1;True
32065;1;1;0;True
32066;1;1;0;True
32067;5;6;1;True
32068;6;12;6;True
32069;5;9;4;True
32070;4;6;2;True
32071;3;6;3;True
32072;3;6;3;True
32073;2;2;0;True
32074;3;6;3;True
32075;1;1;0;True
32076;0;0;0;True
32077;3;6;3;True
32078;0;0;0;True
32079;4;9;5;True
32080;6;12;6;True
32081;3;4;1;True
32082;0;0;0;True
32083;0;0;0;True
32084;0;0;0;True
32085;2;4;2;True
32086;7;12;5;True
32087;5;12;7;True
32088;6;12;6;True
32089;1;1;0;True
32090;6;12;6;True
32091;5;12;7;True
32092;1;1;0;True
32093;2;2;0;True
32094;4;9;5;True
32095;1;1;0;True
32096;2;4;2;True
32097;1;1;0;True
32098;5;8;3;True
32099;2;4;2;True
32100;2;2;0;True
32101;3;6;3;True
32102;7;9;2;True
32103;6;16;10;True
32104;3;4;1;True
32105;2;4;2;True
32106;3;6;3;True
32107;3;6;3;True
32108;4;9;5;True
32109;7;16;9;True
32110;2;4;2;True
32111;5;9;4;True
32112;3;6;3;True
32113;3;6;3;True
32114;7;16;9;True
32115;3;6;3;True
32116;2;4;2;True
32117;4;9;5;True
32118;4;8;4;True
32119;2;4;2;True
32120;1;1;0;True
32121;5;16;11;True
32122;3;6;3;True
32123;5;12;7;True
32124;3;6;3;True
32125;4;12;8;True
32126;2;2;0;True
32127;6;9;3;True
32128;4;9;5;True
32129;7;16;9;True
32130;5;16;11;True
32131;1;1;0;True
32132;4;9;5;True
32133;4;6;2;True
32134;5;8;3;True
32135;3;4;1;True
32136;3;9;6;True
32137;1;1;0;True
32138;3;3;0;True
32139;2;2;0;True
32140;1;1;0;True
32141;4;9;5;True
32142;2;4;2;True
32143;3;6;3;True
32144;4;9;5;True
32145;8;16;8;True
32146;5;12;7;True
32147;5;8;3;True
32148;3;9;6;True
32149;4;9;5;True
32150;3;6;3;True
32151;5;16;11;True
32152;5;16;11;True
32153;6;12;6;True
32154;3;6;3;True
32155;5;12;7;True
32156;5;16;11;True
32157;6;16;10;True
32158;2;4;2;True
32159;1;1;0;True
32160;5;16;11;True
32161;6;9;3;True
32162;3;6;3;True
32163;3;9;6;True
32164;0;0;0;True
32165;1;1;0;True
32166;4;9;5;True
32167;7;16;9;True
32168;2;4;2;True
32169;4;9;5;True
32170;1;1;0;True
32171;1;1;0;True
32172;4;9;5;True
32173;3;4;1;True
32174;3;6;3;True
32175;5;8;3;True
32176;0;0;0;True
32177;1;1;0;True
32178;0;0;0;True
32179;4;9;5;True
32180;1;1;0;True
32181;4;9;5;True
32182;5;9;4;True
32183;2;2;0;True
32184;5;12;7;True
32185;4;6;2;True
32186;5;9;4;True
32187;4;9;5;True
32188;3;4;1;True
32189;2;4;2;True
32190;5;6;1;True
32191;1;1;0;True
32192;3;4;1;True
32193;3;4;1;True
32194;1;1;0;True
32195;5;12;7;True
32196;2;4;2;True
32197;4;9;5;True
32198;1;1;0;True
32199;7;16;9;True
32200;2;4;2;True
32201;6;12;6;True
32202;2;4;2;True
32203;4;6;2;True
32204;6;12;6;True
32205;6;9;3;True
32206;2;2;0;True
32207;6;12;6;True
32208;4;6;2;True
32209;6;16;10;True
32210;9;12;3;True
32211;1;1;0;True
32212;4;12;8;True
32213;2;4;2;True
32214;3;3;0;True
32215;8;12;4;True
32216;3;6;3;True
32217;1;1;0;True
32218;6;16;10;True
32219;2;2;0;True
32220;2;4;2;True
32221;6;12;6;True
32222;2;4;2;True
32223;0;0;0;True
32224;3;4;1;True
32225;0;0;0;True
32226;4;6;2;True
32227;3;4;1;True
32228;6;12;6;True
32229;2;2;0;True
32230;4;12;8;True
32231;6;8;2;True
32232;2;4;2;True
32233;6;12;6;True
32234;7;12;5;True
32235;4;9;5;True
32236;5;9;4;True
32237;1;1;0;True
32238;2;4;2;True
32239;1;1;0;True
32240;2;2;0;True
32241;5;9;4;True
32242;5;9;4;True
32243;4;6;2;True
32244;5;6;1;True
32245;4;12;8;True
32246;0;0;0;True
32247;2;2;0;True
32248;5;12;7;True
32249;7;12;5;True
32250;1;1;0;True
32251;3;6;3;True
32252;3;4;1;True
32253;6;9;3;True
32254;1;1;0;True
32255;1;1;0;True
32256;5;16;11;True
32257;3;6;3;True
32258;7;12;5;True
32259;6;12;6;True
32260;6;12;6;True
32261;2;4;2;True
32262;5;6;1;True
32263;1;1;0;True
32264;3;6;3;True
32265;6;12;6;True
32266;6;9;3;True
32267;1;1;0;True
32268;1;1;0;True
32269;7;12;5;True
32270;9;16;7;True
32271;4;12;8;True
32272;3;9;6;True
32273;0;0;0;True
32274;4;9;5;True
32275;1;1;0;True
32276;7;16;9;True
32277;1;1;0;True
32278;1;1;0;True
32279;7;16;9;True
32280;6;8;2;True
32281;7;16;9;True
32282;0;0;0;True
32283;1;1;0;True
32284;9;16;7;True
32285;3;9;6;True
32286;2;4;2;True
32287;7;16;9;True
32288;4;6;2;True
32289;4;8;4;True
32290;2;4;2;True
32291;2;2;0;True
32292;2;4;2;True
32293;6;12;6;True
32294;6;12;6;True
32295;1;1;0;True
32296;1;1;0;True
32297;2;2;0;True
32298;4;9;5;True
32299;4;6;2;True
32300;3;4;1;True
32301;2;4;2;True
32302;3;6;3;True
32303;2;4;2;True
32304;7;12;5;True
32305;2;2;0;True
32306;4;12;8;True
32307;4;9;5;True
32308;2;4;2;True
32309;3;4;1;True
32310;5;9;4;True
32311;2;4;2;True
32312;1;1;0;True
32313;1;1;0;True
32314;6;9;3;True
32315;3;9;6;True
32316;1;1;0;True
32317;1;1;0;True
32318;7;16;9;True
32319;8;12;4;True
32320;5;12;7;True
32321;6;16;10;True
32322;2;2;0;True
32323;6;9;3;True
32324;7;16;9;True
32325;1;1;0;True
32326;5;9;4;True
32327;6;12;6;True
32328;5;12;7;True
32329;0;0;0;True
32330;9;16;7;True
32331;7;12;5;True
32332;6;12;6;True
32333;4;6;2;True
32334;2;4;2;True
32335;5;12;7;True
32336;6;12;6;True
32337;2;4;2;True
32338;1;1;0;True
32339;7;12;5;True
32340;8;9;1;True
32341;1;1;0;True
32342;2;2;0;True
32343;6;12;6;True
32344;6;9;3;True
32345;2;4;2;True
32346;7;16;9;True
32347;2;2;0;True
32348;3;9;6;True
32349;3;6;3;True
32350;4;16;12;True
32351;8;16;8;True
32352;9;16;7;True
32353;6;12;6;True
32354;2;4;2;True
32355;2;4;2;True
32356;5;16;11;True
32357;6;12;6;True
32358;3;9;6;True
32359;4;12;8;True
32360;4;6;2;True
32361;6;16;10;True
32362;0;0;0;True
32363;1;1;0;True
32364;4;6;2;True
32365;2;4;2;True
32366;4;12;8;True
32367;5;12;7;True
32368;6;16;10;True
32369;9;16;7;True
32370;3;9;6;True
32371;6;12;6;True
32372;4;6;2;True
32373;2;4;2;True
32374;8;16;8;True
32375;5;12;7;True
32376;6;16;10;True
32377;2;4;2;True
32378;5;9;4;True
32379;8;9;1;True
32380;1;1;0;True
32381;2;4;2;True
32382;1;1;0;True
32383;2;2;0;True
32384;8;12;4;True
32385;4;6;2;True
32386;1;1;0;True
32387;3;4;1;True
32388;4;12;8;True
32389;7;16;9;True
32390;6;12;6;True
32391;3;4;1;True
32392;6;9;3;True
32393;2;4;2;True
32394;4;6;2;True
32395;2;4;2;True
32396;12;16;4;True
32397;7;16;9;True
32398;2;4;2;True
32399;7;12;5;True
32400;1;1;0;True
32401;1;1;0;True
32402;2;4;2;True
32403;5;6;1;True
32404;8;16;8;True
32405;9;12;3;True
32406;3;6;3;True
32407;6;12;6;True
32408;5;9;4;True
32409;2;2;0;True
32410;3;6;3;True
32411;5;9;4;True
32412;5;8;3;True
32413;5;12;7;True
32414;2;4;2;True
32415;1;1;0;True
32416;0;0;0;True
32417;4;9;5;True
32418;6;16;10;True
32419;0;0;0;True
32420;3;9;6;True
32421;3;6;3;True
32422;7;16;9;True
32423;1;1;0;True
32424;4;6;2;True
32425;4;9;5;True
32426;2;2;0;True
32427;3;6;3;True
32428;0;0;0;True
32429;5;12;7;True
32430;1;1;0;True
32431;2;4;2;True
32432;3;6;3;True
32433;4;9;5;True
32434;7;12;5;True
32435;2;4;2;True
32436;6;12;6;True
32437;8;12;4;True
32438;1;1;0;True
32439;3;6;3;True
32440;0;0;0;True
32441;1;1;0;True
32442;2;4;2;True
32443;1;1;0;True
32444;8;16;8;True
32445;3;4;1;True
32446;4;8;4;True
32447;7;16;9;True
32448;3;6;3;True
32449;1;1;0;True
32450;2;2;0;True
32451;3;6;3;True
32452;3;4;1;True
32453;4;12;8;True
32454;6;9;3;True
32455;4;9;5;True
32456;4;9;5;True
32457;1;1;0;True
32458;2;4;2;True
32459;3;6;3;True
32460;3;6;3;True
32461;2;2;0;True
32462;7;16;9;True
32463;2;2;0;True
32464;3;9;6;True
32465;7;16;9;True
32466;4;12;8;True
32467;5;12;7;True
32468;2;2;0;True
32469;3;6;3;True
32470;2;4;2;True
32471;2;2;0;True
32472;2;2;0;True
32473;2;2;0;True
32474;6;12;6;True
32475;1;1;0;True
32476;6;16;10;True
32477;5;9;4;True
32478;1;1;0;True
32479;1;1;0;True
32480;3;6;3;True
32481;4;6;2;True
32482;6;16;10;True
32483;3;9;6;True
32484;0;0;0;True
32485;5;8;3;True
32486;4;12;8;True
32487;2;4;2;True
32488;5;9;4;True
32489;4;9;5;True
32490;5;8;3;True
32491;2;4;2;True
32492;1;1;0;True
32493;2;4;2;True
32494;2;2;0;True
32495;4;8;4;True
32496;5;12;7;True
32497;4;12;8;True
32498;2;2;0;True
32499;2;4;2;True
32500;2;4;2;True
32501;1;1;0;True
32502;6;9;3;True
32503;2;4;2;True
32504;3;6;3;True
32505;0;0;0;True
32506;8;16;8;True
32507;5;12;7;True
32508;3;3;0;True
32509;0;0;0;True
32510;5;12;7;True
32511;0;0;0;True
32512;5;12;7;True
32513;2;2;0;True
32514;5;9;4;True
32515;2;2;0;True
32516;0;0;0;True
32517;5;16;11;True
32518;2;4;2;True
32519;3;9;6;True
32520;2;4;2;True
32521;4;6;2;True
32522;7;12;5;True
32523;5;12;7;True
32524;1;1;0;True
32525;2;4;2;True
32526;1;1;0;True
32527;10;16;6;True
32528;7;12;5;True
32529;2;4;2;True
32530;3;4;1;True
32531;2;4;2;True
32532;2;2;0;True
32533;4;9;5;True
32534;5;9;4;True
32535;4;9;5;True
32536;5;6;1;True
32537;3;4;1;True
32538;4;6;2;True
32539;1;1;0;True
32540;0;0;0;True
32541;6;12;6;True
32542;3;4;1;True
32543;4;9;5;True
32544;0;0;0;True
32545;3;4;1;True
32546;0;0;0;True
32547;1;1;0;True
32548;0;0;0;True
32549;5;6;1;True
32550;2;4;2;True
32551;6;16;10;True
32552;1;1;0;True
32553;9;16;7;True
32554;6;16;10;True
32555;3;9;6;True
32556;3;6;3;True
32557;8;9;1;True
32558;4;4;0;True
32559;7;16;9;True
32560;2;4;2;True
32561;3;4;1;True
32562;3;4;1;True
32563;2;2;0;True
32564;1;1;0;True
32565;2;4;2;True
32566;3;6;3;True
32567;3;4;1;True
32568;1;1;0;True
32569;0;0;0;True
32570;3;6;3;True
32571;3;6;3;True
32572;7;16;9;True
32573;4;6;2;True
32574;7;12;5;True
32575;2;4;2;True
32576;8;12;4;True
32577;7;12;5;True
32578;3;6;3;True
32579;2;4;2;True
32580;5;12;7;True
32581;3;9;6;True
32582;6;12;6;True
32583;0;0;0;True
32584;0;0;0;True
32585;0;0;0;True
32586;7;12;5;True
32587;2;2;0;True
32588;4;12;8;True
32589;3;6;3;True
32590;3;9;6;True
32591;7;12;5;True
32592;7;16;9;True
32593;4;9;5;True
32594;5;16;11;True
32595;6;12;6;True
32596;4;6;2;True
32597;4;6;2;True
32598;1;1;0;True
32599;3;6;3;True
32600;3;6;3;True
32601;1;1;0;True
32602;0;0;0;True
32603;2;2;0;True
32604;5;12;7;True
32605;7;16;9;True
32606;1;1;0;True
32607;1;1;0;True
32608;3;4;1;True
32609;3;3;0;True
32610;5;12;7;True
32611;2;4;2;True
32612;2;2;0;True
32613;4;9;5;True
32614;9;16;7;True
32615;0;0;0;True
32616;5;16;11;True
32617;4;6;2;True
32618;3;9;6;True
32619;7;12;5;True
32620;0;0;0;True
32621;3;6;3;True
32622;7;16;9;True
32623;5;6;1;True
32624;2;2;0;True
32625;6;12;6;True
32626;2;2;0;True
32627;1;1;0;True
32628;6;16;10;True
32629;0;0;0;True
32630;2;4;2;True
32631;4;9;5;True
32632;2;4;2;True
32633;6;9;3;True
32634;1;1;0;True
32635;2;4;2;True
32636;2;4;2;True
32637;3;6;3;True
32638;8;16;8;True
32639;8;12;4;True
32640;7;16;9;True
32641;1;1;0;True
32642;5;9;4;True
32643;3;4;1;True
32644;6;12;6;True
32645;1;1;0;True
32646;0;0;0;True
32647;4;6;2;True
32648;0;0;0;True
32649;1;1;0;True
32650;2;2;0;True
32651;0;0;0;True
32652;7;16;9;True
32653;4;9;5;True
32654;0;0;0;True
32655;4;6;2;True
32656;2;2;0;True
32657;2;2;0;True
32658;1;1;0;True
32659;5;6;1;True
32660;7;16;9;True
32661;7;12;5;True
32662;4;9;5;True
32663;2;4;2;True
32664;11;16;5;True
32665;8;16;8;True
32666;5;9;4;True
32667;3;6;3;True
32668;4;9;5;True
32669;7;16;9;True
32670;3;4;1;True
32671;5;6;1;True
32672;5;16;11;True
32673;1;1;0;True
32674;2;4;2;True
32675;5;8;3;True
32676;0;0;0;True
32677;10;16;6;True
32678;4;12;8;True
32679;5;12;7;True
32680;3;6;3;True
32681;1;1;0;True
32682;1;1;0;True
32683;1;1;0;True
32684;3;4;1;True
32685;2;2;0;True
32686;4;9;5;True
32687;5;16;11;True
32688;10;16;6;True
32689;4;9;5;True
32690;1;1;0;True
32691;4;6;2;True
32692;6;16;10;True
32693;1;1;0;True
32694;4;6;2;True
32695;2;4;2;True
32696;2;2;0;True
32697;5;16;11;True
32698;7;16;9;True
32699;4;12;8;True
32700;3;4;1;True
32701;11;16;5;True
32702;4;6;2;True
32703;4;8;4;True
32704;8;16;8;True
32705;3;4;1;True
32706;5;9;4;True
32707;7;16;9;True
32708;5;12;7;True
32709;3;4;1;True
32710;4;16;12;True
32711;2;4;2;True
32712;2;4;2;True
32713;4;6;2;True
32714;8;12;4;True
32715;8;9;1;True
32716;2;4;2;True
32717;0;0;0;True
32718;8;12;4;True
32719;7;12;5;True
32720;3;6;3;True
32721;5;12;7;True
32722;4;12;8;True
32723;6;12;6;True
32724;3;4;1;True
32725;3;3;0;True
32726;4;6;2;True
32727;2;4;2;True
32728;4;6;2;True
32729;6;16;10;True
32730;5;8;3;True
32731;3;6;3;True
32732;0;0;0;True
32733;0;0;0;True
32734;6;12;6;True
32735;3;4;1;True
32736;2;2;0;True
32737;4;6;2;True
32738;1;1;0;True
32739;4;9;5;True
32740;8;16;8;True
32741;1;1;0;True
32742;2;2;0;True
32743;4;9;5;True
32744;2;4;2;True
32745;4;9;5;True
32746;2;2;0;True
32747;4;16;12;True
32748;0;0;0;True
32749;2;4;2;True
32750;3;9;6;True
32751;5;16;11;True
32752;2;4;2;True
32753;3;6;3;True
32754;3;4;1;True
32755;0;0;0;True
32756;1;1;0;True
32757;2;2;0;True
32758;1;1;0;True
32759;0;0;0;True
32760;2;4;2;True
32761;2;4;2;True
32762;2;4;2;True
32763;5;6;1;True
32764;5;9;4;True
32765;3;9;6;True
32766;7;16;9;True
32767;1;1;0;True
32768;6;12;6;True
32769;7;16;9;True
32770;5;12;7;True
32771;7;12;5;True
32772;7;16;9;True
32773;0;0;0;True
32774;3;9;6;True
32775;2;4;2;True
32776;5;9;4;True
32777;1;1;0;True
32778;1;1;0;True
32779;2;2;0;True
32780;5;6;1;True
32781;1;1;0;True
32782;1;1;0;True
32783;7;16;9;True
32784;9;16;7;True
32785;2;2;0;True
32786;4;6;2;True
32787;5;12;7;True
32788;6;12;6;True
32789;6;16;10;True
32790;3;3;0;True
32791;6;9;3;True
32792;5;9;4;True
32793;3;6;3;True
32794;3;9;6;True
32795;4;9;5;True
32796;7;16;9;True
32797;3;6;3;True
32798;6;16;10;True
32799;4;9;5;True
32800;4;6;2;True
32801;6;16;10;True
32802;3;9;6;True
32803;6;12;6;True
32804;3;6;3;True
32805;0;0;0;True
32806;2;4;2;True
32807;4;8;4;True
32808;0;0;0;True
32809;5;12;7;True
32810;2;4;2;True
32811;2;2;0;True
32812;1;1;0;True
32813;4;6;2;True
32814;1;1;0;True
32815;2;4;2;True
32816;3;4;1;True
32817;3;6;3;True
32818;8;12;4;True
32819;9;16;7;True
32820;6;16;10;True
32821;3;6;3;True
32822;6;8;2;True
32823;4;9;5;True
32824;7;16;9;True
32825;4;4;0;True
32826;1;1;0;True
32827;7;16;9;True
32828;1;1;0;True
32829;9;16;7;True
32830;2;2;0;True
32831;1;1;0;True
32832;1;1;0;True
32833;6;12;6;True
32834;2;4;2;True
32835;4;9;5;True
32836;0;0;0;True
32837;2;4;2;True
32838;3;6;3;True
32839;5;9;4;True
32840;2;2;0;True
32841;5;12;7;True
32842;5;12;7;True
32843;2;4;2;True
32844;7;12;5;True
32845;3;6;3;True
32846;7;12;5;True
32847;5;9;4;True
32848;2;2;0;True
32849;3;9;6;True
32850;0;0;0;True
32851;1;1;0;True
32852;2;2;0;True
32853;8;12;4;True
32854;0;0;0;True
32855;3;4;1;True
32856;5;12;7;True
32857;3;9;6;True
32858;5;9;4;True
32859;5;9;4;True
32860;3;4;1;True
32861;2;4;2;True
32862;5;12;7;True
32863;1;1;0;True
32864;5;12;7;True
32865;9;16;7;True
32866;7;16;9;True
32867;8;16;8;True
32868;4;12;8;True
32869;6;16;10;True
32870;2;4;2;True
32871;5;9;4;True
32872;5;12;7;True
32873;8;16;8;True
32874;6;12;6;True
32875;4;9;5;True
32876;7;12;5;True
32877;1;1;0;True
32878;8;16;8;True
32879;1;1;0;True
32880;1;1;0;True
32881;8;16;8;True
32882;3;6;3;True
32883;9;16;7;True
32884;2;4;2;True
32885;3;6;3;True
32886;4;9;5;True
32887;2;4;2;True
32888;2;4;2;True
32889;3;9;6;True
32890;3;6;3;True
32891;5;12;7;True
32892;6;12;6;True
32893;2;2;0;True
32894;6;16;10;True
32895;6;9;3;True
32896;1;1;0;True
32897;8;16;8;True
32898;2;4;2;True
32899;4;6;2;True
32900;5;9;4;True
32901;2;4;2;True
32902;2;2;0;True
32903;3;4;1;True
32904;2;2;0;True
32905;4;12;8;True
32906;6;12;6;True
32907;1;1;0;True
32908;3;6;3;True
32909;6;16;10;True
32910;5;9;4;True
32911;6;12;6;True
32912;6;12;6;True
32913;6;12;6;True
32914;0;0;0;True
32915;3;6;3;True
32916;3;6;3;True
32917;7;16;9;True
32918;7;16;9;True
32919;5;8;3;True
32920;6;12;6;True
32921;3;4;1;True
32922;5;12;7;True
32923;2;2;0;True
32924;3;6;3;True
32925;1;1;0;True
32926;4;6;2;True
32927;0;0;0;True
32928;9;16;7;True
32929;6;12;6;True
32930;0;0;0;True
32931;6;12;6;True
32932;0;0;0;True
32933;3;6;3;True
32934;4;12;8;True
32935;1;1;0;True
32936;2;4;2;True
32937;5;12;7;True
32938;7;16;9;True
32939;10;12;2;True
32940;2;4;2;True
32941;2;4;2;True
32942;3;6;3;True
32943;7;12;5;True
32944;0;0;0;True
32945;5;16;11;True
32946;6;12;6;True
32947;1;1;0;True
32948;1;1;0;True
32949;3;6;3;True
32950;11;16;5;True
32951;4;6;2;True
32952;3;6;3;True
32953;4;9;5;True
32954;4;6;2;True
32955;9;12;3;True
32956;4;4;0;True
32957;6;16;10;True
32958;3;6;3;True
32959;4;6;2;True
32960;5;9;4;True
32961;4;12;8;True
32962;3;6;3;True
32963;2;2;0;True
32964;4;12;8;True
32965;6;12;6;True
32966;3;9;6;True
32967;6;8;2;True
32968;4;6;2;True
32969;0;0;0;True
32970;2;4;2;True
32971;4;6;2;True
32972;1;1;0;True
32973;5;9;4;True
32974;6;12;6;True
32975;6;16;10;True
32976;5;12;7;True
32977;5;9;4;True
32978;2;4;2;True
32979;0;0;0;True
32980;4;9;5;True
32981;2;4;2;True
32982;0;0;0;True
32983;4;9;5;True
32984;5;6;1;True
32985;3;6;3;True
32986;5;8;3;True
32987;2;4;2;True
32988;4;6;2;True
32989;3;6;3;True
32990;5;12;7;True
32991;2;2;0;True
32992;5;12;7;True
32993;0;0;0;True
32994;1;1;0;True
32995;2;2;0;True
32996;0;0;0;True
32997;3;6;3;True
32998;4;12;8;True
32999;4;9;5;True
33000;3;4;1;True
33001;1;1;0;True
33002;2;4;2;True
33003;6;16;10;True
33004;4;9;5;True
33005;10;16;6;True
33006;7;16;9;True
33007;4;9;5;True
33008;3;9;6;True
33009;2;4;2;True
33010;6;16;10;True
33011;4;6;2;True
33012;6;12;6;True
33013;5;12;7;True
33014;2;4;2;True
33015;2;4;2;True
33016;2;4;2;True
33017;4;9;5;True
33018;5;6;1;True
33019;0;0;0;True
33020;1;1;0;True
33021;4;6;2;True
33022;5;9;4;True
33023;2;2;0;True
33024;8;16;8;True
33025;1;1;0;True
33026;4;6;2;True
33027;5;9;4;True
33028;6;16;10;True
33029;2;4;2;True
33030;2;4;2;True
33031;2;4;2;True
33032;1;1;0;True
33033;8;16;8;True
33034;1;1;0;True
33035;5;9;4;True
33036;5;12;7;True
33037;2;4;2;True
33038;5;12;7;True
33039;1;1;0;True
33040;1;1;0;True
33041;2;2;0;True
33042;2;4;2;True
33043;5;12;7;True
33044;4;12;8;True
33045;3;9;6;True
33046;9;16;7;True
33047;4;12;8;True
33048;8;16;8;True
33049;0;0;0;True
33050;1;1;0;True
33051;1;1;0;True
33052;4;12;8;True
33053;4;12;8;True
33054;7;12;5;True
33055;4;9;5;True
33056;2;4;2;True
33057;4;9;5;True
33058;4;6;2;True
33059;3;6;3;True
33060;4;9;5;True
33061;5;12;7;True
33062;4;6;2;True
33063;3;9;6;True
33064;1;1;0;True
33065;5;8;3;True
33066;4;12;8;True
33067;3;3;0;True
33068;3;4;1;True
33069;4;9;5;True
33070;3;6;3;True
33071;5;9;4;True
33072;2;4;2;True
33073;5;8;3;True
33074;4;12;8;True
33075;1;1;0;True
33076;1;1;0;True
33077;7;12;5;True
33078;8;12;4;True
33079;1;1;0;True
33080;4;8;4;True
33081;5;12;7;True
33082;10;16;6;True
33083;4;6;2;True
33084;6;16;10;True
33085;3;6;3;True
33086;4;9;5;True
33087;3;6;3;True
33088;5;9;4;True
33089;6;16;10;True
33090;1;1;0;True
33091;5;9;4;True
33092;4;6;2;True
33093;1;1;0;True
33094;3;4;1;True
33095;7;16;9;True
33096;3;4;1;True
33097;0;0;0;True
33098;5;9;4;True
33099;2;4;2;True
33100;6;12;6;True
33101;4;9;5;True
33102;4;6;2;True
33103;4;6;2;True
33104;7;16;9;True
33105;6;12;6;True
33106;3;6;3;True
33107;6;12;6;True
33108;5;9;4;True
33109;5;6;1;True
33110;1;1;0;True
33111;6;12;6;True
33112;0;0;0;True
33113;6;12;6;True
33114;4;9;5;True
33115;7;12;5;True
33116;5;9;4;True
33117;8;12;4;True
33118;4;12;8;True
33119;2;2;0;True
33120;0;0;0;True
33121;3;3;0;True
33122;0;0;0;True
33123;7;12;5;True
33124;3;6;3;True
33125;6;16;10;True
33126;6;12;6;True
33127;0;0;0;True
33128;5;12;7;True
33129;3;6;3;True
33130;3;6;3;True
33131;3;9;6;True
33132;4;6;2;True
33133;2;4;2;True
33134;1;1;0;True
33135;2;4;2;True
33136;6;16;10;True
33137;0;0;0;True
33138;0;0;0;True
33139;2;2;0;True
33140;6;12;6;True
33141;2;4;2;True
33142;1;1;0;True
33143;4;9;5;True
33144;2;2;0;True
33145;5;12;7;True
33146;3;6;3;True
33147;4;9;5;True
33148;8;12;4;True
33149;7;16;9;True
33150;7;16;9;True
33151;3;9;6;True
33152;3;4;1;True
33153;4;9;5;True
33154;3;9;6;True
33155;1;1;0;True
33156;7;12;5;True
33157;0;0;0;True
33158;4;4;0;True
33159;2;2;0;True
33160;0;0;0;True
33161;1;1;0;True
33162;7;12;5;True
33163;6;12;6;True
33164;6;16;10;True
33165;9;16;7;True
33166;0;0;0;True
33167;2;4;2;True
33168;4;9;5;True
33169;2;4;2;True
33170;9;16;7;True
33171;5;12;7;True
33172;5;12;7;True
33173;2;2;0;True
33174;7;12;5;True
33175;6;12;6;True
33176;3;6;3;True
33177;3;3;0;True
33178;3;6;3;True
33179;5;12;7;True
33180;0;0;0;True
33181;3;9;6;True
33182;0;0;0;True
33183;4;6;2;True
33184;1;1;0;True
33185;4;12;8;True
33186;6;12;6;True
33187;3;9;6;True
33188;3;6;3;True
33189;1;1;0;True
33190;6;9;3;True
33191;5;9;4;True
33192;4;6;2;True
33193;7;16;9;True
33194;4;6;2;True
33195;6;12;6;True
33196;5;16;11;True
33197;5;9;4;True
33198;3;6;3;True
33199;5;12;7;True
33200;11;16;5;True
33201;4;9;5;True
33202;4;9;5;True
33203;7;16;9;True
33204;2;4;2;True
33205;0;0;0;True
33206;2;4;2;True
33207;2;2;0;True
33208;5;8;3;True
33209;3;4;1;True
33210;3;4;1;True
33211;4;6;2;True
33212;5;8;3;True
33213;3;6;3;True
33214;3;3;0;True
33215;3;9;6;True
33216;5;12;7;True
33217;0;0;0;True
33218;3;4;1;True
33219;0;0;0;True
33220;7;16;9;True
33221;3;4;1;True
33222;2;4;2;True
33223;4;9;5;True
33224;5;9;4;True
33225;3;4;1;True
33226;0;0;0;True
33227;3;9;6;True
33228;1;1;0;True
33229;2;4;2;True
33230;5;9;4;True
33231;2;4;2;True
33232;4;9;5;True
33233;3;4;1;True
33234;3;6;3;True
33235;0;0;0;True
33236;4;12;8;True
33237;8;16;8;True
33238;7;12;5;True
33239;4;8;4;True
33240;8;16;8;True
33241;1;1;0;True
33242;3;4;1;True
33243;6;16;10;True
33244;0;0;0;True
33245;7;12;5;True
33246;3;4;1;True
33247;5;9;4;True
33248;7;16;9;True
33249;3;4;1;True
33250;4;4;0;True
33251;3;6;3;True
33252;0;0;0;True
33253;5;9;4;True
33254;2;2;0;True
33255;4;9;5;True
33256;4;8;4;True
33257;8;16;8;True
33258;3;6;3;True
33259;5;9;4;True
33260;0;0;0;True
33261;5;6;1;True
33262;5;16;11;True
33263;3;4;1;True
33264;4;9;5;True
33265;6;12;6;True
33266;8;16;8;True
33267;4;9;5;True
33268;3;6;3;True
33269;1;1;0;True
33270;3;9;6;True
33271;3;6;3;True
33272;2;4;2;True
33273;1;1;0;True
33274;3;4;1;True
33275;8;12;4;True
33276;1;1;0;True
33277;3;6;3;True
33278;1;1;0;True
33279;7;12;5;True
33280;2;2;0;True
33281;0;0;0;True
33282;3;4;1;True
33283;6;6;0;True
33284;6;12;6;True
33285;0;0;0;True
33286;4;6;2;True
33287;3;6;3;True
33288;2;4;2;True
33289;1;1;0;True
33290;4;6;2;True
33291;7;12;5;True
33292;2;4;2;True
33293;6;16;10;True
33294;2;4;2;True
33295;4;9;5;True
33296;3;6;3;True
33297;0;0;0;True
33298;1;1;0;True
33299;1;1;0;True
33300;1;1;0;True
33301;4;12;8;True
33302;3;3;0;True
33303;4;6;2;True
33304;7;12;5;True
33305;1;1;0;True
33306;2;2;0;True
33307;7;12;5;True
33308;5;9;4;True
33309;3;4;1;True
33310;0;0;0;True
33311;3;3;0;True
33312;5;9;4;True
33313;2;4;2;True
33314;2;4;2;True
33315;5;9;4;True
33316;2;4;2;True
33317;2;2;0;True
33318;3;4;1;True
33319;4;9;5;True
33320;4;16;12;True
33321;6;12;6;True
33322;1;1;0;True
33323;4;8;4;True
33324;2;2;0;True
33325;6;16;10;True
33326;6;12;6;True
33327;3;4;1;True
33328;2;4;2;True
33329;4;6;2;True
33330;0;0;0;True
33331;0;0;0;True
33332;4;9;5;True
33333;2;2;0;True
33334;1;1;0;True
33335;0;0;0;True
33336;0;0;0;True
33337;3;9;6;True
33338;5;12;7;True
33339;7;16;9;True
33340;1;1;0;True
33341;7;12;5;True
33342;5;8;3;True
33343;3;4;1;True
33344;2;4;2;True
33345;4;12;8;True
33346;1;1;0;True
33347;6;12;6;True
33348;2;4;2;True
33349;5;9;4;True
33350;1;1;0;True
33351;4;6;2;True
33352;5;9;4;True
33353;3;6;3;True
33354;2;4;2;True
33355;8;12;4;True
33356;3;4;1;True
33357;3;4;1;True
33358;2;2;0;True
33359;1;1;0;True
33360;3;6;3;True
33361;5;12;7;True
33362;3;4;1;True
33363;6;12;6;True
33364;4;8;4;True
33365;3;6;3;True
33366;1;1;0;True
33367;1;1;0;True
33368;4;6;2;True
33369;1;1;0;True
33370;5;12;7;True
33371;3;6;3;True
33372;1;1;0;True
33373;6;12;6;True
33374;2;2;0;True
33375;3;4;1;True
33376;3;6;3;True
33377;4;6;2;True
33378;5;9;4;True
33379;2;4;2;True
33380;0;0;0;True
33381;8;16;8;True
33382;8;16;8;True
33383;6;12;6;True
33384;6;9;3;True
33385;6;16;10;True
33386;4;6;2;True
33387;8;12;4;True
33388;4;12;8;True
33389;2;4;2;True
33390;7;12;5;True
33391;5;9;4;True
33392;4;6;2;True
33393;2;4;2;True
33394;6;12;6;True
33395;1;1;0;True
33396;4;8;4;True
33397;6;12;6;True
33398;1;1;0;True
33399;7;9;2;True
33400;4;6;2;True
33401;3;4;1;True
33402;2;2;0;True
33403;2;4;2;True
33404;3;4;1;True
33405;3;4;1;True
33406;2;4;2;True
33407;8;16;8;True
33408;5;9;4;True
33409;4;9;5;True
33410;0;0;0;True
33411;4;8;4;True
33412;5;16;11;True
33413;2;4;2;True
33414;2;4;2;True
33415;3;6;3;True
33416;5;9;4;True
33417;4;12;8;True
33418;4;9;5;True
33419;1;1;0;True
33420;7;12;5;True
33421;6;9;3;True
33422;3;3;0;True
33423;4;12;8;True
33424;5;12;7;True
33425;3;6;3;True
33426;8;16;8;True
33427;4;6;2;True
33428;3;9;6;True
33429;2;2;0;True
33430;8;16;8;True
33431;7;16;9;True
33432;5;16;11;True
33433;7;12;5;True
33434;2;4;2;True
33435;1;1;0;True
33436;5;12;7;True
33437;3;6;3;True
33438;5;12;7;True
33439;3;9;6;True
33440;6;12;6;True
33441;3;6;3;True
33442;3;6;3;True
33443;11;16;5;True
33444;1;1;0;True
33445;1;1;0;True
33446;2;4;2;True
33447;5;9;4;True
33448;2;2;0;True
33449;7;8;1;True
33450;3;3;0;True
33451;3;4;1;True
33452;4;6;2;True
33453;3;9;6;True
33454;2;2;0;True
33455;2;2;0;True
33456;2;4;2;True
33457;4;6;2;True
33458;2;4;2;True
33459;4;6;2;True
33460;5;12;7;True
33461;5;12;7;True
33462;1;1;0;True
33463;4;6;2;True
33464;6;12;6;True
33465;2;2;0;True
33466;7;12;5;True
33467;5;9;4;True
33468;0;0;0;True
33469;5;12;7;True
33470;3;4;1;True
33471;5;8;3;True
33472;0;0;0;True
33473;3;4;1;True
33474;7;9;2;True
33475;3;6;3;True
33476;2;4;2;True
33477;4;9;5;True
33478;7;16;9;True
33479;5;9;4;True
33480;2;2;0;True
33481;2;2;0;True
33482;6;9;3;True
33483;4;12;8;True
33484;0;0;0;True
33485;5;12;7;True
33486;2;4;2;True
33487;3;6;3;True
33488;10;16;6;True
33489;3;9;6;True
33490;3;9;6;True
33491;5;12;7;True
33492;1;1;0;True
33493;7;12;5;True
33494;2;4;2;True
33495;0;0;0;True
33496;2;4;2;True
33497;6;12;6;True
33498;5;16;11;True
33499;7;16;9;True
33500;5;12;7;True
33501;4;9;5;True
33502;0;0;0;True
33503;6;16;10;True
33504;6;9;3;True
33505;6;12;6;True
33506;3;6;3;True
33507;7;12;5;True
33508;4;9;5;True
33509;6;12;6;True
33510;3;6;3;True
33511;4;9;5;True
33512;7;12;5;True
33513;5;9;4;True
33514;7;16;9;True
33515;8;16;8;True
33516;6;12;6;True
33517;3;9;6;True
33518;1;1;0;True
33519;3;6;3;True
33520;6;16;10;True
33521;3;9;6;True
33522;7;9;2;True
33523;8;16;8;True
33524;3;9;6;True
33525;4;12;8;True
33526;11;16;5;True
33527;2;4;2;True
33528;3;9;6;True
33529;6;8;2;True
33530;5;12;7;True
33531;6;8;2;True
33532;5;12;7;True
33533;7;9;2;True
33534;2;2;0;True
33535;1;1;0;True
33536;0;0;0;True
33537;6;16;10;True
33538;7;16;9;True
33539;4;9;5;True
33540;1;1;0;True
33541;8;16;8;True
33542;7;16;9;True
33543;3;3;0;True
33544;7;12;5;True
33545;6;12;6;True
33546;2;2;0;True
33547;3;6;3;True
33548;3;4;1;True
33549;2;4;2;True
33550;0;0;0;True
33551;3;4;1;True
33552;4;9;5;True
33553;2;2;0;True
33554;3;6;3;True
33555;3;6;3;True
33556;6;9;3;True
33557;3;6;3;True
33558;6;12;6;True
33559;3;6;3;True
33560;4;6;2;True
33561;0;0;0;True
33562;5;12;7;True
33563;1;1;0;True
33564;0;0;0;True
33565;2;2;0;True
33566;1;1;0;True
33567;6;12;6;True
33568;4;4;0;True
33569;3;9;6;True
33570;6;12;6;True
33571;4;6;2;True
33572;6;12;6;True
33573;4;6;2;True
33574;1;1;0;True
33575;11;12;1;True
33576;8;16;8;True
33577;1;1;0;True
33578;5;16;11;True
33579;5;16;11;True
33580;0;0;0;True
33581;2;4;2;True
33582;8;12;4;True
33583;8;16;8;True
33584;10;16;6;True
33585;4;12;8;True
33586;3;9;6;True
33587;4;9;5;True
33588;3;9;6;True
33589;3;9;6;True
33590;6;12;6;True
33591;3;9;6;True
33592;7;12;5;True
33593;4;9;5;True
33594;3;6;3;True
33595;2;2;0;True
33596;4;9;5;True
33597;8;16;8;True
33598;2;4;2;True
33599;1;1;0;True
33600;2;4;2;True
33601;2;4;2;True
33602;2;4;2;True
33603;2;2;0;True
33604;3;3;0;True
33605;1;1;0;True
33606;2;4;2;True
33607;2;2;0;True
33608;5;9;4;True
33609;1;1;0;True
33610;0;0;0;True
33611;3;6;3;True
33612;3;6;3;True
33613;7;12;5;True
33614;4;12;8;True
33615;8;16;8;True
33616;2;2;0;True
33617;2;2;0;True
33618;4;9;5;True
33619;6;12;6;True
33620;4;6;2;True
33621;2;2;0;True
33622;3;6;3;True
33623;4;9;5;True
33624;1;1;0;True
33625;3;4;1;True
33626;6;12;6;True
33627;3;9;6;True
33628;5;9;4;True
33629;6;12;6;True
33630;4;6;2;True
33631;1;1;0;True
33632;2;2;0;True
33633;5;16;11;True
33634;8;16;8;True
33635;5;12;7;True
33636;7;16;9;True
33637;3;6;3;True
33638;5;9;4;True
33639;3;3;0;True
33640;9;16;7;True
33641;4;6;2;True
33642;3;6;3;True
33643;1;1;0;True
33644;4;6;2;True
33645;6;12;6;True
33646;2;2;0;True
33647;1;1;0;True
33648;3;6;3;True
33649;3;6;3;True
33650;1;1;0;True
33651;8;16;8;True
33652;9;16;7;True
33653;5;9;4;True
33654;6;16;10;True
33655;1;1;0;True
33656;6;9;3;True
33657;2;2;0;True
33658;0;0;0;True
33659;3;3;0;True
33660;4;9;5;True
33661;4;9;5;True
33662;3;6;3;True
33663;2;2;0;True
33664;2;4;2;True
33665;0;0;0;True
33666;1;1;0;True
33667;0;0;0;True
33668;11;16;5;True
33669;2;2;0;True
33670;9;16;7;True
33671;7;16;9;True
33672;6;16;10;True
33673;2;4;2;True
33674;7;16;9;True
33675;1;1;0;True
33676;8;16;8;True
33677;2;4;2;True
33678;2;4;2;True
33679;3;6;3;True
33680;6;9;3;True
33681;4;9;5;True
33682;4;6;2;True
33683;1;1;0;True
33684;3;3;0;True
33685;1;1;0;True
33686;5;16;11;True
33687;7;16;9;True
33688;7;16;9;True
33689;4;9;5;True
33690;11;16;5;True
33691;4;6;2;True
33692;1;1;0;True
33693;2;2;0;True
33694;3;4;1;True
33695;4;9;5;True
33696;0;0;0;True
33697;1;1;0;True
33698;2;4;2;True
33699;3;9;6;True
33700;2;4;2;True
33701;6;12;6;True
33702;5;9;4;True
33703;4;12;8;True
33704;4;9;5;True
33705;6;16;10;True
33706;5;9;4;True
33707;2;4;2;True
33708;6;9;3;True
33709;5;12;7;True
33710;2;2;0;True
33711;5;12;7;True
33712;2;2;0;True
33713;7;12;5;True
33714;6;16;10;True
33715;4;9;5;True
33716;7;16;9;True
33717;3;6;3;True
33718;6;9;3;True
33719;5;12;7;True
33720;5;6;1;True
33721;7;16;9;True
33722;4;12;8;True
33723;4;8;4;True
33724;7;16;9;True
33725;7;16;9;True
33726;3;6;3;True
33727;5;12;7;True
33728;6;9;3;True
33729;4;9;5;True
33730;0;0;0;True
33731;6;12;6;True
33732;3;6;3;True
33733;3;4;1;True
33734;2;4;2;True
33735;6;8;2;True
33736;4;9;5;True
33737;4;9;5;True
33738;2;4;2;True
33739;5;16;11;True
33740;4;6;2;True
33741;2;4;2;True
33742;2;4;2;True
33743;8;16;8;True
33744;4;12;8;True
33745;2;4;2;True
33746;4;6;2;True
33747;8;16;8;True
33748;1;1;0;True
33749;5;9;4;True
33750;5;8;3;True
33751;3;6;3;True
33752;3;3;0;True
33753;3;6;3;True
33754;3;6;3;True
33755;6;12;6;True
33756;6;9;3;True
33757;4;6;2;True
33758;5;6;1;True
33759;3;4;1;True
33760;4;9;5;True
33761;5;9;4;True
33762;5;9;4;True
33763;1;1;0;True
33764;5;12;7;True
33765;7;12;5;True
33766;2;2;0;True
33767;3;6;3;True
33768;1;1;0;True
33769;4;9;5;True
33770;5;9;4;True
33771;6;12;6;True
33772;3;6;3;True
33773;3;4;1;True
33774;4;16;12;True
33775;1;1;0;True
33776;4;9;5;True
33777;1;1;0;True
33778;3;4;1;True
33779;2;4;2;True
33780;5;12;7;True
33781;2;4;2;True
33782;0;0;0;True
33783;4;9;5;True
33784;3;6;3;True
33785;8;16;8;True
33786;4;16;12;True
33787;8;16;8;True
33788;6;9;3;True
33789;4;12;8;True
33790;3;9;6;True
33791;5;8;3;True
33792;5;12;7;True
33793;7;12;5;True
33794;4;9;5;True
33795;3;6;3;True
33796;5;9;4;True
33797;2;2;0;True
33798;2;4;2;True
33799;4;9;5;True
33800;5;6;1;True
33801;0;0;0;True
33802;5;12;7;True
33803;4;9;5;True
33804;5;9;4;True
33805;5;9;4;True
33806;1;1;0;True
33807;3;4;1;True
33808;5;6;1;True
33809;2;4;2;True
33810;5;9;4;True
33811;6;9;3;True
33812;2;2;0;True
33813;2;2;0;True
33814;4;6;2;True
33815;4;8;4;True
33816;8;12;4;True
33817;4;8;4;True
33818;3;4;1;True
33819;4;12;8;True
33820;4;4;0;True
33821;1;1;0;True
33822;5;6;1;True
33823;3;6;3;True
33824;0;0;0;True
33825;7;12;5;True
33826;7;12;5;True
33827;6;12;6;True
33828;5;8;3;True
33829;2;4;2;True
33830;0;0;0;True
33831;4;6;2;True
33832;4;12;8;True
33833;5;9;4;True
33834;0;0;0;True
33835;4;6;2;True
33836;4;8;4;True
33837;6;12;6;True
33838;4;12;8;True
33839;4;9;5;True
33840;0;0;0;True
33841;6;12;6;True
33842;2;4;2;True
33843;6;16;10;True
33844;3;3;0;True
33845;0;0;0;True
33846;9;16;7;True
33847;4;6;2;True
33848;0;0;0;True
33849;3;6;3;True
33850;4;8;4;True
33851;8;12;4;True
33852;4;6;2;True
33853;5;12;7;True
33854;3;9;6;True
33855;2;4;2;True
33856;5;9;4;True
33857;2;2;0;True
33858;3;6;3;True
33859;4;9;5;True
33860;4;9;5;True
33861;5;6;1;True
33862;1;1;0;True
33863;4;12;8;True
33864;0;0;0;True
33865;7;12;5;True
33866;0;0;0;True
33867;2;2;0;True
33868;0;0;0;True
33869;1;1;0;True
33870;2;4;2;True
33871;4;9;5;True
33872;5;9;4;True
33873;4;8;4;True
33874;0;0;0;True
33875;3;6;3;True
33876;2;4;2;True
33877;4;6;2;True
33878;5;12;7;True
33879;7;16;9;True
33880;6;12;6;True
33881;2;4;2;True
33882;2;4;2;True
33883;6;12;6;True
33884;7;16;9;True
33885;2;2;0;True
33886;4;6;2;True
33887;3;6;3;True
33888;0;0;0;True
33889;6;12;6;True
33890;3;6;3;True
33891;1;1;0;True
33892;1;1;0;True
33893;8;12;4;True
33894;9;16;7;True
33895;5;9;4;True
33896;3;4;1;True
33897;3;4;1;True
33898;1;1;0;True
33899;5;12;7;True
33900;2;4;2;True
33901;3;4;1;True
33902;9;16;7;True
33903;3;6;3;True
33904;7;16;9;True
33905;4;9;5;True
33906;5;6;1;True
33907;3;9;6;True
33908;1;1;0;True
33909;6;16;10;True
33910;4;12;8;True
33911;4;16;12;True
33912;9;16;7;True
33913;3;9;6;True
33914;5;12;7;True
33915;2;2;0;True
33916;1;1;0;True
33917;1;1;0;True
33918;1;1;0;True
33919;1;1;0;True
33920;6;12;6;True
33921;7;12;5;True
33922;3;6;3;True
33923;1;1;0;True
33924;7;12;5;True
33925;3;9;6;True
33926;1;1;0;True
33927;6;9;3;True
33928;3;6;3;True
33929;2;4;2;True
33930;4;6;2;True
33931;4;4;0;True
33932;6;9;3;True
33933;5;8;3;True
33934;2;4;2;True
33935;3;9;6;True
33936;5;8;3;True
33937;4;16;12;True
33938;1;1;0;True
33939;7;16;9;True
33940;3;9;6;True
33941;0;0;0;True
33942;6;9;3;True
33943;1;1;0;True
33944;2;2;0;True
33945;5;12;7;True
33946;3;6;3;True
33947;3;3;0;True
33948;3;6;3;True
33949;1;1;0;True
33950;1;1;0;True
33951;2;4;2;True
33952;6;16;10;True
33953;5;6;1;True
33954;5;12;7;True
33955;6;16;10;True
33956;5;9;4;True
33957;5;9;4;True
33958;4;9;5;True
33959;3;6;3;True
33960;6;12;6;True
33961;10;16;6;True
33962;8;12;4;True
33963;2;4;2;True
33964;6;16;10;True
33965;3;9;6;True
33966;3;6;3;True
33967;2;4;2;True
33968;3;3;0;True
33969;3;6;3;True
33970;4;12;8;True
33971;0;0;0;True
33972;4;9;5;True
33973;4;9;5;True
33974;5;9;4;True
33975;7;16;9;True
33976;3;6;3;True
33977;5;12;7;True
33978;4;6;2;True
33979;4;9;5;True
33980;4;6;2;True
33981;7;12;5;True
33982;4;9;5;True
33983;6;9;3;True
33984;1;1;0;True
33985;1;1;0;True
33986;1;1;0;True
33987;2;2;0;True
33988;7;16;9;True
33989;0;0;0;True
33990;6;9;3;True
33991;2;4;2;True
33992;0;0;0;True
33993;5;16;11;True
33994;4;8;4;True
33995;6;12;6;True
33996;5;8;3;True
33997;6;9;3;True
33998;2;4;2;True
33999;1;1;0;True
34000;3;6;3;True
34001;7;16;9;True
34002;9;16;7;True
34003;3;6;3;True
34004;0;0;0;True
34005;8;16;8;True
34006;5;12;7;True
34007;0;0;0;True
34008;8;12;4;True
34009;2;4;2;True
34010;2;2;0;True
34011;3;6;3;True
34012;2;2;0;True
34013;3;6;3;True
34014;3;6;3;True
34015;4;9;5;True
34016;6;8;2;True
34017;6;16;10;True
34018;2;4;2;True
34019;1;1;0;True
34020;5;12;7;True
34021;7;16;9;True
34022;6;16;10;True
34023;5;12;7;True
34024;1;1;0;True
34025;2;2;0;True
34026;7;16;9;True
34027;5;9;4;True
34028;4;9;5;True
34029;3;6;3;True
34030;4;6;2;True
34031;3;6;3;True
34032;1;1;0;True
34033;5;12;7;True
34034;5;9;4;True
34035;5;12;7;True
34036;3;6;3;True
34037;3;4;1;True
34038;4;12;8;True
34039;2;2;0;True
34040;4;6;2;True
34041;4;12;8;True
34042;2;4;2;True
34043;10;16;6;True
34044;3;3;0;True
34045;1;1;0;True
34046;7;16;9;True
34047;6;12;6;True
34048;5;9;4;True
34049;1;1;0;True
34050;7;16;9;True
34051;1;1;0;True
34052;2;4;2;True
34053;8;16;8;True
34054;2;4;2;True
34055;2;4;2;True
34056;2;4;2;True
34057;5;12;7;True
34058;6;12;6;True
34059;4;9;5;True
34060;3;6;3;True
34061;2;2;0;True
34062;3;4;1;True
34063;1;1;0;True
34064;2;4;2;True
34065;6;12;6;True
34066;8;16;8;True
34067;8;12;4;True
34068;4;6;2;True
34069;5;8;3;True
34070;1;1;0;True
34071;4;4;0;True
34072;4;9;5;True
34073;2;2;0;True
34074;2;4;2;True
34075;4;6;2;True
34076;3;4;1;True
34077;4;12;8;True
34078;5;12;7;True
34079;0;0;0;True
34080;1;1;0;True
34081;2;2;0;True
34082;6;12;6;True
34083;2;2;0;True
34084;5;9;4;True
34085;9;16;7;True
34086;1;1;0;True
34087;6;16;10;True
34088;5;16;11;True
34089;3;6;3;True
34090;3;6;3;True
34091;1;1;0;True
34092;1;1;0;True
34093;4;9;5;True
34094;3;4;1;True
34095;6;12;6;True
34096;1;1;0;True
34097;2;2;0;True
34098;2;2;0;True
34099;8;16;8;True
34100;2;4;2;True
34101;5;6;1;True
34102;3;9;6;True
34103;7;12;5;True
34104;8;16;8;True
34105;0;0;0;True
34106;3;4;1;True
34107;8;16;8;True
34108;5;6;1;True
34109;2;4;2;True
34110;4;9;5;True
34111;1;1;0;True
34112;1;1;0;True
34113;2;4;2;True
34114;4;9;5;True
34115;2;4;2;True
34116;9;16;7;True
34117;1;1;0;True
34118;1;1;0;True
34119;1;1;0;True
34120;2;4;2;True
34121;3;4;1;True
34122;4;12;8;True
34123;1;1;0;True
34124;4;9;5;True
34125;3;6;3;True
34126;4;12;8;True
34127;2;2;0;True
34128;0;0;0;True
34129;4;6;2;True
34130;4;8;4;True
34131;2;2;0;True
34132;5;12;7;True
34133;5;12;7;True
34134;5;9;4;True
34135;7;12;5;True
34136;4;6;2;True
34137;1;1;0;True
34138;5;12;7;True
34139;3;4;1;True
34140;5;12;7;True
34141;0;0;0;True
34142;2;4;2;True
34143;8;16;8;True
34144;9;16;7;True
34145;3;9;6;True
34146;5;12;7;True
34147;0;0;0;True
34148;2;2;0;True
34149;1;1;0;True
34150;4;6;2;True
34151;4;8;4;True
34152;5;16;11;True
34153;5;8;3;True
34154;0;0;0;True
34155;3;4;1;True
34156;5;9;4;True
34157;4;12;8;True
34158;3;6;3;True
34159;1;1;0;True
34160;4;6;2;True
34161;5;12;7;True
34162;5;16;11;True
34163;2;4;2;True
34164;1;1;0;True
34165;3;6;3;True
34166;3;9;6;True
34167;4;8;4;True
34168;5;8;3;True
34169;9;16;7;True
34170;6;9;3;True
34171;2;2;0;True
34172;1;1;0;True
34173;4;8;4;True
34174;4;8;4;True
34175;3;6;3;True
34176;5;9;4;True
34177;4;9;5;True
34178;0;0;0;True
34179;6;16;10;True
34180;5;12;7;True
34181;3;9;6;True
34182;5;16;11;True
34183;10;16;6;True
34184;1;1;0;True
34185;6;16;10;True
34186;2;2;0;True
34187;4;8;4;True
34188;5;12;7;True
34189;9;16;7;True
34190;2;4;2;True
34191;4;12;8;True
34192;6;12;6;True
34193;6;16;10;True
34194;5;12;7;True
34195;8;16;8;True
34196;1;1;0;True
34197;4;9;5;True
34198;4;6;2;True
34199;1;1;0;True
34200;9;16;7;True
34201;7;12;5;True
34202;5;16;11;True
34203;2;4;2;True
34204;9;16;7;True
34205;2;4;2;True
34206;7;16;9;True
34207;6;12;6;True
34208;8;16;8;True
34209;3;9;6;True
34210;2;2;0;True
34211;6;12;6;True
34212;4;9;5;True
34213;7;16;9;True
34214;2;4;2;True
34215;1;1;0;True
34216;10;16;6;True
34217;5;9;4;True
34218;5;12;7;True
34219;7;12;5;True
34220;3;4;1;True
34221;1;1;0;True
34222;4;9;5;True
34223;5;9;4;True
34224;7;12;5;True
34225;2;4;2;True
34226;3;6;3;True
34227;6;12;6;True
34228;6;9;3;True
34229;4;9;5;True
34230;5;9;4;True
34231;0;0;0;True
34232;1;1;0;True
34233;11;16;5;True
34234;3;6;3;True
34235;5;6;1;True
34236;2;2;0;True
34237;7;12;5;True
34238;3;9;6;True
34239;1;1;0;True
34240;3;6;3;True
34241;4;6;2;True
34242;4;6;2;True
34243;2;4;2;True
34244;4;8;4;True
34245;2;2;0;True
34246;3;6;3;True
34247;4;9;5;True
34248;7;16;9;True
34249;5;16;11;True
34250;3;6;3;True
34251;4;12;8;True
34252;0;0;0;True
34253;2;2;0;True
34254;0;0;0;True
34255;1;1;0;True
34256;5;9;4;True
34257;7;9;2;True
34258;1;1;0;True
34259;11;16;5;True
34260;5;9;4;True
34261;4;9;5;True
34262;2;2;0;True
34263;7;16;9;True
34264;3;6;3;True
34265;1;1;0;True
34266;2;4;2;True
34267;6;12;6;True
34268;3;6;3;True
34269;2;4;2;True
34270;3;4;1;True
34271;1;1;0;True
34272;1;1;0;True
34273;3;9;6;True
34274;7;12;5;True
34275;1;1;0;True
34276;2;4;2;True
34277;8;16;8;True
34278;0;0;0;True
34279;6;12;6;True
34280;3;6;3;True
34281;0;0;0;True
34282;6;12;6;True
34283;7;16;9;True
34284;8;12;4;True
34285;4;9;5;True
34286;7;16;9;True
34287;7;16;9;True
34288;2;2;0;True
34289;2;4;2;True
34290;4;9;5;True
34291;3;4;1;True
34292;1;1;0;True
34293;2;2;0;True
34294;7;16;9;True
34295;3;6;3;True
34296;6;12;6;True
34297;2;4;2;True
34298;5;12;7;True
34299;5;9;4;True
34300;7;16;9;True
34301;2;4;2;True
34302;6;12;6;True
34303;3;9;6;True
34304;4;9;5;True
34305;2;2;0;True
34306;2;4;2;True
34307;0;0;0;True
34308;2;2;0;True
34309;3;4;1;True
34310;7;12;5;True
34311;1;1;0;True
34312;1;1;0;True
34313;3;6;3;True
34314;5;6;1;True
34315;7;16;9;True
34316;1;1;0;True
34317;2;2;0;True
34318;4;8;4;True
34319;2;4;2;True
34320;1;1;0;True
34321;3;6;3;True
34322;5;9;4;True
34323;1;1;0;True
34324;2;4;2;True
34325;0;0;0;True
34326;0;0;0;True
34327;0;0;0;True
34328;3;9;6;True
34329;3;9;6;True
34330;3;4;1;True
34331;1;1;0;True
34332;1;1;0;True
34333;2;4;2;True
34334;3;4;1;True
34335;9;16;7;True
34336;1;1;0;True
34337;9;16;7;True
34338;7;16;9;True
34339;3;4;1;True
34340;9;16;7;True
34341;3;9;6;True
34342;4;6;2;True
34343;3;4;1;True
34344;1;1;0;True
34345;6;12;6;True
34346;5;9;4;True
34347;7;16;9;True
34348;6;12;6;True
34349;3;6;3;True
34350;1;1;0;True
34351;8;16;8;True
34352;2;4;2;True
34353;4;8;4;True
34354;7;9;2;True
34355;4;6;2;True
34356;6;16;10;True
34357;1;1;0;True
34358;1;1;0;True
34359;0;0;0;True
34360;2;2;0;True
34361;1;1;0;True
34362;2;4;2;True
34363;3;6;3;True
34364;3;9;6;True
34365;2;4;2;True
34366;4;6;2;True
34367;5;12;7;True
34368;6;12;6;True
34369;1;1;0;True
34370;1;1;0;True
34371;7;12;5;True
34372;5;12;7;True
34373;0;0;0;True
34374;5;12;7;True
34375;0;0;0;True
34376;9;16;7;True
34377;6;12;6;True
34378;3;6;3;True
34379;5;9;4;True
34380;1;1;0;True
34381;1;1;0;True
34382;7;12;5;True
34383;7;12;5;True
34384;6;12;6;True
34385;4;8;4;True
34386;0;0;0;True
34387;6;12;6;True
34388;4;9;5;True
34389;5;12;7;True
34390;4;12;8;True
34391;6;12;6;True
34392;4;9;5;True
34393;2;4;2;True
34394;1;1;0;True
34395;3;4;1;True
34396;0;0;0;True
34397;7;16;9;True
34398;2;4;2;True
34399;3;4;1;True
34400;7;16;9;True
34401;1;1;0;True
34402;1;1;0;True
34403;7;12;5;True
34404;6;16;10;True
34405;3;6;3;True
34406;4;12;8;True
34407;4;6;2;True
34408;3;6;3;True
34409;0;0;0;True
34410;2;2;0;True
34411;5;12;7;True
34412;1;1;0;True
34413;8;16;8;True
34414;8;12;4;True
34415;3;6;3;True
34416;1;1;0;True
34417;1;1;0;True
34418;8;16;8;True
34419;3;4;1;True
34420;2;2;0;True
34421;5;12;7;True
34422;2;4;2;True
34423;5;8;3;True
34424;8;16;8;True
34425;1;1;0;True
34426;2;4;2;True
34427;5;9;4;True
34428;5;16;11;True
34429;6;9;3;True
34430;3;9;6;True
34431;6;16;10;True
34432;5;12;7;True
34433;5;12;7;True
34434;4;9;5;True
34435;0;0;0;True
34436;4;6;2;True
34437;7;12;5;True
34438;5;12;7;True
34439;8;16;8;True
34440;2;2;0;True
34441;5;8;3;True
34442;4;9;5;True
34443;2;2;0;True
34444;3;6;3;True
34445;6;12;6;True
34446;4;6;2;True
34447;7;12;5;True
34448;2;4;2;True
34449;1;1;0;True
34450;2;2;0;True
34451;3;6;3;True
34452;6;12;6;True
34453;0;0;0;True
34454;3;6;3;True
34455;3;6;3;True
34456;2;2;0;True
34457;6;12;6;True
34458;2;4;2;True
34459;6;16;10;True
34460;3;4;1;True
34461;4;6;2;True
34462;2;4;2;True
34463;4;6;2;True
34464;9;16;7;True
34465;0;0;0;True
34466;6;12;6;True
34467;1;1;0;True
34468;7;12;5;True
34469;2;4;2;True
34470;4;8;4;True
34471;3;9;6;True
34472;2;4;2;True
34473;7;12;5;True
34474;1;1;0;True
34475;9;16;7;True
34476;6;12;6;True
34477;6;12;6;True
34478;1;1;0;True
34479;2;4;2;True
34480;8;12;4;True
34481;2;2;0;True
34482;2;4;2;True
34483;2;4;2;True
34484;0;0;0;True
34485;4;6;2;True
34486;4;4;0;True
34487;5;9;4;True
34488;8;16;8;True
34489;6;16;10;True
34490;1;1;0;True
34491;4;9;5;True
34492;5;9;4;True
34493;7;9;2;True
34494;2;4;2;True
34495;10;12;2;True
34496;5;12;7;True
34497;2;2;0;True
34498;8;16;8;True
34499;3;4;1;True
34500;4;9;5;True
34501;6;12;6;True
34502;1;1;0;True
34503;2;4;2;True
34504;4;9;5;True
34505;4;6;2;True
34506;1;1;0;True
34507;6;16;10;True
34508;1;1;0;True
34509;0;0;0;True
34510;4;9;5;True
34511;2;4;2;True
34512;3;6;3;True
34513;1;1;0;True
34514;4;9;5;True
34515;5;9;4;True
34516;0;0;0;True
34517;2;4;2;True
34518;2;4;2;True
34519;6;12;6;True
34520;4;6;2;True
34521;5;16;11;True
34522;3;6;3;True
34523;1;1;0;True
34524;3;6;3;True
34525;3;4;1;True
34526;1;1;0;True
34527;1;1;0;True
34528;6;16;10;True
34529;1;1;0;True
34530;2;4;2;True
34531;5;9;4;True
34532;5;12;7;True
34533;2;4;2;True
34534;4;6;2;True
34535;6;16;10;True
34536;7;12;5;True
34537;3;6;3;True
34538;3;4;1;True
34539;3;6;3;True
34540;3;6;3;True
34541;3;4;1;True
34542;0;0;0;True
34543;6;8;2;True
34544;1;1;0;True
34545;1;1;0;True
34546;5;12;7;True
34547;3;4;1;True
34548;6;16;10;True
34549;1;1;0;True
34550;2;4;2;True
34551;6;16;10;True
34552;2;4;2;True
34553;3;6;3;True
34554;5;16;11;True
34555;3;9;6;True
34556;5;9;4;True
34557;7;16;9;True
34558;0;0;0;True
34559;5;9;4;True
34560;3;6;3;True
34561;4;9;5;True
34562;4;8;4;True
34563;6;12;6;True
34564;2;2;0;True
34565;4;6;2;True
34566;6;12;6;True
34567;7;16;9;True
34568;1;1;0;True
34569;1;1;0;True
34570;1;1;0;True
34571;2;4;2;True
34572;2;4;2;True
34573;3;9;6;True
34574;5;6;1;True
34575;7;16;9;True
34576;3;4;1;True
34577;6;9;3;True
34578;3;4;1;True
34579;4;9;5;True
34580;10;16;6;True
34581;4;9;5;True
34582;3;6;3;True
34583;4;12;8;True
34584;3;6;3;True
34585;1;1;0;True
34586;6;16;10;True
34587;1;1;0;True
34588;5;8;3;True
34589;2;2;0;True
34590;6;16;10;True
34591;7;16;9;True
34592;2;4;2;True
34593;8;16;8;True
34594;8;16;8;True
34595;3;4;1;True
34596;4;9;5;True
34597;3;6;3;True
34598;1;1;0;True
34599;3;6;3;True
34600;2;2;0;True
34601;6;12;6;True
34602;6;12;6;True
34603;10;16;6;True
34604;5;12;7;True
34605;5;9;4;True
34606;5;8;3;True
34607;5;9;4;True
34608;5;6;1;True
34609;1;1;0;True
34610;3;4;1;True
34611;2;4;2;True
34612;4;12;8;True
34613;8;16;8;True
34614;8;12;4;True
34615;1;1;0;True
34616;3;6;3;True
34617;3;6;3;True
34618;9;16;7;True
34619;4;9;5;True
34620;4;6;2;True
34621;5;16;11;True
34622;7;16;9;True
34623;0;0;0;True
34624;4;9;5;True
34625;1;1;0;True
34626;5;12;7;True
34627;3;6;3;True
34628;10;16;6;True
34629;5;9;4;True
34630;1;1;0;True
34631;5;12;7;True
34632;8;16;8;True
34633;4;6;2;True
34634;2;2;0;True
34635;2;2;0;True
34636;5;9;4;True
34637;3;9;6;True
34638;2;4;2;True
34639;3;6;3;True
34640;6;12;6;True
34641;3;3;0;True
34642;6;12;6;True
34643;3;4;1;True
34644;1;1;0;True
34645;1;1;0;True
34646;1;1;0;True
34647;2;2;0;True
34648;4;9;5;True
34649;4;6;2;True
34650;2;2;0;True
34651;0;0;0;True
34652;7;12;5;True
34653;2;4;2;True
34654;3;9;6;True
34655;8;16;8;True
34656;7;12;5;True
34657;9;16;7;True
34658;5;16;11;True
34659;3;6;3;True
34660;10;16;6;True
34661;2;4;2;True
34662;5;12;7;True
34663;4;9;5;True
34664;3;4;1;True
34665;4;9;5;True
34666;1;1;0;True
34667;5;16;11;True
34668;5;12;7;True
34669;2;2;0;True
34670;0;0;0;True
34671;4;12;8;True
34672;1;1;0;True
34673;3;4;1;True
34674;0;0;0;True
34675;4;12;8;True
34676;5;9;4;True
34677;7;12;5;True
34678;2;4;2;True
34679;3;6;3;True
34680;0;0;0;True
34681;5;12;7;True
34682;6;9;3;True
34683;5;8;3;True
34684;1;1;0;True
34685;2;4;2;True
34686;9;12;3;True
34687;3;9;6;True
34688;3;4;1;True
34689;8;16;8;True
34690;2;4;2;True
34691;2;2;0;True
34692;2;2;0;True
34693;2;4;2;True
34694;4;9;5;True
34695;4;6;2;True
34696;3;6;3;True
34697;4;12;8;True
34698;2;4;2;True
34699;3;9;6;True
34700;4;8;4;True
34701;6;9;3;True
34702;2;2;0;True
34703;0;0;0;True
34704;2;2;0;True
34705;6;16;10;True
34706;4;9;5;True
34707;4;12;8;True
34708;4;9;5;True
34709;2;2;0;True
34710;2;2;0;True
34711;5;16;11;True
34712;2;4;2;True
34713;3;4;1;True
34714;3;6;3;True
34715;4;8;4;True
34716;8;16;8;True
34717;4;9;5;True
34718;3;4;1;True
34719;5;12;7;True
34720;2;4;2;True
34721;2;2;0;True
34722;4;12;8;True
34723;6;16;10;True
34724;1;1;0;True
34725;2;4;2;True
34726;4;12;8;True
34727;4;9;5;True
34728;2;2;0;True
34729;4;6;2;True
34730;1;1;0;True
34731;3;4;1;True
34732;0;0;0;True
34733;2;4;2;True
34734;3;4;1;True
34735;5;8;3;True
34736;3;9;6;True
34737;0;0;0;True
34738;6;12;6;True
34739;4;9;5;True
34740;0;0;0;True
34741;0;0;0;True
34742;5;12;7;True
34743;5;9;4;True
34744;6;12;6;True
34745;4;6;2;True
34746;2;4;2;True
34747;1;1;0;True
34748;4;6;2;True
34749;4;9;5;True
34750;4;9;5;True
34751;4;9;5;True
34752;2;4;2;True
34753;3;6;3;True
34754;2;4;2;True
34755;2;2;0;True
34756;3;6;3;True
34757;2;4;2;True
34758;1;1;0;True
34759;3;6;3;True
34760;3;3;0;True
34761;3;9;6;True
34762;3;6;3;True
34763;5;9;4;True
34764;6;9;3;True
34765;4;12;8;True
34766;9;16;7;True
34767;1;1;0;True
34768;3;4;1;True
34769;4;6;2;True
34770;1;1;0;True
34771;4;12;8;True
34772;1;1;0;True
34773;2;4;2;True
34774;2;2;0;True
34775;0;0;0;True
34776;2;2;0;True
34777;4;9;5;True
34778;5;12;7;True
34779;5;6;1;True
34780;0;0;0;True
34781;5;16;11;True
34782;10;16;6;True
34783;3;6;3;True
34784;1;1;0;True
34785;4;6;2;True
34786;4;9;5;True
34787;3;6;3;True
34788;3;6;3;True
34789;9;16;7;True
34790;6;12;6;True
34791;6;12;6;True
34792;8;16;8;True
34793;1;1;0;True
34794;5;12;7;True
34795;0;0;0;True
34796;7;16;9;True
34797;1;1;0;True
34798;1;1;0;True
34799;2;4;2;True
34800;5;9;4;True
34801;5;9;4;True
34802;3;6;3;True
34803;11;16;5;True
34804;5;16;11;True
34805;4;9;5;True
34806;6;9;3;True
34807;1;1;0;True
34808;3;4;1;True
34809;4;12;8;True
34810;3;4;1;True
34811;7;16;9;True
34812;4;9;5;True
34813;0;0;0;True
34814;6;8;2;True
34815;6;12;6;True
34816;2;2;0;True
34817;3;6;3;True
34818;2;2;0;True
34819;4;6;2;True
34820;2;4;2;True
34821;3;6;3;True
34822;5;8;3;True
34823;8;16;8;True
34824;2;4;2;True
34825;1;1;0;True
34826;3;6;3;True
34827;6;12;6;True
34828;5;12;7;True
34829;4;9;5;True
34830;5;16;11;True
34831;3;6;3;True
34832;3;9;6;True
34833;3;4;1;True
34834;3;3;0;True
34835;6;16;10;True
34836;5;8;3;True
34837;4;12;8;True
34838;1;1;0;True
34839;5;8;3;True
34840;4;9;5;True
34841;5;9;4;True
34842;6;12;6;True
34843;2;4;2;True
34844;6;12;6;True
34845;2;4;2;True
34846;1;1;0;True
34847;5;12;7;True
34848;4;6;2;True
34849;5;12;7;True
34850;8;16;8;True
34851;7;12;5;True
34852;1;1;0;True
34853;9;16;7;True
34854;0;0;0;True
34855;3;4;1;True
34856;1;1;0;True
34857;6;8;2;True
34858;7;16;9;True
34859;5;12;7;True
34860;7;16;9;True
34861;1;1;0;True
34862;2;2;0;True
34863;1;1;0;True
34864;3;9;6;True
34865;4;6;2;True
34866;6;12;6;True
34867;5;8;3;True
34868;3;9;6;True
34869;3;4;1;True
34870;6;9;3;True
34871;2;2;0;True
34872;6;12;6;True
34873;4;9;5;True
34874;3;6;3;True
34875;3;6;3;True
34876;1;1;0;True
34877;2;2;0;True
34878;3;6;3;True
34879;10;16;6;True
34880;0;0;0;True
34881;6;16;10;True
34882;3;4;1;True
34883;4;9;5;True
34884;2;2;0;True
34885;3;6;3;True
34886;5;8;3;True
34887;5;9;4;True
34888;1;1;0;True
34889;9;16;7;True
34890;4;9;5;True
34891;7;16;9;True
34892;4;6;2;True
34893;3;6;3;True
34894;3;6;3;True
34895;7;12;5;True
34896;4;9;5;True
34897;6;12;6;True
34898;3;4;1;True
34899;0;0;0;True
34900;1;1;0;True
34901;4;6;2;True
34902;0;0;0;True
34903;5;12;7;True
34904;4;6;2;True
34905;3;9;6;True
34906;3;9;6;True
34907;6;12;6;True
34908;4;6;2;True
34909;2;4;2;True
34910;2;4;2;True
34911;0;0;0;True
34912;7;16;9;True
34913;3;6;3;True
34914;3;4;1;True
34915;7;16;9;True
34916;6;12;6;True
34917;6;12;6;True
34918;7;12;5;True
34919;5;9;4;True
34920;5;8;3;True
34921;4;6;2;True
34922;3;4;1;True
34923;5;8;3;True
34924;6;12;6;True
34925;4;6;2;True
34926;3;3;0;True
34927;7;16;9;True
34928;7;12;5;True
34929;7;16;9;True
34930;4;6;2;True
34931;5;9;4;True
34932;3;6;3;True
34933;2;4;2;True
34934;2;2;0;True
34935;3;6;3;True
34936;1;1;0;True
34937;2;4;2;True
34938;2;2;0;True
34939;2;4;2;True
34940;5;9;4;True
34941;0;0;0;True
34942;6;16;10;True
34943;4;9;5;True
34944;4;9;5;True
34945;8;12;4;True
34946;1;1;0;True
34947;2;4;2;True
34948;4;6;2;True
34949;4;4;0;True
34950;1;1;0;True
34951;6;12;6;True
34952;4;16;12;True
34953;3;4;1;True
34954;4;4;0;True
34955;3;6;3;True
34956;7;16;9;True
34957;0;0;0;True
34958;0;0;0;True
34959;2;2;0;True
34960;5;16;11;True
34961;3;9;6;True
34962;4;9;5;True
34963;1;1;0;True
34964;7;12;5;True
34965;3;3;0;True
34966;4;9;5;True
34967;0;0;0;True
34968;6;9;3;True
34969;1;1;0;True
34970;4;8;4;True
34971;2;4;2;True
34972;4;9;5;True
34973;4;9;5;True
34974;4;16;12;True
34975;0;0;0;True
34976;3;3;0;True
34977;2;2;0;True
34978;6;12;6;True
34979;5;12;7;True
34980;10;16;6;True
34981;4;8;4;True
34982;4;8;4;True
34983;0;0;0;True
34984;9;16;7;True
34985;0;0;0;True
34986;5;12;7;True
34987;1;1;0;True
34988;4;12;8;True
34989;3;6;3;True
34990;4;12;8;True
34991;3;9;6;True
34992;1;1;0;True
34993;4;9;5;True
34994;3;4;1;True
34995;7;16;9;True
34996;1;1;0;True
34997;5;12;7;True
34998;6;12;6;True
34999;1;1;0;True
35000;7;12;5;True
35001;2;4;2;True
35002;1;1;0;True
35003;2;4;2;True
35004;4;6;2;True
35005;4;9;5;True
35006;1;1;0;True
35007;2;2;0;True
35008;5;12;7;True
35009;1;1;0;True
35010;8;16;8;True
35011;5;16;11;True
35012;2;4;2;True
35013;1;1;0;True
35014;3;4;1;True
35015;7;16;9;True
35016;5;9;4;True
35017;4;9;5;True
35018;5;12;7;True
35019;6;8;2;True
35020;3;4;1;True
35021;3;9;6;True
35022;1;1;0;True
35023;6;12;6;True
35024;4;9;5;True
35025;4;9;5;True
35026;5;9;4;True
35027;2;2;0;True
35028;3;4;1;True
35029;1;1;0;True
35030;0;0;0;True
35031;5;12;7;True
35032;4;9;5;True
35033;0;0;0;True
35034;3;6;3;True
35035;9;16;7;True
35036;4;9;5;True
35037;3;6;3;True
35038;3;4;1;True
35039;4;6;2;True
35040;2;2;0;True
35041;4;9;5;True
35042;5;6;1;True
35043;5;12;7;True
35044;4;9;5;True
35045;5;6;1;True
35046;2;4;2;True
35047;7;9;2;True
35048;7;16;9;True
35049;7;16;9;True
35050;3;9;6;True
35051;2;4;2;True
35052;5;12;7;True
35053;3;4;1;True
35054;2;4;2;True
35055;2;4;2;True
35056;4;9;5;True
35057;5;9;4;True
35058;4;6;2;True
35059;2;2;0;True
35060;4;9;5;True
35061;3;6;3;True
35062;0;0;0;True
35063;5;12;7;True
35064;1;1;0;True
35065;4;6;2;True
35066;3;4;1;True
35067;9;16;7;True
35068;4;8;4;True
35069;2;4;2;True
35070;5;12;7;True
35071;4;6;2;True
35072;1;1;0;True
35073;3;6;3;True
35074;5;12;7;True
35075;1;1;0;True
35076;8;12;4;True
35077;4;12;8;True
35078;1;1;0;True
35079;5;16;11;True
35080;2;2;0;True
35081;2;2;0;True
35082;4;12;8;True
35083;6;12;6;True
35084;5;9;4;True
35085;4;12;8;True
35086;2;4;2;True
35087;4;6;2;True
35088;3;9;6;True
35089;6;12;6;True
35090;1;1;0;True
35091;3;4;1;True
35092;2;4;2;True
35093;7;12;5;True
35094;0;0;0;True
35095;1;1;0;True
35096;3;6;3;True
35097;7;12;5;True
35098;3;6;3;True
35099;2;4;2;True
35100;4;9;5;True
35101;4;9;5;True
35102;7;12;5;True
35103;3;4;1;True
35104;2;2;0;True
35105;3;4;1;True
35106;5;6;1;True
35107;6;16;10;True
35108;3;6;3;True
35109;5;12;7;True
35110;2;4;2;True
35111;6;12;6;True
35112;3;6;3;True
35113;4;9;5;True
35114;4;9;5;True
35115;4;6;2;True
35116;0;0;0;True
35117;1;1;0;True
35118;6;9;3;True
35119;8;16;8;True
35120;3;6;3;True
35121;3;6;3;True
35122;3;4;1;True
35123;2;4;2;True
35124;3;6;3;True
35125;0;0;0;True
35126;6;12;6;True
35127;4;12;8;True
35128;4;6;2;True
35129;7;12;5;True
35130;2;2;0;True
35131;1;1;0;True
35132;9;16;7;True
35133;4;12;8;True
35134;3;6;3;True
35135;2;2;0;True
35136;6;9;3;True
35137;2;4;2;True
35138;8;16;8;True
35139;1;1;0;True
35140;4;4;0;True
35141;1;1;0;True
35142;6;12;6;True
35143;4;9;5;True
35144;1;1;0;True
35145;2;4;2;True
35146;0;0;0;True
35147;8;16;8;True
35148;7;12;5;True
35149;6;12;6;True
35150;0;0;0;True
35151;4;9;5;True
35152;3;6;3;True
35153;2;4;2;True
35154;1;1;0;True
35155;2;2;0;True
35156;5;8;3;True
35157;2;4;2;True
35158;4;12;8;True
35159;6;12;6;True
35160;5;9;4;True
35161;4;12;8;True
35162;0;0;0;True
35163;2;4;2;True
35164;4;9;5;True
35165;1;1;0;True
35166;3;9;6;True
35167;4;6;2;True
35168;3;6;3;True
35169;4;16;12;True
35170;5;9;4;True
35171;5;9;4;True
35172;3;6;3;True
35173;6;12;6;True
35174;1;1;0;True
35175;4;9;5;True
35176;4;8;4;True
35177;3;4;1;True
35178;3;9;6;True
35179;5;9;4;True
35180;0;0;0;True
35181;4;9;5;True
35182;0;0;0;True
35183;2;2;0;True
35184;4;9;5;True
35185;5;12;7;True
35186;4;8;4;True
35187;0;0;0;True
35188;6;12;6;True
35189;5;9;4;True
35190;6;12;6;True
35191;6;12;6;True
35192;6;16;10;True
35193;9;16;7;True
35194;1;1;0;True
35195;1;1;0;True
35196;3;4;1;True
35197;3;6;3;True
35198;2;4;2;True
35199;3;3;0;True
35200;0;0;0;True
35201;3;4;1;True
35202;4;6;2;True
35203;0;0;0;True
35204;5;16;11;True
35205;6;16;10;True
35206;6;12;6;True
35207;3;4;1;True
35208;5;12;7;True
35209;2;2;0;True
35210;5;12;7;True
35211;5;12;7;True
35212;0;0;0;True
35213;2;2;0;True
35214;1;1;0;True
35215;0;0;0;True
35216;3;6;3;True
35217;2;4;2;True
35218;1;1;0;True
35219;6;12;6;True
35220;3;3;0;True
35221;4;8;4;True
35222;6;16;10;True
35223;0;0;0;True
35224;6;16;10;True
35225;6;12;6;True
35226;3;6;3;True
35227;1;1;0;True
35228;6;12;6;True
35229;0;0;0;True
35230;5;9;4;True
35231;2;4;2;True
35232;2;4;2;True
35233;4;6;2;True
35234;1;1;0;True
35235;4;4;0;True
35236;5;6;1;True
35237;9;16;7;True
35238;3;4;1;True
35239;1;1;0;True
35240;7;12;5;True
35241;6;9;3;True
35242;3;9;6;True
35243;3;9;6;True
35244;6;9;3;True
35245;8;16;8;True
35246;3;9;6;True
35247;7;16;9;True
35248;2;4;2;True
35249;6;9;3;True
35250;6;16;10;True
35251;6;16;10;True
35252;8;16;8;True
35253;3;6;3;True
35254;5;9;4;True
35255;2;2;0;True
35256;4;9;5;True
35257;7;12;5;True
35258;3;6;3;True
35259;8;16;8;True
35260;4;6;2;True
35261;2;4;2;True
35262;5;16;11;True
35263;4;9;5;True
35264;4;9;5;True
35265;5;12;7;True
35266;1;1;0;True
35267;5;16;11;True
35268;5;12;7;True
35269;5;9;4;True
35270;7;16;9;True
35271;4;9;5;True
35272;0;0;0;True
35273;2;4;2;True
35274;0;0;0;True
35275;3;4;1;True
35276;1;1;0;True
35277;2;4;2;True
35278;2;2;0;True
35279;1;1;0;True
35280;5;12;7;True
35281;2;2;0;True
35282;4;6;2;True
35283;0;0;0;True
35284;2;4;2;True
35285;8;12;4;True
35286;4;8;4;True
35287;6;8;2;True
35288;5;8;3;True
35289;3;6;3;True
35290;2;4;2;True
35291;5;16;11;True
35292;2;2;0;True
35293;4;12;8;True
35294;3;6;3;True
35295;3;6;3;True
35296;10;16;6;True
35297;1;1;0;True
35298;3;6;3;True
35299;6;9;3;True
35300;8;16;8;True
35301;7;16;9;True
35302;5;12;7;True
35303;7;16;9;True
35304;3;6;3;True
35305;1;1;0;True
35306;4;9;5;True
35307;7;16;9;True
35308;5;6;1;True
35309;8;16;8;True
35310;7;16;9;True
35311;3;9;6;True
35312;7;16;9;True
35313;4;9;5;True
35314;6;9;3;True
35315;0;0;0;True
35316;3;6;3;True
35317;6;16;10;True
35318;5;9;4;True
35319;1;1;0;True
35320;3;9;6;True
35321;0;0;0;True
35322;3;9;6;True
35323;4;6;2;True
35324;4;9;5;True
35325;2;2;0;True
35326;2;2;0;True
35327;2;2;0;True
35328;5;6;1;True
35329;5;12;7;True
35330;2;4;2;True
35331;3;6;3;True
35332;5;12;7;True
35333;6;16;10;True
35334;1;1;0;True
35335;1;1;0;True
35336;6;12;6;True
35337;5;12;7;True
35338;2;2;0;True
35339;0;0;0;True
35340;5;12;7;True
35341;3;4;1;True
35342;3;4;1;True
35343;4;12;8;True
35344;2;4;2;True
35345;5;9;4;True
35346;1;1;0;True
35347;3;6;3;True
35348;4;9;5;True
35349;0;0;0;True
35350;4;12;8;True
35351;4;6;2;True
35352;5;12;7;True
35353;1;1;0;True
35354;2;2;0;True
35355;0;0;0;True
35356;2;4;2;True
35357;4;9;5;True
35358;2;4;2;True
35359;4;9;5;True
35360;7;16;9;True
35361;6;12;6;True
35362;5;9;4;True
35363;5;9;4;True
35364;6;12;6;True
35365;2;2;0;True
35366;2;2;0;True
35367;4;9;5;True
35368;4;9;5;True
35369;8;12;4;True
35370;3;6;3;True
35371;5;9;4;True
35372;6;12;6;True
35373;4;8;4;True
35374;4;9;5;True
35375;0;0;0;True
35376;3;4;1;True
35377;2;4;2;True
35378;4;6;2;True
35379;1;1;0;True
35380;3;4;1;True
35381;4;4;0;True
35382;0;0;0;True
35383;3;9;6;True
35384;5;9;4;True
35385;5;9;4;True
35386;3;9;6;True
35387;4;8;4;True
35388;4;6;2;True
35389;7;16;9;True
35390;4;12;8;True
35391;2;2;0;True
35392;5;12;7;True
35393;2;4;2;True
35394;6;12;6;True
35395;3;9;6;True
35396;2;4;2;True
35397;1;1;0;True
35398;7;16;9;True
35399;3;6;3;True
35400;4;12;8;True
35401;1;1;0;True
35402;7;12;5;True
35403;5;9;4;True
35404;3;4;1;True
35405;2;2;0;True
35406;8;12;4;True
35407;5;8;3;True
35408;7;16;9;True
35409;8;12;4;True
35410;2;2;0;True
35411;2;2;0;True
35412;0;0;0;True
35413;3;6;3;True
35414;3;6;3;True
35415;1;1;0;True
35416;3;6;3;True
35417;5;16;11;True
35418;1;1;0;True
35419;2;4;2;True
35420;3;9;6;True
35421;6;16;10;True
35422;1;1;0;True
35423;3;3;0;True
35424;3;6;3;True
35425;3;6;3;True
35426;3;6;3;True
35427;2;2;0;True
35428;2;4;2;True
35429;2;4;2;True
35430;1;1;0;True
35431;1;1;0;True
35432;4;9;5;True
35433;7;12;5;True
35434;1;1;0;True
35435;4;6;2;True
35436;5;9;4;True
35437;7;12;5;True
35438;0;0;0;True
35439;1;1;0;True
35440;4;8;4;True
35441;4;9;5;True
35442;3;6;3;True
35443;7;16;9;True
35444;6;9;3;True
35445;1;1;0;True
35446;2;4;2;True
35447;4;8;4;True
35448;7;12;5;True
35449;3;4;1;True
35450;3;9;6;True
35451;3;6;3;True
35452;6;12;6;True
35453;8;16;8;True
35454;1;1;0;True
35455;6;16;10;True
35456;7;12;5;True
35457;4;9;5;True
35458;1;1;0;True
35459;4;12;8;True
35460;3;9;6;True
35461;1;1;0;True
35462;1;1;0;True
35463;4;9;5;True
35464;2;4;2;True
35465;0;0;0;True
35466;1;1;0;True
35467;8;12;4;True
35468;3;6;3;True
35469;3;6;3;True
35470;5;12;7;True
35471;3;6;3;True
35472;4;6;2;True
35473;1;1;0;True
35474;2;4;2;True
35475;3;6;3;True
35476;2;4;2;True
35477;5;9;4;True
35478;2;4;2;True
35479;3;4;1;True
35480;1;1;0;True
35481;3;6;3;True
35482;2;4;2;True
35483;5;12;7;True
35484;7;9;2;True
35485;4;6;2;True
35486;8;16;8;True
35487;0;0;0;True
35488;3;6;3;True
35489;3;6;3;True
35490;4;6;2;True
35491;4;9;5;True
35492;9;16;7;True
35493;6;12;6;True
35494;4;12;8;True
35495;6;9;3;True
35496;8;16;8;True
35497;2;4;2;True
35498;1;1;0;True
35499;4;6;2;True
35500;3;6;3;True
35501;4;8;4;True
35502;1;1;0;True
35503;4;8;4;True
35504;2;2;0;True
35505;4;8;4;True
35506;3;6;3;True
35507;1;1;0;True
35508;4;6;2;True
35509;4;9;5;True
35510;3;6;3;True
35511;2;2;0;True
35512;4;12;8;True
35513;4;6;2;True
35514;5;9;4;True
35515;3;6;3;True
35516;2;2;0;True
35517;8;16;8;True
35518;0;0;0;True
35519;2;2;0;True
35520;5;9;4;True
35521;3;4;1;True
35522;3;9;6;True
35523;3;6;3;True
35524;7;12;5;True
35525;4;9;5;True
35526;2;4;2;True
35527;3;4;1;True
35528;5;9;4;True
35529;3;6;3;True
35530;1;1;0;True
35531;2;2;0;True
35532;4;6;2;True
35533;7;12;5;True
35534;4;12;8;True
35535;3;6;3;True
35536;2;2;0;True
35537;6;16;10;True
35538;8;12;4;True
35539;4;8;4;True
35540;2;2;0;True
35541;5;9;4;True
35542;5;9;4;True
35543;8;16;8;True
35544;3;6;3;True
35545;4;12;8;True
35546;5;12;7;True
35547;2;4;2;True
35548;4;12;8;True
35549;3;4;1;True
35550;5;12;7;True
35551;4;9;5;True
35552;7;16;9;True
35553;3;6;3;True
35554;4;9;5;True
35555;2;4;2;True
35556;6;12;6;True
35557;2;2;0;True
35558;7;12;5;True
35559;9;16;7;True
35560;3;6;3;True
35561;5;16;11;True
35562;7;12;5;True
35563;4;6;2;True
35564;3;4;1;True
35565;4;12;8;True
35566;9;16;7;True
35567;3;6;3;True
35568;0;0;0;True
35569;6;12;6;True
35570;2;2;0;True
35571;3;6;3;True
35572;2;2;0;True
35573;1;1;0;True
35574;3;9;6;True
35575;4;9;5;True
35576;1;1;0;True
35577;4;9;5;True
35578;3;6;3;True
35579;3;6;3;True
35580;3;6;3;True
35581;2;2;0;True
35582;2;2;0;True
35583;2;4;2;True
35584;4;6;2;True
35585;1;1;0;True
35586;7;16;9;True
35587;5;9;4;True
35588;6;12;6;True
35589;3;6;3;True
35590;3;4;1;True
35591;1;1;0;True
35592;7;16;9;True
35593;2;4;2;True
35594;1;1;0;True
35595;5;9;4;True
35596;4;12;8;True
35597;2;2;0;True
35598;3;4;1;True
35599;6;12;6;True
35600;2;4;2;True
35601;6;12;6;True
35602;4;6;2;True
35603;5;9;4;True
35604;6;16;10;True
35605;0;0;0;True
35606;2;4;2;True
35607;6;12;6;True
35608;7;12;5;True
35609;3;4;1;True
35610;4;8;4;True
35611;2;2;0;True
35612;4;12;8;True
35613;10;16;6;True
35614;3;9;6;True
35615;3;6;3;True
35616;1;1;0;True
35617;4;6;2;True
35618;8;16;8;True
35619;4;6;2;True
35620;2;4;2;True
35621;6;16;10;True
35622;1;1;0;True
35623;4;9;5;True
35624;2;4;2;True
35625;10;16;6;True
35626;2;4;2;True
35627;2;4;2;True
35628;0;0;0;True
35629;4;9;5;True
35630;7;12;5;True
35631;6;12;6;True
35632;3;4;1;True
35633;2;2;0;True
35634;4;8;4;True
35635;1;1;0;True
35636;1;1;0;True
35637;3;4;1;True
35638;4;12;8;True
35639;3;4;1;True
35640;1;1;0;True
35641;4;9;5;True
35642;3;4;1;True
35643;5;12;7;True
35644;3;6;3;True
35645;3;6;3;True
35646;6;12;6;True
35647;4;9;5;True
35648;7;12;5;True
35649;2;4;2;True
35650;2;2;0;True
35651;4;9;5;True
35652;1;1;0;True
35653;4;9;5;True
35654;0;0;0;True
35655;3;6;3;True
35656;5;12;7;True
35657;3;4;1;True
35658;2;2;0;True
35659;4;6;2;True
35660;6;12;6;True
35661;5;12;7;True
35662;8;16;8;True
35663;1;1;0;True
35664;2;4;2;True
35665;7;12;5;True
35666;4;6;2;True
35667;1;1;0;True
35668;5;16;11;True
35669;8;16;8;True
35670;0;0;0;True
35671;5;16;11;True
35672;4;9;5;True
35673;8;16;8;True
35674;3;6;3;True
35675;2;2;0;True
35676;7;12;5;True
35677;3;4;1;True
35678;3;4;1;True
35679;7;12;5;True
35680;7;12;5;True
35681;3;4;1;True
35682;2;2;0;True
35683;0;0;0;True
35684;5;9;4;True
35685;3;6;3;True
35686;4;9;5;True
35687;4;6;2;True
35688;5;12;7;True
35689;0;0;0;True
35690;2;4;2;True
35691;3;6;3;True
35692;10;16;6;True
35693;0;0;0;True
35694;3;6;3;True
35695;1;1;0;True
35696;7;16;9;True
35697;5;12;7;True
35698;5;9;4;True
35699;4;6;2;True
35700;5;12;7;True
35701;3;6;3;True
35702;3;6;3;True
35703;2;4;2;True
35704;5;8;3;True
35705;0;0;0;True
35706;6;12;6;True
35707;5;12;7;True
35708;5;16;11;True
35709;3;6;3;True
35710;9;16;7;True
35711;0;0;0;True
35712;4;8;4;True
35713;4;6;2;True
35714;8;16;8;True
35715;2;2;0;True
35716;5;8;3;True
35717;2;2;0;True
35718;1;1;0;True
35719;8;12;4;True
35720;3;4;1;True
35721;3;4;1;True
35722;5;12;7;True
35723;5;9;4;True
35724;6;12;6;True
35725;6;8;2;True
35726;3;9;6;True
35727;3;3;0;True
35728;6;12;6;True
35729;1;1;0;True
35730;0;0;0;True
35731;6;8;2;True
35732;3;3;0;True
35733;6;12;6;True
35734;3;6;3;True
35735;5;8;3;True
35736;4;9;5;True
35737;6;8;2;True
35738;3;9;6;True
35739;7;16;9;True
35740;4;8;4;True
35741;3;9;6;True
35742;1;1;0;True
35743;0;0;0;True
35744;3;3;0;True
35745;1;1;0;True
35746;2;2;0;True
35747;5;6;1;True
35748;6;12;6;True
35749;2;2;0;True
35750;8;16;8;True
35751;7;16;9;True
35752;1;1;0;True
35753;1;1;0;True
35754;5;9;4;True
35755;2;4;2;True
35756;12;16;4;True
35757;8;16;8;True
35758;2;2;0;True
35759;2;4;2;True
35760;5;9;4;True
35761;6;16;10;True
35762;7;16;9;True
35763;5;9;4;True
35764;8;16;8;True
35765;4;9;5;True
35766;4;4;0;True
35767;1;1;0;True
35768;1;1;0;True
35769;3;6;3;True
35770;8;16;8;True
35771;5;12;7;True
35772;3;3;0;True
35773;5;12;7;True
35774;4;9;5;True
35775;3;4;1;True
35776;5;12;7;True
35777;1;1;0;True
35778;3;6;3;True
35779;7;16;9;True
35780;2;4;2;True
35781;6;12;6;True
35782;2;2;0;True
35783;3;9;6;True
35784;4;6;2;True
35785;4;8;4;True
35786;2;4;2;True
35787;6;12;6;True
35788;4;12;8;True
35789;7;16;9;True
35790;0;0;0;True
35791;2;4;2;True
35792;4;6;2;True
35793;1;1;0;True
35794;5;9;4;True
35795;1;1;0;True
35796;5;12;7;True
35797;4;9;5;True
35798;5;16;11;True
35799;1;1;0;True
35800;0;0;0;True
35801;2;2;0;True
35802;3;4;1;True
35803;3;6;3;True
35804;3;6;3;True
35805;0;0;0;True
35806;8;16;8;True
35807;2;4;2;True
35808;5;9;4;True
35809;3;4;1;True
35810;3;6;3;True
35811;0;0;0;True
35812;3;6;3;True
35813;1;1;0;True
35814;3;4;1;True
35815;3;6;3;True
35816;3;6;3;True
35817;7;16;9;True
35818;3;6;3;True
35819;3;6;3;True
35820;3;9;6;True
35821;1;1;0;True
35822;4;9;5;True
35823;5;9;4;True
35824;7;16;9;True
35825;9;12;3;True
35826;1;1;0;True
35827;4;6;2;True
35828;1;1;0;True
35829;3;4;1;True
35830;0;0;0;True
35831;0;0;0;True
35832;4;6;2;True
35833;4;8;4;True
35834;5;6;1;True
35835;5;12;7;True
35836;10;16;6;True
35837;6;16;10;True
35838;7;16;9;True
35839;3;6;3;True
35840;5;12;7;True
35841;2;4;2;True
35842;8;16;8;True
35843;4;12;8;True
35844;1;1;0;True
35845;0;0;0;True
35846;1;1;0;True
35847;7;12;5;True
35848;3;9;6;True
35849;4;6;2;True
35850;9;16;7;True
35851;2;2;0;True
35852;5;16;11;True
35853;3;6;3;True
35854;4;9;5;True
35855;1;1;0;True
35856;4;9;5;True
35857;0;0;0;True
35858;3;3;0;True
35859;4;9;5;True
35860;6;9;3;True
35861;5;9;4;True
35862;1;1;0;True
35863;2;4;2;True
35864;6;16;10;True
35865;3;9;6;True
35866;0;0;0;True
35867;5;12;7;True
35868;3;3;0;True
35869;0;0;0;True
35870;4;12;8;True
35871;11;16;5;True
35872;2;4;2;True
35873;6;16;10;True
35874;2;2;0;True
35875;8;16;8;True
35876;2;2;0;True
35877;1;1;0;True
35878;0;0;0;True
35879;6;16;10;True
35880;3;6;3;True
35881;8;12;4;True
35882;4;12;8;True
35883;5;12;7;True
35884;3;6;3;True
35885;2;2;0;True
35886;4;6;2;True
35887;6;12;6;True
35888;5;9;4;True
35889;6;16;10;True
35890;8;16;8;True
35891;9;16;7;True
35892;3;4;1;True
35893;3;6;3;True
35894;4;9;5;True
35895;5;12;7;True
35896;3;9;6;True
35897;2;4;2;True
35898;5;8;3;True
35899;3;4;1;True
35900;0;0;0;True
35901;7;12;5;True
35902;6;12;6;True
35903;2;4;2;True
35904;6;12;6;True
35905;1;1;0;True
35906;6;9;3;True
35907;3;9;6;True
35908;1;1;0;True
35909;6;12;6;True
35910;3;9;6;True
35911;6;16;10;True
35912;2;2;0;True
35913;7;16;9;True
35914;2;4;2;True
35915;8;16;8;True
35916;4;9;5;True
35917;1;1;0;True
35918;4;12;8;True
35919;2;2;0;True
35920;3;6;3;True
35921;2;4;2;True
35922;2;4;2;True
35923;4;9;5;True
35924;1;1;0;True
35925;6;16;10;True
35926;6;12;6;True
35927;3;6;3;True
35928;1;1;0;True
35929;4;6;2;True
35930;0;0;0;True
35931;8;12;4;True
35932;2;4;2;True
35933;2;4;2;True
35934;2;2;0;True
35935;1;1;0;True
35936;5;12;7;True
35937;1;1;0;True
35938;1;1;0;True
35939;7;16;9;True
35940;4;12;8;True
35941;0;0;0;True
35942;2;4;2;True
35943;3;4;1;True
35944;1;1;0;True
35945;6;9;3;True
35946;4;12;8;True
35947;2;2;0;True
35948;3;3;0;True
35949;6;16;10;True
35950;3;6;3;True
35951;5;9;4;True
35952;4;9;5;True
35953;1;1;0;True
35954;2;4;2;True
35955;7;12;5;True
35956;4;9;5;True
35957;2;4;2;True
35958;5;6;1;True
35959;5;9;4;True
35960;6;9;3;True
35961;5;12;7;True
35962;0;0;0;True
35963;5;9;4;True
35964;3;6;3;True
35965;6;8;2;True
35966;3;6;3;True
35967;6;16;10;True
35968;4;8;4;True
35969;0;0;0;True
35970;3;4;1;True
35971;5;9;4;True
35972;4;6;2;True
35973;7;12;5;True
35974;5;9;4;True
35975;4;6;2;True
35976;1;1;0;True
35977;8;16;8;True
35978;4;6;2;True
35979;5;9;4;True
35980;9;16;7;True
35981;4;6;2;True
35982;1;1;0;True
35983;8;16;8;True
35984;6;12;6;True
35985;3;6;3;True
35986;5;9;4;True
35987;1;1;0;True
35988;6;12;6;True
35989;5;12;7;True
35990;2;2;0;True
35991;5;12;7;True
35992;3;9;6;True
35993;3;6;3;True
35994;4;12;8;True
35995;3;9;6;True
35996;4;9;5;True
35997;1;1;0;True
35998;2;2;0;True
35999;5;9;4;True
36000;4;9;5;True
36001;2;2;0;True
36002;3;3;0;True
36003;3;6;3;True
36004;3;6;3;True
36005;5;9;4;True
36006;0;0;0;True
36007;4;6;2;True
36008;2;4;2;True
36009;6;16;10;True
36010;7;12;5;True
36011;7;12;5;True
36012;6;16;10;True
36013;1;1;0;True
36014;4;6;2;True
36015;4;6;2;True
36016;6;16;10;True
36017;5;12;7;True
36018;5;16;11;True
36019;8;16;8;True
36020;6;12;6;True
36021;0;0;0;True
36022;3;4;1;True
36023;1;1;0;True
36024;3;6;3;True
36025;2;4;2;True
36026;1;1;0;True
36027;5;12;7;True
36028;5;12;7;True
36029;4;6;2;True
36030;2;2;0;True
36031;6;16;10;True
36032;3;9;6;True
36033;3;6;3;True
36034;3;9;6;True
36035;3;6;3;True
36036;3;6;3;True
36037;3;6;3;True
36038;4;6;2;True
36039;10;16;6;True
36040;7;12;5;True
36041;4;12;8;True
36042;5;12;7;True
36043;2;2;0;True
36044;1;1;0;True
36045;5;16;11;True
36046;7;12;5;True
36047;2;4;2;True
36048;5;12;7;True
36049;3;9;6;True
36050;3;6;3;True
36051;0;0;0;True
36052;4;9;5;True
36053;2;2;0;True
36054;6;12;6;True
36055;0;0;0;True
36056;3;6;3;True
36057;3;4;1;True
36058;2;4;2;True
36059;3;4;1;True
36060;5;9;4;True
36061;4;8;4;True
36062;6;12;6;True
36063;4;6;2;True
36064;3;6;3;True
36065;5;12;7;True
36066;1;1;0;True
36067;9;16;7;True
36068;2;2;0;True
36069;6;8;2;True
36070;1;1;0;True
36071;3;4;1;True
36072;6;12;6;True
36073;3;4;1;True
36074;2;4;2;True
36075;2;4;2;True
36076;4;9;5;True
36077;1;1;0;True
36078;3;4;1;True
36079;3;3;0;True
36080;0;0;0;True
36081;4;8;4;True
36082;4;6;2;True
36083;7;12;5;True
36084;4;6;2;True
36085;0;0;0;True
36086;1;1;0;True
36087;6;12;6;True
36088;1;1;0;True
36089;11;16;5;True
36090;0;0;0;True
36091;4;6;2;True
36092;0;0;0;True
36093;4;9;5;True
36094;6;9;3;True
36095;7;12;5;True
36096;4;4;0;True
36097;7;16;9;True
36098;1;1;0;True
36099;4;12;8;True
36100;4;6;2;True
36101;7;16;9;True
36102;8;12;4;True
36103;4;9;5;True
36104;3;6;3;True
36105;3;6;3;True
36106;1;1;0;True
36107;8;12;4;True
36108;7;12;5;True
36109;0;0;0;True
36110;2;2;0;True
36111;3;6;3;True
36112;5;12;7;True
36113;3;4;1;True
36114;6;12;6;True
36115;3;6;3;True
36116;7;16;9;True
36117;0;0;0;True
36118;9;16;7;True
36119;4;9;5;True
36120;3;6;3;True
36121;5;12;7;True
36122;5;12;7;True
36123;5;9;4;True
36124;10;16;6;True
36125;3;4;1;True
36126;5;12;7;True
36127;4;6;2;True
36128;5;9;4;True
36129;7;12;5;True
36130;2;4;2;True
36131;7;12;5;True
36132;4;9;5;True
36133;2;4;2;True
36134;2;4;2;True
36135;2;2;0;True
36136;3;6;3;True
36137;4;9;5;True
36138;3;6;3;True
36139;2;4;2;True
36140;3;4;1;True
36141;7;16;9;True
36142;2;2;0;True
36143;4;9;5;True
36144;4;4;0;True
36145;1;1;0;True
36146;0;0;0;True
36147;1;1;0;True
36148;4;6;2;True
36149;4;8;4;True
36150;3;6;3;True
36151;1;1;0;True
36152;2;2;0;True
36153;1;1;0;True
36154;4;6;2;True
36155;0;0;0;True
36156;5;9;4;True
36157;5;12;7;True
36158;10;16;6;True
36159;3;4;1;True
36160;5;12;7;True
36161;0;0;0;True
36162;2;4;2;True
36163;4;9;5;True
36164;6;12;6;True
36165;8;12;4;True
36166;4;9;5;True
36167;3;9;6;True
36168;7;12;5;True
36169;4;6;2;True
36170;3;4;1;True
36171;4;9;5;True
36172;4;6;2;True
36173;2;2;0;True
36174;6;12;6;True
36175;1;1;0;True
36176;5;16;11;True
36177;6;12;6;True
36178;6;16;10;True
36179;0;0;0;True
36180;1;1;0;True
36181;3;6;3;True
36182;6;12;6;True
36183;4;12;8;True
36184;3;9;6;True
36185;7;16;9;True
36186;3;6;3;True
36187;0;0;0;True
36188;3;4;1;True
36189;3;6;3;True
36190;2;4;2;True
36191;5;9;4;True
36192;8;16;8;True
36193;2;4;2;True
36194;7;12;5;True
36195;3;6;3;True
36196;3;4;1;True
36197;6;12;6;True
36198;5;9;4;True
36199;2;4;2;True
36200;3;6;3;True
36201;9;16;7;True
36202;2;4;2;True
36203;4;12;8;True
36204;3;4;1;True
36205;1;1;0;True
36206;5;12;7;True
36207;3;9;6;True
36208;3;6;3;True
36209;4;6;2;True
36210;4;8;4;True
36211;10;16;6;True
36212;5;9;4;True
36213;1;1;0;True
36214;0;0;0;True
36215;2;4;2;True
36216;2;4;2;True
36217;7;16;9;True
36218;2;4;2;True
36219;9;16;7;True
36220;2;4;2;True
36221;2;2;0;True
36222;5;8;3;True
36223;1;1;0;True
36224;5;12;7;True
36225;4;9;5;True
36226;2;4;2;True
36227;7;12;5;True
36228;4;6;2;True
36229;4;6;2;True
36230;9;16;7;True
36231;5;6;1;True
36232;9;16;7;True
36233;6;9;3;True
36234;3;4;1;True
36235;3;4;1;True
36236;2;4;2;True
36237;4;9;5;True
36238;3;6;3;True
36239;2;2;0;True
36240;4;9;5;True
36241;1;1;0;True
36242;4;12;8;True
36243;5;12;7;True
36244;5;12;7;True
36245;12;16;4;True
36246;2;4;2;True
36247;3;3;0;True
36248;1;1;0;True
36249;4;6;2;True
36250;4;12;8;True
36251;3;9;6;True
36252;3;3;0;True
36253;2;4;2;True
36254;4;6;2;True
36255;4;9;5;True
36256;5;16;11;True
36257;1;1;0;True
36258;5;12;7;True
36259;2;2;0;True
36260;2;2;0;True
36261;3;9;6;True
36262;1;1;0;True
36263;2;4;2;True
36264;4;6;2;True
36265;5;12;7;True
36266;1;1;0;True
36267;0;0;0;True
36268;3;9;6;True
36269;1;1;0;True
36270;2;2;0;True
36271;3;4;1;True
36272;4;8;4;True
36273;6;12;6;True
36274;1;1;0;True
36275;3;4;1;True
36276;6;12;6;True
36277;4;12;8;True
36278;0;0;0;True
36279;4;9;5;True
36280;5;9;4;True
36281;3;6;3;True
36282;0;0;0;True
36283;0;0;0;True
36284;6;12;6;True
36285;8;12;4;True
36286;1;1;0;True
36287;7;12;5;True
36288;8;16;8;True
36289;3;6;3;True
36290;6;12;6;True
36291;10;16;6;True
36292;9;12;3;True
36293;7;16;9;True
36294;1;1;0;True
36295;3;6;3;True
36296;4;9;5;True
36297;2;4;2;True
36298;3;9;6;True
36299;3;6;3;True
36300;8;12;4;True
36301;2;4;2;True
36302;2;4;2;True
36303;2;4;2;True
36304;2;4;2;True
36305;1;1;0;True
36306;2;4;2;True
36307;1;1;0;True
36308;2;4;2;True
36309;6;16;10;True
36310;4;8;4;True
36311;5;9;4;True
36312;3;3;0;True
36313;4;9;5;True
36314;7;16;9;True
36315;2;2;0;True
36316;7;9;2;True
36317;1;1;0;True
36318;5;16;11;True
36319;9;16;7;True
36320;3;4;1;True
36321;7;16;9;True
36322;3;6;3;True
36323;4;12;8;True
36324;6;12;6;True
36325;5;9;4;True
36326;2;4;2;True
36327;3;4;1;True
36328;6;16;10;True
36329;1;1;0;True
36330;2;4;2;True
36331;3;4;1;True
36332;5;12;7;True
36333;5;16;11;True
36334;4;6;2;True
36335;5;12;7;True
36336;9;16;7;True
36337;4;6;2;True
36338;1;1;0;True
36339;5;6;1;True
36340;2;2;0;True
36341;4;6;2;True
36342;5;6;1;True
36343;4;9;5;True
36344;0;0;0;True
36345;6;16;10;True
36346;5;9;4;True
36347;1;1;0;True
36348;5;12;7;True
36349;3;4;1;True
36350;0;0;0;True
36351;3;6;3;True
36352;1;1;0;True
36353;4;9;5;True
36354;7;16;9;True
36355;1;1;0;True
36356;0;0;0;True
36357;0;0;0;True
36358;0;0;0;True
36359;4;6;2;True
36360;2;4;2;True
36361;1;1;0;True
36362;5;12;7;True
36363;0;0;0;True
36364;3;4;1;True
36365;2;4;2;True
36366;2;2;0;True
36367;5;12;7;True
36368;1;1;0;True
36369;2;2;0;True
36370;4;9;5;True
36371;1;1;0;True
36372;4;9;5;True
36373;0;0;0;True
36374;2;2;0;True
36375;4;9;5;True
36376;2;2;0;True
36377;6;9;3;True
36378;0;0;0;True
36379;9;16;7;True
36380;5;16;11;True
36381;2;4;2;True
36382;2;4;2;True
36383;6;12;6;True
36384;1;1;0;True
36385;5;8;3;True
36386;5;9;4;True
36387;3;6;3;True
36388;4;6;2;True
36389;3;6;3;True
36390;6;12;6;True
36391;7;16;9;True
36392;4;12;8;True
36393;8;12;4;True
36394;6;12;6;True
36395;3;4;1;True
36396;4;9;5;True
36397;1;1;0;True
36398;6;12;6;True
36399;4;8;4;True
36400;7;12;5;True
36401;6;12;6;True
36402;5;12;7;True
36403;6;16;10;True
36404;4;6;2;True
36405;3;4;1;True
36406;4;8;4;True
36407;6;12;6;True
36408;3;4;1;True
36409;0;0;0;True
36410;5;6;1;True
36411;3;9;6;True
36412;6;8;2;True
36413;2;4;2;True
36414;3;6;3;True
36415;1;1;0;True
36416;3;3;0;True
36417;2;2;0;True
36418;3;6;3;True
36419;5;9;4;True
36420;4;12;8;True
36421;0;0;0;True
36422;4;6;2;True
36423;2;2;0;True
36424;8;16;8;True
36425;1;1;0;True
36426;2;2;0;True
36427;1;1;0;True
36428;10;16;6;True
36429;5;12;7;True
36430;2;2;0;True
36431;3;6;3;True
36432;0;0;0;True
36433;6;12;6;True
36434;1;1;0;True
36435;6;16;10;True
36436;2;2;0;True
36437;5;12;7;True
36438;2;2;0;True
36439;1;1;0;True
36440;1;1;0;True
36441;5;12;7;True
36442;1;1;0;True
36443;9;16;7;True
36444;1;1;0;True
36445;1;1;0;True
36446;6;12;6;True
36447;6;12;6;True
36448;2;4;2;True
36449;2;4;2;True
36450;2;2;0;True
36451;5;12;7;True
36452;3;6;3;True
36453;1;1;0;True
36454;0;0;0;True
36455;2;2;0;True
36456;7;16;9;True
36457;4;9;5;True
36458;7;12;5;True
36459;7;16;9;True
36460;9;16;7;True
36461;4;4;0;True
36462;2;4;2;True
36463;8;16;8;True
36464;3;4;1;True
36465;4;9;5;True
36466;2;2;0;True
36467;8;16;8;True
36468;5;16;11;True
36469;0;0;0;True
36470;0;0;0;True
36471;5;9;4;True
36472;7;9;2;True
36473;1;1;0;True
36474;4;6;2;True
36475;4;6;2;True
36476;2;4;2;True
36477;1;1;0;True
36478;4;9;5;True
36479;6;12;6;True
36480;5;9;4;True
36481;5;9;4;True
36482;4;6;2;True
36483;6;12;6;True
36484;5;12;7;True
36485;7;16;9;True
36486;3;9;6;True
36487;1;1;0;True
36488;3;4;1;True
36489;2;2;0;True
36490;4;8;4;True
36491;1;1;0;True
36492;6;12;6;True
36493;6;12;6;True
36494;0;0;0;True
36495;3;9;6;True
36496;3;6;3;True
36497;4;12;8;True
36498;5;8;3;True
36499;11;16;5;True
36500;1;1;0;True
36501;2;4;2;True
36502;3;6;3;True
36503;5;8;3;True
36504;6;16;10;True
36505;8;12;4;True
36506;1;1;0;True
36507;6;12;6;True
36508;3;6;3;True
36509;2;2;0;True
36510;5;16;11;True
36511;2;2;0;True
36512;1;1;0;True
36513;2;4;2;True
36514;5;8;3;True
36515;3;9;6;True
36516;3;6;3;True
36517;4;6;2;True
36518;3;6;3;True
36519;5;9;4;True
36520;1;1;0;True
36521;4;9;5;True
36522;4;12;8;True
36523;0;0;0;True
36524;3;6;3;True
36525;4;12;8;True
36526;9;16;7;True
36527;2;2;0;True
36528;2;2;0;True
36529;3;6;3;True
36530;4;6;2;True
36531;1;1;0;True
36532;10;16;6;True
36533;3;9;6;True
36534;3;6;3;True
36535;6;12;6;True
36536;6;9;3;True
36537;3;4;1;True
36538;3;9;6;True
36539;6;12;6;True
36540;2;4;2;True
36541;8;16;8;True
36542;4;9;5;True
36543;6;12;6;True
36544;5;8;3;True
36545;3;6;3;True
36546;4;12;8;True
36547;5;9;4;True
36548;3;6;3;True
36549;6;12;6;True
36550;7;12;5;True
36551;4;9;5;True
36552;3;4;1;True
36553;1;1;0;True
36554;1;1;0;True
36555;4;6;2;True
36556;5;16;11;True
36557;6;12;6;True
36558;8;16;8;True
36559;2;2;0;True
36560;4;9;5;True
36561;4;9;5;True
36562;7;16;9;True
36563;6;9;3;True
36564;0;0;0;True
36565;3;6;3;True
36566;2;4;2;True
36567;1;1;0;True
36568;4;12;8;True
36569;3;6;3;True
36570;3;6;3;True
36571;1;1;0;True
36572;4;4;0;True
36573;5;9;4;True
36574;2;4;2;True
36575;5;12;7;True
36576;3;4;1;True
36577;6;16;10;True
36578;5;6;1;True
36579;4;6;2;True
36580;8;16;8;True
36581;1;1;0;True
36582;9;16;7;True
36583;0;0;0;True
36584;4;12;8;True
36585;2;4;2;True
36586;3;6;3;True
36587;1;1;0;True
36588;3;6;3;True
36589;2;2;0;True
36590;4;6;2;True
36591;2;4;2;True
36592;2;2;0;True
36593;5;12;7;True
36594;4;12;8;True
36595;2;2;0;True
36596;3;9;6;True
36597;2;2;0;True
36598;3;6;3;True
36599;3;6;3;True
36600;6;9;3;True
36601;0;0;0;True
36602;3;6;3;True
36603;8;16;8;True
36604;2;2;0;True
36605;4;9;5;True
36606;0;0;0;True
36607;6;12;6;True
36608;5;9;4;True
36609;2;4;2;True
36610;4;12;8;True
36611;7;12;5;True
36612;4;9;5;True
36613;2;2;0;True
36614;0;0;0;True
36615;4;8;4;True
36616;1;1;0;True
36617;5;16;11;True
36618;8;16;8;True
36619;10;16;6;True
36620;6;12;6;True
36621;2;4;2;True
36622;2;2;0;True
36623;6;9;3;True
36624;3;9;6;True
36625;2;2;0;True
36626;2;2;0;True
36627;2;4;2;True
36628;4;6;2;True
36629;1;1;0;True
36630;4;9;5;True
36631;4;8;4;True
36632;3;6;3;True
36633;7;16;9;True
36634;6;16;10;True
36635;5;12;7;True
36636;1;1;0;True
36637;3;9;6;True
36638;4;12;8;True
36639;8;16;8;True
36640;4;12;8;True
36641;2;4;2;True
36642;5;12;7;True
36643;4;8;4;True
36644;5;9;4;True
36645;5;12;7;True
36646;5;12;7;True
36647;8;16;8;True
36648;4;9;5;True
36649;2;2;0;True
36650;1;1;0;True
36651;4;12;8;True
36652;2;4;2;True
36653;7;16;9;True
36654;2;4;2;True
36655;1;1;0;True
36656;2;4;2;True
36657;2;2;0;True
36658;5;16;11;True
36659;4;6;2;True
36660;6;16;10;True
36661;1;1;0;True
36662;4;12;8;True
36663;9;16;7;True
36664;7;12;5;True
36665;2;2;0;True
36666;3;6;3;True
36667;2;4;2;True
36668;3;6;3;True
36669;2;2;0;True
36670;2;2;0;True
36671;1;1;0;True
36672;1;1;0;True
36673;1;1;0;True
36674;3;4;1;True
36675;3;6;3;True
36676;5;9;4;True
36677;2;4;2;True
36678;10;16;6;True
36679;4;9;5;True
36680;1;1;0;True
36681;1;1;0;True
36682;8;12;4;True
36683;8;16;8;True
36684;2;4;2;True
36685;1;1;0;True
36686;3;4;1;True
36687;4;9;5;True
36688;4;12;8;True
36689;8;16;8;True
36690;8;16;8;True
36691;4;9;5;True
36692;5;16;11;True
36693;2;4;2;True
36694;2;2;0;True
36695;1;1;0;True
36696;4;9;5;True
36697;2;2;0;True
36698;5;9;4;True
36699;2;2;0;True
36700;4;12;8;True
36701;1;1;0;True
36702;6;12;6;True
36703;1;1;0;True
36704;1;1;0;True
36705;6;9;3;True
36706;2;4;2;True
36707;3;9;6;True
36708;5;12;7;True
36709;9;16;7;True
36710;0;0;0;True
36711;5;9;4;True
36712;3;9;6;True
36713;5;16;11;True
36714;3;4;1;True
36715;2;2;0;True
36716;3;4;1;True
36717;4;9;5;True
36718;4;12;8;True
36719;1;1;0;True
36720;2;4;2;True
36721;6;12;6;True
36722;1;1;0;True
36723;2;2;0;True
36724;1;1;0;True
36725;2;2;0;True
36726;4;6;2;True
36727;5;12;7;True
36728;4;12;8;True
36729;0;0;0;True
36730;7;16;9;True
36731;4;9;5;True
36732;5;9;4;True
36733;3;6;3;True
36734;6;12;6;True
36735;7;12;5;True
36736;3;6;3;True
36737;5;9;4;True
36738;4;6;2;True
36739;5;12;7;True
36740;1;1;0;True
36741;1;1;0;True
36742;4;6;2;True
36743;2;4;2;True
36744;3;9;6;True
36745;2;2;0;True
36746;6;12;6;True
36747;3;6;3;True
36748;1;1;0;True
36749;0;0;0;True
36750;6;12;6;True
36751;1;1;0;True
36752;9;16;7;True
36753;8;16;8;True
36754;7;16;9;True
36755;5;6;1;True
36756;2;4;2;True
36757;3;4;1;True
36758;6;9;3;True
36759;4;9;5;True
36760;3;9;6;True
36761;5;12;7;True
36762;1;1;0;True
36763;1;1;0;True
36764;8;16;8;True
36765;3;6;3;True
36766;8;16;8;True
36767;2;2;0;True
36768;5;12;7;True
36769;1;1;0;True
36770;3;4;1;True
36771;5;9;4;True
36772;2;4;2;True
36773;7;12;5;True
36774;3;4;1;True
36775;5;12;7;True
36776;0;0;0;True
36777;3;6;3;True
36778;3;4;1;True
36779;6;9;3;True
36780;5;9;4;True
36781;4;8;4;True
36782;1;1;0;True
36783;1;1;0;True
36784;1;1;0;True
36785;3;4;1;True
36786;3;6;3;True
36787;2;4;2;True
36788;5;12;7;True
36789;4;8;4;True
36790;2;4;2;True
36791;7;12;5;True
36792;0;0;0;True
36793;4;9;5;True
36794;3;6;3;True
36795;6;12;6;True
36796;3;9;6;True
36797;4;9;5;True
36798;4;6;2;True
36799;4;9;5;True
36800;2;4;2;True
36801;7;16;9;True
36802;4;12;8;True
36803;4;6;2;True
36804;6;16;10;True
36805;5;16;11;True
36806;6;16;10;True
36807;6;12;6;True
36808;9;12;3;True
36809;2;2;0;True
36810;5;16;11;True
36811;4;12;8;True
36812;4;9;5;True
36813;4;6;2;True
36814;4;8;4;True
36815;3;6;3;True
36816;0;0;0;True
36817;6;12;6;True
36818;0;0;0;True
36819;5;9;4;True
36820;5;9;4;True
36821;6;12;6;True
36822;4;9;5;True
36823;8;16;8;True
36824;10;16;6;True
36825;4;9;5;True
36826;6;8;2;True
36827;2;4;2;True
36828;3;9;6;True
36829;0;0;0;True
36830;4;9;5;True
36831;7;12;5;True
36832;2;2;0;True
36833;3;6;3;True
36834;4;8;4;True
36835;5;12;7;True
36836;7;12;5;True
36837;3;6;3;True
36838;2;2;0;True
36839;0;0;0;True
36840;5;9;4;True
36841;5;16;11;True
36842;0;0;0;True
36843;1;1;0;True
36844;2;4;2;True
36845;4;6;2;True
36846;3;9;6;True
36847;2;2;0;True
36848;6;12;6;True
36849;2;2;0;True
36850;7;12;5;True
36851;5;16;11;True
36852;7;9;2;True
36853;3;9;6;True
36854;4;12;8;True
36855;2;2;0;True
36856;8;12;4;True
36857;0;0;0;True
36858;1;1;0;True
36859;6;12;6;True
36860;5;6;1;True
36861;0;0;0;True
36862;5;12;7;True
36863;7;16;9;True
36864;7;12;5;True
36865;8;16;8;True
36866;2;4;2;True
36867;1;1;0;True
36868;2;4;2;True
36869;6;12;6;True
36870;0;0;0;True
36871;5;16;11;True
36872;2;4;2;True
36873;1;1;0;True
36874;1;1;0;True
36875;3;4;1;True
36876;1;1;0;True
36877;9;16;7;True
36878;3;6;3;True
36879;5;12;7;True
36880;6;16;10;True
36881;5;9;4;True
36882;2;4;2;True
36883;4;6;2;True
36884;1;1;0;True
36885;5;16;11;True
36886;5;9;4;True
36887;3;6;3;True
36888;4;8;4;True
36889;2;4;2;True
36890;7;16;9;True
36891;8;16;8;True
36892;3;6;3;True
36893;7;12;5;True
36894;0;0;0;True
36895;4;12;8;True
36896;5;9;4;True
36897;6;12;6;True
36898;2;4;2;True
36899;1;1;0;True
36900;2;2;0;True
36901;6;9;3;True
36902;2;2;0;True
36903;3;4;1;True
36904;0;0;0;True
36905;2;4;2;True
36906;1;1;0;True
36907;5;12;7;True
36908;5;9;4;True
36909;2;2;0;True
36910;5;12;7;True
36911;0;0;0;True
36912;5;9;4;True
36913;2;4;2;True
36914;2;2;0;True
36915;6;12;6;True
36916;5;12;7;True
36917;4;9;5;True
36918;7;16;9;True
36919;6;12;6;True
36920;3;4;1;True
36921;4;9;5;True
36922;1;1;0;True
36923;4;12;8;True
36924;6;9;3;True
36925;0;0;0;True
36926;2;2;0;True
36927;5;9;4;True
36928;2;4;2;True
36929;3;6;3;True
36930;4;9;5;True
36931;5;8;3;True
36932;2;4;2;True
36933;11;16;5;True
36934;5;9;4;True
36935;4;12;8;True
36936;4;16;12;True
36937;1;1;0;True
36938;3;9;6;True
36939;3;6;3;True
36940;2;4;2;True
36941;4;9;5;True
36942;6;16;10;True
36943;6;9;3;True
36944;7;16;9;True
36945;0;0;0;True
36946;5;12;7;True
36947;4;9;5;True
36948;7;16;9;True
36949;1;1;0;True
36950;4;6;2;True
36951;4;9;5;True
36952;1;1;0;True
36953;2;4;2;True
36954;2;4;2;True
36955;6;16;10;True
36956;3;6;3;True
36957;4;9;5;True
36958;4;12;8;True
36959;2;2;0;True
36960;5;6;1;True
36961;6;16;10;True
36962;1;1;0;True
36963;6;12;6;True
36964;1;1;0;True
36965;4;8;4;True
36966;4;8;4;True
36967;2;4;2;True
36968;0;0;0;True
36969;0;0;0;True
36970;3;6;3;True
36971;1;1;0;True
36972;2;4;2;True
36973;1;1;0;True
36974;7;12;5;True
36975;5;6;1;True
36976;6;16;10;True
36977;1;1;0;True
36978;3;6;3;True
36979;0;0;0;True
36980;4;12;8;True
36981;6;12;6;True
36982;4;12;8;True
36983;2;4;2;True
36984;5;9;4;True
36985;0;0;0;True
36986;6;12;6;True
36987;4;8;4;True
36988;5;12;7;True
36989;8;16;8;True
36990;4;6;2;True
36991;6;9;3;True
36992;11;16;5;True
36993;1;1;0;True
36994;2;2;0;True
36995;2;4;2;True
36996;1;1;0;True
36997;7;12;5;True
36998;1;1;0;True
36999;6;16;10;True
37000;10;16;6;True
37001;5;12;7;True
37002;2;4;2;True
37003;6;12;6;True
37004;2;4;2;True
37005;1;1;0;True
37006;0;0;0;True
37007;0;0;0;True
37008;2;4;2;True
37009;6;12;6;True
37010;0;0;0;True
37011;2;2;0;True
37012;2;2;0;True
37013;2;2;0;True
37014;3;4;1;True
37015;4;12;8;True
37016;0;0;0;True
37017;6;12;6;True
37018;1;1;0;True
37019;6;12;6;True
37020;6;9;3;True
37021;4;6;2;True
37022;1;1;0;True
37023;1;1;0;True
37024;7;12;5;True
37025;1;1;0;True
37026;6;16;10;True
37027;7;12;5;True
37028;3;4;1;True
37029;2;4;2;True
37030;4;9;5;True
37031;7;16;9;True
37032;1;1;0;True
37033;2;4;2;True
37034;4;6;2;True
37035;3;9;6;True
37036;9;16;7;True
37037;5;9;4;True
37038;0;0;0;True
37039;1;1;0;True
37040;6;12;6;True
37041;3;6;3;True
37042;2;4;2;True
37043;5;9;4;True
37044;4;6;2;True
37045;9;16;7;True
37046;5;12;7;True
37047;3;9;6;True
37048;1;1;0;True
37049;3;6;3;True
37050;3;6;3;True
37051;1;1;0;True
37052;3;6;3;True
37053;4;9;5;True
37054;3;9;6;True
37055;4;6;2;True
37056;1;1;0;True
37057;5;9;4;True
37058;5;9;4;True
37059;2;2;0;True
37060;1;1;0;True
37061;4;12;8;True
37062;3;6;3;True
37063;3;9;6;True
37064;7;12;5;True
37065;7;8;1;True
37066;3;4;1;True
37067;3;6;3;True
37068;6;16;10;True
37069;0;0;0;True
37070;0;0;0;True
37071;2;2;0;True
37072;3;6;3;True
37073;12;16;4;True
37074;3;4;1;True
37075;5;12;7;True
37076;5;16;11;True
37077;2;2;0;True
37078;3;4;1;True
37079;3;6;3;True
37080;2;4;2;True
37081;5;8;3;True
37082;6;12;6;True
37083;4;9;5;True
37084;6;12;6;True
37085;1;1;0;True
37086;6;9;3;True
37087;2;2;0;True
37088;9;16;7;True
37089;3;4;1;True
37090;3;4;1;True
37091;9;16;7;True
37092;4;9;5;True
37093;3;9;6;True
37094;3;6;3;True
37095;6;12;6;True
37096;4;6;2;True
37097;2;2;0;True
37098;2;4;2;True
37099;2;4;2;True
37100;1;1;0;True
37101;3;6;3;True
37102;3;9;6;True
37103;3;4;1;True
37104;3;4;1;True
37105;1;1;0;True
37106;7;16;9;True
37107;0;0;0;True
37108;11;16;5;True
37109;5;12;7;True
37110;4;9;5;True
37111;3;6;3;True
37112;3;9;6;True
37113;3;4;1;True
37114;2;4;2;True
37115;6;16;10;True
37116;7;12;5;True
37117;1;1;0;True
37118;3;4;1;True
37119;5;12;7;True
37120;2;4;2;True
37121;4;9;5;True
37122;5;16;11;True
37123;0;0;0;True
37124;5;12;7;True
37125;7;9;2;True
37126;5;12;7;True
37127;4;6;2;True
37128;1;1;0;True
37129;1;1;0;True
37130;2;2;0;True
37131;6;12;6;True
37132;7;12;5;True
37133;6;12;6;True
37134;4;9;5;True
37135;8;16;8;True
37136;7;16;9;True
37137;6;16;10;True
37138;5;9;4;True
37139;6;12;6;True
37140;2;4;2;True
37141;5;8;3;True
37142;5;6;1;True
37143;1;1;0;True
37144;3;6;3;True
37145;3;6;3;True
37146;2;2;0;True
37147;5;12;7;True
37148;6;9;3;True
37149;4;6;2;True
37150;2;4;2;True
37151;2;2;0;True
37152;1;1;0;True
37153;4;9;5;True
37154;7;9;2;True
37155;0;0;0;True
37156;4;12;8;True
37157;8;12;4;True
37158;3;9;6;True
37159;8;16;8;True
37160;2;2;0;True
37161;3;6;3;True
37162;1;1;0;True
37163;2;2;0;True
37164;3;9;6;True
37165;0;0;0;True
37166;3;6;3;True
37167;1;1;0;True
37168;8;12;4;True
37169;3;4;1;True
37170;7;12;5;True
37171;5;9;4;True
37172;5;9;4;True
37173;5;12;7;True
37174;5;9;4;True
37175;0;0;0;True
37176;2;4;2;True
37177;3;6;3;True
37178;5;8;3;True
37179;8;12;4;True
37180;2;4;2;True
37181;5;9;4;True
37182;6;12;6;True
37183;7;16;9;True
37184;1;1;0;True
37185;0;0;0;True
37186;1;1;0;True
37187;2;4;2;True
37188;5;12;7;True
37189;2;2;0;True
37190;8;16;8;True
37191;2;4;2;True
37192;4;9;5;True
37193;7;16;9;True
37194;4;9;5;True
37195;1;1;0;True
37196;1;1;0;True
37197;0;0;0;True
37198;2;4;2;True
37199;4;6;2;True
37200;1;1;0;True
37201;1;1;0;True
37202;1;1;0;True
37203;7;12;5;True
37204;7;16;9;True
37205;5;12;7;True
37206;4;6;2;True
37207;6;12;6;True
37208;9;16;7;True
37209;2;2;0;True
37210;4;12;8;True
37211;2;4;2;True
37212;9;16;7;True
37213;6;16;10;True
37214;2;4;2;True
37215;1;1;0;True
37216;2;2;0;True
37217;4;9;5;True
37218;2;2;0;True
37219;0;0;0;True
37220;3;6;3;True
37221;1;1;0;True
37222;2;4;2;True
37223;4;12;8;True
37224;5;9;4;True
37225;4;9;5;True
37226;1;1;0;True
37227;1;1;0;True
37228;0;0;0;True
37229;3;6;3;True
37230;1;1;0;True
37231;4;9;5;True
37232;2;4;2;True
37233;1;1;0;True
37234;3;6;3;True
37235;5;16;11;True
37236;2;2;0;True
37237;3;9;6;True
37238;2;4;2;True
37239;7;12;5;True
37240;4;6;2;True
37241;3;6;3;True
37242;3;6;3;True
37243;7;12;5;True
37244;4;8;4;True
37245;3;4;1;True
37246;6;16;10;True
37247;5;8;3;True
37248;8;12;4;True
37249;4;9;5;True
37250;5;9;4;True
37251;1;1;0;True
37252;2;2;0;True
37253;4;9;5;True
37254;4;8;4;True
37255;4;9;5;True
37256;4;12;8;True
37257;8;16;8;True
37258;3;4;1;True
37259;6;12;6;True
37260;2;4;2;True
37261;3;6;3;True
37262;6;16;10;True
37263;4;12;8;True
37264;5;12;7;True
37265;2;4;2;True
37266;6;9;3;True
37267;4;16;12;True
37268;5;12;7;True
37269;3;6;3;True
37270;5;9;4;True
37271;3;9;6;True
37272;6;16;10;True
37273;1;1;0;True
37274;2;4;2;True
37275;2;2;0;True
37276;7;12;5;True
37277;1;1;0;True
37278;8;12;4;True
37279;5;9;4;True
37280;4;6;2;True
37281;2;2;0;True
37282;9;16;7;True
37283;5;12;7;True
37284;1;1;0;True
37285;4;9;5;True
37286;3;9;6;True
37287;3;9;6;True
37288;4;12;8;True
37289;3;6;3;True
37290;7;16;9;True
37291;2;4;2;True
37292;6;9;3;True
37293;1;1;0;True
37294;3;6;3;True
37295;1;1;0;True
37296;5;8;3;True
37297;5;8;3;True
37298;7;16;9;True
37299;2;2;0;True
37300;6;16;10;True
37301;3;6;3;True
37302;1;1;0;True
37303;5;12;7;True
37304;4;9;5;True
37305;4;6;2;True
37306;5;9;4;True
37307;7;16;9;True
37308;6;12;6;True
37309;3;4;1;True
37310;6;12;6;True
37311;7;16;9;True
37312;1;1;0;True
37313;3;6;3;True
37314;4;9;5;True
37315;4;6;2;True
37316;4;9;5;True
37317;6;9;3;True
37318;6;12;6;True
37319;7;16;9;True
37320;3;4;1;True
37321;8;12;4;True
37322;0;0;0;True
37323;6;16;10;True
37324;0;0;0;True
37325;7;16;9;True
37326;5;6;1;True
37327;9;16;7;True
37328;1;1;0;True
37329;0;0;0;True
37330;5;12;7;True
37331;4;9;5;True
37332;3;6;3;True
37333;1;1;0;True
37334;6;12;6;True
37335;5;12;7;True
37336;3;9;6;True
37337;3;9;6;True
37338;1;1;0;True
37339;1;1;0;True
37340;2;2;0;True
37341;4;8;4;True
37342;0;0;0;True
37343;0;0;0;True
37344;7;16;9;True
37345;0;0;0;True
37346;2;2;0;True
37347;9;16;7;True
37348;3;4;1;True
37349;4;8;4;True
37350;0;0;0;True
37351;2;2;0;True
37352;2;4;2;True
37353;5;12;7;True
37354;4;6;2;True
37355;6;12;6;True
37356;1;1;0;True
37357;3;4;1;True
37358;1;1;0;True
37359;6;9;3;True
37360;8;16;8;True
37361;0;0;0;True
37362;4;9;5;True
37363;0;0;0;True
37364;3;6;3;True
37365;3;3;0;True
37366;5;12;7;True
37367;9;16;7;True
37368;8;16;8;True
37369;5;9;4;True
37370;1;1;0;True
37371;1;1;0;True
37372;1;1;0;True
37373;3;3;0;True
37374;5;12;7;True
37375;2;4;2;True
37376;6;12;6;True
37377;6;12;6;True
37378;7;16;9;True
37379;1;1;0;True
37380;2;4;2;True
37381;1;1;0;True
37382;4;6;2;True
37383;4;6;2;True
37384;2;2;0;True
37385;4;6;2;True
37386;3;6;3;True
37387;4;12;8;True
37388;4;12;8;True
37389;2;2;0;True
37390;1;1;0;True
37391;4;6;2;True
37392;5;8;3;True
37393;7;16;9;True
37394;2;4;2;True
37395;6;12;6;True
37396;2;2;0;True
37397;1;1;0;True
37398;6;12;6;True
37399;4;12;8;True
37400;2;4;2;True
37401;1;1;0;True
37402;6;16;10;True
37403;0;0;0;True
37404;3;6;3;True
37405;5;9;4;True
37406;2;4;2;True
37407;2;4;2;True
37408;4;12;8;True
37409;9;16;7;True
37410;0;0;0;True
37411;5;12;7;True
37412;1;1;0;True
37413;2;2;0;True
37414;4;6;2;True
37415;0;0;0;True
37416;0;0;0;True
37417;6;8;2;True
37418;2;4;2;True
37419;2;2;0;True
37420;5;12;7;True
37421;3;9;6;True
37422;7;16;9;True
37423;5;12;7;True
37424;6;12;6;True
37425;2;4;2;True
37426;4;9;5;True
37427;2;4;2;True
37428;3;4;1;True
37429;4;6;2;True
37430;5;9;4;True
37431;1;1;0;True
37432;5;9;4;True
37433;4;12;8;True
37434;6;16;10;True
37435;1;1;0;True
37436;4;6;2;True
37437;3;6;3;True
37438;4;8;4;True
37439;5;12;7;True
37440;1;1;0;True
37441;7;16;9;True
37442;2;2;0;True
37443;4;9;5;True
37444;5;12;7;True
37445;4;6;2;True
37446;3;9;6;True
37447;1;1;0;True
37448;1;1;0;True
37449;2;4;2;True
37450;6;16;10;True
37451;5;12;7;True
37452;3;9;6;True
37453;6;9;3;True
37454;2;2;0;True
37455;2;4;2;True
37456;4;9;5;True
37457;3;4;1;True
37458;5;12;7;True
37459;3;6;3;True
37460;3;6;3;True
37461;4;9;5;True
37462;4;8;4;True
37463;7;9;2;True
37464;6;12;6;True
37465;5;16;11;True
37466;2;2;0;True
37467;6;12;6;True
37468;3;4;1;True
37469;1;1;0;True
37470;4;6;2;True
37471;5;12;7;True
37472;5;6;1;True
37473;4;9;5;True
37474;1;1;0;True
37475;0;0;0;True
37476;5;12;7;True
37477;1;1;0;True
37478;1;1;0;True
37479;8;16;8;True
37480;5;16;11;True
37481;1;1;0;True
37482;9;16;7;True
37483;3;6;3;True
37484;0;0;0;True
37485;4;9;5;True
37486;3;6;3;True
37487;6;16;10;True
37488;4;9;5;True
37489;6;12;6;True
37490;2;4;2;True
37491;2;2;0;True
37492;2;2;0;True
37493;4;9;5;True
37494;7;9;2;True
37495;0;0;0;True
37496;3;6;3;True
37497;5;12;7;True
37498;4;9;5;True
37499;6;9;3;True
37500;4;12;8;True
37501;6;12;6;True
37502;2;2;0;True
37503;6;12;6;True
37504;2;4;2;True
37505;4;9;5;True
37506;6;12;6;True
37507;8;12;4;True
37508;4;9;5;True
37509;5;6;1;True
37510;4;6;2;True
37511;4;4;0;True
37512;4;9;5;True
37513;6;12;6;True
37514;4;9;5;True
37515;4;6;2;True
37516;4;6;2;True
37517;2;4;2;True
37518;1;1;0;True
37519;6;12;6;True
37520;1;1;0;True
37521;3;6;3;True
37522;3;6;3;True
37523;1;1;0;True
37524;7;12;5;True
37525;2;4;2;True
37526;1;1;0;True
37527;2;2;0;True
37528;1;1;0;True
37529;6;12;6;True
37530;6;16;10;True
37531;2;2;0;True
37532;1;1;0;True
37533;6;12;6;True
37534;3;6;3;True
37535;3;4;1;True
37536;6;12;6;True
37537;7;12;5;True
37538;0;0;0;True
37539;5;12;7;True
37540;6;12;6;True
37541;6;12;6;True
37542;4;9;5;True
37543;4;9;5;True
37544;7;16;9;True
37545;4;9;5;True
37546;4;12;8;True
37547;2;2;0;True
37548;3;9;6;True
37549;3;9;6;True
37550;1;1;0;True
37551;4;6;2;True
37552;2;4;2;True
37553;4;6;2;True
37554;3;4;1;True
37555;6;9;3;True
37556;9;16;7;True
37557;3;6;3;True
37558;2;2;0;True
37559;8;16;8;True
37560;5;6;1;True
37561;2;4;2;True
37562;1;1;0;True
37563;2;4;2;True
37564;4;9;5;True
37565;4;8;4;True
37566;2;2;0;True
37567;2;4;2;True
37568;2;2;0;True
37569;2;4;2;True
37570;7;12;5;True
37571;0;0;0;True
37572;5;12;7;True
37573;0;0;0;True
37574;6;12;6;True
37575;0;0;0;True
37576;4;6;2;True
37577;5;9;4;True
37578;3;6;3;True
37579;4;9;5;True
37580;4;12;8;True
37581;5;6;1;True
37582;0;0;0;True
37583;6;12;6;True
37584;6;12;6;True
37585;2;4;2;True
37586;3;4;1;True
37587;5;9;4;True
37588;8;12;4;True
37589;5;9;4;True
37590;1;1;0;True
37591;3;6;3;True
37592;2;2;0;True
37593;3;9;6;True
37594;0;0;0;True
37595;5;12;7;True
37596;9;12;3;True
37597;4;9;5;True
37598;7;12;5;True
37599;4;12;8;True
37600;4;9;5;True
37601;1;1;0;True
37602;2;4;2;True
37603;9;16;7;True
37604;6;12;6;True
37605;5;12;7;True
37606;4;6;2;True
37607;2;4;2;True
37608;1;1;0;True
37609;4;12;8;True
37610;1;1;0;True
37611;3;6;3;True
37612;1;1;0;True
37613;1;1;0;True
37614;2;2;0;True
37615;6;16;10;True
37616;1;1;0;True
37617;2;2;0;True
37618;2;4;2;True
37619;1;1;0;True
37620;3;4;1;True
37621;2;4;2;True
37622;6;8;2;True
37623;9;16;7;True
37624;4;6;2;True
37625;2;2;0;True
37626;5;12;7;True
37627;2;4;2;True
37628;3;6;3;True
37629;4;9;5;True
37630;5;9;4;True
37631;6;12;6;True
37632;2;4;2;True
37633;1;1;0;True
37634;2;4;2;True
37635;4;6;2;True
37636;6;9;3;True
37637;9;16;7;True
37638;7;16;9;True
37639;6;9;3;True
37640;4;4;0;True
37641;5;12;7;True
37642;3;6;3;True
37643;3;6;3;True
37644;4;9;5;True
37645;1;1;0;True
37646;3;6;3;True
37647;6;16;10;True
37648;1;1;0;True
37649;3;6;3;True
37650;2;4;2;True
37651;2;4;2;True
37652;7;12;5;True
37653;3;6;3;True
37654;6;12;6;True
37655;2;4;2;True
37656;6;9;3;True
37657;0;0;0;True
37658;3;6;3;True
37659;0;0;0;True
37660;6;9;3;True
37661;5;12;7;True
37662;6;9;3;True
37663;1;1;0;True
37664;3;6;3;True
37665;3;6;3;True
37666;7;12;5;True
37667;1;1;0;True
37668;2;2;0;True
37669;4;8;4;True
37670;2;4;2;True
37671;1;1;0;True
37672;6;12;6;True
37673;2;4;2;True
37674;2;4;2;True
37675;5;6;1;True
37676;2;2;0;True
37677;2;4;2;True
37678;2;4;2;True
37679;7;12;5;True
37680;7;16;9;True
37681;3;6;3;True
37682;6;12;6;True
37683;5;6;1;True
37684;7;16;9;True
37685;2;2;0;True
37686;4;9;5;True
37687;3;4;1;True
37688;9;16;7;True
37689;4;9;5;True
37690;0;0;0;True
37691;3;4;1;True
37692;3;6;3;True
37693;6;16;10;True
37694;1;1;0;True
37695;4;9;5;True
37696;1;1;0;True
37697;6;9;3;True
37698;4;9;5;True
37699;6;9;3;True
37700;6;16;10;True
37701;2;4;2;True
37702;7;12;5;True
37703;1;1;0;True
37704;0;0;0;True
37705;5;8;3;True
37706;4;8;4;True
37707;4;9;5;True
37708;2;2;0;True
37709;2;2;0;True
37710;1;1;0;True
37711;4;6;2;True
37712;1;1;0;True
37713;0;0;0;True
37714;1;1;0;True
37715;3;6;3;True
37716;6;16;10;True
37717;3;3;0;True
37718;3;6;3;True
37719;6;12;6;True
37720;4;4;0;True
37721;5;12;7;True
37722;2;2;0;True
37723;1;1;0;True
37724;5;9;4;True
37725;2;4;2;True
37726;1;1;0;True
37727;4;12;8;True
37728;4;9;5;True
37729;2;2;0;True
37730;3;4;1;True
37731;3;9;6;True
37732;6;12;6;True
37733;6;12;6;True
37734;3;6;3;True
37735;1;1;0;True
37736;1;1;0;True
37737;5;12;7;True
37738;6;9;3;True
37739;6;8;2;True
37740;2;4;2;True
37741;3;6;3;True
37742;5;12;7;True
37743;3;6;3;True
37744;8;12;4;True
37745;0;0;0;True
37746;2;2;0;True
37747;7;16;9;True
37748;1;1;0;True
37749;2;2;0;True
37750;6;12;6;True
37751;6;12;6;True
37752;5;9;4;True
37753;1;1;0;True
37754;4;6;2;True
37755;2;4;2;True
37756;4;9;5;True
37757;5;12;7;True
37758;4;9;5;True
37759;9;16;7;True
37760;4;9;5;True
37761;3;6;3;True
37762;1;1;0;True
37763;6;12;6;True
37764;8;12;4;True
37765;4;6;2;True
37766;2;2;0;True
37767;9;16;7;True
37768;5;12;7;True
37769;2;4;2;True
37770;0;0;0;True
37771;2;4;2;True
37772;7;16;9;True
37773;2;2;0;True
37774;5;16;11;True
37775;7;12;5;True
37776;3;6;3;True
37777;1;1;0;True
37778;1;1;0;True
37779;11;16;5;True
37780;2;4;2;True
37781;4;4;0;True
37782;3;6;3;True
37783;8;16;8;True
37784;2;4;2;True
37785;2;4;2;True
37786;2;4;2;True
37787;5;9;4;True
37788;1;1;0;True
37789;9;16;7;True
37790;5;12;7;True
37791;6;16;10;True
37792;5;8;3;True
37793;5;12;7;True
37794;3;6;3;True
37795;8;16;8;True
37796;1;1;0;True
37797;5;9;4;True
37798;6;16;10;True
37799;2;4;2;True
37800;4;12;8;True
37801;3;9;6;True
37802;1;1;0;True
37803;1;1;0;True
37804;4;9;5;True
37805;6;12;6;True
37806;0;0;0;True
37807;2;4;2;True
37808;4;6;2;True
37809;4;4;0;True
37810;1;1;0;True
37811;7;12;5;True
37812;5;12;7;True
37813;6;12;6;True
37814;7;16;9;True
37815;7;12;5;True
37816;4;9;5;True
37817;0;0;0;True
37818;2;4;2;True
37819;7;16;9;True
37820;3;4;1;True
37821;4;12;8;True
37822;2;4;2;True
37823;7;16;9;True
37824;0;0;0;True
37825;4;9;5;True
37826;4;12;8;True
37827;6;16;10;True
37828;2;4;2;True
37829;6;12;6;True
37830;3;6;3;True
37831;4;16;12;True
37832;4;6;2;True
37833;6;8;2;True
37834;4;6;2;True
37835;10;16;6;True
37836;2;4;2;True
37837;1;1;0;True
37838;4;8;4;True
37839;3;9;6;True
37840;4;6;2;True
37841;5;12;7;True
37842;4;9;5;True
37843;0;0;0;True
37844;2;2;0;True
37845;1;1;0;True
37846;8;12;4;True
37847;3;9;6;True
37848;9;16;7;True
37849;1;1;0;True
37850;3;6;3;True
37851;4;9;5;True
37852;4;12;8;True
37853;2;4;2;True
37854;4;9;5;True
37855;4;9;5;True
37856;0;0;0;True
37857;2;4;2;True
37858;4;9;5;True
37859;5;12;7;True
37860;4;8;4;True
37861;4;8;4;True
37862;5;12;7;True
37863;3;9;6;True
37864;0;0;0;True
37865;3;4;1;True
37866;2;4;2;True
37867;3;6;3;True
37868;1;1;0;True
37869;2;4;2;True
37870;4;6;2;True
37871;4;12;8;True
37872;8;16;8;True
37873;3;4;1;True
37874;7;16;9;True
37875;4;9;5;True
37876;5;12;7;True
37877;5;9;4;True
37878;10;16;6;True
37879;4;12;8;True
37880;7;16;9;True
37881;3;6;3;True
37882;4;4;0;True
37883;3;6;3;True
37884;1;1;0;True
37885;7;16;9;True
37886;4;6;2;True
37887;5;9;4;True
37888;4;9;5;True
37889;6;12;6;True
37890;4;9;5;True
37891;3;6;3;True
37892;4;9;5;True
37893;4;9;5;True
37894;9;16;7;True
37895;1;1;0;True
37896;3;6;3;True
37897;4;9;5;True
37898;5;9;4;True
37899;5;6;1;True
37900;6;16;10;True
37901;2;4;2;True
37902;6;12;6;True
37903;3;6;3;True
37904;5;12;7;True
37905;7;12;5;True
37906;0;0;0;True
37907;2;2;0;True
37908;1;1;0;True
37909;9;16;7;True
37910;6;8;2;True
37911;6;12;6;True
37912;2;2;0;True
37913;2;2;0;True
37914;5;9;4;True
37915;4;8;4;True
37916;4;12;8;True
37917;2;4;2;True
37918;5;9;4;True
37919;7;12;5;True
37920;2;4;2;True
37921;2;4;2;True
37922;8;16;8;True
37923;5;9;4;True
37924;3;9;6;True
37925;6;16;10;True
37926;4;9;5;True
37927;7;16;9;True
37928;1;1;0;True
37929;5;12;7;True
37930;3;6;3;True
37931;2;4;2;True
37932;2;4;2;True
37933;5;9;4;True
37934;0;0;0;True
37935;10;16;6;True
37936;2;4;2;True
37937;0;0;0;True
37938;1;1;0;True
37939;2;4;2;True
37940;1;1;0;True
37941;0;0;0;True
37942;3;3;0;True
37943;2;4;2;True
37944;5;12;7;True
37945;3;6;3;True
37946;3;6;3;True
37947;7;16;9;True
37948;5;12;7;True
37949;0;0;0;True
37950;6;9;3;True
37951;1;1;0;True
37952;0;0;0;True
37953;7;16;9;True
37954;1;1;0;True
37955;5;12;7;True
37956;1;1;0;True
37957;10;16;6;True
37958;4;6;2;True
37959;3;6;3;True
37960;4;8;4;True
37961;3;4;1;True
37962;2;2;0;True
37963;4;9;5;True
37964;6;9;3;True
37965;4;8;4;True
37966;3;6;3;True
37967;2;2;0;True
37968;6;12;6;True
37969;6;12;6;True
37970;0;0;0;True
37971;4;6;2;True
37972;6;16;10;True
37973;5;9;4;True
37974;6;12;6;True
37975;1;1;0;True
37976;3;6;3;True
37977;3;6;3;True
37978;5;12;7;True
37979;3;6;3;True
37980;1;1;0;True
37981;4;12;8;True
37982;5;8;3;True
37983;5;12;7;True
37984;3;9;6;True
37985;1;1;0;True
37986;1;1;0;True
37987;7;16;9;True
37988;0;0;0;True
37989;1;1;0;True
37990;3;6;3;True
37991;3;4;1;True
37992;4;9;5;True
37993;4;6;2;True
37994;5;12;7;True
37995;9;16;7;True
37996;0;0;0;True
37997;4;9;5;True
37998;3;6;3;True
37999;6;12;6;True
38000;0;0;0;True
38001;1;1;0;True
38002;3;4;1;True
38003;0;0;0;True
38004;5;16;11;True
38005;6;16;10;True
38006;3;6;3;True
38007;9;16;7;True
38008;5;6;1;True
38009;4;9;5;True
38010;5;12;7;True
38011;5;8;3;True
38012;7;16;9;True
38013;2;2;0;True
38014;1;1;0;True
38015;0;0;0;True
38016;2;4;2;True
38017;3;6;3;True
38018;4;9;5;True
38019;6;12;6;True
38020;1;1;0;True
38021;5;8;3;True
38022;4;12;8;True
38023;4;16;12;True
38024;8;16;8;True
38025;1;1;0;True
38026;7;12;5;True
38027;6;9;3;True
38028;8;16;8;True
38029;6;8;2;True
38030;1;1;0;True
38031;7;12;5;True
38032;3;4;1;True
38033;3;6;3;True
38034;3;6;3;True
38035;1;1;0;True
38036;8;12;4;True
38037;4;12;8;True
38038;5;9;4;True
38039;2;4;2;True
38040;1;1;0;True
38041;3;6;3;True
38042;7;12;5;True
38043;1;1;0;True
38044;2;4;2;True
38045;5;12;7;True
38046;9;16;7;True
38047;5;12;7;True
38048;2;4;2;True
38049;3;6;3;True
38050;1;1;0;True
38051;7;12;5;True
38052;6;12;6;True
38053;5;12;7;True
38054;0;0;0;True
38055;2;4;2;True
38056;3;6;3;True
38057;3;6;3;True
38058;0;0;0;True
38059;4;9;5;True
38060;2;2;0;True
38061;12;16;4;True
38062;0;0;0;True
38063;5;8;3;True
38064;5;9;4;True
38065;2;4;2;True
38066;7;16;9;True
38067;2;4;2;True
38068;2;4;2;True
38069;2;2;0;True
38070;3;6;3;True
38071;1;1;0;True
38072;2;4;2;True
38073;2;4;2;True
38074;1;1;0;True
38075;5;12;7;True
38076;2;2;0;True
38077;2;2;0;True
38078;10;16;6;True
38079;3;6;3;True
38080;8;16;8;True
38081;2;2;0;True
38082;4;6;2;True
38083;1;1;0;True
38084;4;6;2;True
38085;5;12;7;True
38086;7;12;5;True
38087;3;4;1;True
38088;6;12;6;True
38089;3;9;6;True
38090;1;1;0;True
38091;2;2;0;True
38092;3;6;3;True
38093;4;12;8;True
38094;8;16;8;True
38095;1;1;0;True
38096;6;12;6;True
38097;6;16;10;True
38098;3;3;0;True
38099;3;6;3;True
38100;4;16;12;True
38101;9;16;7;True
38102;5;6;1;True
38103;5;9;4;True
38104;7;9;2;True
38105;0;0;0;True
38106;5;8;3;True
38107;4;9;5;True
38108;4;6;2;True
38109;2;2;0;True
38110;11;16;5;True
38111;2;4;2;True
38112;4;6;2;True
38113;1;1;0;True
38114;6;16;10;True
38115;2;2;0;True
38116;0;0;0;True
38117;7;12;5;True
38118;8;16;8;True
38119;2;4;2;True
38120;1;1;0;True
38121;4;9;5;True
38122;5;9;4;True
38123;7;12;5;True
38124;0;0;0;True
38125;3;4;1;True
38126;2;4;2;True
38127;2;4;2;True
38128;7;12;5;True
38129;3;6;3;True
38130;4;12;8;True
38131;4;9;5;True
38132;6;12;6;True
38133;4;6;2;True
38134;6;12;6;True
38135;3;6;3;True
38136;3;3;0;True
38137;1;1;0;True
38138;8;12;4;True
38139;4;8;4;True
38140;4;6;2;True
38141;3;6;3;True
38142;4;6;2;True
38143;1;1;0;True
38144;3;9;6;True
38145;3;6;3;True
38146;2;4;2;True
38147;4;4;0;True
38148;5;12;7;True
38149;4;6;2;True
38150;3;6;3;True
38151;3;4;1;True
38152;3;9;6;True
38153;3;6;3;True
38154;3;6;3;True
38155;3;6;3;True
38156;2;4;2;True
38157;3;9;6;True
38158;6;12;6;True
38159;6;9;3;True
38160;5;9;4;True
38161;2;4;2;True
38162;4;8;4;True
38163;3;9;6;True
38164;2;4;2;True
38165;1;1;0;True
38166;3;4;1;True
38167;2;4;2;True
38168;5;12;7;True
38169;7;9;2;True
38170;2;2;0;True
38171;5;6;1;True
38172;6;9;3;True
38173;4;9;5;True
38174;3;6;3;True
38175;5;12;7;True
38176;2;4;2;True
38177;6;16;10;True
38178;5;9;4;True
38179;6;12;6;True
38180;2;4;2;True
38181;2;2;0;True
38182;5;12;7;True
38183;5;12;7;True
38184;1;1;0;True
38185;7;12;5;True
38186;3;9;6;True
38187;3;9;6;True
38188;4;9;5;True
38189;2;4;2;True
38190;3;6;3;True
38191;2;2;0;True
38192;3;6;3;True
38193;5;12;7;True
38194;5;16;11;True
38195;7;9;2;True
38196;5;9;4;True
38197;9;16;7;True
38198;2;2;0;True
38199;3;6;3;True
38200;0;0;0;True
38201;2;2;0;True
38202;9;16;7;True
38203;4;9;5;True
38204;2;4;2;True
38205;7;12;5;True
38206;8;12;4;True
38207;4;9;5;True
38208;1;1;0;True
38209;1;1;0;True
38210;3;6;3;True
38211;6;12;6;True
38212;1;1;0;True
38213;2;4;2;True
38214;5;12;7;True
38215;5;6;1;True
38216;3;3;0;True
38217;2;4;2;True
38218;7;9;2;True
38219;1;1;0;True
38220;2;4;2;True
38221;2;2;0;True
38222;2;4;2;True
38223;6;12;6;True
38224;4;12;8;True
38225;4;9;5;True
38226;4;12;8;True
38227;2;2;0;True
38228;5;9;4;True
38229;3;6;3;True
38230;4;9;5;True
38231;4;12;8;True
38232;4;9;5;True
38233;12;16;4;True
38234;6;16;10;True
38235;5;12;7;True
38236;1;1;0;True
38237;5;12;7;True
38238;4;9;5;True
38239;1;1;0;True
38240;2;4;2;True
38241;5;12;7;True
38242;7;12;5;True
38243;3;6;3;True
38244;5;12;7;True
38245;0;0;0;True
38246;3;6;3;True
38247;2;4;2;True
38248;3;6;3;True
38249;4;12;8;True
38250;5;9;4;True
38251;1;1;0;True
38252;6;12;6;True
38253;0;0;0;True
38254;3;4;1;True
38255;8;16;8;True
38256;2;4;2;True
38257;4;6;2;True
38258;2;4;2;True
38259;1;1;0;True
38260;3;6;3;True
38261;2;2;0;True
38262;3;6;3;True
38263;5;16;11;True
38264;4;4;0;True
38265;3;6;3;True
38266;8;9;1;True
38267;7;9;2;True
38268;7;9;2;True
38269;1;1;0;True
38270;1;1;0;True
38271;6;12;6;True
38272;0;0;0;True
38273;3;9;6;True
38274;5;9;4;True
38275;2;4;2;True
38276;0;0;0;True
38277;2;2;0;True
38278;8;12;4;True
38279;4;9;5;True
38280;6;9;3;True
38281;4;4;0;True
38282;5;12;7;True
38283;3;6;3;True
38284;8;16;8;True
38285;1;1;0;True
38286;1;1;0;True
38287;8;16;8;True
38288;2;2;0;True
38289;2;2;0;True
38290;0;0;0;True
38291;6;12;6;True
38292;4;12;8;True
38293;9;16;7;True
38294;3;6;3;True
38295;7;12;5;True
38296;6;9;3;True
38297;3;4;1;True
38298;3;9;6;True
38299;6;12;6;True
38300;6;8;2;True
38301;5;8;3;True
38302;3;6;3;True
38303;4;12;8;True
38304;9;16;7;True
38305;1;1;0;True
38306;3;3;0;True
38307;8;16;8;True
38308;3;9;6;True
38309;3;6;3;True
38310;5;12;7;True
38311;5;9;4;True
38312;5;12;7;True
38313;3;6;3;True
38314;7;16;9;True
38315;2;2;0;True
38316;4;12;8;True
38317;3;9;6;True
38318;3;4;1;True
38319;9;12;3;True
38320;3;6;3;True
38321;6;16;10;True
38322;3;4;1;True
38323;0;0;0;True
38324;4;9;5;True
38325;0;0;0;True
38326;8;16;8;True
38327;1;1;0;True
38328;7;12;5;True
38329;4;6;2;True
38330;0;0;0;True
38331;2;4;2;True
38332;1;1;0;True
38333;2;4;2;True
38334;4;12;8;True
38335;1;1;0;True
38336;4;9;5;True
38337;2;4;2;True
38338;2;4;2;True
38339;8;16;8;True
38340;2;4;2;True
38341;6;12;6;True
38342;2;2;0;True
38343;0;0;0;True
38344;4;4;0;True
38345;1;1;0;True
38346;0;0;0;True
38347;3;4;1;True
38348;1;1;0;True
38349;7;16;9;True
38350;6;12;6;True
38351;4;6;2;True
38352;5;9;4;True
38353;5;16;11;True
38354;1;1;0;True
38355;7;16;9;True
38356;2;4;2;True
38357;1;1;0;True
38358;0;0;0;True
38359;4;4;0;True
38360;5;6;1;True
38361;5;9;4;True
38362;2;4;2;True
38363;3;6;3;True
38364;8;16;8;True
38365;6;12;6;True
38366;3;4;1;True
38367;4;12;8;True
38368;6;12;6;True
38369;9;16;7;True
38370;1;1;0;True
38371;1;1;0;True
38372;2;4;2;True
38373;3;6;3;True
38374;5;12;7;True
38375;4;12;8;True
38376;1;1;0;True
38377;5;6;1;True
38378;7;16;9;True
38379;4;8;4;True
38380;6;12;6;True
38381;1;1;0;True
38382;4;12;8;True
38383;5;6;1;True
38384;1;1;0;True
38385;3;6;3;True
38386;4;9;5;True
38387;1;1;0;True
38388;1;1;0;True
38389;5;9;4;True
38390;3;6;3;True
38391;4;8;4;True
38392;2;4;2;True
38393;2;4;2;True
38394;2;4;2;True
38395;4;6;2;True
38396;2;2;0;True
38397;2;2;0;True
38398;5;9;4;True
38399;5;12;7;True
38400;1;1;0;True
38401;1;1;0;True
38402;5;8;3;True
38403;8;16;8;True
38404;5;6;1;True
38405;5;16;11;True
38406;1;1;0;True
38407;0;0;0;True
38408;0;0;0;True
38409;4;6;2;True
38410;3;6;3;True
38411;5;12;7;True
38412;2;4;2;True
38413;7;16;9;True
38414;6;12;6;True
38415;3;6;3;True
38416;3;6;3;True
38417;0;0;0;True
38418;4;6;2;True
38419;3;4;1;True
38420;5;16;11;True
38421;4;12;8;True
38422;8;16;8;True
38423;4;6;2;True
38424;0;0;0;True
38425;4;9;5;True
38426;8;16;8;True
38427;0;0;0;True
38428;6;12;6;True
38429;1;1;0;True
38430;7;16;9;True
38431;4;4;0;True
38432;3;6;3;True
38433;1;1;0;True
38434;3;6;3;True
38435;6;16;10;True
38436;1;1;0;True
38437;9;16;7;True
38438;6;12;6;True
38439;5;12;7;True
38440;1;1;0;True
38441;1;1;0;True
38442;1;1;0;True
38443;0;0;0;True
38444;7;16;9;True
38445;3;6;3;True
38446;0;0;0;True
38447;4;6;2;True
38448;3;9;6;True
38449;4;8;4;True
38450;3;6;3;True
38451;4;6;2;True
38452;4;12;8;True
38453;5;9;4;True
38454;0;0;0;True
38455;1;1;0;True
38456;4;6;2;True
38457;8;16;8;True
38458;4;6;2;True
38459;4;12;8;True
38460;0;0;0;True
38461;2;4;2;True
38462;2;2;0;True
38463;3;6;3;True
38464;2;4;2;True
38465;7;12;5;True
38466;4;12;8;True
38467;0;0;0;True
38468;1;1;0;True
38469;4;6;2;True
38470;3;9;6;True
38471;2;2;0;True
38472;1;1;0;True
38473;2;4;2;True
38474;5;12;7;True
38475;8;16;8;True
38476;2;4;2;True
38477;3;9;6;True
38478;2;2;0;True
38479;5;6;1;True
38480;1;1;0;True
38481;5;12;7;True
38482;6;12;6;True
38483;4;6;2;True
38484;3;6;3;True
38485;3;6;3;True
38486;1;1;0;True
38487;2;2;0;True
38488;6;16;10;True
38489;5;9;4;True
38490;5;12;7;True
38491;2;2;0;True
38492;3;4;1;True
38493;3;6;3;True
38494;4;6;2;True
38495;7;16;9;True
38496;6;12;6;True
38497;1;1;0;True
38498;1;1;0;True
38499;6;12;6;True
38500;4;9;5;True
38501;6;16;10;True
38502;4;9;5;True
38503;3;3;0;True
38504;2;2;0;True
38505;5;9;4;True
38506;2;4;2;True
38507;2;2;0;True
38508;2;4;2;True
38509;1;1;0;True
38510;2;4;2;True
38511;3;6;3;True
38512;9;16;7;True
38513;1;1;0;True
38514;1;1;0;True
38515;10;12;2;True
38516;2;2;0;True
38517;4;6;2;True
38518;3;4;1;True
38519;6;8;2;True
38520;2;2;0;True
38521;8;16;8;True
38522;9;16;7;True
38523;6;9;3;True
38524;7;12;5;True
38525;5;12;7;True
38526;12;16;4;True
38527;1;1;0;True
38528;7;12;5;True
38529;3;6;3;True
38530;4;12;8;True
38531;5;16;11;True
38532;7;12;5;True
38533;6;12;6;True
38534;7;16;9;True
38535;6;8;2;True
38536;2;2;0;True
38537;3;9;6;True
38538;3;9;6;True
38539;3;9;6;True
38540;3;6;3;True
38541;1;1;0;True
38542;6;9;3;True
38543;6;16;10;True
38544;7;12;5;True
38545;4;9;5;True
38546;1;1;0;True
38547;0;0;0;True
38548;3;6;3;True
38549;4;9;5;True
38550;4;9;5;True
38551;2;4;2;True
38552;5;12;7;True
38553;4;6;2;True
38554;3;9;6;True
38555;5;12;7;True
38556;6;12;6;True
38557;4;16;12;True
38558;4;6;2;True
38559;2;4;2;True
38560;3;4;1;True
38561;4;9;5;True
38562;4;9;5;True
38563;2;4;2;True
38564;2;2;0;True
38565;3;6;3;True
38566;3;6;3;True
38567;4;6;2;True
38568;3;6;3;True
38569;7;16;9;True
38570;3;4;1;True
38571;4;12;8;True
38572;7;12;5;True
38573;5;12;7;True
38574;7;12;5;True
38575;3;9;6;True
38576;0;0;0;True
38577;4;8;4;True
38578;4;9;5;True
38579;6;16;10;True
38580;4;6;2;True
38581;3;6;3;True
38582;2;2;0;True
38583;0;0;0;True
38584;2;4;2;True
38585;2;4;2;True
38586;3;4;1;True
38587;5;12;7;True
38588;3;9;6;True
38589;4;9;5;True
38590;2;4;2;True
38591;3;6;3;True
38592;3;9;6;True
38593;4;9;5;True
38594;6;12;6;True
38595;0;0;0;True
38596;2;4;2;True
38597;1;1;0;True
38598;6;12;6;True
38599;0;0;0;True
38600;6;12;6;True
38601;2;4;2;True
38602;4;12;8;True
38603;4;9;5;True
38604;4;6;2;True
38605;8;16;8;True
38606;4;9;5;True
38607;4;9;5;True
38608;1;1;0;True
38609;7;16;9;True
38610;6;9;3;True
38611;2;2;0;True
38612;2;4;2;True
38613;6;12;6;True
38614;3;6;3;True
38615;4;12;8;True
38616;4;9;5;True
38617;4;9;5;True
38618;4;6;2;True
38619;2;4;2;True
38620;4;8;4;True
38621;1;1;0;True
38622;1;1;0;True
38623;0;0;0;True
38624;2;2;0;True
38625;2;2;0;True
38626;8;12;4;True
38627;6;16;10;True
38628;2;4;2;True
38629;5;12;7;True
38630;7;16;9;True
38631;0;0;0;True
38632;1;1;0;True
38633;2;2;0;True
38634;7;12;5;True
38635;2;2;0;True
38636;2;4;2;True
38637;0;0;0;True
38638;7;16;9;True
38639;2;4;2;True
38640;5;9;4;True
38641;4;9;5;True
38642;5;16;11;True
38643;8;16;8;True
38644;5;9;4;True
38645;0;0;0;True
38646;1;1;0;True
38647;3;6;3;True
38648;5;6;1;True
38649;6;12;6;True
38650;1;1;0;True
38651;6;12;6;True
38652;4;12;8;True
38653;6;16;10;True
38654;0;0;0;True
38655;1;1;0;True
38656;5;12;7;True
38657;9;16;7;True
38658;3;4;1;True
38659;4;12;8;True
38660;3;4;1;True
38661;7;16;9;True
38662;1;1;0;True
38663;4;9;5;True
38664;7;12;5;True
38665;6;16;10;True
38666;4;9;5;True
38667;7;16;9;True
38668;1;1;0;True
38669;2;2;0;True
38670;1;1;0;True
38671;5;12;7;True
38672;0;0;0;True
38673;4;8;4;True
38674;2;2;0;True
38675;3;6;3;True
38676;0;0;0;True
38677;3;6;3;True
38678;8;16;8;True
38679;0;0;0;True
38680;6;12;6;True
38681;1;1;0;True
38682;10;16;6;True
38683;6;12;6;True
38684;6;16;10;True
38685;5;12;7;True
38686;3;6;3;True
38687;3;6;3;True
38688;2;4;2;True
38689;6;16;10;True
38690;3;6;3;True
38691;1;1;0;True
38692;3;6;3;True
38693;5;12;7;True
38694;6;8;2;True
38695;2;4;2;True
38696;1;1;0;True
38697;4;8;4;True
38698;0;0;0;True
38699;1;1;0;True
38700;2;4;2;True
38701;3;4;1;True
38702;1;1;0;True
38703;2;4;2;True
38704;4;16;12;True
38705;3;4;1;True
38706;7;12;5;True
38707;5;12;7;True
38708;1;1;0;True
38709;5;9;4;True
38710;0;0;0;True
38711;5;12;7;True
38712;2;4;2;True
38713;1;1;0;True
38714;1;1;0;True
38715;5;9;4;True
38716;2;2;0;True
38717;2;2;0;True
38718;3;9;6;True
38719;9;16;7;True
38720;5;12;7;True
38721;0;0;0;True
38722;2;4;2;True
38723;2;4;2;True
38724;9;16;7;True
38725;6;8;2;True
38726;5;9;4;True
38727;7;12;5;True
38728;6;12;6;True
38729;6;9;3;True
38730;6;12;6;True
38731;5;12;7;True
38732;3;9;6;True
38733;1;1;0;True
38734;5;12;7;True
38735;5;8;3;True
38736;5;16;11;True
38737;5;12;7;True
38738;1;1;0;True
38739;2;4;2;True
38740;4;12;8;True
38741;6;16;10;True
38742;5;12;7;True
38743;5;12;7;True
38744;2;4;2;True
38745;0;0;0;True
38746;2;2;0;True
38747;4;9;5;True
38748;4;9;5;True
38749;12;16;4;True
38750;2;2;0;True
38751;3;6;3;True
38752;5;9;4;True
38753;7;16;9;True
38754;3;6;3;True
38755;6;12;6;True
38756;6;16;10;True
38757;1;1;0;True
38758;1;1;0;True
38759;0;0;0;True
38760;1;1;0;True
38761;8;16;8;True
38762;1;1;0;True
38763;3;6;3;True
38764;4;8;4;True
38765;1;1;0;True
38766;4;6;2;True
38767;4;9;5;True
38768;0;0;0;True
38769;2;2;0;True
38770;3;6;3;True
38771;4;8;4;True
38772;6;12;6;True
38773;6;12;6;True
38774;1;1;0;True
38775;4;9;5;True
38776;2;4;2;True
38777;1;1;0;True
38778;6;12;6;True
38779;2;2;0;True
38780;4;9;5;True
38781;0;0;0;True
38782;2;2;0;True
38783;3;3;0;True
38784;1;1;0;True
38785;4;9;5;True
38786;6;12;6;True
38787;0;0;0;True
38788;5;8;3;True
38789;7;16;9;True
38790;2;4;2;True
38791;4;9;5;True
38792;4;12;8;True
38793;5;9;4;True
38794;3;9;6;True
38795;4;9;5;True
38796;2;2;0;True
38797;2;2;0;True
38798;4;6;2;True
38799;5;9;4;True
38800;6;12;6;True
38801;5;9;4;True
38802;3;6;3;True
38803;3;6;3;True
38804;2;4;2;True
38805;2;4;2;True
38806;7;16;9;True
38807;4;9;5;True
38808;1;1;0;True
38809;2;4;2;True
38810;4;8;4;True
38811;1;1;0;True
38812;5;12;7;True
38813;0;0;0;True
38814;0;0;0;True
38815;4;6;2;True
38816;7;16;9;True
38817;9;16;7;True
38818;5;9;4;True
38819;2;2;0;True
38820;2;2;0;True
38821;2;4;2;True
38822;5;9;4;True
38823;1;1;0;True
38824;3;6;3;True
38825;4;8;4;True
38826;1;1;0;True
38827;4;12;8;True
38828;3;6;3;True
38829;0;0;0;True
38830;5;12;7;True
38831;2;4;2;True
38832;6;12;6;True
38833;6;9;3;True
38834;6;9;3;True
38835;3;4;1;True
38836;8;16;8;True
38837;8;16;8;True
38838;2;2;0;True
38839;1;1;0;True
38840;6;12;6;True
38841;9;16;7;True
38842;6;12;6;True
38843;3;4;1;True
38844;7;16;9;True
38845;4;9;5;True
38846;3;6;3;True
38847;1;1;0;True
38848;0;0;0;True
38849;1;1;0;True
38850;2;4;2;True
38851;4;12;8;True
38852;1;1;0;True
38853;2;2;0;True
38854;2;4;2;True
38855;3;6;3;True
38856;1;1;0;True
38857;11;16;5;True
38858;4;9;5;True
38859;1;1;0;True
38860;4;12;8;True
38861;5;12;7;True
38862;1;1;0;True
38863;4;4;0;True
38864;3;4;1;True
38865;4;9;5;True
38866;4;16;12;True
38867;5;12;7;True
38868;0;0;0;True
38869;0;0;0;True
38870;3;6;3;True
38871;2;4;2;True
38872;0;0;0;True
38873;3;6;3;True
38874;1;1;0;True
38875;3;4;1;True
38876;2;2;0;True
38877;7;16;9;True
38878;7;9;2;True
38879;4;9;5;True
38880;0;0;0;True
38881;3;6;3;True
38882;0;0;0;True
38883;7;12;5;True
38884;8;16;8;True
38885;3;9;6;True
38886;0;0;0;True
38887;4;8;4;True
38888;5;12;7;True
38889;4;6;2;True
38890;6;16;10;True
38891;1;1;0;True
38892;1;1;0;True
38893;4;6;2;True
38894;2;4;2;True
38895;3;3;0;True
38896;3;9;6;True
38897;3;6;3;True
38898;2;4;2;True
38899;2;2;0;True
38900;3;4;1;True
38901;3;4;1;True
38902;4;6;2;True
38903;1;1;0;True
38904;2;2;0;True
38905;5;8;3;True
38906;2;2;0;True
38907;3;4;1;True
38908;6;12;6;True
38909;1;1;0;True
38910;7;12;5;True
38911;6;16;10;True
38912;2;2;0;True
38913;1;1;0;True
38914;5;9;4;True
38915;3;6;3;True
38916;5;9;4;True
38917;7;12;5;True
38918;2;2;0;True
38919;4;6;2;True
38920;1;1;0;True
38921;7;16;9;True
38922;3;4;1;True
38923;6;12;6;True
38924;10;16;6;True
38925;4;6;2;True
38926;5;12;7;True
38927;1;1;0;True
38928;8;16;8;True
38929;2;4;2;True
38930;3;3;0;True
38931;1;1;0;True
38932;4;9;5;True
38933;4;9;5;True
38934;3;9;6;True
38935;0;0;0;True
38936;3;9;6;True
38937;7;16;9;True
38938;8;16;8;True
38939;6;12;6;True
38940;2;4;2;True
38941;5;12;7;True
38942;1;1;0;True
38943;0;0;0;True
38944;3;9;6;True
38945;0;0;0;True
38946;2;4;2;True
38947;3;9;6;True
38948;2;4;2;True
38949;4;12;8;True
38950;4;6;2;True
38951;6;12;6;True
38952;5;9;4;True
38953;4;6;2;True
38954;4;9;5;True
38955;6;12;6;True
38956;2;4;2;True
38957;7;16;9;True
38958;5;16;11;True
38959;5;9;4;True
38960;3;6;3;True
38961;0;0;0;True
38962;1;1;0;True
38963;0;0;0;True
38964;5;12;7;True
38965;3;4;1;True
38966;3;4;1;True
38967;5;12;7;True
38968;2;4;2;True
38969;1;1;0;True
38970;2;4;2;True
38971;0;0;0;True
38972;2;2;0;True
38973;3;3;0;True
38974;5;6;1;True
38975;10;12;2;True
38976;3;4;1;True
38977;1;1;0;True
38978;6;12;6;True
38979;1;1;0;True
38980;6;12;6;True
38981;9;12;3;True
38982;3;4;1;True
38983;2;4;2;True
38984;3;4;1;True
38985;3;4;1;True
38986;2;2;0;True
38987;1;1;0;True
38988;3;6;3;True
38989;3;9;6;True
38990;6;9;3;True
38991;3;4;1;True
38992;0;0;0;True
38993;0;0;0;True
38994;5;9;4;True
38995;3;6;3;True
38996;0;0;0;True
38997;7;16;9;True
38998;3;9;6;True
38999;1;1;0;True
39000;9;16;7;True
39001;3;3;0;True
39002;0;0;0;True
39003;1;1;0;True
39004;1;1;0;True
39005;5;9;4;True
39006;1;1;0;True
39007;2;4;2;True
39008;1;1;0;True
39009;1;1;0;True
39010;4;9;5;True
39011;7;12;5;True
39012;5;12;7;True
39013;2;2;0;True
39014;2;4;2;True
39015;1;1;0;True
39016;7;16;9;True
39017;5;16;11;True
39018;7;9;2;True
39019;3;6;3;True
39020;3;6;3;True
39021;1;1;0;True
39022;2;2;0;True
39023;0;0;0;True
39024;2;4;2;True
39025;3;6;3;True
39026;4;12;8;True
39027;1;1;0;True
39028;1;1;0;True
39029;1;1;0;True
39030;0;0;0;True
39031;2;4;2;True
39032;5;12;7;True
39033;6;12;6;True
39034;8;12;4;True
39035;6;12;6;True
39036;4;9;5;True
39037;2;2;0;True
39038;2;4;2;True
39039;7;16;9;True
39040;6;9;3;True
39041;8;16;8;True
39042;2;2;0;True
39043;6;16;10;True
39044;3;6;3;True
39045;3;6;3;True
39046;5;6;1;True
39047;3;6;3;True
39048;2;4;2;True
39049;5;12;7;True
39050;3;6;3;True
39051;4;9;5;True
39052;6;12;6;True
39053;4;6;2;True
39054;8;12;4;True
39055;5;9;4;True
39056;8;12;4;True
39057;3;6;3;True
39058;0;0;0;True
39059;3;6;3;True
39060;4;9;5;True
39061;2;2;0;True
39062;3;9;6;True
39063;5;9;4;True
39064;4;9;5;True
39065;1;1;0;True
39066;5;8;3;True
39067;5;9;4;True
39068;3;6;3;True
39069;4;9;5;True
39070;3;6;3;True
39071;4;4;0;True
39072;5;6;1;True
39073;1;1;0;True
39074;4;12;8;True
39075;0;0;0;True
39076;2;2;0;True
39077;1;1;0;True
39078;5;9;4;True
39079;4;6;2;True
39080;3;4;1;True
39081;4;6;2;True
39082;1;1;0;True
39083;2;2;0;True
39084;1;1;0;True
39085;4;9;5;True
39086;2;4;2;True
39087;0;0;0;True
39088;9;16;7;True
39089;4;6;2;True
39090;10;16;6;True
39091;2;4;2;True
39092;3;4;1;True
39093;5;12;7;True
39094;2;4;2;True
39095;2;2;0;True
39096;7;16;9;True
39097;4;12;8;True
39098;6;12;6;True
39099;4;8;4;True
39100;4;9;5;True
39101;4;6;2;True
39102;1;1;0;True
39103;5;12;7;True
39104;3;3;0;True
39105;4;9;5;True
39106;5;9;4;True
39107;7;12;5;True
39108;6;16;10;True
39109;7;12;5;True
39110;5;16;11;True
39111;4;6;2;True
39112;5;9;4;True
39113;5;8;3;True
39114;4;9;5;True
39115;3;4;1;True
39116;3;6;3;True
39117;3;6;3;True
39118;2;4;2;True
39119;5;12;7;True
39120;3;6;3;True
39121;4;9;5;True
39122;2;2;0;True
39123;4;9;5;True
39124;5;8;3;True
39125;5;6;1;True
39126;2;4;2;True
39127;4;12;8;True
39128;2;2;0;True
39129;6;9;3;True
39130;3;4;1;True
39131;4;12;8;True
39132;2;4;2;True
39133;2;4;2;True
39134;2;4;2;True
39135;4;9;5;True
39136;1;1;0;True
39137;4;6;2;True
39138;3;4;1;True
39139;2;2;0;True
39140;1;1;0;True
39141;5;9;4;True
39142;4;8;4;True
39143;3;9;6;True
39144;6;12;6;True
39145;0;0;0;True
39146;4;6;2;True
39147;4;9;5;True
39148;2;4;2;True
39149;3;6;3;True
39150;4;9;5;True
39151;1;1;0;True
39152;3;4;1;True
39153;7;16;9;True
39154;1;1;0;True
39155;5;12;7;True
39156;5;6;1;True
39157;4;12;8;True
39158;1;1;0;True
39159;3;4;1;True
39160;5;16;11;True
39161;3;9;6;True
39162;7;16;9;True
39163;4;12;8;True
39164;6;16;10;True
39165;1;1;0;True
39166;1;1;0;True
39167;1;1;0;True
39168;5;16;11;True
39169;3;6;3;True
39170;4;9;5;True
39171;3;6;3;True
39172;4;12;8;True
39173;8;16;8;True
39174;0;0;0;True
39175;2;4;2;True
39176;3;9;6;True
39177;1;1;0;True
39178;6;12;6;True
39179;3;6;3;True
39180;3;4;1;True
39181;5;12;7;True
39182;5;12;7;True
39183;3;4;1;True
39184;2;2;0;True
39185;6;16;10;True
39186;2;2;0;True
39187;5;6;1;True
39188;4;6;2;True
39189;7;12;5;True
39190;3;6;3;True
39191;4;6;2;True
39192;1;1;0;True
39193;1;1;0;True
39194;6;12;6;True
39195;3;4;1;True
39196;2;4;2;True
39197;4;9;5;True
39198;8;16;8;True
39199;4;9;5;True
39200;0;0;0;True
39201;6;12;6;True
39202;3;4;1;True
39203;2;4;2;True
39204;1;1;0;True
39205;6;16;10;True
39206;5;9;4;True
39207;2;4;2;True
39208;1;1;0;True
39209;7;16;9;True
39210;13;16;3;True
39211;4;6;2;True
39212;1;1;0;True
39213;8;16;8;True
39214;1;1;0;True
39215;6;9;3;True
39216;6;16;10;True
39217;2;2;0;True
39218;1;1;0;True
39219;6;9;3;True
39220;1;1;0;True
39221;4;6;2;True
39222;2;2;0;True
39223;3;6;3;True
39224;5;9;4;True
39225;1;1;0;True
39226;5;12;7;True
39227;5;9;4;True
39228;0;0;0;True
39229;2;4;2;True
39230;4;9;5;True
39231;3;6;3;True
39232;3;4;1;True
39233;0;0;0;True
39234;0;0;0;True
39235;5;12;7;True
39236;0;0;0;True
39237;6;12;6;True
39238;0;0;0;True
39239;2;4;2;True
39240;2;4;2;True
39241;6;12;6;True
39242;3;6;3;True
39243;2;4;2;True
39244;3;4;1;True
39245;1;1;0;True
39246;2;2;0;True
39247;6;16;10;True
39248;3;6;3;True
39249;10;16;6;True
39250;2;2;0;True
39251;3;9;6;True
39252;6;9;3;True
39253;1;1;0;True
39254;3;3;0;True
39255;6;12;6;True
39256;2;4;2;True
39257;1;1;0;True
39258;8;12;4;True
39259;4;12;8;True
39260;3;9;6;True
39261;9;12;3;True
39262;6;12;6;True
39263;6;16;10;True
39264;0;0;0;True
39265;0;0;0;True
39266;7;16;9;True
39267;5;12;7;True
39268;2;2;0;True
39269;4;6;2;True
39270;1;1;0;True
39271;5;9;4;True
39272;4;6;2;True
39273;2;4;2;True
39274;3;6;3;True
39275;1;1;0;True
39276;5;12;7;True
39277;3;9;6;True
39278;8;12;4;True
39279;6;12;6;True
39280;3;9;6;True
39281;4;9;5;True
39282;2;2;0;True
39283;1;1;0;True
39284;3;6;3;True
39285;5;8;3;True
39286;3;4;1;True
39287;2;4;2;True
39288;1;1;0;True
39289;8;16;8;True
39290;1;1;0;True
39291;3;3;0;True
39292;6;9;3;True
39293;0;0;0;True
39294;0;0;0;True
39295;6;12;6;True
39296;4;9;5;True
39297;1;1;0;True
39298;5;12;7;True
39299;1;1;0;True
39300;2;2;0;True
39301;1;1;0;True
39302;3;4;1;True
39303;4;9;5;True
39304;3;9;6;True
39305;0;0;0;True
39306;3;6;3;True
39307;8;16;8;True
39308;7;12;5;True
39309;2;2;0;True
39310;4;9;5;True
39311;7;12;5;True
39312;2;4;2;True
39313;7;16;9;True
39314;0;0;0;True
39315;4;9;5;True
39316;2;2;0;True
39317;4;9;5;True
39318;2;4;2;True
39319;0;0;0;True
39320;1;1;0;True
39321;4;12;8;True
39322;4;9;5;True
39323;3;9;6;True
39324;0;0;0;True
39325;3;6;3;True
39326;1;1;0;True
39327;5;9;4;True
39328;5;8;3;True
39329;4;6;2;True
39330;3;4;1;True
39331;6;12;6;True
39332;4;6;2;True
39333;7;12;5;True
39334;6;16;10;True
39335;7;12;5;True
39336;2;4;2;True
39337;5;12;7;True
39338;3;6;3;True
39339;6;12;6;True
39340;7;16;9;True
39341;8;16;8;True
39342;2;2;0;True
39343;3;4;1;True
39344;2;4;2;True
39345;5;16;11;True
39346;2;4;2;True
39347;4;9;5;True
39348;5;12;7;True
39349;2;4;2;True
39350;4;9;5;True
39351;1;1;0;True
39352;3;9;6;True
39353;2;4;2;True
39354;2;4;2;True
39355;3;4;1;True
39356;2;4;2;True
39357;3;6;3;True
39358;5;12;7;True
39359;4;6;2;True
39360;2;4;2;True
39361;2;4;2;True
39362;2;2;0;True
39363;7;12;5;True
39364;0;0;0;True
39365;2;4;2;True
39366;4;9;5;True
39367;6;12;6;True
39368;3;6;3;True
39369;7;16;9;True
39370;10;16;6;True
39371;3;4;1;True
39372;4;9;5;True
39373;1;1;0;True
39374;9;16;7;True
39375;4;6;2;True
39376;0;0;0;True
39377;3;6;3;True
39378;2;4;2;True
39379;2;2;0;True
39380;8;16;8;True
39381;6;12;6;True
39382;1;1;0;True
39383;1;1;0;True
39384;6;12;6;True
39385;2;4;2;True
39386;9;12;3;True
39387;2;4;2;True
39388;2;2;0;True
39389;4;6;2;True
39390;4;6;2;True
39391;3;4;1;True
39392;2;2;0;True
39393;3;6;3;True
39394;7;16;9;True
39395;5;12;7;True
39396;0;0;0;True
39397;2;2;0;True
39398;6;12;6;True
39399;5;12;7;True
39400;1;1;0;True
39401;6;12;6;True
39402;5;12;7;True
39403;4;9;5;True
39404;5;12;7;True
39405;4;12;8;True
39406;3;4;1;True
39407;4;8;4;True
39408;5;12;7;True
39409;9;16;7;True
39410;1;1;0;True
39411;13;16;3;True
39412;3;6;3;True
39413;6;12;6;True
39414;4;9;5;True
39415;2;4;2;True
39416;9;16;7;True
39417;2;4;2;True
39418;5;12;7;True
39419;1;1;0;True
39420;0;0;0;True
39421;2;2;0;True
39422;1;1;0;True
39423;5;9;4;True
39424;6;12;6;True
39425;5;9;4;True
39426;4;9;5;True
39427;2;4;2;True
39428;1;1;0;True
39429;2;4;2;True
39430;1;1;0;True
39431;4;12;8;True
39432;4;12;8;True
39433;2;4;2;True
39434;4;12;8;True
39435;1;1;0;True
39436;2;4;2;True
39437;2;4;2;True
39438;3;9;6;True
39439;3;6;3;True
39440;2;2;0;True
39441;4;6;2;True
39442;4;12;8;True
39443;0;0;0;True
39444;4;6;2;True
39445;8;16;8;True
39446;2;2;0;True
39447;5;16;11;True
39448;4;9;5;True
39449;3;6;3;True
39450;1;1;0;True
39451;3;6;3;True
39452;9;12;3;True
39453;3;9;6;True
39454;3;6;3;True
39455;7;16;9;True
39456;1;1;0;True
39457;3;9;6;True
39458;3;9;6;True
39459;2;2;0;True
39460;3;6;3;True
39461;4;12;8;True
39462;3;9;6;True
39463;4;12;8;True
39464;4;6;2;True
39465;5;12;7;True
39466;6;12;6;True
39467;5;12;7;True
39468;6;12;6;True
39469;4;9;5;True
39470;2;2;0;True
39471;8;16;8;True
39472;1;1;0;True
39473;8;16;8;True
39474;9;16;7;True
39475;6;12;6;True
39476;4;6;2;True
39477;11;16;5;True
39478;4;9;5;True
39479;2;2;0;True
39480;3;4;1;True
39481;4;9;5;True
39482;6;12;6;True
39483;3;4;1;True
39484;4;12;8;True
39485;1;1;0;True
39486;3;4;1;True
39487;7;16;9;True
39488;2;4;2;True
39489;5;8;3;True
39490;2;4;2;True
39491;4;16;12;True
39492;4;6;2;True
39493;2;2;0;True
39494;6;16;10;True
39495;3;6;3;True
39496;0;0;0;True
39497;0;0;0;True
39498;5;9;4;True
39499;0;0;0;True
39500;2;2;0;True
39501;5;12;7;True
39502;6;16;10;True
39503;4;9;5;True
39504;4;9;5;True
39505;0;0;0;True
39506;2;2;0;True
39507;2;2;0;True
39508;4;9;5;True
39509;8;16;8;True
39510;0;0;0;True
39511;3;6;3;True
39512;7;12;5;True
39513;8;12;4;True
39514;5;9;4;True
39515;3;6;3;True
39516;0;0;0;True
39517;6;12;6;True
39518;9;16;7;True
39519;0;0;0;True
39520;0;0;0;True
39521;2;2;0;True
39522;1;1;0;True
39523;2;2;0;True
39524;2;4;2;True
39525;3;6;3;True
39526;1;1;0;True
39527;5;12;7;True
39528;6;16;10;True
39529;4;9;5;True
39530;1;1;0;True
39531;2;2;0;True
39532;4;9;5;True
39533;6;12;6;True
39534;5;8;3;True
39535;4;9;5;True
39536;7;16;9;True
39537;5;9;4;True
39538;6;16;10;True
39539;4;9;5;True
39540;5;9;4;True
39541;1;1;0;True
39542;4;6;2;True
39543;1;1;0;True
39544;5;9;4;True
39545;2;2;0;True
39546;1;1;0;True
39547;3;3;0;True
39548;2;4;2;True
39549;0;0;0;True
39550;2;2;0;True
39551;3;4;1;True
39552;7;12;5;True
39553;1;1;0;True
39554;8;12;4;True
39555;4;12;8;True
39556;5;9;4;True
39557;5;9;4;True
39558;4;9;5;True
39559;6;9;3;True
39560;3;6;3;True
39561;4;9;5;True
39562;6;12;6;True
39563;2;2;0;True
39564;4;12;8;True
39565;4;8;4;True
39566;4;9;5;True
39567;2;4;2;True
39568;6;12;6;True
39569;4;6;2;True
39570;2;2;0;True
39571;6;16;10;True
39572;2;4;2;True
39573;1;1;0;True
39574;1;1;0;True
39575;4;12;8;True
39576;1;1;0;True
39577;4;9;5;True
39578;1;1;0;True
39579;3;6;3;True
39580;6;12;6;True
39581;0;0;0;True
39582;3;9;6;True
39583;2;2;0;True
39584;1;1;0;True
39585;2;4;2;True
39586;3;6;3;True
39587;3;4;1;True
39588;3;4;1;True
39589;0;0;0;True
39590;8;12;4;True
39591;0;0;0;True
39592;8;16;8;True
39593;1;1;0;True
39594;1;1;0;True
39595;0;0;0;True
39596;2;4;2;True
39597;3;4;1;True
39598;5;9;4;True
39599;5;12;7;True
39600;6;9;3;True
39601;4;6;2;True
39602;7;12;5;True
39603;4;6;2;True
39604;4;6;2;True
39605;6;12;6;True
39606;4;9;5;True
39607;7;16;9;True
39608;6;16;10;True
39609;3;9;6;True
39610;1;1;0;True
39611;3;4;1;True
39612;1;1;0;True
39613;3;3;0;True
39614;5;9;4;True
39615;5;9;4;True
39616;1;1;0;True
39617;3;6;3;True
39618;6;16;10;True
39619;3;9;6;True
39620;3;4;1;True
39621;0;0;0;True
39622;2;4;2;True
39623;1;1;0;True
39624;0;0;0;True
39625;3;4;1;True
39626;2;4;2;True
39627;3;4;1;True
39628;1;1;0;True
39629;4;9;5;True
39630;5;9;4;True
39631;4;6;2;True
39632;9;12;3;True
39633;2;4;2;True
39634;2;4;2;True
39635;7;12;5;True
39636;6;9;3;True
39637;6;9;3;True
39638;3;4;1;True
39639;1;1;0;True
39640;5;8;3;True
39641;6;16;10;True
39642;3;6;3;True
39643;5;8;3;True
39644;8;12;4;True
39645;6;16;10;True
39646;5;9;4;True
39647;0;0;0;True
39648;0;0;0;True
39649;5;12;7;True
39650;6;12;6;True
39651;2;4;2;True
39652;0;0;0;True
39653;7;12;5;True
39654;5;12;7;True
39655;5;12;7;True
39656;1;1;0;True
39657;4;6;2;True
39658;4;12;8;True
39659;3;4;1;True
39660;6;12;6;True
39661;6;12;6;True
39662;5;12;7;True
39663;4;6;2;True
39664;1;1;0;True
39665;3;4;1;True
39666;2;4;2;True
39667;3;6;3;True
39668;2;2;0;True
39669;2;2;0;True
39670;0;0;0;True
39671;4;9;5;True
39672;5;9;4;True
39673;3;4;1;True
39674;6;12;6;True
39675;1;1;0;True
39676;4;12;8;True
39677;3;4;1;True
39678;3;6;3;True
39679;4;9;5;True
39680;0;0;0;True
39681;4;6;2;True
39682;4;8;4;True
39683;4;9;5;True
39684;3;4;1;True
39685;3;6;3;True
39686;7;16;9;True
39687;7;16;9;True
39688;2;2;0;True
39689;1;1;0;True
39690;3;9;6;True
39691;4;8;4;True
39692;7;16;9;True
39693;1;1;0;True
39694;4;6;2;True
39695;8;16;8;True
39696;3;6;3;True
39697;6;16;10;True
39698;8;16;8;True
39699;2;2;0;True
39700;3;4;1;True
39701;5;16;11;True
39702;5;12;7;True
39703;8;12;4;True
39704;4;12;8;True
39705;4;6;2;True
39706;3;4;1;True
39707;1;1;0;True
39708;6;16;10;True
39709;4;12;8;True
39710;3;9;6;True
39711;0;0;0;True
39712;3;4;1;True
39713;4;8;4;True
39714;2;4;2;True
39715;9;12;3;True
39716;2;4;2;True
39717;3;9;6;True
39718;7;16;9;True
39719;0;0;0;True
39720;4;12;8;True
39721;4;6;2;True
39722;4;6;2;True
39723;3;9;6;True
39724;3;3;0;True
39725;2;4;2;True
39726;6;16;10;True
39727;6;9;3;True
39728;4;12;8;True
39729;4;9;5;True
39730;4;12;8;True
39731;1;1;0;True
39732;6;12;6;True
39733;4;12;8;True
39734;3;6;3;True
39735;8;12;4;True
39736;3;6;3;True
39737;2;4;2;True
39738;4;9;5;True
39739;3;4;1;True
39740;4;9;5;True
39741;4;8;4;True
39742;1;1;0;True
39743;6;12;6;True
39744;3;3;0;True
39745;7;12;5;True
39746;6;12;6;True
39747;3;6;3;True
39748;6;12;6;True
39749;4;12;8;True
39750;9;16;7;True
39751;7;16;9;True
39752;0;0;0;True
39753;8;12;4;True
39754;3;9;6;True
39755;8;12;4;True
39756;9;16;7;True
39757;8;9;1;True
39758;3;6;3;True
39759;7;12;5;True
39760;5;12;7;True
39761;4;6;2;True
39762;4;6;2;True
39763;5;12;7;True
39764;5;6;1;True
39765;2;4;2;True
39766;7;16;9;True
39767;3;6;3;True
39768;2;2;0;True
39769;1;1;0;True
39770;1;1;0;True
39771;0;0;0;True
39772;5;9;4;True
39773;4;9;5;True
39774;4;4;0;True
39775;3;4;1;True
39776;2;4;2;True
39777;8;16;8;True
39778;6;8;2;True
39779;1;1;0;True
39780;3;9;6;True
39781;0;0;0;True
39782;2;4;2;True
39783;3;6;3;True
39784;7;12;5;True
39785;1;1;0;True
39786;3;4;1;True
39787;1;1;0;True
39788;3;6;3;True
39789;1;1;0;True
39790;1;1;0;True
39791;3;4;1;True
39792;3;4;1;True
39793;4;6;2;True
39794;3;4;1;True
39795;8;16;8;True
39796;3;6;3;True
39797;8;12;4;True
39798;0;0;0;True
39799;7;12;5;True
39800;2;4;2;True
39801;6;16;10;True
39802;3;6;3;True
39803;7;16;9;True
39804;2;4;2;True
39805;2;4;2;True
39806;4;9;5;True
39807;4;9;5;True
39808;1;1;0;True
39809;1;1;0;True
39810;6;9;3;True
39811;3;4;1;True
39812;5;12;7;True
39813;5;9;4;True
39814;0;0;0;True
39815;1;1;0;True
39816;3;6;3;True
39817;7;16;9;True
39818;1;1;0;True
39819;5;16;11;True
39820;6;12;6;True
39821;0;0;0;True
39822;3;6;3;True
39823;3;9;6;True
39824;5;12;7;True
39825;4;9;5;True
39826;3;6;3;True
39827;5;6;1;True
39828;4;9;5;True
39829;5;12;7;True
39830;2;2;0;True
39831;4;6;2;True
39832;6;12;6;True
39833;3;6;3;True
39834;5;8;3;True
39835;4;6;2;True
39836;0;0;0;True
39837;5;9;4;True
39838;1;1;0;True
39839;7;12;5;True
39840;3;6;3;True
39841;3;6;3;True
39842;5;9;4;True
39843;6;12;6;True
39844;3;4;1;True
39845;2;4;2;True
39846;1;1;0;True
39847;3;9;6;True
39848;7;12;5;True
39849;5;9;4;True
39850;2;4;2;True
39851;1;1;0;True
39852;1;1;0;True
39853;4;9;5;True
39854;2;4;2;True
39855;1;1;0;True
39856;4;12;8;True
39857;3;6;3;True
39858;3;6;3;True
39859;7;16;9;True
39860;0;0;0;True
39861;3;9;6;True
39862;4;4;0;True
39863;4;9;5;True
39864;8;12;4;True
39865;3;6;3;True
39866;4;9;5;True
39867;3;6;3;True
39868;3;6;3;True
39869;6;12;6;True
39870;5;9;4;True
39871;4;6;2;True
39872;2;2;0;True
39873;3;9;6;True
39874;0;0;0;True
39875;2;2;0;True
39876;2;4;2;True
39877;6;12;6;True
39878;2;4;2;True
39879;2;4;2;True
39880;2;4;2;True
39881;0;0;0;True
39882;6;12;6;True
39883;4;9;5;True
39884;5;9;4;True
39885;1;1;0;True
39886;0;0;0;True
39887;4;12;8;True
39888;2;4;2;True
39889;8;16;8;True
39890;3;6;3;True
39891;7;16;9;True
39892;5;9;4;True
39893;6;16;10;True
39894;0;0;0;True
39895;4;12;8;True
39896;5;12;7;True
39897;4;6;2;True
39898;3;6;3;True
39899;2;4;2;True
39900;6;16;10;True
39901;1;1;0;True
39902;6;16;10;True
39903;2;2;0;True
39904;6;16;10;True
39905;0;0;0;True
39906;3;9;6;True
39907;6;9;3;True
39908;4;9;5;True
39909;5;16;11;True
39910;1;1;0;True
39911;0;0;0;True
39912;4;9;5;True
39913;3;9;6;True
39914;10;16;6;True
39915;1;1;0;True
39916;3;4;1;True
39917;2;2;0;True
39918;1;1;0;True
39919;5;8;3;True
39920;5;12;7;True
39921;4;9;5;True
39922;6;12;6;True
39923;4;6;2;True
39924;2;4;2;True
39925;1;1;0;True
39926;5;9;4;True
39927;4;6;2;True
39928;3;4;1;True
39929;2;2;0;True
39930;5;9;4;True
39931;3;6;3;True
39932;0;0;0;True
39933;6;16;10;True
39934;1;1;0;True
39935;2;2;0;True
39936;2;4;2;True
39937;2;4;2;True
39938;4;9;5;True
39939;4;6;2;True
39940;4;6;2;True
39941;2;2;0;True
39942;3;4;1;True
39943;6;12;6;True
39944;1;1;0;True
39945;2;4;2;True
39946;0;0;0;True
39947;0;0;0;True
39948;8;12;4;True
39949;0;0;0;True
39950;1;1;0;True
39951;3;6;3;True
39952;3;6;3;True
39953;0;0;0;True
39954;4;9;5;True
39955;6;16;10;True
39956;3;6;3;True
39957;1;1;0;True
39958;7;12;5;True
39959;4;9;5;True
39960;1;1;0;True
39961;2;4;2;True
39962;2;4;2;True
39963;1;1;0;True
39964;3;4;1;True
39965;0;0;0;True
39966;3;4;1;True
39967;6;9;3;True
39968;4;9;5;True
39969;5;9;4;True
39970;2;4;2;True
39971;0;0;0;True
39972;7;16;9;True
39973;1;1;0;True
39974;5;9;4;True
39975;4;12;8;True
39976;4;6;2;True
39977;1;1;0;True
39978;4;6;2;True
39979;5;9;4;True
39980;4;9;5;True
39981;8;16;8;True
39982;1;1;0;True
39983;6;9;3;True
39984;3;6;3;True
39985;4;8;4;True
39986;3;3;0;True
39987;3;9;6;True
39988;2;4;2;True
39989;5;12;7;True
39990;2;4;2;True
39991;4;6;2;True
39992;5;12;7;True
39993;3;6;3;True
39994;7;16;9;True
39995;2;4;2;True
39996;0;0;0;True
39997;6;12;6;True
39998;2;4;2;True
39999;6;9;3;True
40000;6;16;10;True
40001;5;12;7;True
40002;2;4;2;True
40003;1;1;0;True
40004;6;9;3;True
40005;4;6;2;True
40006;6;12;6;True
40007;7;12;5;True
40008;5;12;7;True
40009;1;1;0;True
40010;1;1;0;True
40011;4;9;5;True
40012;8;12;4;True
40013;0;0;0;True
40014;2;4;2;True
40015;6;12;6;True
40016;1;1;0;True
40017;4;8;4;True
40018;6;16;10;True
40019;3;3;0;True
40020;3;4;1;True
40021;0;0;0;True
40022;2;2;0;True
40023;5;9;4;True
40024;1;1;0;True
40025;4;9;5;True
40026;2;2;0;True
40027;7;16;9;True
40028;5;9;4;True
40029;3;9;6;True
40030;9;16;7;True
40031;3;4;1;True
40032;6;16;10;True
40033;4;9;5;True
40034;1;1;0;True
40035;5;9;4;True
40036;9;16;7;True
40037;5;12;7;True
40038;5;9;4;True
40039;5;12;7;True
40040;3;4;1;True
40041;7;16;9;True
40042;7;9;2;True
40043;5;9;4;True
40044;3;6;3;True
40045;2;4;2;True
40046;2;2;0;True
40047;3;6;3;True
40048;4;9;5;True
40049;3;6;3;True
40050;0;0;0;True
40051;3;3;0;True
40052;9;16;7;True
40053;6;12;6;True
40054;0;0;0;True
40055;4;6;2;True
40056;1;1;0;True
40057;7;16;9;True
40058;3;6;3;True
40059;0;0;0;True
40060;1;1;0;True
40061;2;2;0;True
40062;5;12;7;True
40063;2;4;2;True
40064;3;9;6;True
40065;3;6;3;True
40066;5;12;7;True
40067;7;12;5;True
40068;2;2;0;True
40069;2;2;0;True
40070;4;8;4;True
40071;5;6;1;True
40072;4;16;12;True
40073;5;12;7;True
40074;6;12;6;True
40075;8;16;8;True
40076;2;4;2;True
40077;1;1;0;True
40078;3;6;3;True
40079;6;12;6;True
40080;5;12;7;True
40081;2;2;0;True
40082;8;16;8;True
40083;4;8;4;True
40084;2;2;0;True
40085;6;12;6;True
40086;2;2;0;True
40087;7;12;5;True
40088;0;0;0;True
40089;5;12;7;True
40090;7;12;5;True
40091;1;1;0;True
40092;3;4;1;True
40093;5;9;4;True
40094;3;6;3;True
40095;1;1;0;True
40096;10;16;6;True
40097;6;12;6;True
40098;5;9;4;True
40099;5;6;1;True
40100;3;9;6;True
40101;5;12;7;True
40102;9;16;7;True
40103;1;1;0;True
40104;3;9;6;True
40105;3;4;1;True
40106;5;12;7;True
40107;8;16;8;True
40108;2;2;0;True
40109;4;9;5;True
40110;8;12;4;True
40111;7;16;9;True
40112;7;16;9;True
40113;6;12;6;True
40114;4;12;8;True
40115;3;6;3;True
40116;6;12;6;True
40117;4;6;2;True
40118;3;6;3;True
40119;2;2;0;True
40120;5;12;7;True
40121;1;1;0;True
40122;3;6;3;True
40123;2;4;2;True
40124;5;12;7;True
40125;5;8;3;True
40126;6;16;10;True
40127;1;1;0;True
40128;3;3;0;True
40129;3;6;3;True
40130;4;6;2;True
40131;6;9;3;True
40132;2;2;0;True
40133;6;16;10;True
40134;2;4;2;True
40135;6;8;2;True
40136;2;4;2;True
40137;6;12;6;True
40138;6;9;3;True
40139;3;4;1;True
40140;3;9;6;True
40141;5;12;7;True
40142;5;9;4;True
40143;3;6;3;True
40144;1;1;0;True
40145;6;12;6;True
40146;0;0;0;True
40147;2;2;0;True
40148;4;12;8;True
40149;2;2;0;True
40150;5;16;11;True
40151;1;1;0;True
40152;8;16;8;True
40153;6;12;6;True
40154;7;12;5;True
40155;5;9;4;True
40156;8;16;8;True
40157;7;16;9;True
40158;6;12;6;True
40159;2;4;2;True
40160;7;16;9;True
40161;2;4;2;True
40162;9;12;3;True
40163;2;2;0;True
40164;10;16;6;True
40165;4;9;5;True
40166;7;16;9;True
40167;8;12;4;True
40168;1;1;0;True
40169;1;1;0;True
40170;6;9;3;True
40171;11;16;5;True
40172;4;9;5;True
40173;6;16;10;True
40174;3;6;3;True
40175;5;16;11;True
40176;1;1;0;True
40177;3;4;1;True
40178;2;4;2;True
40179;2;4;2;True
40180;2;4;2;True
40181;1;1;0;True
40182;6;12;6;True
40183;7;12;5;True
40184;4;9;5;True
40185;4;8;4;True
40186;3;9;6;True
40187;1;1;0;True
40188;6;6;0;True
40189;5;9;4;True
40190;4;9;5;True
40191;6;16;10;True
40192;1;1;0;True
40193;2;4;2;True
40194;3;6;3;True
40195;7;12;5;True
40196;1;1;0;True
40197;3;6;3;True
40198;4;6;2;True
40199;2;2;0;True
40200;7;8;1;True
40201;2;2;0;True
40202;9;16;7;True
40203;8;16;8;True
40204;3;4;1;True
40205;8;16;8;True
40206;0;0;0;True
40207;5;12;7;True
40208;4;6;2;True
40209;0;0;0;True
40210;4;6;2;True
40211;0;0;0;True
40212;4;6;2;True
40213;4;6;2;True
40214;3;4;1;True
40215;3;6;3;True
40216;3;4;1;True
40217;5;12;7;True
40218;1;1;0;True
40219;2;2;0;True
40220;4;6;2;True
40221;7;12;5;True
40222;4;12;8;True
40223;4;6;2;True
40224;4;6;2;True
40225;4;6;2;True
40226;6;12;6;True
40227;1;1;0;True
40228;3;6;3;True
40229;3;6;3;True
40230;5;12;7;True
40231;4;9;5;True
40232;5;9;4;True
40233;6;9;3;True
40234;1;1;0;True
40235;2;2;0;True
40236;3;4;1;True
40237;5;8;3;True
40238;10;16;6;True
40239;3;4;1;True
40240;4;6;2;True
40241;6;9;3;True
40242;6;16;10;True
40243;6;9;3;True
40244;4;6;2;True
40245;6;12;6;True
40246;1;1;0;True
40247;4;9;5;True
40248;0;0;0;True
40249;1;1;0;True
40250;4;4;0;True
40251;0;0;0;True
40252;1;1;0;True
40253;4;6;2;True
40254;5;12;7;True
40255;1;1;0;True
40256;5;9;4;True
40257;2;4;2;True
40258;3;4;1;True
40259;4;9;5;True
40260;2;4;2;True
40261;4;9;5;True
40262;4;12;8;True
40263;3;6;3;True
40264;1;1;0;True
40265;3;4;1;True
40266;3;9;6;True
40267;3;6;3;True
40268;3;6;3;True
40269;7;16;9;True
40270;8;12;4;True
40271;3;6;3;True
40272;6;12;6;True
40273;4;9;5;True
40274;1;1;0;True
40275;2;4;2;True
40276;3;4;1;True
40277;5;9;4;True
40278;4;9;5;True
40279;8;16;8;True
40280;6;12;6;True
40281;3;6;3;True
40282;11;16;5;True
40283;4;8;4;True
40284;0;0;0;True
40285;0;0;0;True
40286;5;9;4;True
40287;3;6;3;True
40288;1;1;0;True
40289;3;9;6;True
40290;6;16;10;True
40291;3;6;3;True
40292;3;6;3;True
40293;9;12;3;True
40294;3;4;1;True
40295;2;4;2;True
40296;8;16;8;True
40297;2;4;2;True
40298;7;16;9;True
40299;3;4;1;True
40300;4;9;5;True
40301;8;16;8;True
40302;1;1;0;True
40303;8;16;8;True
40304;4;9;5;True
40305;2;2;0;True
40306;3;6;3;True
40307;4;9;5;True
40308;1;1;0;True
40309;5;12;7;True
40310;4;4;0;True
40311;2;4;2;True
40312;1;1;0;True
40313;2;4;2;True
40314;2;2;0;True
40315;5;8;3;True
40316;4;8;4;True
40317;3;6;3;True
40318;5;8;3;True
40319;4;9;5;True
40320;7;16;9;True
40321;6;9;3;True
40322;3;4;1;True
40323;2;4;2;True
40324;5;9;4;True
40325;2;4;2;True
40326;10;16;6;True
40327;7;16;9;True
40328;3;9;6;True
40329;3;6;3;True
40330;2;4;2;True
40331;4;8;4;True
40332;4;6;2;True
40333;1;1;0;True
40334;2;4;2;True
40335;4;12;8;True
40336;0;0;0;True
40337;7;12;5;True
40338;3;4;1;True
40339;2;2;0;True
40340;9;16;7;True
40341;2;4;2;True
40342;4;6;2;True
40343;4;4;0;True
40344;9;16;7;True
40345;2;4;2;True
40346;3;6;3;True
40347;3;9;6;True
40348;3;6;3;True
40349;4;6;2;True
40350;5;12;7;True
40351;2;4;2;True
40352;1;1;0;True
40353;2;4;2;True
40354;4;6;2;True
40355;6;12;6;True
40356;1;1;0;True
40357;5;12;7;True
40358;4;6;2;True
40359;8;12;4;True
40360;2;4;2;True
40361;3;6;3;True
40362;1;1;0;True
40363;10;16;6;True
40364;2;4;2;True
40365;2;4;2;True
40366;0;0;0;True
40367;7;12;5;True
40368;2;2;0;True
40369;2;2;0;True
40370;4;8;4;True
40371;1;1;0;True
40372;2;4;2;True
40373;3;6;3;True
40374;3;6;3;True
40375;0;0;0;True
40376;1;1;0;True
40377;1;1;0;True
40378;5;9;4;True
40379;6;16;10;True
40380;1;1;0;True
40381;6;12;6;True
40382;1;1;0;True
40383;2;4;2;True
40384;7;16;9;True
40385;3;4;1;True
40386;4;8;4;True
40387;4;12;8;True
40388;2;4;2;True
40389;2;2;0;True
40390;6;12;6;True
40391;3;4;1;True
40392;5;8;3;True
40393;6;12;6;True
40394;4;6;2;True
40395;3;6;3;True
40396;3;6;3;True
40397;3;6;3;True
40398;1;1;0;True
40399;6;8;2;True
40400;4;6;2;True
40401;4;9;5;True
40402;6;12;6;True
40403;4;9;5;True
40404;7;16;9;True
40405;8;16;8;True
40406;2;4;2;True
40407;7;12;5;True
40408;8;16;8;True
40409;8;12;4;True
40410;2;2;0;True
40411;5;9;4;True
40412;7;16;9;True
40413;4;8;4;True
40414;6;12;6;True
40415;7;12;5;True
40416;8;16;8;True
40417;4;9;5;True
40418;2;4;2;True
40419;0;0;0;True
40420;3;4;1;True
40421;1;1;0;True
40422;4;9;5;True
40423;6;12;6;True
40424;3;6;3;True
40425;2;4;2;True
40426;5;12;7;True
40427;3;6;3;True
40428;2;2;0;True
40429;3;6;3;True
40430;3;9;6;True
40431;1;1;0;True
40432;2;2;0;True
40433;1;1;0;True
40434;3;3;0;True
40435;3;6;3;True
40436;7;12;5;True
40437;0;0;0;True
40438;7;12;5;True
40439;0;0;0;True
40440;4;12;8;True
40441;1;1;0;True
40442;5;12;7;True
40443;1;1;0;True
40444;4;9;5;True
40445;6;9;3;True
40446;4;12;8;True
40447;6;12;6;True
40448;3;6;3;True
40449;1;1;0;True
40450;6;12;6;True
40451;8;16;8;True
40452;3;6;3;True
40453;9;12;3;True
40454;2;2;0;True
40455;2;4;2;True
40456;0;0;0;True
40457;4;6;2;True
40458;2;2;0;True
40459;5;9;4;True
40460;1;1;0;True
40461;1;1;0;True
40462;4;6;2;True
40463;0;0;0;True
40464;6;8;2;True
40465;0;0;0;True
40466;3;6;3;True
40467;0;0;0;True
40468;8;16;8;True
40469;5;12;7;True
40470;0;0;0;True
40471;7;12;5;True
40472;4;9;5;True
40473;1;1;0;True
40474;0;0;0;True
40475;4;6;2;True
40476;5;9;4;True
40477;1;1;0;True
40478;6;12;6;True
40479;2;4;2;True
40480;6;9;3;True
40481;5;12;7;True
40482;2;4;2;True
40483;4;9;5;True
40484;3;6;3;True
40485;10;16;6;True
40486;3;6;3;True
40487;3;6;3;True
40488;1;1;0;True
40489;7;16;9;True
40490;5;6;1;True
40491;2;4;2;True
40492;3;6;3;True
40493;6;16;10;True
40494;3;4;1;True
40495;7;16;9;True
40496;5;12;7;True
40497;0;0;0;True
40498;7;12;5;True
40499;3;4;1;True
40500;4;6;2;True
40501;7;16;9;True
40502;2;4;2;True
40503;5;12;7;True
40504;6;9;3;True
40505;3;4;1;True
40506;3;6;3;True
40507;4;9;5;True
40508;3;6;3;True
40509;1;1;0;True
40510;5;6;1;True
40511;6;16;10;True
40512;2;4;2;True
40513;6;12;6;True
40514;4;9;5;True
40515;2;4;2;True
40516;3;4;1;True
40517;0;0;0;True
40518;2;2;0;True
40519;3;6;3;True
40520;4;6;2;True
40521;5;8;3;True
40522;6;12;6;True
40523;1;1;0;True
40524;3;6;3;True
40525;4;12;8;True
40526;9;16;7;True
40527;7;16;9;True
40528;3;6;3;True
40529;4;16;12;True
40530;7;12;5;True
40531;7;12;5;True
40532;7;12;5;True
40533;1;1;0;True
40534;4;9;5;True
40535;5;12;7;True
40536;8;16;8;True
40537;3;6;3;True
40538;3;6;3;True
40539;3;4;1;True
40540;0;0;0;True
40541;9;16;7;True
40542;5;12;7;True
40543;2;2;0;True
40544;4;9;5;True
40545;6;12;6;True
40546;4;9;5;True
40547;3;6;3;True
40548;12;16;4;True
40549;6;16;10;True
40550;6;9;3;True
40551;2;2;0;True
40552;2;2;0;True
40553;3;6;3;True
40554;3;4;1;True
40555;4;9;5;True
40556;7;16;9;True
40557;5;12;7;True
40558;1;1;0;True
40559;2;2;0;True
40560;4;9;5;True
40561;3;6;3;True
40562;0;0;0;True
40563;8;16;8;True
40564;4;6;2;True
40565;4;6;2;True
40566;4;6;2;True
40567;1;1;0;True
40568;2;2;0;True
40569;1;1;0;True
40570;2;4;2;True
40571;8;12;4;True
40572;5;9;4;True
40573;1;1;0;True
40574;7;12;5;True
40575;0;0;0;True
40576;6;12;6;True
40577;4;9;5;True
40578;1;1;0;True
40579;4;9;5;True
40580;0;0;0;True
40581;2;4;2;True
40582;0;0;0;True
40583;6;12;6;True
40584;4;12;8;True
40585;5;9;4;True
40586;7;12;5;True
40587;4;9;5;True
40588;5;8;3;True
40589;4;6;2;True
40590;6;12;6;True
40591;5;12;7;True
40592;0;0;0;True
40593;0;0;0;True
40594;1;1;0;True
40595;3;6;3;True
40596;5;12;7;True
40597;1;1;0;True
40598;4;6;2;True
40599;2;2;0;True
40600;1;1;0;True
40601;0;0;0;True
40602;5;9;4;True
40603;6;9;3;True
40604;0;0;0;True
40605;4;9;5;True
40606;4;12;8;True
40607;8;16;8;True
40608;6;9;3;True
40609;2;2;0;True
40610;6;16;10;True
40611;4;6;2;True
40612;1;1;0;True
40613;1;1;0;True
40614;2;4;2;True
40615;5;9;4;True
40616;2;4;2;True
40617;2;2;0;True
40618;3;4;1;True
40619;3;6;3;True
40620;2;2;0;True
40621;3;4;1;True
40622;6;12;6;True
40623;2;4;2;True
40624;2;4;2;True
40625;3;6;3;True
40626;6;16;10;True
40627;2;2;0;True
40628;5;9;4;True
40629;4;9;5;True
40630;5;12;7;True
40631;4;8;4;True
40632;3;6;3;True
40633;0;0;0;True
40634;2;4;2;True
40635;1;1;0;True
40636;2;2;0;True
40637;1;1;0;True
40638;0;0;0;True
40639;0;0;0;True
40640;0;0;0;True
40641;2;4;2;True
40642;8;16;8;True
40643;10;16;6;True
40644;2;2;0;True
40645;1;1;0;True
40646;4;6;2;True
40647;7;12;5;True
40648;2;4;2;True
40649;8;16;8;True
40650;3;6;3;True
40651;5;12;7;True
40652;5;9;4;True
40653;2;4;2;True
40654;2;2;0;True
40655;7;8;1;True
40656;6;12;6;True
40657;5;9;4;True
40658;4;9;5;True
40659;6;16;10;True
40660;4;12;8;True
40661;2;4;2;True
40662;6;12;6;True
40663;2;4;2;True
40664;7;9;2;True
40665;5;9;4;True
40666;2;4;2;True
40667;2;4;2;True
40668;3;6;3;True
40669;4;12;8;True
40670;1;1;0;True
40671;3;9;6;True
40672;2;2;0;True
40673;0;0;0;True
40674;2;4;2;True
40675;3;4;1;True
40676;3;6;3;True
40677;3;3;0;True
40678;4;6;2;True
40679;1;1;0;True
40680;3;3;0;True
40681;1;1;0;True
40682;2;2;0;True
40683;3;6;3;True
40684;1;1;0;True
40685;4;9;5;True
40686;2;2;0;True
40687;4;6;2;True
40688;6;12;6;True
40689;4;9;5;True
40690;1;1;0;True
40691;3;6;3;True
40692;0;0;0;True
40693;8;12;4;True
40694;5;16;11;True
40695;4;9;5;True
40696;5;16;11;True
40697;8;16;8;True
40698;5;9;4;True
40699;1;1;0;True
40700;4;9;5;True
40701;1;1;0;True
40702;9;16;7;True
40703;0;0;0;True
40704;0;0;0;True
40705;0;0;0;True
40706;1;1;0;True
40707;3;4;1;True
40708;2;2;0;True
40709;9;16;7;True
40710;5;9;4;True
40711;6;12;6;True
40712;0;0;0;True
40713;7;12;5;True
40714;7;16;9;True
40715;1;1;0;True
40716;4;9;5;True
40717;1;1;0;True
40718;2;4;2;True
40719;0;0;0;True
40720;2;4;2;True
40721;5;16;11;True
40722;4;12;8;True
40723;5;6;1;True
40724;3;4;1;True
40725;4;12;8;True
40726;1;1;0;True
40727;2;2;0;True
40728;0;0;0;True
40729;1;1;0;True
40730;5;12;7;True
40731;1;1;0;True
40732;2;4;2;True
40733;8;16;8;True
40734;1;1;0;True
40735;5;9;4;True
40736;2;4;2;True
40737;2;4;2;True
40738;0;0;0;True
40739;2;4;2;True
40740;6;12;6;True
40741;5;6;1;True
40742;6;8;2;True
40743;5;12;7;True
40744;2;4;2;True
40745;1;1;0;True
40746;3;6;3;True
40747;2;2;0;True
40748;2;2;0;True
40749;0;0;0;True
40750;6;16;10;True
40751;1;1;0;True
40752;1;1;0;True
40753;5;9;4;True
40754;5;12;7;True
40755;2;2;0;True
40756;4;12;8;True
40757;3;3;0;True
40758;2;2;0;True
40759;7;16;9;True
40760;4;6;2;True
40761;2;4;2;True
40762;5;9;4;True
40763;4;6;2;True
40764;6;9;3;True
40765;7;12;5;True
40766;3;6;3;True
40767;7;12;5;True
40768;5;9;4;True
40769;2;4;2;True
40770;1;1;0;True
40771;2;4;2;True
40772;7;16;9;True
40773;4;9;5;True
40774;5;9;4;True
40775;3;6;3;True
40776;4;12;8;True
40777;1;1;0;True
40778;7;12;5;True
40779;6;12;6;True
40780;4;6;2;True
40781;4;9;5;True
40782;4;9;5;True
40783;5;8;3;True
40784;4;6;2;True
40785;1;1;0;True
40786;1;1;0;True
40787;3;6;3;True
40788;6;12;6;True
40789;5;12;7;True
40790;7;16;9;True
40791;2;4;2;True
40792;4;6;2;True
40793;1;1;0;True
40794;2;4;2;True
40795;3;6;3;True
40796;1;1;0;True
40797;6;12;6;True
40798;1;1;0;True
40799;7;16;9;True
40800;2;2;0;True
40801;3;6;3;True
40802;0;0;0;True
40803;1;1;0;True
40804;2;4;2;True
40805;2;4;2;True
40806;6;12;6;True
40807;8;16;8;True
40808;1;1;0;True
40809;8;16;8;True
40810;7;16;9;True
40811;2;2;0;True
40812;2;4;2;True
40813;1;1;0;True
40814;2;4;2;True
40815;1;1;0;True
40816;5;12;7;True
40817;8;12;4;True
40818;8;16;8;True
40819;5;9;4;True
40820;5;12;7;True
40821;1;1;0;True
40822;1;1;0;True
40823;6;12;6;True
40824;3;6;3;True
40825;1;1;0;True
40826;4;6;2;True
40827;5;9;4;True
40828;6;16;10;True
40829;4;6;2;True
40830;0;0;0;True
40831;7;16;9;True
40832;3;6;3;True
40833;5;16;11;True
40834;3;6;3;True
40835;3;6;3;True
40836;2;2;0;True
40837;1;1;0;True
40838;5;12;7;True
40839;8;16;8;True
40840;6;12;6;True
40841;5;16;11;True
40842;7;16;9;True
40843;3;4;1;True
40844;7;12;5;True
40845;6;9;3;True
40846;2;4;2;True
40847;3;4;1;True
40848;1;1;0;True
40849;2;4;2;True
40850;7;12;5;True
40851;0;0;0;True
40852;0;0;0;True
40853;4;6;2;True
40854;5;12;7;True
40855;4;9;5;True
40856;4;12;8;True
40857;3;4;1;True
40858;2;2;0;True
40859;4;12;8;True
40860;4;12;8;True
40861;3;9;6;True
40862;5;12;7;True
40863;2;4;2;True
40864;2;2;0;True
40865;1;1;0;True
40866;0;0;0;True
40867;4;6;2;True
40868;4;6;2;True
40869;3;3;0;True
40870;3;9;6;True
40871;5;16;11;True
40872;6;16;10;True
40873;4;6;2;True
40874;5;12;7;True
40875;9;12;3;True
40876;5;8;3;True
40877;1;1;0;True
40878;6;9;3;True
40879;9;16;7;True
40880;0;0;0;True
40881;4;9;5;True
40882;1;1;0;True
40883;2;2;0;True
40884;3;3;0;True
40885;4;8;4;True
40886;3;6;3;True
40887;1;1;0;True
40888;1;1;0;True
40889;4;9;5;True
40890;4;8;4;True
40891;4;12;8;True
40892;2;4;2;True
40893;4;9;5;True
40894;5;16;11;True
40895;0;0;0;True
40896;5;12;7;True
40897;3;6;3;True
40898;2;4;2;True
40899;4;9;5;True
40900;3;9;6;True
40901;2;2;0;True
40902;4;9;5;True
40903;4;6;2;True
40904;6;12;6;True
40905;4;6;2;True
40906;2;2;0;True
40907;2;4;2;True
40908;6;9;3;True
40909;5;12;7;True
40910;1;1;0;True
40911;5;12;7;True
40912;7;12;5;True
40913;5;16;11;True
40914;2;2;0;True
40915;1;1;0;True
40916;5;12;7;True
40917;5;12;7;True
40918;3;6;3;True
40919;3;3;0;True
40920;6;16;10;True
40921;7;16;9;True
40922;4;9;5;True
40923;4;6;2;True
40924;1;1;0;True
40925;3;9;6;True
40926;2;4;2;True
40927;5;9;4;True
40928;4;12;8;True
40929;2;4;2;True
40930;5;16;11;True
40931;8;16;8;True
40932;3;9;6;True
40933;2;4;2;True
40934;6;12;6;True
40935;4;8;4;True
40936;2;4;2;True
40937;5;9;4;True
40938;2;4;2;True
40939;3;6;3;True
40940;4;6;2;True
40941;1;1;0;True
40942;2;4;2;True
40943;10;16;6;True
40944;7;16;9;True
40945;6;16;10;True
40946;5;16;11;True
40947;1;1;0;True
40948;2;4;2;True
40949;1;1;0;True
40950;4;6;2;True
40951;2;4;2;True
40952;8;12;4;True
40953;4;12;8;True
40954;1;1;0;True
40955;1;1;0;True
40956;9;16;7;True
40957;2;2;0;True
40958;4;9;5;True
40959;6;12;6;True
40960;7;16;9;True
40961;8;16;8;True
40962;2;4;2;True
40963;0;0;0;True
40964;3;4;1;True
40965;7;16;9;True
40966;0;0;0;True
40967;4;6;2;True
40968;4;16;12;True
40969;2;4;2;True
40970;3;6;3;True
40971;6;12;6;True
40972;1;1;0;True
40973;0;0;0;True
40974;4;6;2;True
40975;6;12;6;True
40976;5;9;4;True
40977;1;1;0;True
40978;3;3;0;True
40979;2;4;2;True
40980;3;6;3;True
40981;1;1;0;True
40982;4;8;4;True
40983;3;9;6;True
40984;4;9;5;True
40985;4;9;5;True
40986;8;12;4;True
40987;3;6;3;True
40988;3;4;1;True
40989;7;16;9;True
40990;5;12;7;True
40991;1;1;0;True
40992;1;1;0;True
40993;3;3;0;True
40994;3;9;6;True
40995;1;1;0;True
40996;1;1;0;True
40997;4;6;2;True
40998;3;4;1;True
40999;0;0;0;True
41000;4;6;2;True
41001;4;9;5;True
41002;2;4;2;True
41003;1;1;0;True
41004;2;2;0;True
41005;3;6;3;True
41006;1;1;0;True
41007;5;9;4;True
41008;2;4;2;True
41009;2;2;0;True
41010;3;4;1;True
41011;3;4;1;True
41012;4;12;8;True
41013;6;16;10;True
41014;4;6;2;True
41015;5;9;4;True
41016;1;1;0;True
41017;1;1;0;True
41018;4;9;5;True
41019;6;16;10;True
41020;4;9;5;True
41021;5;8;3;True
41022;7;16;9;True
41023;5;12;7;True
41024;2;4;2;True
41025;11;16;5;True
41026;2;4;2;True
41027;3;4;1;True
41028;7;16;9;True
41029;2;2;0;True
41030;4;8;4;True
41031;3;6;3;True
41032;0;0;0;True
41033;5;9;4;True
41034;0;0;0;True
41035;1;1;0;True
41036;1;1;0;True
41037;3;6;3;True
41038;5;16;11;True
41039;3;4;1;True
41040;3;4;1;True
41041;7;16;9;True
41042;8;12;4;True
41043;1;1;0;True
41044;3;6;3;True
41045;4;6;2;True
41046;5;9;4;True
41047;7;12;5;True
41048;0;0;0;True
41049;3;4;1;True
41050;6;12;6;True
41051;2;4;2;True
41052;6;12;6;True
41053;6;16;10;True
41054;6;12;6;True
41055;9;16;7;True
41056;2;2;0;True
41057;1;1;0;True
41058;4;9;5;True
41059;2;2;0;True
41060;1;1;0;True
41061;3;4;1;True
41062;1;1;0;True
41063;1;1;0;True
41064;6;12;6;True
41065;4;8;4;True
41066;1;1;0;True
41067;1;1;0;True
41068;1;1;0;True
41069;6;12;6;True
41070;3;4;1;True
41071;1;1;0;True
41072;3;6;3;True
41073;2;2;0;True
41074;3;4;1;True
41075;3;6;3;True
41076;4;6;2;True
41077;4;9;5;True
41078;8;16;8;True
41079;4;8;4;True
41080;1;1;0;True
41081;5;12;7;True
41082;5;12;7;True
41083;4;8;4;True
41084;1;1;0;True
41085;3;9;6;True
41086;10;16;6;True
41087;1;1;0;True
41088;7;16;9;True
41089;0;0;0;True
41090;1;1;0;True
41091;4;6;2;True
41092;8;16;8;True
41093;4;8;4;True
41094;5;16;11;True
41095;5;12;7;True
41096;4;9;5;True
41097;1;1;0;True
41098;3;6;3;True
41099;2;2;0;True
41100;1;1;0;True
41101;2;4;2;True
41102;8;16;8;True
41103;7;12;5;True
41104;4;9;5;True
41105;1;1;0;True
41106;4;9;5;True
41107;1;1;0;True
41108;3;9;6;True
41109;3;6;3;True
41110;1;1;0;True
41111;3;6;3;True
41112;1;1;0;True
41113;1;1;0;True
41114;5;12;7;True
41115;7;16;9;True
41116;6;9;3;True
41117;7;16;9;True
41118;4;9;5;True
41119;8;16;8;True
41120;6;12;6;True
41121;6;16;10;True
41122;0;0;0;True
41123;9;12;3;True
41124;3;6;3;True
41125;1;1;0;True
41126;0;0;0;True
41127;3;6;3;True
41128;4;9;5;True
41129;4;9;5;True
41130;2;4;2;True
41131;7;16;9;True
41132;3;9;6;True
41133;6;12;6;True
41134;1;1;0;True
41135;3;6;3;True
41136;2;2;0;True
41137;9;16;7;True
41138;4;6;2;True
41139;7;9;2;True
41140;2;2;0;True
41141;2;4;2;True
41142;2;2;0;True
41143;5;12;7;True
41144;3;6;3;True
41145;3;4;1;True
41146;8;16;8;True
41147;1;1;0;True
41148;5;9;4;True
41149;3;6;3;True
41150;6;12;6;True
41151;2;4;2;True
41152;4;12;8;True
41153;8;12;4;True
41154;1;1;0;True
41155;3;4;1;True
41156;6;12;6;True
41157;4;6;2;True
41158;6;12;6;True
41159;2;4;2;True
41160;3;4;1;True
41161;10;16;6;True
41162;6;12;6;True
41163;4;12;8;True
41164;7;16;9;True
41165;1;1;0;True
41166;1;1;0;True
41167;1;1;0;True
41168;5;9;4;True
41169;2;4;2;True
41170;3;6;3;True
41171;5;9;4;True
41172;4;12;8;True
41173;6;16;10;True
41174;1;1;0;True
41175;2;4;2;True
41176;6;12;6;True
41177;1;1;0;True
41178;5;9;4;True
41179;2;4;2;True
41180;3;6;3;True
41181;5;6;1;True
41182;6;16;10;True
41183;0;0;0;True
41184;2;2;0;True
41185;1;1;0;True
41186;4;6;2;True
41187;1;1;0;True
41188;1;1;0;True
41189;1;1;0;True
41190;5;12;7;True
41191;4;9;5;True
41192;5;9;4;True
41193;0;0;0;True
41194;3;9;6;True
41195;2;4;2;True
41196;3;6;3;True
41197;10;16;6;True
41198;3;6;3;True
41199;3;6;3;True
41200;3;6;3;True
41201;3;6;3;True
41202;2;4;2;True
41203;7;16;9;True
41204;3;9;6;True
41205;1;1;0;True
41206;0;0;0;True
41207;6;12;6;True
41208;4;8;4;True
41209;2;4;2;True
41210;9;16;7;True
41211;2;4;2;True
41212;3;6;3;True
41213;3;6;3;True
41214;0;0;0;True
41215;1;1;0;True
41216;5;8;3;True
41217;3;9;6;True
41218;2;4;2;True
41219;3;6;3;True
41220;8;12;4;True
41221;6;9;3;True
41222;2;2;0;True
41223;0;0;0;True
41224;2;4;2;True
41225;1;1;0;True
41226;4;6;2;True
41227;6;9;3;True
41228;3;4;1;True
41229;0;0;0;True
41230;4;12;8;True
41231;2;4;2;True
41232;4;9;5;True
41233;5;9;4;True
41234;5;16;11;True
41235;2;4;2;True
41236;3;4;1;True
41237;7;16;9;True
41238;4;9;5;True
41239;0;0;0;True
41240;8;16;8;True
41241;5;6;1;True
41242;2;4;2;True
41243;3;4;1;True
41244;2;2;0;True
41245;2;4;2;True
41246;2;2;0;True
41247;0;0;0;True
41248;6;12;6;True
41249;2;4;2;True
41250;3;6;3;True
41251;1;1;0;True
41252;5;16;11;True
41253;3;6;3;True
41254;5;9;4;True
41255;6;12;6;True
41256;4;6;2;True
41257;7;16;9;True
41258;2;2;0;True
41259;4;12;8;True
41260;6;16;10;True
41261;3;6;3;True
41262;3;6;3;True
41263;0;0;0;True
41264;2;4;2;True
41265;1;1;0;True
41266;2;4;2;True
41267;4;9;5;True
41268;3;3;0;True
41269;3;6;3;True
41270;6;12;6;True
41271;3;6;3;True
41272;4;8;4;True
41273;6;16;10;True
41274;7;16;9;True
41275;5;9;4;True
41276;2;4;2;True
41277;4;9;5;True
41278;8;12;4;True
41279;3;6;3;True
41280;5;8;3;True
41281;6;16;10;True
41282;8;16;8;True
41283;3;6;3;True
41284;7;16;9;True
41285;7;12;5;True
41286;3;3;0;True
41287;2;2;0;True
41288;3;6;3;True
41289;1;1;0;True
41290;4;12;8;True
41291;9;16;7;True
41292;1;1;0;True
41293;6;12;6;True
41294;4;9;5;True
41295;1;1;0;True
41296;5;12;7;True
41297;4;6;2;True
41298;3;6;3;True
41299;1;1;0;True
41300;2;2;0;True
41301;8;16;8;True
41302;1;1;0;True
41303;7;16;9;True
41304;8;16;8;True
41305;9;16;7;True
41306;2;2;0;True
41307;1;1;0;True
41308;3;6;3;True
41309;1;1;0;True
41310;3;4;1;True
41311;5;16;11;True
41312;6;9;3;True
41313;0;0;0;True
41314;2;4;2;True
41315;6;16;10;True
41316;7;16;9;True
41317;5;12;7;True
41318;4;16;12;True
41319;2;4;2;True
41320;5;6;1;True
41321;2;2;0;True
41322;6;16;10;True
41323;7;12;5;True
41324;4;6;2;True
41325;3;6;3;True
41326;3;4;1;True
41327;1;1;0;True
41328;4;6;2;True
41329;5;12;7;True
41330;4;9;5;True
41331;3;3;0;True
41332;4;12;8;True
41333;2;2;0;True
41334;7;16;9;True
41335;3;6;3;True
41336;2;2;0;True
41337;0;0;0;True
41338;5;8;3;True
41339;10;16;6;True
41340;1;1;0;True
41341;3;6;3;True
41342;1;1;0;True
41343;6;16;10;True
41344;6;16;10;True
41345;4;12;8;True
41346;2;2;0;True
41347;5;8;3;True
41348;6;16;10;True
41349;3;3;0;True
41350;9;16;7;True
41351;1;1;0;True
41352;6;9;3;True
41353;4;8;4;True
41354;7;16;9;True
41355;4;9;5;True
41356;3;6;3;True
41357;0;0;0;True
41358;4;6;2;True
41359;3;4;1;True
41360;5;12;7;True
41361;8;12;4;True
41362;5;12;7;True
41363;3;6;3;True
41364;4;9;5;True
41365;3;6;3;True
41366;2;4;2;True
41367;2;4;2;True
41368;7;16;9;True
41369;2;4;2;True
41370;0;0;0;True
41371;2;2;0;True
41372;1;1;0;True
41373;3;6;3;True
41374;0;0;0;True
41375;6;12;6;True
41376;4;8;4;True
41377;2;4;2;True
41378;5;8;3;True
41379;3;6;3;True
41380;6;12;6;True
41381;8;16;8;True
41382;7;16;9;True
41383;5;12;7;True
41384;3;6;3;True
41385;2;4;2;True
41386;2;2;0;True
41387;2;2;0;True
41388;2;4;2;True
41389;4;6;2;True
41390;4;9;5;True
41391;5;8;3;True
41392;6;12;6;True
41393;3;6;3;True
41394;0;0;0;True
41395;4;6;2;True
41396;4;8;4;True
41397;2;2;0;True
41398;8;16;8;True
41399;2;2;0;True
41400;3;6;3;True
41401;4;4;0;True
41402;4;6;2;True
41403;5;8;3;True
41404;4;6;2;True
41405;6;12;6;True
41406;2;4;2;True
41407;5;12;7;True
41408;6;12;6;True
41409;4;12;8;True
41410;6;9;3;True
41411;1;1;0;True
41412;5;12;7;True
41413;1;1;0;True
41414;0;0;0;True
41415;7;16;9;True
41416;3;6;3;True
41417;2;4;2;True
41418;4;6;2;True
41419;2;2;0;True
41420;1;1;0;True
41421;0;0;0;True
41422;8;12;4;True
41423;0;0;0;True
41424;3;4;1;True
41425;8;16;8;True
41426;5;9;4;True
41427;1;1;0;True
41428;3;6;3;True
41429;3;6;3;True
41430;4;9;5;True
41431;5;8;3;True
41432;9;16;7;True
41433;3;4;1;True
41434;0;0;0;True
41435;3;6;3;True
41436;1;1;0;True
41437;2;2;0;True
41438;5;12;7;True
41439;2;2;0;True
41440;4;9;5;True
41441;3;9;6;True
41442;3;3;0;True
41443;3;6;3;True
41444;2;2;0;True
41445;7;16;9;True
41446;4;6;2;True
41447;2;4;2;True
41448;2;4;2;True
41449;2;4;2;True
41450;1;1;0;True
41451;5;9;4;True
41452;6;9;3;True
41453;1;1;0;True
41454;2;4;2;True
41455;6;16;10;True
41456;4;9;5;True
41457;3;6;3;True
41458;3;6;3;True
41459;2;4;2;True
41460;3;6;3;True
41461;2;4;2;True
41462;7;16;9;True
41463;8;12;4;True
41464;4;9;5;True
41465;4;9;5;True
41466;0;0;0;True
41467;3;6;3;True
41468;5;12;7;True
41469;3;4;1;True
41470;9;16;7;True
41471;3;9;6;True
41472;2;4;2;True
41473;2;2;0;True
41474;3;6;3;True
41475;4;6;2;True
41476;7;16;9;True
41477;3;9;6;True
41478;0;0;0;True
41479;0;0;0;True
41480;5;9;4;True
41481;1;1;0;True
41482;4;12;8;True
41483;1;1;0;True
41484;5;16;11;True
41485;7;16;9;True
41486;12;16;4;True
41487;6;9;3;True
41488;3;6;3;True
41489;0;0;0;True
41490;4;4;0;True
41491;5;9;4;True
41492;4;6;2;True
41493;1;1;0;True
41494;7;16;9;True
41495;5;12;7;True
41496;7;12;5;True
41497;3;4;1;True
41498;3;6;3;True
41499;5;9;4;True
41500;3;4;1;True
41501;3;6;3;True
41502;8;12;4;True
41503;7;16;9;True
41504;3;6;3;True
41505;0;0;0;True
41506;4;12;8;True
41507;5;9;4;True
41508;4;9;5;True
41509;4;12;8;True
41510;5;6;1;True
41511;1;1;0;True
41512;4;9;5;True
41513;3;4;1;True
41514;3;6;3;True
41515;0;0;0;True
41516;9;12;3;True
41517;2;4;2;True
41518;7;12;5;True
41519;1;1;0;True
41520;3;6;3;True
41521;2;2;0;True
41522;1;1;0;True
41523;5;12;7;True
41524;7;9;2;True
41525;5;9;4;True
41526;3;4;1;True
41527;3;6;3;True
41528;3;6;3;True
41529;3;4;1;True
41530;3;4;1;True
41531;1;1;0;True
41532;4;6;2;True
41533;4;9;5;True
41534;2;4;2;True
41535;2;2;0;True
41536;4;9;5;True
41537;3;6;3;True
41538;4;6;2;True
41539;1;1;0;True
41540;4;12;8;True
41541;2;4;2;True
41542;3;6;3;True
41543;10;16;6;True
41544;3;6;3;True
41545;4;9;5;True
41546;1;1;0;True
41547;1;1;0;True
41548;3;6;3;True
41549;1;1;0;True
41550;3;4;1;True
41551;5;9;4;True
41552;2;2;0;True
41553;6;12;6;True
41554;1;1;0;True
41555;6;16;10;True
41556;7;12;5;True
41557;6;16;10;True
41558;5;12;7;True
41559;2;2;0;True
41560;6;12;6;True
41561;2;4;2;True
41562;4;12;8;True
41563;5;9;4;True
41564;2;4;2;True
41565;8;16;8;True
41566;1;1;0;True
41567;6;9;3;True
41568;6;9;3;True
41569;5;12;7;True
41570;3;4;1;True
41571;4;9;5;True
41572;7;16;9;True
41573;2;4;2;True
41574;2;4;2;True
41575;0;0;0;True
41576;2;2;0;True
41577;2;2;0;True
41578;8;16;8;True
41579;2;4;2;True
41580;5;8;3;True
41581;7;12;5;True
41582;5;6;1;True
41583;3;4;1;True
41584;3;6;3;True
41585;2;2;0;True
41586;2;2;0;True
41587;0;0;0;True
41588;6;9;3;True
41589;9;16;7;True
41590;2;4;2;True
41591;6;12;6;True
41592;4;12;8;True
41593;5;9;4;True
41594;1;1;0;True
41595;6;16;10;True
41596;9;16;7;True
41597;0;0;0;True
41598;2;2;0;True
41599;3;6;3;True
41600;3;6;3;True
41601;4;12;8;True
41602;1;1;0;True
41603;2;2;0;True
41604;2;2;0;True
41605;4;9;5;True
41606;6;12;6;True
41607;1;1;0;True
41608;4;9;5;True
41609;2;4;2;True
41610;0;0;0;True
41611;0;0;0;True
41612;3;6;3;True
41613;2;4;2;True
41614;4;12;8;True
41615;2;4;2;True
41616;4;9;5;True
41617;8;16;8;True
41618;3;6;3;True
41619;6;9;3;True
41620;5;12;7;True
41621;4;9;5;True
41622;4;9;5;True
41623;4;8;4;True
41624;2;2;0;True
41625;1;1;0;True
41626;5;16;11;True
41627;6;12;6;True
41628;2;2;0;True
41629;1;1;0;True
41630;3;6;3;True
41631;5;9;4;True
41632;3;9;6;True
41633;0;0;0;True
41634;7;16;9;True
41635;6;16;10;True
41636;5;12;7;True
41637;2;4;2;True
41638;6;16;10;True
41639;4;9;5;True
41640;1;1;0;True
41641;3;6;3;True
41642;3;6;3;True
41643;1;1;0;True
41644;2;4;2;True
41645;0;0;0;True
41646;5;6;1;True
41647;8;12;4;True
41648;4;8;4;True
41649;0;0;0;True
41650;6;16;10;True
41651;7;16;9;True
41652;3;6;3;True
41653;7;16;9;True
41654;7;16;9;True
41655;0;0;0;True
41656;1;1;0;True
41657;3;6;3;True
41658;7;16;9;True
41659;4;6;2;True
41660;2;4;2;True
41661;2;2;0;True
41662;1;1;0;True
41663;2;2;0;True
41664;2;2;0;True
41665;7;16;9;True
41666;7;12;5;True
41667;2;4;2;True
41668;4;6;2;True
41669;3;9;6;True
41670;4;6;2;True
41671;0;0;0;True
41672;2;2;0;True
41673;5;9;4;True
41674;8;12;4;True
41675;7;16;9;True
41676;3;6;3;True
41677;3;4;1;True
41678;4;6;2;True
41679;1;1;0;True
41680;1;1;0;True
41681;5;12;7;True
41682;1;1;0;True
41683;4;9;5;True
41684;1;1;0;True
41685;9;16;7;True
41686;9;16;7;True
41687;1;1;0;True
41688;0;0;0;True
41689;4;12;8;True
41690;8;16;8;True
41691;5;6;1;True
41692;3;9;6;True
41693;2;2;0;True
41694;3;6;3;True
41695;3;4;1;True
41696;3;6;3;True
41697;5;12;7;True
41698;2;2;0;True
41699;6;12;6;True
41700;1;1;0;True
41701;5;16;11;True
41702;2;4;2;True
41703;1;1;0;True
41704;5;12;7;True
41705;8;16;8;True
41706;4;12;8;True
41707;4;9;5;True
41708;5;6;1;True
41709;5;9;4;True
41710;3;6;3;True
41711;3;6;3;True
41712;3;4;1;True
41713;1;1;0;True
41714;3;6;3;True
41715;5;16;11;True
41716;9;16;7;True
41717;5;12;7;True
41718;6;9;3;True
41719;3;6;3;True
41720;2;4;2;True
41721;6;12;6;True
41722;8;12;4;True
41723;4;9;5;True
41724;4;12;8;True
41725;4;6;2;True
41726;6;9;3;True
41727;0;0;0;True
41728;4;9;5;True
41729;6;12;6;True
41730;5;16;11;True
41731;5;12;7;True
41732;3;4;1;True
41733;0;0;0;True
41734;3;6;3;True
41735;2;2;0;True
41736;3;9;6;True
41737;6;12;6;True
41738;4;9;5;True
41739;2;2;0;True
41740;6;12;6;True
41741;5;8;3;True
41742;0;0;0;True
41743;3;6;3;True
41744;8;16;8;True
41745;5;12;7;True
41746;4;6;2;True
41747;3;6;3;True
41748;2;2;0;True
41749;4;12;8;True
41750;7;12;5;True
41751;0;0;0;True
41752;5;12;7;True
41753;6;9;3;True
41754;4;9;5;True
41755;2;4;2;True
41756;3;6;3;True
41757;2;4;2;True
41758;8;16;8;True
41759;0;0;0;True
41760;2;2;0;True
41761;5;12;7;True
41762;7;12;5;True
41763;5;12;7;True
41764;3;4;1;True
41765;0;0;0;True
41766;4;4;0;True
41767;3;4;1;True
41768;3;6;3;True
41769;5;9;4;True
41770;4;12;8;True
41771;4;9;5;True
41772;7;12;5;True
41773;2;2;0;True
41774;2;2;0;True
41775;9;16;7;True
41776;4;6;2;True
41777;6;9;3;True
41778;5;12;7;True
41779;3;4;1;True
41780;3;6;3;True
41781;7;16;9;True
41782;6;9;3;True
41783;0;0;0;True
41784;6;12;6;True
41785;4;9;5;True
41786;4;6;2;True
41787;7;12;5;True
41788;3;6;3;True
41789;2;2;0;True
41790;5;12;7;True
41791;1;1;0;True
41792;5;12;7;True
41793;8;12;4;True
41794;4;12;8;True
41795;2;4;2;True
41796;2;2;0;True
41797;1;1;0;True
41798;2;4;2;True
41799;6;12;6;True
41800;8;16;8;True
41801;1;1;0;True
41802;3;3;0;True
41803;3;4;1;True
41804;1;1;0;True
41805;3;6;3;True
41806;7;12;5;True
41807;2;2;0;True
41808;4;6;2;True
41809;3;6;3;True
41810;1;1;0;True
41811;9;16;7;True
41812;3;6;3;True
41813;8;16;8;True
41814;3;9;6;True
41815;4;9;5;True
41816;4;12;8;True
41817;8;16;8;True
41818;3;6;3;True
41819;2;4;2;True
41820;1;1;0;True
41821;8;16;8;True
41822;6;12;6;True
41823;7;12;5;True
41824;4;9;5;True
41825;4;9;5;True
41826;3;6;3;True
41827;1;1;0;True
41828;2;4;2;True
41829;4;9;5;True
41830;1;1;0;True
41831;3;9;6;True
41832;1;1;0;True
41833;8;16;8;True
41834;2;2;0;True
41835;6;12;6;True
41836;6;16;10;True
41837;3;6;3;True
41838;5;12;7;True
41839;4;6;2;True
41840;2;2;0;True
41841;4;6;2;True
41842;2;2;0;True
41843;4;9;5;True
41844;3;4;1;True
41845;3;3;0;True
41846;2;4;2;True
41847;5;16;11;True
41848;6;12;6;True
41849;2;4;2;True
41850;7;16;9;True
41851;2;4;2;True
41852;5;8;3;True
41853;6;12;6;True
41854;4;8;4;True
41855;1;1;0;True
41856;4;6;2;True
41857;3;9;6;True
41858;3;4;1;True
41859;3;4;1;True
41860;6;12;6;True
41861;4;9;5;True
41862;1;1;0;True
41863;3;9;6;True
41864;3;6;3;True
41865;4;9;5;True
41866;2;2;0;True
41867;3;6;3;True
41868;7;12;5;True
41869;6;12;6;True
41870;3;6;3;True
41871;4;6;2;True
41872;5;8;3;True
41873;1;1;0;True
41874;2;2;0;True
41875;4;6;2;True
41876;5;12;7;True
41877;8;12;4;True
41878;2;4;2;True
41879;0;0;0;True
41880;4;12;8;True
41881;2;4;2;True
41882;2;4;2;True
41883;2;4;2;True
41884;1;1;0;True
41885;1;1;0;True
41886;5;9;4;True
41887;6;16;10;True
41888;4;6;2;True
41889;1;1;0;True
41890;6;12;6;True
41891;4;6;2;True
41892;2;4;2;True
41893;3;4;1;True
41894;5;16;11;True
41895;5;16;11;True
41896;2;4;2;True
41897;5;9;4;True
41898;4;12;8;True
41899;3;6;3;True
41900;1;1;0;True
41901;4;12;8;True
41902;5;9;4;True
41903;3;6;3;True
41904;8;16;8;True
41905;1;1;0;True
41906;2;2;0;True
41907;8;16;8;True
41908;2;2;0;True
41909;3;6;3;True
41910;0;0;0;True
41911;1;1;0;True
41912;6;9;3;True
41913;3;9;6;True
41914;4;6;2;True
41915;7;16;9;True
41916;5;12;7;True
41917;9;16;7;True
41918;2;2;0;True
41919;1;1;0;True
41920;6;9;3;True
41921;5;16;11;True
41922;4;9;5;True
41923;2;4;2;True
41924;2;2;0;True
41925;5;9;4;True
41926;7;12;5;True
41927;8;12;4;True
41928;4;6;2;True
41929;3;6;3;True
41930;2;2;0;True
41931;7;12;5;True
41932;5;8;3;True
41933;5;9;4;True
41934;4;9;5;True
41935;7;12;5;True
41936;8;16;8;True
41937;1;1;0;True
41938;7;16;9;True
41939;7;9;2;True
41940;6;9;3;True
41941;1;1;0;True
41942;1;1;0;True
41943;3;4;1;True
41944;4;9;5;True
41945;4;6;2;True
41946;6;12;6;True
41947;2;2;0;True
41948;1;1;0;True
41949;9;16;7;True
41950;1;1;0;True
41951;5;9;4;True
41952;5;9;4;True
41953;4;9;5;True
41954;4;8;4;True
41955;5;12;7;True
41956;7;12;5;True
41957;7;12;5;True
41958;4;12;8;True
41959;5;12;7;True
41960;5;16;11;True
41961;4;6;2;True
41962;3;9;6;True
41963;4;6;2;True
41964;2;4;2;True
41965;4;12;8;True
41966;7;12;5;True
41967;2;4;2;True
41968;5;9;4;True
41969;5;12;7;True
41970;4;9;5;True
41971;4;6;2;True
41972;2;2;0;True
41973;4;12;8;True
41974;3;9;6;True
41975;8;16;8;True
41976;2;2;0;True
41977;6;9;3;True
41978;5;16;11;True
41979;4;9;5;True
41980;5;9;4;True
41981;1;1;0;True
41982;5;12;7;True
41983;8;12;4;True
41984;5;9;4;True
41985;2;4;2;True
41986;4;9;5;True
41987;4;9;5;True
41988;2;4;2;True
41989;0;0;0;True
41990;3;6;3;True
41991;5;12;7;True
41992;6;12;6;True
41993;3;6;3;True
41994;2;4;2;True
41995;6;12;6;True
41996;5;16;11;True
41997;3;6;3;True
41998;0;0;0;True
41999;1;1;0;True
42000;3;4;1;True
42001;3;9;6;True
42002;3;6;3;True
42003;4;8;4;True
42004;1;1;0;True
42005;2;2;0;True
42006;3;6;3;True
42007;5;12;7;True
42008;3;6;3;True
42009;4;9;5;True
42010;2;4;2;True
42011;5;9;4;True
42012;4;9;5;True
42013;3;4;1;True
42014;7;16;9;True
42015;1;1;0;True
42016;3;4;1;True
42017;7;12;5;True
42018;3;4;1;True
42019;3;6;3;True
42020;1;1;0;True
42021;8;12;4;True
42022;1;1;0;True
42023;6;12;6;True
42024;5;12;7;True
42025;2;2;0;True
42026;2;4;2;True
42027;2;2;0;True
42028;8;12;4;True
42029;6;16;10;True
42030;2;4;2;True
42031;2;2;0;True
42032;4;9;5;True
42033;6;12;6;True
42034;1;1;0;True
42035;1;1;0;True
42036;3;6;3;True
42037;5;12;7;True
42038;1;1;0;True
42039;0;0;0;True
42040;6;9;3;True
42041;2;2;0;True
42042;1;1;0;True
42043;2;2;0;True
42044;3;9;6;True
42045;7;12;5;True
42046;2;4;2;True
42047;6;16;10;True
42048;4;6;2;True
42049;3;4;1;True
42050;3;6;3;True
42051;1;1;0;True
42052;1;1;0;True
42053;0;0;0;True
42054;3;9;6;True
42055;8;16;8;True
42056;3;9;6;True
42057;5;9;4;True
42058;6;12;6;True
42059;1;1;0;True
42060;2;2;0;True
42061;4;6;2;True
42062;4;9;5;True
42063;5;8;3;True
42064;5;6;1;True
42065;8;16;8;True
42066;0;0;0;True
42067;5;12;7;True
42068;3;9;6;True
42069;6;16;10;True
42070;2;2;0;True
42071;1;1;0;True
42072;1;1;0;True
42073;3;9;6;True
42074;2;2;0;True
42075;4;6;2;True
42076;4;12;8;True
42077;3;6;3;True
42078;2;4;2;True
42079;6;12;6;True
42080;4;9;5;True
42081;3;6;3;True
42082;2;2;0;True
42083;0;0;0;True
42084;5;9;4;True
42085;3;6;3;True
42086;3;3;0;True
42087;4;9;5;True
42088;5;12;7;True
42089;0;0;0;True
42090;0;0;0;True
42091;5;9;4;True
42092;7;12;5;True
42093;5;12;7;True
42094;4;6;2;True
42095;1;1;0;True
42096;2;2;0;True
42097;7;16;9;True
42098;4;6;2;True
42099;2;2;0;True
42100;1;1;0;True
42101;3;6;3;True
42102;7;12;5;True
42103;6;16;10;True
42104;2;4;2;True
42105;6;9;3;True
42106;5;12;7;True
42107;3;6;3;True
42108;0;0;0;True
42109;6;16;10;True
42110;5;9;4;True
42111;5;6;1;True
42112;4;6;2;True
42113;4;9;5;True
42114;4;4;0;True
42115;5;9;4;True
42116;4;6;2;True
42117;3;9;6;True
42118;2;4;2;True
42119;6;16;10;True
42120;2;4;2;True
42121;6;12;6;True
42122;2;4;2;True
42123;2;2;0;True
42124;4;12;8;True
42125;1;1;0;True
42126;0;0;0;True
42127;6;12;6;True
42128;4;9;5;True
42129;5;12;7;True
42130;3;6;3;True
42131;9;16;7;True
42132;1;1;0;True
42133;4;6;2;True
42134;6;16;10;True
42135;3;6;3;True
42136;1;1;0;True
42137;1;1;0;True
42138;4;9;5;True
42139;0;0;0;True
42140;5;12;7;True
42141;3;3;0;True
42142;6;16;10;True
42143;5;8;3;True
42144;4;9;5;True
42145;9;12;3;True
42146;1;1;0;True
42147;5;9;4;True
42148;1;1;0;True
42149;4;6;2;True
42150;2;4;2;True
42151;4;6;2;True
42152;2;4;2;True
42153;3;9;6;True
42154;3;4;1;True
42155;1;1;0;True
42156;2;4;2;True
42157;3;6;3;True
42158;0;0;0;True
42159;5;9;4;True
42160;3;6;3;True
42161;7;12;5;True
42162;7;16;9;True
42163;5;9;4;True
42164;1;1;0;True
42165;1;1;0;True
42166;0;0;0;True
42167;3;9;6;True
42168;4;8;4;True
42169;2;4;2;True
42170;9;16;7;True
42171;7;12;5;True
42172;2;2;0;True
42173;4;8;4;True
42174;1;1;0;True
42175;6;12;6;True
42176;2;2;0;True
42177;6;16;10;True
42178;4;6;2;True
42179;3;9;6;True
42180;1;1;0;True
42181;6;12;6;True
42182;4;6;2;True
42183;8;16;8;True
42184;6;12;6;True
42185;0;0;0;True
42186;7;16;9;True
42187;1;1;0;True
42188;4;9;5;True
42189;5;12;7;True
42190;2;2;0;True
42191;10;16;6;True
42192;6;12;6;True
42193;5;9;4;True
42194;3;6;3;True
42195;2;4;2;True
42196;8;16;8;True
42197;7;12;5;True
42198;2;2;0;True
42199;2;2;0;True
42200;1;1;0;True
42201;2;2;0;True
42202;6;12;6;True
42203;0;0;0;True
42204;6;16;10;True
42205;1;1;0;True
42206;2;2;0;True
42207;4;9;5;True
42208;1;1;0;True
42209;4;9;5;True
42210;4;9;5;True
42211;8;16;8;True
42212;3;9;6;True
42213;4;9;5;True
42214;5;16;11;True
42215;1;1;0;True
42216;0;0;0;True
42217;3;6;3;True
42218;6;12;6;True
42219;6;9;3;True
42220;4;9;5;True
42221;5;9;4;True
42222;2;2;0;True
42223;0;0;0;True
42224;3;6;3;True
42225;3;9;6;True
42226;4;4;0;True
42227;5;9;4;True
42228;0;0;0;True
42229;5;12;7;True
42230;3;6;3;True
42231;3;6;3;True
42232;4;9;5;True
42233;2;4;2;True
42234;4;6;2;True
42235;2;2;0;True
42236;5;8;3;True
42237;0;0;0;True
42238;4;6;2;True
42239;3;6;3;True
42240;4;8;4;True
42241;7;12;5;True
42242;8;9;1;True
42243;6;12;6;True
42244;1;1;0;True
42245;6;12;6;True
42246;2;4;2;True
42247;6;12;6;True
42248;1;1;0;True
42249;8;16;8;True
42250;7;12;5;True
42251;6;8;2;True
42252;3;6;3;True
42253;1;1;0;True
42254;2;4;2;True
42255;3;6;3;True
42256;4;12;8;True
42257;1;1;0;True
42258;2;4;2;True
42259;5;9;4;True
42260;1;1;0;True
42261;3;3;0;True
42262;0;0;0;True
42263;9;12;3;True
42264;1;1;0;True
42265;0;0;0;True
42266;11;16;5;True
42267;1;1;0;True
42268;5;12;7;True
42269;1;1;0;True
42270;6;16;10;True
42271;2;2;0;True
42272;2;4;2;True
42273;2;4;2;True
42274;5;16;11;True
42275;7;16;9;True
42276;7;16;9;True
42277;4;9;5;True
42278;8;9;1;True
42279;5;9;4;True
42280;7;12;5;True
42281;5;12;7;True
42282;3;9;6;True
42283;1;1;0;True
42284;3;6;3;True
42285;2;4;2;True
42286;7;16;9;True
42287;2;2;0;True
42288;4;9;5;True
42289;5;9;4;True
42290;0;0;0;True
42291;7;12;5;True
42292;6;12;6;True
42293;7;16;9;True
42294;1;1;0;True
42295;7;16;9;True
42296;0;0;0;True
42297;2;2;0;True
42298;4;6;2;True
42299;1;1;0;True
42300;4;9;5;True
42301;5;12;7;True
42302;7;12;5;True
42303;3;6;3;True
42304;1;1;0;True
42305;2;4;2;True
42306;1;1;0;True
42307;1;1;0;True
42308;5;9;4;True
42309;2;2;0;True
42310;6;9;3;True
42311;4;6;2;True
42312;5;6;1;True
42313;4;9;5;True
42314;6;12;6;True
42315;0;0;0;True
42316;3;4;1;True
42317;4;6;2;True
42318;3;6;3;True
42319;2;2;0;True
42320;2;4;2;True
42321;2;2;0;True
42322;2;2;0;True
42323;7;12;5;True
42324;2;2;0;True
42325;5;9;4;True
42326;2;4;2;True
42327;2;2;0;True
42328;2;4;2;True
42329;3;6;3;True
42330;3;6;3;True
42331;3;6;3;True
42332;7;12;5;True
42333;5;16;11;True
42334;3;6;3;True
42335;6;12;6;True
42336;5;12;7;True
42337;6;12;6;True
42338;5;6;1;True
42339;2;4;2;True
42340;8;12;4;True
42341;2;4;2;True
42342;8;16;8;True
42343;0;0;0;True
42344;6;16;10;True
42345;5;8;3;True
42346;2;2;0;True
42347;2;2;0;True
42348;4;12;8;True
42349;3;4;1;True
42350;6;12;6;True
42351;2;4;2;True
42352;4;6;2;True
42353;1;1;0;True
42354;3;6;3;True
42355;4;9;5;True
42356;1;1;0;True
42357;6;16;10;True
42358;3;6;3;True
42359;1;1;0;True
42360;4;8;4;True
42361;1;1;0;True
42362;6;9;3;True
42363;5;12;7;True
42364;5;12;7;True
42365;6;12;6;True
42366;2;4;2;True
42367;7;12;5;True
42368;5;12;7;True
42369;7;16;9;True
42370;1;1;0;True
42371;6;16;10;True
42372;8;16;8;True
42373;4;8;4;True
42374;2;4;2;True
42375;1;1;0;True
42376;4;6;2;True
42377;8;16;8;True
42378;3;3;0;True
42379;3;3;0;True
42380;0;0;0;True
42381;8;16;8;True
42382;5;9;4;True
42383;3;6;3;True
42384;2;2;0;True
42385;1;1;0;True
42386;2;4;2;True
42387;2;2;0;True
42388;3;9;6;True
42389;3;9;6;True
42390;1;1;0;True
42391;0;0;0;True
42392;3;6;3;True
42393;3;9;6;True
42394;2;4;2;True
42395;7;12;5;True
42396;4;9;5;True
42397;3;9;6;True
42398;5;9;4;True
42399;9;16;7;True
42400;7;12;5;True
42401;4;6;2;True
42402;1;1;0;True
42403;4;12;8;True
42404;1;1;0;True
42405;1;1;0;True
42406;4;6;2;True
42407;4;9;5;True
42408;1;1;0;True
42409;1;1;0;True
42410;4;9;5;True
42411;9;16;7;True
42412;3;9;6;True
42413;5;8;3;True
42414;2;4;2;True
42415;0;0;0;True
42416;2;4;2;True
42417;1;1;0;True
42418;11;16;5;True
42419;8;16;8;True
42420;5;12;7;True
42421;6;16;10;True
42422;3;4;1;True
42423;2;4;2;True
42424;4;9;5;True
42425;4;9;5;True
42426;6;12;6;True
42427;1;1;0;True
42428;5;12;7;True
42429;8;16;8;True
42430;1;1;0;True
42431;4;6;2;True
42432;2;4;2;True
42433;1;1;0;True
42434;6;12;6;True
42435;3;9;6;True
42436;4;8;4;True
42437;7;16;9;True
42438;2;2;0;True
42439;3;6;3;True
42440;3;3;0;True
42441;0;0;0;True
42442;7;16;9;True
42443;1;1;0;True
42444;3;4;1;True
42445;5;12;7;True
42446;0;0;0;True
42447;1;1;0;True
42448;7;12;5;True
42449;5;9;4;True
42450;6;9;3;True
42451;4;9;5;True
42452;1;1;0;True
42453;2;4;2;True
42454;2;4;2;True
42455;0;0;0;True
42456;4;6;2;True
42457;5;16;11;True
42458;3;3;0;True
42459;2;4;2;True
42460;6;12;6;True
42461;6;16;10;True
42462;1;1;0;True
42463;4;6;2;True
42464;4;9;5;True
42465;6;12;6;True
42466;2;4;2;True
42467;10;16;6;True
42468;3;4;1;True
42469;9;16;7;True
42470;5;12;7;True
42471;7;8;1;True
42472;5;9;4;True
42473;5;12;7;True
42474;3;4;1;True
42475;7;12;5;True
42476;6;12;6;True
42477;3;6;3;True
42478;6;12;6;True
42479;2;2;0;True
42480;6;12;6;True
42481;3;6;3;True
42482;1;1;0;True
42483;5;16;11;True
42484;7;16;9;True
42485;10;16;6;True
42486;3;9;6;True
42487;2;4;2;True
42488;3;9;6;True
42489;1;1;0;True
42490;3;3;0;True
42491;7;12;5;True
42492;3;4;1;True
42493;2;4;2;True
42494;4;9;5;True
42495;3;6;3;True
42496;5;6;1;True
42497;3;9;6;True
42498;4;6;2;True
42499;4;6;2;True
42500;5;8;3;True
42501;0;0;0;True
42502;3;6;3;True
42503;3;3;0;True
42504;6;12;6;True
42505;2;4;2;True
42506;5;12;7;True
42507;3;4;1;True
42508;4;6;2;True
42509;5;12;7;True
42510;2;2;0;True
42511;6;16;10;True
42512;4;9;5;True
42513;1;1;0;True
42514;2;2;0;True
42515;5;12;7;True
42516;4;9;5;True
42517;5;8;3;True
42518;6;16;10;True
42519;1;1;0;True
42520;4;6;2;True
42521;3;6;3;True
42522;0;0;0;True
42523;5;12;7;True
42524;4;4;0;True
42525;2;4;2;True
42526;9;16;7;True
42527;3;4;1;True
42528;3;9;6;True
42529;8;16;8;True
42530;2;4;2;True
42531;4;6;2;True
42532;6;12;6;True
42533;6;12;6;True
42534;6;16;10;True
42535;6;12;6;True
42536;4;8;4;True
42537;6;12;6;True
42538;4;9;5;True
42539;2;4;2;True
42540;1;1;0;True
42541;1;1;0;True
42542;0;0;0;True
42543;7;16;9;True
42544;2;4;2;True
42545;4;12;8;True
42546;2;4;2;True
42547;5;12;7;True
42548;1;1;0;True
42549;5;12;7;True
42550;4;6;2;True
42551;8;16;8;True
42552;4;8;4;True
42553;7;12;5;True
42554;2;4;2;True
42555;2;4;2;True
42556;10;16;6;True
42557;5;6;1;True
42558;1;1;0;True
42559;2;4;2;True
42560;3;6;3;True
42561;1;1;0;True
42562;0;0;0;True
42563;6;12;6;True
42564;3;4;1;True
42565;1;1;0;True
42566;1;1;0;True
42567;4;9;5;True
42568;5;9;4;True
42569;1;1;0;True
42570;2;4;2;True
42571;1;1;0;True
42572;7;12;5;True
42573;3;6;3;True
42574;5;12;7;True
42575;3;6;3;True
42576;3;6;3;True
42577;3;6;3;True
42578;6;16;10;True
42579;6;12;6;True
42580;2;4;2;True
42581;4;9;5;True
42582;5;12;7;True
42583;5;9;4;True
42584;0;0;0;True
42585;5;9;4;True
42586;0;0;0;True
42587;3;9;6;True
42588;7;12;5;True
42589;4;6;2;True
42590;3;9;6;True
42591;6;16;10;True
42592;6;16;10;True
42593;2;2;0;True
42594;6;16;10;True
42595;5;9;4;True
42596;4;12;8;True
42597;4;16;12;True
42598;0;0;0;True
42599;6;16;10;True
42600;4;6;2;True
42601;3;9;6;True
42602;1;1;0;True
42603;2;4;2;True
42604;8;12;4;True
42605;6;12;6;True
42606;1;1;0;True
42607;5;16;11;True
42608;4;9;5;True
42609;7;12;5;True
42610;1;1;0;True
42611;2;4;2;True
42612;3;9;6;True
42613;3;6;3;True
42614;2;4;2;True
42615;4;6;2;True
42616;4;9;5;True
42617;0;0;0;True
42618;2;4;2;True
42619;5;12;7;True
42620;5;9;4;True
42621;4;9;5;True
42622;2;2;0;True
42623;6;16;10;True
42624;1;1;0;True
42625;5;12;7;True
42626;2;2;0;True
42627;5;9;4;True
42628;4;6;2;True
42629;1;1;0;True
42630;2;2;0;True
42631;3;6;3;True
42632;6;16;10;True
42633;1;1;0;True
42634;6;16;10;True
42635;1;1;0;True
42636;7;12;5;True
42637;7;16;9;True
42638;2;4;2;True
42639;1;1;0;True
42640;7;16;9;True
42641;1;1;0;True
42642;2;2;0;True
42643;3;6;3;True
42644;4;9;5;True
42645;1;1;0;True
42646;1;1;0;True
42647;5;8;3;True
42648;3;4;1;True
42649;5;9;4;True
42650;0;0;0;True
42651;5;12;7;True
42652;6;16;10;True
42653;4;9;5;True
42654;5;16;11;True
42655;4;8;4;True
42656;4;6;2;True
42657;0;0;0;True
42658;2;2;0;True
42659;5;8;3;True
42660;4;8;4;True
42661;4;6;2;True
42662;2;4;2;True
42663;2;2;0;True
42664;2;4;2;True
42665;2;2;0;True
42666;3;9;6;True
42667;2;4;2;True
42668;4;6;2;True
42669;3;6;3;True
42670;2;2;0;True
42671;0;0;0;True
42672;10;12;2;True
42673;3;6;3;True
42674;2;4;2;True
42675;4;9;5;True
42676;0;0;0;True
42677;5;9;4;True
42678;5;16;11;True
42679;7;9;2;True
42680;2;4;2;True
42681;3;6;3;True
42682;9;16;7;True
42683;3;6;3;True
42684;10;16;6;True
42685;2;4;2;True
42686;1;1;0;True
42687;2;4;2;True
42688;1;1;0;True
42689;7;12;5;True
42690;2;4;2;True
42691;6;9;3;True
42692;6;9;3;True
42693;5;9;4;True
42694;4;9;5;True
42695;7;16;9;True
42696;2;2;0;True
42697;3;4;1;True
42698;2;4;2;True
42699;2;2;0;True
42700;2;4;2;True
42701;0;0;0;True
42702;3;4;1;True
42703;1;1;0;True
42704;6;12;6;True
42705;2;2;0;True
42706;5;12;7;True
42707;4;9;5;True
42708;9;12;3;True
42709;1;1;0;True
42710;3;9;6;True
42711;2;4;2;True
42712;1;1;0;True
42713;1;1;0;True
42714;1;1;0;True
42715;0;0;0;True
42716;6;12;6;True
42717;3;6;3;True
42718;2;2;0;True
42719;5;9;4;True
42720;0;0;0;True
42721;3;4;1;True
42722;9;12;3;True
42723;2;4;2;True
42724;7;16;9;True
42725;5;9;4;True
42726;3;4;1;True
42727;5;9;4;True
42728;6;12;6;True
42729;3;6;3;True
42730;6;12;6;True
42731;5;9;4;True
42732;8;16;8;True
42733;6;16;10;True
42734;5;16;11;True
42735;5;6;1;True
42736;1;1;0;True
42737;7;12;5;True
42738;3;6;3;True
42739;3;6;3;True
42740;2;4;2;True
42741;6;12;6;True
42742;5;12;7;True
42743;1;1;0;True
42744;4;12;8;True
42745;10;16;6;True
42746;2;4;2;True
42747;1;1;0;True
42748;6;9;3;True
42749;5;12;7;True
42750;4;8;4;True
42751;7;12;5;True
42752;2;2;0;True
42753;4;9;5;True
42754;3;6;3;True
42755;7;12;5;True
42756;3;4;1;True
42757;8;16;8;True
42758;5;12;7;True
42759;7;16;9;True
42760;2;4;2;True
42761;9;12;3;True
42762;8;9;1;True
42763;4;6;2;True
42764;3;9;6;True
42765;6;12;6;True
42766;4;6;2;True
42767;8;12;4;True
42768;1;1;0;True
42769;4;6;2;True
42770;2;2;0;True
42771;1;1;0;True
42772;1;1;0;True
42773;4;9;5;True
42774;1;1;0;True
42775;4;6;2;True
42776;4;9;5;True
42777;4;12;8;True
42778;4;8;4;True
42779;6;9;3;True
42780;4;6;2;True
42781;6;9;3;True
42782;2;2;0;True
42783;3;9;6;True
42784;3;9;6;True
42785;6;12;6;True
42786;2;4;2;True
42787;2;4;2;True
42788;5;9;4;True
42789;3;9;6;True
42790;4;8;4;True
42791;5;9;4;True
42792;7;16;9;True
42793;2;4;2;True
42794;3;6;3;True
42795;1;1;0;True
42796;5;9;4;True
42797;3;4;1;True
42798;3;4;1;True
42799;3;4;1;True
42800;6;12;6;True
42801;5;8;3;True
42802;7;12;5;True
42803;1;1;0;True
42804;2;2;0;True
42805;3;6;3;True
42806;4;9;5;True
42807;3;6;3;True
42808;2;2;0;True
42809;1;1;0;True
42810;5;8;3;True
42811;7;12;5;True
42812;0;0;0;True
42813;0;0;0;True
42814;4;6;2;True
42815;5;12;7;True
42816;1;1;0;True
42817;7;16;9;True
42818;4;9;5;True
42819;3;6;3;True
42820;2;4;2;True
42821;3;9;6;True
42822;4;6;2;True
42823;3;6;3;True
42824;4;12;8;True
42825;6;16;10;True
42826;7;12;5;True
42827;3;4;1;True
42828;1;1;0;True
42829;6;8;2;True
42830;9;16;7;True
42831;4;9;5;True
42832;5;12;7;True
42833;1;1;0;True
42834;4;9;5;True
42835;6;12;6;True
42836;5;16;11;True
42837;5;6;1;True
42838;3;6;3;True
42839;5;16;11;True
42840;3;6;3;True
42841;5;12;7;True
42842;8;12;4;True
42843;1;1;0;True
42844;6;8;2;True
42845;6;12;6;True
42846;0;0;0;True
42847;6;12;6;True
42848;6;12;6;True
42849;2;4;2;True
42850;5;9;4;True
42851;2;2;0;True
42852;4;6;2;True
42853;9;16;7;True
42854;3;9;6;True
42855;4;6;2;True
42856;6;12;6;True
42857;1;1;0;True
42858;6;16;10;True
42859;4;8;4;True
42860;5;12;7;True
42861;4;8;4;True
42862;3;9;6;True
42863;0;0;0;True
42864;3;9;6;True
42865;2;2;0;True
42866;6;12;6;True
42867;2;2;0;True
42868;5;12;7;True
42869;4;12;8;True
42870;7;16;9;True
42871;6;9;3;True
42872;2;4;2;True
42873;6;16;10;True
42874;6;12;6;True
42875;8;12;4;True
42876;5;16;11;True
42877;2;2;0;True
42878;6;12;6;True
42879;2;4;2;True
42880;2;2;0;True
42881;1;1;0;True
42882;0;0;0;True
42883;3;6;3;True
42884;0;0;0;True
42885;3;6;3;True
42886;2;2;0;True
42887;4;9;5;True
42888;0;0;0;True
42889;3;6;3;True
42890;3;9;6;True
42891;4;12;8;True
42892;0;0;0;True
42893;0;0;0;True
42894;4;6;2;True
42895;1;1;0;True
42896;3;4;1;True
42897;10;16;6;True
42898;0;0;0;True
42899;4;8;4;True
42900;1;1;0;True
42901;6;12;6;True
42902;6;9;3;True
42903;4;9;5;True
42904;1;1;0;True
42905;5;12;7;True
42906;2;4;2;True
42907;2;2;0;True
42908;7;16;9;True
42909;3;6;3;True
42910;6;12;6;True
42911;5;16;11;True
42912;6;9;3;True
42913;6;12;6;True
42914;4;8;4;True
42915;4;9;5;True
42916;3;6;3;True
42917;3;9;6;True
42918;4;9;5;True
42919;0;0;0;True
42920;5;9;4;True
42921;4;9;5;True
42922;3;6;3;True
42923;4;12;8;True
42924;5;16;11;True
42925;1;1;0;True
42926;6;12;6;True
42927;4;12;8;True
42928;0;0;0;True
42929;5;12;7;True
42930;3;6;3;True
42931;5;12;7;True
42932;8;16;8;True
42933;1;1;0;True
42934;0;0;0;True
42935;6;9;3;True
42936;4;9;5;True
42937;4;8;4;True
42938;5;9;4;True
42939;2;2;0;True
42940;4;8;4;True
42941;5;12;7;True
42942;3;9;6;True
42943;3;4;1;True
42944;4;9;5;True
42945;5;9;4;True
42946;4;9;5;True
42947;4;12;8;True
42948;4;8;4;True
42949;3;9;6;True
42950;3;4;1;True
42951;1;1;0;True
42952;7;16;9;True
42953;8;12;4;True
42954;8;12;4;True
42955;10;16;6;True
42956;7;9;2;True
42957;3;6;3;True
42958;6;16;10;True
42959;2;2;0;True
42960;2;4;2;True
42961;3;9;6;True
42962;2;2;0;True
42963;2;4;2;True
42964;3;9;6;True
42965;5;9;4;True
42966;5;16;11;True
42967;6;12;6;True
42968;2;4;2;True
42969;2;4;2;True
42970;3;6;3;True
42971;5;9;4;True
42972;3;4;1;True
42973;6;16;10;True
42974;1;1;0;True
42975;1;1;0;True
42976;1;1;0;True
42977;4;9;5;True
42978;4;6;2;True
42979;2;4;2;True
42980;0;0;0;True
42981;7;12;5;True
42982;5;12;7;True
42983;3;6;3;True
42984;6;12;6;True
42985;3;6;3;True
42986;8;16;8;True
42987;8;16;8;True
42988;3;6;3;True
42989;7;16;9;True
42990;3;9;6;True
42991;3;6;3;True
42992;1;1;0;True
42993;3;4;1;True
42994;4;6;2;True
42995;7;16;9;True
42996;2;2;0;True
42997;7;16;9;True
42998;2;2;0;True
42999;2;2;0;True
43000;2;4;2;True
43001;1;1;0;True
43002;1;1;0;True
43003;2;4;2;True
43004;5;12;7;True
43005;9;16;7;True
43006;5;9;4;True
43007;4;6;2;True
43008;2;4;2;True
43009;3;9;6;True
43010;8;12;4;True
43011;3;4;1;True
43012;5;9;4;True
43013;1;1;0;True
43014;3;6;3;True
43015;3;6;3;True
43016;2;4;2;True
43017;3;4;1;True
43018;4;12;8;True
43019;4;9;5;True
43020;6;12;6;True
43021;5;9;4;True
43022;5;6;1;True
43023;4;9;5;True
43024;2;2;0;True
43025;4;6;2;True
43026;3;4;1;True
43027;2;4;2;True
43028;7;12;5;True
43029;4;6;2;True
43030;2;4;2;True
43031;5;9;4;True
43032;5;16;11;True
43033;6;9;3;True
43034;0;0;0;True
43035;2;2;0;True
43036;5;6;1;True
43037;6;16;10;True
43038;4;9;5;True
43039;2;4;2;True
43040;3;6;3;True
43041;5;12;7;True
43042;0;0;0;True
43043;2;4;2;True
43044;4;6;2;True
43045;2;4;2;True
43046;5;12;7;True
43047;3;6;3;True
43048;3;4;1;True
43049;4;6;2;True
43050;3;6;3;True
43051;1;1;0;True
43052;1;1;0;True
43053;5;12;7;True
43054;0;0;0;True
43055;2;2;0;True
43056;1;1;0;True
43057;0;0;0;True
43058;2;2;0;True
43059;2;4;2;True
43060;3;4;1;True
43061;5;12;7;True
43062;2;4;2;True
43063;2;2;0;True
43064;1;1;0;True
43065;3;4;1;True
43066;0;0;0;True
43067;4;9;5;True
43068;5;9;4;True
43069;10;16;6;True
43070;0;0;0;True
43071;4;9;5;True
43072;3;6;3;True
43073;4;8;4;True
43074;2;2;0;True
43075;4;12;8;True
43076;0;0;0;True
43077;2;4;2;True
43078;2;4;2;True
43079;4;9;5;True
43080;3;6;3;True
43081;5;9;4;True
43082;7;12;5;True
43083;3;3;0;True
43084;5;9;4;True
43085;1;1;0;True
43086;1;1;0;True
43087;8;12;4;True
43088;4;12;8;True
43089;4;12;8;True
43090;4;9;5;True
43091;5;12;7;True
43092;2;2;0;True
43093;4;4;0;True
43094;4;9;5;True
43095;2;2;0;True
43096;1;1;0;True
43097;4;9;5;True
43098;10;16;6;True
43099;3;9;6;True
43100;2;2;0;True
43101;7;12;5;True
43102;4;9;5;True
43103;5;12;7;True
43104;4;9;5;True
43105;3;6;3;True
43106;2;2;0;True
43107;7;12;5;True
43108;1;1;0;True
43109;4;9;5;True
43110;2;2;0;True
43111;2;4;2;True
43112;0;0;0;True
43113;10;16;6;True
43114;1;1;0;True
43115;4;6;2;True
43116;4;12;8;True
43117;2;4;2;True
43118;5;12;7;True
43119;4;6;2;True
43120;3;6;3;True
43121;5;12;7;True
43122;3;6;3;True
43123;3;9;6;True
43124;1;1;0;True
43125;4;8;4;True
43126;2;4;2;True
43127;4;16;12;True
43128;3;6;3;True
43129;2;4;2;True
43130;5;12;7;True
43131;12;16;4;True
43132;4;9;5;True
43133;0;0;0;True
43134;4;12;8;True
43135;3;6;3;True
43136;8;16;8;True
43137;4;8;4;True
43138;9;16;7;True
43139;3;6;3;True
43140;3;9;6;True
43141;8;16;8;True
43142;2;4;2;True
43143;1;1;0;True
43144;4;9;5;True
43145;3;9;6;True
43146;3;6;3;True
43147;4;6;2;True
43148;0;0;0;True
43149;0;0;0;True
43150;5;8;3;True
43151;1;1;0;True
43152;2;4;2;True
43153;3;6;3;True
43154;4;8;4;True
43155;7;16;9;True
43156;1;1;0;True
43157;9;16;7;True
43158;5;12;7;True
43159;9;16;7;True
43160;2;4;2;True
43161;3;9;6;True
43162;5;9;4;True
43163;2;4;2;True
43164;8;16;8;True
43165;5;12;7;True
43166;1;1;0;True
43167;1;1;0;True
43168;6;16;10;True
43169;6;12;6;True
43170;3;4;1;True
43171;2;2;0;True
43172;5;8;3;True
43173;10;16;6;True
43174;3;6;3;True
43175;6;8;2;True
43176;4;8;4;True
43177;3;6;3;True
43178;2;2;0;True
43179;12;16;4;True
43180;3;6;3;True
43181;5;9;4;True
43182;3;9;6;True
43183;1;1;0;True
43184;6;12;6;True
43185;5;9;4;True
43186;0;0;0;True
43187;7;16;9;True
43188;4;12;8;True
43189;4;9;5;True
43190;5;9;4;True
43191;6;12;6;True
43192;1;1;0;True
43193;4;9;5;True
43194;4;9;5;True
43195;1;1;0;True
43196;2;2;0;True
43197;2;4;2;True
43198;3;4;1;True
43199;0;0;0;True
43200;1;1;0;True
43201;4;9;5;True
43202;4;9;5;True
43203;11;16;5;True
43204;3;6;3;True
43205;7;12;5;True
43206;7;9;2;True
43207;6;12;6;True
43208;0;0;0;True
43209;2;2;0;True
43210;0;0;0;True
43211;2;4;2;True
43212;6;9;3;True
43213;3;6;3;True
43214;5;16;11;True
43215;2;4;2;True
43216;1;1;0;True
43217;4;6;2;True
43218;0;0;0;True
43219;3;4;1;True
43220;4;8;4;True
43221;3;6;3;True
43222;2;2;0;True
43223;5;8;3;True
43224;4;8;4;True
43225;1;1;0;True
43226;6;16;10;True
43227;2;2;0;True
43228;6;12;6;True
43229;3;9;6;True
43230;3;9;6;True
43231;7;16;9;True
43232;0;0;0;True
43233;1;1;0;True
43234;1;1;0;True
43235;0;0;0;True
43236;3;4;1;True
43237;2;4;2;True
43238;4;8;4;True
43239;3;4;1;True
43240;2;2;0;True
43241;2;4;2;True
43242;2;4;2;True
43243;2;4;2;True
43244;4;9;5;True
43245;4;16;12;True
43246;3;6;3;True
43247;3;6;3;True
43248;1;1;0;True
43249;1;1;0;True
43250;2;4;2;True
43251;2;4;2;True
43252;5;9;4;True
43253;3;4;1;True
43254;2;4;2;True
43255;1;1;0;True
43256;6;9;3;True
43257;6;16;10;True
43258;4;8;4;True
43259;5;16;11;True
43260;3;6;3;True
43261;1;1;0;True
43262;3;9;6;True
43263;4;6;2;True
43264;0;0;0;True
43265;5;8;3;True
43266;1;1;0;True
43267;6;9;3;True
43268;4;12;8;True
43269;5;9;4;True
43270;3;6;3;True
43271;1;1;0;True
43272;1;1;0;True
43273;5;8;3;True
43274;4;6;2;True
43275;6;12;6;True
43276;2;2;0;True
43277;5;12;7;True
43278;8;12;4;True
43279;2;4;2;True
43280;7;12;5;True
43281;4;6;2;True
43282;6;12;6;True
43283;0;0;0;True
43284;1;1;0;True
43285;3;3;0;True
43286;8;16;8;True
43287;6;12;6;True
43288;3;6;3;True
43289;1;1;0;True
43290;5;6;1;True
43291;8;16;8;True
43292;4;9;5;True
43293;5;12;7;True
43294;4;6;2;True
43295;1;1;0;True
43296;2;4;2;True
43297;5;12;7;True
43298;3;6;3;True
43299;1;1;0;True
43300;3;9;6;True
43301;4;8;4;True
43302;5;9;4;True
43303;3;6;3;True
43304;6;9;3;True
43305;5;12;7;True
43306;2;2;0;True
43307;1;1;0;True
43308;4;9;5;True
43309;7;12;5;True
43310;2;4;2;True
43311;2;4;2;True
43312;2;4;2;True
43313;6;9;3;True
43314;2;4;2;True
43315;0;0;0;True
43316;4;6;2;True
43317;4;9;5;True
43318;3;4;1;True
43319;7;16;9;True
43320;5;6;1;True
43321;2;2;0;True
43322;5;9;4;True
43323;6;12;6;True
43324;1;1;0;True
43325;5;9;4;True
43326;3;6;3;True
43327;7;16;9;True
43328;1;1;0;True
43329;2;4;2;True
43330;7;12;5;True
43331;5;9;4;True
43332;8;16;8;True
43333;7;16;9;True
43334;4;6;2;True
43335;2;2;0;True
43336;2;2;0;True
43337;5;9;4;True
43338;3;6;3;True
43339;2;4;2;True
43340;0;0;0;True
43341;2;2;0;True
43342;3;3;0;True
43343;0;0;0;True
43344;9;16;7;True
43345;7;8;1;True
43346;1;1;0;True
43347;1;1;0;True
43348;5;9;4;True
43349;0;0;0;True
43350;10;16;6;True
43351;6;12;6;True
43352;3;6;3;True
43353;4;6;2;True
43354;8;16;8;True
43355;6;16;10;True
43356;3;4;1;True
43357;3;6;3;True
43358;2;4;2;True
43359;5;12;7;True
43360;2;4;2;True
43361;4;6;2;True
43362;4;6;2;True
43363;3;3;0;True
43364;5;9;4;True
43365;1;1;0;True
43366;1;1;0;True
43367;3;6;3;True
43368;0;0;0;True
43369;2;4;2;True
43370;6;9;3;True
43371;5;9;4;True
43372;2;2;0;True
43373;8;16;8;True
43374;2;4;2;True
43375;2;4;2;True
43376;6;12;6;True
43377;6;12;6;True
43378;5;16;11;True
43379;5;9;4;True
43380;6;16;10;True
43381;2;2;0;True
43382;3;6;3;True
43383;0;0;0;True
43384;4;12;8;True
43385;2;4;2;True
43386;2;4;2;True
43387;2;4;2;True
43388;2;2;0;True
43389;5;9;4;True
43390;2;4;2;True
43391;2;2;0;True
43392;4;6;2;True
43393;5;9;4;True
43394;5;12;7;True
43395;0;0;0;True
43396;5;6;1;True
43397;9;16;7;True
43398;2;2;0;True
43399;5;6;1;True
43400;1;1;0;True
43401;5;12;7;True
43402;8;16;8;True
43403;1;1;0;True
43404;3;9;6;True
43405;5;12;7;True
43406;5;12;7;True
43407;2;4;2;True
43408;3;9;6;True
43409;1;1;0;True
43410;7;16;9;True
43411;5;9;4;True
43412;4;12;8;True
43413;1;1;0;True
43414;4;4;0;True
43415;3;6;3;True
43416;2;2;0;True
43417;5;9;4;True
43418;3;4;1;True
43419;3;4;1;True
43420;0;0;0;True
43421;9;16;7;True
43422;6;12;6;True
43423;2;4;2;True
43424;1;1;0;True
43425;7;12;5;True
43426;0;0;0;True
43427;4;6;2;True
43428;6;8;2;True
43429;1;1;0;True
43430;4;12;8;True
43431;1;1;0;True
43432;1;1;0;True
43433;5;9;4;True
43434;1;1;0;True
43435;1;1;0;True
43436;1;1;0;True
43437;6;12;6;True
43438;1;1;0;True
43439;3;9;6;True
43440;5;12;7;True
43441;2;4;2;True
43442;2;4;2;True
43443;3;4;1;True
43444;2;2;0;True
43445;3;6;3;True
43446;6;12;6;True
43447;4;9;5;True
43448;2;4;2;True
43449;8;16;8;True
43450;7;12;5;True
43451;4;6;2;True
43452;7;16;9;True
43453;2;4;2;True
43454;3;6;3;True
43455;9;16;7;True
43456;5;9;4;True
43457;4;9;5;True
43458;5;12;7;True
43459;7;16;9;True
43460;6;12;6;True
43461;1;1;0;True
43462;5;16;11;True
43463;4;6;2;True
43464;2;4;2;True
43465;3;4;1;True
43466;8;16;8;True
43467;6;12;6;True
43468;2;2;0;True
43469;1;1;0;True
43470;1;1;0;True
43471;3;6;3;True
43472;3;4;1;True
43473;4;16;12;True
43474;3;6;3;True
43475;2;2;0;True
43476;6;16;10;True
43477;5;12;7;True
43478;5;16;11;True
43479;2;2;0;True
43480;2;4;2;True
43481;4;9;5;True
43482;4;6;2;True
43483;1;1;0;True
43484;4;9;5;True
43485;4;8;4;True
43486;5;12;7;True
43487;3;6;3;True
43488;8;16;8;True
43489;3;4;1;True
43490;4;9;5;True
43491;3;4;1;True
43492;3;6;3;True
43493;8;16;8;True
43494;3;4;1;True
43495;2;2;0;True
43496;4;9;5;True
43497;1;1;0;True
43498;2;2;0;True
43499;8;16;8;True
43500;6;9;3;True
43501;3;6;3;True
43502;1;1;0;True
43503;11;16;5;True
43504;7;16;9;True
43505;0;0;0;True
43506;5;9;4;True
43507;8;16;8;True
43508;1;1;0;True
43509;4;9;5;True
43510;3;6;3;True
43511;6;12;6;True
43512;3;4;1;True
43513;4;12;8;True
43514;5;12;7;True
43515;3;6;3;True
43516;5;12;7;True
43517;1;1;0;True
43518;3;9;6;True
43519;7;12;5;True
43520;4;9;5;True
43521;2;4;2;True
43522;3;6;3;True
43523;1;1;0;True
43524;5;16;11;True
43525;5;6;1;True
43526;3;6;3;True
43527;5;12;7;True
43528;4;6;2;True
43529;1;1;0;True
43530;0;0;0;True
43531;3;6;3;True
43532;7;9;2;True
43533;0;0;0;True
43534;1;1;0;True
43535;3;6;3;True
43536;6;9;3;True
43537;3;6;3;True
43538;3;9;6;True
43539;3;6;3;True
43540;4;12;8;True
43541;4;12;8;True
43542;5;6;1;True
43543;9;16;7;True
43544;3;6;3;True
43545;2;4;2;True
43546;3;6;3;True
43547;9;16;7;True
43548;6;9;3;True
43549;1;1;0;True
43550;1;1;0;True
43551;2;4;2;True
43552;6;12;6;True
43553;6;12;6;True
43554;5;9;4;True
43555;3;4;1;True
43556;2;2;0;True
43557;2;2;0;True
43558;3;6;3;True
43559;5;12;7;True
43560;4;6;2;True
43561;5;12;7;True
43562;1;1;0;True
43563;5;8;3;True
43564;4;9;5;True
43565;2;4;2;True
43566;6;12;6;True
43567;3;9;6;True
43568;1;1;0;True
43569;4;6;2;True
43570;5;12;7;True
43571;1;1;0;True
43572;2;2;0;True
43573;4;8;4;True
43574;5;9;4;True
43575;2;4;2;True
43576;7;16;9;True
43577;2;4;2;True
43578;3;6;3;True
43579;7;16;9;True
43580;5;9;4;True
43581;3;3;0;True
43582;3;4;1;True
43583;2;2;0;True
43584;1;1;0;True
43585;0;0;0;True
43586;4;12;8;True
43587;6;12;6;True
43588;6;12;6;True
43589;2;4;2;True
43590;6;12;6;True
43591;7;9;2;True
43592;4;6;2;True
43593;0;0;0;True
43594;9;16;7;True
43595;2;4;2;True
43596;7;12;5;True
43597;6;12;6;True
43598;5;12;7;True
43599;1;1;0;True
43600;1;1;0;True
43601;8;12;4;True
43602;2;2;0;True
43603;4;9;5;True
43604;0;0;0;True
43605;6;16;10;True
43606;1;1;0;True
43607;9;16;7;True
43608;4;12;8;True
43609;3;6;3;True
43610;6;12;6;True
43611;3;6;3;True
43612;6;16;10;True
43613;5;6;1;True
43614;4;6;2;True
43615;5;12;7;True
43616;3;9;6;True
43617;3;6;3;True
43618;2;4;2;True
43619;5;12;7;True
43620;6;12;6;True
43621;8;12;4;True
43622;3;6;3;True
43623;4;6;2;True
43624;1;1;0;True
43625;7;16;9;True
43626;6;9;3;True
43627;2;2;0;True
43628;3;9;6;True
43629;4;6;2;True
43630;6;12;6;True
43631;1;1;0;True
43632;6;12;6;True
43633;3;6;3;True
43634;2;4;2;True
43635;5;9;4;True
43636;4;6;2;True
43637;3;6;3;True
43638;2;2;0;True
43639;5;9;4;True
43640;8;16;8;True
43641;2;4;2;True
43642;3;6;3;True
43643;4;9;5;True
43644;9;16;7;True
43645;7;16;9;True
43646;6;9;3;True
43647;5;12;7;True
43648;6;9;3;True
43649;1;1;0;True
43650;1;1;0;True
43651;3;6;3;True
43652;1;1;0;True
43653;1;1;0;True
43654;4;12;8;True
43655;5;8;3;True
43656;1;1;0;True
43657;2;4;2;True
43658;2;2;0;True
43659;1;1;0;True
43660;3;6;3;True
43661;4;9;5;True
43662;0;0;0;True
43663;5;12;7;True
43664;7;16;9;True
43665;4;4;0;True
43666;7;16;9;True
43667;0;0;0;True
43668;2;4;2;True
43669;2;4;2;True
43670;0;0;0;True
43671;2;2;0;True
43672;2;4;2;True
43673;1;1;0;True
43674;3;6;3;True
43675;4;6;2;True
43676;4;9;5;True
43677;3;9;6;True
43678;8;16;8;True
43679;3;9;6;True
43680;4;6;2;True
43681;5;6;1;True
43682;1;1;0;True
43683;2;4;2;True
43684;6;12;6;True
43685;8;16;8;True
43686;2;4;2;True
43687;7;16;9;True
43688;7;12;5;True
43689;5;16;11;True
43690;7;12;5;True
43691;6;12;6;True
43692;5;16;11;True
43693;3;4;1;True
43694;3;9;6;True
43695;4;6;2;True
43696;8;16;8;True
43697;2;4;2;True
43698;2;4;2;True
43699;3;4;1;True
43700;3;9;6;True
43701;3;6;3;True
43702;4;12;8;True
43703;6;12;6;True
43704;2;2;0;True
43705;7;16;9;True
43706;3;6;3;True
43707;3;6;3;True
43708;0;0;0;True
43709;2;4;2;True
43710;1;1;0;True
43711;0;0;0;True
43712;8;16;8;True
43713;1;1;0;True
43714;5;12;7;True
43715;3;3;0;True
43716;5;9;4;True
43717;2;4;2;True
43718;3;6;3;True
43719;0;0;0;True
43720;2;2;0;True
43721;1;1;0;True
43722;7;16;9;True
43723;1;1;0;True
43724;2;2;0;True
43725;2;4;2;True
43726;6;12;6;True
43727;2;4;2;True
43728;4;12;8;True
43729;4;6;2;True
43730;3;6;3;True
43731;1;1;0;True
43732;3;4;1;True
43733;2;4;2;True
43734;1;1;0;True
43735;8;12;4;True
43736;2;4;2;True
43737;0;0;0;True
43738;4;8;4;True
43739;6;12;6;True
43740;2;4;2;True
43741;1;1;0;True
43742;3;4;1;True
43743;5;12;7;True
43744;7;16;9;True
43745;6;12;6;True
43746;4;12;8;True
43747;4;9;5;True
43748;7;16;9;True
43749;4;9;5;True
43750;8;16;8;True
43751;0;0;0;True
43752;5;8;3;True
43753;4;12;8;True
43754;9;16;7;True
43755;2;4;2;True
43756;7;12;5;True
43757;2;2;0;True
43758;2;4;2;True
43759;5;16;11;True
43760;1;1;0;True
43761;4;6;2;True
43762;5;12;7;True
43763;0;0;0;True
43764;7;16;9;True
43765;6;12;6;True
43766;1;1;0;True
43767;1;1;0;True
43768;0;0;0;True
43769;6;12;6;True
43770;4;12;8;True
43771;6;9;3;True
43772;3;6;3;True
43773;2;4;2;True
43774;3;6;3;True
43775;2;2;0;True
43776;1;1;0;True
43777;4;9;5;True
43778;1;1;0;True
43779;1;1;0;True
43780;1;1;0;True
43781;3;6;3;True
43782;6;12;6;True
43783;7;12;5;True
43784;3;9;6;True
43785;4;9;5;True
43786;2;4;2;True
43787;4;8;4;True
43788;0;0;0;True
43789;7;12;5;True
43790;2;4;2;True
43791;4;9;5;True
43792;1;1;0;True
43793;0;0;0;True
43794;5;12;7;True
43795;5;8;3;True
43796;2;4;2;True
43797;2;4;2;True
43798;8;12;4;True
43799;3;3;0;True
43800;3;6;3;True
43801;1;1;0;True
43802;4;12;8;True
43803;8;16;8;True
43804;3;9;6;True
43805;1;1;0;True
43806;1;1;0;True
43807;6;16;10;True
43808;0;0;0;True
43809;1;1;0;True
43810;5;9;4;True
43811;2;4;2;True
43812;7;12;5;True
43813;6;12;6;True
43814;7;16;9;True
43815;8;12;4;True
43816;5;12;7;True
43817;3;6;3;True
43818;6;16;10;True
43819;5;6;1;True
43820;9;16;7;True
43821;2;2;0;True
43822;6;12;6;True
43823;0;0;0;True
43824;0;0;0;True
43825;6;16;10;True
43826;7;16;9;True
43827;4;6;2;True
43828;4;12;8;True
43829;6;16;10;True
43830;3;9;6;True
43831;6;9;3;True
43832;5;6;1;True
43833;2;4;2;True
43834;6;12;6;True
43835;4;12;8;True
43836;4;6;2;True
43837;4;12;8;True
43838;7;16;9;True
43839;7;16;9;True
43840;9;16;7;True
43841;1;1;0;True
43842;1;1;0;True
43843;6;12;6;True
43844;9;16;7;True
43845;3;4;1;True
43846;4;6;2;True
43847;3;6;3;True
43848;6;12;6;True
43849;0;0;0;True
43850;2;4;2;True
43851;2;4;2;True
43852;11;16;5;True
43853;4;6;2;True
43854;4;9;5;True
43855;6;12;6;True
43856;5;12;7;True
43857;3;6;3;True
43858;2;4;2;True
43859;5;12;7;True
43860;6;12;6;True
43861;6;12;6;True
43862;1;1;0;True
43863;2;2;0;True
43864;8;16;8;True
43865;1;1;0;True
43866;5;9;4;True
43867;0;0;0;True
43868;0;0;0;True
43869;2;4;2;True
43870;11;16;5;True
43871;4;9;5;True
43872;2;2;0;True
43873;5;12;7;True
43874;5;16;11;True
43875;0;0;0;True
43876;2;4;2;True
43877;6;12;6;True
43878;5;9;4;True
43879;2;2;0;True
43880;1;1;0;True
43881;3;6;3;True
43882;2;2;0;True
43883;3;4;1;True
43884;6;12;6;True
43885;6;16;10;True
43886;4;9;5;True
43887;3;6;3;True
43888;3;6;3;True
43889;8;12;4;True
43890;3;9;6;True
43891;4;6;2;True
43892;6;12;6;True
43893;6;16;10;True
43894;0;0;0;True
43895;2;4;2;True
43896;3;6;3;True
43897;0;0;0;True
43898;6;16;10;True
43899;2;4;2;True
43900;2;2;0;True
43901;5;9;4;True
43902;0;0;0;True
43903;3;9;6;True
43904;1;1;0;True
43905;4;6;2;True
43906;1;1;0;True
43907;7;16;9;True
43908;2;4;2;True
43909;5;6;1;True
43910;8;16;8;True
43911;2;2;0;True
43912;4;9;5;True
43913;3;4;1;True
43914;4;6;2;True
43915;4;6;2;True
43916;3;4;1;True
43917;4;12;8;True
43918;3;6;3;True
43919;10;16;6;True
43920;1;1;0;True
43921;1;1;0;True
43922;8;12;4;True
43923;3;6;3;True
43924;6;9;3;True
43925;3;6;3;True
43926;4;12;8;True
43927;1;1;0;True
43928;4;9;5;True
43929;3;4;1;True
43930;6;12;6;True
43931;10;16;6;True
43932;5;12;7;True
43933;0;0;0;True
43934;4;8;4;True
43935;4;9;5;True
43936;4;6;2;True
43937;2;4;2;True
43938;2;2;0;True
43939;3;9;6;True
43940;3;9;6;True
43941;5;12;7;True
43942;4;4;0;True
43943;4;6;2;True
43944;5;9;4;True
43945;2;2;0;True
43946;4;6;2;True
43947;3;6;3;True
43948;1;1;0;True
43949;2;4;2;True
43950;3;6;3;True
43951;4;8;4;True
43952;0;0;0;True
43953;3;4;1;True
43954;5;9;4;True
43955;4;8;4;True
43956;5;12;7;True
43957;1;1;0;True
43958;1;1;0;True
43959;8;16;8;True
43960;2;4;2;True
43961;4;12;8;True
43962;3;6;3;True
43963;3;9;6;True
43964;5;12;7;True
43965;7;16;9;True
43966;2;4;2;True
43967;4;6;2;True
43968;2;2;0;True
43969;0;0;0;True
43970;3;6;3;True
43971;1;1;0;True
43972;3;4;1;True
43973;6;12;6;True
43974;5;12;7;True
43975;1;1;0;True
43976;2;4;2;True
43977;3;6;3;True
43978;9;16;7;True
43979;2;4;2;True
43980;0;0;0;True
43981;4;12;8;True
43982;4;9;5;True
43983;4;8;4;True
43984;0;0;0;True
43985;2;4;2;True
43986;3;6;3;True
43987;3;4;1;True
43988;6;16;10;True
43989;3;6;3;True
43990;4;9;5;True
43991;1;1;0;True
43992;3;6;3;True
43993;2;4;2;True
43994;10;16;6;True
43995;2;2;0;True
43996;2;4;2;True
43997;4;12;8;True
43998;3;6;3;True
43999;6;12;6;True
44000;4;6;2;True
44001;1;1;0;True
44002;3;4;1;True
44003;2;4;2;True
44004;1;1;0;True
44005;3;9;6;True
44006;5;9;4;True
44007;5;12;7;True
44008;4;9;5;True
44009;3;4;1;True
44010;6;8;2;True
44011;4;12;8;True
44012;4;6;2;True
44013;4;12;8;True
44014;1;1;0;True
44015;3;4;1;True
44016;1;1;0;True
44017;3;9;6;True
44018;1;1;0;True
44019;2;4;2;True
44020;3;9;6;True
44021;7;12;5;True
44022;1;1;0;True
44023;6;12;6;True
44024;5;12;7;True
44025;2;2;0;True
44026;4;12;8;True
44027;3;9;6;True
44028;4;6;2;True
44029;4;8;4;True
44030;4;9;5;True
44031;5;8;3;True
44032;3;4;1;True
44033;1;1;0;True
44034;4;9;5;True
44035;6;16;10;True
44036;7;16;9;True
44037;2;2;0;True
44038;3;3;0;True
44039;0;0;0;True
44040;7;12;5;True
44041;2;2;0;True
44042;6;8;2;True
44043;2;2;0;True
44044;2;4;2;True
44045;6;9;3;True
44046;3;4;1;True
44047;5;12;7;True
44048;2;2;0;True
44049;3;4;1;True
44050;1;1;0;True
44051;6;16;10;True
44052;6;16;10;True
44053;4;9;5;True
44054;8;16;8;True
44055;5;9;4;True
44056;0;0;0;True
44057;4;9;5;True
44058;2;2;0;True
44059;4;6;2;True
44060;0;0;0;True
44061;7;12;5;True
44062;5;12;7;True
44063;3;4;1;True
44064;1;1;0;True
44065;5;6;1;True
44066;7;12;5;True
44067;4;6;2;True
44068;4;9;5;True
44069;6;12;6;True
44070;9;12;3;True
44071;5;6;1;True
44072;4;9;5;True
44073;4;12;8;True
44074;6;12;6;True
44075;2;4;2;True
44076;3;4;1;True
44077;4;12;8;True
44078;3;4;1;True
44079;2;2;0;True
44080;8;16;8;True
44081;3;9;6;True
44082;6;16;10;True
44083;3;6;3;True
44084;2;4;2;True
44085;2;4;2;True
44086;4;12;8;True
44087;0;0;0;True
44088;2;4;2;True
44089;4;9;5;True
44090;2;2;0;True
44091;4;9;5;True
44092;3;4;1;True
44093;5;12;7;True
44094;2;4;2;True
44095;4;8;4;True
44096;2;4;2;True
44097;1;1;0;True
44098;7;16;9;True
44099;4;9;5;True
44100;5;16;11;True
44101;2;2;0;True
44102;2;2;0;True
44103;5;16;11;True
44104;5;12;7;True
44105;6;12;6;True
44106;2;2;0;True
44107;6;8;2;True
44108;4;9;5;True
44109;4;6;2;True
44110;4;12;8;True
44111;10;16;6;True
44112;7;12;5;True
44113;7;12;5;True
44114;0;0;0;True
44115;4;9;5;True
44116;7;12;5;True
44117;7;16;9;True
44118;2;4;2;True
44119;5;9;4;True
44120;3;9;6;True
44121;0;0;0;True
44122;5;9;4;True
44123;4;9;5;True
44124;11;16;5;True
44125;2;2;0;True
44126;4;6;2;True
44127;6;16;10;True
44128;2;4;2;True
44129;4;9;5;True
44130;3;9;6;True
44131;1;1;0;True
44132;2;2;0;True
44133;1;1;0;True
44134;6;12;6;True
44135;4;9;5;True
44136;5;9;4;True
44137;2;4;2;True
44138;2;2;0;True
44139;4;12;8;True
44140;6;12;6;True
44141;2;4;2;True
44142;6;12;6;True
44143;3;9;6;True
44144;5;8;3;True
44145;6;9;3;True
44146;5;6;1;True
44147;3;6;3;True
44148;5;9;4;True
44149;2;2;0;True
44150;4;9;5;True
44151;5;12;7;True
44152;1;1;0;True
44153;3;6;3;True
44154;3;6;3;True
44155;2;4;2;True
44156;4;9;5;True
44157;3;9;6;True
44158;3;6;3;True
44159;2;2;0;True
44160;2;4;2;True
44161;3;9;6;True
44162;6;12;6;True
44163;2;2;0;True
44164;5;16;11;True
44165;0;0;0;True
44166;4;6;2;True
44167;1;1;0;True
44168;3;4;1;True
44169;7;16;9;True
44170;3;6;3;True
44171;2;4;2;True
44172;3;6;3;True
44173;3;4;1;True
44174;1;1;0;True
44175;3;3;0;True
44176;1;1;0;True
44177;2;4;2;True
44178;1;1;0;True
44179;4;12;8;True
44180;5;12;7;True
44181;1;1;0;True
44182;1;1;0;True
44183;5;9;4;True
44184;8;16;8;True
44185;5;12;7;True
44186;9;16;7;True
44187;4;9;5;True
44188;3;4;1;True
44189;5;12;7;True
44190;5;16;11;True
44191;1;1;0;True
44192;0;0;0;True
44193;4;9;5;True
44194;6;16;10;True
44195;0;0;0;True
44196;1;1;0;True
44197;7;16;9;True
44198;0;0;0;True
44199;1;1;0;True
44200;5;9;4;True
44201;4;9;5;True
44202;4;12;8;True
44203;6;16;10;True
44204;1;1;0;True
44205;2;2;0;True
44206;1;1;0;True
44207;8;16;8;True
44208;5;12;7;True
44209;4;6;2;True
44210;0;0;0;True
44211;1;1;0;True
44212;1;1;0;True
44213;7;12;5;True
44214;2;4;2;True
44215;6;12;6;True
44216;1;1;0;True
44217;4;12;8;True
44218;8;16;8;True
44219;8;16;8;True
44220;6;8;2;True
44221;8;16;8;True
44222;3;4;1;True
44223;5;6;1;True
44224;0;0;0;True
44225;7;9;2;True
44226;5;12;7;True
44227;1;1;0;True
44228;9;16;7;True
44229;4;9;5;True
44230;7;16;9;True
44231;5;9;4;True
44232;9;16;7;True
44233;5;9;4;True
44234;1;1;0;True
44235;6;12;6;True
44236;1;1;0;True
44237;5;12;7;True
44238;2;4;2;True
44239;2;4;2;True
44240;2;4;2;True
44241;3;4;1;True
44242;0;0;0;True
44243;3;9;6;True
44244;3;6;3;True
44245;4;6;2;True
44246;2;2;0;True
44247;4;9;5;True
44248;2;2;0;True
44249;3;4;1;True
44250;6;12;6;True
44251;2;4;2;True
44252;2;4;2;True
44253;2;2;0;True
44254;5;12;7;True
44255;3;6;3;True
44256;3;6;3;True
44257;1;1;0;True
44258;7;12;5;True
44259;3;6;3;True
44260;7;16;9;True
44261;2;2;0;True
44262;6;16;10;True
44263;3;4;1;True
44264;2;2;0;True
44265;4;9;5;True
44266;4;8;4;True
44267;4;8;4;True
44268;3;9;6;True
44269;2;2;0;True
44270;7;16;9;True
44271;4;9;5;True
44272;2;2;0;True
44273;4;8;4;True
44274;1;1;0;True
44275;7;12;5;True
44276;6;9;3;True
44277;6;12;6;True
44278;2;4;2;True
44279;6;12;6;True
44280;6;8;2;True
44281;1;1;0;True
44282;3;4;1;True
44283;1;1;0;True
44284;2;4;2;True
44285;2;4;2;True
44286;6;12;6;True
44287;0;0;0;True
44288;2;4;2;True
44289;1;1;0;True
44290;2;4;2;True
44291;5;12;7;True
44292;3;6;3;True
44293;5;12;7;True
44294;3;6;3;True
44295;3;6;3;True
44296;4;8;4;True
44297;3;6;3;True
44298;5;12;7;True
44299;0;0;0;True
44300;3;6;3;True
44301;3;4;1;True
44302;2;4;2;True
44303;6;9;3;True
44304;1;1;0;True
44305;3;9;6;True
44306;0;0;0;True
44307;4;6;2;True
44308;6;9;3;True
44309;5;9;4;True
44310;5;8;3;True
44311;3;6;3;True
44312;5;9;4;True
44313;2;4;2;True
44314;1;1;0;True
44315;2;4;2;True
44316;3;6;3;True
44317;5;9;4;True
44318;2;4;2;True
44319;1;1;0;True
44320;3;6;3;True
44321;2;2;0;True
44322;1;1;0;True
44323;5;12;7;True
44324;5;12;7;True
44325;3;9;6;True
44326;4;6;2;True
44327;0;0;0;True
44328;5;9;4;True
44329;5;12;7;True
44330;2;4;2;True
44331;4;9;5;True
44332;7;16;9;True
44333;8;16;8;True
44334;4;8;4;True
44335;7;9;2;True
44336;1;1;0;True
44337;6;16;10;True
44338;4;6;2;True
44339;5;8;3;True
44340;3;4;1;True
44341;6;16;10;True
44342;0;0;0;True
44343;4;9;5;True
44344;0;0;0;True
44345;2;2;0;True
44346;2;4;2;True
44347;2;2;0;True
44348;5;9;4;True
44349;2;4;2;True
44350;6;16;10;True
44351;0;0;0;True
44352;4;12;8;True
44353;3;4;1;True
44354;0;0;0;True
44355;4;9;5;True
44356;5;8;3;True
44357;5;9;4;True
44358;4;6;2;True
44359;6;12;6;True
44360;2;2;0;True
44361;1;1;0;True
44362;1;1;0;True
44363;9;16;7;True
44364;8;12;4;True
44365;5;12;7;True
44366;4;9;5;True
44367;3;6;3;True
44368;9;16;7;True
44369;5;6;1;True
44370;1;1;0;True
44371;7;12;5;True
44372;4;9;5;True
44373;7;16;9;True
44374;8;12;4;True
44375;1;1;0;True
44376;4;12;8;True
44377;3;6;3;True
44378;1;1;0;True
44379;2;4;2;True
44380;1;1;0;True
44381;0;0;0;True
44382;1;1;0;True
44383;6;12;6;True
44384;3;6;3;True
44385;5;12;7;True
44386;4;12;8;True
44387;2;4;2;True
44388;4;6;2;True
44389;2;2;0;True
44390;5;12;7;True
44391;8;16;8;True
44392;3;6;3;True
44393;2;4;2;True
44394;5;9;4;True
44395;2;4;2;True
44396;1;1;0;True
44397;2;2;0;True
44398;3;6;3;True
44399;0;0;0;True
44400;2;4;2;True
44401;0;0;0;True
44402;4;9;5;True
44403;3;6;3;True
44404;1;1;0;True
44405;4;12;8;True
44406;3;3;0;True
44407;4;6;2;True
44408;5;12;7;True
44409;6;12;6;True
44410;3;6;3;True
44411;3;4;1;True
44412;1;1;0;True
44413;5;9;4;True
44414;2;4;2;True
44415;0;0;0;True
44416;2;4;2;True
44417;2;2;0;True
44418;0;0;0;True
44419;4;9;5;True
44420;3;6;3;True
44421;1;1;0;True
44422;2;4;2;True
44423;3;4;1;True
44424;0;0;0;True
44425;6;16;10;True
44426;0;0;0;True
44427;4;6;2;True
44428;1;1;0;True
44429;6;9;3;True
44430;3;3;0;True
44431;7;12;5;True
44432;3;4;1;True
44433;4;6;2;True
44434;7;12;5;True
44435;3;4;1;True
44436;3;9;6;True
44437;4;6;2;True
44438;5;9;4;True
44439;2;4;2;True
44440;5;12;7;True
44441;1;1;0;True
44442;2;4;2;True
44443;3;3;0;True
44444;5;8;3;True
44445;5;12;7;True
44446;2;2;0;True
44447;1;1;0;True
44448;2;4;2;True
44449;2;4;2;True
44450;2;4;2;True
44451;8;16;8;True
44452;1;1;0;True
44453;5;9;4;True
44454;2;2;0;True
44455;6;12;6;True
44456;1;1;0;True
44457;7;16;9;True
44458;8;16;8;True
44459;3;3;0;True
44460;3;9;6;True
44461;4;12;8;True
44462;3;9;6;True
44463;3;4;1;True
44464;0;0;0;True
44465;3;4;1;True
44466;0;0;0;True
44467;5;12;7;True
44468;4;8;4;True
44469;5;9;4;True
44470;4;6;2;True
44471;1;1;0;True
44472;3;3;0;True
44473;5;12;7;True
44474;3;4;1;True
44475;1;1;0;True
44476;1;1;0;True
44477;1;1;0;True
44478;5;9;4;True
44479;2;4;2;True
44480;2;4;2;True
44481;1;1;0;True
44482;4;9;5;True
44483;4;8;4;True
44484;0;0;0;True
44485;2;2;0;True
44486;4;6;2;True
44487;7;12;5;True
44488;6;12;6;True
44489;6;16;10;True
44490;6;16;10;True
44491;6;6;0;True
44492;0;0;0;True
44493;3;6;3;True
44494;7;12;5;True
44495;9;16;7;True
44496;4;9;5;True
44497;0;0;0;True
44498;3;6;3;True
44499;5;9;4;True
44500;3;4;1;True
44501;3;9;6;True
44502;1;1;0;True
44503;4;9;5;True
44504;1;1;0;True
44505;2;4;2;True
44506;4;9;5;True
44507;3;9;6;True
44508;2;4;2;True
44509;1;1;0;True
44510;3;6;3;True
44511;6;12;6;True
44512;8;16;8;True
44513;5;12;7;True
44514;3;3;0;True
44515;3;6;3;True
44516;4;6;2;True
44517;4;9;5;True
44518;4;6;2;True
44519;4;6;2;True
44520;5;9;4;True
44521;2;4;2;True
44522;5;12;7;True
44523;5;12;7;True
44524;4;12;8;True
44525;1;1;0;True
44526;3;3;0;True
44527;1;1;0;True
44528;8;16;8;True
44529;2;4;2;True
44530;4;9;5;True
44531;3;9;6;True
44532;5;12;7;True
44533;1;1;0;True
44534;1;1;0;True
44535;4;6;2;True
44536;4;9;5;True
44537;5;9;4;True
44538;7;16;9;True
44539;1;1;0;True
44540;6;12;6;True
44541;0;0;0;True
44542;6;12;6;True
44543;4;12;8;True
44544;3;9;6;True
44545;5;9;4;True
44546;0;0;0;True
44547;2;4;2;True
44548;2;4;2;True
44549;3;9;6;True
44550;2;4;2;True
44551;4;9;5;True
44552;6;12;6;True
44553;3;6;3;True
44554;4;12;8;True
44555;5;9;4;True
44556;3;6;3;True
44557;4;4;0;True
44558;1;1;0;True
44559;1;1;0;True
44560;5;12;7;True
44561;2;4;2;True
44562;2;4;2;True
44563;3;6;3;True
44564;4;9;5;True
44565;1;1;0;True
44566;5;9;4;True
44567;1;1;0;True
44568;8;12;4;True
44569;8;16;8;True
44570;2;4;2;True
44571;3;3;0;True
44572;6;12;6;True
44573;4;8;4;True
44574;6;12;6;True
44575;2;4;2;True
44576;4;6;2;True
44577;2;4;2;True
44578;4;6;2;True
44579;5;9;4;True
44580;1;1;0;True
44581;8;16;8;True
44582;3;6;3;True
44583;7;12;5;True
44584;3;6;3;True
44585;0;0;0;True
44586;4;9;5;True
44587;4;9;5;True
44588;7;12;5;True
44589;5;12;7;True
44590;2;4;2;True
44591;1;1;0;True
44592;6;12;6;True
44593;6;12;6;True
44594;2;4;2;True
44595;2;4;2;True
44596;3;6;3;True
44597;2;4;2;True
44598;0;0;0;True
44599;3;6;3;True
44600;0;0;0;True
44601;0;0;0;True
44602;0;0;0;True
44603;2;2;0;True
44604;6;16;10;True
44605;4;6;2;True
44606;2;2;0;True
44607;7;16;9;True
44608;3;6;3;True
44609;5;12;7;True
44610;4;6;2;True
44611;3;4;1;True
44612;4;6;2;True
44613;5;9;4;True
44614;5;9;4;True
44615;3;9;6;True
44616;6;12;6;True
44617;0;0;0;True
44618;3;6;3;True
44619;2;4;2;True
44620;5;12;7;True
44621;1;1;0;True
44622;4;6;2;True
44623;5;9;4;True
44624;3;6;3;True
44625;1;1;0;True
44626;9;16;7;True
44627;4;9;5;True
44628;0;0;0;True
44629;3;9;6;True
44630;5;16;11;True
44631;5;12;7;True
44632;7;9;2;True
44633;6;12;6;True
44634;4;6;2;True
44635;2;4;2;True
44636;1;1;0;True
44637;2;4;2;True
44638;2;4;2;True
44639;1;1;0;True
44640;5;8;3;True
44641;3;6;3;True
44642;3;9;6;True
44643;3;4;1;True
44644;3;4;1;True
44645;5;16;11;True
44646;0;0;0;True
44647;3;9;6;True
44648;2;2;0;True
44649;4;6;2;True
44650;3;6;3;True
44651;3;6;3;True
44652;2;2;0;True
44653;5;16;11;True
44654;5;8;3;True
44655;3;4;1;True
44656;6;16;10;True
44657;6;16;10;True
44658;1;1;0;True
44659;1;1;0;True
44660;5;12;7;True
44661;5;9;4;True
44662;3;9;6;True
44663;2;4;2;True
44664;8;16;8;True
44665;6;12;6;True
44666;6;12;6;True
44667;4;9;5;True
44668;2;4;2;True
44669;4;6;2;True
44670;1;1;0;True
44671;1;1;0;True
44672;5;12;7;True
44673;6;8;2;True
44674;0;0;0;True
44675;4;9;5;True
44676;4;12;8;True
44677;7;12;5;True
44678;4;9;5;True
44679;6;12;6;True
44680;5;9;4;True
44681;2;2;0;True
44682;1;1;0;True
44683;3;9;6;True
44684;5;12;7;True
44685;2;4;2;True
44686;6;16;10;True
44687;1;1;0;True
44688;1;1;0;True
44689;0;0;0;True
44690;4;12;8;True
44691;5;12;7;True
44692;3;6;3;True
44693;3;6;3;True
44694;7;12;5;True
44695;1;1;0;True
44696;4;9;5;True
44697;0;0;0;True
44698;5;12;7;True
44699;7;12;5;True
44700;10;16;6;True
44701;6;12;6;True
44702;4;9;5;True
44703;3;6;3;True
44704;1;1;0;True
44705;4;12;8;True
44706;4;6;2;True
44707;5;12;7;True
44708;1;1;0;True
44709;3;6;3;True
44710;1;1;0;True
44711;3;6;3;True
44712;4;9;5;True
44713;2;4;2;True
44714;8;12;4;True
44715;1;1;0;True
44716;5;9;4;True
44717;4;12;8;True
44718;1;1;0;True
44719;7;16;9;True
44720;5;16;11;True
44721;2;2;0;True
44722;2;2;0;True
44723;8;16;8;True
44724;5;12;7;True
44725;2;4;2;True
44726;7;16;9;True
44727;7;16;9;True
44728;2;4;2;True
44729;5;6;1;True
44730;1;1;0;True
44731;7;16;9;True
44732;1;1;0;True
44733;2;4;2;True
44734;1;1;0;True
44735;1;1;0;True
44736;5;9;4;True
44737;7;12;5;True
44738;8;16;8;True
44739;2;2;0;True
44740;2;4;2;True
44741;0;0;0;True
44742;8;16;8;True
44743;3;4;1;True
44744;4;9;5;True
44745;4;9;5;True
44746;3;4;1;True
44747;6;9;3;True
44748;6;12;6;True
44749;3;9;6;True
44750;6;12;6;True
44751;2;4;2;True
44752;4;12;8;True
44753;1;1;0;True
44754;5;12;7;True
44755;3;4;1;True
44756;2;4;2;True
44757;3;4;1;True
44758;6;12;6;True
44759;3;6;3;True
44760;8;16;8;True
44761;6;9;3;True
44762;5;12;7;True
44763;2;4;2;True
44764;1;1;0;True
44765;2;4;2;True
44766;5;9;4;True
44767;4;6;2;True
44768;8;16;8;True
44769;3;6;3;True
44770;4;6;2;True
44771;1;1;0;True
44772;2;2;0;True
44773;5;16;11;True
44774;9;16;7;True
44775;0;0;0;True
44776;3;4;1;True
44777;5;12;7;True
44778;7;12;5;True
44779;4;6;2;True
44780;5;8;3;True
44781;5;12;7;True
44782;2;2;0;True
44783;3;6;3;True
44784;2;4;2;True
44785;3;4;1;True
44786;2;2;0;True
44787;7;16;9;True
44788;10;16;6;True
44789;2;4;2;True
44790;7;12;5;True
44791;2;4;2;True
44792;1;1;0;True
44793;2;4;2;True
44794;5;16;11;True
44795;2;4;2;True
44796;2;4;2;True
44797;3;3;0;True
44798;5;16;11;True
44799;8;16;8;True
44800;3;4;1;True
44801;5;9;4;True
44802;7;16;9;True
44803;3;9;6;True
44804;1;1;0;True
44805;6;12;6;True
44806;1;1;0;True
44807;3;4;1;True
44808;3;6;3;True
44809;4;12;8;True
44810;3;6;3;True
44811;2;2;0;True
44812;3;4;1;True
44813;2;4;2;True
44814;2;4;2;True
44815;5;12;7;True
44816;5;12;7;True
44817;4;9;5;True
44818;3;4;1;True
44819;3;6;3;True
44820;0;0;0;True
44821;8;16;8;True
44822;1;1;0;True
44823;2;4;2;True
44824;0;0;0;True
44825;2;4;2;True
44826;1;1;0;True
44827;6;12;6;True
44828;2;4;2;True
44829;7;16;9;True
44830;9;16;7;True
44831;6;9;3;True
44832;0;0;0;True
44833;5;9;4;True
44834;6;12;6;True
44835;3;6;3;True
44836;8;16;8;True
44837;1;1;0;True
44838;6;9;3;True
44839;3;6;3;True
44840;7;16;9;True
44841;5;12;7;True
44842;9;16;7;True
44843;5;12;7;True
44844;8;16;8;True
44845;8;16;8;True
44846;5;12;7;True
44847;5;8;3;True
44848;5;12;7;True
44849;2;4;2;True
44850;5;16;11;True
44851;5;9;4;True
44852;3;6;3;True
44853;4;6;2;True
44854;5;12;7;True
44855;2;4;2;True
44856;1;1;0;True
44857;6;12;6;True
44858;1;1;0;True
44859;4;12;8;True
44860;6;16;10;True
44861;3;4;1;True
44862;3;6;3;True
44863;1;1;0;True
44864;3;6;3;True
44865;2;2;0;True
44866;8;16;8;True
44867;5;12;7;True
44868;4;6;2;True
44869;5;12;7;True
44870;7;8;1;True
44871;2;4;2;True
44872;6;12;6;True
44873;11;16;5;True
44874;3;6;3;True
44875;3;4;1;True
44876;5;12;7;True
44877;0;0;0;True
44878;7;16;9;True
44879;2;2;0;True
44880;1;1;0;True
44881;7;12;5;True
44882;2;4;2;True
44883;4;12;8;True
44884;3;6;3;True
44885;0;0;0;True
44886;4;4;0;True
44887;3;9;6;True
44888;4;6;2;True
44889;2;4;2;True
44890;4;8;4;True
44891;6;12;6;True
44892;4;12;8;True
44893;2;2;0;True
44894;1;1;0;True
44895;4;9;5;True
44896;6;16;10;True
44897;4;6;2;True
44898;3;6;3;True
44899;2;4;2;True
44900;3;9;6;True
44901;3;4;1;True
44902;2;4;2;True
44903;0;0;0;True
44904;3;6;3;True
44905;1;1;0;True
44906;2;2;0;True
44907;5;8;3;True
44908;3;6;3;True
44909;3;6;3;True
44910;1;1;0;True
44911;3;4;1;True
44912;1;1;0;True
44913;5;9;4;True
44914;0;0;0;True
44915;3;4;1;True
44916;1;1;0;True
44917;2;4;2;True
44918;4;12;8;True
44919;0;0;0;True
44920;0;0;0;True
44921;2;2;0;True
44922;1;1;0;True
44923;3;4;1;True
44924;2;2;0;True
44925;1;1;0;True
44926;3;6;3;True
44927;8;16;8;True
44928;4;8;4;True
44929;5;6;1;True
44930;2;4;2;True
44931;6;8;2;True
44932;7;16;9;True
44933;7;16;9;True
44934;1;1;0;True
44935;3;4;1;True
44936;2;2;0;True
44937;5;8;3;True
44938;2;4;2;True
44939;4;6;2;True
44940;3;6;3;True
44941;6;12;6;True
44942;2;2;0;True
44943;5;12;7;True
44944;7;16;9;True
44945;6;16;10;True
44946;3;4;1;True
44947;5;9;4;True
44948;3;6;3;True
44949;5;12;7;True
44950;1;1;0;True
44951;7;16;9;True
44952;4;9;5;True
44953;7;12;5;True
44954;6;12;6;True
44955;1;1;0;True
44956;1;1;0;True
44957;3;9;6;True
44958;0;0;0;True
44959;2;4;2;True
44960;1;1;0;True
44961;3;4;1;True
44962;6;12;6;True
44963;2;4;2;True
44964;6;16;10;True
44965;1;1;0;True
44966;6;12;6;True
44967;4;8;4;True
44968;2;2;0;True
44969;3;4;1;True
44970;5;12;7;True
44971;3;6;3;True
44972;7;16;9;True
44973;1;1;0;True
44974;3;6;3;True
44975;4;8;4;True
44976;6;12;6;True
44977;7;16;9;True
44978;0;0;0;True
44979;1;1;0;True
44980;5;8;3;True
44981;4;12;8;True
44982;1;1;0;True
44983;4;9;5;True
44984;5;16;11;True
44985;5;9;4;True
44986;5;9;4;True
44987;7;12;5;True
44988;8;16;8;True
44989;3;4;1;True
44990;4;6;2;True
44991;3;6;3;True
44992;3;4;1;True
44993;4;12;8;True
44994;5;12;7;True
44995;9;16;7;True
44996;1;1;0;True
44997;3;9;6;True
44998;4;6;2;True
44999;5;9;4;True
45000;1;1;0;True
45001;8;16;8;True
45002;7;12;5;True
45003;2;2;0;True
45004;1;1;0;True
45005;3;6;3;True
45006;1;1;0;True
45007;4;8;4;True
45008;1;1;0;True
45009;6;16;10;True
45010;5;12;7;True
45011;6;16;10;True
45012;6;12;6;True
45013;1;1;0;True
45014;3;4;1;True
45015;6;16;10;True
45016;3;4;1;True
45017;0;0;0;True
45018;1;1;0;True
45019;0;0;0;True
45020;8;12;4;True
45021;4;8;4;True
45022;5;9;4;True
45023;4;9;5;True
45024;6;12;6;True
45025;1;1;0;True
45026;2;4;2;True
45027;5;6;1;True
45028;4;6;2;True
45029;4;9;5;True
45030;4;12;8;True
45031;3;6;3;True
45032;5;12;7;True
45033;2;4;2;True
45034;2;4;2;True
45035;0;0;0;True
45036;1;1;0;True
45037;2;4;2;True
45038;5;12;7;True
45039;1;1;0;True
45040;7;12;5;True
45041;1;1;0;True
45042;1;1;0;True
45043;8;16;8;True
45044;5;12;7;True
45045;3;4;1;True
45046;5;12;7;True
45047;4;9;5;True
45048;8;12;4;True
45049;3;6;3;True
45050;2;4;2;True
45051;5;16;11;True
45052;1;1;0;True
45053;5;12;7;True
45054;6;16;10;True
45055;9;16;7;True
45056;4;6;2;True
45057;3;6;3;True
45058;6;12;6;True
45059;1;1;0;True
45060;2;4;2;True
45061;5;12;7;True
45062;3;6;3;True
45063;3;6;3;True
45064;3;3;0;True
45065;7;12;5;True
45066;11;16;5;True
45067;4;6;2;True
45068;6;12;6;True
45069;3;6;3;True
45070;8;16;8;True
45071;7;12;5;True
45072;3;6;3;True
45073;1;1;0;True
45074;9;16;7;True
45075;8;16;8;True
45076;0;0;0;True
45077;8;12;4;True
45078;4;12;8;True
45079;4;6;2;True
45080;1;1;0;True
45081;8;12;4;True
45082;3;9;6;True
45083;2;4;2;True
45084;5;8;3;True
45085;5;9;4;True
45086;1;1;0;True
45087;5;12;7;True
45088;0;0;0;True
45089;3;6;3;True
45090;6;16;10;True
45091;2;4;2;True
45092;5;12;7;True
45093;5;12;7;True
45094;0;0;0;True
45095;0;0;0;True
45096;4;12;8;True
45097;10;12;2;True
45098;1;1;0;True
45099;3;6;3;True
45100;3;4;1;True
45101;3;9;6;True
45102;0;0;0;True
45103;2;4;2;True
45104;2;4;2;True
45105;4;9;5;True
45106;7;16;9;True
45107;3;6;3;True
45108;6;12;6;True
45109;3;3;0;True
45110;5;16;11;True
45111;2;2;0;True
45112;3;6;3;True
45113;6;16;10;True
45114;4;8;4;True
45115;5;12;7;True
45116;4;9;5;True
45117;1;1;0;True
45118;4;6;2;True
45119;1;1;0;True
45120;2;4;2;True
45121;3;9;6;True
45122;1;1;0;True
45123;1;1;0;True
45124;5;9;4;True
45125;4;6;2;True
45126;5;8;3;True
45127;2;4;2;True
45128;0;0;0;True
45129;1;1;0;True
45130;3;6;3;True
45131;6;12;6;True
45132;2;2;0;True
45133;8;16;8;True
45134;7;16;9;True
45135;5;12;7;True
45136;3;6;3;True
45137;3;6;3;True
45138;8;16;8;True
45139;2;2;0;True
45140;3;4;1;True
45141;4;6;2;True
45142;6;12;6;True
45143;2;4;2;True
45144;7;16;9;True
45145;3;9;6;True
45146;4;6;2;True
45147;3;6;3;True
45148;2;4;2;True
45149;1;1;0;True
45150;6;9;3;True
45151;6;12;6;True
45152;5;9;4;True
45153;6;9;3;True
45154;6;6;0;True
45155;4;6;2;True
45156;2;4;2;True
45157;1;1;0;True
45158;3;6;3;True
45159;3;4;1;True
45160;8;16;8;True
45161;4;6;2;True
45162;1;1;0;True
45163;4;12;8;True
45164;0;0;0;True
45165;5;16;11;True
45166;3;6;3;True
45167;4;6;2;True
45168;5;9;4;True
45169;2;4;2;True
45170;6;12;6;True
45171;1;1;0;True
45172;5;12;7;True
45173;4;8;4;True
45174;4;9;5;True
45175;4;12;8;True
45176;3;4;1;True
45177;4;12;8;True
45178;2;4;2;True
45179;3;6;3;True
45180;1;1;0;True
45181;5;8;3;True
45182;7;16;9;True
45183;7;12;5;True
45184;5;12;7;True
45185;11;16;5;True
45186;2;2;0;True
45187;3;6;3;True
45188;3;6;3;True
45189;4;9;5;True
45190;2;4;2;True
45191;5;12;7;True
45192;5;12;7;True
45193;2;4;2;True
45194;3;6;3;True
45195;4;9;5;True
45196;3;9;6;True
45197;4;16;12;True
45198;6;16;10;True
45199;6;8;2;True
45200;6;12;6;True
45201;8;16;8;True
45202;2;2;0;True
45203;7;12;5;True
45204;7;12;5;True
45205;4;6;2;True
45206;2;2;0;True
45207;0;0;0;True
45208;7;9;2;True
45209;3;4;1;True
45210;5;9;4;True
45211;1;1;0;True
45212;3;6;3;True
45213;3;3;0;True
45214;8;16;8;True
45215;6;12;6;True
45216;4;6;2;True
45217;5;9;4;True
45218;4;9;5;True
45219;1;1;0;True
45220;4;6;2;True
45221;2;2;0;True
45222;3;6;3;True
45223;3;6;3;True
45224;7;16;9;True
45225;4;8;4;True
45226;3;6;3;True
45227;4;12;8;True
45228;4;9;5;True
45229;8;16;8;True
45230;1;1;0;True
45231;4;6;2;True
45232;5;12;7;True
45233;4;9;5;True
45234;8;12;4;True
45235;1;1;0;True
45236;1;1;0;True
45237;4;6;2;True
45238;1;1;0;True
45239;2;2;0;True
45240;7;12;5;True
45241;5;6;1;True
45242;1;1;0;True
45243;6;12;6;True
45244;1;1;0;True
45245;4;12;8;True
45246;7;16;9;True
45247;0;0;0;True
45248;3;9;6;True
45249;6;16;10;True
45250;3;3;0;True
45251;4;9;5;True
45252;5;9;4;True
45253;3;6;3;True
45254;5;12;7;True
45255;1;1;0;True
45256;3;6;3;True
45257;7;12;5;True
45258;4;8;4;True
45259;5;8;3;True
45260;1;1;0;True
45261;3;6;3;True
45262;7;12;5;True
45263;3;6;3;True
45264;5;9;4;True
45265;0;0;0;True
45266;6;9;3;True
45267;3;6;3;True
45268;7;12;5;True
45269;2;4;2;True
45270;2;2;0;True
45271;8;12;4;True
45272;4;6;2;True
45273;3;6;3;True
45274;3;6;3;True
45275;2;4;2;True
45276;3;6;3;True
45277;2;4;2;True
45278;3;6;3;True
45279;7;12;5;True
45280;4;9;5;True
45281;2;4;2;True
45282;10;12;2;True
45283;8;16;8;True
45284;2;2;0;True
45285;1;1;0;True
45286;4;12;8;True
45287;2;4;2;True
45288;4;9;5;True
45289;2;4;2;True
45290;1;1;0;True
45291;3;9;6;True
45292;6;12;6;True
45293;3;6;3;True
45294;0;0;0;True
45295;7;16;9;True
45296;3;4;1;True
45297;2;2;0;True
45298;1;1;0;True
45299;2;2;0;True
45300;0;0;0;True
45301;6;12;6;True
45302;2;4;2;True
45303;7;12;5;True
45304;2;2;0;True
45305;5;8;3;True
45306;7;12;5;True
45307;0;0;0;True
45308;4;8;4;True
45309;2;4;2;True
45310;9;12;3;True
45311;6;9;3;True
45312;3;4;1;True
45313;7;16;9;True
45314;2;4;2;True
45315;3;9;6;True
45316;6;12;6;True
45317;2;2;0;True
45318;3;6;3;True
45319;3;6;3;True
45320;7;12;5;True
45321;4;9;5;True
45322;6;12;6;True
45323;3;6;3;True
45324;7;16;9;True
45325;4;9;5;True
45326;1;1;0;True
45327;5;12;7;True
45328;8;12;4;True
45329;4;9;5;True
45330;1;1;0;True
45331;6;12;6;True
45332;5;12;7;True
45333;4;9;5;True
45334;0;0;0;True
45335;6;12;6;True
45336;0;0;0;True
45337;5;12;7;True
45338;4;8;4;True
45339;2;4;2;True
45340;6;16;10;True
45341;3;6;3;True
45342;1;1;0;True
45343;2;2;0;True
45344;6;12;6;True
45345;2;4;2;True
45346;4;6;2;True
45347;3;6;3;True
45348;2;2;0;True
45349;3;4;1;True
45350;1;1;0;True
45351;5;8;3;True
45352;5;9;4;True
45353;2;4;2;True
45354;10;16;6;True
45355;4;6;2;True
45356;4;6;2;True
45357;0;0;0;True
45358;2;2;0;True
45359;6;16;10;True
45360;4;6;2;True
45361;4;9;5;True
45362;6;12;6;True
45363;5;6;1;True
45364;10;16;6;True
45365;5;12;7;True
45366;6;12;6;True
45367;9;16;7;True
45368;2;4;2;True
45369;3;6;3;True
45370;1;1;0;True
45371;5;16;11;True
45372;5;6;1;True
45373;0;0;0;True
45374;4;6;2;True
45375;6;12;6;True
45376;4;6;2;True
45377;4;6;2;True
45378;4;6;2;True
45379;1;1;0;True
45380;1;1;0;True
45381;1;1;0;True
45382;4;6;2;True
45383;2;2;0;True
45384;5;12;7;True
45385;3;4;1;True
45386;2;4;2;True
45387;1;1;0;True
45388;1;1;0;True
45389;0;0;0;True
45390;5;9;4;True
45391;3;6;3;True
45392;4;6;2;True
45393;4;6;2;True
45394;5;12;7;True
45395;4;6;2;True
45396;6;12;6;True
45397;3;6;3;True
45398;2;2;0;True
45399;4;12;8;True
45400;3;6;3;True
45401;1;1;0;True
45402;6;12;6;True
45403;6;12;6;True
45404;5;12;7;True
45405;1;1;0;True
45406;3;6;3;True
45407;1;1;0;True
45408;7;12;5;True
45409;9;16;7;True
45410;5;9;4;True
45411;5;12;7;True
45412;7;16;9;True
45413;0;0;0;True
45414;2;2;0;True
45415;2;2;0;True
45416;2;2;0;True
45417;3;6;3;True
45418;6;12;6;True
45419;2;2;0;True
45420;1;1;0;True
45421;4;9;5;True
45422;0;0;0;True
45423;6;12;6;True
45424;3;9;6;True
45425;6;12;6;True
45426;8;16;8;True
45427;5;9;4;True
45428;9;16;7;True
45429;6;12;6;True
45430;3;6;3;True
45431;6;9;3;True
45432;6;16;10;True
45433;3;6;3;True
45434;7;12;5;True
45435;3;6;3;True
45436;8;12;4;True
45437;6;9;3;True
45438;4;6;2;True
45439;1;1;0;True
45440;5;16;11;True
45441;4;6;2;True
45442;8;16;8;True
45443;2;2;0;True
45444;8;16;8;True
45445;6;9;3;True
45446;3;4;1;True
45447;1;1;0;True
45448;2;4;2;True
45449;1;1;0;True
45450;2;4;2;True
45451;4;6;2;True
45452;1;1;0;True
45453;5;12;7;True
45454;3;4;1;True
45455;2;4;2;True
45456;8;16;8;True
45457;0;0;0;True
45458;6;12;6;True
45459;0;0;0;True
45460;6;16;10;True
45461;3;4;1;True
45462;4;6;2;True
45463;2;2;0;True
45464;3;4;1;True
45465;2;4;2;True
45466;7;16;9;True
45467;1;1;0;True
45468;8;16;8;True
45469;4;12;8;True
45470;4;6;2;True
45471;2;2;0;True
45472;4;9;5;True
45473;0;0;0;True
45474;5;12;7;True
45475;3;6;3;True
45476;7;12;5;True
45477;1;1;0;True
45478;2;4;2;True
45479;3;3;0;True
45480;7;12;5;True
45481;1;1;0;True
45482;4;12;8;True
45483;4;6;2;True
45484;4;9;5;True
45485;5;16;11;True
45486;3;9;6;True
45487;4;6;2;True
45488;9;16;7;True
45489;8;16;8;True
45490;1;1;0;True
45491;1;1;0;True
45492;2;2;0;True
45493;2;2;0;True
45494;4;8;4;True
45495;3;9;6;True
45496;1;1;0;True
45497;3;6;3;True
45498;4;9;5;True
45499;3;6;3;True
45500;1;1;0;True
45501;5;12;7;True
45502;7;12;5;True
45503;2;4;2;True
45504;3;9;6;True
45505;0;0;0;True
45506;5;12;7;True
45507;3;6;3;True
45508;3;6;3;True
45509;3;9;6;True
45510;5;12;7;True
45511;7;12;5;True
45512;4;9;5;True
45513;3;9;6;True
45514;2;2;0;True
45515;3;4;1;True
45516;2;4;2;True
45517;5;12;7;True
45518;1;1;0;True
45519;4;6;2;True
45520;3;4;1;True
45521;4;8;4;True
45522;2;4;2;True
45523;4;12;8;True
45524;6;12;6;True
45525;4;9;5;True
45526;2;4;2;True
45527;4;9;5;True
45528;1;1;0;True
45529;3;6;3;True
45530;4;6;2;True
45531;3;6;3;True
45532;5;9;4;True
45533;8;16;8;True
45534;5;12;7;True
45535;3;4;1;True
45536;4;12;8;True
45537;1;1;0;True
45538;2;2;0;True
45539;2;4;2;True
45540;7;12;5;True
45541;4;9;5;True
45542;2;4;2;True
45543;4;8;4;True
45544;4;8;4;True
45545;0;0;0;True
45546;4;6;2;True
45547;3;6;3;True
45548;3;6;3;True
45549;3;4;1;True
45550;1;1;0;True
45551;7;16;9;True
45552;5;9;4;True
45553;7;16;9;True
45554;4;9;5;True
45555;3;4;1;True
45556;0;0;0;True
45557;2;2;0;True
45558;2;2;0;True
45559;2;4;2;True
45560;2;2;0;True
45561;2;4;2;True
45562;4;9;5;True
45563;1;1;0;True
45564;5;9;4;True
45565;2;2;0;True
45566;6;9;3;True
45567;3;9;6;True
45568;4;8;4;True
45569;0;0;0;True
45570;2;2;0;True
45571;2;4;2;True
45572;4;8;4;True
45573;4;6;2;True
45574;4;9;5;True
45575;3;6;3;True
45576;0;0;0;True
45577;1;1;0;True
45578;4;8;4;True
45579;3;6;3;True
45580;7;16;9;True
45581;4;6;2;True
45582;1;1;0;True
45583;6;12;6;True
45584;2;4;2;True
45585;3;9;6;True
45586;4;9;5;True
45587;5;12;7;True
45588;3;6;3;True
45589;3;6;3;True
45590;2;2;0;True
45591;5;8;3;True
45592;5;12;7;True
45593;2;2;0;True
45594;1;1;0;True
45595;8;16;8;True
45596;5;8;3;True
45597;4;12;8;True
45598;3;4;1;True
45599;6;12;6;True
45600;2;2;0;True
45601;3;3;0;True
45602;4;9;5;True
45603;1;1;0;True
45604;3;3;0;True
45605;2;2;0;True
45606;7;16;9;True
45607;3;3;0;True
45608;3;9;6;True
45609;6;12;6;True
45610;6;12;6;True
45611;0;0;0;True
45612;5;12;7;True
45613;5;9;4;True
45614;2;4;2;True
45615;6;9;3;True
45616;6;12;6;True
45617;6;16;10;True
45618;2;4;2;True
45619;2;4;2;True
45620;6;12;6;True
45621;3;6;3;True
45622;3;3;0;True
45623;4;6;2;True
45624;8;12;4;True
45625;1;1;0;True
45626;8;12;4;True
45627;6;16;10;True
45628;10;16;6;True
45629;2;4;2;True
45630;2;4;2;True
45631;10;16;6;True
45632;0;0;0;True
45633;4;9;5;True
45634;3;3;0;True
45635;5;16;11;True
45636;4;4;0;True
45637;0;0;0;True
45638;2;4;2;True
45639;3;6;3;True
45640;5;9;4;True
45641;2;4;2;True
45642;5;9;4;True
45643;4;9;5;True
45644;6;12;6;True
45645;2;4;2;True
45646;1;1;0;True
45647;6;16;10;True
45648;0;0;0;True
45649;3;9;6;True
45650;1;1;0;True
45651;2;4;2;True
45652;3;6;3;True
45653;0;0;0;True
45654;3;9;6;True
45655;2;4;2;True
45656;3;6;3;True
45657;0;0;0;True
45658;3;9;6;True
45659;3;4;1;True
45660;1;1;0;True
45661;6;12;6;True
45662;9;16;7;True
45663;0;0;0;True
45664;5;9;4;True
45665;6;12;6;True
45666;4;6;2;True
45667;3;4;1;True
45668;8;12;4;True
45669;5;12;7;True
45670;2;4;2;True
45671;6;12;6;True
45672;1;1;0;True
45673;5;9;4;True
45674;6;12;6;True
45675;3;4;1;True
45676;3;9;6;True
45677;4;12;8;True
45678;3;6;3;True
45679;4;9;5;True
45680;4;12;8;True
45681;2;4;2;True
45682;5;8;3;True
45683;3;4;1;True
45684;0;0;0;True
45685;0;0;0;True
45686;7;12;5;True
45687;2;2;0;True
45688;1;1;0;True
45689;1;1;0;True
45690;3;6;3;True
45691;7;12;5;True
45692;5;12;7;True
45693;5;9;4;True
45694;6;12;6;True
45695;4;9;5;True
45696;2;2;0;True
45697;4;9;5;True
45698;5;16;11;True
45699;1;1;0;True
45700;2;4;2;True
45701;4;8;4;True
45702;8;16;8;True
45703;0;0;0;True
45704;4;9;5;True
45705;8;16;8;True
45706;4;6;2;True
45707;9;16;7;True
45708;7;12;5;True
45709;5;16;11;True
45710;2;4;2;True
45711;3;6;3;True
45712;1;1;0;True
45713;1;1;0;True
45714;7;12;5;True
45715;5;12;7;True
45716;9;16;7;True
45717;2;4;2;True
45718;9;16;7;True
45719;4;12;8;True
45720;4;9;5;True
45721;6;12;6;True
45722;3;4;1;True
45723;0;0;0;True
45724;1;1;0;True
45725;6;12;6;True
45726;5;9;4;True
45727;1;1;0;True
45728;8;16;8;True
45729;1;1;0;True
45730;6;9;3;True
45731;2;4;2;True
45732;0;0;0;True
45733;7;16;9;True
45734;4;12;8;True
45735;1;1;0;True
45736;5;12;7;True
45737;3;6;3;True
45738;7;16;9;True
45739;2;4;2;True
45740;2;2;0;True
45741;6;12;6;True
45742;2;4;2;True
45743;1;1;0;True
45744;5;6;1;True
45745;4;6;2;True
45746;3;9;6;True
45747;3;6;3;True
45748;1;1;0;True
45749;6;16;10;True
45750;2;4;2;True
45751;3;6;3;True
45752;5;9;4;True
45753;2;4;2;True
45754;3;9;6;True
45755;2;2;0;True
45756;4;9;5;True
45757;5;9;4;True
45758;4;9;5;True
45759;5;6;1;True
45760;5;6;1;True
45761;4;9;5;True
45762;4;8;4;True
45763;5;8;3;True
45764;2;2;0;True
45765;6;16;10;True
45766;6;12;6;True
45767;0;0;0;True
45768;2;2;0;True
45769;1;1;0;True
45770;0;0;0;True
45771;3;6;3;True
45772;3;6;3;True
45773;7;16;9;True
45774;1;1;0;True
45775;7;16;9;True
45776;2;4;2;True
45777;5;12;7;True
45778;8;16;8;True
45779;5;9;4;True
45780;2;2;0;True
45781;3;6;3;True
45782;1;1;0;True
45783;2;2;0;True
45784;5;12;7;True
45785;4;12;8;True
45786;4;6;2;True
45787;6;16;10;True
45788;2;4;2;True
45789;4;6;2;True
45790;1;1;0;True
45791;6;16;10;True
45792;5;12;7;True
45793;7;16;9;True
45794;5;9;4;True
45795;7;16;9;True
45796;3;9;6;True
45797;2;4;2;True
45798;5;12;7;True
45799;6;12;6;True
45800;3;4;1;True
45801;0;0;0;True
45802;5;6;1;True
45803;6;9;3;True
45804;5;6;1;True
45805;4;6;2;True
45806;2;2;0;True
45807;4;9;5;True
45808;2;4;2;True
45809;3;4;1;True
45810;1;1;0;True
45811;3;6;3;True
45812;6;16;10;True
45813;1;1;0;True
45814;3;4;1;True
45815;4;6;2;True
45816;3;6;3;True
45817;7;16;9;True
45818;5;12;7;True
45819;7;16;9;True
45820;3;4;1;True
45821;1;1;0;True
45822;6;12;6;True
45823;3;6;3;True
45824;2;4;2;True
45825;6;16;10;True
45826;5;8;3;True
45827;6;12;6;True
45828;1;1;0;True
45829;3;6;3;True
45830;3;3;0;True
45831;3;6;3;True
45832;3;6;3;True
45833;0;0;0;True
45834;7;16;9;True
45835;1;1;0;True
45836;3;9;6;True
45837;8;16;8;True
45838;4;6;2;True
45839;1;1;0;True
45840;4;12;8;True
45841;8;16;8;True
45842;3;4;1;True
45843;3;6;3;True
45844;4;9;5;True
45845;7;12;5;True
45846;6;16;10;True
45847;2;4;2;True
45848;2;2;0;True
45849;6;9;3;True
45850;6;12;6;True
45851;3;4;1;True
45852;6;9;3;True
45853;7;16;9;True
45854;8;16;8;True
45855;3;6;3;True
45856;1;1;0;True
45857;4;6;2;True
45858;7;12;5;True
45859;8;16;8;True
45860;1;1;0;True
45861;3;4;1;True
45862;4;12;8;True
45863;2;2;0;True
45864;1;1;0;True
45865;7;12;5;True
45866;5;9;4;True
45867;4;9;5;True
45868;5;9;4;True
45869;4;6;2;True
45870;0;0;0;True
45871;3;4;1;True
45872;6;12;6;True
45873;5;12;7;True
45874;1;1;0;True
45875;1;1;0;True
45876;10;12;2;True
45877;1;1;0;True
45878;0;0;0;True
45879;2;4;2;True
45880;6;12;6;True
45881;5;16;11;True
45882;1;1;0;True
45883;5;9;4;True
45884;0;0;0;True
45885;0;0;0;True
45886;4;6;2;True
45887;3;9;6;True
45888;4;8;4;True
45889;4;6;2;True
45890;4;6;2;True
45891;0;0;0;True
45892;0;0;0;True
45893;3;6;3;True
45894;1;1;0;True
45895;1;1;0;True
45896;0;0;0;True
45897;3;6;3;True
45898;6;9;3;True
45899;3;4;1;True
45900;1;1;0;True
45901;2;4;2;True
45902;1;1;0;True
45903;2;2;0;True
45904;6;16;10;True
45905;3;6;3;True
45906;3;6;3;True
45907;8;12;4;True
45908;3;6;3;True
45909;6;9;3;True
45910;2;4;2;True
45911;0;0;0;True
45912;4;12;8;True
45913;8;16;8;True
45914;6;16;10;True
45915;6;12;6;True
45916;1;1;0;True
45917;7;12;5;True
45918;3;6;3;True
45919;8;16;8;True
45920;1;1;0;True
45921;5;8;3;True
45922;1;1;0;True
45923;6;12;6;True
45924;6;16;10;True
45925;6;12;6;True
45926;6;16;10;True
45927;6;12;6;True
45928;6;12;6;True
45929;1;1;0;True
45930;1;1;0;True
45931;5;6;1;True
45932;3;9;6;True
45933;1;1;0;True
45934;2;2;0;True
45935;11;16;5;True
45936;5;9;4;True
45937;0;0;0;True
45938;5;9;4;True
45939;2;4;2;True
45940;5;8;3;True
45941;3;6;3;True
45942;4;9;5;True
45943;5;12;7;True
45944;2;4;2;True
45945;7;12;5;True
45946;5;9;4;True
45947;6;12;6;True
45948;3;9;6;True
45949;0;0;0;True
45950;4;6;2;True
45951;11;16;5;True
45952;4;12;8;True
45953;0;0;0;True
45954;5;16;11;True
45955;4;9;5;True
45956;6;6;0;True
45957;4;9;5;True
45958;3;4;1;True
45959;2;4;2;True
45960;5;12;7;True
45961;2;4;2;True
45962;9;16;7;True
45963;1;1;0;True
45964;7;12;5;True
45965;4;6;2;True
45966;3;6;3;True
45967;1;1;0;True
45968;5;8;3;True
45969;4;8;4;True
45970;3;9;6;True
45971;6;16;10;True
45972;3;9;6;True
45973;4;9;5;True
45974;2;4;2;True
45975;2;2;0;True
45976;5;12;7;True
45977;4;6;2;True
45978;4;12;8;True
45979;4;6;2;True
45980;5;12;7;True
45981;5;12;7;True
45982;2;4;2;True
45983;1;1;0;True
45984;2;4;2;True
45985;2;2;0;True
45986;7;16;9;True
45987;4;12;8;True
45988;3;6;3;True
45989;3;4;1;True
45990;3;4;1;True
45991;3;6;3;True
45992;2;4;2;True
45993;3;9;6;True
45994;1;1;0;True
45995;0;0;0;True
45996;7;16;9;True
45997;3;3;0;True
45998;2;4;2;True
45999;3;6;3;True
46000;3;6;3;True
46001;3;4;1;True
46002;0;0;0;True
46003;4;12;8;True
46004;5;9;4;True
46005;5;9;4;True
46006;1;1;0;True
46007;3;6;3;True
46008;5;12;7;True
46009;4;9;5;True
46010;2;4;2;True
46011;8;16;8;True
46012;4;6;2;True
46013;5;12;7;True
46014;2;4;2;True
46015;4;9;5;True
46016;1;1;0;True
46017;6;12;6;True
46018;2;2;0;True
46019;2;4;2;True
46020;6;12;6;True
46021;6;16;10;True
46022;5;12;7;True
46023;4;9;5;True
46024;5;9;4;True
46025;3;3;0;True
46026;5;6;1;True
46027;4;9;5;True
46028;4;6;2;True
46029;6;12;6;True
46030;2;4;2;True
46031;8;16;8;True
46032;3;6;3;True
46033;3;4;1;True
46034;0;0;0;True
46035;5;9;4;True
46036;4;9;5;True
46037;4;6;2;True
46038;2;2;0;True
46039;2;2;0;True
46040;2;2;0;True
46041;0;0;0;True
46042;2;2;0;True
46043;4;12;8;True
46044;3;6;3;True
46045;3;9;6;True
46046;2;4;2;True
46047;5;9;4;True
46048;7;12;5;True
46049;4;8;4;True
46050;4;6;2;True
46051;2;4;2;True
46052;2;2;0;True
46053;3;4;1;True
46054;8;16;8;True
46055;3;6;3;True
46056;3;6;3;True
46057;3;6;3;True
46058;2;4;2;True
46059;6;9;3;True
46060;10;16;6;True
46061;5;9;4;True
46062;5;9;4;True
46063;4;12;8;True
46064;10;16;6;True
46065;4;9;5;True
46066;3;9;6;True
46067;5;9;4;True
46068;8;16;8;True
46069;4;6;2;True
46070;2;4;2;True
46071;4;6;2;True
46072;6;16;10;True
46073;1;1;0;True
46074;2;4;2;True
46075;6;16;10;True
46076;6;12;6;True
46077;8;12;4;True
46078;4;6;2;True
46079;5;6;1;True
46080;2;2;0;True
46081;3;4;1;True
46082;7;8;1;True
46083;6;12;6;True
46084;8;16;8;True
46085;5;9;4;True
46086;3;9;6;True
46087;0;0;0;True
46088;3;6;3;True
46089;3;6;3;True
46090;4;9;5;True
46091;2;2;0;True
46092;9;16;7;True
46093;3;9;6;True
46094;1;1;0;True
46095;3;6;3;True
46096;6;9;3;True
46097;2;4;2;True
46098;4;9;5;True
46099;1;1;0;True
46100;4;12;8;True
46101;4;6;2;True
46102;4;9;5;True
46103;3;6;3;True
46104;4;9;5;True
46105;0;0;0;True
46106;5;6;1;True
46107;2;4;2;True
46108;3;6;3;True
46109;2;2;0;True
46110;3;6;3;True
46111;3;9;6;True
46112;2;4;2;True
46113;1;1;0;True
46114;7;16;9;True
46115;3;6;3;True
46116;5;6;1;True
46117;2;4;2;True
46118;6;16;10;True
46119;2;4;2;True
46120;1;1;0;True
46121;2;2;0;True
46122;0;0;0;True
46123;2;2;0;True
46124;5;9;4;True
46125;5;9;4;True
46126;3;4;1;True
46127;3;9;6;True
46128;4;9;5;True
46129;2;4;2;True
46130;6;12;6;True
46131;0;0;0;True
46132;6;9;3;True
46133;3;6;3;True
46134;5;12;7;True
46135;3;6;3;True
46136;9;16;7;True
46137;10;16;6;True
46138;9;16;7;True
46139;8;16;8;True
46140;5;9;4;True
46141;3;6;3;True
46142;7;12;5;True
46143;2;4;2;True
46144;5;16;11;True
46145;3;9;6;True
46146;8;16;8;True
46147;4;9;5;True
46148;4;9;5;True
46149;6;12;6;True
46150;4;9;5;True
46151;1;1;0;True
46152;4;12;8;True
46153;4;9;5;True
46154;1;1;0;True
46155;2;2;0;True
46156;8;16;8;True
46157;4;6;2;True
46158;8;16;8;True
46159;6;12;6;True
46160;4;9;5;True
46161;1;1;0;True
46162;0;0;0;True
46163;1;1;0;True
46164;4;6;2;True
46165;6;8;2;True
46166;6;12;6;True
46167;2;4;2;True
46168;5;12;7;True
46169;8;16;8;True
46170;2;4;2;True
46171;3;6;3;True
46172;10;16;6;True
46173;6;9;3;True
46174;6;12;6;True
46175;3;6;3;True
46176;5;12;7;True
46177;5;16;11;True
46178;6;12;6;True
46179;1;1;0;True
46180;3;9;6;True
46181;6;16;10;True
46182;8;16;8;True
46183;1;1;0;True
46184;6;12;6;True
46185;4;12;8;True
46186;2;4;2;True
46187;4;4;0;True
46188;1;1;0;True
46189;1;1;0;True
46190;4;9;5;True
46191;2;2;0;True
46192;4;12;8;True
46193;1;1;0;True
46194;3;6;3;True
46195;5;12;7;True
46196;4;9;5;True
46197;1;1;0;True
46198;4;6;2;True
46199;7;12;5;True
46200;5;12;7;True
46201;0;0;0;True
46202;6;9;3;True
46203;5;16;11;True
46204;3;6;3;True
46205;0;0;0;True
46206;7;12;5;True
46207;9;16;7;True
46208;5;16;11;True
46209;8;12;4;True
46210;5;12;7;True
46211;2;2;0;True
46212;5;9;4;True
46213;1;1;0;True
46214;3;4;1;True
46215;1;1;0;True
46216;2;4;2;True
46217;4;9;5;True
46218;3;9;6;True
46219;6;16;10;True
46220;7;12;5;True
46221;3;6;3;True
46222;4;6;2;True
46223;2;4;2;True
46224;6;12;6;True
46225;4;12;8;True
46226;0;0;0;True
46227;2;2;0;True
46228;5;12;7;True
46229;3;4;1;True
46230;3;4;1;True
46231;11;16;5;True
46232;3;6;3;True
46233;2;4;2;True
46234;4;9;5;True
46235;1;1;0;True
46236;4;9;5;True
46237;4;9;5;True
46238;2;4;2;True
46239;2;4;2;True
46240;3;6;3;True
46241;2;2;0;True
46242;4;9;5;True
46243;2;2;0;True
46244;4;9;5;True
46245;3;3;0;True
46246;5;9;4;True
46247;6;16;10;True
46248;3;4;1;True
46249;2;4;2;True
46250;2;4;2;True
46251;1;1;0;True
46252;5;12;7;True
46253;4;6;2;True
46254;2;4;2;True
46255;10;16;6;True
46256;4;6;2;True
46257;2;4;2;True
46258;5;12;7;True
46259;2;4;2;True
46260;6;12;6;True
46261;4;4;0;True
46262;3;9;6;True
46263;2;4;2;True
46264;5;12;7;True
46265;1;1;0;True
46266;4;12;8;True
46267;6;12;6;True
46268;6;9;3;True
46269;6;9;3;True
46270;5;12;7;True
46271;2;4;2;True
46272;6;16;10;True
46273;3;9;6;True
46274;8;16;8;True
46275;3;3;0;True
46276;1;1;0;True
46277;2;4;2;True
46278;3;9;6;True
46279;2;4;2;True
46280;3;3;0;True
46281;1;1;0;True
46282;4;9;5;True
46283;5;12;7;True
46284;1;1;0;True
46285;2;2;0;True
46286;10;16;6;True
46287;3;4;1;True
46288;3;9;6;True
46289;7;16;9;True
46290;6;9;3;True
46291;2;4;2;True
46292;3;6;3;True
46293;3;6;3;True
46294;3;3;0;True
46295;0;0;0;True
46296;5;12;7;True
46297;4;6;2;True
46298;0;0;0;True
46299;5;9;4;True
46300;4;6;2;True
46301;0;0;0;True
46302;6;12;6;True
46303;6;12;6;True
46304;1;1;0;True
46305;0;0;0;True
46306;6;16;10;True
46307;9;16;7;True
46308;5;16;11;True
46309;3;4;1;True
46310;6;12;6;True
46311;3;6;3;True
46312;2;4;2;True
46313;6;12;6;True
46314;2;4;2;True
46315;6;12;6;True
46316;2;4;2;True
46317;6;12;6;True
46318;1;1;0;True
46319;2;4;2;True
46320;3;9;6;True
46321;2;4;2;True
46322;1;1;0;True
46323;3;6;3;True
46324;3;4;1;True
46325;2;2;0;True
46326;2;2;0;True
46327;6;12;6;True
46328;3;9;6;True
46329;1;1;0;True
46330;4;6;2;True
46331;1;1;0;True
46332;3;6;3;True
46333;2;4;2;True
46334;3;6;3;True
46335;5;8;3;True
46336;6;16;10;True
46337;5;6;1;True
46338;1;1;0;True
46339;9;16;7;True
46340;8;12;4;True
46341;5;12;7;True
46342;6;16;10;True
46343;4;12;8;True
46344;4;6;2;True
46345;6;12;6;True
46346;2;4;2;True
46347;2;2;0;True
46348;1;1;0;True
46349;0;0;0;True
46350;4;6;2;True
46351;3;6;3;True
46352;4;8;4;True
46353;4;9;5;True
46354;2;4;2;True
46355;5;16;11;True
46356;4;9;5;True
46357;6;12;6;True
46358;2;4;2;True
46359;2;4;2;True
46360;6;16;10;True
46361;3;6;3;True
46362;3;4;1;True
46363;3;6;3;True
46364;5;12;7;True
46365;4;6;2;True
46366;6;9;3;True
46367;6;6;0;True
46368;5;12;7;True
46369;5;12;7;True
46370;4;6;2;True
46371;5;6;1;True
46372;0;0;0;True
46373;3;4;1;True
46374;1;1;0;True
46375;4;8;4;True
46376;7;12;5;True
46377;7;12;5;True
46378;8;16;8;True
46379;4;6;2;True
46380;4;9;5;True
46381;4;12;8;True
46382;5;8;3;True
46383;1;1;0;True
46384;0;0;0;True
46385;3;3;0;True
46386;3;3;0;True
46387;0;0;0;True
46388;4;6;2;True
46389;3;6;3;True
46390;2;4;2;True
46391;2;4;2;True
46392;3;9;6;True
46393;7;12;5;True
46394;7;12;5;True
46395;1;1;0;True
46396;4;9;5;True
46397;3;9;6;True
46398;5;9;4;True
46399;1;1;0;True
46400;3;6;3;True
46401;5;12;7;True
46402;2;4;2;True
46403;4;9;5;True
46404;5;8;3;True
46405;3;4;1;True
46406;2;4;2;True
46407;3;6;3;True
46408;4;9;5;True
46409;5;9;4;True
46410;5;9;4;True
46411;7;16;9;True
46412;3;4;1;True
46413;3;6;3;True
46414;3;6;3;True
46415;3;4;1;True
46416;1;1;0;True
46417;8;16;8;True
46418;10;16;6;True
46419;3;9;6;True
46420;2;4;2;True
46421;2;4;2;True
46422;5;16;11;True
46423;2;4;2;True
46424;3;4;1;True
46425;4;12;8;True
46426;4;12;8;True
46427;6;12;6;True
46428;6;12;6;True
46429;3;6;3;True
46430;5;12;7;True
46431;3;4;1;True
46432;2;4;2;True
46433;6;12;6;True
46434;3;6;3;True
46435;0;0;0;True
46436;1;1;0;True
46437;4;6;2;True
46438;8;16;8;True
46439;6;12;6;True
46440;0;0;0;True
46441;4;6;2;True
46442;0;0;0;True
46443;4;6;2;True
46444;1;1;0;True
46445;4;12;8;True
46446;3;6;3;True
46447;8;16;8;True
46448;5;12;7;True
46449;1;1;0;True
46450;2;2;0;True
46451;2;4;2;True
46452;1;1;0;True
46453;9;16;7;True
46454;8;12;4;True
46455;0;0;0;True
46456;3;6;3;True
46457;4;6;2;True
46458;3;6;3;True
46459;2;4;2;True
46460;4;6;2;True
46461;4;9;5;True
46462;1;1;0;True
46463;5;12;7;True
46464;8;16;8;True
46465;3;4;1;True
46466;8;16;8;True
46467;3;9;6;True
46468;5;16;11;True
46469;0;0;0;True
46470;2;2;0;True
46471;5;16;11;True
46472;4;9;5;True
46473;4;4;0;True
46474;4;6;2;True
46475;6;6;0;True
46476;5;12;7;True
46477;5;9;4;True
46478;5;12;7;True
46479;3;6;3;True
46480;5;12;7;True
46481;6;9;3;True
46482;1;1;0;True
46483;7;12;5;True
46484;4;6;2;True
46485;6;12;6;True
46486;1;1;0;True
46487;5;9;4;True
46488;3;6;3;True
46489;3;9;6;True
46490;4;9;5;True
46491;4;8;4;True
46492;3;4;1;True
46493;4;6;2;True
46494;1;1;0;True
46495;4;9;5;True
46496;1;1;0;True
46497;6;16;10;True
46498;1;1;0;True
46499;4;9;5;True
46500;2;2;0;True
46501;5;12;7;True
46502;5;12;7;True
46503;6;12;6;True
46504;9;16;7;True
46505;6;12;6;True
46506;1;1;0;True
46507;5;12;7;True
46508;4;6;2;True
46509;3;6;3;True
46510;6;12;6;True
46511;5;9;4;True
46512;4;12;8;True
46513;3;3;0;True
46514;5;12;7;True
46515;1;1;0;True
46516;1;1;0;True
46517;4;9;5;True
46518;2;4;2;True
46519;6;12;6;True
46520;3;6;3;True
46521;1;1;0;True
46522;2;2;0;True
46523;7;16;9;True
46524;2;4;2;True
46525;5;12;7;True
46526;7;16;9;True
46527;3;3;0;True
46528;6;12;6;True
46529;4;12;8;True
46530;5;9;4;True
46531;7;16;9;True
46532;1;1;0;True
46533;4;6;2;True
46534;5;12;7;True
46535;4;9;5;True
46536;6;12;6;True
46537;5;8;3;True
46538;2;4;2;True
46539;2;2;0;True
46540;4;12;8;True
46541;4;9;5;True
46542;6;12;6;True
46543;9;16;7;True
46544;4;12;8;True
46545;11;16;5;True
46546;1;1;0;True
46547;4;9;5;True
46548;2;4;2;True
46549;5;16;11;True
46550;5;9;4;True
46551;2;4;2;True
46552;0;0;0;True
46553;3;4;1;True
46554;4;9;5;True
46555;7;12;5;True
46556;3;6;3;True
46557;1;1;0;True
46558;2;4;2;True
46559;4;8;4;True
46560;2;4;2;True
46561;7;12;5;True
46562;6;16;10;True
46563;1;1;0;True
46564;6;12;6;True
46565;1;1;0;True
46566;0;0;0;True
46567;6;12;6;True
46568;2;2;0;True
46569;4;9;5;True
46570;1;1;0;True
46571;2;4;2;True
46572;2;2;0;True
46573;7;12;5;True
46574;1;1;0;True
46575;4;9;5;True
46576;4;9;5;True
46577;2;2;0;True
46578;6;12;6;True
46579;1;1;0;True
46580;6;12;6;True
46581;9;16;7;True
46582;1;1;0;True
46583;5;9;4;True
46584;4;8;4;True
46585;1;1;0;True
46586;2;4;2;True
46587;2;2;0;True
46588;6;16;10;True
46589;6;12;6;True
46590;3;6;3;True
46591;3;6;3;True
46592;4;12;8;True
46593;3;4;1;True
46594;3;4;1;True
46595;1;1;0;True
46596;2;4;2;True
46597;5;9;4;True
46598;5;9;4;True
46599;0;0;0;True
46600;3;9;6;True
46601;2;4;2;True
46602;5;12;7;True
46603;8;16;8;True
46604;2;4;2;True
46605;2;4;2;True
46606;7;16;9;True
46607;3;6;3;True
46608;1;1;0;True
46609;8;12;4;True
46610;5;9;4;True
46611;1;1;0;True
46612;2;4;2;True
46613;1;1;0;True
46614;4;6;2;True
46615;1;1;0;True
46616;4;9;5;True
46617;4;8;4;True
46618;5;12;7;True
46619;3;6;3;True
46620;4;6;2;True
46621;9;12;3;True
46622;1;1;0;True
46623;3;6;3;True
46624;9;16;7;True
46625;4;9;5;True
46626;6;9;3;True
46627;1;1;0;True
46628;1;1;0;True
46629;5;9;4;True
46630;0;0;0;True
46631;1;1;0;True
46632;3;6;3;True
46633;2;4;2;True
46634;6;16;10;True
46635;4;6;2;True
46636;4;12;8;True
46637;1;1;0;True
46638;6;12;6;True
46639;2;4;2;True
46640;6;16;10;True
46641;2;2;0;True
46642;1;1;0;True
46643;3;6;3;True
46644;2;4;2;True
46645;7;16;9;True
46646;3;3;0;True
46647;3;6;3;True
46648;2;4;2;True
46649;4;6;2;True
46650;2;4;2;True
46651;5;9;4;True
46652;5;12;7;True
46653;0;0;0;True
46654;5;12;7;True
46655;4;9;5;True
46656;5;12;7;True
46657;8;16;8;True
46658;1;1;0;True
46659;5;12;7;True
46660;0;0;0;True
46661;3;9;6;True
46662;3;6;3;True
46663;5;6;1;True
46664;1;1;0;True
46665;3;4;1;True
46666;5;9;4;True
46667;4;6;2;True
46668;7;12;5;True
46669;2;4;2;True
46670;4;8;4;True
46671;7;16;9;True
46672;3;9;6;True
46673;0;0;0;True
46674;4;8;4;True
46675;1;1;0;True
46676;4;8;4;True
46677;4;12;8;True
46678;1;1;0;True
46679;1;1;0;True
46680;5;9;4;True
46681;4;9;5;True
46682;5;9;4;True
46683;4;6;2;True
46684;3;6;3;True
46685;1;1;0;True
46686;4;9;5;True
46687;2;4;2;True
46688;2;4;2;True
46689;2;4;2;True
46690;6;16;10;True
46691;4;9;5;True
46692;5;8;3;True
46693;1;1;0;True
46694;11;16;5;True
46695;5;12;7;True
46696;7;12;5;True
46697;2;4;2;True
46698;2;2;0;True
46699;3;6;3;True
46700;2;4;2;True
46701;2;2;0;True
46702;1;1;0;True
46703;10;16;6;True
46704;10;16;6;True
46705;7;16;9;True
46706;2;2;0;True
46707;2;2;0;True
46708;7;16;9;True
46709;4;9;5;True
46710;2;4;2;True
46711;1;1;0;True
46712;4;9;5;True
46713;1;1;0;True
46714;1;1;0;True
46715;2;4;2;True
46716;7;12;5;True
46717;4;9;5;True
46718;4;8;4;True
46719;3;3;0;True
46720;7;12;5;True
46721;4;9;5;True
46722;5;12;7;True
46723;9;16;7;True
46724;4;9;5;True
46725;3;6;3;True
46726;3;6;3;True
46727;1;1;0;True
46728;6;16;10;True
46729;2;4;2;True
46730;1;1;0;True
46731;7;12;5;True
46732;6;12;6;True
46733;1;1;0;True
46734;2;2;0;True
46735;2;4;2;True
46736;1;1;0;True
46737;10;16;6;True
46738;7;12;5;True
46739;3;4;1;True
46740;9;16;7;True
46741;4;9;5;True
46742;2;2;0;True
46743;4;12;8;True
46744;2;2;0;True
46745;3;6;3;True
46746;0;0;0;True
46747;4;12;8;True
46748;3;6;3;True
46749;5;12;7;True
46750;5;9;4;True
46751;7;12;5;True
46752;2;2;0;True
46753;4;8;4;True
46754;1;1;0;True
46755;5;12;7;True
46756;5;8;3;True
46757;6;16;10;True
46758;6;16;10;True
46759;7;12;5;True
46760;3;6;3;True
46761;6;16;10;True
46762;2;4;2;True
46763;7;16;9;True
46764;11;16;5;True
46765;0;0;0;True
46766;4;9;5;True
46767;0;0;0;True
46768;5;8;3;True
46769;5;9;4;True
46770;3;6;3;True
46771;6;9;3;True
46772;4;4;0;True
46773;2;2;0;True
46774;2;4;2;True
46775;2;2;0;True
46776;6;12;6;True
46777;3;4;1;True
46778;4;6;2;True
46779;3;6;3;True
46780;3;6;3;True
46781;4;6;2;True
46782;6;9;3;True
46783;3;9;6;True
46784;3;6;3;True
46785;4;6;2;True
46786;2;4;2;True
46787;3;4;1;True
46788;3;4;1;True
46789;6;12;6;True
46790;1;1;0;True
46791;5;12;7;True
46792;7;12;5;True
46793;4;9;5;True
46794;4;8;4;True
46795;3;3;0;True
46796;5;12;7;True
46797;4;6;2;True
46798;2;2;0;True
46799;6;16;10;True
46800;5;8;3;True
46801;7;12;5;True
46802;4;16;12;True
46803;2;2;0;True
46804;11;12;1;True
46805;1;1;0;True
46806;2;4;2;True
46807;2;2;0;True
46808;7;16;9;True
46809;4;12;8;True
46810;9;16;7;True
46811;6;12;6;True
46812;4;9;5;True
46813;4;6;2;True
46814;4;6;2;True
46815;2;2;0;True
46816;3;6;3;True
46817;4;9;5;True
46818;5;8;3;True
46819;3;6;3;True
46820;5;16;11;True
46821;5;6;1;True
46822;3;6;3;True
46823;9;16;7;True
46824;4;9;5;True
46825;2;4;2;True
46826;3;4;1;True
46827;1;1;0;True
46828;2;4;2;True
46829;3;4;1;True
46830;3;9;6;True
46831;2;4;2;True
46832;4;9;5;True
46833;0;0;0;True
46834;2;4;2;True
46835;3;6;3;True
46836;5;9;4;True
46837;9;12;3;True
46838;2;4;2;True
46839;1;1;0;True
46840;5;9;4;True
46841;5;16;11;True
46842;3;4;1;True
46843;2;4;2;True
46844;4;12;8;True
46845;2;2;0;True
46846;1;1;0;True
46847;4;9;5;True
46848;0;0;0;True
46849;0;0;0;True
46850;1;1;0;True
46851;3;6;3;True
46852;3;6;3;True
46853;0;0;0;True
46854;4;12;8;True
46855;2;2;0;True
46856;4;12;8;True
46857;2;2;0;True
46858;4;8;4;True
46859;2;2;0;True
46860;0;0;0;True
46861;5;12;7;True
46862;1;1;0;True
46863;1;1;0;True
46864;1;1;0;True
46865;6;12;6;True
46866;1;1;0;True
46867;1;1;0;True
46868;3;3;0;True
46869;3;6;3;True
46870;6;12;6;True
46871;5;12;7;True
46872;8;16;8;True
46873;0;0;0;True
46874;3;4;1;True
46875;3;9;6;True
46876;0;0;0;True
46877;2;4;2;True
46878;5;9;4;True
46879;3;9;6;True
46880;5;16;11;True
46881;0;0;0;True
46882;5;8;3;True
46883;4;8;4;True
46884;1;1;0;True
46885;1;1;0;True
46886;5;12;7;True
46887;3;6;3;True
46888;5;12;7;True
46889;2;4;2;True
46890;6;12;6;True
46891;6;16;10;True
46892;2;4;2;True
46893;7;12;5;True
46894;6;16;10;True
46895;4;9;5;True
46896;6;9;3;True
46897;9;16;7;True
46898;4;9;5;True
46899;2;4;2;True
46900;7;12;5;True
46901;3;6;3;True
46902;0;0;0;True
46903;4;9;5;True
46904;5;12;7;True
46905;5;16;11;True
46906;2;4;2;True
46907;1;1;0;True
46908;0;0;0;True
46909;5;12;7;True
46910;4;6;2;True
46911;8;16;8;True
46912;4;6;2;True
46913;0;0;0;True
46914;4;6;2;True
46915;4;6;2;True
46916;7;16;9;True
46917;1;1;0;True
46918;1;1;0;True
46919;3;6;3;True
46920;1;1;0;True
46921;0;0;0;True
46922;1;1;0;True
46923;3;6;3;True
46924;7;16;9;True
46925;3;6;3;True
46926;6;12;6;True
46927;1;1;0;True
46928;6;12;6;True
46929;6;16;10;True
46930;0;0;0;True
46931;3;4;1;True
46932;0;0;0;True
46933;3;6;3;True
46934;10;16;6;True
46935;6;9;3;True
46936;5;9;4;True
46937;5;12;7;True
46938;3;6;3;True
46939;5;8;3;True
46940;1;1;0;True
46941;2;4;2;True
46942;4;9;5;True
46943;5;9;4;True
46944;5;12;7;True
46945;5;12;7;True
46946;5;12;7;True
46947;4;4;0;True
46948;1;1;0;True
46949;2;2;0;True
46950;3;6;3;True
46951;4;9;5;True
46952;4;12;8;True
46953;8;16;8;True
46954;8;16;8;True
46955;2;4;2;True
46956;2;4;2;True
46957;2;2;0;True
46958;1;1;0;True
46959;7;16;9;True
46960;0;0;0;True
46961;4;6;2;True
46962;1;1;0;True
46963;0;0;0;True
46964;5;9;4;True
46965;6;12;6;True
46966;3;6;3;True
46967;5;8;3;True
46968;3;6;3;True
46969;0;0;0;True
46970;0;0;0;True
46971;3;6;3;True
46972;9;12;3;True
46973;7;12;5;True
46974;3;4;1;True
46975;3;4;1;True
46976;3;3;0;True
46977;2;2;0;True
46978;3;4;1;True
46979;1;1;0;True
46980;2;2;0;True
46981;6;12;6;True
46982;9;16;7;True
46983;0;0;0;True
46984;2;4;2;True
46985;2;4;2;True
46986;4;6;2;True
46987;2;4;2;True
46988;0;0;0;True
46989;1;1;0;True
46990;4;12;8;True
46991;3;6;3;True
46992;3;4;1;True
46993;2;2;0;True
46994;4;9;5;True
46995;2;2;0;True
46996;2;2;0;True
46997;1;1;0;True
46998;2;4;2;True
46999;0;0;0;True
47000;0;0;0;True
47001;1;1;0;True
47002;3;4;1;True
47003;2;2;0;True
47004;4;6;2;True
47005;5;12;7;True
47006;7;16;9;True
47007;9;16;7;True
47008;7;16;9;True
47009;5;12;7;True
47010;4;12;8;True
47011;4;9;5;True
47012;3;9;6;True
47013;1;1;0;True
47014;5;12;7;True
47015;2;2;0;True
47016;7;16;9;True
47017;4;6;2;True
47018;4;8;4;True
47019;6;12;6;True
47020;4;6;2;True
47021;8;16;8;True
47022;2;4;2;True
47023;2;2;0;True
47024;3;3;0;True
47025;1;1;0;True
47026;9;16;7;True
47027;6;12;6;True
47028;6;12;6;True
47029;2;4;2;True
47030;5;8;3;True
47031;4;9;5;True
47032;3;6;3;True
47033;3;6;3;True
47034;1;1;0;True
47035;7;16;9;True
47036;5;12;7;True
47037;9;16;7;True
47038;7;12;5;True
47039;8;12;4;True
47040;4;12;8;True
47041;4;6;2;True
47042;3;6;3;True
47043;6;12;6;True
47044;4;9;5;True
47045;6;12;6;True
47046;6;8;2;True
47047;2;4;2;True
47048;2;4;2;True
47049;6;12;6;True
47050;1;1;0;True
47051;7;16;9;True
47052;4;8;4;True
47053;5;12;7;True
47054;9;16;7;True
47055;5;8;3;True
47056;6;12;6;True
47057;1;1;0;True
47058;0;0;0;True
47059;6;12;6;True
47060;2;4;2;True
47061;6;12;6;True
47062;4;6;2;True
47063;5;12;7;True
47064;3;4;1;True
47065;3;9;6;True
47066;4;9;5;True
47067;0;0;0;True
47068;8;16;8;True
47069;3;9;6;True
47070;4;9;5;True
47071;8;16;8;True
47072;3;4;1;True
47073;7;12;5;True
47074;3;6;3;True
47075;1;1;0;True
47076;3;6;3;True
47077;2;2;0;True
47078;2;4;2;True
47079;3;4;1;True
47080;4;9;5;True
47081;6;12;6;True
47082;6;12;6;True
47083;3;6;3;True
47084;5;12;7;True
47085;3;6;3;True
47086;1;1;0;True
47087;1;1;0;True
47088;2;4;2;True
47089;4;9;5;True
47090;3;4;1;True
47091;5;6;1;True
47092;2;4;2;True
47093;8;16;8;True
47094;4;9;5;True
47095;4;6;2;True
47096;6;12;6;True
47097;5;12;7;True
47098;0;0;0;True
47099;3;4;1;True
47100;8;16;8;True
47101;3;6;3;True
47102;4;6;2;True
47103;7;12;5;True
47104;2;2;0;True
47105;3;4;1;True
47106;4;6;2;True
47107;4;6;2;True
47108;7;12;5;True
47109;2;4;2;True
47110;3;4;1;True
47111;0;0;0;True
47112;2;4;2;True
47113;4;6;2;True
47114;5;6;1;True
47115;2;4;2;True
47116;5;16;11;True
47117;2;2;0;True
47118;6;12;6;True
47119;3;6;3;True
47120;2;2;0;True
47121;6;12;6;True
47122;2;4;2;True
47123;0;0;0;True
47124;0;0;0;True
47125;1;1;0;True
47126;6;16;10;True
47127;0;0;0;True
47128;0;0;0;True
47129;5;8;3;True
47130;3;4;1;True
47131;2;4;2;True
47132;5;16;11;True
47133;3;6;3;True
47134;5;9;4;True
47135;2;4;2;True
47136;3;4;1;True
47137;4;6;2;True
47138;7;12;5;True
47139;3;6;3;True
47140;5;8;3;True
47141;1;1;0;True
47142;6;16;10;True
47143;4;6;2;True
47144;2;2;0;True
47145;4;12;8;True
47146;2;2;0;True
47147;3;6;3;True
47148;1;1;0;True
47149;1;1;0;True
47150;3;6;3;True
47151;4;6;2;True
47152;6;16;10;True
47153;5;16;11;True
47154;0;0;0;True
47155;2;4;2;True
47156;4;12;8;True
47157;4;6;2;True
47158;3;4;1;True
47159;4;6;2;True
47160;7;12;5;True
47161;5;12;7;True
47162;5;9;4;True
47163;4;6;2;True
47164;2;4;2;True
47165;5;12;7;True
47166;5;16;11;True
47167;4;6;2;True
47168;6;12;6;True
47169;1;1;0;True
47170;1;1;0;True
47171;0;0;0;True
47172;9;16;7;True
47173;3;6;3;True
47174;10;16;6;True
47175;3;6;3;True
47176;8;16;8;True
47177;3;9;6;True
47178;3;4;1;True
47179;4;9;5;True
47180;3;3;0;True
47181;3;6;3;True
47182;1;1;0;True
47183;4;6;2;True
47184;2;4;2;True
47185;9;16;7;True
47186;2;2;0;True
47187;1;1;0;True
47188;1;1;0;True
47189;4;12;8;True
47190;6;16;10;True
47191;11;16;5;True
47192;1;1;0;True
47193;1;1;0;True
47194;1;1;0;True
47195;3;9;6;True
47196;3;6;3;True
47197;8;12;4;True
47198;0;0;0;True
47199;6;8;2;True
47200;2;4;2;True
47201;3;6;3;True
47202;2;4;2;True
47203;4;6;2;True
47204;8;16;8;True
47205;1;1;0;True
47206;2;2;0;True
47207;2;4;2;True
47208;4;9;5;True
47209;1;1;0;True
47210;5;12;7;True
47211;8;16;8;True
47212;2;4;2;True
47213;9;16;7;True
47214;5;9;4;True
47215;8;16;8;True
47216;3;9;6;True
47217;5;16;11;True
47218;3;6;3;True
47219;2;2;0;True
47220;3;6;3;True
47221;2;2;0;True
47222;11;16;5;True
47223;0;0;0;True
47224;3;4;1;True
47225;2;4;2;True
47226;10;16;6;True
47227;0;0;0;True
47228;5;12;7;True
47229;5;9;4;True
47230;3;6;3;True
47231;2;2;0;True
47232;4;9;5;True
47233;5;16;11;True
47234;10;16;6;True
47235;0;0;0;True
47236;6;12;6;True
47237;3;6;3;True
47238;5;9;4;True
47239;3;6;3;True
47240;1;1;0;True
47241;6;16;10;True
47242;1;1;0;True
47243;4;9;5;True
47244;2;4;2;True
47245;5;9;4;True
47246;0;0;0;True
47247;6;12;6;True
47248;2;4;2;True
47249;2;4;2;True
47250;5;12;7;True
47251;7;16;9;True
47252;6;16;10;True
47253;4;6;2;True
47254;0;0;0;True
47255;4;6;2;True
47256;7;16;9;True
47257;1;1;0;True
47258;2;2;0;True
47259;0;0;0;True
47260;2;2;0;True
47261;1;1;0;True
47262;3;9;6;True
47263;3;6;3;True
47264;3;6;3;True
47265;3;9;6;True
47266;6;12;6;True
47267;1;1;0;True
47268;4;6;2;True
47269;4;9;5;True
47270;6;12;6;True
47271;6;12;6;True
47272;12;16;4;True
47273;0;0;0;True
47274;0;0;0;True
47275;0;0;0;True
47276;2;2;0;True
47277;0;0;0;True
47278;1;1;0;True
47279;6;16;10;True
47280;7;12;5;True
47281;3;9;6;True
47282;6;12;6;True
47283;1;1;0;True
47284;2;4;2;True
47285;1;1;0;True
47286;4;9;5;True
47287;4;9;5;True
47288;5;12;7;True
47289;1;1;0;True
47290;2;4;2;True
47291;4;12;8;True
47292;6;12;6;True
47293;1;1;0;True
47294;6;16;10;True
47295;3;6;3;True
47296;9;16;7;True
47297;0;0;0;True
47298;1;1;0;True
47299;2;4;2;True
47300;2;4;2;True
47301;1;1;0;True
47302;1;1;0;True
47303;4;9;5;True
47304;4;4;0;True
47305;5;8;3;True
47306;5;9;4;True
47307;3;6;3;True
47308;4;9;5;True
47309;8;16;8;True
47310;7;12;5;True
47311;3;3;0;True
47312;3;3;0;True
47313;5;12;7;True
47314;3;6;3;True
47315;3;3;0;True
47316;7;16;9;True
47317;6;8;2;True
47318;7;16;9;True
47319;1;1;0;True
47320;2;4;2;True
47321;7;16;9;True
47322;3;9;6;True
47323;8;16;8;True
47324;6;12;6;True
47325;8;16;8;True
47326;8;12;4;True
47327;4;9;5;True
47328;1;1;0;True
47329;2;4;2;True
47330;6;9;3;True
47331;2;4;2;True
47332;4;6;2;True
47333;5;12;7;True
47334;3;6;3;True
47335;5;16;11;True
47336;2;2;0;True
47337;5;6;1;True
47338;2;4;2;True
47339;3;4;1;True
47340;2;4;2;True
47341;2;4;2;True
47342;2;4;2;True
47343;2;4;2;True
47344;3;9;6;True
47345;0;0;0;True
47346;4;12;8;True
47347;4;12;8;True
47348;1;1;0;True
47349;6;12;6;True
47350;4;16;12;True
47351;1;1;0;True
47352;6;9;3;True
47353;6;9;3;True
47354;5;9;4;True
47355;2;4;2;True
47356;3;4;1;True
47357;7;12;5;True
47358;7;16;9;True
47359;2;2;0;True
47360;0;0;0;True
47361;9;16;7;True
47362;3;9;6;True
47363;2;2;0;True
47364;4;9;5;True
47365;4;6;2;True
47366;2;4;2;True
47367;6;12;6;True
47368;9;16;7;True
47369;7;12;5;True
47370;4;9;5;True
47371;1;1;0;True
47372;2;2;0;True
47373;7;12;5;True
47374;3;6;3;True
47375;4;6;2;True
47376;0;0;0;True
47377;7;16;9;True
47378;5;6;1;True
47379;7;16;9;True
47380;2;4;2;True
47381;1;1;0;True
47382;5;9;4;True
47383;5;9;4;True
47384;4;9;5;True
47385;6;16;10;True
47386;1;1;0;True
47387;3;4;1;True
47388;6;12;6;True
47389;0;0;0;True
47390;0;0;0;True
47391;4;8;4;True
47392;3;4;1;True
47393;4;9;5;True
47394;3;6;3;True
47395;9;12;3;True
47396;1;1;0;True
47397;5;12;7;True
47398;5;12;7;True
47399;6;9;3;True
47400;5;9;4;True
47401;7;12;5;True
47402;4;9;5;True
47403;4;6;2;True
47404;2;4;2;True
47405;2;2;0;True
47406;1;1;0;True
47407;7;16;9;True
47408;4;6;2;True
47409;4;6;2;True
47410;2;2;0;True
47411;8;16;8;True
47412;4;8;4;True
47413;2;2;0;True
47414;1;1;0;True
47415;3;6;3;True
47416;3;6;3;True
47417;8;16;8;True
47418;2;2;0;True
47419;2;2;0;True
47420;1;1;0;True
47421;9;12;3;True
47422;3;4;1;True
47423;6;12;6;True
47424;3;3;0;True
47425;3;6;3;True
47426;3;6;3;True
47427;2;2;0;True
47428;7;12;5;True
47429;3;6;3;True
47430;2;2;0;True
47431;5;9;4;True
47432;6;9;3;True
47433;8;16;8;True
47434;4;8;4;True
47435;4;9;5;True
47436;4;6;2;True
47437;5;9;4;True
47438;6;16;10;True
47439;7;12;5;True
47440;3;6;3;True
47441;4;9;5;True
47442;2;2;0;True
47443;2;2;0;True
47444;5;9;4;True
47445;5;16;11;True
47446;1;1;0;True
47447;0;0;0;True
47448;2;2;0;True
47449;2;4;2;True
47450;3;6;3;True
47451;4;9;5;True
47452;4;6;2;True
47453;9;16;7;True
47454;4;9;5;True
47455;2;2;0;True
47456;7;16;9;True
47457;2;2;0;True
47458;4;12;8;True
47459;4;8;4;True
47460;2;4;2;True
47461;6;12;6;True
47462;6;12;6;True
47463;3;9;6;True
47464;3;6;3;True
47465;7;12;5;True
47466;4;12;8;True
47467;5;9;4;True
47468;1;1;0;True
47469;4;9;5;True
47470;0;0;0;True
47471;2;4;2;True
47472;8;16;8;True
47473;5;12;7;True
47474;1;1;0;True
47475;5;9;4;True
47476;3;3;0;True
47477;2;2;0;True
47478;2;2;0;True
47479;2;4;2;True
47480;4;8;4;True
47481;8;9;1;True
47482;5;6;1;True
47483;7;12;5;True
47484;6;16;10;True
47485;1;1;0;True
47486;3;6;3;True
47487;4;6;2;True
47488;1;1;0;True
47489;6;12;6;True
47490;1;1;0;True
47491;5;12;7;True
47492;1;1;0;True
47493;0;0;0;True
47494;7;16;9;True
47495;2;4;2;True
47496;4;6;2;True
47497;0;0;0;True
47498;3;6;3;True
47499;5;12;7;True
47500;6;8;2;True
47501;2;4;2;True
47502;0;0;0;True
47503;6;16;10;True
47504;2;2;0;True
47505;9;16;7;True
47506;5;9;4;True
47507;1;1;0;True
47508;4;9;5;True
47509;10;16;6;True
47510;3;6;3;True
47511;0;0;0;True
47512;4;8;4;True
47513;0;0;0;True
47514;1;1;0;True
47515;5;12;7;True
47516;4;9;5;True
47517;8;16;8;True
47518;2;4;2;True
47519;7;12;5;True
47520;7;16;9;True
47521;0;0;0;True
47522;5;12;7;True
47523;2;4;2;True
47524;1;1;0;True
47525;4;6;2;True
47526;5;12;7;True
47527;3;9;6;True
47528;9;9;0;True
47529;3;6;3;True
47530;4;9;5;True
47531;6;9;3;True
47532;8;16;8;True
47533;5;12;7;True
47534;5;12;7;True
47535;7;16;9;True
47536;6;9;3;True
47537;1;1;0;True
47538;1;1;0;True
47539;0;0;0;True
47540;1;1;0;True
47541;3;4;1;True
47542;2;4;2;True
47543;4;9;5;True
47544;5;12;7;True
47545;4;9;5;True
47546;2;2;0;True
47547;3;9;6;True
47548;2;2;0;True
47549;2;4;2;True
47550;0;0;0;True
47551;4;9;5;True
47552;0;0;0;True
47553;0;0;0;True
47554;2;4;2;True
47555;2;2;0;True
47556;6;12;6;True
47557;2;2;0;True
47558;0;0;0;True
47559;3;4;1;True
47560;2;2;0;True
47561;0;0;0;True
47562;2;2;0;True
47563;4;12;8;True
47564;3;9;6;True
47565;2;4;2;True
47566;2;4;2;True
47567;8;12;4;True
47568;5;12;7;True
47569;8;16;8;True
47570;4;8;4;True
47571;2;4;2;True
47572;3;4;1;True
47573;4;6;2;True
47574;6;16;10;True
47575;9;16;7;True
47576;4;4;0;True
47577;6;12;6;True
47578;4;6;2;True
47579;8;16;8;True
47580;4;9;5;True
47581;4;9;5;True
47582;7;16;9;True
47583;0;0;0;True
47584;2;2;0;True
47585;5;9;4;True
47586;4;12;8;True
47587;6;12;6;True
47588;2;4;2;True
47589;2;4;2;True
47590;7;12;5;True
47591;11;12;1;True
47592;5;12;7;True
47593;6;12;6;True
47594;5;12;7;True
47595;5;12;7;True
47596;3;6;3;True
47597;1;1;0;True
47598;1;1;0;True
47599;2;2;0;True
47600;1;1;0;True
47601;5;9;4;True
47602;6;12;6;True
47603;0;0;0;True
47604;5;9;4;True
47605;1;1;0;True
47606;1;1;0;True
47607;5;12;7;True
47608;4;9;5;True
47609;8;16;8;True
47610;3;4;1;True
47611;0;0;0;True
47612;3;3;0;True
47613;5;12;7;True
47614;1;1;0;True
47615;6;16;10;True
47616;5;16;11;True
47617;12;16;4;True
47618;1;1;0;True
47619;3;6;3;True
47620;2;4;2;True
47621;3;6;3;True
47622;6;12;6;True
47623;6;16;10;True
47624;3;6;3;True
47625;6;9;3;True
47626;0;0;0;True
47627;2;4;2;True
47628;6;9;3;True
47629;4;9;5;True
47630;2;4;2;True
47631;8;12;4;True
47632;1;1;0;True
47633;4;9;5;True
47634;2;4;2;True
47635;2;4;2;True
47636;5;8;3;True
47637;3;6;3;True
47638;4;9;5;True
47639;8;16;8;True
47640;1;1;0;True
47641;2;4;2;True
47642;4;6;2;True
47643;4;9;5;True
47644;5;12;7;True
47645;2;4;2;True
47646;5;6;1;True
47647;2;4;2;True
47648;7;12;5;True
47649;5;12;7;True
47650;5;16;11;True
47651;4;6;2;True
47652;7;16;9;True
47653;0;0;0;True
47654;1;1;0;True
47655;2;2;0;True
47656;7;16;9;True
47657;0;0;0;True
47658;9;16;7;True
47659;10;16;6;True
47660;8;16;8;True
47661;5;16;11;True
47662;5;12;7;True
47663;3;6;3;True
47664;2;4;2;True
47665;4;9;5;True
47666;1;1;0;True
47667;0;0;0;True
47668;6;16;10;True
47669;5;6;1;True
47670;10;16;6;True
47671;8;16;8;True
47672;2;2;0;True
47673;5;9;4;True
47674;5;9;4;True
47675;4;12;8;True
47676;6;12;6;True
47677;1;1;0;True
47678;3;9;6;True
47679;8;16;8;True
47680;2;4;2;True
47681;4;12;8;True
47682;7;12;5;True
47683;4;8;4;True
47684;8;16;8;True
47685;3;6;3;True
47686;2;4;2;True
47687;4;9;5;True
47688;3;6;3;True
47689;6;12;6;True
47690;3;6;3;True
47691;4;9;5;True
47692;4;9;5;True
47693;4;9;5;True
47694;7;12;5;True
47695;6;12;6;True
47696;1;1;0;True
47697;1;1;0;True
47698;3;3;0;True
47699;3;4;1;True
47700;2;2;0;True
47701;3;4;1;True
47702;0;0;0;True
47703;4;12;8;True
47704;6;16;10;True
47705;7;16;9;True
47706;3;3;0;True
47707;3;6;3;True
47708;1;1;0;True
47709;1;1;0;True
47710;5;9;4;True
47711;3;6;3;True
47712;4;8;4;True
47713;0;0;0;True
47714;3;9;6;True
47715;2;4;2;True
47716;1;1;0;True
47717;5;8;3;True
47718;2;2;0;True
47719;2;4;2;True
47720;6;12;6;True
47721;0;0;0;True
47722;7;16;9;True
47723;6;12;6;True
47724;0;0;0;True
47725;4;9;5;True
47726;3;9;6;True
47727;7;16;9;True
47728;4;4;0;True
47729;5;6;1;True
47730;4;6;2;True
47731;6;16;10;True
47732;7;12;5;True
47733;2;2;0;True
47734;0;0;0;True
47735;9;16;7;True
47736;8;16;8;True
47737;8;16;8;True
47738;2;4;2;True
47739;4;6;2;True
47740;2;2;0;True
47741;3;6;3;True
47742;8;16;8;True
47743;1;1;0;True
47744;2;2;0;True
47745;4;9;5;True
47746;3;9;6;True
47747;4;9;5;True
47748;1;1;0;True
47749;2;4;2;True
47750;0;0;0;True
47751;7;12;5;True
47752;6;12;6;True
47753;1;1;0;True
47754;5;12;7;True
47755;4;4;0;True
47756;5;9;4;True
47757;2;4;2;True
47758;6;12;6;True
47759;0;0;0;True
47760;5;9;4;True
47761;2;2;0;True
47762;2;4;2;True
47763;1;1;0;True
47764;4;8;4;True
47765;5;9;4;True
47766;1;1;0;True
47767;3;6;3;True
47768;4;12;8;True
47769;0;0;0;True
47770;0;0;0;True
47771;2;2;0;True
47772;6;12;6;True
47773;2;4;2;True
47774;5;6;1;True
47775;5;6;1;True
47776;4;9;5;True
47777;8;16;8;True
47778;0;0;0;True
47779;3;6;3;True
47780;0;0;0;True
47781;1;1;0;True
47782;4;9;5;True
47783;1;1;0;True
47784;9;16;7;True
47785;2;4;2;True
47786;6;12;6;True
47787;4;6;2;True
47788;3;6;3;True
47789;6;9;3;True
47790;3;4;1;True
47791;6;12;6;True
47792;1;1;0;True
47793;3;6;3;True
47794;0;0;0;True
47795;6;12;6;True
47796;6;12;6;True
47797;1;1;0;True
47798;7;16;9;True
47799;1;1;0;True
47800;4;9;5;True
47801;3;6;3;True
47802;2;2;0;True
47803;4;8;4;True
47804;0;0;0;True
47805;2;4;2;True
47806;6;16;10;True
47807;3;6;3;True
47808;4;6;2;True
47809;3;4;1;True
47810;1;1;0;True
47811;3;9;6;True
47812;3;6;3;True
47813;0;0;0;True
47814;6;12;6;True
47815;5;12;7;True
47816;5;12;7;True
47817;2;2;0;True
47818;2;4;2;True
47819;0;0;0;True
47820;6;9;3;True
47821;2;4;2;True
47822;7;9;2;True
47823;2;2;0;True
47824;4;9;5;True
47825;9;16;7;True
47826;9;16;7;True
47827;5;12;7;True
47828;4;6;2;True
47829;3;9;6;True
47830;3;6;3;True
47831;0;0;0;True
47832;3;6;3;True
47833;1;1;0;True
47834;0;0;0;True
47835;10;16;6;True
47836;1;1;0;True
47837;5;9;4;True
47838;1;1;0;True
47839;3;4;1;True
47840;1;1;0;True
47841;4;12;8;True
47842;7;16;9;True
47843;7;12;5;True
47844;2;2;0;True
47845;5;9;4;True
47846;1;1;0;True
47847;2;2;0;True
47848;5;12;7;True
47849;4;9;5;True
47850;0;0;0;True
47851;4;6;2;True
47852;1;1;0;True
47853;0;0;0;True
47854;3;6;3;True
47855;2;4;2;True
47856;5;9;4;True
47857;2;4;2;True
47858;0;0;0;True
47859;4;8;4;True
47860;1;1;0;True
47861;1;1;0;True
47862;5;12;7;True
47863;5;9;4;True
47864;4;12;8;True
47865;2;4;2;True
47866;2;2;0;True
47867;2;4;2;True
47868;4;12;8;True
47869;4;6;2;True
47870;3;4;1;True
47871;2;4;2;True
47872;5;12;7;True
47873;4;6;2;True
47874;4;6;2;True
47875;3;9;6;True
47876;3;4;1;True
47877;5;12;7;True
47878;7;16;9;True
47879;7;12;5;True
47880;7;9;2;True
47881;2;2;0;True
47882;2;4;2;True
47883;3;6;3;True
47884;1;1;0;True
47885;5;12;7;True
47886;4;8;4;True
47887;7;16;9;True
47888;6;12;6;True
47889;4;9;5;True
47890;5;12;7;True
47891;6;12;6;True
47892;1;1;0;True
47893;2;2;0;True
47894;3;9;6;True
47895;3;6;3;True
47896;3;4;1;True
47897;4;4;0;True
47898;6;16;10;True
47899;4;6;2;True
47900;5;9;4;True
47901;6;12;6;True
47902;1;1;0;True
47903;1;1;0;True
47904;1;1;0;True
47905;4;6;2;True
47906;3;6;3;True
47907;2;2;0;True
47908;6;16;10;True
47909;4;12;8;True
47910;1;1;0;True
47911;4;9;5;True
47912;2;4;2;True
47913;3;9;6;True
47914;0;0;0;True
47915;3;4;1;True
47916;7;12;5;True
47917;3;9;6;True
47918;4;16;12;True
47919;4;6;2;True
47920;5;12;7;True
47921;0;0;0;True
47922;4;12;8;True
47923;5;12;7;True
47924;3;4;1;True
47925;3;6;3;True
47926;2;4;2;True
47927;7;12;5;True
47928;7;16;9;True
47929;2;2;0;True
47930;0;0;0;True
47931;5;9;4;True
47932;7;12;5;True
47933;2;4;2;True
47934;2;4;2;True
47935;1;1;0;True
47936;2;4;2;True
47937;3;4;1;True
47938;3;9;6;True
47939;3;6;3;True
47940;1;1;0;True
47941;0;0;0;True
47942;3;4;1;True
47943;2;2;0;True
47944;4;9;5;True
47945;2;4;2;True
47946;3;9;6;True
47947;1;1;0;True
47948;1;1;0;True
47949;3;6;3;True
47950;0;0;0;True
47951;3;6;3;True
47952;2;2;0;True
47953;0;0;0;True
47954;2;4;2;True
47955;4;6;2;True
47956;10;12;2;True
47957;9;16;7;True
47958;9;16;7;True
47959;4;12;8;True
47960;5;12;7;True
47961;2;4;2;True
47962;1;1;0;True
47963;4;9;5;True
47964;6;12;6;True
47965;0;0;0;True
47966;0;0;0;True
47967;3;9;6;True
47968;3;4;1;True
47969;4;9;5;True
47970;6;12;6;True
47971;3;4;1;True
47972;3;4;1;True
47973;4;9;5;True
47974;4;6;2;True
47975;9;12;3;True
47976;2;4;2;True
47977;4;9;5;True
47978;2;2;0;True
47979;6;16;10;True
47980;4;9;5;True
47981;4;6;2;True
47982;3;4;1;True
47983;2;4;2;True
47984;3;6;3;True
47985;3;4;1;True
47986;6;9;3;True
47987;1;1;0;True
47988;2;2;0;True
47989;0;0;0;True
47990;3;6;3;True
47991;3;9;6;True
47992;8;16;8;True
47993;8;16;8;True
47994;5;12;7;True
47995;10;16;6;True
47996;3;3;0;True
47997;5;12;7;True
47998;0;0;0;True
47999;3;6;3;True
48000;1;1;0;True
48001;4;6;2;True
48002;4;9;5;True
48003;3;6;3;True
48004;3;4;1;True
48005;4;6;2;True
48006;1;1;0;True
48007;4;6;2;True
48008;9;16;7;True
48009;4;6;2;True
48010;3;6;3;True
48011;4;9;5;True
48012;6;12;6;True
48013;0;0;0;True
48014;4;6;2;True
48015;3;6;3;True
48016;4;12;8;True
48017;0;0;0;True
48018;2;4;2;True
48019;2;4;2;True
48020;5;12;7;True
48021;3;4;1;True
48022;1;1;0;True
48023;1;1;0;True
48024;1;1;0;True
48025;4;9;5;True
48026;3;4;1;True
48027;2;2;0;True
48028;9;16;7;True
48029;1;1;0;True
48030;4;9;5;True
48031;4;9;5;True
48032;5;9;4;True
48033;8;12;4;True
48034;3;6;3;True
48035;2;4;2;True
48036;1;1;0;True
48037;6;9;3;True
48038;5;12;7;True
48039;6;12;6;True
48040;0;0;0;True
48041;5;12;7;True
48042;4;8;4;True
48043;7;12;5;True
48044;3;6;3;True
48045;2;4;2;True
48046;5;9;4;True
48047;3;9;6;True
48048;1;1;0;True
48049;4;6;2;True
48050;1;1;0;True
48051;4;9;5;True
48052;3;4;1;True
48053;4;6;2;True
48054;3;9;6;True
48055;6;8;2;True
48056;5;8;3;True
48057;7;12;5;True
48058;2;2;0;True
48059;10;16;6;True
48060;7;16;9;True
48061;6;16;10;True
48062;6;16;10;True
48063;0;0;0;True
48064;2;4;2;True
48065;5;12;7;True
48066;3;6;3;True
48067;3;6;3;True
48068;6;12;6;True
48069;5;12;7;True
48070;5;16;11;True
48071;2;4;2;True
48072;0;0;0;True
48073;4;12;8;True
48074;8;12;4;True
48075;3;4;1;True
48076;3;6;3;True
48077;1;1;0;True
48078;2;2;0;True
48079;3;6;3;True
48080;2;4;2;True
48081;2;4;2;True
48082;5;9;4;True
48083;2;4;2;True
48084;1;1;0;True
48085;2;2;0;True
48086;5;16;11;True
48087;2;4;2;True
48088;2;2;0;True
48089;3;9;6;True
48090;2;2;0;True
48091;6;12;6;True
48092;1;1;0;True
48093;2;4;2;True
48094;2;4;2;True
48095;5;9;4;True
48096;2;4;2;True
48097;2;4;2;True
48098;2;2;0;True
48099;9;16;7;True
48100;7;12;5;True
48101;1;1;0;True
48102;6;12;6;True
48103;4;12;8;True
48104;3;6;3;True
48105;5;12;7;True
48106;2;2;0;True
48107;8;16;8;True
48108;3;6;3;True
48109;4;6;2;True
48110;3;6;3;True
48111;2;2;0;True
48112;4;8;4;True
48113;2;4;2;True
48114;5;9;4;True
48115;3;6;3;True
48116;6;16;10;True
48117;3;6;3;True
48118;7;12;5;True
48119;0;0;0;True
48120;7;12;5;True
48121;4;9;5;True
48122;0;0;0;True
48123;2;2;0;True
48124;2;4;2;True
48125;1;1;0;True
48126;2;4;2;True
48127;6;12;6;True
48128;1;1;0;True
48129;2;4;2;True
48130;0;0;0;True
48131;1;1;0;True
48132;1;1;0;True
48133;3;9;6;True
48134;1;1;0;True
48135;2;4;2;True
48136;5;9;4;True
48137;5;9;4;True
48138;1;1;0;True
48139;5;6;1;True
48140;1;1;0;True
48141;3;6;3;True
48142;4;9;5;True
48143;5;9;4;True
48144;3;4;1;True
48145;9;12;3;True
48146;1;1;0;True
48147;1;1;0;True
48148;1;1;0;True
48149;5;9;4;True
48150;1;1;0;True
48151;5;9;4;True
48152;9;12;3;True
48153;6;12;6;True
48154;7;12;5;True
48155;2;4;2;True
48156;4;8;4;True
48157;7;16;9;True
48158;4;6;2;True
48159;4;9;5;True
48160;5;9;4;True
48161;0;0;0;True
48162;8;16;8;True
48163;1;1;0;True
48164;8;16;8;True
48165;1;1;0;True
48166;4;12;8;True
48167;3;4;1;True
48168;2;4;2;True
48169;9;12;3;True
48170;3;6;3;True
48171;10;16;6;True
48172;2;2;0;True
48173;5;12;7;True
48174;5;6;1;True
48175;1;1;0;True
48176;2;4;2;True
48177;3;6;3;True
48178;7;16;9;True
48179;3;3;0;True
48180;3;3;0;True
48181;0;0;0;True
48182;5;9;4;True
48183;3;4;1;True
48184;9;16;7;True
48185;7;16;9;True
48186;1;1;0;True
48187;6;12;6;True
48188;6;12;6;True
48189;8;16;8;True
48190;7;12;5;True
48191;2;2;0;True
48192;2;2;0;True
48193;2;4;2;True
48194;7;12;5;True
48195;5;12;7;True
48196;4;9;5;True
48197;2;2;0;True
48198;3;6;3;True
48199;1;1;0;True
48200;3;6;3;True
48201;1;1;0;True
48202;5;6;1;True
48203;4;6;2;True
48204;7;12;5;True
48205;2;2;0;True
48206;6;16;10;True
48207;6;16;10;True
48208;6;16;10;True
48209;1;1;0;True
48210;3;6;3;True
48211;4;12;8;True
48212;2;2;0;True
48213;2;4;2;True
48214;2;4;2;True
48215;3;6;3;True
48216;2;4;2;True
48217;9;16;7;True
48218;2;4;2;True
48219;4;6;2;True
48220;2;4;2;True
48221;2;4;2;True
48222;2;2;0;True
48223;3;4;1;True
48224;1;1;0;True
48225;2;4;2;True
48226;3;6;3;True
48227;5;9;4;True
48228;4;9;5;True
48229;3;6;3;True
48230;2;4;2;True
48231;5;12;7;True
48232;2;2;0;True
48233;0;0;0;True
48234;2;4;2;True
48235;7;16;9;True
48236;6;12;6;True
48237;3;6;3;True
48238;1;1;0;True
48239;7;16;9;True
48240;12;16;4;True
48241;2;2;0;True
48242;10;16;6;True
48243;4;8;4;True
48244;4;6;2;True
48245;5;9;4;True
48246;7;12;5;True
48247;3;6;3;True
48248;4;9;5;True
48249;4;12;8;True
48250;0;0;0;True
48251;7;12;5;True
48252;3;6;3;True
48253;6;12;6;True
48254;4;9;5;True
48255;6;16;10;True
48256;1;1;0;True
48257;2;2;0;True
48258;3;4;1;True
48259;9;16;7;True
48260;3;6;3;True
48261;3;4;1;True
48262;5;16;11;True
48263;2;4;2;True
48264;5;12;7;True
48265;1;1;0;True
48266;5;8;3;True
48267;0;0;0;True
48268;0;0;0;True
48269;4;6;2;True
48270;4;8;4;True
48271;4;6;2;True
48272;5;9;4;True
48273;3;9;6;True
48274;0;0;0;True
48275;3;4;1;True
48276;5;12;7;True
48277;2;4;2;True
48278;3;4;1;True
48279;6;12;6;True
48280;1;1;0;True
48281;5;9;4;True
48282;4;12;8;True
48283;7;12;5;True
48284;1;1;0;True
48285;3;4;1;True
48286;3;4;1;True
48287;3;6;3;True
48288;9;16;7;True
48289;5;9;4;True
48290;3;6;3;True
48291;10;12;2;True
48292;0;0;0;True
48293;5;12;7;True
48294;7;16;9;True
48295;2;4;2;True
48296;4;9;5;True
48297;6;16;10;True
48298;5;9;4;True
48299;4;9;5;True
48300;3;3;0;True
48301;2;2;0;True
48302;3;9;6;True
48303;6;12;6;True
48304;2;4;2;True
48305;4;6;2;True
48306;1;1;0;True
48307;7;9;2;True
48308;3;6;3;True
48309;0;0;0;True
48310;7;16;9;True
48311;2;4;2;True
48312;2;4;2;True
48313;3;6;3;True
48314;5;9;4;True
48315;1;1;0;True
48316;11;16;5;True
48317;1;1;0;True
48318;2;4;2;True
48319;8;16;8;True
48320;2;2;0;True
48321;2;2;0;True
48322;8;12;4;True
48323;3;6;3;True
48324;1;1;0;True
48325;4;6;2;True
48326;4;12;8;True
48327;0;0;0;True
48328;7;16;9;True
48329;2;2;0;True
48330;4;6;2;True
48331;4;12;8;True
48332;4;6;2;True
48333;5;9;4;True
48334;0;0;0;True
48335;4;9;5;True
48336;3;9;6;True
48337;2;2;0;True
48338;3;9;6;True
48339;4;12;8;True
48340;5;12;7;True
48341;5;12;7;True
48342;3;9;6;True
48343;8;12;4;True
48344;5;12;7;True
48345;5;12;7;True
48346;2;2;0;True
48347;4;4;0;True
48348;5;12;7;True
48349;0;0;0;True
48350;8;16;8;True
48351;6;12;6;True
48352;0;0;0;True
48353;2;4;2;True
48354;3;3;0;True
48355;1;1;0;True
48356;6;9;3;True
48357;1;1;0;True
48358;3;6;3;True
48359;5;8;3;True
48360;5;9;4;True
48361;3;6;3;True
48362;0;0;0;True
48363;5;9;4;True
48364;7;12;5;True
48365;2;2;0;True
48366;6;9;3;True
48367;2;2;0;True
48368;8;12;4;True
48369;0;0;0;True
48370;7;9;2;True
48371;1;1;0;True
48372;7;16;9;True
48373;3;6;3;True
48374;3;4;1;True
48375;3;4;1;True
48376;6;12;6;True
48377;1;1;0;True
48378;2;4;2;True
48379;6;12;6;True
48380;4;9;5;True
48381;3;9;6;True
48382;3;6;3;True
48383;1;1;0;True
48384;4;8;4;True
48385;5;9;4;True
48386;1;1;0;True
48387;3;4;1;True
48388;3;6;3;True
48389;5;16;11;True
48390;4;9;5;True
48391;4;9;5;True
48392;3;4;1;True
48393;3;6;3;True
48394;8;16;8;True
48395;2;4;2;True
48396;3;6;3;True
48397;4;6;2;True
48398;4;12;8;True
48399;2;4;2;True
48400;5;12;7;True
48401;3;6;3;True
48402;1;1;0;True
48403;6;12;6;True
48404;6;9;3;True
48405;7;16;9;True
48406;3;6;3;True
48407;3;4;1;True
48408;1;1;0;True
48409;0;0;0;True
48410;0;0;0;True
48411;5;9;4;True
48412;1;1;0;True
48413;4;9;5;True
48414;1;1;0;True
48415;7;12;5;True
48416;4;6;2;True
48417;0;0;0;True
48418;0;0;0;True
48419;0;0;0;True
48420;5;9;4;True
48421;4;6;2;True
48422;2;4;2;True
48423;2;4;2;True
48424;3;6;3;True
48425;2;2;0;True
48426;3;6;3;True
48427;1;1;0;True
48428;0;0;0;True
48429;3;9;6;True
48430;3;4;1;True
48431;8;16;8;True
48432;8;16;8;True
48433;2;2;0;True
48434;5;16;11;True
48435;6;12;6;True
48436;7;12;5;True
48437;4;12;8;True
48438;3;6;3;True
48439;5;8;3;True
48440;3;6;3;True
48441;7;8;1;True
48442;10;12;2;True
48443;3;6;3;True
48444;2;4;2;True
48445;3;6;3;True
48446;3;4;1;True
48447;3;4;1;True
48448;4;9;5;True
48449;5;16;11;True
48450;2;4;2;True
48451;8;12;4;True
48452;0;0;0;True
48453;5;9;4;True
48454;5;12;7;True
48455;3;6;3;True
48456;8;16;8;True
48457;2;4;2;True
48458;7;16;9;True
48459;4;8;4;True
48460;4;6;2;True
48461;10;16;6;True
48462;5;12;7;True
48463;5;12;7;True
48464;6;12;6;True
48465;3;6;3;True
48466;1;1;0;True
48467;3;6;3;True
48468;1;1;0;True
48469;0;0;0;True
48470;6;9;3;True
48471;3;6;3;True
48472;1;1;0;True
48473;3;4;1;True
48474;2;2;0;True
48475;6;9;3;True
48476;5;9;4;True
48477;5;12;7;True
48478;4;12;8;True
48479;3;6;3;True
48480;4;12;8;True
48481;1;1;0;True
48482;1;1;0;True
48483;2;4;2;True
48484;4;6;2;True
48485;4;9;5;True
48486;2;4;2;True
48487;7;12;5;True
48488;4;9;5;True
48489;1;1;0;True
48490;1;1;0;True
48491;5;12;7;True
48492;3;6;3;True
48493;2;4;2;True
48494;2;4;2;True
48495;2;4;2;True
48496;9;16;7;True
48497;2;4;2;True
48498;6;16;10;True
48499;2;4;2;True
48500;0;0;0;True
48501;6;16;10;True
48502;4;4;0;True
48503;8;16;8;True
48504;2;4;2;True
48505;3;6;3;True
48506;2;4;2;True
48507;2;4;2;True
48508;2;2;0;True
48509;6;9;3;True
48510;6;12;6;True
48511;3;6;3;True
48512;5;9;4;True
48513;2;2;0;True
48514;4;9;5;True
48515;5;9;4;True
48516;3;4;1;True
48517;6;12;6;True
48518;2;2;0;True
48519;0;0;0;True
48520;7;12;5;True
48521;6;12;6;True
48522;3;6;3;True
48523;1;1;0;True
48524;1;1;0;True
48525;2;2;0;True
48526;2;2;0;True
48527;7;16;9;True
48528;0;0;0;True
48529;3;6;3;True
48530;1;1;0;True
48531;7;16;9;True
48532;4;9;5;True
48533;4;12;8;True
48534;4;12;8;True
48535;3;4;1;True
48536;4;9;5;True
48537;4;12;8;True
48538;2;4;2;True
48539;7;12;5;True
48540;1;1;0;True
48541;2;2;0;True
48542;3;4;1;True
48543;5;9;4;True
48544;5;9;4;True
48545;3;6;3;True
48546;5;12;7;True
48547;5;9;4;True
48548;4;9;5;True
48549;7;12;5;True
48550;2;4;2;True
48551;6;12;6;True
48552;1;1;0;True
48553;2;2;0;True
48554;8;16;8;True
48555;8;16;8;True
48556;5;9;4;True
48557;5;9;4;True
48558;3;3;0;True
48559;4;9;5;True
48560;3;6;3;True
48561;11;16;5;True
48562;4;4;0;True
48563;3;4;1;True
48564;2;4;2;True
48565;8;12;4;True
48566;3;6;3;True
48567;5;6;1;True
48568;1;1;0;True
48569;2;4;2;True
48570;5;16;11;True
48571;1;1;0;True
48572;4;6;2;True
48573;6;16;10;True
48574;2;2;0;True
48575;1;1;0;True
48576;6;16;10;True
48577;7;12;5;True
48578;1;1;0;True
48579;5;12;7;True
48580;3;6;3;True
48581;5;9;4;True
48582;3;4;1;True
48583;5;6;1;True
48584;7;12;5;True
48585;3;4;1;True
48586;1;1;0;True
48587;3;4;1;True
48588;1;1;0;True
48589;5;12;7;True
48590;3;6;3;True
48591;5;16;11;True
48592;4;9;5;True
48593;2;4;2;True
48594;2;4;2;True
48595;4;12;8;True
48596;3;4;1;True
48597;7;16;9;True
48598;4;8;4;True
48599;4;12;8;True
48600;5;12;7;True
48601;3;6;3;True
48602;1;1;0;True
48603;5;12;7;True
48604;3;6;3;True
48605;5;6;1;True
48606;5;9;4;True
48607;1;1;0;True
48608;2;4;2;True
48609;4;9;5;True
48610;5;8;3;True
48611;0;0;0;True
48612;7;16;9;True
48613;6;8;2;True
48614;10;12;2;True
48615;4;6;2;True
48616;6;12;6;True
48617;4;6;2;True
48618;1;1;0;True
48619;2;2;0;True
48620;1;1;0;True
48621;5;16;11;True
48622;0;0;0;True
48623;3;4;1;True
48624;1;1;0;True
48625;1;1;0;True
48626;3;6;3;True
48627;3;6;3;True
48628;1;1;0;True
48629;0;0;0;True
48630;2;4;2;True
48631;3;6;3;True
48632;1;1;0;True
48633;2;2;0;True
48634;5;12;7;True
48635;2;4;2;True
48636;6;12;6;True
48637;0;0;0;True
48638;4;9;5;True
48639;6;12;6;True
48640;4;9;5;True
48641;5;12;7;True
48642;1;1;0;True
48643;4;6;2;True
48644;3;4;1;True
48645;6;12;6;True
48646;3;4;1;True
48647;2;2;0;True
48648;2;4;2;True
48649;2;4;2;True
48650;1;1;0;True
48651;7;12;5;True
48652;1;1;0;True
48653;3;9;6;True
48654;5;12;7;True
48655;2;2;0;True
48656;5;12;7;True
48657;2;4;2;True
48658;3;9;6;True
48659;3;6;3;True
48660;3;6;3;True
48661;5;9;4;True
48662;1;1;0;True
48663;2;4;2;True
48664;9;16;7;True
48665;3;6;3;True
48666;6;12;6;True
48667;3;6;3;True
48668;7;16;9;True
48669;3;3;0;True
48670;8;16;8;True
48671;7;16;9;True
48672;2;2;0;True
48673;3;6;3;True
48674;3;4;1;True
48675;4;6;2;True
48676;6;16;10;True
48677;4;9;5;True
48678;7;16;9;True
48679;2;4;2;True
48680;1;1;0;True
48681;2;4;2;True
48682;2;4;2;True
48683;2;4;2;True
48684;4;12;8;True
48685;1;1;0;True
48686;3;4;1;True
48687;5;12;7;True
48688;1;1;0;True
48689;6;16;10;True
48690;2;2;0;True
48691;6;16;10;True
48692;2;4;2;True
48693;3;9;6;True
48694;6;9;3;True
48695;2;2;0;True
48696;0;0;0;True
48697;0;0;0;True
48698;2;2;0;True
48699;2;4;2;True
48700;5;12;7;True
48701;1;1;0;True
48702;4;12;8;True
48703;3;6;3;True
48704;2;2;0;True
48705;6;12;6;True
48706;1;1;0;True
48707;4;8;4;True
48708;4;9;5;True
48709;5;12;7;True
48710;3;9;6;True
48711;4;9;5;True
48712;4;6;2;True
48713;3;6;3;True
48714;3;4;1;True
48715;4;9;5;True
48716;9;16;7;True
48717;6;12;6;True
48718;3;9;6;True
48719;1;1;0;True
48720;5;9;4;True
48721;5;12;7;True
48722;2;2;0;True
48723;5;8;3;True
48724;3;4;1;True
48725;8;16;8;True
48726;5;9;4;True
48727;5;8;3;True
48728;2;4;2;True
48729;0;0;0;True
48730;1;1;0;True
48731;2;2;0;True
48732;2;2;0;True
48733;2;4;2;True
48734;4;9;5;True
48735;1;1;0;True
48736;5;6;1;True
48737;5;16;11;True
48738;5;12;7;True
48739;0;0;0;True
48740;7;16;9;True
48741;6;16;10;True
48742;6;12;6;True
48743;7;16;9;True
48744;1;1;0;True
48745;1;1;0;True
48746;2;4;2;True
48747;5;12;7;True
48748;7;12;5;True
48749;3;6;3;True
48750;5;9;4;True
48751;4;9;5;True
48752;2;4;2;True
48753;5;12;7;True
48754;6;12;6;True
48755;1;1;0;True
48756;3;9;6;True
48757;4;9;5;True
48758;1;1;0;True
48759;6;12;6;True
48760;5;12;7;True
48761;9;16;7;True
48762;4;6;2;True
48763;0;0;0;True
48764;5;9;4;True
48765;0;0;0;True
48766;2;2;0;True
48767;5;12;7;True
48768;1;1;0;True
48769;4;12;8;True
48770;3;9;6;True
48771;4;9;5;True
48772;0;0;0;True
48773;1;1;0;True
48774;7;16;9;True
48775;6;12;6;True
48776;4;6;2;True
48777;3;6;3;True
48778;0;0;0;True
48779;6;12;6;True
48780;2;4;2;True
48781;3;9;6;True
48782;8;16;8;True
48783;1;1;0;True
48784;4;8;4;True
48785;6;12;6;True
48786;4;6;2;True
48787;5;9;4;True
48788;8;16;8;True
48789;6;12;6;True
48790;4;9;5;True
48791;3;6;3;True
48792;4;9;5;True
48793;1;1;0;True
48794;4;9;5;True
48795;3;6;3;True
48796;3;4;1;True
48797;6;16;10;True
48798;7;9;2;True
48799;4;9;5;True
48800;5;9;4;True
48801;7;9;2;True
48802;0;0;0;True
48803;1;1;0;True
48804;5;9;4;True
48805;2;4;2;True
48806;8;12;4;True
48807;3;4;1;True
48808;6;6;0;True
48809;1;1;0;True
48810;3;6;3;True
48811;3;4;1;True
48812;4;12;8;True
48813;4;6;2;True
48814;5;9;4;True
48815;10;16;6;True
48816;0;0;0;True
48817;4;12;8;True
48818;3;4;1;True
48819;6;16;10;True
48820;3;6;3;True
48821;7;16;9;True
48822;6;16;10;True
48823;6;9;3;True
48824;2;2;0;True
48825;0;0;0;True
48826;5;16;11;True
48827;4;6;2;True
48828;2;2;0;True
48829;3;3;0;True
48830;1;1;0;True
48831;5;9;4;True
48832;3;3;0;True
48833;2;2;0;True
48834;4;9;5;True
48835;6;12;6;True
48836;7;16;9;True
48837;0;0;0;True
48838;4;9;5;True
48839;4;6;2;True
48840;7;16;9;True
48841;3;6;3;True
48842;0;0;0;True
48843;1;1;0;True
48844;0;0;0;True
48845;8;12;4;True
48846;7;9;2;True
48847;9;16;7;True
48848;6;12;6;True
48849;6;12;6;True
48850;6;12;6;True
48851;3;9;6;True
48852;2;2;0;True
48853;0;0;0;True
48854;5;12;7;True
48855;6;9;3;True
48856;4;9;5;True
48857;4;9;5;True
48858;3;6;3;True
48859;5;12;7;True
48860;6;12;6;True
48861;7;16;9;True
48862;6;12;6;True
48863;2;2;0;True
48864;1;1;0;True
48865;0;0;0;True
48866;2;2;0;True
48867;6;9;3;True
48868;7;16;9;True
48869;5;12;7;True
48870;5;16;11;True
48871;3;6;3;True
48872;3;6;3;True
48873;4;9;5;True
48874;1;1;0;True
48875;0;0;0;True
48876;2;2;0;True
48877;4;9;5;True
48878;4;12;8;True
48879;4;4;0;True
48880;2;4;2;True
48881;2;4;2;True
48882;6;16;10;True
48883;5;12;7;True
48884;0;0;0;True
48885;3;6;3;True
48886;3;6;3;True
48887;2;2;0;True
48888;2;4;2;True
48889;3;3;0;True
48890;3;4;1;True
48891;3;9;6;True
48892;9;16;7;True
48893;5;9;4;True
48894;4;9;5;True
48895;4;6;2;True
48896;5;12;7;True
48897;8;16;8;True
48898;1;1;0;True
48899;5;12;7;True
48900;0;0;0;True
48901;1;1;0;True
48902;2;4;2;True
48903;3;6;3;True
48904;4;9;5;True
48905;3;4;1;True
48906;7;16;9;True
48907;8;16;8;True
48908;2;2;0;True
48909;8;16;8;True
48910;3;6;3;True
48911;1;1;0;True
48912;4;6;2;True
48913;5;8;3;True
48914;2;4;2;True
48915;2;4;2;True
48916;3;4;1;True
48917;4;9;5;True
48918;3;3;0;True
48919;5;9;4;True
48920;2;4;2;True
48921;6;16;10;True
48922;8;16;8;True
48923;6;8;2;True
48924;4;6;2;True
48925;3;9;6;True
48926;3;3;0;True
48927;4;12;8;True
48928;2;4;2;True
48929;4;9;5;True
48930;5;9;4;True
48931;5;12;7;True
48932;4;6;2;True
48933;4;9;5;True
48934;4;6;2;True
48935;6;12;6;True
48936;1;1;0;True
48937;6;12;6;True
48938;8;16;8;True
48939;5;9;4;True
48940;5;12;7;True
48941;6;12;6;True
48942;8;12;4;True
48943;0;0;0;True
48944;1;1;0;True
48945;6;9;3;True
48946;2;4;2;True
48947;4;9;5;True
48948;0;0;0;True
48949;8;16;8;True
48950;5;12;7;True
48951;6;16;10;True
48952;2;4;2;True
48953;1;1;0;True
48954;9;12;3;True
48955;8;16;8;True
48956;4;6;2;True
48957;7;16;9;True
48958;2;2;0;True
48959;5;12;7;True
48960;4;12;8;True
48961;7;12;5;True
48962;3;4;1;True
48963;1;1;0;True
48964;5;6;1;True
48965;4;6;2;True
48966;4;9;5;True
48967;6;8;2;True
48968;4;6;2;True
48969;2;2;0;True
48970;9;16;7;True
48971;3;3;0;True
48972;4;8;4;True
48973;5;9;4;True
48974;2;2;0;True
48975;7;16;9;True
48976;1;1;0;True
48977;4;12;8;True
48978;1;1;0;True
48979;1;1;0;True
48980;3;6;3;True
48981;5;12;7;True
48982;3;6;3;True
48983;5;12;7;True
48984;4;8;4;True
48985;2;4;2;True
48986;6;12;6;True
48987;6;16;10;True
48988;2;2;0;True
48989;4;9;5;True
48990;2;2;0;True
48991;3;6;3;True
48992;4;6;2;True
48993;5;12;7;True
48994;1;1;0;True
48995;1;1;0;True
48996;4;6;2;True
48997;3;9;6;True
48998;4;6;2;True
48999;2;4;2;True
49000;0;0;0;True
49001;1;1;0;True
49002;4;6;2;True
49003;0;0;0;True
49004;5;16;11;True
49005;3;4;1;True
49006;2;4;2;True
49007;4;12;8;True
49008;4;8;4;True
49009;4;9;5;True
49010;7;12;5;True
49011;4;6;2;True
49012;7;12;5;True
49013;3;4;1;True
49014;5;9;4;True
49015;3;3;0;True
49016;2;2;0;True
49017;4;9;5;True
49018;0;0;0;True
49019;7;16;9;True
49020;3;9;6;True
49021;1;1;0;True
49022;6;16;10;True
49023;4;6;2;True
49024;3;6;3;True
49025;1;1;0;True
49026;6;12;6;True
49027;7;16;9;True
49028;3;6;3;True
49029;3;4;1;True
49030;9;16;7;True
49031;6;12;6;True
49032;4;8;4;True
49033;0;0;0;True
49034;4;6;2;True
49035;1;1;0;True
49036;0;0;0;True
49037;0;0;0;True
49038;3;6;3;True
49039;1;1;0;True
49040;5;8;3;True
49041;8;12;4;True
49042;6;12;6;True
49043;1;1;0;True
49044;3;4;1;True
49045;3;6;3;True
49046;0;0;0;True
49047;5;9;4;True
49048;2;4;2;True
49049;0;0;0;True
49050;2;2;0;True
49051;4;6;2;True
49052;4;12;8;True
49053;7;16;9;True
49054;1;1;0;True
49055;4;9;5;True
49056;4;9;5;True
49057;7;16;9;True
49058;2;4;2;True
49059;3;6;3;True
49060;7;16;9;True
49061;5;9;4;True
49062;5;12;7;True
49063;3;9;6;True
49064;2;4;2;True
49065;3;9;6;True
49066;3;4;1;True
49067;8;16;8;True
49068;7;12;5;True
49069;0;0;0;True
49070;2;2;0;True
49071;4;6;2;True
49072;4;9;5;True
49073;3;4;1;True
49074;6;12;6;True
49075;4;9;5;True
49076;5;8;3;True
49077;5;12;7;True
49078;2;4;2;True
49079;8;12;4;True
49080;3;6;3;True
49081;2;4;2;True
49082;4;6;2;True
49083;4;6;2;True
49084;3;6;3;True
49085;2;4;2;True
49086;3;4;1;True
49087;4;12;8;True
49088;1;1;0;True
49089;0;0;0;True
49090;3;6;3;True
49091;4;9;5;True
49092;3;9;6;True
49093;3;6;3;True
49094;5;16;11;True
49095;3;4;1;True
49096;5;12;7;True
49097;1;1;0;True
49098;3;4;1;True
49099;10;16;6;True
49100;6;16;10;True
49101;4;6;2;True
49102;6;12;6;True
49103;4;6;2;True
49104;1;1;0;True
49105;8;16;8;True
49106;2;2;0;True
49107;6;12;6;True
49108;6;12;6;True
49109;4;6;2;True
49110;3;4;1;True
49111;3;6;3;True
49112;1;1;0;True
49113;3;4;1;True
49114;4;9;5;True
49115;5;12;7;True
49116;10;16;6;True
49117;2;4;2;True
49118;2;2;0;True
49119;2;2;0;True
49120;1;1;0;True
49121;3;4;1;True
49122;1;1;0;True
49123;0;0;0;True
49124;3;6;3;True
49125;0;0;0;True
49126;2;4;2;True
49127;2;2;0;True
49128;7;12;5;True
49129;6;16;10;True
49130;3;6;3;True
49131;4;6;2;True
49132;1;1;0;True
49133;8;16;8;True
49134;4;6;2;True
49135;3;4;1;True
49136;3;4;1;True
49137;3;4;1;True
49138;6;12;6;True
49139;2;4;2;True
49140;9;16;7;True
49141;4;6;2;True
49142;7;16;9;True
49143;3;6;3;True
49144;4;9;5;True
49145;8;16;8;True
49146;2;2;0;True
49147;5;8;3;True
49148;1;1;0;True
49149;3;6;3;True
49150;7;12;5;True
49151;5;12;7;True
49152;1;1;0;True
49153;9;16;7;True
49154;3;9;6;True
49155;4;6;2;True
49156;2;4;2;True
49157;1;1;0;True
49158;6;12;6;True
49159;5;9;4;True
49160;1;1;0;True
49161;0;0;0;True
49162;4;9;5;True
49163;8;16;8;True
49164;5;12;7;True
49165;4;12;8;True
49166;6;16;10;True
49167;5;8;3;True
49168;7;12;5;True
49169;3;6;3;True
49170;8;12;4;True
49171;1;1;0;True
49172;3;6;3;True
49173;2;2;0;True
49174;6;16;10;True
49175;5;12;7;True
49176;2;4;2;True
49177;4;9;5;True
49178;2;4;2;True
49179;4;12;8;True
49180;4;9;5;True
49181;5;9;4;True
49182;6;12;6;True
49183;3;4;1;True
49184;0;0;0;True
49185;3;6;3;True
49186;1;1;0;True
49187;1;1;0;True
49188;6;9;3;True
49189;1;1;0;True
49190;1;1;0;True
49191;1;1;0;True
49192;7;16;9;True
49193;0;0;0;True
49194;1;1;0;True
49195;4;6;2;True
49196;3;6;3;True
49197;6;16;10;True
49198;5;16;11;True
49199;1;1;0;True
49200;5;8;3;True
49201;2;4;2;True
49202;7;12;5;True
49203;0;0;0;True
49204;2;4;2;True
49205;3;4;1;True
49206;2;4;2;True
49207;1;1;0;True
49208;4;9;5;True
49209;1;1;0;True
49210;8;16;8;True
49211;5;12;7;True
49212;10;16;6;True
49213;5;12;7;True
49214;5;12;7;True
49215;1;1;0;True
49216;0;0;0;True
49217;0;0;0;True
49218;3;6;3;True
49219;6;12;6;True
49220;2;4;2;True
49221;8;12;4;True
49222;4;9;5;True
49223;6;12;6;True
49224;1;1;0;True
49225;10;16;6;True
49226;6;16;10;True
49227;3;6;3;True
49228;6;12;6;True
49229;6;16;10;True
49230;3;4;1;True
49231;6;16;10;True
49232;7;12;5;True
49233;5;9;4;True
49234;3;4;1;True
49235;5;12;7;True
49236;8;16;8;True
49237;2;2;0;True
49238;6;12;6;True
49239;3;9;6;True
49240;7;12;5;True
49241;2;4;2;True
49242;7;12;5;True
49243;2;4;2;True
49244;3;6;3;True
49245;1;1;0;True
49246;0;0;0;True
49247;5;12;7;True
49248;3;9;6;True
49249;3;9;6;True
49250;0;0;0;True
49251;8;16;8;True
49252;1;1;0;True
49253;3;6;3;True
49254;6;16;10;True
49255;6;16;10;True
49256;2;4;2;True
49257;5;12;7;True
49258;4;12;8;True
49259;4;8;4;True
49260;0;0;0;True
49261;6;9;3;True
49262;1;1;0;True
49263;3;6;3;True
49264;4;9;5;True
49265;2;4;2;True
49266;2;2;0;True
49267;4;8;4;True
49268;8;16;8;True
49269;2;2;0;True
49270;7;12;5;True
49271;6;16;10;True
49272;5;12;7;True
49273;8;16;8;True
49274;3;3;0;True
49275;2;4;2;True
49276;2;4;2;True
49277;4;6;2;True
49278;1;1;0;True
49279;3;4;1;True
49280;3;3;0;True
49281;3;6;3;True
49282;2;2;0;True
49283;5;6;1;True
49284;4;9;5;True
49285;4;6;2;True
49286;0;0;0;True
49287;6;12;6;True
49288;7;16;9;True
49289;6;16;10;True
49290;8;16;8;True
49291;1;1;0;True
49292;1;1;0;True
49293;4;6;2;True
49294;2;4;2;True
49295;6;12;6;True
49296;4;9;5;True
49297;1;1;0;True
49298;5;12;7;True
49299;6;9;3;True
49300;7;12;5;True
49301;2;2;0;True
49302;3;4;1;True
49303;5;16;11;True
49304;3;4;1;True
49305;1;1;0;True
49306;3;6;3;True
49307;2;2;0;True
49308;2;4;2;True
49309;0;0;0;True
49310;8;16;8;True
49311;2;4;2;True
49312;1;1;0;True
49313;0;0;0;True
49314;7;16;9;True
49315;1;1;0;True
49316;0;0;0;True
49317;2;4;2;True
49318;2;4;2;True
49319;5;12;7;True
49320;3;3;0;True
49321;4;9;5;True
49322;2;4;2;True
49323;4;9;5;True
49324;0;0;0;True
49325;5;9;4;True
49326;1;1;0;True
49327;4;9;5;True
49328;2;4;2;True
49329;4;8;4;True
49330;3;4;1;True
49331;1;1;0;True
49332;2;4;2;True
49333;3;6;3;True
49334;2;4;2;True
49335;5;9;4;True
49336;4;6;2;True
49337;6;12;6;True
49338;2;4;2;True
49339;2;2;0;True
49340;5;9;4;True
49341;4;8;4;True
49342;7;16;9;True
49343;0;0;0;True
49344;3;4;1;True
49345;0;0;0;True
49346;1;1;0;True
49347;1;1;0;True
49348;7;12;5;True
49349;1;1;0;True
49350;2;2;0;True
49351;1;1;0;True
49352;2;4;2;True
49353;1;1;0;True
49354;7;9;2;True
49355;6;9;3;True
49356;5;12;7;True
49357;1;1;0;True
49358;3;4;1;True
49359;5;12;7;True
49360;7;16;9;True
49361;2;4;2;True
49362;2;4;2;True
49363;2;2;0;True
49364;10;16;6;True
49365;3;6;3;True
49366;5;9;4;True
49367;7;16;9;True
49368;4;6;2;True
49369;5;9;4;True
49370;6;12;6;True
49371;9;16;7;True
49372;0;0;0;True
49373;1;1;0;True
49374;2;4;2;True
49375;4;9;5;True
49376;4;9;5;True
49377;5;12;7;True
49378;3;9;6;True
49379;6;12;6;True
49380;5;9;4;True
49381;3;6;3;True
49382;2;2;0;True
49383;5;9;4;True
49384;0;0;0;True
49385;0;0;0;True
49386;6;9;3;True
49387;0;0;0;True
49388;4;9;5;True
49389;3;6;3;True
49390;5;9;4;True
49391;1;1;0;True
49392;0;0;0;True
49393;2;4;2;True
49394;6;12;6;True
49395;1;1;0;True
49396;1;1;0;True
49397;5;9;4;True
49398;2;4;2;True
49399;10;16;6;True
49400;6;12;6;True
49401;4;6;2;True
49402;1;1;0;True
49403;2;4;2;True
49404;8;12;4;True
49405;5;9;4;True
49406;6;12;6;True
49407;5;12;7;True
49408;1;1;0;True
49409;5;9;4;True
49410;3;9;6;True
49411;4;6;2;True
49412;4;8;4;True
49413;3;6;3;True
49414;3;4;1;True
49415;6;12;6;True
49416;5;9;4;True
49417;1;1;0;True
49418;3;6;3;True
49419;6;12;6;True
49420;3;4;1;True
49421;6;12;6;True
49422;6;12;6;True
49423;10;16;6;True
49424;1;1;0;True
49425;4;9;5;True
49426;5;9;4;True
49427;3;9;6;True
49428;5;9;4;True
49429;3;4;1;True
49430;8;16;8;True
49431;8;16;8;True
49432;4;6;2;True
49433;7;12;5;True
49434;4;12;8;True
49435;6;9;3;True
49436;0;0;0;True
49437;5;6;1;True
49438;4;12;8;True
49439;3;4;1;True
49440;7;16;9;True
49441;10;16;6;True
49442;0;0;0;True
49443;5;9;4;True
49444;3;4;1;True
49445;0;0;0;True
49446;1;1;0;True
49447;1;1;0;True
49448;5;12;7;True
49449;1;1;0;True
49450;1;1;0;True
49451;5;9;4;True
49452;4;9;5;True
49453;6;9;3;True
49454;3;6;3;True
49455;8;16;8;True
49456;2;4;2;True
49457;8;16;8;True
49458;1;1;0;True
49459;5;9;4;True
49460;4;8;4;True
49461;2;4;2;True
49462;4;6;2;True
49463;7;12;5;True
49464;5;12;7;True
49465;6;12;6;True
49466;3;4;1;True
49467;6;16;10;True
49468;0;0;0;True
49469;4;9;5;True
49470;2;4;2;True
49471;2;4;2;True
49472;0;0;0;True
49473;6;12;6;True
49474;7;12;5;True
49475;0;0;0;True
49476;5;12;7;True
49477;7;12;5;True
49478;3;3;0;True
49479;8;12;4;True
49480;8;12;4;True
49481;0;0;0;True
49482;4;6;2;True
49483;5;8;3;True
49484;8;12;4;True
49485;0;0;0;True
49486;4;6;2;True
49487;2;2;0;True
49488;4;6;2;True
49489;2;2;0;True
49490;6;16;10;True
49491;1;1;0;True
49492;7;16;9;True
49493;6;12;6;True
49494;3;6;3;True
49495;5;12;7;True
49496;2;4;2;True
49497;5;12;7;True
49498;4;12;8;True
49499;3;4;1;True
49500;2;4;2;True
49501;4;12;8;True
49502;7;16;9;True
49503;0;0;0;True
49504;3;6;3;True
49505;1;1;0;True
49506;4;9;5;True
49507;1;1;0;True
49508;1;1;0;True
49509;6;9;3;True
49510;5;9;4;True
49511;3;6;3;True
49512;3;6;3;True
49513;6;16;10;True
49514;2;4;2;True
49515;1;1;0;True
49516;2;4;2;True
49517;4;12;8;True
49518;1;1;0;True
49519;6;16;10;True
49520;0;0;0;True
49521;2;2;0;True
49522;2;2;0;True
49523;4;9;5;True
49524;4;12;8;True
49525;4;9;5;True
49526;6;12;6;True
49527;6;12;6;True
49528;2;4;2;True
49529;6;12;6;True
49530;6;12;6;True
49531;3;6;3;True
49532;1;1;0;True
49533;4;9;5;True
49534;3;6;3;True
49535;6;12;6;True
49536;6;9;3;True
49537;6;9;3;True
49538;7;16;9;True
49539;7;16;9;True
49540;3;4;1;True
49541;1;1;0;True
49542;4;12;8;True
49543;1;1;0;True
49544;1;1;0;True
49545;4;9;5;True
49546;4;12;8;True
49547;4;9;5;True
49548;1;1;0;True
49549;1;1;0;True
49550;6;12;6;True
49551;7;12;5;True
49552;8;16;8;True
49553;1;1;0;True
49554;4;9;5;True
49555;5;9;4;True
49556;4;6;2;True
49557;1;1;0;True
49558;2;4;2;True
49559;2;2;0;True
49560;4;9;5;True
49561;5;9;4;True
49562;1;1;0;True
49563;3;6;3;True
49564;7;16;9;True
49565;4;6;2;True
49566;5;12;7;True
49567;5;9;4;True
49568;5;12;7;True
49569;2;4;2;True
49570;2;4;2;True
49571;5;12;7;True
49572;10;16;6;True
49573;5;9;4;True
49574;3;6;3;True
49575;0;0;0;True
49576;2;4;2;True
49577;2;4;2;True
49578;6;12;6;True
49579;4;8;4;True
49580;8;12;4;True
49581;4;4;0;True
49582;6;12;6;True
49583;3;6;3;True
49584;5;12;7;True
49585;1;1;0;True
49586;7;16;9;True
49587;8;12;4;True
49588;8;16;8;True
49589;4;6;2;True
49590;1;1;0;True
49591;6;12;6;True
49592;0;0;0;True
49593;2;2;0;True
49594;3;4;1;True
49595;3;6;3;True
49596;2;4;2;True
49597;7;12;5;True
49598;1;1;0;True
49599;9;16;7;True
49600;7;12;5;True
49601;5;16;11;True
49602;0;0;0;True
49603;4;9;5;True
49604;4;9;5;True
49605;3;6;3;True
49606;6;12;6;True
49607;5;9;4;True
49608;3;3;0;True
49609;5;8;3;True
49610;1;1;0;True
49611;4;6;2;True
49612;6;12;6;True
49613;3;6;3;True
49614;2;2;0;True
49615;3;6;3;True
49616;5;16;11;True
49617;2;4;2;True
49618;1;1;0;True
49619;2;4;2;True
49620;4;12;8;True
49621;3;6;3;True
49622;7;16;9;True
49623;4;12;8;True
49624;3;4;1;True
49625;6;12;6;True
49626;1;1;0;True
49627;4;9;5;True
49628;1;1;0;True
49629;0;0;0;True
49630;3;4;1;True
49631;2;4;2;True
49632;3;9;6;True
49633;7;16;9;True
49634;6;12;6;True
49635;0;0;0;True
49636;3;6;3;True
49637;4;9;5;True
49638;3;9;6;True
49639;5;9;4;True
49640;4;9;5;True
49641;6;16;10;True
49642;2;2;0;True
49643;3;9;6;True
49644;5;12;7;True
49645;3;6;3;True
49646;2;4;2;True
49647;6;9;3;True
49648;3;4;1;True
49649;5;6;1;True
49650;6;9;3;True
49651;8;12;4;True
49652;3;6;3;True
49653;5;12;7;True
49654;4;9;5;True
49655;1;1;0;True
49656;6;12;6;True
49657;1;1;0;True
49658;1;1;0;True
49659;8;16;8;True
49660;5;12;7;True
49661;5;12;7;True
49662;2;2;0;True
49663;1;1;0;True
49664;2;2;0;True
49665;2;4;2;True
49666;7;16;9;True
49667;7;16;9;True
49668;4;12;8;True
49669;2;2;0;True
49670;3;6;3;True
49671;5;8;3;True
49672;1;1;0;True
49673;2;4;2;True
49674;6;12;6;True
49675;5;12;7;True
49676;1;1;0;True
49677;2;4;2;True
49678;0;0;0;True
49679;5;6;1;True
49680;4;9;5;True
49681;1;1;0;True
49682;9;16;7;True
49683;5;9;4;True
49684;5;16;11;True
49685;3;9;6;True
49686;6;12;6;True
49687;3;6;3;True
49688;3;6;3;True
49689;3;6;3;True
49690;4;9;5;True
49691;7;16;9;True
49692;5;12;7;True
49693;3;9;6;True
49694;2;4;2;True
49695;4;4;0;True
49696;3;4;1;True
49697;4;9;5;True
49698;7;16;9;True
49699;8;16;8;True
49700;1;1;0;True
49701;3;4;1;True
49702;1;1;0;True
49703;2;2;0;True
49704;3;6;3;True
49705;2;2;0;True
49706;6;16;10;True
49707;4;6;2;True
49708;7;12;5;True
49709;4;9;5;True
49710;5;6;1;True
49711;3;4;1;True
49712;3;6;3;True
49713;3;6;3;True
49714;1;1;0;True
49715;1;1;0;True
49716;3;9;6;True
49717;1;1;0;True
49718;1;1;0;True
49719;1;1;0;True
49720;7;16;9;True
49721;2;4;2;True
49722;2;2;0;True
49723;3;6;3;True
49724;0;0;0;True
49725;4;9;5;True
49726;2;4;2;True
49727;4;12;8;True
49728;3;6;3;True
49729;2;4;2;True
49730;3;9;6;True
49731;0;0;0;True
49732;3;9;6;True
49733;5;12;7;True
49734;3;6;3;True
49735;2;2;0;True
49736;1;1;0;True
49737;3;6;3;True
49738;0;0;0;True
49739;3;9;6;True
49740;1;1;0;True
49741;3;6;3;True
49742;5;9;4;True
49743;2;2;0;True
49744;3;4;1;True
49745;7;12;5;True
49746;8;16;8;True
49747;2;2;0;True
49748;0;0;0;True
49749;4;12;8;True
49750;6;9;3;True
49751;4;9;5;True
49752;6;12;6;True
49753;2;2;0;True
49754;2;4;2;True
49755;3;4;1;True
49756;8;16;8;True
49757;5;9;4;True
49758;3;6;3;True
49759;4;12;8;True
49760;6;16;10;True
49761;2;4;2;True
49762;2;4;2;True
49763;0;0;0;True
49764;4;12;8;True
49765;3;6;3;True
49766;3;6;3;True
49767;4;6;2;True
49768;1;1;0;True
49769;1;1;0;True
49770;2;4;2;True
49771;2;4;2;True
49772;1;1;0;True
49773;3;6;3;True
49774;1;1;0;True
49775;7;12;5;True
49776;5;12;7;True
49777;8;16;8;True
49778;0;0;0;True
49779;0;0;0;True
49780;7;16;9;True
49781;3;6;3;True
49782;3;6;3;True
49783;3;9;6;True
49784;6;16;10;True
49785;3;6;3;True
49786;7;16;9;True
49787;5;9;4;True
49788;0;0;0;True
49789;6;16;10;True
49790;4;9;5;True
49791;1;1;0;True
49792;1;1;0;True
49793;3;4;1;True
49794;4;6;2;True
49795;5;12;7;True
49796;2;4;2;True
49797;5;12;7;True
49798;3;4;1;True
49799;2;4;2;True
49800;6;12;6;True
49801;1;1;0;True
49802;2;4;2;True
49803;2;2;0;True
49804;3;6;3;True
49805;7;12;5;True
49806;1;1;0;True
49807;4;6;2;True
49808;7;12;5;True
49809;8;16;8;True
49810;3;4;1;True
49811;2;2;0;True
49812;1;1;0;True
49813;4;9;5;True
49814;5;9;4;True
49815;2;4;2;True
49816;5;6;1;True
49817;3;6;3;True
49818;4;9;5;True
49819;1;1;0;True
49820;2;4;2;True
49821;5;8;3;True
49822;1;1;0;True
49823;3;4;1;True
49824;4;6;2;True
49825;2;4;2;True
49826;4;8;4;True
49827;7;12;5;True
49828;0;0;0;True
49829;4;12;8;True
49830;1;1;0;True
49831;1;1;0;True
49832;1;1;0;True
49833;7;12;5;True
49834;2;2;0;True
49835;3;3;0;True
49836;3;4;1;True
49837;5;12;7;True
49838;5;8;3;True
49839;6;12;6;True
49840;2;2;0;True
49841;10;16;6;True
49842;4;8;4;True
49843;6;12;6;True
49844;3;6;3;True
49845;7;16;9;True
49846;6;12;6;True
49847;2;4;2;True
49848;5;9;4;True
49849;0;0;0;True
49850;6;12;6;True
49851;1;1;0;True
49852;1;1;0;True
49853;0;0;0;True
49854;5;9;4;True
49855;6;9;3;True
49856;4;8;4;True
49857;4;16;12;True
49858;0;0;0;True
49859;3;6;3;True
49860;0;0;0;True
49861;3;6;3;True
49862;5;12;7;True
49863;5;12;7;True
49864;3;4;1;True
49865;4;8;4;True
49866;6;12;6;True
49867;2;2;0;True
49868;5;16;11;True
49869;4;6;2;True
49870;4;9;5;True
49871;6;12;6;True
49872;1;1;0;True
49873;6;16;10;True
49874;2;4;2;True
49875;9;16;7;True
49876;4;12;8;True
49877;6;12;6;True
49878;3;9;6;True
49879;3;9;6;True
49880;3;6;3;True
49881;6;12;6;True
49882;2;4;2;True
49883;1;1;0;True
49884;3;6;3;True
49885;6;12;6;True
49886;5;6;1;True
49887;6;12;6;True
49888;2;2;0;True
49889;7;12;5;True
49890;6;9;3;True
49891;4;6;2;True
49892;6;9;3;True
49893;6;8;2;True
49894;2;4;2;True
49895;5;12;7;True
49896;3;6;3;True
49897;1;1;0;True
49898;3;6;3;True
49899;5;12;7;True
49900;2;2;0;True
49901;4;9;5;True
49902;8;16;8;True
49903;5;9;4;True
49904;8;12;4;True
49905;1;1;0;True
49906;3;6;3;True
49907;4;8;4;True
49908;1;1;0;True
49909;4;9;5;True
49910;3;6;3;True
49911;1;1;0;True
49912;0;0;0;True
49913;7;16;9;True
49914;8;16;8;True
49915;2;4;2;True
49916;6;12;6;True
49917;0;0;0;True
49918;11;16;5;True
49919;0;0;0;True
49920;3;4;1;True
49921;3;4;1;True
49922;2;2;0;True
49923;1;1;0;True
49924;4;9;5;True
49925;4;12;8;True
49926;1;1;0;True
49927;3;6;3;True
49928;4;6;2;True
49929;4;12;8;True
49930;1;1;0;True
49931;6;16;10;True
49932;5;9;4;True
49933;5;12;7;True
49934;4;9;5;True
49935;9;16;7;True
49936;2;2;0;True
49937;0;0;0;True
49938;1;1;0;True
49939;3;9;6;True
49940;6;12;6;True
49941;3;9;6;True
49942;3;6;3;True
49943;4;6;2;True
49944;8;16;8;True
49945;4;6;2;True
49946;6;12;6;True
49947;5;12;7;True
49948;4;6;2;True
49949;5;16;11;True
49950;0;0;0;True
49951;3;6;3;True
49952;3;6;3;True
49953;6;12;6;True
49954;0;0;0;True
49955;2;4;2;True
49956;4;6;2;True
49957;3;4;1;True
49958;4;6;2;True
49959;6;12;6;True
49960;7;12;5;True
49961;7;12;5;True
49962;5;12;7;True
49963;3;6;3;True
49964;3;4;1;True
49965;1;1;0;True
49966;2;4;2;True
49967;3;9;6;True
49968;3;6;3;True
49969;2;4;2;True
49970;2;4;2;True
49971;2;4;2;True
49972;0;0;0;True
49973;3;9;6;True
49974;5;8;3;True
49975;5;12;7;True
49976;3;6;3;True
49977;3;6;3;True
49978;5;8;3;True
49979;2;4;2;True
49980;2;2;0;True
49981;5;9;4;True
49982;6;12;6;True
49983;4;9;5;True
49984;5;16;11;True
49985;2;4;2;True
49986;0;0;0;True
49987;9;16;7;True
49988;7;12;5;True
49989;1;1;0;True
49990;4;9;5;True
49991;3;9;6;True
49992;5;6;1;True
49993;2;4;2;True
49994;7;12;5;True
49995;4;9;5;True
49996;7;12;5;True
49997;3;9;6;True
49998;2;2;0;True
49999;3;4;1;True
50000;4;9;5;True
50001;4;9;5;True
50002;3;6;3;True
50003;3;6;3;True
50004;1;1;0;True
50005;0;0;0;True
50006;2;4;2;True
50007;2;4;2;True
50008;5;12;7;True
50009;2;2;0;True
50010;4;12;8;True
50011;5;9;4;True
50012;3;4;1;True
50013;5;12;7;True
50014;7;12;5;True
50015;4;9;5;True
50016;5;9;4;True
50017;2;2;0;True
50018;4;8;4;True
50019;6;12;6;True
50020;7;16;9;True
50021;4;9;5;True
50022;1;1;0;True
50023;8;16;8;True
50024;2;4;2;True
50025;2;4;2;True
50026;4;9;5;True
50027;3;9;6;True
50028;2;4;2;True
50029;7;9;2;True
50030;4;9;5;True
50031;4;6;2;True
50032;3;6;3;True
50033;6;12;6;True
50034;0;0;0;True
50035;1;1;0;True
50036;7;16;9;True
50037;3;6;3;True
50038;0;0;0;True
50039;5;9;4;True
50040;5;12;7;True
50041;0;0;0;True
50042;2;4;2;True
50043;3;4;1;True
50044;1;1;0;True
50045;4;9;5;True
50046;2;4;2;True
50047;1;1;0;True
50048;2;4;2;True
50049;1;1;0;True
50050;3;4;1;True
50051;8;16;8;True
50052;0;0;0;True
50053;1;1;0;True
50054;0;0;0;True
50055;1;1;0;True
50056;2;4;2;True
50057;4;9;5;True
50058;6;16;10;True
50059;5;6;1;True
50060;6;16;10;True
50061;2;4;2;True
50062;5;9;4;True
50063;3;6;3;True
50064;4;12;8;True
50065;0;0;0;True
50066;5;9;4;True
50067;5;9;4;True
50068;3;6;3;True
50069;5;9;4;True
50070;2;2;0;True
50071;3;3;0;True
50072;2;4;2;True
50073;1;1;0;True
50074;5;9;4;True
50075;4;12;8;True
50076;5;12;7;True
50077;1;1;0;True
50078;4;9;5;True
50079;1;1;0;True
50080;6;12;6;True
50081;3;3;0;True
50082;2;2;0;True
50083;5;12;7;True
50084;2;2;0;True
50085;10;16;6;True
50086;8;16;8;True
50087;0;0;0;True
50088;3;4;1;True
50089;3;4;1;True
50090;3;6;3;True
50091;6;12;6;True
50092;1;1;0;True
50093;5;9;4;True
50094;5;12;7;True
50095;7;12;5;True
50096;2;2;0;True
50097;5;9;4;True
50098;1;1;0;True
50099;5;16;11;True
50100;4;6;2;True
50101;6;12;6;True
50102;1;1;0;True
50103;2;4;2;True
50104;4;8;4;True
50105;4;9;5;True
50106;4;9;5;True
50107;4;9;5;True
50108;4;8;4;True
50109;6;12;6;True
50110;2;4;2;True
50111;2;4;2;True
50112;1;1;0;True
50113;5;12;7;True
50114;4;8;4;True
50115;8;16;8;True
50116;3;9;6;True
50117;2;4;2;True
50118;5;12;7;True
50119;2;4;2;True
50120;7;16;9;True
50121;3;6;3;True
50122;7;16;9;True
50123;4;12;8;True
50124;3;9;6;True
50125;6;12;6;True
50126;2;2;0;True
50127;6;9;3;True
50128;1;1;0;True
50129;5;9;4;True
50130;1;1;0;True
50131;0;0;0;True
50132;4;8;4;True
50133;6;16;10;True
50134;9;16;7;True
50135;2;4;2;True
50136;1;1;0;True
50137;4;9;5;True
50138;8;9;1;True
50139;4;6;2;True
50140;6;16;10;True
50141;2;4;2;True
50142;3;6;3;True
50143;4;9;5;True
50144;5;9;4;True
50145;4;9;5;True
50146;7;16;9;True
50147;0;0;0;True
50148;4;9;5;True
50149;4;9;5;True
50150;2;4;2;True
50151;1;1;0;True
50152;3;6;3;True
50153;7;12;5;True
50154;3;4;1;True
50155;3;4;1;True
50156;3;4;1;True
50157;5;12;7;True
50158;6;16;10;True
50159;1;1;0;True
50160;3;6;3;True
50161;3;6;3;True
50162;3;6;3;True
50163;1;1;0;True
50164;6;16;10;True
50165;8;12;4;True
50166;0;0;0;True
50167;5;12;7;True
50168;1;1;0;True
50169;3;6;3;True
50170;5;6;1;True
50171;3;4;1;True
50172;7;12;5;True
50173;3;4;1;True
50174;6;16;10;True
50175;3;9;6;True
50176;4;8;4;True
50177;0;0;0;True
50178;4;8;4;True
50179;8;12;4;True
50180;4;6;2;True
50181;0;0;0;True
50182;6;16;10;True
50183;5;8;3;True
50184;2;2;0;True
50185;6;16;10;True
50186;6;16;10;True
50187;4;9;5;True
50188;4;6;2;True
50189;6;12;6;True
50190;7;12;5;True
50191;5;9;4;True
50192;2;4;2;True
50193;3;9;6;True
50194;2;4;2;True
50195;5;12;7;True
50196;2;2;0;True
50197;2;4;2;True
50198;3;9;6;True
50199;4;8;4;True
50200;0;0;0;True
50201;7;9;2;True
50202;3;4;1;True
50203;2;2;0;True
50204;8;12;4;True
50205;1;1;0;True
50206;2;4;2;True
50207;5;9;4;True
50208;6;8;2;True
50209;3;6;3;True
50210;5;12;7;True
50211;4;9;5;True
50212;2;2;0;True
50213;3;6;3;True
50214;6;16;10;True
50215;5;12;7;True
50216;3;9;6;True
50217;4;6;2;True
50218;2;4;2;True
50219;3;6;3;True
50220;1;1;0;True
50221;2;4;2;True
50222;4;12;8;True
50223;3;9;6;True
50224;0;0;0;True
50225;6;9;3;True
50226;5;12;7;True
50227;6;12;6;True
50228;3;4;1;True
50229;4;6;2;True
50230;11;16;5;True
50231;2;4;2;True
50232;7;12;5;True
50233;5;6;1;True
50234;6;9;3;True
50235;4;9;5;True
50236;1;1;0;True
50237;3;6;3;True
50238;5;9;4;True
50239;5;9;4;True
50240;1;1;0;True
50241;4;12;8;True
50242;3;9;6;True
50243;7;12;5;True
50244;5;16;11;True
50245;1;1;0;True
50246;0;0;0;True
50247;5;12;7;True
50248;1;1;0;True
50249;3;4;1;True
50250;8;12;4;True
50251;4;8;4;True
50252;6;16;10;True
50253;5;9;4;True
50254;4;6;2;True
50255;0;0;0;True
50256;6;12;6;True
50257;2;4;2;True
50258;6;12;6;True
50259;2;2;0;True
50260;1;1;0;True
50261;2;2;0;True
50262;7;16;9;True
50263;6;12;6;True
50264;3;6;3;True
50265;0;0;0;True
50266;1;1;0;True
50267;4;9;5;True
50268;2;4;2;True
50269;1;1;0;True
50270;5;12;7;True
50271;3;4;1;True
50272;7;12;5;True
50273;4;6;2;True
50274;4;8;4;True
50275;5;12;7;True
50276;8;12;4;True
50277;4;4;0;True
50278;2;2;0;True
50279;2;4;2;True
50280;3;6;3;True
50281;5;6;1;True
50282;4;8;4;True
50283;3;9;6;True
50284;2;4;2;True
50285;6;12;6;True
50286;8;16;8;True
50287;5;8;3;True
50288;1;1;0;True
50289;6;12;6;True
50290;2;2;0;True
50291;3;4;1;True
50292;3;4;1;True
50293;7;16;9;True
50294;7;12;5;True
50295;3;6;3;True
50296;5;9;4;True
50297;0;0;0;True
50298;4;6;2;True
50299;2;2;0;True
50300;0;0;0;True
50301;2;4;2;True
50302;3;4;1;True
50303;0;0;0;True
50304;1;1;0;True
50305;2;4;2;True
50306;1;1;0;True
50307;3;6;3;True
50308;3;4;1;True
50309;5;16;11;True
50310;1;1;0;True
50311;8;16;8;True
50312;5;9;4;True
50313;0;0;0;True
50314;2;2;0;True
50315;1;1;0;True
50316;6;16;10;True
50317;6;12;6;True
50318;3;4;1;True
50319;1;1;0;True
50320;7;16;9;True
50321;3;4;1;True
50322;5;9;4;True
50323;6;16;10;True
50324;7;8;1;True
50325;2;2;0;True
50326;7;12;5;True
50327;5;12;7;True
50328;2;2;0;True
50329;7;16;9;True
50330;2;2;0;True
50331;2;4;2;True
50332;5;12;7;True
50333;7;12;5;True
50334;1;1;0;True
50335;7;12;5;True
50336;3;3;0;True
50337;2;2;0;True
50338;7;16;9;True
50339;2;2;0;True
50340;5;12;7;True
50341;4;9;5;True
50342;3;6;3;True
50343;8;16;8;True
50344;6;16;10;True
50345;1;1;0;True
50346;8;12;4;True
50347;5;16;11;True
50348;2;2;0;True
50349;4;6;2;True
50350;2;2;0;True
50351;2;4;2;True
50352;2;4;2;True
50353;7;12;5;True
50354;0;0;0;True
50355;2;2;0;True
50356;3;6;3;True
50357;4;4;0;True
50358;4;9;5;True
50359;6;12;6;True
50360;5;12;7;True
50361;5;6;1;True
50362;5;9;4;True
50363;8;9;1;True
50364;4;9;5;True
50365;4;6;2;True
50366;4;12;8;True
50367;2;4;2;True
50368;3;4;1;True
50369;7;12;5;True
50370;6;9;3;True
50371;1;1;0;True
50372;1;1;0;True
50373;2;2;0;True
50374;1;1;0;True
50375;4;6;2;True
50376;4;9;5;True
50377;5;8;3;True
50378;0;0;0;True
50379;4;12;8;True
50380;7;16;9;True
50381;7;16;9;True
50382;1;1;0;True
50383;4;6;2;True
50384;3;6;3;True
50385;2;4;2;True
50386;4;9;5;True
50387;1;1;0;True
50388;6;16;10;True
50389;9;16;7;True
50390;0;0;0;True
50391;2;2;0;True
50392;8;16;8;True
50393;3;6;3;True
50394;4;9;5;True
50395;2;4;2;True
50396;7;16;9;True
50397;0;0;0;True
50398;7;12;5;True
50399;8;16;8;True
50400;7;12;5;True
50401;6;16;10;True
50402;1;1;0;True
50403;9;16;7;True
50404;1;1;0;True
50405;7;16;9;True
50406;4;9;5;True
50407;4;6;2;True
50408;3;4;1;True
50409;4;12;8;True
50410;8;16;8;True
50411;3;6;3;True
50412;7;12;5;True
50413;5;12;7;True
50414;5;8;3;True
50415;5;12;7;True
50416;6;9;3;True
50417;0;0;0;True
50418;3;3;0;True
50419;5;9;4;True
50420;5;9;4;True
50421;4;6;2;True
50422;3;9;6;True
50423;2;2;0;True
50424;7;12;5;True
50425;3;6;3;True
50426;4;9;5;True
50427;5;12;7;True
50428;4;6;2;True
50429;2;2;0;True
50430;4;8;4;True
50431;9;16;7;True
50432;3;4;1;True
50433;7;16;9;True
50434;3;9;6;True
50435;3;3;0;True
50436;0;0;0;True
50437;4;9;5;True
50438;4;9;5;True
50439;1;1;0;True
50440;2;4;2;True
50441;5;8;3;True
50442;2;2;0;True
50443;7;16;9;True
50444;2;2;0;True
50445;6;16;10;True
50446;2;4;2;True
50447;2;2;0;True
50448;6;12;6;True
50449;5;12;7;True
50450;2;4;2;True
50451;3;6;3;True
50452;4;12;8;True
50453;3;9;6;True
50454;3;4;1;True
50455;3;6;3;True
50456;7;12;5;True
50457;0;0;0;True
50458;8;16;8;True
50459;5;9;4;True
50460;5;12;7;True
50461;4;9;5;True
50462;4;6;2;True
50463;3;6;3;True
50464;4;9;5;True
50465;4;8;4;True
50466;6;12;6;True
50467;2;4;2;True
50468;2;4;2;True
50469;6;12;6;True
50470;4;4;0;True
50471;5;6;1;True
50472;5;12;7;True
50473;2;4;2;True
50474;3;6;3;True
50475;3;6;3;True
50476;3;6;3;True
50477;2;2;0;True
50478;3;6;3;True
50479;2;4;2;True
50480;6;12;6;True
50481;5;12;7;True
50482;4;9;5;True
50483;1;1;0;True
50484;0;0;0;True
50485;3;4;1;True
50486;2;4;2;True
50487;2;2;0;True
50488;4;9;5;True
50489;9;16;7;True
50490;5;9;4;True
50491;0;0;0;True
50492;1;1;0;True
50493;2;4;2;True
50494;5;9;4;True
50495;5;6;1;True
50496;5;12;7;True
50497;2;2;0;True
50498;0;0;0;True
50499;5;12;7;True
50500;5;12;7;True
50501;4;8;4;True
50502;2;4;2;True
50503;4;9;5;True
50504;5;12;7;True
50505;5;16;11;True
50506;4;8;4;True
50507;3;9;6;True
50508;1;1;0;True
50509;3;3;0;True
50510;6;12;6;True
50511;6;16;10;True
50512;0;0;0;True
50513;4;6;2;True
50514;3;4;1;True
50515;4;6;2;True
50516;3;6;3;True
50517;0;0;0;True
50518;5;9;4;True
50519;5;16;11;True
50520;0;0;0;True
50521;7;16;9;True
50522;2;4;2;True
50523;4;9;5;True
50524;4;9;5;True
50525;2;4;2;True
50526;6;16;10;True
50527;6;9;3;True
50528;5;9;4;True
50529;4;9;5;True
50530;5;16;11;True
50531;5;12;7;True
50532;8;12;4;True
50533;7;12;5;True
50534;1;1;0;True
50535;4;9;5;True
50536;6;16;10;True
50537;1;1;0;True
50538;3;6;3;True
50539;3;9;6;True
50540;2;4;2;True
50541;0;0;0;True
50542;4;6;2;True
50543;3;6;3;True
50544;0;0;0;True
50545;7;12;5;True
50546;2;4;2;True
50547;3;4;1;True
50548;5;8;3;True
50549;2;4;2;True
50550;3;6;3;True
50551;3;6;3;True
50552;2;4;2;True
50553;2;4;2;True
50554;3;4;1;True
50555;1;1;0;True
50556;3;3;0;True
50557;3;6;3;True
50558;7;16;9;True
50559;4;12;8;True
50560;6;16;10;True
50561;3;6;3;True
50562;2;4;2;True
50563;5;9;4;True
50564;4;9;5;True
50565;4;6;2;True
50566;7;16;9;True
50567;5;12;7;True
50568;1;1;0;True
50569;1;1;0;True
50570;8;12;4;True
50571;3;6;3;True
50572;8;16;8;True
50573;2;4;2;True
50574;2;4;2;True
50575;2;4;2;True
50576;0;0;0;True
50577;9;16;7;True
50578;1;1;0;True
50579;3;6;3;True
50580;2;2;0;True
50581;6;16;10;True
50582;3;6;3;True
50583;1;1;0;True
50584;3;6;3;True
50585;6;12;6;True
50586;6;16;10;True
50587;5;12;7;True
50588;2;4;2;True
50589;6;12;6;True
50590;3;3;0;True
50591;4;6;2;True
50592;3;6;3;True
50593;4;16;12;True
50594;1;1;0;True
50595;8;16;8;True
50596;6;12;6;True
50597;2;2;0;True
50598;5;12;7;True
50599;6;16;10;True
50600;7;16;9;True
50601;5;9;4;True
50602;0;0;0;True
50603;6;12;6;True
50604;5;12;7;True
50605;1;1;0;True
50606;6;16;10;True
50607;3;6;3;True
50608;4;12;8;True
50609;4;9;5;True
50610;0;0;0;True
50611;1;1;0;True
50612;3;6;3;True
50613;2;4;2;True
50614;2;2;0;True
50615;2;4;2;True
50616;2;2;0;True
50617;4;9;5;True
50618;2;4;2;True
50619;1;1;0;True
50620;2;2;0;True
50621;5;12;7;True
50622;2;4;2;True
50623;1;1;0;True
50624;4;9;5;True
50625;3;4;1;True
50626;5;12;7;True
50627;5;9;4;True
50628;4;6;2;True
50629;3;6;3;True
50630;6;9;3;True
50631;5;12;7;True
50632;5;8;3;True
50633;4;6;2;True
50634;0;0;0;True
50635;3;6;3;True
50636;2;2;0;True
50637;7;12;5;True
50638;1;1;0;True
50639;1;1;0;True
50640;4;9;5;True
50641;1;1;0;True
50642;6;9;3;True
50643;5;8;3;True
50644;3;3;0;True
50645;4;6;2;True
50646;6;12;6;True
50647;2;2;0;True
50648;2;4;2;True
50649;8;16;8;True
50650;1;1;0;True
50651;6;16;10;True
50652;4;6;2;True
50653;1;1;0;True
50654;2;4;2;True
50655;5;12;7;True
50656;4;6;2;True
50657;6;16;10;True
50658;4;8;4;True
50659;7;12;5;True
50660;6;12;6;True
50661;3;6;3;True
50662;3;6;3;True
50663;1;1;0;True
50664;3;3;0;True
50665;7;12;5;True
50666;3;4;1;True
50667;4;9;5;True
50668;1;1;0;True
50669;5;9;4;True
50670;10;12;2;True
50671;6;9;3;True
50672;2;4;2;True
50673;4;6;2;True
50674;4;6;2;True
50675;2;2;0;True
50676;3;6;3;True
50677;10;16;6;True
50678;1;1;0;True
50679;5;12;7;True
50680;3;4;1;True
50681;4;6;2;True
50682;2;4;2;True
50683;3;6;3;True
50684;0;0;0;True
50685;3;4;1;True
50686;4;6;2;True
50687;5;12;7;True
50688;4;12;8;True
50689;5;12;7;True
50690;3;9;6;True
50691;6;12;6;True
50692;4;9;5;True
50693;2;2;0;True
50694;5;8;3;True
50695;4;6;2;True
50696;4;12;8;True
50697;2;4;2;True
50698;6;12;6;True
50699;2;4;2;True
50700;5;12;7;True
50701;0;0;0;True
50702;6;12;6;True
50703;2;4;2;True
50704;1;1;0;True
50705;2;2;0;True
50706;4;6;2;True
50707;0;0;0;True
50708;6;12;6;True
50709;3;4;1;True
50710;2;2;0;True
50711;4;9;5;True
50712;3;9;6;True
50713;4;6;2;True
50714;0;0;0;True
50715;2;4;2;True
50716;8;16;8;True
50717;1;1;0;True
50718;5;8;3;True
50719;9;16;7;True
50720;3;4;1;True
50721;1;1;0;True
50722;1;1;0;True
50723;3;4;1;True
50724;1;1;0;True
50725;2;4;2;True
50726;4;6;2;True
50727;5;12;7;True
50728;4;12;8;True
50729;3;9;6;True
50730;2;4;2;True
50731;2;4;2;True
50732;6;12;6;True
50733;3;9;6;True
50734;4;9;5;True
50735;3;6;3;True
50736;4;9;5;True
50737;6;16;10;True
50738;5;9;4;True
50739;4;9;5;True
50740;5;12;7;True
50741;3;9;6;True
50742;2;2;0;True
50743;4;6;2;True
50744;4;9;5;True
50745;6;12;6;True
50746;5;9;4;True
50747;3;6;3;True
50748;9;16;7;True
50749;3;6;3;True
50750;3;9;6;True
50751;4;9;5;True
50752;4;6;2;True
50753;9;16;7;True
50754;3;4;1;True
50755;6;16;10;True
50756;4;9;5;True
50757;4;12;8;True
50758;3;6;3;True
50759;5;12;7;True
50760;2;2;0;True
50761;1;1;0;True
50762;6;12;6;True
50763;10;16;6;True
50764;1;1;0;True
50765;4;9;5;True
50766;3;6;3;True
50767;2;2;0;True
50768;4;6;2;True
50769;0;0;0;True
50770;3;3;0;True
50771;5;16;11;True
50772;4;12;8;True
50773;3;6;3;True
50774;3;4;1;True
50775;4;6;2;True
50776;0;0;0;True
50777;5;9;4;True
50778;0;0;0;True
50779;5;12;7;True
50780;5;12;7;True
50781;5;12;7;True
50782;0;0;0;True
50783;5;12;7;True
50784;5;12;7;True
50785;8;16;8;True
50786;12;16;4;True
50787;2;2;0;True
50788;4;6;2;True
50789;3;6;3;True
50790;1;1;0;True
50791;2;2;0;True
50792;0;0;0;True
50793;4;9;5;True
50794;3;9;6;True
50795;5;9;4;True
50796;0;0;0;True
50797;6;12;6;True
50798;2;2;0;True
50799;1;1;0;True
50800;6;12;6;True
50801;2;4;2;True
50802;0;0;0;True
50803;1;1;0;True
50804;0;0;0;True
50805;1;1;0;True
50806;2;2;0;True
50807;2;2;0;True
50808;2;2;0;True
50809;6;9;3;True
50810;5;12;7;True
50811;2;4;2;True
50812;4;9;5;True
50813;4;6;2;True
50814;1;1;0;True
50815;4;6;2;True
50816;5;9;4;True
50817;3;6;3;True
50818;2;2;0;True
50819;4;6;2;True
50820;1;1;0;True
50821;2;4;2;True
50822;2;2;0;True
50823;3;9;6;True
50824;2;4;2;True
50825;6;12;6;True
50826;1;1;0;True
50827;2;4;2;True
50828;4;8;4;True
50829;2;2;0;True
50830;3;6;3;True
50831;4;9;5;True
50832;1;1;0;True
50833;1;1;0;True
50834;3;4;1;True
50835;1;1;0;True
50836;3;4;1;True
50837;4;6;2;True
50838;1;1;0;True
50839;3;4;1;True
50840;2;2;0;True
50841;7;16;9;True
50842;4;6;2;True
50843;4;6;2;True
50844;5;9;4;True
50845;2;4;2;True
50846;6;12;6;True
50847;5;6;1;True
50848;4;9;5;True
50849;5;9;4;True
50850;5;9;4;True
50851;1;1;0;True
50852;4;6;2;True
50853;3;4;1;True
50854;2;4;2;True
50855;2;4;2;True
50856;2;4;2;True
50857;2;4;2;True
50858;5;9;4;True
50859;1;1;0;True
50860;4;9;5;True
50861;5;8;3;True
50862;5;12;7;True
50863;2;4;2;True
50864;5;9;4;True
50865;4;9;5;True
50866;6;12;6;True
50867;3;6;3;True
50868;5;12;7;True
50869;12;16;4;True
50870;3;6;3;True
50871;0;0;0;True
50872;0;0;0;True
50873;8;16;8;True
50874;3;6;3;True
50875;5;16;11;True
50876;0;0;0;True
50877;2;4;2;True
50878;4;9;5;True
50879;1;1;0;True
50880;4;9;5;True
50881;8;9;1;True
50882;1;1;0;True
50883;5;16;11;True
50884;4;9;5;True
50885;3;6;3;True
50886;3;6;3;True
50887;7;12;5;True
50888;5;9;4;True
50889;4;12;8;True
50890;3;6;3;True
50891;6;12;6;True
50892;3;4;1;True
50893;5;12;7;True
50894;4;8;4;True
50895;5;12;7;True
50896;2;2;0;True
50897;4;9;5;True
50898;9;16;7;True
50899;6;12;6;True
50900;4;6;2;True
50901;1;1;0;True
50902;8;12;4;True
50903;0;0;0;True
50904;2;4;2;True
50905;3;6;3;True
50906;2;2;0;True
50907;5;12;7;True
50908;2;2;0;True
50909;2;4;2;True
50910;4;6;2;True
50911;1;1;0;True
50912;6;12;6;True
50913;2;4;2;True
50914;3;6;3;True
50915;2;4;2;True
50916;7;16;9;True
50917;6;16;10;True
50918;8;16;8;True
50919;8;12;4;True
50920;5;16;11;True
50921;3;6;3;True
50922;9;16;7;True
50923;8;16;8;True
50924;2;2;0;True
50925;8;16;8;True
50926;7;12;5;True
50927;4;12;8;True
50928;0;0;0;True
50929;3;6;3;True
50930;5;12;7;True
50931;1;1;0;True
50932;0;0;0;True
50933;7;12;5;True
50934;2;2;0;True
50935;3;9;6;True
50936;2;4;2;True
50937;5;12;7;True
50938;3;4;1;True
50939;5;12;7;True
50940;8;12;4;True
50941;5;16;11;True
50942;2;4;2;True
50943;4;6;2;True
50944;3;6;3;True
50945;4;6;2;True
50946;6;12;6;True
50947;1;1;0;True
50948;5;12;7;True
50949;5;9;4;True
50950;4;6;2;True
50951;4;9;5;True
50952;2;4;2;True
50953;4;9;5;True
50954;2;2;0;True
50955;6;12;6;True
50956;2;4;2;True
50957;2;2;0;True
50958;1;1;0;True
50959;2;4;2;True
50960;7;12;5;True
50961;6;16;10;True
50962;2;2;0;True
50963;1;1;0;True
50964;2;2;0;True
50965;7;16;9;True
50966;4;6;2;True
50967;2;4;2;True
50968;9;16;7;True
50969;1;1;0;True
50970;6;8;2;True
50971;4;9;5;True
50972;6;9;3;True
50973;5;12;7;True
50974;0;0;0;True
50975;1;1;0;True
50976;7;9;2;True
50977;5;12;7;True
50978;4;6;2;True
50979;3;4;1;True
50980;3;4;1;True
50981;4;6;2;True
50982;2;4;2;True
50983;3;6;3;True
50984;8;12;4;True
50985;2;2;0;True
50986;8;12;4;True
50987;1;1;0;True
50988;1;1;0;True
50989;2;4;2;True
50990;2;4;2;True
50991;5;9;4;True
50992;4;12;8;True
50993;2;4;2;True
50994;6;12;6;True
50995;5;16;11;True
50996;8;16;8;True
50997;3;4;1;True
50998;5;9;4;True
50999;5;12;7;True
51000;2;4;2;True
51001;3;6;3;True
51002;4;9;5;True
51003;3;4;1;True
51004;5;12;7;True
51005;6;12;6;True
51006;0;0;0;True
51007;9;16;7;True
51008;2;4;2;True
51009;5;9;4;True
51010;2;2;0;True
51011;5;12;7;True
51012;3;4;1;True
51013;0;0;0;True
51014;6;12;6;True
51015;3;9;6;True
51016;1;1;0;True
51017;8;12;4;True
51018;1;1;0;True
51019;3;6;3;True
51020;7;16;9;True
51021;1;1;0;True
51022;4;6;2;True
51023;4;4;0;True
51024;7;16;9;True
51025;1;1;0;True
51026;1;1;0;True
51027;2;2;0;True
51028;3;6;3;True
51029;3;6;3;True
51030;3;6;3;True
51031;8;16;8;True
51032;6;16;10;True
51033;2;4;2;True
51034;4;9;5;True
51035;6;12;6;True
51036;4;6;2;True
51037;6;16;10;True
51038;6;9;3;True
51039;1;1;0;True
51040;6;16;10;True
51041;7;16;9;True
51042;2;4;2;True
51043;3;6;3;True
51044;1;1;0;True
51045;4;6;2;True
51046;2;2;0;True
51047;2;4;2;True
51048;0;0;0;True
51049;3;6;3;True
51050;9;16;7;True
51051;6;12;6;True
51052;6;9;3;True
51053;2;4;2;True
51054;3;6;3;True
51055;2;4;2;True
51056;0;0;0;True
51057;5;12;7;True
51058;4;9;5;True
51059;0;0;0;True
51060;4;9;5;True
51061;6;16;10;True
51062;0;0;0;True
51063;7;16;9;True
51064;2;4;2;True
51065;5;12;7;True
51066;6;12;6;True
51067;8;12;4;True
51068;4;12;8;True
51069;1;1;0;True
51070;2;4;2;True
51071;0;0;0;True
51072;2;2;0;True
51073;4;6;2;True
51074;2;2;0;True
51075;2;2;0;True
51076;5;9;4;True
51077;5;8;3;True
51078;1;1;0;True
51079;6;12;6;True
51080;4;9;5;True
51081;0;0;0;True
51082;5;12;7;True
51083;5;8;3;True
51084;0;0;0;True
51085;2;4;2;True
51086;5;9;4;True
51087;7;12;5;True
51088;3;6;3;True
51089;3;9;6;True
51090;2;2;0;True
51091;2;2;0;True
51092;2;4;2;True
51093;2;4;2;True
51094;2;4;2;True
51095;6;16;10;True
51096;8;12;4;True
51097;1;1;0;True
51098;4;9;5;True
51099;5;9;4;True
51100;3;4;1;True
51101;3;6;3;True
51102;3;6;3;True
51103;3;4;1;True
51104;5;9;4;True
51105;1;1;0;True
51106;4;6;2;True
51107;4;8;4;True
51108;3;6;3;True
51109;5;12;7;True
51110;7;16;9;True
51111;2;2;0;True
51112;6;16;10;True
51113;5;9;4;True
51114;5;6;1;True
51115;2;4;2;True
51116;5;8;3;True
51117;4;12;8;True
51118;0;0;0;True
51119;4;12;8;True
51120;2;2;0;True
51121;3;6;3;True
51122;6;16;10;True
51123;7;12;5;True
51124;4;12;8;True
51125;4;6;2;True
51126;0;0;0;True
51127;2;2;0;True
51128;5;9;4;True
51129;4;6;2;True
51130;3;4;1;True
51131;2;4;2;True
51132;4;6;2;True
51133;4;9;5;True
51134;1;1;0;True
51135;6;16;10;True
51136;6;12;6;True
51137;0;0;0;True
51138;2;4;2;True
51139;8;12;4;True
51140;2;2;0;True
51141;6;12;6;True
51142;8;9;1;True
51143;7;16;9;True
51144;0;0;0;True
51145;4;6;2;True
51146;9;12;3;True
51147;6;12;6;True
51148;4;9;5;True
51149;2;4;2;True
51150;3;4;1;True
51151;0;0;0;True
51152;3;3;0;True
51153;2;4;2;True
51154;5;12;7;True
51155;4;9;5;True
51156;4;6;2;True
51157;5;12;7;True
51158;2;4;2;True
51159;6;16;10;True
51160;3;6;3;True
51161;2;4;2;True
51162;8;16;8;True
51163;3;4;1;True
51164;9;16;7;True
51165;6;12;6;True
51166;5;12;7;True
51167;6;9;3;True
51168;5;12;7;True
51169;0;0;0;True
51170;3;9;6;True
51171;1;1;0;True
51172;4;6;2;True
51173;2;2;0;True
51174;2;4;2;True
51175;0;0;0;True
51176;6;12;6;True
51177;1;1;0;True
51178;4;9;5;True
51179;5;12;7;True
51180;4;9;5;True
51181;5;8;3;True
51182;5;12;7;True
51183;7;16;9;True
51184;2;2;0;True
51185;3;4;1;True
51186;6;9;3;True
51187;5;12;7;True
51188;4;6;2;True
51189;1;1;0;True
51190;8;16;8;True
51191;7;12;5;True
51192;4;9;5;True
51193;2;2;0;True
51194;5;12;7;True
51195;2;4;2;True
51196;2;4;2;True
51197;0;0;0;True
51198;0;0;0;True
51199;4;6;2;True
51200;3;3;0;True
51201;3;9;6;True
51202;2;4;2;True
51203;6;12;6;True
51204;6;16;10;True
51205;3;6;3;True
51206;3;4;1;True
51207;7;16;9;True
51208;8;16;8;True
51209;0;0;0;True
51210;4;6;2;True
51211;1;1;0;True
51212;5;12;7;True
51213;3;4;1;True
51214;0;0;0;True
51215;10;16;6;True
51216;0;0;0;True
51217;5;9;4;True
51218;4;9;5;True
51219;0;0;0;True
51220;2;4;2;True
51221;1;1;0;True
51222;4;6;2;True
51223;4;8;4;True
51224;2;4;2;True
51225;8;16;8;True
51226;2;4;2;True
51227;7;16;9;True
51228;4;9;5;True
51229;3;6;3;True
51230;7;16;9;True
51231;4;12;8;True
51232;4;6;2;True
51233;3;6;3;True
51234;5;9;4;True
51235;2;4;2;True
51236;5;8;3;True
51237;3;6;3;True
51238;5;9;4;True
51239;3;6;3;True
51240;2;2;0;True
51241;5;9;4;True
51242;3;4;1;True
51243;2;2;0;True
51244;7;12;5;True
51245;4;8;4;True
51246;8;16;8;True
51247;5;12;7;True
51248;3;6;3;True
51249;2;2;0;True
51250;1;1;0;True
51251;3;6;3;True
51252;2;4;2;True
51253;1;1;0;True
51254;5;9;4;True
51255;5;12;7;True
51256;1;1;0;True
51257;1;1;0;True
51258;5;6;1;True
51259;2;2;0;True
51260;0;0;0;True
51261;4;9;5;True
51262;4;6;2;True
51263;6;16;10;True
51264;1;1;0;True
51265;1;1;0;True
51266;0;0;0;True
51267;5;12;7;True
51268;7;12;5;True
51269;2;4;2;True
51270;5;16;11;True
51271;2;2;0;True
51272;2;4;2;True
51273;1;1;0;True
51274;2;4;2;True
51275;4;6;2;True
51276;0;0;0;True
51277;1;1;0;True
51278;5;12;7;True
51279;3;6;3;True
51280;3;9;6;True
51281;0;0;0;True
51282;2;4;2;True
51283;3;6;3;True
51284;4;4;0;True
51285;2;4;2;True
51286;1;1;0;True
51287;3;6;3;True
51288;3;4;1;True
51289;9;16;7;True
51290;8;12;4;True
51291;3;4;1;True
51292;2;4;2;True
51293;6;12;6;True
51294;8;16;8;True
51295;0;0;0;True
51296;4;9;5;True
51297;3;6;3;True
51298;1;1;0;True
51299;4;6;2;True
51300;1;1;0;True
51301;3;6;3;True
51302;2;4;2;True
51303;6;12;6;True
51304;2;2;0;True
51305;2;4;2;True
51306;6;16;10;True
51307;4;6;2;True
51308;5;9;4;True
51309;5;12;7;True
51310;4;9;5;True
51311;1;1;0;True
51312;4;6;2;True
51313;2;2;0;True
51314;3;6;3;True
51315;2;4;2;True
51316;5;8;3;True
51317;1;1;0;True
51318;3;6;3;True
51319;2;2;0;True
51320;3;4;1;True
51321;3;6;3;True
51322;2;4;2;True
51323;2;2;0;True
51324;5;9;4;True
51325;5;9;4;True
51326;8;16;8;True
51327;4;9;5;True
51328;2;4;2;True
51329;4;8;4;True
51330;5;8;3;True
51331;3;6;3;True
51332;5;9;4;True
51333;5;8;3;True
51334;2;2;0;True
51335;2;2;0;True
51336;2;2;0;True
51337;2;2;0;True
51338;2;4;2;True
51339;3;9;6;True
51340;5;9;4;True
51341;0;0;0;True
51342;7;16;9;True
51343;4;9;5;True
51344;0;0;0;True
51345;9;16;7;True
51346;9;12;3;True
51347;7;16;9;True
51348;1;1;0;True
51349;6;12;6;True
51350;1;1;0;True
51351;3;6;3;True
51352;4;9;5;True
51353;3;6;3;True
51354;6;12;6;True
51355;0;0;0;True
51356;2;2;0;True
51357;6;12;6;True
51358;3;6;3;True
51359;1;1;0;True
51360;9;16;7;True
51361;4;6;2;True
51362;3;4;1;True
51363;2;4;2;True
51364;4;6;2;True
51365;6;12;6;True
51366;5;12;7;True
51367;6;9;3;True
51368;6;12;6;True
51369;7;12;5;True
51370;5;9;4;True
51371;4;12;8;True
51372;6;12;6;True
51373;10;16;6;True
51374;6;16;10;True
51375;2;4;2;True
51376;6;12;6;True
51377;1;1;0;True
51378;3;9;6;True
51379;5;9;4;True
51380;3;9;6;True
51381;3;6;3;True
51382;3;3;0;True
51383;4;9;5;True
51384;0;0;0;True
51385;3;6;3;True
51386;3;4;1;True
51387;3;6;3;True
51388;1;1;0;True
51389;1;1;0;True
51390;5;12;7;True
51391;5;12;7;True
51392;4;8;4;True
51393;6;12;6;True
51394;1;1;0;True
51395;4;9;5;True
51396;3;6;3;True
51397;2;4;2;True
51398;3;4;1;True
51399;5;8;3;True
51400;4;6;2;True
51401;3;9;6;True
51402;1;1;0;True
51403;4;9;5;True
51404;0;0;0;True
51405;0;0;0;True
51406;7;12;5;True
51407;6;12;6;True
51408;2;4;2;True
51409;0;0;0;True
51410;0;0;0;True
51411;4;12;8;True
51412;1;1;0;True
51413;0;0;0;True
51414;0;0;0;True
51415;8;12;4;True
51416;1;1;0;True
51417;9;16;7;True
51418;5;12;7;True
51419;4;9;5;True
51420;3;6;3;True
51421;4;9;5;True
51422;7;12;5;True
51423;3;9;6;True
51424;5;9;4;True
51425;2;4;2;True
51426;4;8;4;True
51427;2;4;2;True
51428;7;12;5;True
51429;7;16;9;True
51430;4;6;2;True
51431;4;6;2;True
51432;3;9;6;True
51433;3;4;1;True
51434;4;6;2;True
51435;3;4;1;True
51436;4;12;8;True
51437;4;6;2;True
51438;4;9;5;True
51439;4;6;2;True
51440;2;4;2;True
51441;4;6;2;True
51442;5;9;4;True
51443;4;9;5;True
51444;3;4;1;True
51445;5;6;1;True
51446;9;12;3;True
51447;1;1;0;True
51448;2;4;2;True
51449;4;12;8;True
51450;4;9;5;True
51451;0;0;0;True
51452;2;4;2;True
51453;6;12;6;True
51454;5;16;11;True
51455;5;16;11;True
51456;4;12;8;True
51457;0;0;0;True
51458;3;4;1;True
51459;5;12;7;True
51460;1;1;0;True
51461;5;12;7;True
51462;5;12;7;True
51463;3;6;3;True
51464;9;16;7;True
51465;4;9;5;True
51466;2;4;2;True
51467;6;12;6;True
51468;6;9;3;True
51469;2;4;2;True
51470;2;4;2;True
51471;2;4;2;True
51472;2;2;0;True
51473;5;12;7;True
51474;7;12;5;True
51475;1;1;0;True
51476;4;9;5;True
51477;2;4;2;True
51478;9;12;3;True
51479;2;4;2;True
51480;5;8;3;True
51481;4;6;2;True
51482;4;9;5;True
51483;1;1;0;True
51484;2;2;0;True
51485;1;1;0;True
51486;6;12;6;True
51487;5;12;7;True
51488;5;12;7;True
51489;1;1;0;True
51490;3;9;6;True
51491;5;8;3;True
51492;2;2;0;True
51493;3;6;3;True
51494;2;4;2;True
51495;4;6;2;True
51496;2;4;2;True
51497;4;9;5;True
51498;1;1;0;True
51499;0;0;0;True
51500;7;12;5;True
51501;4;12;8;True
51502;3;4;1;True
51503;8;16;8;True
51504;5;12;7;True
51505;1;1;0;True
51506;9;12;3;True
51507;3;4;1;True
51508;0;0;0;True
51509;4;9;5;True
51510;9;16;7;True
51511;4;9;5;True
51512;3;4;1;True
51513;6;12;6;True
51514;3;6;3;True
51515;3;9;6;True
51516;5;12;7;True
51517;4;9;5;True
51518;4;9;5;True
51519;0;0;0;True
51520;6;8;2;True
51521;4;9;5;True
51522;4;6;2;True
51523;0;0;0;True
51524;5;12;7;True
51525;3;6;3;True
51526;6;16;10;True
51527;7;12;5;True
51528;3;4;1;True
51529;2;4;2;True
51530;4;6;2;True
51531;7;8;1;True
51532;5;9;4;True
51533;7;16;9;True
51534;5;12;7;True
51535;4;9;5;True
51536;5;16;11;True
51537;3;6;3;True
51538;4;12;8;True
51539;6;12;6;True
51540;4;12;8;True
51541;7;12;5;True
51542;1;1;0;True
51543;1;1;0;True
51544;2;4;2;True
51545;2;2;0;True
51546;6;16;10;True
51547;2;2;0;True
51548;4;9;5;True
51549;3;6;3;True
51550;3;4;1;True
51551;6;12;6;True
51552;4;6;2;True
51553;4;9;5;True
51554;7;16;9;True
51555;4;6;2;True
51556;0;0;0;True
51557;3;6;3;True
51558;1;1;0;True
51559;4;6;2;True
51560;5;12;7;True
51561;2;4;2;True
51562;4;9;5;True
51563;1;1;0;True
51564;8;12;4;True
51565;4;6;2;True
51566;1;1;0;True
51567;9;16;7;True
51568;4;9;5;True
51569;2;4;2;True
51570;2;4;2;True
51571;4;8;4;True
51572;3;9;6;True
51573;2;2;0;True
51574;2;2;0;True
51575;6;9;3;True
51576;0;0;0;True
51577;2;4;2;True
51578;0;0;0;True
51579;0;0;0;True
51580;2;4;2;True
51581;5;16;11;True
51582;4;6;2;True
51583;3;6;3;True
51584;5;12;7;True
51585;6;12;6;True
51586;3;9;6;True
51587;3;4;1;True
51588;3;4;1;True
51589;4;8;4;True
51590;2;4;2;True
51591;5;12;7;True
51592;1;1;0;True
51593;4;12;8;True
51594;5;12;7;True
51595;0;0;0;True
51596;3;6;3;True
51597;4;12;8;True
51598;1;1;0;True
51599;4;12;8;True
51600;1;1;0;True
51601;8;16;8;True
51602;3;6;3;True
51603;0;0;0;True
51604;4;9;5;True
51605;2;4;2;True
51606;4;16;12;True
51607;1;1;0;True
51608;1;1;0;True
51609;5;12;7;True
51610;6;16;10;True
51611;7;16;9;True
51612;1;1;0;True
51613;3;6;3;True
51614;3;4;1;True
51615;3;4;1;True
51616;7;16;9;True
51617;4;6;2;True
51618;3;6;3;True
51619;1;1;0;True
51620;1;1;0;True
51621;4;12;8;True
51622;0;0;0;True
51623;3;6;3;True
51624;3;4;1;True
51625;0;0;0;True
51626;3;6;3;True
51627;3;6;3;True
51628;0;0;0;True
51629;4;9;5;True
51630;4;12;8;True
51631;2;2;0;True
51632;5;9;4;True
51633;2;4;2;True
51634;3;6;3;True
51635;3;6;3;True
51636;6;12;6;True
51637;0;0;0;True
51638;5;12;7;True
51639;0;0;0;True
51640;5;9;4;True
51641;6;9;3;True
51642;3;6;3;True
51643;1;1;0;True
51644;2;4;2;True
51645;4;9;5;True
51646;5;12;7;True
51647;2;2;0;True
51648;4;9;5;True
51649;3;3;0;True
51650;0;0;0;True
51651;5;12;7;True
51652;4;8;4;True
51653;5;9;4;True
51654;5;12;7;True
51655;4;6;2;True
51656;1;1;0;True
51657;3;6;3;True
51658;2;4;2;True
51659;2;2;0;True
51660;4;6;2;True
51661;4;9;5;True
51662;5;12;7;True
51663;1;1;0;True
51664;7;12;5;True
51665;5;12;7;True
51666;1;1;0;True
51667;5;12;7;True
51668;0;0;0;True
51669;4;12;8;True
51670;2;4;2;True
51671;4;12;8;True
51672;3;6;3;True
51673;2;2;0;True
51674;7;12;5;True
51675;3;6;3;True
51676;3;6;3;True
51677;6;12;6;True
51678;4;12;8;True
51679;1;1;0;True
51680;4;9;5;True
51681;6;12;6;True
51682;2;4;2;True
51683;4;6;2;True
51684;8;12;4;True
51685;2;2;0;True
51686;2;2;0;True
51687;5;9;4;True
51688;8;12;4;True
51689;3;3;0;True
51690;5;12;7;True
51691;6;16;10;True
51692;4;9;5;True
51693;1;1;0;True
51694;5;9;4;True
51695;2;2;0;True
51696;0;0;0;True
51697;2;2;0;True
51698;3;3;0;True
51699;3;3;0;True
51700;5;12;7;True
51701;1;1;0;True
51702;0;0;0;True
51703;2;4;2;True
51704;8;16;8;True
51705;2;2;0;True
51706;4;12;8;True
51707;8;16;8;True
51708;5;12;7;True
51709;6;16;10;True
51710;6;12;6;True
51711;7;12;5;True
51712;7;12;5;True
51713;3;9;6;True
51714;4;8;4;True
51715;5;12;7;True
51716;3;6;3;True
51717;3;6;3;True
51718;2;2;0;True
51719;5;6;1;True
51720;3;6;3;True
51721;1;1;0;True
51722;2;2;0;True
51723;1;1;0;True
51724;8;12;4;True
51725;1;1;0;True
51726;5;9;4;True
51727;6;12;6;True
51728;4;9;5;True
51729;3;4;1;True
51730;3;9;6;True
51731;1;1;0;True
51732;1;1;0;True
51733;5;9;4;True
51734;6;9;3;True
51735;5;12;7;True
51736;4;9;5;True
51737;3;6;3;True
51738;4;9;5;True
51739;0;0;0;True
51740;1;1;0;True
51741;2;4;2;True
51742;1;1;0;True
51743;5;6;1;True
51744;2;2;0;True
51745;4;6;2;True
51746;7;16;9;True
51747;8;16;8;True
51748;2;4;2;True
51749;5;8;3;True
51750;0;0;0;True
51751;8;16;8;True
51752;1;1;0;True
51753;5;9;4;True
51754;5;8;3;True
51755;2;2;0;True
51756;5;6;1;True
51757;8;12;4;True
51758;1;1;0;True
51759;3;6;3;True
51760;8;16;8;True
51761;3;4;1;True
51762;6;8;2;True
51763;2;2;0;True
51764;1;1;0;True
51765;2;4;2;True
51766;1;1;0;True
51767;1;1;0;True
51768;5;16;11;True
51769;6;16;10;True
51770;3;6;3;True
51771;2;4;2;True
51772;3;9;6;True
51773;6;12;6;True
51774;1;1;0;True
51775;3;4;1;True
51776;4;9;5;True
51777;4;12;8;True
51778;2;2;0;True
51779;7;12;5;True
51780;3;4;1;True
51781;5;9;4;True
51782;5;6;1;True
51783;3;9;6;True
51784;0;0;0;True
51785;8;16;8;True
51786;4;6;2;True
51787;2;4;2;True
51788;8;16;8;True
51789;0;0;0;True
51790;9;12;3;True
51791;3;6;3;True
51792;5;9;4;True
51793;3;4;1;True
51794;4;4;0;True
51795;6;12;6;True
51796;2;2;0;True
51797;0;0;0;True
51798;4;9;5;True
51799;6;12;6;True
51800;4;9;5;True
51801;5;12;7;True
51802;5;9;4;True
51803;3;4;1;True
51804;8;16;8;True
51805;4;9;5;True
51806;2;4;2;True
51807;4;9;5;True
51808;2;4;2;True
51809;4;9;5;True
51810;3;6;3;True
51811;3;6;3;True
51812;3;4;1;True
51813;9;12;3;True
51814;2;2;0;True
51815;1;1;0;True
51816;0;0;0;True
51817;7;9;2;True
51818;0;0;0;True
51819;4;12;8;True
51820;8;12;4;True
51821;5;6;1;True
51822;8;16;8;True
51823;4;6;2;True
51824;9;16;7;True
51825;8;16;8;True
51826;6;9;3;True
51827;2;4;2;True
51828;6;9;3;True
51829;4;9;5;True
51830;2;4;2;True
51831;6;12;6;True
51832;5;9;4;True
51833;2;4;2;True
51834;6;9;3;True
51835;7;16;9;True
51836;0;0;0;True
51837;1;1;0;True
51838;5;16;11;True
51839;1;1;0;True
51840;2;4;2;True
51841;2;4;2;True
51842;4;6;2;True
51843;1;1;0;True
51844;4;6;2;True
51845;4;9;5;True
51846;6;16;10;True
51847;4;9;5;True
51848;4;9;5;True
51849;4;12;8;True
51850;1;1;0;True
51851;1;1;0;True
51852;0;0;0;True
51853;1;1;0;True
51854;6;16;10;True
51855;2;4;2;True
51856;2;4;2;True
51857;4;6;2;True
51858;8;12;4;True
51859;4;9;5;True
51860;5;9;4;True
51861;3;6;3;True
51862;9;16;7;True
51863;2;4;2;True
51864;4;9;5;True
51865;3;9;6;True
51866;3;6;3;True
51867;3;4;1;True
51868;1;1;0;True
51869;1;1;0;True
51870;1;1;0;True
51871;3;6;3;True
51872;2;4;2;True
51873;5;12;7;True
51874;2;4;2;True
51875;4;9;5;True
51876;4;9;5;True
51877;7;9;2;True
51878;2;4;2;True
51879;3;9;6;True
51880;2;2;0;True
51881;9;16;7;True
51882;7;16;9;True
51883;4;9;5;True
51884;4;9;5;True
51885;3;6;3;True
51886;4;9;5;True
51887;3;4;1;True
51888;6;12;6;True
51889;3;6;3;True
51890;2;2;0;True
51891;3;6;3;True
51892;4;6;2;True
51893;5;12;7;True
51894;2;4;2;True
51895;1;1;0;True
51896;4;9;5;True
51897;1;1;0;True
51898;1;1;0;True
51899;4;6;2;True
51900;5;12;7;True
51901;7;16;9;True
51902;3;9;6;True
51903;5;16;11;True
51904;4;6;2;True
51905;3;9;6;True
51906;5;9;4;True
51907;9;16;7;True
51908;9;16;7;True
51909;6;12;6;True
51910;5;12;7;True
51911;4;9;5;True
51912;2;2;0;True
51913;4;9;5;True
51914;8;16;8;True
51915;5;12;7;True
51916;5;12;7;True
51917;2;4;2;True
51918;1;1;0;True
51919;5;9;4;True
51920;4;9;5;True
51921;1;1;0;True
51922;1;1;0;True
51923;6;12;6;True
51924;3;6;3;True
51925;1;1;0;True
51926;4;6;2;True
51927;4;8;4;True
51928;1;1;0;True
51929;3;6;3;True
51930;3;6;3;True
51931;3;3;0;True
51932;2;2;0;True
51933;5;12;7;True
51934;3;4;1;True
51935;8;16;8;True
51936;4;9;5;True
51937;6;9;3;True
51938;7;16;9;True
51939;1;1;0;True
51940;4;9;5;True
51941;4;9;5;True
51942;8;16;8;True
51943;4;9;5;True
51944;0;0;0;True
51945;1;1;0;True
51946;6;12;6;True
51947;0;0;0;True
51948;4;9;5;True
51949;6;9;3;True
51950;5;16;11;True
51951;3;4;1;True
51952;9;16;7;True
51953;1;1;0;True
51954;3;6;3;True
51955;10;16;6;True
51956;1;1;0;True
51957;1;1;0;True
51958;1;1;0;True
51959;7;9;2;True
51960;3;6;3;True
51961;6;12;6;True
51962;0;0;0;True
51963;3;4;1;True
51964;5;8;3;True
51965;1;1;0;True
51966;2;4;2;True
51967;6;16;10;True
51968;0;0;0;True
51969;8;16;8;True
51970;1;1;0;True
51971;2;4;2;True
51972;4;6;2;True
51973;2;2;0;True
51974;1;1;0;True
51975;4;9;5;True
51976;6;9;3;True
51977;4;12;8;True
51978;3;9;6;True
51979;3;4;1;True
51980;7;16;9;True
51981;9;16;7;True
51982;4;9;5;True
51983;9;12;3;True
51984;3;9;6;True
51985;5;12;7;True
51986;2;4;2;True
51987;5;12;7;True
51988;3;6;3;True
51989;2;2;0;True
51990;0;0;0;True
51991;5;12;7;True
51992;7;16;9;True
51993;4;9;5;True
51994;6;12;6;True
51995;0;0;0;True
51996;2;4;2;True
51997;3;4;1;True
51998;9;16;7;True
51999;1;1;0;True
52000;0;0;0;True
52001;10;16;6;True
52002;2;4;2;True
52003;3;9;6;True
52004;4;6;2;True
52005;4;6;2;True
52006;6;12;6;True
52007;5;9;4;True
52008;3;6;3;True
52009;4;9;5;True
52010;6;12;6;True
52011;9;16;7;True
52012;2;2;0;True
52013;8;16;8;True
52014;1;1;0;True
52015;1;1;0;True
52016;3;6;3;True
52017;1;1;0;True
52018;7;12;5;True
52019;2;4;2;True
52020;3;4;1;True
52021;4;6;2;True
52022;9;16;7;True
52023;9;16;7;True
52024;2;4;2;True
52025;2;4;2;True
52026;2;4;2;True
52027;0;0;0;True
52028;3;9;6;True
52029;5;9;4;True
52030;3;4;1;True
52031;1;1;0;True
52032;1;1;0;True
52033;0;0;0;True
52034;8;16;8;True
52035;2;2;0;True
52036;2;4;2;True
52037;3;6;3;True
52038;6;12;6;True
52039;2;4;2;True
52040;6;12;6;True
52041;2;4;2;True
52042;4;6;2;True
52043;7;16;9;True
52044;1;1;0;True
52045;0;0;0;True
52046;8;12;4;True
52047;1;1;0;True
52048;0;0;0;True
52049;9;16;7;True
52050;6;12;6;True
52051;5;9;4;True
52052;1;1;0;True
52053;9;16;7;True
52054;3;6;3;True
52055;5;9;4;True
52056;3;4;1;True
52057;1;1;0;True
52058;8;16;8;True
52059;0;0;0;True
52060;4;9;5;True
52061;3;6;3;True
52062;7;12;5;True
52063;5;9;4;True
52064;6;16;10;True
52065;3;6;3;True
52066;5;12;7;True
52067;1;1;0;True
52068;5;9;4;True
52069;5;9;4;True
52070;6;9;3;True
52071;3;6;3;True
52072;4;6;2;True
52073;4;6;2;True
52074;2;4;2;True
52075;1;1;0;True
52076;3;6;3;True
52077;2;2;0;True
52078;4;9;5;True
52079;1;1;0;True
52080;2;2;0;True
52081;3;4;1;True
52082;3;6;3;True
52083;0;0;0;True
52084;0;0;0;True
52085;6;16;10;True
52086;4;9;5;True
52087;2;4;2;True
52088;3;6;3;True
52089;7;16;9;True
52090;5;12;7;True
52091;8;16;8;True
52092;4;6;2;True
52093;2;4;2;True
52094;5;8;3;True
52095;3;9;6;True
52096;8;16;8;True
52097;2;2;0;True
52098;3;6;3;True
52099;2;2;0;True
52100;5;16;11;True
52101;3;6;3;True
52102;6;12;6;True
52103;6;16;10;True
52104;6;16;10;True
52105;2;4;2;True
52106;0;0;0;True
52107;6;12;6;True
52108;9;12;3;True
52109;4;9;5;True
52110;3;9;6;True
52111;6;12;6;True
52112;7;16;9;True
52113;1;1;0;True
52114;4;6;2;True
52115;1;1;0;True
52116;4;9;5;True
52117;1;1;0;True
52118;5;9;4;True
52119;3;4;1;True
52120;1;1;0;True
52121;4;9;5;True
52122;9;16;7;True
52123;6;12;6;True
52124;3;4;1;True
52125;3;6;3;True
52126;6;16;10;True
52127;2;2;0;True
52128;4;9;5;True
52129;3;6;3;True
52130;4;8;4;True
52131;1;1;0;True
52132;0;0;0;True
52133;7;16;9;True
52134;8;12;4;True
52135;0;0;0;True
52136;9;16;7;True
52137;4;9;5;True
52138;5;12;7;True
52139;7;16;9;True
52140;9;12;3;True
52141;1;1;0;True
52142;6;16;10;True
52143;4;6;2;True
52144;9;12;3;True
52145;5;16;11;True
52146;7;12;5;True
52147;1;1;0;True
52148;4;9;5;True
52149;5;9;4;True
52150;8;16;8;True
52151;3;9;6;True
52152;7;9;2;True
52153;2;2;0;True
52154;3;6;3;True
52155;0;0;0;True
52156;3;3;0;True
52157;3;6;3;True
52158;5;9;4;True
52159;7;9;2;True
52160;6;12;6;True
52161;1;1;0;True
52162;0;0;0;True
52163;0;0;0;True
52164;3;3;0;True
52165;7;12;5;True
52166;3;4;1;True
52167;1;1;0;True
52168;2;2;0;True
52169;7;16;9;True
52170;7;16;9;True
52171;7;12;5;True
52172;6;12;6;True
52173;2;4;2;True
52174;1;1;0;True
52175;0;0;0;True
52176;1;1;0;True
52177;2;4;2;True
52178;7;9;2;True
52179;4;9;5;True
52180;3;3;0;True
52181;3;4;1;True
52182;9;16;7;True
52183;4;12;8;True
52184;1;1;0;True
52185;4;9;5;True
52186;4;8;4;True
52187;5;6;1;True
52188;1;1;0;True
52189;5;9;4;True
52190;5;9;4;True
52191;3;6;3;True
52192;3;4;1;True
52193;3;4;1;True
52194;3;9;6;True
52195;7;12;5;True
52196;3;4;1;True
52197;5;9;4;True
52198;4;9;5;True
52199;2;2;0;True
52200;3;6;3;True
52201;6;16;10;True
52202;0;0;0;True
52203;1;1;0;True
52204;1;1;0;True
52205;2;2;0;True
52206;5;12;7;True
52207;6;16;10;True
52208;5;12;7;True
52209;8;12;4;True
52210;5;9;4;True
52211;0;0;0;True
52212;0;0;0;True
52213;3;4;1;True
52214;1;1;0;True
52215;4;12;8;True
52216;4;6;2;True
52217;3;6;3;True
52218;8;16;8;True
52219;3;4;1;True
52220;3;6;3;True
52221;6;12;6;True
52222;3;6;3;True
52223;4;9;5;True
52224;4;9;5;True
52225;4;4;0;True
52226;6;16;10;True
52227;4;9;5;True
52228;5;12;7;True
52229;4;6;2;True
52230;2;4;2;True
52231;1;1;0;True
52232;4;6;2;True
52233;0;0;0;True
52234;1;1;0;True
52235;8;12;4;True
52236;4;9;5;True
52237;0;0;0;True
52238;9;12;3;True
52239;0;0;0;True
52240;2;2;0;True
52241;1;1;0;True
52242;5;12;7;True
52243;7;16;9;True
52244;3;9;6;True
52245;1;1;0;True
52246;6;12;6;True
52247;6;12;6;True
52248;4;9;5;True
52249;5;16;11;True
52250;6;12;6;True
52251;7;16;9;True
52252;1;1;0;True
52253;2;4;2;True
52254;4;6;2;True
52255;4;9;5;True
52256;4;6;2;True
52257;4;9;5;True
52258;5;9;4;True
52259;5;9;4;True
52260;7;12;5;True
52261;3;6;3;True
52262;3;3;0;True
52263;2;2;0;True
52264;4;9;5;True
52265;2;4;2;True
52266;1;1;0;True
52267;6;12;6;True
52268;2;4;2;True
52269;4;9;5;True
52270;5;12;7;True
52271;0;0;0;True
52272;1;1;0;True
52273;1;1;0;True
52274;1;1;0;True
52275;3;6;3;True
52276;8;16;8;True
52277;6;12;6;True
52278;4;6;2;True
52279;7;12;5;True
52280;6;12;6;True
52281;3;6;3;True
52282;1;1;0;True
52283;2;4;2;True
52284;2;2;0;True
52285;6;16;10;True
52286;0;0;0;True
52287;6;9;3;True
52288;5;12;7;True
52289;8;16;8;True
52290;8;16;8;True
52291;2;2;0;True
52292;3;6;3;True
52293;4;9;5;True
52294;2;2;0;True
52295;11;16;5;True
52296;2;4;2;True
52297;2;2;0;True
52298;0;0;0;True
52299;4;6;2;True
52300;3;4;1;True
52301;0;0;0;True
52302;1;1;0;True
52303;3;6;3;True
52304;5;12;7;True
52305;4;9;5;True
52306;2;2;0;True
52307;1;1;0;True
52308;3;4;1;True
52309;2;4;2;True
52310;1;1;0;True
52311;4;9;5;True
52312;2;2;0;True
52313;8;16;8;True
52314;5;12;7;True
52315;0;0;0;True
52316;6;12;6;True
52317;2;4;2;True
52318;4;6;2;True
52319;5;8;3;True
52320;2;2;0;True
52321;2;4;2;True
52322;3;6;3;True
52323;2;2;0;True
52324;5;8;3;True
52325;1;1;0;True
52326;3;6;3;True
52327;6;12;6;True
52328;5;9;4;True
52329;1;1;0;True
52330;1;1;0;True
52331;1;1;0;True
52332;2;2;0;True
52333;5;16;11;True
52334;4;9;5;True
52335;1;1;0;True
52336;2;4;2;True
52337;4;9;5;True
52338;4;6;2;True
52339;7;12;5;True
52340;2;4;2;True
52341;7;12;5;True
52342;5;12;7;True
52343;3;6;3;True
52344;1;1;0;True
52345;3;4;1;True
52346;10;16;6;True
52347;8;16;8;True
52348;5;12;7;True
52349;5;9;4;True
52350;9;16;7;True
52351;9;16;7;True
52352;3;6;3;True
52353;0;0;0;True
52354;4;12;8;True
52355;2;4;2;True
52356;3;4;1;True
52357;4;9;5;True
52358;2;4;2;True
52359;6;16;10;True
52360;0;0;0;True
52361;8;16;8;True
52362;5;6;1;True
52363;3;4;1;True
52364;5;6;1;True
52365;3;6;3;True
52366;1;1;0;True
52367;7;16;9;True
52368;3;9;6;True
52369;4;6;2;True
52370;3;6;3;True
52371;4;12;8;True
52372;1;1;0;True
52373;2;2;0;True
52374;1;1;0;True
52375;4;6;2;True
52376;0;0;0;True
52377;4;9;5;True
52378;2;2;0;True
52379;7;16;9;True
52380;5;6;1;True
52381;3;6;3;True
52382;2;4;2;True
52383;2;4;2;True
52384;3;6;3;True
52385;5;12;7;True
52386;1;1;0;True
52387;3;4;1;True
52388;4;9;5;True
52389;1;1;0;True
52390;2;2;0;True
52391;2;4;2;True
52392;3;9;6;True
52393;1;1;0;True
52394;2;2;0;True
52395;8;16;8;True
52396;6;12;6;True
52397;1;1;0;True
52398;1;1;0;True
52399;8;16;8;True
52400;2;4;2;True
52401;3;6;3;True
52402;2;2;0;True
52403;5;9;4;True
52404;3;9;6;True
52405;2;2;0;True
52406;4;9;5;True
52407;3;4;1;True
52408;2;4;2;True
52409;2;4;2;True
52410;2;4;2;True
52411;3;6;3;True
52412;4;6;2;True
52413;1;1;0;True
52414;6;12;6;True
52415;1;1;0;True
52416;2;4;2;True
52417;3;6;3;True
52418;5;9;4;True
52419;4;9;5;True
52420;3;6;3;True
52421;3;6;3;True
52422;3;4;1;True
52423;3;4;1;True
52424;2;2;0;True
52425;1;1;0;True
52426;7;12;5;True
52427;1;1;0;True
52428;4;9;5;True
52429;5;12;7;True
52430;6;12;6;True
52431;3;6;3;True
52432;3;4;1;True
52433;4;9;5;True
52434;6;16;10;True
52435;5;12;7;True
52436;7;12;5;True
52437;6;16;10;True
52438;5;9;4;True
52439;8;16;8;True
52440;0;0;0;True
52441;1;1;0;True
52442;3;6;3;True
52443;5;12;7;True
52444;4;12;8;True
52445;3;6;3;True
52446;5;8;3;True
52447;3;9;6;True
52448;2;2;0;True
52449;0;0;0;True
52450;5;12;7;True
52451;3;9;6;True
52452;3;4;1;True
52453;2;2;0;True
52454;0;0;0;True
52455;10;16;6;True
52456;2;2;0;True
52457;1;1;0;True
52458;0;0;0;True
52459;4;12;8;True
52460;4;6;2;True
52461;5;12;7;True
52462;5;16;11;True
52463;7;12;5;True
52464;3;6;3;True
52465;2;2;0;True
52466;2;2;0;True
52467;2;4;2;True
52468;8;16;8;True
52469;2;4;2;True
52470;2;4;2;True
52471;6;12;6;True
52472;0;0;0;True
52473;1;1;0;True
52474;5;12;7;True
52475;1;1;0;True
52476;3;6;3;True
52477;1;1;0;True
52478;6;9;3;True
52479;3;6;3;True
52480;10;16;6;True
52481;3;9;6;True
52482;4;6;2;True
52483;8;16;8;True
52484;4;6;2;True
52485;8;16;8;True
52486;3;9;6;True
52487;5;9;4;True
52488;2;4;2;True
52489;4;6;2;True
52490;6;12;6;True
52491;2;4;2;True
52492;6;12;6;True
52493;0;0;0;True
52494;3;6;3;True
52495;1;1;0;True
52496;5;9;4;True
52497;5;9;4;True
52498;3;4;1;True
52499;3;4;1;True
52500;5;9;4;True
52501;4;12;8;True
52502;6;16;10;True
52503;7;16;9;True
52504;7;16;9;True
52505;4;12;8;True
52506;2;2;0;True
52507;1;1;0;True
52508;4;6;2;True
52509;8;16;8;True
52510;6;16;10;True
52511;2;4;2;True
52512;7;16;9;True
52513;1;1;0;True
52514;7;16;9;True
52515;2;2;0;True
52516;2;2;0;True
52517;1;1;0;True
52518;4;6;2;True
52519;5;8;3;True
52520;0;0;0;True
52521;1;1;0;True
52522;5;9;4;True
52523;3;6;3;True
52524;5;9;4;True
52525;0;0;0;True
52526;5;12;7;True
52527;4;8;4;True
52528;8;12;4;True
52529;0;0;0;True
52530;3;6;3;True
52531;5;12;7;True
52532;3;6;3;True
52533;7;12;5;True
52534;6;12;6;True
52535;3;4;1;True
52536;5;9;4;True
52537;3;6;3;True
52538;8;16;8;True
52539;5;9;4;True
52540;7;12;5;True
52541;7;12;5;True
52542;1;1;0;True
52543;3;9;6;True
52544;2;4;2;True
52545;7;16;9;True
52546;5;9;4;True
52547;3;6;3;True
52548;2;2;0;True
52549;2;4;2;True
52550;1;1;0;True
52551;3;9;6;True
52552;4;8;4;True
52553;1;1;0;True
52554;3;6;3;True
52555;5;9;4;True
52556;6;12;6;True
52557;1;1;0;True
52558;5;12;7;True
52559;2;2;0;True
52560;2;2;0;True
52561;3;4;1;True
52562;3;6;3;True
52563;3;6;3;True
52564;2;4;2;True
52565;2;4;2;True
52566;0;0;0;True
52567;2;2;0;True
52568;5;9;4;True
52569;1;1;0;True
52570;6;16;10;True
52571;3;6;3;True
52572;7;12;5;True
52573;7;12;5;True
52574;7;16;9;True
52575;6;16;10;True
52576;4;6;2;True
52577;6;12;6;True
52578;3;4;1;True
52579;5;8;3;True
52580;0;0;0;True
52581;3;6;3;True
52582;3;6;3;True
52583;3;4;1;True
52584;1;1;0;True
52585;3;6;3;True
52586;2;4;2;True
52587;8;16;8;True
52588;6;12;6;True
52589;4;9;5;True
52590;5;12;7;True
52591;5;12;7;True
52592;0;0;0;True
52593;5;12;7;True
52594;1;1;0;True
52595;6;16;10;True
52596;3;6;3;True
52597;5;9;4;True
52598;0;0;0;True
52599;5;12;7;True
52600;10;16;6;True
52601;0;0;0;True
52602;4;9;5;True
52603;6;12;6;True
52604;7;12;5;True
52605;4;6;2;True
52606;2;4;2;True
52607;4;9;5;True
52608;0;0;0;True
52609;7;12;5;True
52610;5;9;4;True
52611;2;2;0;True
52612;5;12;7;True
52613;6;12;6;True
52614;2;2;0;True
52615;1;1;0;True
52616;7;12;5;True
52617;8;16;8;True
52618;11;16;5;True
52619;3;6;3;True
52620;4;6;2;True
52621;7;12;5;True
52622;6;12;6;True
52623;6;12;6;True
52624;4;12;8;True
52625;9;12;3;True
52626;6;16;10;True
52627;2;4;2;True
52628;5;9;4;True
52629;9;16;7;True
52630;3;4;1;True
52631;2;4;2;True
52632;5;12;7;True
52633;6;12;6;True
52634;6;12;6;True
52635;4;12;8;True
52636;5;12;7;True
52637;5;8;3;True
52638;1;1;0;True
52639;3;4;1;True
52640;4;6;2;True
52641;5;12;7;True
52642;2;4;2;True
52643;9;16;7;True
52644;5;12;7;True
52645;6;16;10;True
52646;4;6;2;True
52647;0;0;0;True
52648;2;2;0;True
52649;6;12;6;True
52650;2;2;0;True
52651;3;6;3;True
52652;6;16;10;True
52653;5;12;7;True
52654;4;9;5;True
52655;4;6;2;True
52656;2;4;2;True
52657;1;1;0;True
52658;2;2;0;True
52659;3;4;1;True
52660;3;6;3;True
52661;1;1;0;True
52662;4;12;8;True
52663;4;6;2;True
52664;4;6;2;True
52665;4;9;5;True
52666;1;1;0;True
52667;8;12;4;True
52668;4;6;2;True
52669;8;16;8;True
52670;2;4;2;True
52671;4;6;2;True
52672;6;12;6;True
52673;1;1;0;True
52674;5;9;4;True
52675;2;2;0;True
52676;5;9;4;True
52677;8;16;8;True
52678;0;0;0;True
52679;6;9;3;True
52680;7;12;5;True
52681;4;12;8;True
52682;3;6;3;True
52683;8;16;8;True
52684;8;9;1;True
52685;2;2;0;True
52686;2;2;0;True
52687;4;9;5;True
52688;1;1;0;True
52689;6;12;6;True
52690;4;12;8;True
52691;5;6;1;True
52692;1;1;0;True
52693;4;12;8;True
52694;4;9;5;True
52695;0;0;0;True
52696;3;6;3;True
52697;4;6;2;True
52698;5;12;7;True
52699;6;9;3;True
52700;0;0;0;True
52701;1;1;0;True
52702;2;4;2;True
52703;5;12;7;True
52704;3;6;3;True
52705;1;1;0;True
52706;9;16;7;True
52707;3;9;6;True
52708;6;9;3;True
52709;6;9;3;True
52710;3;4;1;True
52711;4;12;8;True
52712;2;4;2;True
52713;1;1;0;True
52714;1;1;0;True
52715;6;12;6;True
52716;4;6;2;True
52717;3;4;1;True
52718;3;4;1;True
52719;6;9;3;True
52720;0;0;0;True
52721;6;9;3;True
52722;2;2;0;True
52723;7;16;9;True
52724;7;12;5;True
52725;6;8;2;True
52726;1;1;0;True
52727;3;9;6;True
52728;3;6;3;True
52729;3;6;3;True
52730;2;4;2;True
52731;1;1;0;True
52732;1;1;0;True
52733;4;6;2;True
52734;0;0;0;True
52735;3;3;0;True
52736;5;12;7;True
52737;3;6;3;True
52738;0;0;0;True
52739;7;12;5;True
52740;3;6;3;True
52741;0;0;0;True
52742;5;12;7;True
52743;7;16;9;True
52744;4;6;2;True
52745;7;16;9;True
52746;1;1;0;True
52747;2;2;0;True
52748;6;12;6;True
52749;1;1;0;True
52750;1;1;0;True
52751;5;12;7;True
52752;5;12;7;True
52753;0;0;0;True
52754;1;1;0;True
52755;0;0;0;True
52756;6;12;6;True
52757;2;2;0;True
52758;2;2;0;True
52759;5;12;7;True
52760;4;8;4;True
52761;1;1;0;True
52762;0;0;0;True
52763;6;9;3;True
52764;5;9;4;True
52765;9;16;7;True
52766;0;0;0;True
52767;7;16;9;True
52768;0;0;0;True
52769;6;16;10;True
52770;1;1;0;True
52771;7;12;5;True
52772;1;1;0;True
52773;4;9;5;True
52774;4;6;2;True
52775;0;0;0;True
52776;3;6;3;True
52777;1;1;0;True
52778;2;4;2;True
52779;1;1;0;True
52780;5;16;11;True
52781;2;2;0;True
52782;4;9;5;True
52783;0;0;0;True
52784;6;12;6;True
52785;1;1;0;True
52786;1;1;0;True
52787;8;12;4;True
52788;9;12;3;True
52789;4;16;12;True
52790;2;4;2;True
52791;3;6;3;True
52792;2;4;2;True
52793;7;16;9;True
52794;3;6;3;True
52795;8;16;8;True
52796;7;9;2;True
52797;3;6;3;True
52798;3;9;6;True
52799;3;6;3;True
52800;7;12;5;True
52801;3;4;1;True
52802;3;6;3;True
52803;2;4;2;True
52804;11;16;5;True
52805;4;9;5;True
52806;0;0;0;True
52807;4;6;2;True
52808;7;12;5;True
52809;4;9;5;True
52810;8;16;8;True
52811;0;0;0;True
52812;2;4;2;True
52813;1;1;0;True
52814;3;6;3;True
52815;6;16;10;True
52816;5;9;4;True
52817;0;0;0;True
52818;5;9;4;True
52819;2;4;2;True
52820;4;6;2;True
52821;4;9;5;True
52822;6;16;10;True
52823;3;9;6;True
52824;5;12;7;True
52825;3;6;3;True
52826;3;6;3;True
52827;4;6;2;True
52828;6;9;3;True
52829;4;9;5;True
52830;1;1;0;True
52831;4;9;5;True
52832;5;12;7;True
52833;7;16;9;True
52834;3;9;6;True
52835;0;0;0;True
52836;2;4;2;True
52837;5;9;4;True
52838;1;1;0;True
52839;4;8;4;True
52840;2;2;0;True
52841;1;1;0;True
52842;7;16;9;True
52843;2;4;2;True
52844;6;16;10;True
52845;3;6;3;True
52846;5;6;1;True
52847;3;6;3;True
52848;4;6;2;True
52849;5;12;7;True
52850;5;12;7;True
52851;3;9;6;True
52852;7;12;5;True
52853;7;16;9;True
52854;0;0;0;True
52855;0;0;0;True
52856;3;6;3;True
52857;6;12;6;True
52858;3;4;1;True
52859;5;9;4;True
52860;3;6;3;True
52861;6;16;10;True
52862;4;6;2;True
52863;4;16;12;True
52864;4;6;2;True
52865;5;9;4;True
52866;1;1;0;True
52867;1;1;0;True
52868;1;1;0;True
52869;1;1;0;True
52870;5;9;4;True
52871;1;1;0;True
52872;5;12;7;True
52873;3;6;3;True
52874;5;16;11;True
52875;5;9;4;True
52876;0;0;0;True
52877;4;9;5;True
52878;2;4;2;True
52879;1;1;0;True
52880;5;9;4;True
52881;4;9;5;True
52882;5;16;11;True
52883;5;9;4;True
52884;6;16;10;True
52885;7;16;9;True
52886;1;1;0;True
52887;7;16;9;True
52888;4;6;2;True
52889;2;4;2;True
52890;8;16;8;True
52891;3;4;1;True
52892;3;3;0;True
52893;2;4;2;True
52894;0;0;0;True
52895;2;2;0;True
52896;3;6;3;True
52897;3;6;3;True
52898;6;12;6;True
52899;1;1;0;True
52900;5;8;3;True
52901;5;12;7;True
52902;2;4;2;True
52903;1;1;0;True
52904;3;6;3;True
52905;0;0;0;True
52906;3;6;3;True
52907;2;2;0;True
52908;4;9;5;True
52909;3;3;0;True
52910;8;16;8;True
52911;3;9;6;True
52912;8;16;8;True
52913;2;2;0;True
52914;6;9;3;True
52915;2;4;2;True
52916;0;0;0;True
52917;3;9;6;True
52918;1;1;0;True
52919;6;12;6;True
52920;2;2;0;True
52921;2;2;0;True
52922;2;4;2;True
52923;2;2;0;True
52924;2;4;2;True
52925;2;4;2;True
52926;4;6;2;True
52927;0;0;0;True
52928;1;1;0;True
52929;7;16;9;True
52930;4;9;5;True
52931;1;1;0;True
52932;2;4;2;True
52933;4;8;4;True
52934;2;2;0;True
52935;8;16;8;True
52936;3;6;3;True
52937;1;1;0;True
52938;3;9;6;True
52939;0;0;0;True
52940;0;0;0;True
52941;1;1;0;True
52942;2;2;0;True
52943;0;0;0;True
52944;1;1;0;True
52945;3;4;1;True
52946;2;4;2;True
52947;1;1;0;True
52948;4;6;2;True
52949;1;1;0;True
52950;0;0;0;True
52951;7;16;9;True
52952;3;4;1;True
52953;7;12;5;True
52954;4;12;8;True
52955;6;16;10;True
52956;1;1;0;True
52957;5;9;4;True
52958;2;2;0;True
52959;1;1;0;True
52960;3;4;1;True
52961;5;12;7;True
52962;4;6;2;True
52963;3;4;1;True
52964;0;0;0;True
52965;4;9;5;True
52966;3;6;3;True
52967;6;9;3;True
52968;5;12;7;True
52969;2;2;0;True
52970;4;9;5;True
52971;4;6;2;True
52972;2;4;2;True
52973;6;9;3;True
52974;7;16;9;True
52975;3;9;6;True
52976;4;12;8;True
52977;8;16;8;True
52978;6;12;6;True
52979;3;6;3;True
52980;5;9;4;True
52981;3;6;3;True
52982;0;0;0;True
52983;4;9;5;True
52984;2;4;2;True
52985;2;4;2;True
52986;3;6;3;True
52987;8;16;8;True
52988;1;1;0;True
52989;5;9;4;True
52990;1;1;0;True
52991;7;16;9;True
52992;0;0;0;True
52993;4;6;2;True
52994;4;12;8;True
52995;1;1;0;True
52996;2;4;2;True
52997;3;4;1;True
52998;3;6;3;True
52999;4;6;2;True
53000;1;1;0;True
53001;5;9;4;True
53002;0;0;0;True
53003;6;12;6;True
53004;3;6;3;True
53005;4;9;5;True
53006;1;1;0;True
53007;2;4;2;True
53008;6;12;6;True
53009;1;1;0;True
53010;5;12;7;True
53011;8;16;8;True
53012;1;1;0;True
53013;2;4;2;True
53014;5;12;7;True
53015;9;16;7;True
53016;4;9;5;True
53017;0;0;0;True
53018;2;2;0;True
53019;4;8;4;True
53020;3;4;1;True
53021;2;2;0;True
53022;2;4;2;True
53023;2;4;2;True
53024;6;12;6;True
53025;3;6;3;True
53026;3;6;3;True
53027;4;6;2;True
53028;3;9;6;True
53029;3;3;0;True
53030;5;9;4;True
53031;4;12;8;True
53032;3;6;3;True
53033;4;9;5;True
53034;7;16;9;True
53035;0;0;0;True
53036;4;4;0;True
53037;1;1;0;True
53038;2;4;2;True
53039;1;1;0;True
53040;0;0;0;True
53041;5;12;7;True
53042;7;12;5;True
53043;2;2;0;True
53044;8;9;1;True
53045;1;1;0;True
53046;2;4;2;True
53047;6;16;10;True
53048;9;16;7;True
53049;8;16;8;True
53050;5;12;7;True
53051;3;9;6;True
53052;1;1;0;True
53053;1;1;0;True
53054;3;9;6;True
53055;2;2;0;True
53056;4;9;5;True
53057;2;4;2;True
53058;7;16;9;True
53059;3;4;1;True
53060;8;16;8;True
53061;1;1;0;True
53062;2;2;0;True
53063;4;6;2;True
53064;2;2;0;True
53065;6;12;6;True
53066;2;2;0;True
53067;2;2;0;True
53068;6;12;6;True
53069;3;4;1;True
53070;2;4;2;True
53071;5;12;7;True
53072;3;6;3;True
53073;8;16;8;True
53074;12;16;4;True
53075;3;6;3;True
53076;4;12;8;True
53077;5;9;4;True
53078;7;12;5;True
53079;4;8;4;True
53080;7;12;5;True
53081;1;1;0;True
53082;0;0;0;True
53083;0;0;0;True
53084;1;1;0;True
53085;2;4;2;True
53086;9;12;3;True
53087;3;9;6;True
53088;2;4;2;True
53089;7;16;9;True
53090;7;16;9;True
53091;5;12;7;True
53092;2;4;2;True
53093;0;0;0;True
53094;3;6;3;True
53095;6;12;6;True
53096;5;12;7;True
53097;0;0;0;True
53098;4;6;2;True
53099;2;4;2;True
53100;1;1;0;True
53101;0;0;0;True
53102;1;1;0;True
53103;1;1;0;True
53104;3;4;1;True
53105;5;12;7;True
53106;9;12;3;True
53107;4;6;2;True
53108;4;9;5;True
53109;7;12;5;True
53110;2;2;0;True
53111;8;16;8;True
53112;1;1;0;True
53113;1;1;0;True
53114;2;2;0;True
53115;4;9;5;True
53116;1;1;0;True
53117;7;12;5;True
53118;2;4;2;True
53119;7;12;5;True
53120;5;9;4;True
53121;8;12;4;True
53122;4;9;5;True
53123;5;12;7;True
53124;3;4;1;True
53125;5;9;4;True
53126;1;1;0;True
53127;0;0;0;True
53128;6;16;10;True
53129;5;12;7;True
53130;3;3;0;True
53131;3;4;1;True
53132;3;6;3;True
53133;8;16;8;True
53134;3;6;3;True
53135;3;4;1;True
53136;3;9;6;True
53137;7;16;9;True
53138;4;6;2;True
53139;7;16;9;True
53140;5;9;4;True
53141;1;1;0;True
53142;3;6;3;True
53143;4;6;2;True
53144;2;4;2;True
53145;5;16;11;True
53146;6;9;3;True
53147;3;4;1;True
53148;5;12;7;True
53149;6;9;3;True
53150;2;4;2;True
53151;3;4;1;True
53152;3;4;1;True
53153;4;8;4;True
53154;2;2;0;True
53155;4;9;5;True
53156;4;9;5;True
53157;0;0;0;True
53158;4;9;5;True
53159;6;12;6;True
53160;2;4;2;True
53161;6;9;3;True
53162;2;2;0;True
53163;3;4;1;True
53164;1;1;0;True
53165;7;16;9;True
53166;2;2;0;True
53167;2;2;0;True
53168;3;9;6;True
53169;3;3;0;True
53170;2;4;2;True
53171;1;1;0;True
53172;3;4;1;True
53173;3;6;3;True
53174;4;9;5;True
53175;1;1;0;True
53176;6;16;10;True
53177;2;4;2;True
53178;1;1;0;True
53179;4;9;5;True
53180;5;12;7;True
53181;2;4;2;True
53182;2;4;2;True
53183;7;16;9;True
53184;1;1;0;True
53185;2;4;2;True
53186;6;12;6;True
53187;2;4;2;True
53188;5;6;1;True
53189;6;12;6;True
53190;1;1;0;True
53191;3;6;3;True
53192;6;16;10;True
53193;6;16;10;True
53194;1;1;0;True
53195;5;12;7;True
53196;4;6;2;True
53197;0;0;0;True
53198;3;6;3;True
53199;4;6;2;True
53200;2;2;0;True
53201;3;6;3;True
53202;7;16;9;True
53203;3;6;3;True
53204;1;1;0;True
53205;4;6;2;True
53206;7;9;2;True
53207;9;16;7;True
53208;6;16;10;True
53209;4;12;8;True
53210;3;6;3;True
53211;5;12;7;True
53212;3;9;6;True
53213;6;9;3;True
53214;6;12;6;True
53215;0;0;0;True
53216;5;9;4;True
53217;4;6;2;True
53218;5;12;7;True
53219;2;4;2;True
53220;0;0;0;True
53221;6;8;2;True
53222;1;1;0;True
53223;1;1;0;True
53224;2;2;0;True
53225;5;12;7;True
53226;4;6;2;True
53227;1;1;0;True
53228;2;2;0;True
53229;5;12;7;True
53230;5;9;4;True
53231;6;12;6;True
53232;0;0;0;True
53233;4;12;8;True
53234;7;12;5;True
53235;2;4;2;True
53236;0;0;0;True
53237;1;1;0;True
53238;0;0;0;True
53239;4;6;2;True
53240;2;2;0;True
53241;4;9;5;True
53242;2;2;0;True
53243;7;16;9;True
53244;5;12;7;True
53245;3;9;6;True
53246;1;1;0;True
53247;1;1;0;True
53248;2;4;2;True
53249;2;2;0;True
53250;4;9;5;True
53251;6;12;6;True
53252;6;16;10;True
53253;4;9;5;True
53254;1;1;0;True
53255;0;0;0;True
53256;4;12;8;True
53257;2;4;2;True
53258;10;16;6;True
53259;3;6;3;True
53260;8;16;8;True
53261;1;1;0;True
53262;2;4;2;True
53263;4;9;5;True
53264;3;6;3;True
53265;7;16;9;True
53266;2;2;0;True
53267;3;6;3;True
53268;7;12;5;True
53269;5;9;4;True
53270;4;6;2;True
53271;7;16;9;True
53272;7;12;5;True
53273;5;12;7;True
53274;6;12;6;True
53275;6;12;6;True
53276;3;6;3;True
53277;3;6;3;True
53278;1;1;0;True
53279;3;3;0;True
53280;7;12;5;True
53281;5;9;4;True
53282;5;8;3;True
53283;7;12;5;True
53284;4;6;2;True
53285;3;4;1;True
53286;1;1;0;True
53287;4;9;5;True
53288;7;12;5;True
53289;6;12;6;True
53290;1;1;0;True
53291;3;6;3;True
53292;3;9;6;True
53293;4;8;4;True
53294;6;12;6;True
53295;3;4;1;True
53296;4;9;5;True
53297;4;4;0;True
53298;1;1;0;True
53299;5;12;7;True
53300;3;4;1;True
53301;4;6;2;True
53302;3;4;1;True
53303;4;9;5;True
53304;7;16;9;True
53305;6;9;3;True
53306;8;12;4;True
53307;4;9;5;True
53308;5;12;7;True
53309;2;2;0;True
53310;4;8;4;True
53311;2;4;2;True
53312;4;12;8;True
53313;5;9;4;True
53314;6;12;6;True
53315;5;12;7;True
53316;1;1;0;True
53317;1;1;0;True
53318;1;1;0;True
53319;5;9;4;True
53320;5;12;7;True
53321;5;8;3;True
53322;3;4;1;True
53323;4;9;5;True
53324;4;4;0;True
53325;8;16;8;True
53326;2;4;2;True
53327;6;12;6;True
53328;3;4;1;True
53329;2;2;0;True
53330;3;4;1;True
53331;7;12;5;True
53332;6;9;3;True
53333;1;1;0;True
53334;6;16;10;True
53335;0;0;0;True
53336;1;1;0;True
53337;1;1;0;True
53338;3;4;1;True
53339;5;8;3;True
53340;4;12;8;True
53341;0;0;0;True
53342;4;9;5;True
53343;1;1;0;True
53344;4;9;5;True
53345;2;4;2;True
53346;2;2;0;True
53347;4;9;5;True
53348;5;12;7;True
53349;9;16;7;True
53350;4;6;2;True
53351;2;2;0;True
53352;5;12;7;True
53353;6;16;10;True
53354;9;16;7;True
53355;2;2;0;True
53356;3;9;6;True
53357;4;12;8;True
53358;3;6;3;True
53359;1;1;0;True
53360;3;4;1;True
53361;6;9;3;True
53362;5;9;4;True
53363;4;9;5;True
53364;1;1;0;True
53365;5;12;7;True
53366;2;2;0;True
53367;4;6;2;True
53368;6;16;10;True
53369;6;12;6;True
53370;7;16;9;True
53371;2;4;2;True
53372;4;6;2;True
53373;5;12;7;True
53374;2;4;2;True
53375;1;1;0;True
53376;3;6;3;True
53377;1;1;0;True
53378;0;0;0;True
53379;0;0;0;True
53380;7;9;2;True
53381;2;4;2;True
53382;3;9;6;True
53383;1;1;0;True
53384;9;16;7;True
53385;8;16;8;True
53386;3;6;3;True
53387;6;12;6;True
53388;7;12;5;True
53389;5;16;11;True
53390;6;16;10;True
53391;2;4;2;True
53392;7;16;9;True
53393;3;6;3;True
53394;3;6;3;True
53395;2;4;2;True
53396;0;0;0;True
53397;3;4;1;True
53398;5;6;1;True
53399;5;12;7;True
53400;6;16;10;True
53401;2;4;2;True
53402;3;6;3;True
53403;5;9;4;True
53404;8;16;8;True
53405;8;16;8;True
53406;1;1;0;True
53407;10;16;6;True
53408;1;1;0;True
53409;3;9;6;True
53410;5;12;7;True
53411;6;12;6;True
53412;3;6;3;True
53413;0;0;0;True
53414;5;12;7;True
53415;1;1;0;True
53416;4;6;2;True
53417;1;1;0;True
53418;6;12;6;True
53419;2;4;2;True
53420;1;1;0;True
53421;0;0;0;True
53422;3;4;1;True
53423;3;6;3;True
53424;4;9;5;True
53425;5;12;7;True
53426;6;12;6;True
53427;4;6;2;True
53428;3;4;1;True
53429;4;6;2;True
53430;3;6;3;True
53431;6;8;2;True
53432;10;16;6;True
53433;2;2;0;True
53434;7;16;9;True
53435;3;4;1;True
53436;2;4;2;True
53437;3;6;3;True
53438;4;9;5;True
53439;0;0;0;True
53440;2;4;2;True
53441;0;0;0;True
53442;4;4;0;True
53443;3;4;1;True
53444;4;8;4;True
53445;1;1;0;True
53446;4;9;5;True
53447;3;4;1;True
53448;3;6;3;True
53449;0;0;0;True
53450;5;6;1;True
53451;2;4;2;True
53452;1;1;0;True
53453;2;4;2;True
53454;7;16;9;True
53455;5;12;7;True
53456;6;12;6;True
53457;3;9;6;True
53458;6;16;10;True
53459;0;0;0;True
53460;2;4;2;True
53461;2;4;2;True
53462;7;12;5;True
53463;2;4;2;True
53464;6;9;3;True
53465;0;0;0;True
53466;0;0;0;True
53467;5;16;11;True
53468;0;0;0;True
53469;4;9;5;True
53470;3;6;3;True
53471;4;9;5;True
53472;0;0;0;True
53473;5;12;7;True
53474;7;16;9;True
53475;5;9;4;True
53476;0;0;0;True
53477;5;12;7;True
53478;8;16;8;True
53479;1;1;0;True
53480;4;6;2;True
53481;1;1;0;True
53482;4;9;5;True
53483;2;4;2;True
53484;5;9;4;True
53485;3;6;3;True
53486;6;16;10;True
53487;1;1;0;True
53488;5;9;4;True
53489;7;16;9;True
53490;4;6;2;True
53491;4;6;2;True
53492;2;4;2;True
53493;7;12;5;True
53494;4;9;5;True
53495;3;6;3;True
53496;7;12;5;True
53497;7;16;9;True
53498;8;16;8;True
53499;6;8;2;True
53500;1;1;0;True
53501;3;6;3;True
53502;6;12;6;True
53503;6;12;6;True
53504;7;12;5;True
53505;3;9;6;True
53506;3;6;3;True
53507;6;9;3;True
53508;3;9;6;True
53509;2;4;2;True
53510;3;4;1;True
53511;4;9;5;True
53512;3;4;1;True
53513;9;12;3;True
53514;5;12;7;True
53515;7;12;5;True
53516;0;0;0;True
53517;4;9;5;True
53518;4;9;5;True
53519;3;6;3;True
53520;2;4;2;True
53521;0;0;0;True
53522;1;1;0;True
53523;4;9;5;True
53524;1;1;0;True
53525;5;12;7;True
53526;5;12;7;True
53527;4;6;2;True
53528;2;2;0;True
53529;7;16;9;True
53530;6;12;6;True
53531;5;8;3;True
53532;6;16;10;True
53533;2;2;0;True
53534;6;12;6;True
53535;4;12;8;True
53536;0;0;0;True
53537;5;9;4;True
53538;4;9;5;True
53539;5;12;7;True
53540;2;4;2;True
53541;6;12;6;True
53542;3;9;6;True
53543;6;12;6;True
53544;5;12;7;True
53545;3;6;3;True
53546;1;1;0;True
53547;0;0;0;True
53548;5;12;7;True
53549;7;12;5;True
53550;4;9;5;True
53551;3;4;1;True
53552;3;4;1;True
53553;8;16;8;True
53554;2;4;2;True
53555;3;4;1;True
53556;4;6;2;True
53557;1;1;0;True
53558;7;12;5;True
53559;4;12;8;True
53560;1;1;0;True
53561;7;12;5;True
53562;4;6;2;True
53563;2;2;0;True
53564;5;8;3;True
53565;7;16;9;True
53566;2;2;0;True
53567;3;4;1;True
53568;2;4;2;True
53569;3;6;3;True
53570;3;6;3;True
53571;4;12;8;True
53572;7;16;9;True
53573;0;0;0;True
53574;3;6;3;True
53575;3;4;1;True
53576;0;0;0;True
53577;0;0;0;True
53578;9;16;7;True
53579;1;1;0;True
53580;4;12;8;True
53581;1;1;0;True
53582;6;16;10;True
53583;6;16;10;True
53584;2;2;0;True
53585;1;1;0;True
53586;8;16;8;True
53587;2;4;2;True
53588;2;2;0;True
53589;1;1;0;True
53590;0;0;0;True
53591;4;9;5;True
53592;1;1;0;True
53593;3;6;3;True
53594;5;16;11;True
53595;6;9;3;True
53596;2;2;0;True
53597;2;4;2;True
53598;5;9;4;True
53599;3;6;3;True
53600;7;16;9;True
53601;0;0;0;True
53602;3;4;1;True
53603;2;2;0;True
53604;4;9;5;True
53605;3;6;3;True
53606;5;16;11;True
53607;0;0;0;True
53608;3;3;0;True
53609;7;16;9;True
53610;4;9;5;True
53611;2;4;2;True
53612;5;9;4;True
53613;0;0;0;True
53614;2;4;2;True
53615;4;6;2;True
53616;1;1;0;True
53617;1;1;0;True
53618;5;9;4;True
53619;2;4;2;True
53620;4;12;8;True
53621;1;1;0;True
53622;2;4;2;True
53623;0;0;0;True
53624;8;16;8;True
53625;3;6;3;True
53626;2;4;2;True
53627;3;6;3;True
53628;6;16;10;True
53629;3;6;3;True
53630;1;1;0;True
53631;3;6;3;True
53632;4;9;5;True
53633;4;9;5;True
53634;1;1;0;True
53635;5;9;4;True
53636;4;12;8;True
53637;5;12;7;True
53638;5;12;7;True
53639;7;16;9;True
53640;4;9;5;True
53641;2;2;0;True
53642;4;12;8;True
53643;4;9;5;True
53644;5;12;7;True
53645;3;3;0;True
53646;3;6;3;True
53647;5;12;7;True
53648;1;1;0;True
53649;6;9;3;True
53650;4;9;5;True
53651;2;4;2;True
53652;4;12;8;True
53653;7;12;5;True
53654;1;1;0;True
53655;1;1;0;True
53656;3;4;1;True
53657;3;4;1;True
53658;3;4;1;True
53659;6;16;10;True
53660;2;4;2;True
53661;2;4;2;True
53662;5;12;7;True
53663;7;9;2;True
53664;2;4;2;True
53665;4;9;5;True
53666;3;4;1;True
53667;6;12;6;True
53668;4;6;2;True
53669;6;12;6;True
53670;1;1;0;True
53671;1;1;0;True
53672;1;1;0;True
53673;5;9;4;True
53674;5;9;4;True
53675;2;2;0;True
53676;3;6;3;True
53677;6;9;3;True
53678;4;6;2;True
53679;7;12;5;True
53680;6;12;6;True
53681;2;4;2;True
53682;3;6;3;True
53683;7;16;9;True
53684;1;1;0;True
53685;2;2;0;True
53686;6;12;6;True
53687;6;12;6;True
53688;3;6;3;True
53689;4;12;8;True
53690;7;12;5;True
53691;5;12;7;True
53692;2;4;2;True
53693;4;6;2;True
53694;3;6;3;True
53695;2;4;2;True
53696;6;16;10;True
53697;2;2;0;True
53698;3;6;3;True
53699;7;16;9;True
53700;5;12;7;True
53701;1;1;0;True
53702;3;4;1;True
53703;4;9;5;True
53704;3;4;1;True
53705;9;16;7;True
53706;7;16;9;True
53707;2;4;2;True
53708;5;6;1;True
53709;4;6;2;True
53710;4;9;5;True
53711;3;9;6;True
53712;6;16;10;True
53713;4;8;4;True
53714;6;12;6;True
53715;2;2;0;True
53716;2;4;2;True
53717;3;6;3;True
53718;9;16;7;True
53719;0;0;0;True
53720;8;12;4;True
53721;1;1;0;True
53722;2;4;2;True
53723;5;12;7;True
53724;3;6;3;True
53725;1;1;0;True
53726;2;2;0;True
53727;2;4;2;True
53728;4;12;8;True
53729;8;16;8;True
53730;1;1;0;True
53731;9;16;7;True
53732;1;1;0;True
53733;8;16;8;True
53734;4;8;4;True
53735;1;1;0;True
53736;0;0;0;True
53737;1;1;0;True
53738;4;12;8;True
53739;7;16;9;True
53740;3;9;6;True
53741;3;6;3;True
53742;3;3;0;True
53743;0;0;0;True
53744;6;9;3;True
53745;2;4;2;True
53746;7;16;9;True
53747;5;16;11;True
53748;1;1;0;True
53749;4;6;2;True
53750;5;12;7;True
53751;1;1;0;True
53752;2;2;0;True
53753;3;4;1;True
53754;2;2;0;True
53755;3;6;3;True
53756;4;9;5;True
53757;7;16;9;True
53758;4;9;5;True
53759;5;12;7;True
53760;5;12;7;True
53761;9;16;7;True
53762;1;1;0;True
53763;4;12;8;True
53764;5;12;7;True
53765;0;0;0;True
53766;5;9;4;True
53767;5;12;7;True
53768;6;12;6;True
53769;6;8;2;True
53770;2;2;0;True
53771;2;2;0;True
53772;4;9;5;True
53773;1;1;0;True
53774;3;6;3;True
53775;7;12;5;True
53776;3;6;3;True
53777;3;4;1;True
53778;3;9;6;True
53779;4;6;2;True
53780;3;6;3;True
53781;3;4;1;True
53782;5;12;7;True
53783;3;6;3;True
53784;3;6;3;True
53785;1;1;0;True
53786;6;9;3;True
53787;5;8;3;True
53788;6;12;6;True
53789;1;1;0;True
53790;4;6;2;True
53791;1;1;0;True
53792;2;4;2;True
53793;4;6;2;True
53794;4;12;8;True
53795;2;4;2;True
53796;3;4;1;True
53797;1;1;0;True
53798;4;9;5;True
53799;4;6;2;True
53800;1;1;0;True
53801;2;4;2;True
53802;4;6;2;True
53803;4;12;8;True
53804;1;1;0;True
53805;5;12;7;True
53806;3;6;3;True
53807;9;16;7;True
53808;0;0;0;True
53809;6;12;6;True
53810;4;9;5;True
53811;4;12;8;True
53812;4;4;0;True
53813;3;3;0;True
53814;3;6;3;True
53815;2;2;0;True
53816;2;4;2;True
53817;5;12;7;True
53818;0;0;0;True
53819;3;4;1;True
53820;2;2;0;True
53821;4;6;2;True
53822;4;9;5;True
53823;2;2;0;True
53824;3;9;6;True
53825;3;6;3;True
53826;3;6;3;True
53827;5;12;7;True
53828;3;6;3;True
53829;2;4;2;True
53830;3;6;3;True
53831;0;0;0;True
53832;4;6;2;True
53833;3;6;3;True
53834;3;4;1;True
53835;6;12;6;True
53836;4;6;2;True
53837;2;2;0;True
53838;1;1;0;True
53839;1;1;0;True
53840;5;12;7;True
53841;3;3;0;True
53842;4;12;8;True
53843;5;6;1;True
53844;1;1;0;True
53845;3;4;1;True
53846;0;0;0;True
53847;6;12;6;True
53848;4;9;5;True
53849;1;1;0;True
53850;5;12;7;True
53851;5;9;4;True
53852;4;6;2;True
53853;2;4;2;True
53854;4;9;5;True
53855;4;6;2;True
53856;2;2;0;True
53857;5;12;7;True
53858;4;9;5;True
53859;2;2;0;True
53860;0;0;0;True
53861;2;4;2;True
53862;4;4;0;True
53863;2;2;0;True
53864;2;4;2;True
53865;6;12;6;True
53866;3;6;3;True
53867;4;9;5;True
53868;3;6;3;True
53869;5;9;4;True
53870;1;1;0;True
53871;6;12;6;True
53872;0;0;0;True
53873;4;8;4;True
53874;8;16;8;True
53875;1;1;0;True
53876;0;0;0;True
53877;4;12;8;True
53878;3;4;1;True
53879;4;6;2;True
53880;8;16;8;True
53881;4;9;5;True
53882;7;12;5;True
53883;3;6;3;True
53884;1;1;0;True
53885;1;1;0;True
53886;5;8;3;True
53887;2;4;2;True
53888;2;4;2;True
53889;7;16;9;True
53890;3;4;1;True
53891;1;1;0;True
53892;5;12;7;True
53893;0;0;0;True
53894;6;12;6;True
53895;2;2;0;True
53896;6;9;3;True
53897;4;9;5;True
53898;7;12;5;True
53899;4;6;2;True
53900;6;12;6;True
53901;4;9;5;True
53902;2;4;2;True
53903;7;16;9;True
53904;0;0;0;True
53905;2;2;0;True
53906;0;0;0;True
53907;2;2;0;True
53908;0;0;0;True
53909;2;2;0;True
53910;2;4;2;True
53911;2;2;0;True
53912;1;1;0;True
53913;5;9;4;True
53914;2;4;2;True
53915;0;0;0;True
53916;5;12;7;True
53917;5;12;7;True
53918;3;6;3;True
53919;2;4;2;True
53920;3;9;6;True
53921;1;1;0;True
53922;1;1;0;True
53923;2;4;2;True
53924;1;1;0;True
53925;2;2;0;True
53926;3;6;3;True
53927;5;12;7;True
53928;5;9;4;True
53929;4;9;5;True
53930;2;4;2;True
53931;10;16;6;True
53932;3;4;1;True
53933;6;12;6;True
53934;2;4;2;True
53935;5;9;4;True
53936;2;4;2;True
53937;6;12;6;True
53938;3;6;3;True
53939;4;9;5;True
53940;3;6;3;True
53941;4;8;4;True
53942;2;2;0;True
53943;4;9;5;True
53944;5;12;7;True
53945;2;4;2;True
53946;12;16;4;True
53947;2;2;0;True
53948;3;6;3;True
53949;5;9;4;True
53950;3;4;1;True
53951;1;1;0;True
53952;2;4;2;True
53953;0;0;0;True
53954;2;2;0;True
53955;5;9;4;True
53956;4;6;2;True
53957;8;16;8;True
53958;4;9;5;True
53959;5;16;11;True
53960;2;2;0;True
53961;1;1;0;True
53962;4;12;8;True
53963;8;16;8;True
53964;3;9;6;True
53965;4;6;2;True
53966;1;1;0;True
53967;8;12;4;True
53968;4;6;2;True
53969;3;6;3;True
53970;2;4;2;True
53971;3;9;6;True
53972;1;1;0;True
53973;2;4;2;True
53974;2;4;2;True
53975;4;6;2;True
53976;4;9;5;True
53977;4;6;2;True
53978;0;0;0;True
53979;6;16;10;True
53980;4;9;5;True
53981;1;1;0;True
53982;5;12;7;True
53983;5;12;7;True
53984;3;4;1;True
53985;5;12;7;True
53986;5;12;7;True
53987;4;6;2;True
53988;8;12;4;True
53989;1;1;0;True
53990;7;12;5;True
53991;1;1;0;True
53992;2;4;2;True
53993;5;9;4;True
53994;1;1;0;True
53995;6;12;6;True
53996;1;1;0;True
53997;5;9;4;True
53998;4;6;2;True
53999;5;9;4;True
54000;4;6;2;True
54001;4;9;5;True
54002;7;12;5;True
54003;4;9;5;True
54004;2;2;0;True
54005;3;9;6;True
54006;0;0;0;True
54007;1;1;0;True
54008;3;4;1;True
54009;4;8;4;True
54010;4;9;5;True
54011;3;6;3;True
54012;3;6;3;True
54013;5;16;11;True
54014;2;2;0;True
54015;7;12;5;True
54016;1;1;0;True
54017;2;4;2;True
54018;1;1;0;True
54019;3;6;3;True
54020;1;1;0;True
54021;1;1;0;True
54022;4;6;2;True
54023;2;2;0;True
54024;3;6;3;True
54025;3;9;6;True
54026;2;4;2;True
54027;6;12;6;True
54028;2;4;2;True
54029;8;16;8;True
54030;1;1;0;True
54031;1;1;0;True
54032;1;1;0;True
54033;7;12;5;True
54034;4;8;4;True
54035;10;16;6;True
54036;6;9;3;True
54037;4;6;2;True
54038;5;8;3;True
54039;4;6;2;True
54040;1;1;0;True
54041;3;6;3;True
54042;1;1;0;True
54043;5;9;4;True
54044;5;9;4;True
54045;3;6;3;True
54046;5;6;1;True
54047;9;16;7;True
54048;2;2;0;True
54049;6;16;10;True
54050;4;9;5;True
54051;3;6;3;True
54052;2;2;0;True
54053;4;9;5;True
54054;2;4;2;True
54055;5;8;3;True
54056;2;2;0;True
54057;3;6;3;True
54058;7;12;5;True
54059;3;6;3;True
54060;5;12;7;True
54061;3;4;1;True
54062;5;12;7;True
54063;3;4;1;True
54064;6;12;6;True
54065;4;8;4;True
54066;5;12;7;True
54067;6;12;6;True
54068;3;6;3;True
54069;1;1;0;True
54070;4;9;5;True
54071;7;12;5;True
54072;5;12;7;True
54073;7;12;5;True
54074;6;9;3;True
54075;4;6;2;True
54076;5;12;7;True
54077;7;16;9;True
54078;5;9;4;True
54079;5;9;4;True
54080;3;3;0;True
54081;2;2;0;True
54082;3;3;0;True
54083;1;1;0;True
54084;0;0;0;True
54085;0;0;0;True
54086;2;2;0;True
54087;4;9;5;True
54088;5;9;4;True
54089;6;12;6;True
54090;1;1;0;True
54091;2;4;2;True
54092;9;16;7;True
54093;3;4;1;True
54094;0;0;0;True
54095;5;12;7;True
54096;3;4;1;True
54097;2;2;0;True
54098;7;16;9;True
54099;5;9;4;True
54100;4;6;2;True
54101;3;6;3;True
54102;2;4;2;True
54103;6;12;6;True
54104;2;4;2;True
54105;4;9;5;True
54106;5;8;3;True
54107;3;3;0;True
54108;7;16;9;True
54109;6;12;6;True
54110;5;12;7;True
54111;4;9;5;True
54112;4;6;2;True
54113;1;1;0;True
54114;4;12;8;True
54115;1;1;0;True
54116;10;16;6;True
54117;2;4;2;True
54118;4;9;5;True
54119;1;1;0;True
54120;2;4;2;True
54121;2;4;2;True
54122;5;12;7;True
54123;1;1;0;True
54124;7;16;9;True
54125;0;0;0;True
54126;2;2;0;True
54127;5;9;4;True
54128;2;2;0;True
54129;1;1;0;True
54130;1;1;0;True
54131;6;8;2;True
54132;6;16;10;True
54133;1;1;0;True
54134;2;4;2;True
54135;8;16;8;True
54136;2;4;2;True
54137;8;12;4;True
54138;7;16;9;True
54139;5;16;11;True
54140;6;12;6;True
54141;4;9;5;True
54142;3;6;3;True
54143;5;8;3;True
54144;5;9;4;True
54145;5;12;7;True
54146;3;9;6;True
54147;1;1;0;True
54148;3;6;3;True
54149;6;16;10;True
54150;4;6;2;True
54151;1;1;0;True
54152;6;9;3;True
54153;4;6;2;True
54154;3;6;3;True
54155;3;4;1;True
54156;4;9;5;True
54157;7;12;5;True
54158;4;6;2;True
54159;0;0;0;True
54160;5;9;4;True
54161;1;1;0;True
54162;1;1;0;True
54163;0;0;0;True
54164;7;16;9;True
54165;6;16;10;True
54166;4;9;5;True
54167;2;4;2;True
54168;4;9;5;True
54169;4;6;2;True
54170;6;16;10;True
54171;7;12;5;True
54172;2;2;0;True
54173;2;2;0;True
54174;2;4;2;True
54175;5;6;1;True
54176;2;4;2;True
54177;3;6;3;True
54178;1;1;0;True
54179;6;16;10;True
54180;3;6;3;True
54181;1;1;0;True
54182;5;8;3;True
54183;3;6;3;True
54184;1;1;0;True
54185;8;16;8;True
54186;3;6;3;True
54187;0;0;0;True
54188;4;6;2;True
54189;4;9;5;True
54190;5;12;7;True
54191;0;0;0;True
54192;2;4;2;True
54193;3;4;1;True
54194;4;6;2;True
54195;5;9;4;True
54196;0;0;0;True
54197;1;1;0;True
54198;2;4;2;True
54199;6;12;6;True
54200;4;6;2;True
54201;8;16;8;True
54202;4;12;8;True
54203;1;1;0;True
54204;3;6;3;True
54205;5;12;7;True
54206;3;4;1;True
54207;5;9;4;True
54208;3;6;3;True
54209;4;9;5;True
54210;4;9;5;True
54211;2;4;2;True
54212;2;2;0;True
54213;4;6;2;True
54214;3;6;3;True
54215;3;6;3;True
54216;5;9;4;True
54217;5;12;7;True
54218;2;4;2;True
54219;7;16;9;True
54220;4;9;5;True
54221;5;9;4;True
54222;3;6;3;True
54223;4;9;5;True
54224;3;4;1;True
54225;2;2;0;True
54226;0;0;0;True
54227;6;16;10;True
54228;4;9;5;True
54229;6;16;10;True
54230;1;1;0;True
54231;8;16;8;True
54232;6;8;2;True
54233;5;9;4;True
54234;2;4;2;True
54235;4;9;5;True
54236;4;12;8;True
54237;1;1;0;True
54238;10;16;6;True
54239;7;12;5;True
54240;0;0;0;True
54241;6;9;3;True
54242;6;16;10;True
54243;2;4;2;True
54244;3;6;3;True
54245;6;12;6;True
54246;1;1;0;True
54247;7;16;9;True
54248;0;0;0;True
54249;2;4;2;True
54250;0;0;0;True
54251;4;8;4;True
54252;2;2;0;True
54253;3;3;0;True
54254;4;9;5;True
54255;7;16;9;True
54256;7;8;1;True
54257;0;0;0;True
54258;2;4;2;True
54259;1;1;0;True
54260;6;12;6;True
54261;4;9;5;True
54262;1;1;0;True
54263;6;16;10;True
54264;7;16;9;True
54265;1;1;0;True
54266;6;16;10;True
54267;6;16;10;True
54268;3;9;6;True
54269;1;1;0;True
54270;6;12;6;True
54271;2;4;2;True
54272;6;16;10;True
54273;3;4;1;True
54274;3;4;1;True
54275;4;6;2;True
54276;2;2;0;True
54277;3;6;3;True
54278;4;6;2;True
54279;3;6;3;True
54280;2;2;0;True
54281;1;1;0;True
54282;1;1;0;True
54283;2;2;0;True
54284;6;9;3;True
54285;6;16;10;True
54286;3;4;1;True
54287;1;1;0;True
54288;2;2;0;True
54289;5;9;4;True
54290;1;1;0;True
54291;7;12;5;True
54292;3;6;3;True
54293;3;9;6;True
54294;3;4;1;True
54295;2;2;0;True
54296;0;0;0;True
54297;4;6;2;True
54298;3;6;3;True
54299;5;12;7;True
54300;4;12;8;True
54301;2;2;0;True
54302;7;9;2;True
54303;1;1;0;True
54304;7;16;9;True
54305;1;1;0;True
54306;3;9;6;True
54307;1;1;0;True
54308;4;9;5;True
54309;2;4;2;True
54310;5;9;4;True
54311;3;4;1;True
54312;6;12;6;True
54313;4;8;4;True
54314;6;16;10;True
54315;4;4;0;True
54316;4;9;5;True
54317;1;1;0;True
54318;1;1;0;True
54319;4;9;5;True
54320;1;1;0;True
54321;0;0;0;True
54322;6;12;6;True
54323;1;1;0;True
54324;3;6;3;True
54325;1;1;0;True
54326;3;9;6;True
54327;1;1;0;True
54328;2;4;2;True
54329;2;4;2;True
54330;3;9;6;True
54331;2;4;2;True
54332;6;9;3;True
54333;1;1;0;True
54334;2;2;0;True
54335;6;12;6;True
54336;7;12;5;True
54337;5;16;11;True
54338;5;16;11;True
54339;3;6;3;True
54340;3;4;1;True
54341;3;4;1;True
54342;3;9;6;True
54343;3;9;6;True
54344;7;16;9;True
54345;1;1;0;True
54346;3;9;6;True
54347;4;6;2;True
54348;0;0;0;True
54349;1;1;0;True
54350;3;9;6;True
54351;3;6;3;True
54352;4;9;5;True
54353;5;12;7;True
54354;3;6;3;True
54355;2;4;2;True
54356;4;9;5;True
54357;1;1;0;True
54358;5;12;7;True
54359;0;0;0;True
54360;5;9;4;True
54361;7;16;9;True
54362;6;12;6;True
54363;9;16;7;True
54364;3;6;3;True
54365;4;6;2;True
54366;7;16;9;True
54367;7;16;9;True
54368;4;6;2;True
54369;0;0;0;True
54370;5;9;4;True
54371;4;6;2;True
54372;6;12;6;True
54373;6;12;6;True
54374;2;4;2;True
54375;1;1;0;True
54376;5;12;7;True
54377;4;6;2;True
54378;1;1;0;True
54379;6;16;10;True
54380;5;12;7;True
54381;7;12;5;True
54382;4;8;4;True
54383;3;4;1;True
54384;5;16;11;True
54385;10;12;2;True
54386;5;9;4;True
54387;3;6;3;True
54388;1;1;0;True
54389;7;16;9;True
54390;5;16;11;True
54391;3;3;0;True
54392;2;4;2;True
54393;3;6;3;True
54394;6;9;3;True
54395;1;1;0;True
54396;7;12;5;True
54397;2;2;0;True
54398;3;6;3;True
54399;5;12;7;True
54400;3;6;3;True
54401;0;0;0;True
54402;1;1;0;True
54403;2;4;2;True
54404;10;16;6;True
54405;7;12;5;True
54406;6;12;6;True
54407;4;9;5;True
54408;3;4;1;True
54409;5;16;11;True
54410;0;0;0;True
54411;3;6;3;True
54412;12;16;4;True
54413;5;9;4;True
54414;3;6;3;True
54415;1;1;0;True
54416;4;8;4;True
54417;5;12;7;True
54418;4;9;5;True
54419;2;2;0;True
54420;1;1;0;True
54421;4;9;5;True
54422;5;12;7;True
54423;6;16;10;True
54424;1;1;0;True
54425;6;16;10;True
54426;6;12;6;True
54427;6;16;10;True
54428;1;1;0;True
54429;3;6;3;True
54430;5;12;7;True
54431;1;1;0;True
54432;3;4;1;True
54433;1;1;0;True
54434;7;16;9;True
54435;5;12;7;True
54436;6;9;3;True
54437;0;0;0;True
54438;3;6;3;True
54439;2;4;2;True
54440;6;12;6;True
54441;2;4;2;True
54442;4;8;4;True
54443;4;9;5;True
54444;3;4;1;True
54445;4;9;5;True
54446;1;1;0;True
54447;5;9;4;True
54448;9;12;3;True
54449;6;12;6;True
54450;3;4;1;True
54451;1;1;0;True
54452;3;6;3;True
54453;1;1;0;True
54454;3;9;6;True
54455;0;0;0;True
54456;7;9;2;True
54457;7;16;9;True
54458;9;16;7;True
54459;3;4;1;True
54460;2;4;2;True
54461;6;9;3;True
54462;2;4;2;True
54463;5;9;4;True
54464;0;0;0;True
54465;6;8;2;True
54466;2;4;2;True
54467;2;2;0;True
54468;4;6;2;True
54469;3;4;1;True
54470;1;1;0;True
54471;3;6;3;True
54472;6;16;10;True
54473;3;3;0;True
54474;4;8;4;True
54475;3;9;6;True
54476;3;6;3;True
54477;4;6;2;True
54478;0;0;0;True
54479;1;1;0;True
54480;2;2;0;True
54481;2;4;2;True
54482;6;16;10;True
54483;1;1;0;True
54484;1;1;0;True
54485;2;4;2;True
54486;1;1;0;True
54487;4;9;5;True
54488;2;2;0;True
54489;3;4;1;True
54490;5;16;11;True
54491;4;12;8;True
54492;1;1;0;True
54493;8;16;8;True
54494;6;16;10;True
54495;1;1;0;True
54496;5;12;7;True
54497;4;12;8;True
54498;4;9;5;True
54499;3;6;3;True
54500;6;12;6;True
54501;1;1;0;True
54502;4;6;2;True
54503;1;1;0;True
54504;4;8;4;True
54505;4;6;2;True
54506;3;6;3;True
54507;2;4;2;True
54508;0;0;0;True
54509;7;16;9;True
54510;6;12;6;True
54511;4;12;8;True
54512;0;0;0;True
54513;6;12;6;True
54514;1;1;0;True
54515;2;4;2;True
54516;8;12;4;True
54517;0;0;0;True
54518;2;2;0;True
54519;3;6;3;True
54520;1;1;0;True
54521;3;6;3;True
54522;3;6;3;True
54523;5;9;4;True
54524;10;16;6;True
54525;5;12;7;True
54526;0;0;0;True
54527;3;6;3;True
54528;3;4;1;True
54529;5;12;7;True
54530;5;12;7;True
54531;5;9;4;True
54532;3;6;3;True
54533;5;12;7;True
54534;7;16;9;True
54535;1;1;0;True
54536;8;16;8;True
54537;4;9;5;True
54538;6;16;10;True
54539;0;0;0;True
54540;4;9;5;True
54541;4;9;5;True
54542;6;12;6;True
54543;3;6;3;True
54544;1;1;0;True
54545;4;6;2;True
54546;4;6;2;True
54547;4;9;5;True
54548;6;16;10;True
54549;4;6;2;True
54550;3;6;3;True
54551;2;4;2;True
54552;4;9;5;True
54553;6;9;3;True
54554;0;0;0;True
54555;8;16;8;True
54556;4;9;5;True
54557;2;2;0;True
54558;4;6;2;True
54559;1;1;0;True
54560;2;2;0;True
54561;4;12;8;True
54562;2;4;2;True
54563;1;1;0;True
54564;2;2;0;True
54565;4;9;5;True
54566;0;0;0;True
54567;1;1;0;True
54568;4;12;8;True
54569;4;9;5;True
54570;2;2;0;True
54571;6;12;6;True
54572;1;1;0;True
54573;3;4;1;True
54574;5;16;11;True
54575;4;6;2;True
54576;8;12;4;True
54577;2;4;2;True
54578;2;4;2;True
54579;2;4;2;True
54580;5;12;7;True
54581;2;4;2;True
54582;2;2;0;True
54583;5;16;11;True
54584;6;16;10;True
54585;2;4;2;True
54586;3;4;1;True
54587;2;2;0;True
54588;2;4;2;True
54589;7;12;5;True
54590;3;6;3;True
54591;4;6;2;True
54592;6;12;6;True
54593;4;4;0;True
54594;1;1;0;True
54595;6;12;6;True
54596;6;12;6;True
54597;2;4;2;True
54598;6;12;6;True
54599;4;9;5;True
54600;9;16;7;True
54601;10;16;6;True
54602;4;9;5;True
54603;1;1;0;True
54604;1;1;0;True
54605;4;9;5;True
54606;3;4;1;True
54607;4;6;2;True
54608;1;1;0;True
54609;3;4;1;True
54610;4;8;4;True
54611;3;6;3;True
54612;1;1;0;True
54613;3;6;3;True
54614;3;6;3;True
54615;6;16;10;True
54616;4;12;8;True
54617;1;1;0;True
54618;3;9;6;True
54619;4;9;5;True
54620;1;1;0;True
54621;4;9;5;True
54622;6;16;10;True
54623;3;4;1;True
54624;5;9;4;True
54625;4;9;5;True
54626;7;16;9;True
54627;6;16;10;True
54628;1;1;0;True
54629;3;6;3;True
54630;4;12;8;True
54631;4;9;5;True
54632;4;9;5;True
54633;8;16;8;True
54634;9;16;7;True
54635;1;1;0;True
54636;6;12;6;True
54637;6;12;6;True
54638;2;4;2;True
54639;6;12;6;True
54640;3;6;3;True
54641;0;0;0;True
54642;5;12;7;True
54643;6;16;10;True
54644;1;1;0;True
54645;2;2;0;True
54646;3;6;3;True
54647;3;4;1;True
54648;6;12;6;True
54649;5;9;4;True
54650;3;6;3;True
54651;4;9;5;True
54652;4;9;5;True
54653;3;4;1;True
54654;3;6;3;True
54655;3;4;1;True
54656;6;16;10;True
54657;3;6;3;True
54658;3;6;3;True
54659;7;12;5;True
54660;10;16;6;True
54661;3;9;6;True
54662;3;6;3;True
54663;0;0;0;True
54664;7;16;9;True
54665;2;4;2;True
54666;5;9;4;True
54667;2;4;2;True
54668;6;8;2;True
54669;0;0;0;True
54670;1;1;0;True
54671;7;12;5;True
54672;4;9;5;True
54673;2;4;2;True
54674;5;9;4;True
54675;1;1;0;True
54676;2;4;2;True
54677;8;16;8;True
54678;6;9;3;True
54679;2;4;2;True
54680;2;4;2;True
54681;2;2;0;True
54682;5;8;3;True
54683;7;12;5;True
54684;1;1;0;True
54685;4;8;4;True
54686;2;2;0;True
54687;2;2;0;True
54688;2;4;2;True
54689;0;0;0;True
54690;2;4;2;True
54691;3;4;1;True
54692;7;12;5;True
54693;3;6;3;True
54694;10;16;6;True
54695;2;2;0;True
54696;0;0;0;True
54697;4;9;5;True
54698;4;9;5;True
54699;7;16;9;True
54700;4;9;5;True
54701;6;16;10;True
54702;2;2;0;True
54703;6;16;10;True
54704;5;12;7;True
54705;3;6;3;True
54706;2;4;2;True
54707;5;12;7;True
54708;8;12;4;True
54709;3;6;3;True
54710;3;6;3;True
54711;7;16;9;True
54712;5;9;4;True
54713;0;0;0;True
54714;3;9;6;True
54715;4;9;5;True
54716;4;6;2;True
54717;3;6;3;True
54718;4;12;8;True
54719;6;16;10;True
54720;3;6;3;True
54721;7;16;9;True
54722;2;2;0;True
54723;1;1;0;True
54724;3;4;1;True
54725;2;2;0;True
54726;0;0;0;True
54727;2;2;0;True
54728;2;2;0;True
54729;6;16;10;True
54730;3;6;3;True
54731;5;12;7;True
54732;0;0;0;True
54733;1;1;0;True
54734;4;12;8;True
54735;2;2;0;True
54736;7;16;9;True
54737;3;6;3;True
54738;2;2;0;True
54739;2;4;2;True
54740;4;9;5;True
54741;5;12;7;True
54742;3;4;1;True
54743;10;12;2;True
54744;2;4;2;True
54745;3;9;6;True
54746;3;9;6;True
54747;2;4;2;True
54748;4;6;2;True
54749;1;1;0;True
54750;2;4;2;True
54751;4;9;5;True
54752;1;1;0;True
54753;3;3;0;True
54754;1;1;0;True
54755;4;6;2;True
54756;5;12;7;True
54757;5;12;7;True
54758;3;6;3;True
54759;3;6;3;True
54760;1;1;0;True
54761;3;9;6;True
54762;6;12;6;True
54763;2;4;2;True
54764;6;12;6;True
54765;2;4;2;True
54766;5;12;7;True
54767;2;4;2;True
54768;4;9;5;True
54769;0;0;0;True
54770;1;1;0;True
54771;1;1;0;True
54772;2;4;2;True
54773;1;1;0;True
54774;3;4;1;True
54775;1;1;0;True
54776;3;6;3;True
54777;1;1;0;True
54778;2;2;0;True
54779;2;4;2;True
54780;2;4;2;True
54781;3;9;6;True
54782;7;12;5;True
54783;0;0;0;True
54784;4;6;2;True
54785;1;1;0;True
54786;0;0;0;True
54787;1;1;0;True
54788;3;6;3;True
54789;1;1;0;True
54790;3;6;3;True
54791;3;4;1;True
54792;2;4;2;True
54793;5;9;4;True
54794;4;6;2;True
54795;6;16;10;True
54796;7;16;9;True
54797;2;4;2;True
54798;4;6;2;True
54799;1;1;0;True
54800;4;6;2;True
54801;6;8;2;True
54802;7;16;9;True
54803;1;1;0;True
54804;2;4;2;True
54805;4;9;5;True
54806;8;16;8;True
54807;4;9;5;True
54808;10;16;6;True
54809;3;9;6;True
54810;1;1;0;True
54811;3;6;3;True
54812;3;4;1;True
54813;2;2;0;True
54814;6;12;6;True
54815;6;9;3;True
54816;5;12;7;True
54817;0;0;0;True
54818;2;2;0;True
54819;6;8;2;True
54820;6;16;10;True
54821;5;16;11;True
54822;2;4;2;True
54823;3;6;3;True
54824;1;1;0;True
54825;6;16;10;True
54826;3;6;3;True
54827;6;9;3;True
54828;2;2;0;True
54829;3;6;3;True
54830;2;4;2;True
54831;7;12;5;True
54832;1;1;0;True
54833;4;12;8;True
54834;4;6;2;True
54835;3;6;3;True
54836;0;0;0;True
54837;1;1;0;True
54838;4;9;5;True
54839;4;9;5;True
54840;0;0;0;True
54841;3;6;3;True
54842;4;9;5;True
54843;5;12;7;True
54844;3;3;0;True
54845;3;6;3;True
54846;5;12;7;True
54847;1;1;0;True
54848;1;1;0;True
54849;3;6;3;True
54850;5;9;4;True
54851;1;1;0;True
54852;3;6;3;True
54853;0;0;0;True
54854;1;1;0;True
54855;8;16;8;True
54856;4;12;8;True
54857;2;2;0;True
54858;0;0;0;True
54859;2;4;2;True
54860;4;9;5;True
54861;9;16;7;True
54862;4;9;5;True
54863;5;9;4;True
54864;4;12;8;True
54865;1;1;0;True
54866;2;4;2;True
54867;7;12;5;True
54868;5;6;1;True
54869;6;16;10;True
54870;6;12;6;True
54871;5;12;7;True
54872;3;6;3;True
54873;5;12;7;True
54874;2;2;0;True
54875;7;16;9;True
54876;3;6;3;True
54877;2;4;2;True
54878;1;1;0;True
54879;1;1;0;True
54880;6;12;6;True
54881;2;4;2;True
54882;5;6;1;True
54883;6;16;10;True
54884;4;6;2;True
54885;2;4;2;True
54886;1;1;0;True
54887;4;6;2;True
54888;3;9;6;True
54889;2;4;2;True
54890;6;12;6;True
54891;1;1;0;True
54892;4;9;5;True
54893;2;2;0;True
54894;4;6;2;True
54895;6;16;10;True
54896;4;6;2;True
54897;4;9;5;True
54898;5;12;7;True
54899;2;2;0;True
54900;3;4;1;True
54901;1;1;0;True
54902;1;1;0;True
54903;4;12;8;True
54904;6;9;3;True
54905;3;9;6;True
54906;8;12;4;True
54907;3;6;3;True
54908;3;6;3;True
54909;5;9;4;True
54910;1;1;0;True
54911;3;6;3;True
54912;2;4;2;True
54913;3;4;1;True
54914;2;4;2;True
54915;4;12;8;True
54916;7;12;5;True
54917;3;9;6;True
54918;6;8;2;True
54919;7;16;9;True
54920;10;16;6;True
54921;0;0;0;True
54922;2;2;0;True
54923;9;16;7;True
54924;6;9;3;True
54925;5;9;4;True
54926;3;4;1;True
54927;7;12;5;True
54928;0;0;0;True
54929;7;12;5;True
54930;6;16;10;True
54931;2;4;2;True
54932;7;16;9;True
54933;0;0;0;True
54934;3;6;3;True
54935;7;16;9;True
54936;3;6;3;True
54937;3;6;3;True
54938;4;12;8;True
54939;3;6;3;True
54940;8;16;8;True
54941;2;2;0;True
54942;2;4;2;True
54943;1;1;0;True
54944;7;12;5;True
54945;2;2;0;True
54946;6;16;10;True
54947;6;12;6;True
54948;5;12;7;True
54949;5;6;1;True
54950;5;12;7;True
54951;4;9;5;True
54952;3;6;3;True
54953;3;9;6;True
54954;4;9;5;True
54955;4;8;4;True
54956;3;6;3;True
54957;3;6;3;True
54958;4;6;2;True
54959;1;1;0;True
54960;5;8;3;True
54961;3;4;1;True
54962;6;12;6;True
54963;3;4;1;True
54964;6;16;10;True
54965;6;9;3;True
54966;6;12;6;True
54967;5;9;4;True
54968;6;12;6;True
54969;5;9;4;True
54970;4;4;0;True
54971;0;0;0;True
54972;1;1;0;True
54973;4;4;0;True
54974;8;12;4;True
54975;5;12;7;True
54976;5;12;7;True
54977;3;4;1;True
54978;2;2;0;True
54979;10;16;6;True
54980;4;9;5;True
54981;3;6;3;True
54982;1;1;0;True
54983;4;6;2;True
54984;6;12;6;True
54985;1;1;0;True
54986;1;1;0;True
54987;3;4;1;True
54988;2;2;0;True
54989;1;1;0;True
54990;4;9;5;True
54991;6;12;6;True
54992;3;6;3;True
54993;4;12;8;True
54994;2;4;2;True
54995;1;1;0;True
54996;4;8;4;True
54997;4;12;8;True
54998;5;12;7;True
54999;5;12;7;True
55000;3;6;3;True
55001;3;3;0;True
55002;0;0;0;True
55003;7;9;2;True
55004;4;16;12;True
55005;2;2;0;True
55006;2;4;2;True
55007;5;9;4;True
55008;5;9;4;True
55009;6;12;6;True
55010;3;3;0;True
55011;1;1;0;True
55012;3;9;6;True
55013;2;2;0;True
55014;2;2;0;True
55015;4;6;2;True
55016;9;12;3;True
55017;3;3;0;True
55018;2;4;2;True
55019;3;9;6;True
55020;4;6;2;True
55021;4;12;8;True
55022;2;2;0;True
55023;6;8;2;True
55024;2;2;0;True
55025;4;12;8;True
55026;2;4;2;True
55027;3;6;3;True
55028;3;4;1;True
55029;2;4;2;True
55030;6;16;10;True
55031;2;2;0;True
55032;2;4;2;True
55033;7;12;5;True
55034;4;6;2;True
55035;5;16;11;True
55036;7;16;9;True
55037;2;4;2;True
55038;6;16;10;True
55039;8;16;8;True
55040;3;6;3;True
55041;2;4;2;True
55042;3;6;3;True
55043;4;9;5;True
55044;4;4;0;True
55045;1;1;0;True
55046;4;6;2;True
55047;0;0;0;True
55048;5;9;4;True
55049;5;8;3;True
55050;7;12;5;True
55051;5;9;4;True
55052;2;2;0;True
55053;4;12;8;True
55054;1;1;0;True
55055;1;1;0;True
55056;2;4;2;True
55057;1;1;0;True
55058;2;2;0;True
55059;3;9;6;True
55060;3;6;3;True
55061;2;4;2;True
55062;1;1;0;True
55063;1;1;0;True
55064;2;4;2;True
55065;5;12;7;True
55066;3;9;6;True
55067;6;12;6;True
55068;8;16;8;True
55069;2;2;0;True
55070;0;0;0;True
55071;3;6;3;True
55072;3;4;1;True
55073;7;12;5;True
55074;3;6;3;True
55075;5;12;7;True
55076;2;4;2;True
55077;5;9;4;True
55078;6;16;10;True
55079;0;0;0;True
55080;2;4;2;True
55081;2;2;0;True
55082;3;4;1;True
55083;4;6;2;True
55084;1;1;0;True
55085;8;12;4;True
55086;3;4;1;True
55087;5;16;11;True
55088;1;1;0;True
55089;1;1;0;True
55090;7;12;5;True
55091;2;4;2;True
55092;8;12;4;True
55093;5;12;7;True
55094;3;6;3;True
55095;3;6;3;True
55096;1;1;0;True
55097;1;1;0;True
55098;3;9;6;True
55099;9;16;7;True
55100;3;4;1;True
55101;3;6;3;True
55102;3;6;3;True
55103;4;12;8;True
55104;5;9;4;True
55105;6;12;6;True
55106;0;0;0;True
55107;2;2;0;True
55108;1;1;0;True
55109;0;0;0;True
55110;4;9;5;True
55111;2;2;0;True
55112;3;4;1;True
55113;8;16;8;True
55114;5;9;4;True
55115;0;0;0;True
55116;4;6;2;True
55117;1;1;0;True
55118;2;4;2;True
55119;4;9;5;True
55120;6;16;10;True
55121;1;1;0;True
55122;0;0;0;True
55123;3;4;1;True
55124;7;16;9;True
55125;5;6;1;True
55126;2;4;2;True
55127;2;2;0;True
55128;4;12;8;True
55129;2;4;2;True
55130;1;1;0;True
55131;1;1;0;True
55132;0;0;0;True
55133;5;8;3;True
55134;1;1;0;True
55135;7;16;9;True
55136;3;4;1;True
55137;4;6;2;True
55138;5;8;3;True
55139;3;9;6;True
55140;4;9;5;True
55141;1;1;0;True
55142;5;12;7;True
55143;3;6;3;True
55144;2;4;2;True
55145;8;12;4;True
55146;6;6;0;True
55147;8;16;8;True
55148;6;12;6;True
55149;6;12;6;True
55150;5;12;7;True
55151;6;16;10;True
55152;4;6;2;True
55153;0;0;0;True
55154;7;16;9;True
55155;4;12;8;True
55156;3;6;3;True
55157;8;16;8;True
55158;4;9;5;True
55159;2;2;0;True
55160;4;8;4;True
55161;2;4;2;True
55162;3;6;3;True
55163;0;0;0;True
55164;5;12;7;True
55165;5;6;1;True
55166;5;12;7;True
55167;0;0;0;True
55168;4;8;4;True
55169;1;1;0;True
55170;3;6;3;True
55171;3;4;1;True
55172;5;16;11;True
55173;7;16;9;True
55174;6;12;6;True
55175;2;4;2;True
55176;4;9;5;True
55177;2;2;0;True
55178;5;6;1;True
55179;4;12;8;True
55180;7;16;9;True
55181;1;1;0;True
55182;1;1;0;True
55183;0;0;0;True
55184;3;6;3;True
55185;3;6;3;True
55186;5;6;1;True
55187;3;9;6;True
55188;5;9;4;True
55189;2;4;2;True
55190;2;2;0;True
55191;5;12;7;True
55192;5;16;11;True
55193;1;1;0;True
55194;2;4;2;True
55195;0;0;0;True
55196;1;1;0;True
55197;4;9;5;True
55198;2;2;0;True
55199;0;0;0;True
55200;4;6;2;True
55201;3;9;6;True
55202;4;6;2;True
55203;5;12;7;True
55204;2;2;0;True
55205;6;16;10;True
55206;4;9;5;True
55207;3;3;0;True
55208;3;9;6;True
55209;2;2;0;True
55210;7;12;5;True
55211;8;16;8;True
55212;4;9;5;True
55213;7;12;5;True
55214;2;4;2;True
55215;2;2;0;True
55216;4;9;5;True
55217;3;9;6;True
55218;7;16;9;True
55219;6;12;6;True
55220;6;16;10;True
55221;6;12;6;True
55222;8;16;8;True
55223;0;0;0;True
55224;5;12;7;True
55225;9;16;7;True
55226;3;9;6;True
55227;0;0;0;True
55228;3;6;3;True
55229;3;4;1;True
55230;5;8;3;True
55231;2;4;2;True
55232;1;1;0;True
55233;6;12;6;True
55234;2;2;0;True
55235;3;6;3;True
55236;2;4;2;True
55237;3;4;1;True
55238;3;4;1;True
55239;2;4;2;True
55240;5;12;7;True
55241;2;2;0;True
55242;2;4;2;True
55243;3;6;3;True
55244;4;6;2;True
55245;0;0;0;True
55246;6;8;2;True
55247;1;1;0;True
55248;3;6;3;True
55249;4;6;2;True
55250;5;9;4;True
55251;2;4;2;True
55252;5;9;4;True
55253;5;9;4;True
55254;4;12;8;True
55255;5;12;7;True
55256;2;2;0;True
55257;5;9;4;True
55258;6;9;3;True
55259;1;1;0;True
55260;2;2;0;True
55261;2;4;2;True
55262;4;9;5;True
55263;5;9;4;True
55264;1;1;0;True
55265;6;12;6;True
55266;6;9;3;True
55267;3;6;3;True
55268;5;12;7;True
55269;7;16;9;True
55270;4;6;2;True
55271;1;1;0;True
55272;2;4;2;True
55273;2;2;0;True
55274;3;6;3;True
55275;1;1;0;True
55276;3;6;3;True
55277;5;9;4;True
55278;0;0;0;True
55279;5;8;3;True
55280;5;9;4;True
55281;6;16;10;True
55282;2;4;2;True
55283;1;1;0;True
55284;7;12;5;True
55285;1;1;0;True
55286;7;16;9;True
55287;4;9;5;True
55288;2;2;0;True
55289;5;12;7;True
55290;2;4;2;True
55291;4;6;2;True
55292;0;0;0;True
55293;7;16;9;True
55294;0;0;0;True
55295;4;9;5;True
55296;4;6;2;True
55297;5;12;7;True
55298;2;2;0;True
55299;4;6;2;True
55300;7;16;9;True
55301;4;9;5;True
55302;2;4;2;True
55303;2;2;0;True
55304;5;12;7;True
55305;4;12;8;True
55306;1;1;0;True
55307;1;1;0;True
55308;7;12;5;True
55309;2;2;0;True
55310;3;6;3;True
55311;2;2;0;True
55312;6;12;6;True
55313;5;12;7;True
55314;1;1;0;True
55315;2;4;2;True
55316;4;9;5;True
55317;3;6;3;True
55318;4;9;5;True
55319;3;6;3;True
55320;0;0;0;True
55321;6;8;2;True
55322;2;4;2;True
55323;7;16;9;True
55324;2;2;0;True
55325;5;12;7;True
55326;7;12;5;True
55327;5;9;4;True
55328;0;0;0;True
55329;4;6;2;True
55330;6;12;6;True
55331;2;4;2;True
55332;5;16;11;True
55333;3;4;1;True
55334;4;12;8;True
55335;6;12;6;True
55336;3;6;3;True
55337;10;16;6;True
55338;3;6;3;True
55339;8;12;4;True
55340;2;2;0;True
55341;4;12;8;True
55342;6;16;10;True
55343;2;4;2;True
55344;7;12;5;True
55345;1;1;0;True
55346;7;12;5;True
55347;1;1;0;True
55348;3;6;3;True
55349;4;12;8;True
55350;6;16;10;True
55351;6;12;6;True
55352;0;0;0;True
55353;0;0;0;True
55354;3;3;0;True
55355;4;4;0;True
55356;2;4;2;True
55357;2;2;0;True
55358;3;4;1;True
55359;4;9;5;True
55360;5;6;1;True
55361;3;6;3;True
55362;2;2;0;True
55363;0;0;0;True
55364;0;0;0;True
55365;3;4;1;True
55366;6;16;10;True
55367;4;6;2;True
55368;5;9;4;True
55369;4;12;8;True
55370;2;4;2;True
55371;6;16;10;True
55372;3;4;1;True
55373;2;2;0;True
55374;2;4;2;True
55375;3;6;3;True
55376;7;16;9;True
55377;3;6;3;True
55378;2;2;0;True
55379;1;1;0;True
55380;2;4;2;True
55381;4;12;8;True
55382;7;16;9;True
55383;3;6;3;True
55384;0;0;0;True
55385;0;0;0;True
55386;5;9;4;True
55387;2;2;0;True
55388;7;12;5;True
55389;3;9;6;True
55390;0;0;0;True
55391;3;4;1;True
55392;7;12;5;True
55393;3;6;3;True
55394;2;4;2;True
55395;6;12;6;True
55396;4;6;2;True
55397;2;2;0;True
55398;1;1;0;True
55399;2;4;2;True
55400;6;9;3;True
55401;6;9;3;True
55402;2;2;0;True
55403;5;8;3;True
55404;5;12;7;True
55405;3;6;3;True
55406;3;9;6;True
55407;2;2;0;True
55408;0;0;0;True
55409;6;12;6;True
55410;1;1;0;True
55411;2;4;2;True
55412;1;1;0;True
55413;3;3;0;True
55414;4;9;5;True
55415;2;4;2;True
55416;1;1;0;True
55417;1;1;0;True
55418;2;2;0;True
55419;0;0;0;True
55420;1;1;0;True
55421;2;4;2;True
55422;6;12;6;True
55423;3;6;3;True
55424;4;6;2;True
55425;5;12;7;True
55426;3;4;1;True
55427;3;4;1;True
55428;3;4;1;True
55429;1;1;0;True
55430;2;4;2;True
55431;5;12;7;True
55432;2;2;0;True
55433;6;12;6;True
55434;5;9;4;True
55435;3;6;3;True
55436;4;12;8;True
55437;4;9;5;True
55438;5;12;7;True
55439;3;6;3;True
55440;0;0;0;True
55441;4;12;8;True
55442;0;0;0;True
55443;7;12;5;True
55444;9;16;7;True
55445;6;16;10;True
55446;3;4;1;True
55447;8;12;4;True
55448;1;1;0;True
55449;8;12;4;True
55450;4;9;5;True
55451;2;4;2;True
55452;4;9;5;True
55453;5;12;7;True
55454;4;6;2;True
55455;1;1;0;True
55456;6;9;3;True
55457;2;4;2;True
55458;4;6;2;True
55459;8;12;4;True
55460;0;0;0;True
55461;4;6;2;True
55462;3;9;6;True
55463;7;12;5;True
55464;3;4;1;True
55465;4;6;2;True
55466;2;4;2;True
55467;8;16;8;True
55468;2;4;2;True
55469;4;9;5;True
55470;4;6;2;True
55471;4;12;8;True
55472;3;4;1;True
55473;3;3;0;True
55474;0;0;0;True
55475;3;4;1;True
55476;5;9;4;True
55477;6;16;10;True
55478;5;9;4;True
55479;1;1;0;True
55480;3;4;1;True
55481;0;0;0;True
55482;4;9;5;True
55483;2;2;0;True
55484;2;2;0;True
55485;5;12;7;True
55486;7;16;9;True
55487;5;6;1;True
55488;7;16;9;True
55489;3;6;3;True
55490;2;4;2;True
55491;3;9;6;True
55492;4;16;12;True
55493;1;1;0;True
55494;5;12;7;True
55495;3;6;3;True
55496;2;4;2;True
55497;9;16;7;True
55498;2;2;0;True
55499;7;12;5;True
55500;4;9;5;True
55501;6;12;6;True
55502;3;6;3;True
55503;1;1;0;True
55504;2;4;2;True
55505;6;16;10;True
55506;2;4;2;True
55507;4;12;8;True
55508;4;4;0;True
55509;7;16;9;True
55510;1;1;0;True
55511;3;4;1;True
55512;3;9;6;True
55513;4;6;2;True
55514;2;4;2;True
55515;2;2;0;True
55516;6;12;6;True
55517;4;12;8;True
55518;6;12;6;True
55519;4;9;5;True
55520;5;12;7;True
55521;0;0;0;True
55522;1;1;0;True
55523;0;0;0;True
55524;6;12;6;True
55525;5;12;7;True
55526;5;16;11;True
55527;2;4;2;True
55528;0;0;0;True
55529;3;4;1;True
55530;1;1;0;True
55531;2;4;2;True
55532;1;1;0;True
55533;3;6;3;True
55534;5;9;4;True
55535;5;9;4;True
55536;2;4;2;True
55537;1;1;0;True
55538;0;0;0;True
55539;6;12;6;True
55540;2;4;2;True
55541;4;9;5;True
55542;0;0;0;True
55543;2;4;2;True
55544;1;1;0;True
55545;8;12;4;True
55546;8;12;4;True
55547;1;1;0;True
55548;0;0;0;True
55549;2;4;2;True
55550;5;9;4;True
55551;4;4;0;True
55552;1;1;0;True
55553;3;6;3;True
55554;7;16;9;True
55555;4;9;5;True
55556;0;0;0;True
55557;4;6;2;True
55558;6;16;10;True
55559;7;16;9;True
55560;5;9;4;True
55561;3;6;3;True
55562;3;9;6;True
55563;4;9;5;True
55564;2;2;0;True
55565;3;6;3;True
55566;5;9;4;True
55567;1;1;0;True
55568;3;6;3;True
55569;4;12;8;True
55570;0;0;0;True
55571;4;6;2;True
55572;4;9;5;True
55573;6;16;10;True
55574;6;12;6;True
55575;6;12;6;True
55576;3;4;1;True
55577;5;12;7;True
55578;5;12;7;True
55579;3;6;3;True
55580;3;6;3;True
55581;3;4;1;True
55582;6;9;3;True
55583;5;9;4;True
55584;5;9;4;True
55585;5;9;4;True
55586;1;1;0;True
55587;3;6;3;True
55588;2;4;2;True
55589;2;2;0;True
55590;3;6;3;True
55591;3;9;6;True
55592;6;16;10;True
55593;3;6;3;True
55594;5;12;7;True
55595;5;12;7;True
55596;3;9;6;True
55597;2;2;0;True
55598;5;9;4;True
55599;3;4;1;True
55600;4;6;2;True
55601;3;6;3;True
55602;3;3;0;True
55603;1;1;0;True
55604;4;6;2;True
55605;5;12;7;True
55606;5;12;7;True
55607;4;8;4;True
55608;0;0;0;True
55609;4;12;8;True
55610;4;8;4;True
55611;0;0;0;True
55612;2;4;2;True
55613;1;1;0;True
55614;2;2;0;True
55615;1;1;0;True
55616;7;16;9;True
55617;4;8;4;True
55618;3;4;1;True
55619;6;8;2;True
55620;8;16;8;True
55621;3;6;3;True
55622;6;9;3;True
55623;1;1;0;True
55624;7;16;9;True
55625;3;6;3;True
55626;4;9;5;True
55627;5;9;4;True
55628;3;9;6;True
55629;3;6;3;True
55630;4;12;8;True
55631;3;4;1;True
55632;4;8;4;True
55633;3;4;1;True
55634;0;0;0;True
55635;2;4;2;True
55636;6;12;6;True
55637;2;2;0;True
55638;1;1;0;True
55639;2;4;2;True
55640;5;12;7;True
55641;3;4;1;True
55642;3;6;3;True
55643;4;6;2;True
55644;2;4;2;True
55645;0;0;0;True
55646;4;12;8;True
55647;1;1;0;True
55648;8;12;4;True
55649;4;9;5;True
55650;5;8;3;True
55651;3;9;6;True
55652;0;0;0;True
55653;2;2;0;True
55654;1;1;0;True
55655;0;0;0;True
55656;0;0;0;True
55657;2;4;2;True
55658;6;9;3;True
55659;7;16;9;True
55660;2;4;2;True
55661;6;12;6;True
55662;2;4;2;True
55663;4;6;2;True
55664;0;0;0;True
55665;6;16;10;True
55666;2;4;2;True
55667;3;6;3;True
55668;8;16;8;True
55669;3;4;1;True
55670;2;2;0;True
55671;4;8;4;True
55672;1;1;0;True
55673;4;9;5;True
55674;4;6;2;True
55675;8;16;8;True
55676;7;12;5;True
55677;5;12;7;True
55678;4;6;2;True
55679;4;6;2;True
55680;11;16;5;True
55681;0;0;0;True
55682;4;6;2;True
55683;1;1;0;True
55684;4;6;2;True
55685;4;12;8;True
55686;1;1;0;True
55687;2;4;2;True
55688;2;2;0;True
55689;7;12;5;True
55690;1;1;0;True
55691;3;9;6;True
55692;3;6;3;True
55693;2;4;2;True
55694;0;0;0;True
55695;3;6;3;True
55696;4;6;2;True
55697;5;9;4;True
55698;4;9;5;True
55699;3;6;3;True
55700;3;9;6;True
55701;3;4;1;True
55702;1;1;0;True
55703;5;12;7;True
55704;7;16;9;True
55705;4;6;2;True
55706;7;16;9;True
55707;5;9;4;True
55708;5;9;4;True
55709;3;9;6;True
55710;6;12;6;True
55711;4;12;8;True
55712;2;2;0;True
55713;3;3;0;True
55714;6;12;6;True
55715;5;9;4;True
55716;1;1;0;True
55717;10;16;6;True
55718;2;4;2;True
55719;2;4;2;True
55720;0;0;0;True
55721;5;8;3;True
55722;6;16;10;True
55723;4;6;2;True
55724;5;9;4;True
55725;1;1;0;True
55726;3;9;6;True
55727;3;6;3;True
55728;3;9;6;True
55729;8;16;8;True
55730;7;16;9;True
55731;4;6;2;True
55732;6;12;6;True
55733;1;1;0;True
55734;5;9;4;True
55735;9;16;7;True
55736;5;12;7;True
55737;3;4;1;True
55738;5;16;11;True
55739;3;6;3;True
55740;3;4;1;True
55741;5;8;3;True
55742;0;0;0;True
55743;4;6;2;True
55744;4;8;4;True
55745;1;1;0;True
55746;4;4;0;True
55747;4;9;5;True
55748;2;4;2;True
55749;2;2;0;True
55750;4;6;2;True
55751;5;9;4;True
55752;6;9;3;True
55753;1;1;0;True
55754;2;4;2;True
55755;1;1;0;True
55756;2;4;2;True
55757;1;1;0;True
55758;0;0;0;True
55759;3;6;3;True
55760;1;1;0;True
55761;7;12;5;True
55762;9;16;7;True
55763;3;6;3;True
55764;2;4;2;True
55765;6;9;3;True
55766;4;4;0;True
55767;4;9;5;True
55768;2;2;0;True
55769;5;9;4;True
55770;4;9;5;True
55771;4;6;2;True
55772;6;16;10;True
55773;3;4;1;True
55774;10;16;6;True
55775;6;12;6;True
55776;2;2;0;True
55777;2;4;2;True
55778;0;0;0;True
55779;6;12;6;True
55780;1;1;0;True
55781;0;0;0;True
55782;3;4;1;True
55783;2;4;2;True
55784;0;0;0;True
55785;2;4;2;True
55786;3;4;1;True
55787;5;12;7;True
55788;5;16;11;True
55789;5;9;4;True
55790;5;9;4;True
55791;1;1;0;True
55792;2;2;0;True
55793;3;4;1;True
55794;6;9;3;True
55795;2;2;0;True
55796;3;6;3;True
55797;3;6;3;True
55798;6;9;3;True
55799;7;16;9;True
55800;4;6;2;True
55801;1;1;0;True
55802;4;6;2;True
55803;3;6;3;True
55804;4;8;4;True
55805;4;12;8;True
55806;4;6;2;True
55807;7;16;9;True
55808;5;12;7;True
55809;6;12;6;True
55810;0;0;0;True
55811;4;12;8;True
55812;6;12;6;True
55813;6;12;6;True
55814;1;1;0;True
55815;7;12;5;True
55816;8;12;4;True
55817;5;12;7;True
55818;3;6;3;True
55819;1;1;0;True
55820;3;3;0;True
55821;8;16;8;True
55822;1;1;0;True
55823;4;9;5;True
55824;6;9;3;True
55825;1;1;0;True
55826;4;9;5;True
55827;2;4;2;True
55828;1;1;0;True
55829;6;16;10;True
55830;5;12;7;True
55831;2;4;2;True
55832;4;8;4;True
55833;7;16;9;True
55834;7;16;9;True
55835;0;0;0;True
55836;2;2;0;True
55837;4;9;5;True
55838;2;4;2;True
55839;2;4;2;True
55840;6;12;6;True
55841;4;12;8;True
55842;5;16;11;True
55843;1;1;0;True
55844;0;0;0;True
55845;2;4;2;True
55846;1;1;0;True
55847;4;9;5;True
55848;8;16;8;True
55849;0;0;0;True
55850;3;6;3;True
55851;6;16;10;True
55852;2;4;2;True
55853;0;0;0;True
55854;4;6;2;True
55855;8;16;8;True
55856;5;12;7;True
55857;4;6;2;True
55858;6;12;6;True
55859;3;6;3;True
55860;3;6;3;True
55861;3;4;1;True
55862;3;6;3;True
55863;5;12;7;True
55864;2;4;2;True
55865;5;9;4;True
55866;4;16;12;True
55867;11;16;5;True
55868;2;4;2;True
55869;7;12;5;True
55870;7;12;5;True
55871;3;6;3;True
55872;1;1;0;True
55873;3;4;1;True
55874;1;1;0;True
55875;5;8;3;True
55876;4;6;2;True
55877;2;2;0;True
55878;5;16;11;True
55879;7;16;9;True
55880;7;16;9;True
55881;4;9;5;True
55882;2;2;0;True
55883;6;9;3;True
55884;4;12;8;True
55885;6;12;6;True
55886;1;1;0;True
55887;1;1;0;True
55888;3;9;6;True
55889;3;3;0;True
55890;3;3;0;True
55891;5;12;7;True
55892;1;1;0;True
55893;9;12;3;True
55894;2;2;0;True
55895;5;9;4;True
55896;0;0;0;True
55897;5;6;1;True
55898;7;16;9;True
55899;3;6;3;True
55900;3;6;3;True
55901;4;4;0;True
55902;3;4;1;True
55903;6;12;6;True
55904;0;0;0;True
55905;4;9;5;True
55906;3;6;3;True
55907;2;2;0;True
55908;8;12;4;True
55909;1;1;0;True
55910;5;12;7;True
55911;7;16;9;True
55912;3;6;3;True
55913;4;9;5;True
55914;3;4;1;True
55915;3;6;3;True
55916;8;16;8;True
55917;8;16;8;True
55918;3;6;3;True
55919;3;4;1;True
55920;5;16;11;True
55921;3;6;3;True
55922;3;6;3;True
55923;0;0;0;True
55924;6;16;10;True
55925;9;16;7;True
55926;6;9;3;True
55927;0;0;0;True
55928;1;1;0;True
55929;5;6;1;True
55930;6;12;6;True
55931;1;1;0;True
55932;5;12;7;True
55933;6;16;10;True
55934;3;4;1;True
55935;6;12;6;True
55936;6;16;10;True
55937;2;4;2;True
55938;2;4;2;True
55939;3;6;3;True
55940;3;4;1;True
55941;7;12;5;True
55942;6;12;6;True
55943;2;4;2;True
55944;6;12;6;True
55945;9;16;7;True
55946;6;12;6;True
55947;5;12;7;True
55948;8;16;8;True
55949;2;2;0;True
55950;7;12;5;True
55951;6;9;3;True
55952;6;16;10;True
55953;8;16;8;True
55954;4;12;8;True
55955;2;4;2;True
55956;2;4;2;True
55957;0;0;0;True
55958;4;8;4;True
55959;2;4;2;True
55960;1;1;0;True
55961;4;12;8;True
55962;3;6;3;True
55963;3;3;0;True
55964;5;6;1;True
55965;4;6;2;True
55966;5;12;7;True
55967;3;6;3;True
55968;7;12;5;True
55969;6;12;6;True
55970;8;12;4;True
55971;3;4;1;True
55972;3;6;3;True
55973;5;12;7;True
55974;2;4;2;True
55975;0;0;0;True
55976;6;9;3;True
55977;3;6;3;True
55978;0;0;0;True
55979;7;12;5;True
55980;7;16;9;True
55981;7;9;2;True
55982;0;0;0;True
55983;6;12;6;True
55984;1;1;0;True
55985;4;12;8;True
55986;3;6;3;True
55987;3;4;1;True
55988;5;9;4;True
55989;0;0;0;True
55990;4;9;5;True
55991;5;12;7;True
55992;3;9;6;True
55993;9;16;7;True
55994;2;4;2;True
55995;2;4;2;True
55996;3;9;6;True
55997;5;12;7;True
55998;5;9;4;True
55999;2;2;0;True
56000;6;12;6;True
56001;6;12;6;True
56002;0;0;0;True
56003;4;9;5;True
56004;3;6;3;True
56005;3;4;1;True
56006;5;9;4;True
56007;2;2;0;True
56008;2;4;2;True
56009;2;2;0;True
56010;0;0;0;True
56011;3;4;1;True
56012;2;2;0;True
56013;3;9;6;True
56014;5;12;7;True
56015;3;6;3;True
56016;8;16;8;True
56017;5;6;1;True
56018;2;2;0;True
56019;2;2;0;True
56020;2;4;2;True
56021;4;6;2;True
56022;5;12;7;True
56023;1;1;0;True
56024;2;4;2;True
56025;5;9;4;True
56026;4;6;2;True
56027;2;2;0;True
56028;2;4;2;True
56029;7;12;5;True
56030;5;9;4;True
56031;7;12;5;True
56032;1;1;0;True
56033;5;12;7;True
56034;3;4;1;True
56035;0;0;0;True
56036;5;9;4;True
56037;2;4;2;True
56038;5;16;11;True
56039;4;9;5;True
56040;10;16;6;True
56041;6;16;10;True
56042;5;8;3;True
56043;7;16;9;True
56044;5;9;4;True
56045;1;1;0;True
56046;2;4;2;True
56047;6;8;2;True
56048;7;16;9;True
56049;3;3;0;True
56050;5;9;4;True
56051;0;0;0;True
56052;4;6;2;True
56053;3;4;1;True
56054;2;2;0;True
56055;4;9;5;True
56056;1;1;0;True
56057;8;16;8;True
56058;1;1;0;True
56059;2;2;0;True
56060;5;12;7;True
56061;5;9;4;True
56062;7;16;9;True
56063;4;9;5;True
56064;5;12;7;True
56065;8;16;8;True
56066;5;9;4;True
56067;0;0;0;True
56068;6;12;6;True
56069;0;0;0;True
56070;3;6;3;True
56071;5;12;7;True
56072;4;6;2;True
56073;1;1;0;True
56074;1;1;0;True
56075;0;0;0;True
56076;5;12;7;True
56077;4;9;5;True
56078;6;12;6;True
56079;5;9;4;True
56080;3;4;1;True
56081;7;16;9;True
56082;4;6;2;True
56083;0;0;0;True
56084;3;6;3;True
56085;5;12;7;True
56086;5;8;3;True
56087;5;12;7;True
56088;4;8;4;True
56089;4;6;2;True
56090;1;1;0;True
56091;5;6;1;True
56092;4;9;5;True
56093;1;1;0;True
56094;2;2;0;True
56095;2;2;0;True
56096;6;9;3;True
56097;5;6;1;True
56098;3;6;3;True
56099;5;12;7;True
56100;3;4;1;True
56101;1;1;0;True
56102;2;4;2;True
56103;5;6;1;True
56104;6;12;6;True
56105;3;6;3;True
56106;1;1;0;True
56107;2;2;0;True
56108;3;6;3;True
56109;6;12;6;True
56110;5;16;11;True
56111;5;16;11;True
56112;8;16;8;True
56113;3;6;3;True
56114;1;1;0;True
56115;5;12;7;True
56116;8;12;4;True
56117;3;6;3;True
56118;1;1;0;True
56119;2;4;2;True
56120;2;2;0;True
56121;4;12;8;True
56122;5;9;4;True
56123;4;9;5;True
56124;2;2;0;True
56125;4;4;0;True
56126;6;8;2;True
56127;2;4;2;True
56128;0;0;0;True
56129;4;8;4;True
56130;4;9;5;True
56131;2;4;2;True
56132;3;4;1;True
56133;7;12;5;True
56134;2;4;2;True
56135;2;4;2;True
56136;5;8;3;True
56137;4;8;4;True
56138;5;12;7;True
56139;2;2;0;True
56140;7;16;9;True
56141;6;12;6;True
56142;3;4;1;True
56143;3;6;3;True
56144;2;4;2;True
56145;7;12;5;True
56146;1;1;0;True
56147;6;12;6;True
56148;4;6;2;True
56149;2;2;0;True
56150;6;12;6;True
56151;7;12;5;True
56152;1;1;0;True
56153;8;16;8;True
56154;1;1;0;True
56155;1;1;0;True
56156;1;1;0;True
56157;0;0;0;True
56158;3;3;0;True
56159;3;6;3;True
56160;5;9;4;True
56161;5;8;3;True
56162;4;8;4;True
56163;2;4;2;True
56164;6;12;6;True
56165;2;2;0;True
56166;4;12;8;True
56167;2;4;2;True
56168;2;2;0;True
56169;1;1;0;True
56170;4;12;8;True
56171;4;9;5;True
56172;1;1;0;True
56173;0;0;0;True
56174;1;1;0;True
56175;4;6;2;True
56176;2;2;0;True
56177;5;9;4;True
56178;1;1;0;True
56179;5;9;4;True
56180;2;4;2;True
56181;5;9;4;True
56182;3;4;1;True
56183;4;6;2;True
56184;4;9;5;True
56185;2;4;2;True
56186;0;0;0;True
56187;2;4;2;True
56188;1;1;0;True
56189;8;12;4;True
56190;4;9;5;True
56191;2;2;0;True
56192;1;1;0;True
56193;3;6;3;True
56194;6;12;6;True
56195;7;12;5;True
56196;5;9;4;True
56197;0;0;0;True
56198;4;9;5;True
56199;2;4;2;True
56200;5;6;1;True
56201;6;9;3;True
56202;5;12;7;True
56203;4;9;5;True
56204;2;2;0;True
56205;2;2;0;True
56206;3;4;1;True
56207;1;1;0;True
56208;9;12;3;True
56209;5;12;7;True
56210;4;9;5;True
56211;2;2;0;True
56212;4;9;5;True
56213;7;12;5;True
56214;5;12;7;True
56215;6;9;3;True
56216;0;0;0;True
56217;6;16;10;True
56218;6;12;6;True
56219;2;2;0;True
56220;3;6;3;True
56221;2;4;2;True
56222;1;1;0;True
56223;5;9;4;True
56224;2;4;2;True
56225;6;16;10;True
56226;0;0;0;True
56227;4;12;8;True
56228;6;9;3;True
56229;3;4;1;True
56230;9;16;7;True
56231;2;2;0;True
56232;7;16;9;True
56233;6;12;6;True
56234;2;4;2;True
56235;5;12;7;True
56236;4;9;5;True
56237;2;4;2;True
56238;5;9;4;True
56239;4;6;2;True
56240;5;12;7;True
56241;4;9;5;True
56242;9;16;7;True
56243;1;1;0;True
56244;6;16;10;True
56245;1;1;0;True
56246;3;6;3;True
56247;2;2;0;True
56248;2;2;0;True
56249;3;6;3;True
56250;6;9;3;True
56251;2;4;2;True
56252;5;6;1;True
56253;0;0;0;True
56254;5;16;11;True
56255;3;6;3;True
56256;7;16;9;True
56257;4;9;5;True
56258;1;1;0;True
56259;8;12;4;True
56260;6;12;6;True
56261;3;6;3;True
56262;1;1;0;True
56263;6;9;3;True
56264;5;12;7;True
56265;1;1;0;True
56266;1;1;0;True
56267;6;16;10;True
56268;0;0;0;True
56269;4;9;5;True
56270;1;1;0;True
56271;2;4;2;True
56272;6;12;6;True
56273;4;9;5;True
56274;8;16;8;True
56275;4;8;4;True
56276;1;1;0;True
56277;3;6;3;True
56278;8;16;8;True
56279;3;6;3;True
56280;6;12;6;True
56281;8;16;8;True
56282;6;9;3;True
56283;0;0;0;True
56284;5;8;3;True
56285;3;4;1;True
56286;0;0;0;True
56287;2;4;2;True
56288;5;9;4;True
56289;4;9;5;True
56290;0;0;0;True
56291;5;6;1;True
56292;2;2;0;True
56293;3;6;3;True
56294;1;1;0;True
56295;3;6;3;True
56296;2;4;2;True
56297;2;4;2;True
56298;0;0;0;True
56299;4;12;8;True
56300;1;1;0;True
56301;3;4;1;True
56302;3;3;0;True
56303;2;4;2;True
56304;2;4;2;True
56305;5;16;11;True
56306;2;4;2;True
56307;4;9;5;True
56308;2;4;2;True
56309;5;6;1;True
56310;1;1;0;True
56311;4;9;5;True
56312;2;2;0;True
56313;3;9;6;True
56314;7;12;5;True
56315;3;6;3;True
56316;4;6;2;True
56317;4;8;4;True
56318;4;12;8;True
56319;4;12;8;True
56320;1;1;0;True
56321;3;6;3;True
56322;6;12;6;True
56323;3;6;3;True
56324;0;0;0;True
56325;4;6;2;True
56326;2;4;2;True
56327;4;6;2;True
56328;7;16;9;True
56329;7;16;9;True
56330;12;16;4;True
56331;2;2;0;True
56332;3;6;3;True
56333;5;9;4;True
56334;5;12;7;True
56335;5;12;7;True
56336;5;12;7;True
56337;7;12;5;True
56338;3;6;3;True
56339;1;1;0;True
56340;1;1;0;True
56341;3;9;6;True
56342;0;0;0;True
56343;2;4;2;True
56344;3;6;3;True
56345;1;1;0;True
56346;4;9;5;True
56347;0;0;0;True
56348;5;12;7;True
56349;3;9;6;True
56350;4;8;4;True
56351;5;9;4;True
56352;9;16;7;True
56353;4;8;4;True
56354;6;12;6;True
56355;1;1;0;True
56356;4;6;2;True
56357;2;2;0;True
56358;5;16;11;True
56359;6;12;6;True
56360;7;16;9;True
56361;5;12;7;True
56362;9;12;3;True
56363;4;8;4;True
56364;0;0;0;True
56365;4;9;5;True
56366;2;4;2;True
56367;1;1;0;True
56368;7;16;9;True
56369;8;12;4;True
56370;7;16;9;True
56371;5;9;4;True
56372;4;9;5;True
56373;3;6;3;True
56374;5;9;4;True
56375;2;2;0;True
56376;4;9;5;True
56377;0;0;0;True
56378;3;4;1;True
56379;4;9;5;True
56380;6;12;6;True
56381;5;9;4;True
56382;7;16;9;True
56383;1;1;0;True
56384;6;16;10;True
56385;7;12;5;True
56386;2;2;0;True
56387;4;6;2;True
56388;2;4;2;True
56389;4;8;4;True
56390;2;4;2;True
56391;5;12;7;True
56392;3;6;3;True
56393;1;1;0;True
56394;2;2;0;True
56395;3;9;6;True
56396;1;1;0;True
56397;4;6;2;True
56398;2;2;0;True
56399;7;12;5;True
56400;5;16;11;True
56401;4;12;8;True
56402;5;12;7;True
56403;6;12;6;True
56404;9;16;7;True
56405;0;0;0;True
56406;3;6;3;True
56407;3;6;3;True
56408;10;16;6;True
56409;2;4;2;True
56410;5;12;7;True
56411;5;9;4;True
56412;2;4;2;True
56413;6;12;6;True
56414;4;6;2;True
56415;1;1;0;True
56416;2;4;2;True
56417;6;9;3;True
56418;9;16;7;True
56419;0;0;0;True
56420;3;6;3;True
56421;7;16;9;True
56422;9;16;7;True
56423;3;6;3;True
56424;3;6;3;True
56425;6;9;3;True
56426;3;3;0;True
56427;3;6;3;True
56428;3;4;1;True
56429;4;16;12;True
56430;2;4;2;True
56431;2;2;0;True
56432;6;16;10;True
56433;3;9;6;True
56434;1;1;0;True
56435;8;16;8;True
56436;7;16;9;True
56437;8;12;4;True
56438;2;4;2;True
56439;5;16;11;True
56440;3;4;1;True
56441;5;12;7;True
56442;6;12;6;True
56443;7;16;9;True
56444;4;4;0;True
56445;1;1;0;True
56446;5;16;11;True
56447;6;12;6;True
56448;4;9;5;True
56449;5;9;4;True
56450;4;6;2;True
56451;4;9;5;True
56452;3;3;0;True
56453;5;12;7;True
56454;8;16;8;True
56455;1;1;0;True
56456;4;6;2;True
56457;6;8;2;True
56458;5;12;7;True
56459;6;16;10;True
56460;3;6;3;True
56461;3;9;6;True
56462;1;1;0;True
56463;8;12;4;True
56464;6;9;3;True
56465;9;12;3;True
56466;2;4;2;True
56467;3;9;6;True
56468;3;6;3;True
56469;7;12;5;True
56470;8;12;4;True
56471;1;1;0;True
56472;3;4;1;True
56473;3;3;0;True
56474;8;16;8;True
56475;4;12;8;True
56476;5;12;7;True
56477;3;6;3;True
56478;3;6;3;True
56479;6;12;6;True
56480;3;4;1;True
56481;4;12;8;True
56482;5;16;11;True
56483;3;6;3;True
56484;2;4;2;True
56485;7;12;5;True
56486;6;12;6;True
56487;3;6;3;True
56488;4;9;5;True
56489;1;1;0;True
56490;2;4;2;True
56491;4;6;2;True
56492;7;12;5;True
56493;6;16;10;True
56494;4;9;5;True
56495;4;9;5;True
56496;4;6;2;True
56497;3;6;3;True
56498;4;9;5;True
56499;2;4;2;True
56500;1;1;0;True
56501;2;4;2;True
56502;5;9;4;True
56503;3;4;1;True
56504;1;1;0;True
56505;4;8;4;True
56506;11;16;5;True
56507;3;6;3;True
56508;7;16;9;True
56509;2;4;2;True
56510;2;4;2;True
56511;8;16;8;True
56512;5;9;4;True
56513;1;1;0;True
56514;4;9;5;True
56515;11;16;5;True
56516;3;9;6;True
56517;1;1;0;True
56518;0;0;0;True
56519;2;2;0;True
56520;1;1;0;True
56521;7;16;9;True
56522;6;12;6;True
56523;2;4;2;True
56524;0;0;0;True
56525;3;6;3;True
56526;3;3;0;True
56527;2;2;0;True
56528;2;2;0;True
56529;5;12;7;True
56530;3;6;3;True
56531;4;9;5;True
56532;6;16;10;True
56533;5;8;3;True
56534;2;4;2;True
56535;1;1;0;True
56536;4;12;8;True
56537;2;4;2;True
56538;4;9;5;True
56539;2;4;2;True
56540;9;16;7;True
56541;1;1;0;True
56542;7;12;5;True
56543;3;6;3;True
56544;3;4;1;True
56545;2;2;0;True
56546;5;9;4;True
56547;4;8;4;True
56548;6;12;6;True
56549;6;12;6;True
56550;4;12;8;True
56551;0;0;0;True
56552;1;1;0;True
56553;5;9;4;True
56554;6;12;6;True
56555;1;1;0;True
56556;1;1;0;True
56557;5;9;4;True
56558;4;8;4;True
56559;5;12;7;True
56560;1;1;0;True
56561;3;9;6;True
56562;3;6;3;True
56563;4;12;8;True
56564;9;16;7;True
56565;5;12;7;True
56566;5;12;7;True
56567;4;6;2;True
56568;4;6;2;True
56569;3;4;1;True
56570;7;12;5;True
56571;6;16;10;True
56572;3;6;3;True
56573;4;12;8;True
56574;2;4;2;True
56575;2;4;2;True
56576;4;6;2;True
56577;1;1;0;True
56578;1;1;0;True
56579;4;6;2;True
56580;6;12;6;True
56581;1;1;0;True
56582;3;9;6;True
56583;2;2;0;True
56584;5;12;7;True
56585;4;8;4;True
56586;6;12;6;True
56587;4;6;2;True
56588;5;9;4;True
56589;2;2;0;True
56590;4;9;5;True
56591;5;16;11;True
56592;0;0;0;True
56593;2;4;2;True
56594;1;1;0;True
56595;1;1;0;True
56596;6;12;6;True
56597;2;2;0;True
56598;2;4;2;True
56599;1;1;0;True
56600;2;4;2;True
56601;2;4;2;True
56602;3;6;3;True
56603;2;4;2;True
56604;3;4;1;True
56605;3;6;3;True
56606;5;16;11;True
56607;2;2;0;True
56608;5;12;7;True
56609;6;8;2;True
56610;3;6;3;True
56611;3;9;6;True
56612;1;1;0;True
56613;6;12;6;True
56614;0;0;0;True
56615;4;9;5;True
56616;3;6;3;True
56617;3;6;3;True
56618;2;2;0;True
56619;5;16;11;True
56620;0;0;0;True
56621;4;9;5;True
56622;2;4;2;True
56623;4;12;8;True
56624;6;12;6;True
56625;4;9;5;True
56626;6;9;3;True
56627;6;9;3;True
56628;5;9;4;True
56629;4;6;2;True
56630;2;4;2;True
56631;3;6;3;True
56632;4;8;4;True
56633;5;6;1;True
56634;0;0;0;True
56635;4;6;2;True
56636;9;16;7;True
56637;10;16;6;True
56638;6;12;6;True
56639;6;12;6;True
56640;1;1;0;True
56641;0;0;0;True
56642;4;9;5;True
56643;2;4;2;True
56644;5;16;11;True
56645;5;16;11;True
56646;0;0;0;True
56647;4;8;4;True
56648;2;4;2;True
56649;8;16;8;True
56650;3;6;3;True
56651;3;6;3;True
56652;5;12;7;True
56653;2;2;0;True
56654;3;3;0;True
56655;4;6;2;True
56656;2;2;0;True
56657;7;16;9;True
56658;3;6;3;True
56659;5;8;3;True
56660;3;4;1;True
56661;5;12;7;True
56662;2;2;0;True
56663;1;1;0;True
56664;4;6;2;True
56665;7;16;9;True
56666;7;16;9;True
56667;3;9;6;True
56668;4;6;2;True
56669;5;8;3;True
56670;2;2;0;True
56671;6;9;3;True
56672;0;0;0;True
56673;3;6;3;True
56674;2;4;2;True
56675;10;16;6;True
56676;6;12;6;True
56677;8;16;8;True
56678;3;6;3;True
56679;3;4;1;True
56680;4;12;8;True
56681;4;12;8;True
56682;4;6;2;True
56683;3;6;3;True
56684;1;1;0;True
56685;1;1;0;True
56686;1;1;0;True
56687;3;9;6;True
56688;2;2;0;True
56689;2;4;2;True
56690;4;9;5;True
56691;4;9;5;True
56692;4;6;2;True
56693;1;1;0;True
56694;2;2;0;True
56695;4;6;2;True
56696;4;12;8;True
56697;6;16;10;True
56698;5;9;4;True
56699;10;16;6;True
56700;2;4;2;True
56701;1;1;0;True
56702;6;12;6;True
56703;6;9;3;True
56704;4;9;5;True
56705;0;0;0;True
56706;6;8;2;True
56707;3;9;6;True
56708;8;12;4;True
56709;2;4;2;True
56710;3;9;6;True
56711;4;9;5;True
56712;3;9;6;True
56713;5;9;4;True
56714;5;9;4;True
56715;4;9;5;True
56716;2;2;0;True
56717;5;9;4;True
56718;7;16;9;True
56719;6;12;6;True
56720;5;9;4;True
56721;10;16;6;True
56722;5;9;4;True
56723;5;12;7;True
56724;5;16;11;True
56725;7;16;9;True
56726;6;12;6;True
56727;4;9;5;True
56728;6;16;10;True
56729;6;16;10;True
56730;5;9;4;True
56731;4;4;0;True
56732;3;9;6;True
56733;5;12;7;True
56734;4;6;2;True
56735;6;9;3;True
56736;2;4;2;True
56737;3;9;6;True
56738;5;12;7;True
56739;3;4;1;True
56740;5;12;7;True
56741;0;0;0;True
56742;2;2;0;True
56743;4;9;5;True
56744;7;12;5;True
56745;4;8;4;True
56746;9;16;7;True
56747;3;6;3;True
56748;3;9;6;True
56749;2;4;2;True
56750;4;12;8;True
56751;4;9;5;True
56752;2;4;2;True
56753;0;0;0;True
56754;6;16;10;True
56755;1;1;0;True
56756;3;6;3;True
56757;2;2;0;True
56758;1;1;0;True
56759;4;6;2;True
56760;6;8;2;True
56761;3;9;6;True
56762;2;4;2;True
56763;0;0;0;True
56764;0;0;0;True
56765;3;6;3;True
56766;3;6;3;True
56767;1;1;0;True
56768;6;12;6;True
56769;2;4;2;True
56770;8;12;4;True
56771;4;9;5;True
56772;6;12;6;True
56773;3;6;3;True
56774;7;12;5;True
56775;5;12;7;True
56776;4;6;2;True
56777;5;12;7;True
56778;8;16;8;True
56779;2;2;0;True
56780;5;9;4;True
56781;5;6;1;True
56782;1;1;0;True
56783;1;1;0;True
56784;5;12;7;True
56785;5;6;1;True
56786;2;4;2;True
56787;4;9;5;True
56788;4;12;8;True
56789;6;12;6;True
56790;2;4;2;True
56791;4;8;4;True
56792;1;1;0;True
56793;4;9;5;True
56794;8;12;4;True
56795;6;16;10;True
56796;3;4;1;True
56797;6;16;10;True
56798;3;9;6;True
56799;4;9;5;True
56800;8;16;8;True
56801;6;12;6;True
56802;3;6;3;True
56803;1;1;0;True
56804;4;6;2;True
56805;11;16;5;True
56806;1;1;0;True
56807;2;4;2;True
56808;0;0;0;True
56809;3;6;3;True
56810;6;16;10;True
56811;2;4;2;True
56812;5;12;7;True
56813;2;4;2;True
56814;5;12;7;True
56815;3;6;3;True
56816;6;9;3;True
56817;1;1;0;True
56818;7;12;5;True
56819;5;16;11;True
56820;2;2;0;True
56821;4;6;2;True
56822;7;12;5;True
56823;5;9;4;True
56824;3;6;3;True
56825;3;9;6;True
56826;6;12;6;True
56827;5;12;7;True
56828;6;16;10;True
56829;4;6;2;True
56830;4;8;4;True
56831;2;4;2;True
56832;5;12;7;True
56833;5;9;4;True
56834;1;1;0;True
56835;9;16;7;True
56836;5;9;4;True
56837;2;2;0;True
56838;2;2;0;True
56839;2;4;2;True
56840;4;6;2;True
56841;5;12;7;True
56842;6;16;10;True
56843;3;4;1;True
56844;5;12;7;True
56845;2;2;0;True
56846;7;16;9;True
56847;5;8;3;True
56848;4;9;5;True
56849;0;0;0;True
56850;2;4;2;True
56851;5;12;7;True
56852;10;16;6;True
56853;3;6;3;True
56854;2;2;0;True
56855;3;4;1;True
56856;3;4;1;True
56857;6;12;6;True
56858;4;6;2;True
56859;4;6;2;True
56860;4;8;4;True
56861;6;16;10;True
56862;2;4;2;True
56863;5;16;11;True
56864;8;16;8;True
56865;1;1;0;True
56866;4;6;2;True
56867;2;4;2;True
56868;4;9;5;True
56869;7;12;5;True
56870;2;2;0;True
56871;9;16;7;True
56872;5;16;11;True
56873;4;6;2;True
56874;7;16;9;True
56875;5;12;7;True
56876;1;1;0;True
56877;4;9;5;True
56878;1;1;0;True
56879;2;4;2;True
56880;4;9;5;True
56881;4;9;5;True
56882;2;2;0;True
56883;4;9;5;True
56884;2;4;2;True
56885;1;1;0;True
56886;4;9;5;True
56887;2;2;0;True
56888;5;12;7;True
56889;6;12;6;True
56890;3;9;6;True
56891;2;4;2;True
56892;4;6;2;True
56893;6;9;3;True
56894;2;4;2;True
56895;5;12;7;True
56896;5;12;7;True
56897;1;1;0;True
56898;0;0;0;True
56899;9;16;7;True
56900;2;2;0;True
56901;10;16;6;True
56902;4;9;5;True
56903;2;4;2;True
56904;2;2;0;True
56905;3;6;3;True
56906;2;4;2;True
56907;3;6;3;True
56908;0;0;0;True
56909;4;9;5;True
56910;2;4;2;True
56911;2;4;2;True
56912;3;4;1;True
56913;1;1;0;True
56914;8;12;4;True
56915;4;6;2;True
56916;7;9;2;True
56917;8;16;8;True
56918;3;4;1;True
56919;2;4;2;True
56920;1;1;0;True
56921;2;2;0;True
56922;4;12;8;True
56923;2;4;2;True
56924;4;9;5;True
56925;2;2;0;True
56926;2;4;2;True
56927;5;12;7;True
56928;3;9;6;True
56929;6;16;10;True
56930;5;9;4;True
56931;5;9;4;True
56932;3;3;0;True
56933;2;4;2;True
56934;3;9;6;True
56935;4;6;2;True
56936;4;4;0;True
56937;0;0;0;True
56938;6;12;6;True
56939;3;6;3;True
56940;6;9;3;True
56941;3;6;3;True
56942;5;9;4;True
56943;10;16;6;True
56944;2;2;0;True
56945;2;2;0;True
56946;4;8;4;True
56947;2;4;2;True
56948;3;4;1;True
56949;9;16;7;True
56950;4;9;5;True
56951;4;9;5;True
56952;3;9;6;True
56953;3;9;6;True
56954;0;0;0;True
56955;7;16;9;True
56956;0;0;0;True
56957;4;9;5;True
56958;3;6;3;True
56959;5;9;4;True
56960;6;12;6;True
56961;2;2;0;True
56962;4;9;5;True
56963;5;12;7;True
56964;5;12;7;True
56965;2;2;0;True
56966;1;1;0;True
56967;2;2;0;True
56968;5;16;11;True
56969;3;4;1;True
56970;2;4;2;True
56971;7;16;9;True
56972;5;6;1;True
56973;1;1;0;True
56974;6;12;6;True
56975;6;9;3;True
56976;4;9;5;True
56977;2;2;0;True
56978;4;8;4;True
56979;1;1;0;True
56980;4;6;2;True
56981;2;4;2;True
56982;4;6;2;True
56983;7;12;5;True
56984;3;4;1;True
56985;3;6;3;True
56986;0;0;0;True
56987;8;12;4;True
56988;6;12;6;True
56989;2;4;2;True
56990;4;12;8;True
56991;4;6;2;True
56992;1;1;0;True
56993;7;9;2;True
56994;4;6;2;True
56995;5;9;4;True
56996;7;12;5;True
56997;2;2;0;True
56998;6;16;10;True
56999;6;12;6;True
57000;1;1;0;True
57001;2;4;2;True
57002;5;9;4;True
57003;6;12;6;True
57004;4;12;8;True
57005;4;8;4;True
57006;6;16;10;True
57007;2;4;2;True
57008;2;4;2;True
57009;1;1;0;True
57010;1;1;0;True
57011;3;6;3;True
57012;5;16;11;True
57013;4;12;8;True
57014;6;8;2;True
57015;4;12;8;True
57016;7;12;5;True
57017;3;4;1;True
57018;1;1;0;True
57019;1;1;0;True
57020;4;6;2;True
57021;3;6;3;True
57022;2;2;0;True
57023;1;1;0;True
57024;5;16;11;True
57025;3;6;3;True
57026;12;16;4;True
57027;1;1;0;True
57028;4;6;2;True
57029;2;2;0;True
57030;5;8;3;True
57031;1;1;0;True
57032;0;0;0;True
57033;9;16;7;True
57034;2;2;0;True
57035;2;4;2;True
57036;7;12;5;True
57037;0;0;0;True
57038;4;6;2;True
57039;3;6;3;True
57040;3;4;1;True
57041;8;12;4;True
57042;1;1;0;True
57043;3;6;3;True
57044;4;6;2;True
57045;2;4;2;True
57046;2;2;0;True
57047;7;9;2;True
57048;5;8;3;True
57049;3;6;3;True
57050;3;6;3;True
57051;1;1;0;True
57052;3;6;3;True
57053;1;1;0;True
57054;3;6;3;True
57055;3;6;3;True
57056;5;16;11;True
57057;4;6;2;True
57058;6;9;3;True
57059;5;9;4;True
57060;1;1;0;True
57061;4;8;4;True
57062;1;1;0;True
57063;2;4;2;True
57064;6;16;10;True
57065;4;12;8;True
57066;2;2;0;True
57067;0;0;0;True
57068;1;1;0;True
57069;3;4;1;True
57070;1;1;0;True
57071;5;12;7;True
57072;4;4;0;True
57073;2;4;2;True
57074;4;9;5;True
57075;2;4;2;True
57076;2;4;2;True
57077;4;12;8;True
57078;4;6;2;True
57079;1;1;0;True
57080;2;4;2;True
57081;9;16;7;True
57082;2;4;2;True
57083;1;1;0;True
57084;1;1;0;True
57085;7;12;5;True
57086;4;9;5;True
57087;6;12;6;True
57088;4;6;2;True
57089;4;9;5;True
57090;4;8;4;True
57091;4;9;5;True
57092;2;4;2;True
57093;2;4;2;True
57094;5;16;11;True
57095;10;16;6;True
57096;7;12;5;True
57097;4;9;5;True
57098;3;6;3;True
57099;1;1;0;True
57100;1;1;0;True
57101;9;16;7;True
57102;4;9;5;True
57103;2;4;2;True
57104;1;1;0;True
57105;2;2;0;True
57106;2;4;2;True
57107;1;1;0;True
57108;4;9;5;True
57109;1;1;0;True
57110;1;1;0;True
57111;1;1;0;True
57112;1;1;0;True
57113;2;4;2;True
57114;3;6;3;True
57115;7;12;5;True
57116;2;4;2;True
57117;0;0;0;True
57118;5;9;4;True
57119;6;8;2;True
57120;6;12;6;True
57121;4;12;8;True
57122;5;12;7;True
57123;3;6;3;True
57124;0;0;0;True
57125;6;12;6;True
57126;4;12;8;True
57127;2;4;2;True
57128;2;4;2;True
57129;3;6;3;True
57130;3;4;1;True
57131;1;1;0;True
57132;2;2;0;True
57133;1;1;0;True
57134;1;1;0;True
57135;4;12;8;True
57136;5;6;1;True
57137;2;4;2;True
57138;4;9;5;True
57139;4;12;8;True
57140;6;9;3;True
57141;7;16;9;True
57142;0;0;0;True
57143;7;12;5;True
57144;5;9;4;True
57145;2;4;2;True
57146;5;9;4;True
57147;4;12;8;True
57148;3;4;1;True
57149;4;6;2;True
57150;2;4;2;True
57151;1;1;0;True
57152;3;9;6;True
57153;4;9;5;True
57154;2;4;2;True
57155;0;0;0;True
57156;6;16;10;True
57157;4;9;5;True
57158;3;6;3;True
57159;1;1;0;True
57160;0;0;0;True
57161;2;2;0;True
57162;2;2;0;True
57163;2;4;2;True
57164;7;9;2;True
57165;0;0;0;True
57166;1;1;0;True
57167;1;1;0;True
57168;11;16;5;True
57169;2;4;2;True
57170;7;16;9;True
57171;6;12;6;True
57172;4;6;2;True
57173;3;9;6;True
57174;6;12;6;True
57175;4;9;5;True
57176;7;16;9;True
57177;3;3;0;True
57178;6;12;6;True
57179;4;4;0;True
57180;2;4;2;True
57181;1;1;0;True
57182;2;4;2;True
57183;0;0;0;True
57184;3;6;3;True
57185;2;2;0;True
57186;7;12;5;True
57187;6;12;6;True
57188;4;6;2;True
57189;6;9;3;True
57190;4;9;5;True
57191;1;1;0;True
57192;4;6;2;True
57193;2;4;2;True
57194;7;16;9;True
57195;3;6;3;True
57196;7;16;9;True
57197;2;4;2;True
57198;3;6;3;True
57199;0;0;0;True
57200;2;2;0;True
57201;5;16;11;True
57202;5;12;7;True
57203;9;12;3;True
57204;4;12;8;True
57205;1;1;0;True
57206;3;6;3;True
57207;1;1;0;True
57208;1;1;0;True
57209;6;12;6;True
57210;2;2;0;True
57211;0;0;0;True
57212;6;12;6;True
57213;5;6;1;True
57214;1;1;0;True
57215;5;12;7;True
57216;7;12;5;True
57217;5;12;7;True
57218;5;9;4;True
57219;3;6;3;True
57220;2;4;2;True
57221;4;9;5;True
57222;2;2;0;True
57223;5;6;1;True
57224;6;12;6;True
57225;3;4;1;True
57226;7;9;2;True
57227;5;12;7;True
57228;8;12;4;True
57229;1;1;0;True
57230;0;0;0;True
57231;2;4;2;True
57232;0;0;0;True
57233;2;2;0;True
57234;3;6;3;True
57235;3;6;3;True
57236;6;12;6;True
57237;2;4;2;True
57238;4;8;4;True
57239;0;0;0;True
57240;5;9;4;True
57241;4;9;5;True
57242;3;6;3;True
57243;3;6;3;True
57244;4;6;2;True
57245;4;8;4;True
57246;4;9;5;True
57247;3;4;1;True
57248;4;9;5;True
57249;3;6;3;True
57250;5;9;4;True
57251;4;9;5;True
57252;6;16;10;True
57253;4;12;8;True
57254;4;6;2;True
57255;5;8;3;True
57256;7;16;9;True
57257;4;6;2;True
57258;3;9;6;True
57259;2;4;2;True
57260;6;12;6;True
57261;3;6;3;True
57262;2;2;0;True
57263;4;12;8;True
57264;0;0;0;True
57265;8;12;4;True
57266;2;2;0;True
57267;2;2;0;True
57268;1;1;0;True
57269;6;12;6;True
57270;6;9;3;True
57271;4;6;2;True
57272;2;4;2;True
57273;4;9;5;True
57274;4;4;0;True
57275;5;16;11;True
57276;4;8;4;True
57277;4;9;5;True
57278;6;16;10;True
57279;5;9;4;True
57280;3;6;3;True
57281;5;9;4;True
57282;0;0;0;True
57283;2;4;2;True
57284;0;0;0;True
57285;4;12;8;True
57286;4;6;2;True
57287;3;6;3;True
57288;1;1;0;True
57289;4;9;5;True
57290;3;6;3;True
57291;4;16;12;True
57292;1;1;0;True
57293;3;6;3;True
57294;4;12;8;True
57295;7;12;5;True
57296;3;4;1;True
57297;4;9;5;True
57298;4;6;2;True
57299;6;12;6;True
57300;7;16;9;True
57301;3;9;6;True
57302;6;12;6;True
57303;3;4;1;True
57304;2;2;0;True
57305;3;6;3;True
57306;1;1;0;True
57307;2;2;0;True
57308;2;2;0;True
57309;2;4;2;True
57310;3;6;3;True
57311;2;2;0;True
57312;4;9;5;True
57313;3;6;3;True
57314;3;4;1;True
57315;1;1;0;True
57316;2;2;0;True
57317;8;12;4;True
57318;7;12;5;True
57319;4;6;2;True
57320;2;4;2;True
57321;3;6;3;True
57322;2;2;0;True
57323;3;6;3;True
57324;1;1;0;True
57325;5;12;7;True
57326;7;12;5;True
57327;5;9;4;True
57328;4;12;8;True
57329;4;12;8;True
57330;0;0;0;True
57331;4;12;8;True
57332;5;9;4;True
57333;1;1;0;True
57334;5;12;7;True
57335;1;1;0;True
57336;1;1;0;True
57337;5;12;7;True
57338;7;12;5;True
57339;4;9;5;True
57340;7;12;5;True
57341;1;1;0;True
57342;2;4;2;True
57343;1;1;0;True
57344;4;6;2;True
57345;6;6;0;True
57346;0;0;0;True
57347;6;9;3;True
57348;4;12;8;True
57349;0;0;0;True
57350;1;1;0;True
57351;0;0;0;True
57352;4;8;4;True
57353;2;4;2;True
57354;3;3;0;True
57355;4;6;2;True
57356;5;12;7;True
57357;4;6;2;True
57358;0;0;0;True
57359;5;12;7;True
57360;4;12;8;True
57361;1;1;0;True
57362;5;12;7;True
57363;5;9;4;True
57364;3;4;1;True
57365;3;6;3;True
57366;6;12;6;True
57367;2;4;2;True
57368;2;2;0;True
57369;4;9;5;True
57370;1;1;0;True
57371;0;0;0;True
57372;4;6;2;True
57373;2;4;2;True
57374;1;1;0;True
57375;4;9;5;True
57376;7;9;2;True
57377;3;6;3;True
57378;1;1;0;True
57379;3;4;1;True
57380;0;0;0;True
57381;3;6;3;True
57382;4;9;5;True
57383;3;6;3;True
57384;3;6;3;True
57385;5;12;7;True
57386;5;9;4;True
57387;6;16;10;True
57388;1;1;0;True
57389;5;12;7;True
57390;5;16;11;True
57391;7;12;5;True
57392;1;1;0;True
57393;1;1;0;True
57394;6;16;10;True
57395;5;9;4;True
57396;1;1;0;True
57397;1;1;0;True
57398;1;1;0;True
57399;2;4;2;True
57400;3;6;3;True
57401;6;9;3;True
57402;3;6;3;True
57403;2;4;2;True
57404;5;6;1;True
57405;5;8;3;True
57406;2;2;0;True
57407;1;1;0;True
57408;0;0;0;True
57409;4;9;5;True
57410;4;12;8;True
57411;5;12;7;True
57412;8;16;8;True
57413;0;0;0;True
57414;4;9;5;True
57415;2;2;0;True
57416;1;1;0;True
57417;3;6;3;True
57418;3;6;3;True
57419;1;1;0;True
57420;1;1;0;True
57421;4;12;8;True
57422;3;6;3;True
57423;4;6;2;True
57424;3;6;3;True
57425;3;6;3;True
57426;4;9;5;True
57427;5;9;4;True
57428;2;4;2;True
57429;5;9;4;True
57430;9;16;7;True
57431;4;9;5;True
57432;6;8;2;True
57433;4;9;5;True
57434;1;1;0;True
57435;4;6;2;True
57436;1;1;0;True
57437;7;12;5;True
57438;3;6;3;True
57439;4;6;2;True
57440;8;16;8;True
57441;6;12;6;True
57442;5;9;4;True
57443;7;12;5;True
57444;4;6;2;True
57445;1;1;0;True
57446;6;16;10;True
57447;5;9;4;True
57448;2;2;0;True
57449;7;16;9;True
57450;4;9;5;True
57451;6;12;6;True
57452;4;6;2;True
57453;1;1;0;True
57454;4;9;5;True
57455;2;4;2;True
57456;2;4;2;True
57457;2;4;2;True
57458;1;1;0;True
57459;7;16;9;True
57460;11;16;5;True
57461;2;4;2;True
57462;4;6;2;True
57463;3;4;1;True
57464;2;4;2;True
57465;4;9;5;True
57466;1;1;0;True
57467;1;1;0;True
57468;2;4;2;True
57469;1;1;0;True
57470;3;4;1;True
57471;3;9;6;True
57472;3;3;0;True
57473;2;2;0;True
57474;1;1;0;True
57475;5;9;4;True
57476;2;4;2;True
57477;2;2;0;True
57478;0;0;0;True
57479;1;1;0;True
57480;1;1;0;True
57481;0;0;0;True
57482;7;12;5;True
57483;5;9;4;True
57484;7;12;5;True
57485;2;2;0;True
57486;4;6;2;True
57487;9;16;7;True
57488;4;8;4;True
57489;7;16;9;True
57490;2;2;0;True
57491;7;16;9;True
57492;5;9;4;True
57493;6;12;6;True
57494;2;2;0;True
57495;9;16;7;True
57496;3;9;6;True
57497;3;6;3;True
57498;5;9;4;True
57499;2;4;2;True
57500;2;4;2;True
57501;5;16;11;True
57502;2;4;2;True
57503;2;4;2;True
57504;0;0;0;True
57505;2;4;2;True
57506;7;16;9;True
57507;1;1;0;True
57508;5;6;1;True
57509;3;3;0;True
57510;3;4;1;True
57511;1;1;0;True
57512;1;1;0;True
57513;6;12;6;True
57514;2;2;0;True
57515;3;4;1;True
57516;1;1;0;True
57517;3;6;3;True
57518;0;0;0;True
57519;5;16;11;True
57520;9;16;7;True
57521;7;16;9;True
57522;2;4;2;True
57523;11;16;5;True
57524;6;12;6;True
57525;3;6;3;True
57526;3;4;1;True
57527;3;6;3;True
57528;3;6;3;True
57529;3;6;3;True
57530;10;16;6;True
57531;4;9;5;True
57532;3;4;1;True
57533;3;6;3;True
57534;3;6;3;True
57535;6;16;10;True
57536;7;12;5;True
57537;2;2;0;True
57538;5;12;7;True
57539;5;8;3;True
57540;4;9;5;True
57541;2;2;0;True
57542;6;9;3;True
57543;5;12;7;True
57544;0;0;0;True
57545;8;16;8;True
57546;5;8;3;True
57547;3;6;3;True
57548;4;12;8;True
57549;6;12;6;True
57550;3;4;1;True
57551;5;16;11;True
57552;4;9;5;True
57553;2;4;2;True
57554;5;6;1;True
57555;7;16;9;True
57556;4;9;5;True
57557;7;16;9;True
57558;0;0;0;True
57559;3;6;3;True
57560;6;12;6;True
57561;6;12;6;True
57562;6;12;6;True
57563;2;4;2;True
57564;3;6;3;True
57565;2;2;0;True
57566;5;9;4;True
57567;3;6;3;True
57568;6;16;10;True
57569;5;6;1;True
57570;1;1;0;True
57571;4;9;5;True
57572;5;6;1;True
57573;5;9;4;True
57574;3;6;3;True
57575;3;9;6;True
57576;2;4;2;True
57577;4;9;5;True
57578;2;2;0;True
57579;5;9;4;True
57580;5;12;7;True
57581;1;1;0;True
57582;4;9;5;True
57583;3;6;3;True
57584;2;4;2;True
57585;6;12;6;True
57586;4;9;5;True
57587;4;8;4;True
57588;4;9;5;True
57589;7;16;9;True
57590;4;9;5;True
57591;6;12;6;True
57592;3;4;1;True
57593;6;12;6;True
57594;3;6;3;True
57595;1;1;0;True
57596;4;8;4;True
57597;6;12;6;True
57598;4;9;5;True
57599;8;12;4;True
57600;3;6;3;True
57601;7;12;5;True
57602;4;12;8;True
57603;7;12;5;True
57604;5;9;4;True
57605;7;16;9;True
57606;3;4;1;True
57607;2;2;0;True
57608;6;12;6;True
57609;4;9;5;True
57610;2;4;2;True
57611;5;9;4;True
57612;3;6;3;True
57613;3;4;1;True
57614;1;1;0;True
57615;2;4;2;True
57616;6;12;6;True
57617;12;16;4;True
57618;4;9;5;True
57619;3;6;3;True
57620;4;9;5;True
57621;3;6;3;True
57622;3;9;6;True
57623;7;16;9;True
57624;0;0;0;True
57625;0;0;0;True
57626;9;16;7;True
57627;4;8;4;True
57628;4;8;4;True
57629;7;16;9;True
57630;7;12;5;True
57631;0;0;0;True
57632;5;16;11;True
57633;3;4;1;True
57634;6;12;6;True
57635;2;4;2;True
57636;6;12;6;True
57637;5;12;7;True
57638;9;16;7;True
57639;4;9;5;True
57640;1;1;0;True
57641;2;4;2;True
57642;7;16;9;True
57643;0;0;0;True
57644;2;2;0;True
57645;1;1;0;True
57646;4;16;12;True
57647;3;3;0;True
57648;2;2;0;True
57649;6;16;10;True
57650;4;9;5;True
57651;2;2;0;True
57652;3;6;3;True
57653;4;4;0;True
57654;3;9;6;True
57655;3;6;3;True
57656;3;4;1;True
57657;7;16;9;True
57658;6;16;10;True
57659;0;0;0;True
57660;2;4;2;True
57661;2;4;2;True
57662;4;9;5;True
57663;3;4;1;True
57664;4;6;2;True
57665;7;12;5;True
57666;6;16;10;True
57667;1;1;0;True
57668;2;4;2;True
57669;4;9;5;True
57670;3;9;6;True
57671;4;9;5;True
57672;4;8;4;True
57673;3;4;1;True
57674;3;6;3;True
57675;6;12;6;True
57676;1;1;0;True
57677;4;6;2;True
57678;1;1;0;True
57679;2;4;2;True
57680;5;9;4;True
57681;4;12;8;True
57682;1;1;0;True
57683;4;9;5;True
57684;5;12;7;True
57685;5;16;11;True
57686;7;16;9;True
57687;5;8;3;True
57688;4;9;5;True
57689;5;6;1;True
57690;6;12;6;True
57691;1;1;0;True
57692;0;0;0;True
57693;5;12;7;True
57694;6;16;10;True
57695;3;4;1;True
57696;4;9;5;True
57697;2;4;2;True
57698;2;4;2;True
57699;6;12;6;True
57700;0;0;0;True
57701;5;9;4;True
57702;0;0;0;True
57703;6;12;6;True
57704;1;1;0;True
57705;3;6;3;True
57706;1;1;0;True
57707;1;1;0;True
57708;5;12;7;True
57709;4;12;8;True
57710;6;16;10;True
57711;1;1;0;True
57712;7;16;9;True
57713;2;4;2;True
57714;2;4;2;True
57715;3;3;0;True
57716;2;4;2;True
57717;3;6;3;True
57718;8;16;8;True
57719;2;4;2;True
57720;2;4;2;True
57721;4;9;5;True
57722;1;1;0;True
57723;3;6;3;True
57724;1;1;0;True
57725;4;9;5;True
57726;4;6;2;True
57727;7;12;5;True
57728;5;12;7;True
57729;2;4;2;True
57730;2;4;2;True
57731;3;6;3;True
57732;5;12;7;True
57733;7;16;9;True
57734;4;12;8;True
57735;5;8;3;True
57736;4;6;2;True
57737;6;8;2;True
57738;1;1;0;True
57739;4;12;8;True
57740;2;4;2;True
57741;2;2;0;True
57742;6;16;10;True
57743;2;4;2;True
57744;0;0;0;True
57745;0;0;0;True
57746;7;12;5;True
57747;3;6;3;True
57748;4;9;5;True
57749;4;9;5;True
57750;10;16;6;True
57751;1;1;0;True
57752;0;0;0;True
57753;4;9;5;True
57754;7;16;9;True
57755;5;12;7;True
57756;3;4;1;True
57757;4;6;2;True
57758;0;0;0;True
57759;5;12;7;True
57760;7;16;9;True
57761;0;0;0;True
57762;1;1;0;True
57763;3;4;1;True
57764;3;9;6;True
57765;5;9;4;True
57766;9;16;7;True
57767;5;12;7;True
57768;3;4;1;True
57769;4;6;2;True
57770;2;4;2;True
57771;2;4;2;True
57772;2;2;0;True
57773;1;1;0;True
57774;4;8;4;True
57775;3;3;0;True
57776;7;12;5;True
57777;0;0;0;True
57778;1;1;0;True
57779;1;1;0;True
57780;6;16;10;True
57781;1;1;0;True
57782;4;6;2;True
57783;2;4;2;True
57784;5;6;1;True
57785;2;4;2;True
57786;4;6;2;True
57787;1;1;0;True
57788;1;1;0;True
57789;3;6;3;True
57790;2;4;2;True
57791;4;9;5;True
57792;2;4;2;True
57793;4;8;4;True
57794;2;2;0;True
57795;7;12;5;True
57796;4;4;0;True
57797;5;16;11;True
57798;8;16;8;True
57799;4;9;5;True
57800;3;6;3;True
57801;4;9;5;True
57802;4;6;2;True
57803;5;9;4;True
57804;8;16;8;True
57805;7;12;5;True
57806;3;4;1;True
57807;0;0;0;True
57808;3;9;6;True
57809;2;4;2;True
57810;4;9;5;True
57811;1;1;0;True
57812;1;1;0;True
57813;4;9;5;True
57814;7;16;9;True
57815;2;4;2;True
57816;1;1;0;True
57817;2;2;0;True
57818;2;2;0;True
57819;7;12;5;True
57820;1;1;0;True
57821;2;2;0;True
57822;2;2;0;True
57823;4;6;2;True
57824;1;1;0;True
57825;5;9;4;True
57826;6;16;10;True
57827;3;6;3;True
57828;0;0;0;True
57829;3;6;3;True
57830;3;6;3;True
57831;2;4;2;True
57832;3;6;3;True
57833;4;9;5;True
57834;1;1;0;True
57835;2;4;2;True
57836;2;4;2;True
57837;4;6;2;True
57838;2;4;2;True
57839;2;4;2;True
57840;1;1;0;True
57841;5;9;4;True
57842;1;1;0;True
57843;5;12;7;True
57844;4;6;2;True
57845;5;9;4;True
57846;6;12;6;True
57847;2;4;2;True
57848;6;12;6;True
57849;3;6;3;True
57850;8;12;4;True
57851;5;9;4;True
57852;6;9;3;True
57853;6;9;3;True
57854;6;16;10;True
57855;0;0;0;True
57856;4;9;5;True
57857;1;1;0;True
57858;4;6;2;True
57859;4;4;0;True
57860;1;1;0;True
57861;3;4;1;True
57862;1;1;0;True
57863;5;12;7;True
57864;5;12;7;True
57865;4;9;5;True
57866;2;4;2;True
57867;2;4;2;True
57868;4;9;5;True
57869;7;16;9;True
57870;6;16;10;True
57871;2;4;2;True
57872;4;12;8;True
57873;2;4;2;True
57874;3;6;3;True
57875;1;1;0;True
57876;0;0;0;True
57877;1;1;0;True
57878;1;1;0;True
57879;8;12;4;True
57880;3;4;1;True
57881;5;12;7;True
57882;4;9;5;True
57883;4;12;8;True
57884;0;0;0;True
57885;0;0;0;True
57886;3;6;3;True
57887;5;12;7;True
57888;3;6;3;True
57889;4;6;2;True
57890;3;3;0;True
57891;3;4;1;True
57892;8;16;8;True
57893;4;6;2;True
57894;1;1;0;True
57895;9;16;7;True
57896;9;16;7;True
57897;1;1;0;True
57898;3;6;3;True
57899;7;12;5;True
57900;4;9;5;True
57901;3;3;0;True
57902;2;4;2;True
57903;6;12;6;True
57904;5;6;1;True
57905;3;4;1;True
57906;3;3;0;True
57907;4;9;5;True
57908;2;4;2;True
57909;7;16;9;True
57910;6;12;6;True
57911;3;6;3;True
57912;5;12;7;True
57913;5;8;3;True
57914;5;12;7;True
57915;6;12;6;True
57916;0;0;0;True
57917;1;1;0;True
57918;2;4;2;True
57919;5;9;4;True
57920;1;1;0;True
57921;0;0;0;True
57922;5;12;7;True
57923;0;0;0;True
57924;0;0;0;True
57925;4;9;5;True
57926;3;6;3;True
57927;0;0;0;True
57928;4;12;8;True
57929;3;6;3;True
57930;7;16;9;True
57931;3;9;6;True
57932;2;2;0;True
57933;2;4;2;True
57934;3;4;1;True
57935;3;6;3;True
57936;6;12;6;True
57937;3;6;3;True
57938;6;12;6;True
57939;4;6;2;True
57940;6;12;6;True
57941;4;6;2;True
57942;6;16;10;True
57943;1;1;0;True
57944;1;1;0;True
57945;0;0;0;True
57946;0;0;0;True
57947;2;4;2;True
57948;8;16;8;True
57949;1;1;0;True
57950;4;9;5;True
57951;3;6;3;True
57952;5;12;7;True
57953;1;1;0;True
57954;5;12;7;True
57955;3;6;3;True
57956;4;6;2;True
57957;3;6;3;True
57958;3;4;1;True
57959;2;4;2;True
57960;1;1;0;True
57961;8;12;4;True
57962;1;1;0;True
57963;2;2;0;True
57964;4;12;8;True
57965;5;12;7;True
57966;7;12;5;True
57967;3;9;6;True
57968;4;9;5;True
57969;4;9;5;True
57970;3;6;3;True
57971;1;1;0;True
57972;1;1;0;True
57973;9;16;7;True
57974;7;8;1;True
57975;7;12;5;True
57976;4;9;5;True
57977;0;0;0;True
57978;3;9;6;True
57979;7;16;9;True
57980;5;9;4;True
57981;2;2;0;True
57982;2;4;2;True
57983;5;9;4;True
57984;8;12;4;True
57985;2;2;0;True
57986;3;6;3;True
57987;1;1;0;True
57988;7;16;9;True
57989;2;4;2;True
57990;1;1;0;True
57991;2;2;0;True
57992;7;16;9;True
57993;5;9;4;True
57994;1;1;0;True
57995;1;1;0;True
57996;11;16;5;True
57997;3;6;3;True
57998;3;6;3;True
57999;1;1;0;True
58000;1;1;0;True
58001;3;9;6;True
58002;7;12;5;True
58003;5;12;7;True
58004;6;9;3;True
58005;8;16;8;True
58006;5;12;7;True
58007;0;0;0;True
58008;4;8;4;True
58009;3;6;3;True
58010;6;12;6;True
58011;4;12;8;True
58012;2;4;2;True
58013;3;6;3;True
58014;6;12;6;True
58015;1;1;0;True
58016;4;9;5;True
58017;2;4;2;True
58018;3;4;1;True
58019;3;9;6;True
58020;2;2;0;True
58021;9;16;7;True
58022;2;4;2;True
58023;8;16;8;True
58024;3;6;3;True
58025;6;16;10;True
58026;0;0;0;True
58027;2;2;0;True
58028;3;9;6;True
58029;3;9;6;True
58030;5;16;11;True
58031;0;0;0;True
58032;2;2;0;True
58033;3;6;3;True
58034;3;6;3;True
58035;10;16;6;True
58036;6;8;2;True
58037;5;16;11;True
58038;0;0;0;True
58039;0;0;0;True
58040;7;12;5;True
58041;4;9;5;True
58042;3;6;3;True
58043;7;12;5;True
58044;3;6;3;True
58045;9;16;7;True
58046;2;4;2;True
58047;4;9;5;True
58048;2;4;2;True
58049;1;1;0;True
58050;4;6;2;True
58051;6;16;10;True
58052;7;16;9;True
58053;9;16;7;True
58054;4;4;0;True
58055;1;1;0;True
58056;2;2;0;True
58057;0;0;0;True
58058;3;4;1;True
58059;1;1;0;True
58060;2;4;2;True
58061;2;4;2;True
58062;3;9;6;True
58063;1;1;0;True
58064;9;16;7;True
58065;3;6;3;True
58066;3;4;1;True
58067;6;9;3;True
58068;1;1;0;True
58069;5;12;7;True
58070;4;9;5;True
58071;6;16;10;True
58072;1;1;0;True
58073;3;6;3;True
58074;5;12;7;True
58075;7;16;9;True
58076;5;12;7;True
58077;4;9;5;True
58078;2;4;2;True
58079;5;9;4;True
58080;6;12;6;True
58081;4;9;5;True
58082;4;6;2;True
58083;2;2;0;True
58084;3;6;3;True
58085;6;12;6;True
58086;5;12;7;True
58087;5;9;4;True
58088;4;12;8;True
58089;2;2;0;True
58090;5;9;4;True
58091;2;4;2;True
58092;8;12;4;True
58093;3;6;3;True
58094;4;6;2;True
58095;5;12;7;True
58096;0;0;0;True
58097;0;0;0;True
58098;1;1;0;True
58099;4;6;2;True
58100;6;12;6;True
58101;4;6;2;True
58102;5;16;11;True
58103;2;4;2;True
58104;0;0;0;True
58105;4;6;2;True
58106;2;2;0;True
58107;4;12;8;True
58108;5;12;7;True
58109;7;9;2;True
58110;2;4;2;True
58111;2;4;2;True
58112;9;12;3;True
58113;3;6;3;True
58114;8;12;4;True
58115;6;12;6;True
58116;3;6;3;True
58117;2;4;2;True
58118;2;4;2;True
58119;4;12;8;True
58120;3;6;3;True
58121;5;9;4;True
58122;5;9;4;True
58123;0;0;0;True
58124;0;0;0;True
58125;5;12;7;True
58126;4;12;8;True
58127;2;4;2;True
58128;2;4;2;True
58129;6;12;6;True
58130;9;12;3;True
58131;5;9;4;True
58132;1;1;0;True
58133;1;1;0;True
58134;1;1;0;True
58135;5;16;11;True
58136;6;16;10;True
58137;6;12;6;True
58138;1;1;0;True
58139;3;6;3;True
58140;4;9;5;True
58141;6;9;3;True
58142;5;12;7;True
58143;5;12;7;True
58144;6;16;10;True
58145;2;2;0;True
58146;2;4;2;True
58147;3;4;1;True
58148;0;0;0;True
58149;4;6;2;True
58150;1;1;0;True
58151;3;4;1;True
58152;5;9;4;True
58153;3;9;6;True
58154;4;9;5;True
58155;0;0;0;True
58156;3;6;3;True
58157;10;16;6;True
58158;3;6;3;True
58159;1;1;0;True
58160;3;9;6;True
58161;2;4;2;True
58162;3;6;3;True
58163;6;16;10;True
58164;3;4;1;True
58165;8;16;8;True
58166;1;1;0;True
58167;6;16;10;True
58168;4;9;5;True
58169;5;9;4;True
58170;4;6;2;True
58171;4;9;5;True
58172;5;8;3;True
58173;4;6;2;True
58174;3;9;6;True
58175;7;12;5;True
58176;4;8;4;True
58177;6;16;10;True
58178;5;9;4;True
58179;1;1;0;True
58180;7;16;9;True
58181;5;12;7;True
58182;6;12;6;True
58183;7;16;9;True
58184;6;9;3;True
58185;4;6;2;True
58186;3;4;1;True
58187;4;12;8;True
58188;4;9;5;True
58189;2;4;2;True
58190;2;4;2;True
58191;9;16;7;True
58192;3;6;3;True
58193;6;16;10;True
58194;4;9;5;True
58195;1;1;0;True
58196;6;9;3;True
58197;3;6;3;True
58198;8;12;4;True
58199;5;9;4;True
58200;2;2;0;True
58201;4;8;4;True
58202;2;4;2;True
58203;3;4;1;True
58204;7;8;1;True
58205;3;6;3;True
58206;2;4;2;True
58207;0;0;0;True
58208;1;1;0;True
58209;2;2;0;True
58210;4;12;8;True
58211;7;12;5;True
58212;11;16;5;True
58213;1;1;0;True
58214;2;4;2;True
58215;3;6;3;True
58216;1;1;0;True
58217;5;9;4;True
58218;8;16;8;True
58219;3;9;6;True
58220;8;16;8;True
58221;4;9;5;True
58222;0;0;0;True
58223;6;12;6;True
58224;4;9;5;True
58225;1;1;0;True
58226;5;9;4;True
58227;0;0;0;True
58228;4;9;5;True
58229;5;12;7;True
58230;4;6;2;True
58231;5;8;3;True
58232;3;6;3;True
58233;0;0;0;True
58234;3;4;1;True
58235;6;12;6;True
58236;3;9;6;True
58237;4;9;5;True
58238;1;1;0;True
58239;5;12;7;True
58240;6;12;6;True
58241;8;12;4;True
58242;4;9;5;True
58243;5;9;4;True
58244;3;6;3;True
58245;3;4;1;True
58246;9;16;7;True
58247;5;12;7;True
58248;6;12;6;True
58249;6;12;6;True
58250;1;1;0;True
58251;6;12;6;True
58252;3;6;3;True
58253;6;16;10;True
58254;2;2;0;True
58255;1;1;0;True
58256;2;4;2;True
58257;0;0;0;True
58258;4;12;8;True
58259;4;12;8;True
58260;5;16;11;True
58261;3;9;6;True
58262;6;12;6;True
58263;6;12;6;True
58264;4;6;2;True
58265;0;0;0;True
58266;2;4;2;True
58267;7;16;9;True
58268;2;4;2;True
58269;0;0;0;True
58270;3;9;6;True
58271;2;4;2;True
58272;5;9;4;True
58273;5;9;4;True
58274;3;4;1;True
58275;4;9;5;True
58276;2;2;0;True
58277;2;2;0;True
58278;5;9;4;True
58279;2;4;2;True
58280;5;8;3;True
58281;5;12;7;True
58282;1;1;0;True
58283;5;8;3;True
58284;5;9;4;True
58285;7;12;5;True
58286;3;6;3;True
58287;1;1;0;True
58288;4;12;8;True
58289;6;16;10;True
58290;3;4;1;True
58291;8;16;8;True
58292;2;2;0;True
58293;3;9;6;True
58294;2;4;2;True
58295;5;12;7;True
58296;4;6;2;True
58297;9;16;7;True
58298;2;4;2;True
58299;6;9;3;True
58300;5;12;7;True
58301;1;1;0;True
58302;1;1;0;True
58303;5;9;4;True
58304;8;16;8;True
58305;2;2;0;True
58306;1;1;0;True
58307;5;12;7;True
58308;3;4;1;True
58309;5;16;11;True
58310;0;0;0;True
58311;4;6;2;True
58312;4;12;8;True
58313;4;9;5;True
58314;0;0;0;True
58315;6;12;6;True
58316;0;0;0;True
58317;3;6;3;True
58318;5;12;7;True
58319;4;9;5;True
58320;0;0;0;True
58321;4;9;5;True
58322;2;4;2;True
58323;4;6;2;True
58324;1;1;0;True
58325;4;12;8;True
58326;3;4;1;True
58327;4;12;8;True
58328;5;9;4;True
58329;6;12;6;True
58330;2;2;0;True
58331;3;9;6;True
58332;1;1;0;True
58333;2;4;2;True
58334;5;16;11;True
58335;8;16;8;True
58336;4;12;8;True
58337;7;9;2;True
58338;3;6;3;True
58339;2;2;0;True
58340;3;6;3;True
58341;4;12;8;True
58342;2;4;2;True
58343;7;16;9;True
58344;7;12;5;True
58345;3;6;3;True
58346;6;9;3;True
58347;1;1;0;True
58348;7;16;9;True
58349;1;1;0;True
58350;7;9;2;True
58351;0;0;0;True
58352;3;6;3;True
58353;5;12;7;True
58354;5;9;4;True
58355;4;6;2;True
58356;1;1;0;True
58357;2;4;2;True
58358;2;4;2;True
58359;3;9;6;True
58360;1;1;0;True
58361;2;2;0;True
58362;5;12;7;True
58363;3;4;1;True
58364;5;9;4;True
58365;7;9;2;True
58366;1;1;0;True
58367;4;6;2;True
58368;5;9;4;True
58369;7;16;9;True
58370;6;16;10;True
58371;4;6;2;True
58372;3;4;1;True
58373;2;2;0;True
58374;1;1;0;True
58375;6;12;6;True
58376;2;2;0;True
58377;5;12;7;True
58378;3;6;3;True
58379;3;9;6;True
58380;3;9;6;True
58381;7;12;5;True
58382;1;1;0;True
58383;1;1;0;True
58384;0;0;0;True
58385;0;0;0;True
58386;5;12;7;True
58387;3;9;6;True
58388;5;12;7;True
58389;3;6;3;True
58390;6;16;10;True
58391;5;12;7;True
58392;2;2;0;True
58393;3;6;3;True
58394;0;0;0;True
58395;1;1;0;True
58396;5;12;7;True
58397;1;1;0;True
58398;2;4;2;True
58399;8;16;8;True
58400;2;2;0;True
58401;2;2;0;True
58402;3;6;3;True
58403;6;12;6;True
58404;3;6;3;True
58405;6;12;6;True
58406;1;1;0;True
58407;2;2;0;True
58408;4;8;4;True
58409;3;4;1;True
58410;1;1;0;True
58411;0;0;0;True
58412;1;1;0;True
58413;4;8;4;True
58414;2;4;2;True
58415;2;4;2;True
58416;6;12;6;True
58417;1;1;0;True
58418;4;9;5;True
58419;4;9;5;True
58420;7;12;5;True
58421;5;8;3;True
58422;2;2;0;True
58423;1;1;0;True
58424;4;9;5;True
58425;11;16;5;True
58426;0;0;0;True
58427;1;1;0;True
58428;1;1;0;True
58429;4;6;2;True
58430;1;1;0;True
58431;5;12;7;True
58432;3;3;0;True
58433;3;6;3;True
58434;6;16;10;True
58435;6;16;10;True
58436;2;4;2;True
58437;4;6;2;True
58438;1;1;0;True
58439;9;16;7;True
58440;3;6;3;True
58441;6;12;6;True
58442;3;9;6;True
58443;3;6;3;True
58444;5;12;7;True
58445;3;6;3;True
58446;5;9;4;True
58447;1;1;0;True
58448;3;9;6;True
58449;0;0;0;True
58450;7;12;5;True
58451;3;6;3;True
58452;9;16;7;True
58453;0;0;0;True
58454;7;12;5;True
58455;6;12;6;True
58456;2;4;2;True
58457;8;16;8;True
58458;3;6;3;True
58459;3;4;1;True
58460;1;1;0;True
58461;2;2;0;True
58462;1;1;0;True
58463;2;4;2;True
58464;0;0;0;True
58465;3;6;3;True
58466;1;1;0;True
58467;3;4;1;True
58468;3;4;1;True
58469;2;4;2;True
58470;1;1;0;True
58471;0;0;0;True
58472;3;6;3;True
58473;3;6;3;True
58474;3;6;3;True
58475;5;12;7;True
58476;7;12;5;True
58477;7;12;5;True
58478;7;12;5;True
58479;4;6;2;True
58480;4;9;5;True
58481;6;12;6;True
58482;3;6;3;True
58483;1;1;0;True
58484;5;9;4;True
58485;8;16;8;True
58486;2;4;2;True
58487;2;4;2;True
58488;2;2;0;True
58489;5;12;7;True
58490;7;16;9;True
58491;2;2;0;True
58492;6;12;6;True
58493;1;1;0;True
58494;5;12;7;True
58495;4;6;2;True
58496;6;16;10;True
58497;2;4;2;True
58498;8;12;4;True
58499;2;4;2;True
58500;4;6;2;True
58501;9;16;7;True
58502;1;1;0;True
58503;5;12;7;True
58504;7;16;9;True
58505;0;0;0;True
58506;0;0;0;True
58507;1;1;0;True
58508;3;6;3;True
58509;2;2;0;True
58510;3;9;6;True
58511;0;0;0;True
58512;3;9;6;True
58513;4;9;5;True
58514;3;6;3;True
58515;6;12;6;True
58516;3;4;1;True
58517;1;1;0;True
58518;1;1;0;True
58519;5;12;7;True
58520;5;12;7;True
58521;4;6;2;True
58522;0;0;0;True
58523;2;2;0;True
58524;4;9;5;True
58525;2;4;2;True
58526;4;6;2;True
58527;1;1;0;True
58528;1;1;0;True
58529;1;1;0;True
58530;0;0;0;True
58531;6;12;6;True
58532;6;12;6;True
58533;7;16;9;True
58534;5;9;4;True
58535;1;1;0;True
58536;2;4;2;True
58537;5;9;4;True
58538;7;12;5;True
58539;2;4;2;True
58540;1;1;0;True
58541;1;1;0;True
58542;4;9;5;True
58543;0;0;0;True
58544;2;2;0;True
58545;3;6;3;True
58546;4;8;4;True
58547;4;9;5;True
58548;7;16;9;True
58549;3;4;1;True
58550;0;0;0;True
58551;2;4;2;True
58552;1;1;0;True
58553;3;6;3;True
58554;0;0;0;True
58555;6;12;6;True
58556;2;4;2;True
58557;4;12;8;True
58558;3;6;3;True
58559;2;2;0;True
58560;5;6;1;True
58561;4;6;2;True
58562;4;9;5;True
58563;1;1;0;True
58564;5;12;7;True
58565;4;6;2;True
58566;4;8;4;True
58567;4;9;5;True
58568;1;1;0;True
58569;5;6;1;True
58570;4;12;8;True
58571;8;16;8;True
58572;6;12;6;True
58573;9;12;3;True
58574;2;4;2;True
58575;2;2;0;True
58576;3;6;3;True
58577;8;12;4;True
58578;1;1;0;True
58579;3;3;0;True
58580;4;6;2;True
58581;2;2;0;True
58582;4;12;8;True
58583;5;9;4;True
58584;2;4;2;True
58585;6;16;10;True
58586;4;6;2;True
58587;6;12;6;True
58588;4;4;0;True
58589;4;9;5;True
58590;6;16;10;True
58591;1;1;0;True
58592;5;12;7;True
58593;2;2;0;True
58594;0;0;0;True
58595;5;12;7;True
58596;6;12;6;True
58597;4;6;2;True
58598;1;1;0;True
58599;6;12;6;True
58600;3;4;1;True
58601;6;12;6;True
58602;3;4;1;True
58603;8;16;8;True
58604;5;9;4;True
58605;3;3;0;True
58606;1;1;0;True
58607;3;6;3;True
58608;0;0;0;True
58609;4;8;4;True
58610;4;6;2;True
58611;4;9;5;True
58612;8;16;8;True
58613;3;4;1;True
58614;3;4;1;True
58615;4;6;2;True
58616;3;6;3;True
58617;2;4;2;True
58618;2;4;2;True
58619;4;9;5;True
58620;1;1;0;True
58621;5;12;7;True
58622;7;12;5;True
58623;7;12;5;True
58624;6;9;3;True
58625;4;9;5;True
58626;1;1;0;True
58627;8;12;4;True
58628;7;16;9;True
58629;6;12;6;True
58630;3;6;3;True
58631;6;16;10;True
58632;0;0;0;True
58633;3;9;6;True
58634;5;9;4;True
58635;1;1;0;True
58636;4;6;2;True
58637;6;16;10;True
58638;3;4;1;True
58639;4;6;2;True
58640;4;6;2;True
58641;1;1;0;True
58642;4;6;2;True
58643;2;2;0;True
58644;6;12;6;True
58645;6;12;6;True
58646;0;0;0;True
58647;3;4;1;True
58648;10;16;6;True
58649;6;9;3;True
58650;4;9;5;True
58651;4;9;5;True
58652;0;0;0;True
58653;3;6;3;True
58654;2;2;0;True
58655;0;0;0;True
58656;2;4;2;True
58657;1;1;0;True
58658;0;0;0;True
58659;1;1;0;True
58660;5;16;11;True
58661;2;2;0;True
58662;4;12;8;True
58663;1;1;0;True
58664;5;9;4;True
58665;3;4;1;True
58666;7;16;9;True
58667;2;4;2;True
58668;1;1;0;True
58669;4;12;8;True
58670;1;1;0;True
58671;4;6;2;True
58672;2;2;0;True
58673;10;16;6;True
58674;5;12;7;True
58675;1;1;0;True
58676;3;4;1;True
58677;8;12;4;True
58678;6;12;6;True
58679;1;1;0;True
58680;2;4;2;True
58681;2;2;0;True
58682;4;9;5;True
58683;0;0;0;True
58684;5;9;4;True
58685;7;16;9;True
58686;5;16;11;True
58687;7;16;9;True
58688;2;2;0;True
58689;1;1;0;True
58690;10;16;6;True
58691;5;12;7;True
58692;4;6;2;True
58693;7;12;5;True
58694;3;4;1;True
58695;7;16;9;True
58696;5;8;3;True
58697;3;6;3;True
58698;7;12;5;True
58699;0;0;0;True
58700;3;6;3;True
58701;1;1;0;True
58702;6;12;6;True
58703;8;16;8;True
58704;0;0;0;True
58705;2;4;2;True
58706;8;16;8;True
58707;3;6;3;True
58708;5;9;4;True
58709;2;4;2;True
58710;0;0;0;True
58711;2;2;0;True
58712;0;0;0;True
58713;7;12;5;True
58714;4;6;2;True
58715;1;1;0;True
58716;1;1;0;True
58717;5;12;7;True
58718;4;6;2;True
58719;5;16;11;True
58720;10;16;6;True
58721;1;1;0;True
58722;3;9;6;True
58723;7;12;5;True
58724;4;12;8;True
58725;6;9;3;True
58726;4;9;5;True
58727;2;4;2;True
58728;4;6;2;True
58729;3;3;0;True
58730;4;9;5;True
58731;5;12;7;True
58732;0;0;0;True
58733;3;9;6;True
58734;4;8;4;True
58735;4;9;5;True
58736;1;1;0;True
58737;6;12;6;True
58738;1;1;0;True
58739;1;1;0;True
58740;6;12;6;True
58741;6;12;6;True
58742;0;0;0;True
58743;5;9;4;True
58744;7;16;9;True
58745;0;0;0;True
58746;4;9;5;True
58747;9;16;7;True
58748;5;12;7;True
58749;2;4;2;True
58750;2;2;0;True
58751;1;1;0;True
58752;6;16;10;True
58753;5;12;7;True
58754;5;9;4;True
58755;5;12;7;True
58756;6;16;10;True
58757;6;16;10;True
58758;3;6;3;True
58759;4;9;5;True
58760;5;12;7;True
58761;7;12;5;True
58762;5;12;7;True
58763;2;2;0;True
58764;3;6;3;True
58765;5;9;4;True
58766;6;12;6;True
58767;3;6;3;True
58768;9;16;7;True
58769;3;6;3;True
58770;1;1;0;True
58771;3;4;1;True
58772;5;12;7;True
58773;6;12;6;True
58774;5;12;7;True
58775;0;0;0;True
58776;4;9;5;True
58777;0;0;0;True
58778;1;1;0;True
58779;1;1;0;True
58780;1;1;0;True
58781;4;6;2;True
58782;2;2;0;True
58783;2;2;0;True
58784;3;6;3;True
58785;3;9;6;True
58786;6;9;3;True
58787;3;6;3;True
58788;4;6;2;True
58789;1;1;0;True
58790;1;1;0;True
58791;2;4;2;True
58792;2;2;0;True
58793;5;9;4;True
58794;3;4;1;True
58795;7;9;2;True
58796;0;0;0;True
58797;2;4;2;True
58798;3;6;3;True
58799;6;16;10;True
58800;6;12;6;True
58801;2;2;0;True
58802;3;6;3;True
58803;3;9;6;True
58804;8;16;8;True
58805;2;4;2;True
58806;3;4;1;True
58807;8;12;4;True
58808;2;2;0;True
58809;5;16;11;True
58810;1;1;0;True
58811;3;6;3;True
58812;6;16;10;True
58813;0;0;0;True
58814;5;9;4;True
58815;6;12;6;True
58816;5;12;7;True
58817;7;12;5;True
58818;1;1;0;True
58819;2;4;2;True
58820;4;9;5;True
58821;3;4;1;True
58822;6;12;6;True
58823;0;0;0;True
58824;2;2;0;True
58825;4;9;5;True
58826;2;4;2;True
58827;3;3;0;True
58828;3;4;1;True
58829;7;12;5;True
58830;3;6;3;True
58831;2;4;2;True
58832;6;12;6;True
58833;2;4;2;True
58834;2;4;2;True
58835;3;4;1;True
58836;9;16;7;True
58837;0;0;0;True
58838;8;16;8;True
58839;5;12;7;True
58840;4;9;5;True
58841;6;16;10;True
58842;4;6;2;True
58843;1;1;0;True
58844;4;6;2;True
58845;2;2;0;True
58846;2;2;0;True
58847;1;1;0;True
58848;7;12;5;True
58849;4;12;8;True
58850;4;6;2;True
58851;5;12;7;True
58852;2;4;2;True
58853;3;6;3;True
58854;0;0;0;True
58855;6;12;6;True
58856;1;1;0;True
58857;1;1;0;True
58858;4;6;2;True
58859;1;1;0;True
58860;0;0;0;True
58861;4;6;2;True
58862;9;16;7;True
58863;3;9;6;True
58864;2;4;2;True
58865;2;2;0;True
58866;6;8;2;True
58867;2;2;0;True
58868;5;16;11;True
58869;6;12;6;True
58870;3;4;1;True
58871;2;2;0;True
58872;6;12;6;True
58873;2;4;2;True
58874;5;9;4;True
58875;3;6;3;True
58876;2;2;0;True
58877;0;0;0;True
58878;5;9;4;True
58879;1;1;0;True
58880;4;6;2;True
58881;6;12;6;True
58882;4;9;5;True
58883;7;16;9;True
58884;1;1;0;True
58885;4;6;2;True
58886;4;9;5;True
58887;5;6;1;True
58888;3;6;3;True
58889;3;9;6;True
58890;5;12;7;True
58891;1;1;0;True
58892;2;4;2;True
58893;5;9;4;True
58894;5;12;7;True
58895;0;0;0;True
58896;2;4;2;True
58897;6;9;3;True
58898;6;12;6;True
58899;0;0;0;True
58900;5;9;4;True
58901;3;6;3;True
58902;9;16;7;True
58903;4;8;4;True
58904;2;4;2;True
58905;3;9;6;True
58906;2;2;0;True
58907;3;6;3;True
58908;3;6;3;True
58909;6;12;6;True
58910;4;9;5;True
58911;2;4;2;True
58912;3;6;3;True
58913;1;1;0;True
58914;3;6;3;True
58915;1;1;0;True
58916;1;1;0;True
58917;4;6;2;True
58918;1;1;0;True
58919;2;4;2;True
58920;5;12;7;True
58921;5;6;1;True
58922;8;12;4;True
58923;6;16;10;True
58924;4;6;2;True
58925;2;2;0;True
58926;0;0;0;True
58927;7;12;5;True
58928;5;16;11;True
58929;1;1;0;True
58930;4;6;2;True
58931;2;4;2;True
58932;3;6;3;True
58933;0;0;0;True
58934;7;9;2;True
58935;2;4;2;True
58936;10;12;2;True
58937;5;8;3;True
58938;6;12;6;True
58939;4;8;4;True
58940;3;9;6;True
58941;2;2;0;True
58942;1;1;0;True
58943;9;16;7;True
58944;5;9;4;True
58945;5;12;7;True
58946;2;4;2;True
58947;0;0;0;True
58948;2;4;2;True
58949;3;4;1;True
58950;7;16;9;True
58951;2;4;2;True
58952;1;1;0;True
58953;4;6;2;True
58954;9;16;7;True
58955;2;4;2;True
58956;7;16;9;True
58957;2;4;2;True
58958;4;8;4;True
58959;3;9;6;True
58960;6;12;6;True
58961;4;6;2;True
58962;1;1;0;True
58963;3;9;6;True
58964;1;1;0;True
58965;2;2;0;True
58966;2;4;2;True
58967;5;8;3;True
58968;2;2;0;True
58969;1;1;0;True
58970;3;9;6;True
58971;4;9;5;True
58972;6;16;10;True
58973;3;6;3;True
58974;0;0;0;True
58975;6;16;10;True
58976;8;16;8;True
58977;6;12;6;True
58978;2;4;2;True
58979;5;9;4;True
58980;5;12;7;True
58981;1;1;0;True
58982;5;12;7;True
58983;4;8;4;True
58984;4;6;2;True
58985;4;6;2;True
58986;5;9;4;True
58987;3;4;1;True
58988;7;16;9;True
58989;3;4;1;True
58990;0;0;0;True
58991;3;4;1;True
58992;5;9;4;True
58993;4;9;5;True
58994;4;6;2;True
58995;2;2;0;True
58996;2;4;2;True
58997;4;9;5;True
58998;1;1;0;True
58999;8;16;8;True
59000;3;6;3;True
59001;1;1;0;True
59002;7;16;9;True
59003;5;9;4;True
59004;3;9;6;True
59005;3;9;6;True
59006;3;6;3;True
59007;2;2;0;True
59008;0;0;0;True
59009;5;9;4;True
59010;3;9;6;True
59011;6;16;10;True
59012;6;16;10;True
59013;7;16;9;True
59014;3;9;6;True
59015;2;4;2;True
59016;4;12;8;True
59017;3;6;3;True
59018;6;16;10;True
59019;3;9;6;True
59020;4;6;2;True
59021;5;9;4;True
59022;2;2;0;True
59023;2;4;2;True
59024;8;16;8;True
59025;3;4;1;True
59026;3;6;3;True
59027;9;16;7;True
59028;4;8;4;True
59029;2;4;2;True
59030;4;6;2;True
59031;3;9;6;True
59032;3;6;3;True
59033;2;4;2;True
59034;2;2;0;True
59035;1;1;0;True
59036;4;8;4;True
59037;3;4;1;True
59038;1;1;0;True
59039;2;4;2;True
59040;2;2;0;True
59041;0;0;0;True
59042;5;12;7;True
59043;6;12;6;True
59044;8;16;8;True
59045;2;4;2;True
59046;7;12;5;True
59047;8;12;4;True
59048;4;6;2;True
59049;2;2;0;True
59050;4;6;2;True
59051;4;12;8;True
59052;5;16;11;True
59053;3;6;3;True
59054;4;6;2;True
59055;6;16;10;True
59056;5;12;7;True
59057;5;9;4;True
59058;3;6;3;True
59059;3;9;6;True
59060;9;12;3;True
59061;6;12;6;True
59062;3;4;1;True
59063;7;16;9;True
59064;3;6;3;True
59065;6;9;3;True
59066;2;4;2;True
59067;6;9;3;True
59068;7;12;5;True
59069;1;1;0;True
59070;2;2;0;True
59071;3;6;3;True
59072;1;1;0;True
59073;6;16;10;True
59074;0;0;0;True
59075;4;6;2;True
59076;6;16;10;True
59077;6;12;6;True
59078;0;0;0;True
59079;2;4;2;True
59080;1;1;0;True
59081;0;0;0;True
59082;5;9;4;True
59083;1;1;0;True
59084;2;2;0;True
59085;7;12;5;True
59086;4;9;5;True
59087;4;9;5;True
59088;1;1;0;True
59089;0;0;0;True
59090;4;9;5;True
59091;2;4;2;True
59092;3;6;3;True
59093;0;0;0;True
59094;2;4;2;True
59095;4;9;5;True
59096;7;12;5;True
59097;3;6;3;True
59098;2;4;2;True
59099;5;12;7;True
59100;0;0;0;True
59101;3;4;1;True
59102;5;12;7;True
59103;4;6;2;True
59104;3;6;3;True
59105;3;4;1;True
59106;1;1;0;True
59107;3;4;1;True
59108;5;12;7;True
59109;2;4;2;True
59110;3;6;3;True
59111;4;9;5;True
59112;1;1;0;True
59113;5;12;7;True
59114;3;6;3;True
59115;0;0;0;True
59116;2;2;0;True
59117;4;16;12;True
59118;1;1;0;True
59119;5;12;7;True
59120;9;16;7;True
59121;3;6;3;True
59122;3;9;6;True
59123;3;9;6;True
59124;2;4;2;True
59125;3;6;3;True
59126;3;9;6;True
59127;4;6;2;True
59128;1;1;0;True
59129;3;6;3;True
59130;2;4;2;True
59131;2;2;0;True
59132;1;1;0;True
59133;6;12;6;True
59134;6;16;10;True
59135;1;1;0;True
59136;7;12;5;True
59137;7;12;5;True
59138;2;4;2;True
59139;6;16;10;True
59140;6;12;6;True
59141;2;4;2;True
59142;5;12;7;True
59143;5;16;11;True
59144;2;2;0;True
59145;4;8;4;True
59146;1;1;0;True
59147;1;1;0;True
59148;0;0;0;True
59149;5;6;1;True
59150;3;4;1;True
59151;3;9;6;True
59152;4;8;4;True
59153;4;9;5;True
59154;4;9;5;True
59155;6;16;10;True
59156;0;0;0;True
59157;1;1;0;True
59158;2;4;2;True
59159;0;0;0;True
59160;5;12;7;True
59161;5;8;3;True
59162;4;4;0;True
59163;5;9;4;True
59164;4;9;5;True
59165;2;4;2;True
59166;2;2;0;True
59167;1;1;0;True
59168;5;8;3;True
59169;5;12;7;True
59170;4;6;2;True
59171;3;4;1;True
59172;4;6;2;True
59173;6;12;6;True
59174;1;1;0;True
59175;3;9;6;True
59176;2;2;0;True
59177;3;4;1;True
59178;2;2;0;True
59179;1;1;0;True
59180;5;9;4;True
59181;4;9;5;True
59182;2;4;2;True
59183;0;0;0;True
59184;3;6;3;True
59185;3;9;6;True
59186;4;6;2;True
59187;4;9;5;True
59188;1;1;0;True
59189;6;9;3;True
59190;3;9;6;True
59191;8;16;8;True
59192;5;9;4;True
59193;3;4;1;True
59194;5;9;4;True
59195;9;16;7;True
59196;3;6;3;True
59197;2;2;0;True
59198;2;4;2;True
59199;4;9;5;True
59200;1;1;0;True
59201;1;1;0;True
59202;3;9;6;True
59203;2;4;2;True
59204;0;0;0;True
59205;2;2;0;True
59206;4;6;2;True
59207;1;1;0;True
59208;3;6;3;True
59209;2;4;2;True
59210;0;0;0;True
59211;5;12;7;True
59212;5;12;7;True
59213;0;0;0;True
59214;2;4;2;True
59215;1;1;0;True
59216;5;9;4;True
59217;6;12;6;True
59218;8;16;8;True
59219;5;9;4;True
59220;4;9;5;True
59221;3;6;3;True
59222;0;0;0;True
59223;1;1;0;True
59224;4;6;2;True
59225;6;12;6;True
59226;1;1;0;True
59227;3;6;3;True
59228;3;6;3;True
59229;3;4;1;True
59230;4;9;5;True
59231;5;9;4;True
59232;6;12;6;True
59233;4;8;4;True
59234;7;16;9;True
59235;10;16;6;True
59236;2;2;0;True
59237;2;4;2;True
59238;0;0;0;True
59239;6;9;3;True
59240;4;9;5;True
59241;3;9;6;True
59242;4;12;8;True
59243;4;6;2;True
59244;4;9;5;True
59245;2;2;0;True
59246;6;12;6;True
59247;1;1;0;True
59248;2;4;2;True
59249;2;4;2;True
59250;5;9;4;True
59251;4;6;2;True
59252;2;4;2;True
59253;3;6;3;True
59254;5;12;7;True
59255;3;6;3;True
59256;5;9;4;True
59257;6;12;6;True
59258;8;16;8;True
59259;8;16;8;True
59260;9;12;3;True
59261;3;6;3;True
59262;2;4;2;True
59263;7;16;9;True
59264;3;9;6;True
59265;1;1;0;True
59266;3;4;1;True
59267;6;8;2;True
59268;3;4;1;True
59269;2;2;0;True
59270;3;6;3;True
59271;4;6;2;True
59272;5;12;7;True
59273;2;4;2;True
59274;0;0;0;True
59275;6;16;10;True
59276;7;12;5;True
59277;6;12;6;True
59278;1;1;0;True
59279;4;6;2;True
59280;3;4;1;True
59281;2;4;2;True
59282;2;2;0;True
59283;3;9;6;True
59284;3;4;1;True
59285;6;12;6;True
59286;5;6;1;True
59287;3;9;6;True
59288;2;2;0;True
59289;1;1;0;True
59290;2;4;2;True
59291;1;1;0;True
59292;4;6;2;True
59293;4;12;8;True
59294;3;6;3;True
59295;1;1;0;True
59296;0;0;0;True
59297;2;2;0;True
59298;1;1;0;True
59299;2;2;0;True
59300;4;9;5;True
59301;6;12;6;True
59302;3;6;3;True
59303;3;4;1;True
59304;4;6;2;True
59305;0;0;0;True
59306;2;4;2;True
59307;3;9;6;True
59308;2;4;2;True
59309;2;4;2;True
59310;4;6;2;True
59311;4;8;4;True
59312;1;1;0;True
59313;4;9;5;True
59314;7;16;9;True
59315;4;9;5;True
59316;0;0;0;True
59317;7;12;5;True
59318;2;4;2;True
59319;2;2;0;True
59320;6;12;6;True
59321;4;12;8;True
59322;1;1;0;True
59323;5;9;4;True
59324;6;9;3;True
59325;6;16;10;True
59326;2;4;2;True
59327;5;12;7;True
59328;3;6;3;True
59329;6;16;10;True
59330;2;4;2;True
59331;1;1;0;True
59332;1;1;0;True
59333;2;2;0;True
59334;1;1;0;True
59335;2;4;2;True
59336;3;4;1;True
59337;6;16;10;True
59338;8;16;8;True
59339;1;1;0;True
59340;5;12;7;True
59341;4;9;5;True
59342;4;6;2;True
59343;4;6;2;True
59344;6;16;10;True
59345;3;9;6;True
59346;3;9;6;True
59347;3;6;3;True
59348;3;4;1;True
59349;9;16;7;True
59350;6;16;10;True
59351;3;6;3;True
59352;1;1;0;True
59353;2;4;2;True
59354;4;9;5;True
59355;5;12;7;True
59356;2;2;0;True
59357;2;2;0;True
59358;0;0;0;True
59359;8;16;8;True
59360;5;12;7;True
59361;4;6;2;True
59362;3;6;3;True
59363;0;0;0;True
59364;10;16;6;True
59365;5;8;3;True
59366;1;1;0;True
59367;6;16;10;True
59368;0;0;0;True
59369;4;9;5;True
59370;7;12;5;True
59371;5;12;7;True
59372;3;4;1;True
59373;5;12;7;True
59374;1;1;0;True
59375;3;4;1;True
59376;7;16;9;True
59377;6;16;10;True
59378;3;9;6;True
59379;0;0;0;True
59380;3;6;3;True
59381;3;9;6;True
59382;4;9;5;True
59383;3;9;6;True
59384;9;16;7;True
59385;5;9;4;True
59386;3;6;3;True
59387;3;9;6;True
59388;1;1;0;True
59389;6;12;6;True
59390;11;16;5;True
59391;1;1;0;True
59392;3;6;3;True
59393;5;9;4;True
59394;2;4;2;True
59395;0;0;0;True
59396;3;9;6;True
59397;6;12;6;True
59398;1;1;0;True
59399;6;12;6;True
59400;3;4;1;True
59401;1;1;0;True
59402;6;16;10;True
59403;3;6;3;True
59404;5;12;7;True
59405;4;9;5;True
59406;4;16;12;True
59407;8;12;4;True
59408;4;6;2;True
59409;2;2;0;True
59410;5;9;4;True
59411;7;12;5;True
59412;4;12;8;True
59413;6;12;6;True
59414;3;6;3;True
59415;0;0;0;True
59416;5;16;11;True
59417;4;8;4;True
59418;3;4;1;True
59419;4;12;8;True
59420;3;9;6;True
59421;7;12;5;True
59422;7;12;5;True
59423;1;1;0;True
59424;1;1;0;True
59425;1;1;0;True
59426;2;2;0;True
59427;0;0;0;True
59428;0;0;0;True
59429;3;6;3;True
59430;4;6;2;True
59431;3;4;1;True
59432;4;6;2;True
59433;4;9;5;True
59434;3;4;1;True
59435;5;9;4;True
59436;7;12;5;True
59437;1;1;0;True
59438;6;12;6;True
59439;2;4;2;True
59440;0;0;0;True
59441;2;2;0;True
59442;3;9;6;True
59443;7;16;9;True
59444;4;6;2;True
59445;4;6;2;True
59446;8;16;8;True
59447;4;6;2;True
59448;5;9;4;True
59449;4;12;8;True
59450;0;0;0;True
59451;3;6;3;True
59452;2;4;2;True
59453;2;4;2;True
59454;3;6;3;True
59455;2;2;0;True
59456;3;4;1;True
59457;5;8;3;True
59458;6;16;10;True
59459;5;12;7;True
59460;9;16;7;True
59461;5;12;7;True
59462;4;9;5;True
59463;6;16;10;True
59464;5;12;7;True
59465;4;6;2;True
59466;0;0;0;True
59467;3;4;1;True
59468;3;4;1;True
59469;7;16;9;True
59470;9;16;7;True
59471;3;6;3;True
59472;1;1;0;True
59473;2;4;2;True
59474;6;16;10;True
59475;7;16;9;True
59476;8;12;4;True
59477;3;9;6;True
59478;2;4;2;True
59479;4;6;2;True
59480;6;12;6;True
59481;5;8;3;True
59482;0;0;0;True
59483;0;0;0;True
59484;2;4;2;True
59485;5;12;7;True
59486;3;6;3;True
59487;6;12;6;True
59488;3;4;1;True
59489;6;16;10;True
59490;4;9;5;True
59491;4;6;2;True
59492;6;16;10;True
59493;1;1;0;True
59494;4;6;2;True
59495;3;6;3;True
59496;3;4;1;True
59497;1;1;0;True
59498;8;16;8;True
59499;0;0;0;True
59500;4;6;2;True
59501;5;12;7;True
59502;4;9;5;True
59503;2;2;0;True
59504;0;0;0;True
59505;1;1;0;True
59506;2;2;0;True
59507;2;2;0;True
59508;4;9;5;True
59509;3;6;3;True
59510;1;1;0;True
59511;4;16;12;True
59512;3;4;1;True
59513;3;4;1;True
59514;7;12;5;True
59515;5;12;7;True
59516;4;6;2;True
59517;2;4;2;True
59518;7;16;9;True
59519;6;12;6;True
59520;1;1;0;True
59521;0;0;0;True
59522;5;9;4;True
59523;3;4;1;True
59524;6;16;10;True
59525;2;4;2;True
59526;2;4;2;True
59527;5;9;4;True
59528;3;4;1;True
59529;1;1;0;True
59530;7;12;5;True
59531;1;1;0;True
59532;3;4;1;True
59533;1;1;0;True
59534;1;1;0;True
59535;4;9;5;True
59536;5;6;1;True
59537;2;4;2;True
59538;2;4;2;True
59539;0;0;0;True
59540;7;16;9;True
59541;4;12;8;True
59542;7;16;9;True
59543;3;4;1;True
59544;4;12;8;True
59545;1;1;0;True
59546;2;2;0;True
59547;5;12;7;True
59548;4;9;5;True
59549;4;9;5;True
59550;6;12;6;True
59551;7;12;5;True
59552;4;9;5;True
59553;0;0;0;True
59554;0;0;0;True
59555;2;2;0;True
59556;5;9;4;True
59557;3;3;0;True
59558;4;6;2;True
59559;4;12;8;True
59560;3;9;6;True
59561;4;12;8;True
59562;3;4;1;True
59563;4;6;2;True
59564;7;12;5;True
59565;1;1;0;True
59566;5;9;4;True
59567;1;1;0;True
59568;4;4;0;True
59569;3;6;3;True
59570;7;12;5;True
59571;3;4;1;True
59572;4;12;8;True
59573;1;1;0;True
59574;1;1;0;True
59575;5;9;4;True
59576;3;6;3;True
59577;5;12;7;True
59578;6;9;3;True
59579;5;9;4;True
59580;1;1;0;True
59581;4;12;8;True
59582;2;4;2;True
59583;0;0;0;True
59584;1;1;0;True
59585;2;4;2;True
59586;1;1;0;True
59587;4;9;5;True
59588;6;12;6;True
59589;2;4;2;True
59590;5;9;4;True
59591;4;9;5;True
59592;1;1;0;True
59593;5;9;4;True
59594;4;6;2;True
59595;3;4;1;True
59596;0;0;0;True
59597;6;12;6;True
59598;4;12;8;True
59599;5;16;11;True
59600;5;16;11;True
59601;1;1;0;True
59602;7;16;9;True
59603;3;4;1;True
59604;5;8;3;True
59605;3;3;0;True
59606;3;6;3;True
59607;4;9;5;True
59608;0;0;0;True
59609;2;2;0;True
59610;2;4;2;True
59611;4;9;5;True
59612;7;16;9;True
59613;4;6;2;True
59614;5;9;4;True
59615;4;9;5;True
59616;2;2;0;True
59617;0;0;0;True
59618;4;4;0;True
59619;0;0;0;True
59620;4;6;2;True
59621;4;12;8;True
59622;10;16;6;True
59623;2;4;2;True
59624;5;12;7;True
59625;7;12;5;True
59626;3;9;6;True
59627;3;6;3;True
59628;4;9;5;True
59629;3;4;1;True
59630;5;12;7;True
59631;2;4;2;True
59632;2;4;2;True
59633;3;6;3;True
59634;0;0;0;True
59635;2;4;2;True
59636;2;2;0;True
59637;6;12;6;True
59638;4;6;2;True
59639;1;1;0;True
59640;1;1;0;True
59641;1;1;0;True
59642;4;16;12;True
59643;0;0;0;True
59644;8;16;8;True
59645;5;12;7;True
59646;1;1;0;True
59647;4;9;5;True
59648;1;1;0;True
59649;5;12;7;True
59650;3;6;3;True
59651;2;4;2;True
59652;5;6;1;True
59653;4;9;5;True
59654;1;1;0;True
59655;4;6;2;True
59656;4;9;5;True
59657;1;1;0;True
59658;4;9;5;True
59659;1;1;0;True
59660;4;9;5;True
59661;4;6;2;True
59662;0;0;0;True
59663;4;6;2;True
59664;4;9;5;True
59665;0;0;0;True
59666;5;16;11;True
59667;6;9;3;True
59668;4;12;8;True
59669;4;6;2;True
59670;5;9;4;True
59671;3;9;6;True
59672;4;4;0;True
59673;3;4;1;True
59674;2;4;2;True
59675;2;4;2;True
59676;1;1;0;True
59677;6;9;3;True
59678;7;12;5;True
59679;3;4;1;True
59680;0;0;0;True
59681;4;9;5;True
59682;3;4;1;True
59683;3;4;1;True
59684;1;1;0;True
59685;3;9;6;True
59686;2;4;2;True
59687;3;4;1;True
59688;5;8;3;True
59689;0;0;0;True
59690;8;16;8;True
59691;7;16;9;True
59692;3;3;0;True
59693;4;9;5;True
59694;1;1;0;True
59695;4;9;5;True
59696;11;16;5;True
59697;4;6;2;True
59698;3;4;1;True
59699;5;16;11;True
59700;6;8;2;True
59701;0;0;0;True
59702;7;12;5;True
59703;5;9;4;True
59704;1;1;0;True
59705;5;12;7;True
59706;1;1;0;True
59707;6;16;10;True
59708;1;1;0;True
59709;5;9;4;True
59710;2;4;2;True
59711;1;1;0;True
59712;6;9;3;True
59713;7;12;5;True
59714;3;4;1;True
59715;4;12;8;True
59716;4;12;8;True
59717;4;6;2;True
59718;4;9;5;True
59719;4;6;2;True
59720;6;16;10;True
59721;1;1;0;True
59722;2;2;0;True
59723;5;6;1;True
59724;3;9;6;True
59725;4;9;5;True
59726;2;2;0;True
59727;6;12;6;True
59728;5;6;1;True
59729;6;16;10;True
59730;2;2;0;True
59731;3;6;3;True
59732;5;12;7;True
59733;3;6;3;True
59734;2;4;2;True
59735;9;12;3;True
59736;4;12;8;True
59737;2;4;2;True
59738;2;4;2;True
59739;3;9;6;True
59740;5;9;4;True
59741;6;12;6;True
59742;1;1;0;True
59743;0;0;0;True
59744;0;0;0;True
59745;3;6;3;True
59746;1;1;0;True
59747;0;0;0;True
59748;4;6;2;True
59749;7;12;5;True
59750;1;1;0;True
59751;6;12;6;True
59752;3;4;1;True
59753;1;1;0;True
59754;2;4;2;True
59755;4;9;5;True
59756;3;6;3;True
59757;0;0;0;True
59758;7;16;9;True
59759;5;12;7;True
59760;6;12;6;True
59761;2;4;2;True
59762;6;12;6;True
59763;1;1;0;True
59764;3;6;3;True
59765;1;1;0;True
59766;4;6;2;True
59767;2;4;2;True
59768;5;12;7;True
59769;3;4;1;True
59770;7;12;5;True
59771;3;6;3;True
59772;4;12;8;True
59773;3;6;3;True
59774;4;6;2;True
59775;2;2;0;True
59776;4;9;5;True
59777;8;16;8;True
59778;3;4;1;True
59779;5;9;4;True
59780;3;9;6;True
59781;0;0;0;True
59782;4;6;2;True
59783;4;9;5;True
59784;7;16;9;True
59785;1;1;0;True
59786;5;12;7;True
59787;7;16;9;True
59788;2;2;0;True
59789;3;6;3;True
59790;5;12;7;True
59791;3;6;3;True
59792;2;4;2;True
59793;2;4;2;True
59794;4;9;5;True
59795;3;9;6;True
59796;1;1;0;True
59797;1;1;0;True
59798;2;4;2;True
59799;3;9;6;True
59800;6;12;6;True
59801;1;1;0;True
59802;5;9;4;True
59803;4;6;2;True
59804;1;1;0;True
59805;3;6;3;True
59806;4;9;5;True
59807;4;9;5;True
59808;5;9;4;True
59809;2;4;2;True
59810;2;2;0;True
59811;3;3;0;True
59812;11;16;5;True
59813;4;12;8;True
59814;1;1;0;True
59815;2;4;2;True
59816;5;12;7;True
59817;3;6;3;True
59818;5;8;3;True
59819;3;4;1;True
59820;7;12;5;True
59821;9;16;7;True
59822;4;12;8;True
59823;4;9;5;True
59824;8;12;4;True
59825;1;1;0;True
59826;5;8;3;True
59827;7;16;9;True
59828;4;9;5;True
59829;1;1;0;True
59830;2;2;0;True
59831;7;16;9;True
59832;4;12;8;True
59833;6;12;6;True
59834;3;9;6;True
59835;6;12;6;True
59836;3;6;3;True
59837;7;16;9;True
59838;1;1;0;True
59839;7;12;5;True
59840;5;9;4;True
59841;0;0;0;True
59842;4;6;2;True
59843;5;12;7;True
59844;2;2;0;True
59845;1;1;0;True
59846;3;4;1;True
59847;8;16;8;True
59848;3;6;3;True
59849;6;12;6;True
59850;4;6;2;True
59851;4;9;5;True
59852;7;12;5;True
59853;1;1;0;True
59854;1;1;0;True
59855;3;6;3;True
59856;2;4;2;True
59857;2;4;2;True
59858;8;16;8;True
59859;4;12;8;True
59860;0;0;0;True
59861;3;6;3;True
59862;1;1;0;True
59863;1;1;0;True
59864;0;0;0;True
59865;4;9;5;True
59866;6;12;6;True
59867;6;12;6;True
59868;4;8;4;True
59869;5;9;4;True
59870;7;9;2;True
59871;2;2;0;True
59872;1;1;0;True
59873;3;3;0;True
59874;3;6;3;True
59875;4;9;5;True
59876;2;4;2;True
59877;2;2;0;True
59878;4;9;5;True
59879;7;16;9;True
59880;0;0;0;True
59881;4;8;4;True
59882;1;1;0;True
59883;4;6;2;True
59884;2;4;2;True
59885;3;9;6;True
59886;7;16;9;True
59887;3;6;3;True
59888;5;9;4;True
59889;1;1;0;True
59890;3;3;0;True
59891;2;2;0;True
59892;1;1;0;True
59893;3;9;6;True
59894;3;6;3;True
59895;3;6;3;True
59896;0;0;0;True
59897;6;12;6;True
59898;1;1;0;True
59899;7;16;9;True
59900;4;9;5;True
59901;3;6;3;True
59902;3;4;1;True
59903;1;1;0;True
59904;6;9;3;True
59905;4;8;4;True
59906;3;6;3;True
59907;5;9;4;True
59908;6;16;10;True
59909;4;9;5;True
59910;4;6;2;True
59911;5;9;4;True
59912;4;6;2;True
59913;4;8;4;True
59914;1;1;0;True
59915;3;9;6;True
59916;5;12;7;True
59917;4;9;5;True
59918;5;9;4;True
59919;2;2;0;True
59920;4;6;2;True
59921;0;0;0;True
59922;5;6;1;True
59923;2;2;0;True
59924;1;1;0;True
59925;3;9;6;True
59926;3;6;3;True
59927;0;0;0;True
59928;1;1;0;True
59929;4;12;8;True
59930;9;16;7;True
59931;3;4;1;True
59932;3;4;1;True
59933;0;0;0;True
59934;2;2;0;True
59935;2;4;2;True
59936;6;16;10;True
59937;4;6;2;True
59938;5;12;7;True
59939;3;9;6;True
59940;9;16;7;True
59941;0;0;0;True
59942;2;2;0;True
59943;1;1;0;True
59944;6;9;3;True
59945;1;1;0;True
59946;1;1;0;True
59947;4;6;2;True
59948;8;16;8;True
59949;5;9;4;True
59950;2;2;0;True
59951;5;12;7;True
59952;4;9;5;True
59953;5;12;7;True
59954;7;16;9;True
59955;5;6;1;True
59956;0;0;0;True
59957;4;6;2;True
59958;0;0;0;True
59959;4;9;5;True
59960;6;12;6;True
59961;7;16;9;True
59962;2;2;0;True
59963;1;1;0;True
59964;4;12;8;True
59965;7;16;9;True
59966;0;0;0;True
59967;1;1;0;True
59968;6;9;3;True
59969;1;1;0;True
59970;6;16;10;True
59971;6;8;2;True
59972;2;4;2;True
59973;5;12;7;True
59974;9;12;3;True
59975;3;4;1;True
59976;3;4;1;True
59977;3;4;1;True
59978;1;1;0;True
59979;4;8;4;True
59980;1;1;0;True
59981;6;12;6;True
59982;0;0;0;True
59983;2;2;0;True
59984;2;4;2;True
59985;5;16;11;True
59986;4;9;5;True
59987;2;4;2;True
59988;0;0;0;True
59989;2;2;0;True
59990;3;9;6;True
59991;10;12;2;True
59992;1;1;0;True
59993;6;16;10;True
59994;5;9;4;True
59995;8;12;4;True
59996;3;6;3;True
59997;3;4;1;True
59998;2;2;0;True
59999;1;1;0;True
60000;6;9;3;True
60001;0;0;0;True
60002;6;12;6;True
60003;3;6;3;True
60004;6;12;6;True
60005;4;9;5;True
60006;5;9;4;True
60007;3;9;6;True
60008;2;4;2;True
60009;5;9;4;True
60010;5;9;4;True
60011;3;6;3;True
60012;10;16;6;True
60013;5;12;7;True
60014;5;16;11;True
60015;2;2;0;True
60016;1;1;0;True
60017;1;1;0;True
60018;7;12;5;True
60019;2;4;2;True
60020;2;4;2;True
60021;2;4;2;True
60022;4;6;2;True
60023;0;0;0;True
60024;1;1;0;True
60025;5;12;7;True
60026;7;16;9;True
60027;3;9;6;True
60028;7;12;5;True
60029;3;6;3;True
60030;5;9;4;True
60031;6;12;6;True
60032;2;2;0;True
60033;2;4;2;True
60034;3;4;1;True
60035;4;9;5;True
60036;1;1;0;True
60037;1;1;0;True
60038;2;2;0;True
60039;4;6;2;True
60040;1;1;0;True
60041;4;9;5;True
60042;10;12;2;True
60043;8;16;8;True
60044;3;9;6;True
60045;6;16;10;True
60046;0;0;0;True
60047;3;6;3;True
60048;1;1;0;True
60049;1;1;0;True
60050;5;12;7;True
60051;3;6;3;True
60052;3;6;3;True
60053;1;1;0;True
60054;7;9;2;True
60055;2;2;0;True
60056;2;4;2;True
60057;9;16;7;True
60058;3;9;6;True
60059;0;0;0;True
60060;5;12;7;True
60061;4;6;2;True
60062;3;4;1;True
60063;4;8;4;True
60064;3;4;1;True
60065;6;12;6;True
60066;9;16;7;True
60067;4;6;2;True
60068;0;0;0;True
60069;4;9;5;True
60070;5;12;7;True
60071;6;16;10;True
60072;4;12;8;True
60073;8;16;8;True
60074;0;0;0;True
60075;7;16;9;True
60076;0;0;0;True
60077;9;16;7;True
60078;3;6;3;True
60079;7;12;5;True
60080;4;6;2;True
60081;1;1;0;True
60082;1;1;0;True
60083;2;2;0;True
60084;4;9;5;True
60085;0;0;0;True
60086;1;1;0;True
60087;4;9;5;True
60088;3;6;3;True
60089;3;9;6;True
60090;3;9;6;True
60091;8;16;8;True
60092;7;12;5;True
60093;4;6;2;True
60094;7;12;5;True
60095;5;12;7;True
60096;5;12;7;True
60097;2;4;2;True
60098;5;12;7;True
60099;6;16;10;True
60100;4;6;2;True
60101;2;4;2;True
60102;5;8;3;True
60103;5;9;4;True
60104;5;12;7;True
60105;1;1;0;True
60106;8;16;8;True
60107;2;4;2;True
60108;7;12;5;True
60109;2;4;2;True
60110;5;8;3;True
60111;4;9;5;True
60112;4;6;2;True
60113;1;1;0;True
60114;3;4;1;True
60115;4;9;5;True
60116;4;9;5;True
60117;8;12;4;True
60118;1;1;0;True
60119;4;12;8;True
60120;0;0;0;True
60121;3;6;3;True
60122;4;16;12;True
60123;4;9;5;True
60124;9;16;7;True
60125;3;4;1;True
60126;2;2;0;True
60127;2;2;0;True
60128;3;6;3;True
60129;2;4;2;True
60130;5;9;4;True
60131;2;2;0;True
60132;4;6;2;True
60133;7;16;9;True
60134;5;9;4;True
60135;5;9;4;True
60136;4;9;5;True
60137;4;6;2;True
60138;0;0;0;True
60139;2;2;0;True
60140;5;9;4;True
60141;6;12;6;True
60142;3;4;1;True
60143;2;2;0;True
60144;9;16;7;True
60145;6;16;10;True
60146;4;9;5;True
60147;1;1;0;True
60148;6;16;10;True
60149;2;4;2;True
60150;2;2;0;True
60151;4;9;5;True
60152;2;2;0;True
60153;2;2;0;True
60154;8;12;4;True
60155;6;12;6;True
60156;4;9;5;True
60157;8;16;8;True
60158;5;12;7;True
60159;3;9;6;True
60160;3;4;1;True
60161;3;4;1;True
60162;2;4;2;True
60163;0;0;0;True
60164;9;16;7;True
60165;4;9;5;True
60166;4;12;8;True
60167;1;1;0;True
60168;7;12;5;True
60169;4;12;8;True
60170;6;16;10;True
60171;3;4;1;True
60172;6;9;3;True
60173;7;12;5;True
60174;2;2;0;True
60175;5;12;7;True
60176;5;9;4;True
60177;2;2;0;True
60178;5;12;7;True
60179;1;1;0;True
60180;5;9;4;True
60181;1;1;0;True
60182;5;9;4;True
60183;1;1;0;True
60184;5;12;7;True
60185;5;16;11;True
60186;2;4;2;True
60187;1;1;0;True
60188;4;6;2;True
60189;2;4;2;True
60190;7;16;9;True
60191;2;4;2;True
60192;6;12;6;True
60193;2;4;2;True
60194;0;0;0;True
60195;2;4;2;True
60196;4;6;2;True
60197;2;4;2;True
60198;2;4;2;True
60199;7;12;5;True
60200;2;2;0;True
60201;1;1;0;True
60202;1;1;0;True
60203;6;16;10;True
60204;4;9;5;True
60205;1;1;0;True
60206;5;12;7;True
60207;10;16;6;True
60208;5;9;4;True
60209;3;6;3;True
60210;3;6;3;True
60211;7;16;9;True
60212;9;16;7;True
60213;6;16;10;True
60214;5;12;7;True
60215;6;16;10;True
60216;0;0;0;True
60217;1;1;0;True
60218;7;16;9;True
60219;7;12;5;True
60220;6;16;10;True
60221;6;9;3;True
60222;3;4;1;True
60223;1;1;0;True
60224;3;9;6;True
60225;7;16;9;True
60226;8;16;8;True
60227;3;9;6;True
60228;5;16;11;True
60229;3;6;3;True
60230;3;6;3;True
60231;1;1;0;True
60232;1;1;0;True
60233;1;1;0;True
60234;4;12;8;True
60235;3;4;1;True
60236;7;16;9;True
60237;1;1;0;True
60238;3;4;1;True
60239;5;12;7;True
60240;1;1;0;True
60241;3;4;1;True
60242;1;1;0;True
60243;4;9;5;True
60244;2;2;0;True
60245;4;6;2;True
60246;2;2;0;True
60247;7;12;5;True
60248;2;4;2;True
60249;3;9;6;True
60250;9;16;7;True
60251;6;9;3;True
60252;2;4;2;True
60253;4;6;2;True
60254;3;4;1;True
60255;5;8;3;True
60256;2;4;2;True
60257;5;9;4;True
60258;2;4;2;True
60259;7;16;9;True
60260;3;4;1;True
60261;1;1;0;True
60262;6;12;6;True
60263;0;0;0;True
60264;5;16;11;True
60265;4;6;2;True
60266;3;6;3;True
60267;1;1;0;True
60268;1;1;0;True
60269;2;2;0;True
60270;6;12;6;True
60271;8;12;4;True
60272;11;16;5;True
60273;2;4;2;True
60274;6;16;10;True
60275;5;9;4;True
60276;2;4;2;True
60277;3;6;3;True
60278;5;9;4;True
60279;7;16;9;True
60280;1;1;0;True
60281;3;4;1;True
60282;2;4;2;True
60283;4;6;2;True
60284;3;6;3;True
60285;3;6;3;True
60286;4;9;5;True
60287;4;9;5;True
60288;0;0;0;True
60289;2;4;2;True
60290;6;12;6;True
60291;5;9;4;True
60292;4;8;4;True
60293;1;1;0;True
60294;4;6;2;True
60295;7;12;5;True
60296;4;6;2;True
60297;4;12;8;True
60298;6;12;6;True
60299;3;6;3;True
60300;5;9;4;True
60301;3;6;3;True
60302;3;6;3;True
60303;6;12;6;True
60304;5;8;3;True
60305;0;0;0;True
60306;3;4;1;True
60307;3;4;1;True
60308;7;16;9;True
60309;3;6;3;True
60310;2;4;2;True
60311;4;9;5;True
60312;5;12;7;True
60313;4;12;8;True
60314;7;12;5;True
60315;5;8;3;True
60316;6;16;10;True
60317;3;9;6;True
60318;2;4;2;True
60319;3;4;1;True
60320;4;6;2;True
60321;7;16;9;True
60322;5;16;11;True
60323;4;8;4;True
60324;7;12;5;True
60325;3;6;3;True
60326;1;1;0;True
60327;3;6;3;True
60328;5;12;7;True
60329;1;1;0;True
60330;6;9;3;True
60331;2;2;0;True
60332;1;1;0;True
60333;0;0;0;True
60334;6;16;10;True
60335;4;4;0;True
60336;2;4;2;True
60337;4;6;2;True
60338;1;1;0;True
60339;4;12;8;True
60340;0;0;0;True
60341;4;6;2;True
60342;3;4;1;True
60343;4;9;5;True
60344;6;16;10;True
60345;2;4;2;True
60346;2;4;2;True
60347;2;4;2;True
60348;6;12;6;True
60349;7;16;9;True
60350;1;1;0;True
60351;4;9;5;True
60352;4;9;5;True
60353;0;0;0;True
60354;5;9;4;True
60355;7;12;5;True
60356;3;6;3;True
60357;2;2;0;True
60358;5;12;7;True
60359;0;0;0;True
60360;6;12;6;True
60361;4;12;8;True
60362;1;1;0;True
60363;2;4;2;True
60364;5;9;4;True
60365;2;2;0;True
60366;1;1;0;True
60367;5;9;4;True
60368;5;9;4;True
60369;3;9;6;True
60370;6;16;10;True
60371;3;9;6;True
60372;2;2;0;True
60373;3;9;6;True
60374;2;2;0;True
60375;5;9;4;True
60376;2;2;0;True
60377;4;8;4;True
60378;7;12;5;True
60379;5;6;1;True
60380;5;9;4;True
60381;1;1;0;True
60382;4;9;5;True
60383;7;12;5;True
60384;7;12;5;True
60385;0;0;0;True
60386;3;6;3;True
60387;5;12;7;True
60388;1;1;0;True
60389;4;6;2;True
60390;4;9;5;True
60391;5;12;7;True
60392;2;2;0;True
60393;5;6;1;True
60394;2;4;2;True
60395;2;4;2;True
60396;4;6;2;True
60397;4;9;5;True
60398;3;9;6;True
60399;4;12;8;True
60400;9;16;7;True
60401;3;6;3;True
60402;5;9;4;True
60403;3;6;3;True
60404;5;12;7;True
60405;9;16;7;True
60406;6;16;10;True
60407;0;0;0;True
60408;4;9;5;True
60409;5;12;7;True
60410;0;0;0;True
60411;4;6;2;True
60412;0;0;0;True
60413;6;12;6;True
60414;6;16;10;True
60415;8;16;8;True
60416;3;6;3;True
60417;5;16;11;True
60418;7;16;9;True
60419;7;16;9;True
60420;3;6;3;True
60421;5;9;4;True
60422;1;1;0;True
60423;1;1;0;True
60424;2;4;2;True
60425;1;1;0;True
60426;4;9;5;True
60427;6;12;6;True
60428;6;9;3;True
60429;4;4;0;True
60430;0;0;0;True
60431;3;9;6;True
60432;0;0;0;True
60433;1;1;0;True
60434;2;4;2;True
60435;1;1;0;True
60436;3;9;6;True
60437;5;9;4;True
60438;3;4;1;True
60439;4;9;5;True
60440;3;4;1;True
60441;0;0;0;True
60442;5;12;7;True
60443;2;4;2;True
60444;1;1;0;True
60445;3;4;1;True
60446;6;12;6;True
60447;2;2;0;True
60448;4;6;2;True
60449;3;9;6;True
60450;3;6;3;True
60451;3;6;3;True
60452;4;6;2;True
60453;4;6;2;True
60454;2;4;2;True
60455;5;9;4;True
60456;5;12;7;True
60457;5;12;7;True
60458;4;9;5;True
60459;4;6;2;True
60460;4;6;2;True
60461;4;8;4;True
60462;2;4;2;True
60463;2;4;2;True
60464;3;6;3;True
60465;5;12;7;True
60466;5;12;7;True
60467;5;12;7;True
60468;3;9;6;True
60469;2;2;0;True
60470;2;4;2;True
60471;3;6;3;True
60472;7;16;9;True
60473;6;9;3;True
60474;3;6;3;True
60475;3;6;3;True
60476;7;16;9;True
60477;4;9;5;True
60478;3;6;3;True
60479;4;9;5;True
60480;7;16;9;True
60481;3;4;1;True
60482;1;1;0;True
60483;3;9;6;True
60484;5;9;4;True
60485;3;3;0;True
60486;3;4;1;True
60487;2;2;0;True
60488;3;6;3;True
60489;6;12;6;True
60490;5;9;4;True
60491;2;2;0;True
60492;1;1;0;True
60493;2;2;0;True
60494;3;6;3;True
60495;5;12;7;True
60496;1;1;0;True
60497;2;4;2;True
60498;0;0;0;True
60499;5;12;7;True
60500;3;9;6;True
60501;1;1;0;True
60502;3;6;3;True
60503;2;4;2;True
60504;1;1;0;True
60505;7;16;9;True
60506;8;16;8;True
60507;8;16;8;True
60508;5;12;7;True
60509;0;0;0;True
60510;0;0;0;True
60511;4;6;2;True
60512;4;12;8;True
60513;4;6;2;True
60514;6;16;10;True
60515;1;1;0;True
60516;2;4;2;True
60517;6;12;6;True
60518;3;6;3;True
60519;6;16;10;True
60520;1;1;0;True
60521;4;6;2;True
60522;3;6;3;True
60523;6;16;10;True
60524;0;0;0;True
60525;4;9;5;True
60526;5;9;4;True
60527;6;16;10;True
60528;5;9;4;True
60529;3;6;3;True
60530;2;2;0;True
60531;2;4;2;True
60532;4;9;5;True
60533;3;4;1;True
60534;3;9;6;True
60535;2;4;2;True
60536;2;4;2;True
60537;6;16;10;True
60538;1;1;0;True
60539;7;16;9;True
60540;1;1;0;True
60541;1;1;0;True
60542;5;12;7;True
60543;1;1;0;True
60544;3;4;1;True
60545;10;16;6;True
60546;7;12;5;True
60547;4;6;2;True
60548;1;1;0;True
60549;6;12;6;True
60550;3;6;3;True
60551;4;6;2;True
60552;0;0;0;True
60553;3;6;3;True
60554;7;12;5;True
60555;9;16;7;True
60556;1;1;0;True
60557;1;1;0;True
60558;2;4;2;True
60559;6;12;6;True
60560;2;4;2;True
60561;2;2;0;True
60562;3;9;6;True
60563;2;4;2;True
60564;6;12;6;True
60565;0;0;0;True
60566;5;6;1;True
60567;0;0;0;True
60568;11;16;5;True
60569;2;2;0;True
60570;2;4;2;True
60571;2;2;0;True
60572;4;6;2;True
60573;4;6;2;True
60574;6;9;3;True
60575;8;12;4;True
60576;0;0;0;True
60577;3;6;3;True
60578;2;4;2;True
60579;4;9;5;True
60580;3;9;6;True
60581;5;8;3;True
60582;3;4;1;True
60583;1;1;0;True
60584;9;16;7;True
60585;3;6;3;True
60586;2;4;2;True
60587;1;1;0;True
60588;7;12;5;True
60589;4;9;5;True
60590;6;9;3;True
60591;0;0;0;True
60592;0;0;0;True
60593;4;6;2;True
60594;7;16;9;True
60595;4;12;8;True
60596;3;6;3;True
60597;6;12;6;True
60598;5;12;7;True
60599;3;9;6;True
60600;0;0;0;True
60601;8;12;4;True
60602;5;9;4;True
60603;6;12;6;True
60604;2;4;2;True
60605;4;9;5;True
60606;0;0;0;True
60607;0;0;0;True
60608;7;16;9;True
60609;7;12;5;True
60610;1;1;0;True
60611;6;16;10;True
60612;5;8;3;True
60613;1;1;0;True
60614;2;2;0;True
60615;4;12;8;True
60616;4;6;2;True
60617;4;9;5;True
60618;4;12;8;True
60619;4;12;8;True
60620;1;1;0;True
60621;8;16;8;True
60622;4;9;5;True
60623;7;12;5;True
60624;4;12;8;True
60625;3;4;1;True
60626;3;9;6;True
60627;9;16;7;True
60628;2;2;0;True
60629;6;9;3;True
60630;3;4;1;True
60631;0;0;0;True
60632;2;2;0;True
60633;11;16;5;True
60634;1;1;0;True
60635;5;12;7;True
60636;4;6;2;True
60637;4;8;4;True
60638;5;9;4;True
60639;1;1;0;True
60640;0;0;0;True
60641;7;12;5;True
60642;3;6;3;True
60643;1;1;0;True
60644;2;4;2;True
60645;5;12;7;True
60646;1;1;0;True
60647;4;9;5;True
60648;2;4;2;True
60649;7;16;9;True
60650;3;4;1;True
60651;7;12;5;True
60652;4;16;12;True
60653;5;8;3;True
60654;1;1;0;True
60655;5;16;11;True
60656;3;6;3;True
60657;3;9;6;True
60658;3;4;1;True
60659;2;4;2;True
60660;1;1;0;True
60661;5;9;4;True
60662;4;9;5;True
60663;1;1;0;True
60664;7;12;5;True
60665;3;4;1;True
60666;2;2;0;True
60667;0;0;0;True
60668;0;0;0;True
60669;3;3;0;True
60670;7;16;9;True
60671;8;16;8;True
60672;4;9;5;True
60673;5;12;7;True
60674;9;16;7;True
60675;0;0;0;True
60676;7;16;9;True
60677;6;9;3;True
60678;4;9;5;True
60679;4;6;2;True
60680;7;16;9;True
60681;8;16;8;True
60682;3;6;3;True
60683;4;12;8;True
60684;3;6;3;True
60685;2;2;0;True
60686;0;0;0;True
60687;10;16;6;True
60688;8;16;8;True
60689;2;2;0;True
60690;1;1;0;True
60691;5;12;7;True
60692;7;9;2;True
60693;8;12;4;True
60694;3;6;3;True
60695;8;16;8;True
60696;6;12;6;True
60697;2;4;2;True
60698;10;16;6;True
60699;4;6;2;True
60700;2;2;0;True
60701;4;9;5;True
60702;5;12;7;True
60703;4;6;2;True
60704;3;4;1;True
60705;8;12;4;True
60706;5;16;11;True
60707;4;6;2;True
60708;8;12;4;True
60709;5;9;4;True
60710;4;6;2;True
60711;1;1;0;True
60712;3;6;3;True
60713;0;0;0;True
60714;4;6;2;True
60715;4;6;2;True
60716;2;4;2;True
60717;3;9;6;True
60718;3;4;1;True
60719;6;16;10;True
60720;1;1;0;True
60721;0;0;0;True
60722;1;1;0;True
60723;1;1;0;True
60724;3;6;3;True
60725;8;16;8;True
60726;2;4;2;True
60727;7;16;9;True
60728;0;0;0;True
60729;4;9;5;True
60730;6;12;6;True
60731;4;8;4;True
60732;2;4;2;True
60733;9;16;7;True
60734;6;9;3;True
60735;5;9;4;True
60736;4;4;0;True
60737;7;16;9;True
60738;1;1;0;True
60739;0;0;0;True
60740;6;12;6;True
60741;5;9;4;True
60742;2;2;0;True
60743;1;1;0;True
60744;3;6;3;True
60745;1;1;0;True
60746;1;1;0;True
60747;4;12;8;True
60748;9;16;7;True
60749;1;1;0;True
60750;2;2;0;True
60751;4;6;2;True
60752;3;4;1;True
60753;4;12;8;True
60754;1;1;0;True
60755;5;12;7;True
60756;2;4;2;True
60757;9;16;7;True
60758;5;12;7;True
60759;4;9;5;True
60760;6;12;6;True
60761;8;16;8;True
60762;2;2;0;True
60763;4;6;2;True
60764;7;16;9;True
60765;5;8;3;True
60766;0;0;0;True
60767;6;16;10;True
60768;4;9;5;True
60769;3;6;3;True
60770;3;4;1;True
60771;5;12;7;True
60772;0;0;0;True
60773;7;16;9;True
60774;6;12;6;True
60775;3;4;1;True
60776;4;8;4;True
60777;2;4;2;True
60778;3;4;1;True
60779;4;6;2;True
60780;1;1;0;True
60781;2;4;2;True
60782;4;6;2;True
60783;4;6;2;True
60784;3;6;3;True
60785;3;6;3;True
60786;3;4;1;True
60787;2;2;0;True
60788;6;12;6;True
60789;7;12;5;True
60790;4;12;8;True
60791;7;16;9;True
60792;4;9;5;True
60793;7;12;5;True
60794;4;12;8;True
60795;5;12;7;True
60796;3;6;3;True
60797;7;16;9;True
60798;7;16;9;True
60799;2;4;2;True
60800;2;4;2;True
60801;3;4;1;True
60802;4;9;5;True
60803;3;6;3;True
60804;2;2;0;True
60805;6;16;10;True
60806;4;9;5;True
60807;4;6;2;True
60808;7;16;9;True
60809;0;0;0;True
60810;3;6;3;True
60811;4;9;5;True
60812;6;12;6;True
60813;3;9;6;True
60814;2;2;0;True
60815;3;3;0;True
60816;5;12;7;True
60817;8;16;8;True
60818;4;6;2;True
60819;5;12;7;True
60820;4;9;5;True
60821;2;2;0;True
60822;2;2;0;True
60823;5;16;11;True
60824;6;12;6;True
60825;0;0;0;True
60826;5;8;3;True
60827;1;1;0;True
60828;4;9;5;True
60829;2;4;2;True
60830;4;9;5;True
60831;2;4;2;True
60832;2;4;2;True
60833;2;4;2;True
60834;0;0;0;True
60835;3;3;0;True
60836;6;12;6;True
60837;5;12;7;True
60838;4;16;12;True
60839;1;1;0;True
60840;0;0;0;True
60841;7;12;5;True
60842;6;12;6;True
60843;5;12;7;True
60844;4;6;2;True
60845;2;2;0;True
60846;6;12;6;True
60847;4;9;5;True
60848;5;12;7;True
60849;4;6;2;True
60850;1;1;0;True
60851;5;12;7;True
60852;4;8;4;True
60853;0;0;0;True
60854;7;12;5;True
60855;1;1;0;True
60856;6;12;6;True
60857;5;12;7;True
60858;0;0;0;True
60859;2;2;0;True
60860;2;4;2;True
60861;7;12;5;True
60862;7;16;9;True
60863;4;6;2;True
60864;2;2;0;True
60865;6;12;6;True
60866;1;1;0;True
60867;7;16;9;True
60868;6;16;10;True
60869;2;4;2;True
60870;5;9;4;True
60871;5;16;11;True
60872;2;2;0;True
60873;2;4;2;True
60874;4;9;5;True
60875;4;9;5;True
60876;5;9;4;True
60877;1;1;0;True
60878;1;1;0;True
60879;0;0;0;True
60880;6;12;6;True
60881;5;9;4;True
60882;3;6;3;True
60883;1;1;0;True
60884;0;0;0;True
60885;2;2;0;True
60886;3;6;3;True
60887;6;9;3;True
60888;1;1;0;True
60889;6;12;6;True
60890;2;4;2;True
60891;3;4;1;True
60892;5;16;11;True
60893;4;9;5;True
60894;3;9;6;True
60895;7;16;9;True
60896;7;9;2;True
60897;0;0;0;True
60898;4;6;2;True
60899;2;4;2;True
60900;6;12;6;True
60901;4;9;5;True
60902;2;2;0;True
60903;4;6;2;True
60904;0;0;0;True
60905;6;12;6;True
60906;5;9;4;True
60907;1;1;0;True
60908;1;1;0;True
60909;3;6;3;True
60910;4;9;5;True
60911;5;12;7;True
60912;7;16;9;True
60913;2;2;0;True
60914;6;12;6;True
60915;6;12;6;True
60916;2;2;0;True
60917;2;4;2;True
60918;5;16;11;True
60919;7;12;5;True
60920;4;12;8;True
60921;3;6;3;True
60922;7;16;9;True
60923;8;16;8;True
60924;1;1;0;True
60925;1;1;0;True
60926;1;1;0;True
60927;2;2;0;True
60928;0;0;0;True
60929;7;12;5;True
60930;8;12;4;True
60931;4;9;5;True
60932;5;12;7;True
60933;2;2;0;True
60934;2;4;2;True
60935;4;8;4;True
60936;6;12;6;True
60937;4;12;8;True
60938;10;16;6;True
60939;7;16;9;True
60940;4;6;2;True
60941;1;1;0;True
60942;8;16;8;True
60943;8;12;4;True
60944;7;12;5;True
60945;5;12;7;True
60946;5;9;4;True
60947;4;6;2;True
60948;2;2;0;True
60949;4;9;5;True
60950;2;2;0;True
60951;3;6;3;True
60952;1;1;0;True
60953;2;4;2;True
60954;3;9;6;True
60955;6;9;3;True
60956;5;12;7;True
60957;0;0;0;True
60958;5;12;7;True
60959;0;0;0;True
60960;4;9;5;True
60961;4;9;5;True
60962;7;9;2;True
60963;2;2;0;True
60964;7;12;5;True
60965;4;8;4;True
60966;7;16;9;True
60967;2;4;2;True
60968;8;12;4;True
60969;0;0;0;True
60970;4;6;2;True
60971;4;9;5;True
60972;5;9;4;True
60973;2;4;2;True
60974;4;9;5;True
60975;5;9;4;True
60976;6;12;6;True
60977;7;12;5;True
60978;1;1;0;True
60979;4;9;5;True
60980;5;6;1;True
60981;2;4;2;True
60982;7;16;9;True
60983;3;9;6;True
60984;4;4;0;True
60985;3;6;3;True
60986;4;6;2;True
60987;2;4;2;True
60988;3;9;6;True
60989;8;16;8;True
60990;4;9;5;True
60991;6;16;10;True
60992;1;1;0;True
60993;2;2;0;True
60994;6;8;2;True
60995;1;1;0;True
60996;7;16;9;True
60997;3;9;6;True
60998;2;2;0;True
60999;7;16;9;True
61000;0;0;0;True
61001;5;9;4;True
61002;7;12;5;True
61003;1;1;0;True
61004;3;6;3;True
61005;4;9;5;True
61006;3;6;3;True
61007;2;2;0;True
61008;3;6;3;True
61009;5;16;11;True
61010;3;6;3;True
61011;0;0;0;True
61012;6;12;6;True
61013;4;6;2;True
61014;5;16;11;True
61015;6;12;6;True
61016;6;9;3;True
61017;6;9;3;True
61018;2;4;2;True
61019;3;6;3;True
61020;5;12;7;True
61021;4;9;5;True
61022;2;4;2;True
61023;8;12;4;True
61024;1;1;0;True
61025;8;12;4;True
61026;4;6;2;True
61027;1;1;0;True
61028;6;12;6;True
61029;2;4;2;True
61030;5;16;11;True
61031;1;1;0;True
61032;1;1;0;True
61033;0;0;0;True
61034;3;4;1;True
61035;7;16;9;True
61036;7;16;9;True
61037;2;2;0;True
61038;1;1;0;True
61039;9;12;3;True
61040;1;1;0;True
61041;4;6;2;True
61042;9;16;7;True
61043;5;12;7;True
61044;0;0;0;True
61045;3;3;0;True
61046;3;6;3;True
61047;6;12;6;True
61048;4;6;2;True
61049;5;9;4;True
61050;2;2;0;True
61051;2;4;2;True
61052;3;6;3;True
61053;1;1;0;True
61054;5;9;4;True
61055;5;12;7;True
61056;7;9;2;True
61057;9;16;7;True
61058;3;4;1;True
61059;2;4;2;True
61060;5;12;7;True
61061;2;4;2;True
61062;8;16;8;True
61063;6;12;6;True
61064;2;2;0;True
61065;6;16;10;True
61066;2;4;2;True
61067;9;16;7;True
61068;0;0;0;True
61069;8;16;8;True
61070;5;12;7;True
61071;2;4;2;True
61072;3;3;0;True
61073;6;16;10;True
61074;10;16;6;True
61075;4;4;0;True
61076;3;6;3;True
61077;4;9;5;True
61078;6;16;10;True
61079;6;16;10;True
61080;5;12;7;True
61081;4;9;5;True
61082;5;9;4;True
61083;2;2;0;True
61084;5;12;7;True
61085;4;9;5;True
61086;3;4;1;True
61087;3;4;1;True
61088;5;12;7;True
61089;0;0;0;True
61090;3;6;3;True
61091;2;4;2;True
61092;3;6;3;True
61093;1;1;0;True
61094;2;2;0;True
61095;1;1;0;True
61096;0;0;0;True
61097;0;0;0;True
61098;4;9;5;True
61099;1;1;0;True
61100;5;12;7;True
61101;4;6;2;True
61102;1;1;0;True
61103;4;8;4;True
61104;7;12;5;True
61105;6;12;6;True
61106;5;9;4;True
61107;7;16;9;True
61108;2;4;2;True
61109;6;12;6;True
61110;9;16;7;True
61111;1;1;0;True
61112;2;2;0;True
61113;5;12;7;True
61114;2;4;2;True
61115;2;4;2;True
61116;3;4;1;True
61117;7;16;9;True
61118;7;16;9;True
61119;0;0;0;True
61120;1;1;0;True
61121;7;16;9;True
61122;3;6;3;True
61123;5;9;4;True
61124;1;1;0;True
61125;0;0;0;True
61126;6;12;6;True
61127;2;4;2;True
61128;3;4;1;True
61129;5;12;7;True
61130;2;4;2;True
61131;6;16;10;True
61132;5;8;3;True
61133;1;1;0;True
61134;4;9;5;True
61135;1;1;0;True
61136;6;12;6;True
61137;2;2;0;True
61138;4;9;5;True
61139;0;0;0;True
61140;3;6;3;True
61141;1;1;0;True
61142;4;12;8;True
61143;3;9;6;True
61144;7;16;9;True
61145;1;1;0;True
61146;4;9;5;True
61147;6;12;6;True
61148;0;0;0;True
61149;4;9;5;True
61150;3;9;6;True
61151;1;1;0;True
61152;2;4;2;True
61153;1;1;0;True
61154;7;12;5;True
61155;1;1;0;True
61156;3;9;6;True
61157;3;4;1;True
61158;4;6;2;True
61159;7;16;9;True
61160;0;0;0;True
61161;5;9;4;True
61162;6;16;10;True
61163;4;9;5;True
61164;8;16;8;True
61165;6;8;2;True
61166;4;9;5;True
61167;6;12;6;True
61168;5;9;4;True
61169;3;4;1;True
61170;1;1;0;True
61171;1;1;0;True
61172;1;1;0;True
61173;6;9;3;True
61174;4;6;2;True
61175;3;6;3;True
61176;2;4;2;True
61177;2;2;0;True
61178;3;6;3;True
61179;2;2;0;True
61180;0;0;0;True
61181;3;6;3;True
61182;1;1;0;True
61183;4;12;8;True
61184;6;12;6;True
61185;2;2;0;True
61186;5;12;7;True
61187;3;6;3;True
61188;3;4;1;True
61189;4;9;5;True
61190;0;0;0;True
61191;2;4;2;True
61192;5;6;1;True
61193;4;12;8;True
61194;3;4;1;True
61195;2;2;0;True
61196;1;1;0;True
61197;2;4;2;True
61198;6;16;10;True
61199;5;9;4;True
61200;2;2;0;True
61201;1;1;0;True
61202;7;16;9;True
61203;2;4;2;True
61204;6;12;6;True
61205;2;4;2;True
61206;7;12;5;True
61207;3;6;3;True
61208;2;4;2;True
61209;3;9;6;True
61210;7;12;5;True
61211;4;12;8;True
61212;2;4;2;True
61213;2;2;0;True
61214;1;1;0;True
61215;3;6;3;True
61216;4;9;5;True
61217;5;12;7;True
61218;9;16;7;True
61219;4;6;2;True
61220;2;2;0;True
61221;1;1;0;True
61222;9;16;7;True
61223;2;4;2;True
61224;4;9;5;True
61225;3;9;6;True
61226;5;8;3;True
61227;7;12;5;True
61228;7;16;9;True
61229;4;9;5;True
61230;3;6;3;True
61231;5;12;7;True
61232;2;4;2;True
61233;7;16;9;True
61234;1;1;0;True
61235;3;6;3;True
61236;5;9;4;True
61237;2;4;2;True
61238;1;1;0;True
61239;2;2;0;True
61240;1;1;0;True
61241;2;2;0;True
61242;7;16;9;True
61243;5;8;3;True
61244;3;6;3;True
61245;4;6;2;True
61246;4;6;2;True
61247;6;12;6;True
61248;1;1;0;True
61249;4;9;5;True
61250;1;1;0;True
61251;5;9;4;True
61252;0;0;0;True
61253;7;16;9;True
61254;2;4;2;True
61255;0;0;0;True
61256;3;4;1;True
61257;5;9;4;True
61258;1;1;0;True
61259;2;2;0;True
61260;3;6;3;True
61261;5;9;4;True
61262;2;2;0;True
61263;7;12;5;True
61264;3;9;6;True
61265;6;9;3;True
61266;2;4;2;True
61267;2;4;2;True
61268;7;12;5;True
61269;7;12;5;True
61270;4;8;4;True
61271;3;4;1;True
61272;6;16;10;True
61273;5;9;4;True
61274;0;0;0;True
61275;5;16;11;True
61276;0;0;0;True
61277;7;12;5;True
61278;8;16;8;True
61279;7;16;9;True
61280;0;0;0;True
61281;6;16;10;True
61282;6;12;6;True
61283;6;12;6;True
61284;2;2;0;True
61285;2;2;0;True
61286;8;12;4;True
61287;7;12;5;True
61288;6;12;6;True
61289;0;0;0;True
61290;2;4;2;True
61291;4;6;2;True
61292;5;12;7;True
61293;4;9;5;True
61294;5;12;7;True
61295;2;2;0;True
61296;7;12;5;True
61297;1;1;0;True
61298;2;4;2;True
61299;4;12;8;True
61300;1;1;0;True
61301;1;1;0;True
61302;4;6;2;True
61303;9;16;7;True
61304;2;2;0;True
61305;1;1;0;True
61306;6;16;10;True
61307;7;16;9;True
61308;3;6;3;True
61309;1;1;0;True
61310;6;9;3;True
61311;2;4;2;True
61312;3;4;1;True
61313;5;9;4;True
61314;5;12;7;True
61315;3;4;1;True
61316;2;4;2;True
61317;5;9;4;True
61318;6;12;6;True
61319;1;1;0;True
61320;6;16;10;True
61321;0;0;0;True
61322;5;9;4;True
61323;1;1;0;True
61324;5;9;4;True
61325;8;16;8;True
61326;2;2;0;True
61327;6;9;3;True
61328;3;6;3;True
61329;2;4;2;True
61330;1;1;0;True
61331;0;0;0;True
61332;2;4;2;True
61333;3;4;1;True
61334;0;0;0;True
61335;4;6;2;True
61336;3;4;1;True
61337;4;9;5;True
61338;4;9;5;True
61339;2;4;2;True
61340;2;4;2;True
61341;9;16;7;True
61342;7;12;5;True
61343;5;12;7;True
61344;3;6;3;True
61345;2;2;0;True
61346;0;0;0;True
61347;3;4;1;True
61348;6;12;6;True
61349;7;16;9;True
61350;0;0;0;True
61351;1;1;0;True
61352;9;16;7;True
61353;3;4;1;True
61354;3;6;3;True
61355;5;9;4;True
61356;0;0;0;True
61357;7;16;9;True
61358;4;12;8;True
61359;2;4;2;True
61360;3;6;3;True
61361;4;9;5;True
61362;2;4;2;True
61363;1;1;0;True
61364;3;6;3;True
61365;7;16;9;True
61366;8;16;8;True
61367;2;4;2;True
61368;4;8;4;True
61369;0;0;0;True
61370;3;6;3;True
61371;4;6;2;True
61372;5;12;7;True
61373;4;9;5;True
61374;5;9;4;True
61375;3;6;3;True
61376;1;1;0;True
61377;4;9;5;True
61378;4;6;2;True
61379;5;9;4;True
61380;6;12;6;True
61381;5;12;7;True
61382;9;16;7;True
61383;5;16;11;True
61384;3;6;3;True
61385;5;9;4;True
61386;6;9;3;True
61387;7;12;5;True
61388;2;2;0;True
61389;5;9;4;True
61390;2;4;2;True
61391;2;4;2;True
61392;2;2;0;True
61393;6;12;6;True
61394;1;1;0;True
61395;3;6;3;True
61396;2;2;0;True
61397;2;4;2;True
61398;5;12;7;True
61399;2;4;2;True
61400;6;12;6;True
61401;1;1;0;True
61402;3;9;6;True
61403;3;6;3;True
61404;4;12;8;True
61405;3;9;6;True
61406;3;6;3;True
61407;1;1;0;True
61408;1;1;0;True
61409;8;12;4;True
61410;4;9;5;True
61411;6;12;6;True
61412;2;4;2;True
61413;0;0;0;True
61414;5;12;7;True
61415;5;12;7;True
61416;5;12;7;True
61417;6;12;6;True
61418;3;3;0;True
61419;0;0;0;True
61420;5;9;4;True
61421;0;0;0;True
61422;3;4;1;True
61423;0;0;0;True
61424;3;4;1;True
61425;9;16;7;True
61426;2;4;2;True
61427;3;3;0;True
61428;8;16;8;True
61429;0;0;0;True
61430;0;0;0;True
61431;1;1;0;True
61432;5;9;4;True
61433;2;2;0;True
61434;8;16;8;True
61435;3;3;0;True
61436;4;6;2;True
61437;2;2;0;True
61438;4;8;4;True
61439;2;2;0;True
61440;3;6;3;True
61441;3;6;3;True
61442;2;4;2;True
61443;1;1;0;True
61444;5;9;4;True
61445;1;1;0;True
61446;6;9;3;True
61447;3;6;3;True
61448;4;9;5;True
61449;5;9;4;True
61450;8;16;8;True
61451;5;12;7;True
61452;3;9;6;True
61453;4;9;5;True
61454;2;4;2;True
61455;3;6;3;True
61456;3;9;6;True
61457;5;9;4;True
61458;2;4;2;True
61459;5;12;7;True
61460;1;1;0;True
61461;4;9;5;True
61462;2;4;2;True
61463;9;16;7;True
61464;2;4;2;True
61465;4;12;8;True
61466;3;4;1;True
61467;1;1;0;True
61468;1;1;0;True
61469;3;6;3;True
61470;7;9;2;True
61471;4;8;4;True
61472;5;9;4;True
61473;3;6;3;True
61474;5;12;7;True
61475;5;8;3;True
61476;3;4;1;True
61477;6;16;10;True
61478;1;1;0;True
61479;4;9;5;True
61480;2;4;2;True
61481;3;6;3;True
61482;2;4;2;True
61483;2;4;2;True
61484;4;6;2;True
61485;5;9;4;True
61486;1;1;0;True
61487;2;2;0;True
61488;3;4;1;True
61489;6;9;3;True
61490;2;2;0;True
61491;3;4;1;True
61492;1;1;0;True
61493;6;12;6;True
61494;3;6;3;True
61495;0;0;0;True
61496;0;0;0;True
61497;4;6;2;True
61498;8;16;8;True
61499;7;12;5;True
61500;5;12;7;True
61501;3;3;0;True
61502;5;12;7;True
61503;0;0;0;True
61504;1;1;0;True
61505;1;1;0;True
61506;5;12;7;True
61507;1;1;0;True
61508;3;4;1;True
61509;6;16;10;True
61510;3;6;3;True
61511;2;4;2;True
61512;3;4;1;True
61513;8;12;4;True
61514;3;6;3;True
61515;3;4;1;True
61516;2;4;2;True
61517;6;16;10;True
61518;2;4;2;True
61519;0;0;0;True
61520;7;12;5;True
61521;6;12;6;True
61522;3;6;3;True
61523;5;8;3;True
61524;6;16;10;True
61525;4;6;2;True
61526;6;16;10;True
61527;1;1;0;True
61528;5;12;7;True
61529;12;16;4;True
61530;5;9;4;True
61531;0;0;0;True
61532;3;6;3;True
61533;2;4;2;True
61534;3;4;1;True
61535;3;6;3;True
61536;2;4;2;True
61537;5;6;1;True
61538;1;1;0;True
61539;2;4;2;True
61540;1;1;0;True
61541;2;2;0;True
61542;4;8;4;True
61543;0;0;0;True
61544;6;16;10;True
61545;6;16;10;True
61546;4;9;5;True
61547;12;16;4;True
61548;7;16;9;True
61549;3;6;3;True
61550;7;12;5;True
61551;5;16;11;True
61552;1;1;0;True
61553;3;4;1;True
61554;4;12;8;True
61555;5;9;4;True
61556;7;16;9;True
61557;1;1;0;True
61558;3;4;1;True
61559;8;12;4;True
61560;8;16;8;True
61561;5;16;11;True
61562;4;4;0;True
61563;1;1;0;True
61564;4;6;2;True
61565;3;6;3;True
61566;2;4;2;True
61567;5;12;7;True
61568;1;1;0;True
61569;0;0;0;True
61570;5;8;3;True
61571;2;2;0;True
61572;1;1;0;True
61573;7;12;5;True
61574;5;9;4;True
61575;2;4;2;True
61576;0;0;0;True
61577;7;9;2;True
61578;3;4;1;True
61579;1;1;0;True
61580;3;6;3;True
61581;9;12;3;True
61582;0;0;0;True
61583;3;6;3;True
61584;9;16;7;True
61585;2;4;2;True
61586;5;12;7;True
61587;5;16;11;True
61588;3;6;3;True
61589;0;0;0;True
61590;3;6;3;True
61591;8;16;8;True
61592;7;12;5;True
61593;7;12;5;True
61594;1;1;0;True
61595;7;12;5;True
61596;0;0;0;True
61597;0;0;0;True
61598;6;16;10;True
61599;1;1;0;True
61600;7;16;9;True
61601;1;1;0;True
61602;2;2;0;True
61603;3;6;3;True
61604;3;6;3;True
61605;2;4;2;True
61606;6;9;3;True
61607;2;2;0;True
61608;6;12;6;True
61609;1;1;0;True
61610;5;12;7;True
61611;5;16;11;True
61612;6;16;10;True
61613;3;6;3;True
61614;1;1;0;True
61615;4;12;8;True
61616;5;16;11;True
61617;4;6;2;True
61618;2;2;0;True
61619;2;2;0;True
61620;3;4;1;True
61621;5;12;7;True
61622;0;0;0;True
61623;4;12;8;True
61624;5;16;11;True
61625;4;9;5;True
61626;5;9;4;True
61627;0;0;0;True
61628;2;4;2;True
61629;6;12;6;True
61630;8;16;8;True
61631;4;8;4;True
61632;2;4;2;True
61633;2;4;2;True
61634;7;16;9;True
61635;6;16;10;True
61636;3;6;3;True
61637;4;9;5;True
61638;1;1;0;True
61639;6;16;10;True
61640;0;0;0;True
61641;2;4;2;True
61642;2;2;0;True
61643;4;12;8;True
61644;5;12;7;True
61645;3;6;3;True
61646;4;12;8;True
61647;2;2;0;True
61648;2;2;0;True
61649;3;3;0;True
61650;5;12;7;True
61651;0;0;0;True
61652;0;0;0;True
61653;3;6;3;True
61654;4;16;12;True
61655;3;6;3;True
61656;7;16;9;True
61657;2;4;2;True
61658;2;2;0;True
61659;3;4;1;True
61660;3;6;3;True
61661;1;1;0;True
61662;6;16;10;True
61663;4;8;4;True
61664;1;1;0;True
61665;6;12;6;True
61666;1;1;0;True
61667;0;0;0;True
61668;3;4;1;True
61669;7;16;9;True
61670;8;9;1;True
61671;4;9;5;True
61672;7;12;5;True
61673;5;9;4;True
61674;3;6;3;True
61675;5;16;11;True
61676;4;6;2;True
61677;1;1;0;True
61678;4;6;2;True
61679;0;0;0;True
61680;3;3;0;True
61681;3;6;3;True
61682;1;1;0;True
61683;11;16;5;True
61684;5;9;4;True
61685;7;12;5;True
61686;1;1;0;True
61687;3;4;1;True
61688;0;0;0;True
61689;2;2;0;True
61690;7;12;5;True
61691;3;6;3;True
61692;7;12;5;True
61693;7;16;9;True
61694;3;4;1;True
61695;1;1;0;True
61696;3;6;3;True
61697;4;8;4;True
61698;7;9;2;True
61699;7;12;5;True
61700;4;9;5;True
61701;2;2;0;True
61702;8;16;8;True
61703;4;9;5;True
61704;2;4;2;True
61705;5;12;7;True
61706;4;12;8;True
61707;8;12;4;True
61708;0;0;0;True
61709;5;12;7;True
61710;3;4;1;True
61711;4;9;5;True
61712;5;12;7;True
61713;3;6;3;True
61714;9;16;7;True
61715;3;4;1;True
61716;6;12;6;True
61717;6;16;10;True
61718;1;1;0;True
61719;2;4;2;True
61720;9;16;7;True
61721;5;9;4;True
61722;0;0;0;True
61723;6;9;3;True
61724;4;9;5;True
61725;3;4;1;True
61726;2;2;0;True
61727;6;12;6;True
61728;1;1;0;True
61729;0;0;0;True
61730;1;1;0;True
61731;6;12;6;True
61732;6;16;10;True
61733;3;9;6;True
61734;0;0;0;True
61735;4;9;5;True
61736;0;0;0;True
61737;4;9;5;True
61738;3;4;1;True
61739;7;16;9;True
61740;1;1;0;True
61741;3;9;6;True
61742;6;12;6;True
61743;5;12;7;True
61744;5;9;4;True
61745;4;8;4;True
61746;1;1;0;True
61747;2;4;2;True
61748;6;16;10;True
61749;4;6;2;True
61750;6;12;6;True
61751;1;1;0;True
61752;7;16;9;True
61753;4;9;5;True
61754;11;16;5;True
61755;4;4;0;True
61756;3;4;1;True
61757;3;6;3;True
61758;7;16;9;True
61759;2;4;2;True
61760;5;12;7;True
61761;2;4;2;True
61762;6;16;10;True
61763;2;4;2;True
61764;0;0;0;True
61765;2;4;2;True
61766;4;9;5;True
61767;6;16;10;True
61768;7;16;9;True
61769;5;12;7;True
61770;6;12;6;True
61771;1;1;0;True
61772;4;6;2;True
61773;4;12;8;True
61774;2;2;0;True
61775;3;9;6;True
61776;1;1;0;True
61777;7;12;5;True
61778;0;0;0;True
61779;3;9;6;True
61780;4;9;5;True
61781;8;16;8;True
61782;2;2;0;True
61783;4;12;8;True
61784;7;12;5;True
61785;4;9;5;True
61786;1;1;0;True
61787;1;1;0;True
61788;4;9;5;True
61789;3;6;3;True
61790;5;12;7;True
61791;4;12;8;True
61792;3;6;3;True
61793;2;4;2;True
61794;2;2;0;True
61795;5;12;7;True
61796;3;4;1;True
61797;3;4;1;True
61798;5;9;4;True
61799;2;4;2;True
61800;6;16;10;True
61801;0;0;0;True
61802;5;12;7;True
61803;5;12;7;True
61804;3;4;1;True
61805;0;0;0;True
61806;2;2;0;True
61807;8;16;8;True
61808;2;4;2;True
61809;2;4;2;True
61810;7;12;5;True
61811;0;0;0;True
61812;7;16;9;True
61813;3;6;3;True
61814;1;1;0;True
61815;4;8;4;True
61816;4;6;2;True
61817;6;12;6;True
61818;3;3;0;True
61819;10;16;6;True
61820;7;16;9;True
61821;4;9;5;True
61822;0;0;0;True
61823;4;9;5;True
61824;7;9;2;True
61825;0;0;0;True
61826;3;4;1;True
61827;6;9;3;True
61828;1;1;0;True
61829;4;9;5;True
61830;8;12;4;True
61831;3;6;3;True
61832;3;9;6;True
61833;4;12;8;True
61834;4;6;2;True
61835;7;12;5;True
61836;5;12;7;True
61837;1;1;0;True
61838;0;0;0;True
61839;7;16;9;True
61840;8;16;8;True
61841;3;6;3;True
61842;0;0;0;True
61843;8;12;4;True
61844;4;9;5;True
61845;2;4;2;True
61846;3;6;3;True
61847;3;6;3;True
61848;3;6;3;True
61849;3;9;6;True
61850;5;6;1;True
61851;2;2;0;True
61852;6;9;3;True
61853;3;4;1;True
61854;3;6;3;True
61855;7;16;9;True
61856;0;0;0;True
61857;1;1;0;True
61858;5;9;4;True
61859;0;0;0;True
61860;0;0;0;True
61861;8;16;8;True
61862;3;6;3;True
61863;0;0;0;True
61864;3;6;3;True
61865;6;9;3;True
61866;4;6;2;True
61867;2;2;0;True
61868;6;12;6;True
61869;3;9;6;True
61870;8;12;4;True
61871;3;9;6;True
61872;0;0;0;True
61873;5;9;4;True
61874;3;4;1;True
61875;3;6;3;True
61876;3;4;1;True
61877;1;1;0;True
61878;2;2;0;True
61879;10;16;6;True
61880;5;9;4;True
61881;7;16;9;True
61882;2;2;0;True
61883;4;6;2;True
61884;8;16;8;True
61885;5;12;7;True
61886;4;8;4;True
61887;6;12;6;True
61888;1;1;0;True
61889;7;16;9;True
61890;3;6;3;True
61891;2;4;2;True
61892;5;9;4;True
61893;3;6;3;True
61894;0;0;0;True
61895;3;6;3;True
61896;5;9;4;True
61897;1;1;0;True
61898;5;12;7;True
61899;4;6;2;True
61900;5;9;4;True
61901;1;1;0;True
61902;4;12;8;True
61903;4;9;5;True
61904;4;9;5;True
61905;3;6;3;True
61906;5;9;4;True
61907;3;6;3;True
61908;4;9;5;True
61909;4;6;2;True
61910;0;0;0;True
61911;0;0;0;True
61912;5;12;7;True
61913;1;1;0;True
61914;5;12;7;True
61915;3;6;3;True
61916;7;12;5;True
61917;1;1;0;True
61918;4;8;4;True
61919;6;9;3;True
61920;5;12;7;True
61921;2;4;2;True
61922;7;16;9;True
61923;2;2;0;True
61924;4;9;5;True
61925;4;6;2;True
61926;6;12;6;True
61927;8;16;8;True
61928;5;12;7;True
61929;2;4;2;True
61930;7;16;9;True
61931;4;8;4;True
61932;3;6;3;True
61933;5;16;11;True
61934;4;12;8;True
61935;4;12;8;True
61936;2;2;0;True
61937;7;16;9;True
61938;1;1;0;True
61939;4;6;2;True
61940;3;6;3;True
61941;8;16;8;True
61942;2;4;2;True
61943;4;6;2;True
61944;8;16;8;True
61945;1;1;0;True
61946;3;9;6;True
61947;2;2;0;True
61948;8;16;8;True
61949;2;4;2;True
61950;6;12;6;True
61951;5;12;7;True
61952;1;1;0;True
61953;7;16;9;True
61954;3;9;6;True
61955;3;4;1;True
61956;3;4;1;True
61957;2;4;2;True
61958;2;4;2;True
61959;7;16;9;True
61960;3;6;3;True
61961;2;4;2;True
61962;1;1;0;True
61963;11;16;5;True
61964;6;16;10;True
61965;3;4;1;True
61966;2;4;2;True
61967;6;12;6;True
61968;3;4;1;True
61969;1;1;0;True
61970;2;4;2;True
61971;6;16;10;True
61972;11;16;5;True
61973;6;12;6;True
61974;0;0;0;True
61975;5;12;7;True
61976;5;9;4;True
61977;2;4;2;True
61978;4;8;4;True
61979;0;0;0;True
61980;3;6;3;True
61981;9;16;7;True
61982;5;9;4;True
61983;2;4;2;True
61984;8;12;4;True
61985;7;12;5;True
61986;8;16;8;True
61987;3;4;1;True
61988;3;6;3;True
61989;2;4;2;True
61990;4;9;5;True
61991;1;1;0;True
61992;6;16;10;True
61993;6;9;3;True
61994;6;12;6;True
61995;4;9;5;True
61996;1;1;0;True
61997;3;6;3;True
61998;1;1;0;True
61999;2;4;2;True
62000;0;0;0;True
62001;3;6;3;True
62002;4;9;5;True
62003;2;4;2;True
62004;2;4;2;True
62005;8;16;8;True
62006;1;1;0;True
62007;0;0;0;True
62008;3;4;1;True
62009;0;0;0;True
62010;6;12;6;True
62011;3;4;1;True
62012;4;12;8;True
62013;6;12;6;True
62014;4;9;5;True
62015;4;6;2;True
62016;2;4;2;True
62017;2;4;2;True
62018;5;12;7;True
62019;1;1;0;True
62020;5;16;11;True
62021;5;12;7;True
62022;0;0;0;True
62023;9;16;7;True
62024;6;9;3;True
62025;4;9;5;True
62026;3;3;0;True
62027;1;1;0;True
62028;3;4;1;True
62029;4;9;5;True
62030;1;1;0;True
62031;6;12;6;True
62032;3;6;3;True
62033;4;6;2;True
62034;3;4;1;True
62035;8;12;4;True
62036;2;4;2;True
62037;4;9;5;True
62038;4;9;5;True
62039;1;1;0;True
62040;5;16;11;True
62041;2;4;2;True
62042;2;4;2;True
62043;2;2;0;True
62044;0;0;0;True
62045;6;16;10;True
62046;6;9;3;True
62047;5;12;7;True
62048;6;12;6;True
62049;8;16;8;True
62050;3;6;3;True
62051;5;9;4;True
62052;1;1;0;True
62053;2;4;2;True
62054;3;9;6;True
62055;6;12;6;True
62056;3;4;1;True
62057;8;12;4;True
62058;4;9;5;True
62059;7;9;2;True
62060;2;4;2;True
62061;7;12;5;True
62062;3;4;1;True
62063;3;4;1;True
62064;7;16;9;True
62065;5;6;1;True
62066;2;4;2;True
62067;6;16;10;True
62068;2;2;0;True
62069;7;12;5;True
62070;0;0;0;True
62071;3;6;3;True
62072;6;12;6;True
62073;0;0;0;True
62074;3;9;6;True
62075;0;0;0;True
62076;1;1;0;True
62077;2;4;2;True
62078;2;2;0;True
62079;3;3;0;True
62080;5;16;11;True
62081;5;9;4;True
62082;3;4;1;True
62083;4;9;5;True
62084;5;12;7;True
62085;4;8;4;True
62086;8;12;4;True
62087;10;16;6;True
62088;2;4;2;True
62089;4;9;5;True
62090;4;9;5;True
62091;2;2;0;True
62092;5;12;7;True
62093;3;4;1;True
62094;2;4;2;True
62095;6;12;6;True
62096;3;6;3;True
62097;8;16;8;True
62098;5;9;4;True
62099;3;6;3;True
62100;3;4;1;True
62101;3;4;1;True
62102;3;6;3;True
62103;1;1;0;True
62104;4;6;2;True
62105;4;8;4;True
62106;8;16;8;True
62107;4;12;8;True
62108;6;9;3;True
62109;7;9;2;True
62110;3;9;6;True
62111;2;4;2;True
62112;7;12;5;True
62113;5;12;7;True
62114;6;12;6;True
62115;3;4;1;True
62116;7;12;5;True
62117;5;8;3;True
62118;3;4;1;True
62119;4;12;8;True
62120;1;1;0;True
62121;4;12;8;True
62122;2;4;2;True
62123;5;12;7;True
62124;4;8;4;True
62125;2;4;2;True
62126;5;9;4;True
62127;3;6;3;True
62128;0;0;0;True
62129;5;9;4;True
62130;0;0;0;True
62131;3;9;6;True
62132;4;6;2;True
62133;1;1;0;True
62134;4;12;8;True
62135;5;16;11;True
62136;7;12;5;True
62137;3;4;1;True
62138;1;1;0;True
62139;7;16;9;True
62140;2;4;2;True
62141;9;16;7;True
62142;4;9;5;True
62143;0;0;0;True
62144;7;12;5;True
62145;4;6;2;True
62146;2;2;0;True
62147;6;12;6;True
62148;6;16;10;True
62149;2;4;2;True
62150;4;9;5;True
62151;0;0;0;True
62152;3;6;3;True
62153;5;12;7;True
62154;3;4;1;True
62155;1;1;0;True
62156;5;12;7;True
62157;6;12;6;True
62158;6;12;6;True
62159;2;4;2;True
62160;5;8;3;True
62161;5;9;4;True
62162;6;9;3;True
62163;2;4;2;True
62164;8;16;8;True
62165;7;12;5;True
62166;1;1;0;True
62167;1;1;0;True
62168;3;9;6;True
62169;3;6;3;True
62170;5;9;4;True
62171;7;12;5;True
62172;1;1;0;True
62173;2;2;0;True
62174;5;16;11;True
62175;2;2;0;True
62176;2;2;0;True
62177;3;9;6;True
62178;2;4;2;True
62179;1;1;0;True
62180;2;2;0;True
62181;4;6;2;True
62182;2;2;0;True
62183;8;16;8;True
62184;3;6;3;True
62185;2;4;2;True
62186;1;1;0;True
62187;5;9;4;True
62188;4;9;5;True
62189;3;4;1;True
62190;4;6;2;True
62191;4;9;5;True
62192;4;12;8;True
62193;0;0;0;True
62194;5;6;1;True
62195;4;6;2;True
62196;4;6;2;True
62197;1;1;0;True
62198;6;16;10;True
62199;4;6;2;True
62200;2;4;2;True
62201;7;16;9;True
62202;4;12;8;True
62203;8;16;8;True
62204;5;9;4;True
62205;5;9;4;True
62206;3;6;3;True
62207;2;2;0;True
62208;2;2;0;True
62209;1;1;0;True
62210;0;0;0;True
62211;5;12;7;True
62212;9;12;3;True
62213;4;6;2;True
62214;5;16;11;True
62215;4;6;2;True
62216;2;4;2;True
62217;4;8;4;True
62218;6;16;10;True
62219;3;9;6;True
62220;3;6;3;True
62221;6;9;3;True
62222;6;12;6;True
62223;3;6;3;True
62224;2;4;2;True
62225;2;2;0;True
62226;2;4;2;True
62227;6;12;6;True
62228;0;0;0;True
62229;5;9;4;True
62230;4;6;2;True
62231;9;16;7;True
62232;4;9;5;True
62233;2;2;0;True
62234;6;12;6;True
62235;0;0;0;True
62236;1;1;0;True
62237;5;16;11;True
62238;3;6;3;True
62239;3;4;1;True
62240;4;12;8;True
62241;7;16;9;True
62242;1;1;0;True
62243;4;9;5;True
62244;2;2;0;True
62245;1;1;0;True
62246;7;16;9;True
62247;6;12;6;True
62248;4;6;2;True
62249;4;9;5;True
62250;4;9;5;True
62251;2;4;2;True
62252;8;16;8;True
62253;1;1;0;True
62254;6;16;10;True
62255;1;1;0;True
62256;2;2;0;True
62257;3;3;0;True
62258;1;1;0;True
62259;1;1;0;True
62260;1;1;0;True
62261;0;0;0;True
62262;1;1;0;True
62263;1;1;0;True
62264;2;4;2;True
62265;1;1;0;True
62266;4;9;5;True
62267;1;1;0;True
62268;2;4;2;True
62269;1;1;0;True
62270;6;9;3;True
62271;4;9;5;True
62272;0;0;0;True
62273;7;12;5;True
62274;3;9;6;True
62275;1;1;0;True
62276;3;6;3;True
62277;3;3;0;True
62278;5;16;11;True
62279;4;12;8;True
62280;4;8;4;True
62281;5;9;4;True
62282;2;4;2;True
62283;4;9;5;True
62284;2;4;2;True
62285;4;8;4;True
62286;6;9;3;True
62287;1;1;0;True
62288;3;3;0;True
62289;2;2;0;True
62290;0;0;0;True
62291;5;16;11;True
62292;4;4;0;True
62293;3;6;3;True
62294;3;4;1;True
62295;5;12;7;True
62296;0;0;0;True
62297;2;4;2;True
62298;3;6;3;True
62299;5;12;7;True
62300;1;1;0;True
62301;8;16;8;True
62302;2;4;2;True
62303;6;12;6;True
62304;3;9;6;True
62305;9;16;7;True
62306;4;6;2;True
62307;5;6;1;True
62308;0;0;0;True
62309;3;4;1;True
62310;7;12;5;True
62311;1;1;0;True
62312;6;9;3;True
62313;4;9;5;True
62314;2;4;2;True
62315;2;4;2;True
62316;1;1;0;True
62317;1;1;0;True
62318;1;1;0;True
62319;0;0;0;True
62320;0;0;0;True
62321;4;12;8;True
62322;4;8;4;True
62323;7;16;9;True
62324;1;1;0;True
62325;1;1;0;True
62326;3;4;1;True
62327;7;16;9;True
62328;5;8;3;True
62329;6;12;6;True
62330;8;12;4;True
62331;3;4;1;True
62332;0;0;0;True
62333;0;0;0;True
62334;7;16;9;True
62335;6;12;6;True
62336;5;9;4;True
62337;4;12;8;True
62338;4;9;5;True
62339;1;1;0;True
62340;4;9;5;True
62341;5;8;3;True
62342;3;4;1;True
62343;3;6;3;True
62344;4;9;5;True
62345;5;12;7;True
62346;1;1;0;True
62347;1;1;0;True
62348;2;2;0;True
62349;5;9;4;True
62350;9;16;7;True
62351;6;16;10;True
62352;9;16;7;True
62353;3;6;3;True
62354;5;9;4;True
62355;2;2;0;True
62356;2;4;2;True
62357;4;12;8;True
62358;2;4;2;True
62359;2;4;2;True
62360;1;1;0;True
62361;3;9;6;True
62362;1;1;0;True
62363;1;1;0;True
62364;7;16;9;True
62365;8;16;8;True
62366;2;4;2;True
62367;2;2;0;True
62368;6;8;2;True
62369;6;12;6;True
62370;5;9;4;True
62371;0;0;0;True
62372;4;9;5;True
62373;2;4;2;True
62374;5;12;7;True
62375;2;2;0;True
62376;6;12;6;True
62377;2;2;0;True
62378;2;4;2;True
62379;2;4;2;True
62380;0;0;0;True
62381;3;6;3;True
62382;3;9;6;True
62383;3;9;6;True
62384;7;16;9;True
62385;2;2;0;True
62386;3;4;1;True
62387;2;4;2;True
62388;1;1;0;True
62389;2;4;2;True
62390;4;12;8;True
62391;2;4;2;True
62392;6;9;3;True
62393;1;1;0;True
62394;0;0;0;True
62395;4;12;8;True
62396;9;16;7;True
62397;4;12;8;True
62398;6;12;6;True
62399;8;12;4;True
62400;3;6;3;True
62401;4;12;8;True
62402;2;2;0;True
62403;2;4;2;True
62404;0;0;0;True
62405;6;12;6;True
62406;2;4;2;True
62407;8;16;8;True
62408;0;0;0;True
62409;5;9;4;True
62410;10;16;6;True
62411;0;0;0;True
62412;1;1;0;True
62413;4;12;8;True
62414;7;16;9;True
62415;2;2;0;True
62416;3;6;3;True
62417;4;6;2;True
62418;4;12;8;True
62419;4;8;4;True
62420;3;4;1;True
62421;4;9;5;True
62422;4;6;2;True
62423;4;6;2;True
62424;2;4;2;True
62425;7;16;9;True
62426;6;16;10;True
62427;4;12;8;True
62428;2;4;2;True
62429;5;8;3;True
62430;6;12;6;True
62431;4;9;5;True
62432;3;6;3;True
62433;3;6;3;True
62434;3;6;3;True
62435;7;16;9;True
62436;4;9;5;True
62437;6;9;3;True
62438;3;6;3;True
62439;2;4;2;True
62440;1;1;0;True
62441;5;12;7;True
62442;7;16;9;True
62443;1;1;0;True
62444;3;9;6;True
62445;2;2;0;True
62446;6;9;3;True
62447;4;12;8;True
62448;3;9;6;True
62449;3;6;3;True
62450;5;12;7;True
62451;4;9;5;True
62452;3;6;3;True
62453;5;9;4;True
62454;0;0;0;True
62455;1;1;0;True
62456;5;6;1;True
62457;3;6;3;True
62458;4;12;8;True
62459;2;4;2;True
62460;1;1;0;True
62461;3;6;3;True
62462;1;1;0;True
62463;4;6;2;True
62464;0;0;0;True
62465;5;9;4;True
62466;2;4;2;True
62467;4;6;2;True
62468;5;9;4;True
62469;3;6;3;True
62470;6;12;6;True
62471;7;16;9;True
62472;4;6;2;True
62473;6;9;3;True
62474;6;9;3;True
62475;2;4;2;True
62476;1;1;0;True
62477;7;16;9;True
62478;0;0;0;True
62479;5;12;7;True
62480;2;4;2;True
62481;1;1;0;True
62482;2;4;2;True
62483;4;9;5;True
62484;2;4;2;True
62485;2;4;2;True
62486;5;12;7;True
62487;2;4;2;True
62488;5;9;4;True
62489;6;12;6;True
62490;0;0;0;True
62491;2;2;0;True
62492;2;4;2;True
62493;0;0;0;True
62494;1;1;0;True
62495;0;0;0;True
62496;1;1;0;True
62497;4;9;5;True
62498;0;0;0;True
62499;1;1;0;True
62500;8;16;8;True
62501;2;2;0;True
62502;6;9;3;True
62503;4;9;5;True
62504;3;6;3;True
62505;4;9;5;True
62506;4;6;2;True
62507;0;0;0;True
62508;0;0;0;True
62509;6;12;6;True
62510;2;2;0;True
62511;2;2;0;True
62512;6;9;3;True
62513;3;4;1;True
62514;2;4;2;True
62515;4;9;5;True
62516;1;1;0;True
62517;6;12;6;True
62518;4;12;8;True
62519;3;3;0;True
62520;3;4;1;True
62521;9;16;7;True
62522;7;16;9;True
62523;5;16;11;True
62524;6;12;6;True
62525;8;16;8;True
62526;4;9;5;True
62527;7;16;9;True
62528;5;12;7;True
62529;3;6;3;True
62530;3;6;3;True
62531;1;1;0;True
62532;1;1;0;True
62533;6;12;6;True
62534;0;0;0;True
62535;6;12;6;True
62536;2;4;2;True
62537;6;12;6;True
62538;4;9;5;True
62539;7;16;9;True
62540;6;12;6;True
62541;8;16;8;True
62542;4;9;5;True
62543;4;6;2;True
62544;3;4;1;True
62545;4;6;2;True
62546;5;9;4;True
62547;4;12;8;True
62548;1;1;0;True
62549;3;6;3;True
62550;3;6;3;True
62551;4;4;0;True
62552;0;0;0;True
62553;2;4;2;True
62554;1;1;0;True
62555;4;8;4;True
62556;0;0;0;True
62557;1;1;0;True
62558;4;9;5;True
62559;3;6;3;True
62560;4;6;2;True
62561;4;12;8;True
62562;4;9;5;True
62563;3;3;0;True
62564;4;6;2;True
62565;4;6;2;True
62566;4;9;5;True
62567;2;4;2;True
62568;6;16;10;True
62569;5;12;7;True
62570;6;9;3;True
62571;4;6;2;True
62572;3;3;0;True
62573;5;12;7;True
62574;4;6;2;True
62575;0;0;0;True
62576;0;0;0;True
62577;9;16;7;True
62578;4;9;5;True
62579;9;16;7;True
62580;2;4;2;True
62581;8;12;4;True
62582;4;8;4;True
62583;5;9;4;True
62584;7;12;5;True
62585;1;1;0;True
62586;3;3;0;True
62587;4;9;5;True
62588;2;4;2;True
62589;4;6;2;True
62590;3;6;3;True
62591;6;12;6;True
62592;1;1;0;True
62593;2;2;0;True
62594;7;16;9;True
62595;2;2;0;True
62596;2;4;2;True
62597;2;4;2;True
62598;1;1;0;True
62599;1;1;0;True
62600;5;12;7;True
62601;1;1;0;True
62602;5;16;11;True
62603;0;0;0;True
62604;2;4;2;True
62605;5;12;7;True
62606;1;1;0;True
62607;1;1;0;True
62608;2;4;2;True
62609;1;1;0;True
62610;7;12;5;True
62611;8;16;8;True
62612;3;4;1;True
62613;2;4;2;True
62614;4;9;5;True
62615;2;2;0;True
62616;3;6;3;True
62617;4;12;8;True
62618;5;8;3;True
62619;5;9;4;True
62620;6;12;6;True
62621;4;6;2;True
62622;1;1;0;True
62623;4;9;5;True
62624;0;0;0;True
62625;4;12;8;True
62626;7;16;9;True
62627;7;12;5;True
62628;4;6;2;True
62629;5;12;7;True
62630;2;2;0;True
62631;6;16;10;True
62632;5;12;7;True
62633;1;1;0;True
62634;4;12;8;True
62635;2;4;2;True
62636;0;0;0;True
62637;4;6;2;True
62638;6;12;6;True
62639;4;6;2;True
62640;4;9;5;True
62641;3;4;1;True
62642;9;16;7;True
62643;2;4;2;True
62644;6;12;6;True
62645;6;12;6;True
62646;7;9;2;True
62647;5;12;7;True
62648;4;4;0;True
62649;5;9;4;True
62650;5;12;7;True
62651;1;1;0;True
62652;3;3;0;True
62653;3;9;6;True
62654;7;12;5;True
62655;4;9;5;True
62656;5;12;7;True
62657;6;12;6;True
62658;2;2;0;True
62659;5;12;7;True
62660;1;1;0;True
62661;5;12;7;True
62662;6;16;10;True
62663;4;9;5;True
62664;4;6;2;True
62665;8;16;8;True
62666;8;16;8;True
62667;3;3;0;True
62668;4;9;5;True
62669;0;0;0;True
62670;5;6;1;True
62671;3;6;3;True
62672;6;16;10;True
62673;3;9;6;True
62674;5;12;7;True
62675;5;9;4;True
62676;5;12;7;True
62677;4;9;5;True
62678;3;6;3;True
62679;0;0;0;True
62680;2;4;2;True
62681;3;4;1;True
62682;4;6;2;True
62683;4;6;2;True
62684;3;6;3;True
62685;6;12;6;True
62686;4;12;8;True
62687;3;4;1;True
62688;6;12;6;True
62689;4;12;8;True
62690;5;12;7;True
62691;6;9;3;True
62692;10;16;6;True
62693;7;12;5;True
62694;6;16;10;True
62695;2;2;0;True
62696;4;9;5;True
62697;5;16;11;True
62698;6;16;10;True
62699;2;4;2;True
62700;1;1;0;True
62701;4;6;2;True
62702;5;9;4;True
62703;3;6;3;True
62704;1;1;0;True
62705;1;1;0;True
62706;1;1;0;True
62707;3;6;3;True
62708;0;0;0;True
62709;3;9;6;True
62710;8;12;4;True
62711;0;0;0;True
62712;2;4;2;True
62713;3;6;3;True
62714;4;6;2;True
62715;0;0;0;True
62716;1;1;0;True
62717;5;12;7;True
62718;5;9;4;True
62719;0;0;0;True
62720;2;2;0;True
62721;3;4;1;True
62722;7;16;9;True
62723;3;6;3;True
62724;4;9;5;True
62725;5;12;7;True
62726;3;9;6;True
62727;4;9;5;True
62728;4;9;5;True
62729;2;4;2;True
62730;0;0;0;True
62731;6;8;2;True
62732;4;9;5;True
62733;2;2;0;True
62734;5;12;7;True
62735;1;1;0;True
62736;2;4;2;True
62737;7;16;9;True
62738;3;6;3;True
62739;2;4;2;True
62740;7;16;9;True
62741;6;12;6;True
62742;7;9;2;True
62743;2;4;2;True
62744;3;4;1;True
62745;2;4;2;True
62746;3;6;3;True
62747;2;4;2;True
62748;2;4;2;True
62749;2;4;2;True
62750;4;9;5;True
62751;0;0;0;True
62752;4;9;5;True
62753;4;6;2;True
62754;2;2;0;True
62755;2;4;2;True
62756;3;6;3;True
62757;4;9;5;True
62758;2;4;2;True
62759;4;6;2;True
62760;3;6;3;True
62761;2;2;0;True
62762;4;6;2;True
62763;2;2;0;True
62764;7;16;9;True
62765;4;9;5;True
62766;9;16;7;True
62767;4;12;8;True
62768;5;12;7;True
62769;3;4;1;True
62770;0;0;0;True
62771;0;0;0;True
62772;6;16;10;True
62773;3;6;3;True
62774;3;9;6;True
62775;0;0;0;True
62776;5;9;4;True
62777;1;1;0;True
62778;1;1;0;True
62779;1;1;0;True
62780;3;4;1;True
62781;4;9;5;True
62782;1;1;0;True
62783;2;4;2;True
62784;1;1;0;True
62785;0;0;0;True
62786;1;1;0;True
62787;0;0;0;True
62788;4;9;5;True
62789;2;2;0;True
62790;7;12;5;True
62791;3;4;1;True
62792;2;2;0;True
62793;9;16;7;True
62794;0;0;0;True
62795;7;12;5;True
62796;3;9;6;True
62797;2;4;2;True
62798;2;4;2;True
62799;4;8;4;True
62800;7;12;5;True
62801;3;6;3;True
62802;8;16;8;True
62803;4;8;4;True
62804;2;2;0;True
62805;2;4;2;True
62806;0;0;0;True
62807;4;4;0;True
62808;3;4;1;True
62809;7;12;5;True
62810;4;9;5;True
62811;1;1;0;True
62812;3;3;0;True
62813;3;6;3;True
62814;0;0;0;True
62815;3;4;1;True
62816;0;0;0;True
62817;3;9;6;True
62818;5;9;4;True
62819;4;6;2;True
62820;0;0;0;True
62821;2;4;2;True
62822;3;6;3;True
62823;4;6;2;True
62824;5;12;7;True
62825;4;6;2;True
62826;1;1;0;True
62827;3;9;6;True
62828;4;9;5;True
62829;9;16;7;True
62830;2;4;2;True
62831;9;16;7;True
62832;7;16;9;True
62833;7;16;9;True
62834;5;16;11;True
62835;0;0;0;True
62836;3;9;6;True
62837;6;12;6;True
62838;3;9;6;True
62839;2;2;0;True
62840;4;8;4;True
62841;1;1;0;True
62842;0;0;0;True
62843;4;9;5;True
62844;0;0;0;True
62845;2;4;2;True
62846;7;16;9;True
62847;5;9;4;True
62848;1;1;0;True
62849;0;0;0;True
62850;4;12;8;True
62851;4;12;8;True
62852;2;2;0;True
62853;2;4;2;True
62854;1;1;0;True
62855;6;12;6;True
62856;0;0;0;True
62857;1;1;0;True
62858;3;4;1;True
62859;7;12;5;True
62860;2;4;2;True
62861;0;0;0;True
62862;2;4;2;True
62863;2;4;2;True
62864;0;0;0;True
62865;4;9;5;True
62866;3;9;6;True
62867;6;12;6;True
62868;6;9;3;True
62869;5;12;7;True
62870;1;1;0;True
62871;5;12;7;True
62872;6;6;0;True
62873;5;6;1;True
62874;7;12;5;True
62875;3;4;1;True
62876;2;4;2;True
62877;7;12;5;True
62878;8;16;8;True
62879;5;9;4;True
62880;5;12;7;True
62881;4;9;5;True
62882;7;12;5;True
62883;3;6;3;True
62884;6;9;3;True
62885;0;0;0;True
62886;2;2;0;True
62887;4;9;5;True
62888;2;2;0;True
62889;6;12;6;True
62890;7;16;9;True
62891;0;0;0;True
62892;3;6;3;True
62893;0;0;0;True
62894;0;0;0;True
62895;2;2;0;True
62896;3;4;1;True
62897;4;9;5;True
62898;7;12;5;True
62899;2;2;0;True
62900;4;6;2;True
62901;2;2;0;True
62902;5;12;7;True
62903;2;2;0;True
62904;3;6;3;True
62905;4;9;5;True
62906;0;0;0;True
62907;4;9;5;True
62908;5;12;7;True
62909;1;1;0;True
62910;1;1;0;True
62911;6;16;10;True
62912;2;4;2;True
62913;6;12;6;True
62914;6;12;6;True
62915;6;12;6;True
62916;5;12;7;True
62917;1;1;0;True
62918;2;4;2;True
62919;2;2;0;True
62920;6;12;6;True
62921;6;12;6;True
62922;4;12;8;True
62923;2;2;0;True
62924;2;2;0;True
62925;5;9;4;True
62926;8;16;8;True
62927;4;12;8;True
62928;1;1;0;True
62929;8;12;4;True
62930;1;1;0;True
62931;6;16;10;True
62932;2;2;0;True
62933;7;12;5;True
62934;1;1;0;True
62935;4;12;8;True
62936;3;9;6;True
62937;4;16;12;True
62938;1;1;0;True
62939;5;12;7;True
62940;4;9;5;True
62941;3;4;1;True
62942;3;6;3;True
62943;3;9;6;True
62944;4;6;2;True
62945;2;4;2;True
62946;6;16;10;True
62947;5;12;7;True
62948;5;9;4;True
62949;2;4;2;True
62950;2;2;0;True
62951;6;9;3;True
62952;4;9;5;True
62953;2;4;2;True
62954;3;4;1;True
62955;4;9;5;True
62956;3;4;1;True
62957;1;1;0;True
62958;4;9;5;True
62959;7;16;9;True
62960;1;1;0;True
62961;0;0;0;True
62962;1;1;0;True
62963;5;9;4;True
62964;2;4;2;True
62965;8;16;8;True
62966;3;9;6;True
62967;4;9;5;True
62968;7;9;2;True
62969;1;1;0;True
62970;4;9;5;True
62971;5;9;4;True
62972;5;12;7;True
62973;8;16;8;True
62974;7;12;5;True
62975;3;9;6;True
62976;0;0;0;True
62977;5;6;1;True
62978;2;2;0;True
62979;5;12;7;True
62980;8;16;8;True
62981;7;16;9;True
62982;2;2;0;True
62983;4;6;2;True
62984;2;4;2;True
62985;5;9;4;True
62986;2;2;0;True
62987;2;4;2;True
62988;4;6;2;True
62989;7;12;5;True
62990;7;16;9;True
62991;5;9;4;True
62992;1;1;0;True
62993;5;8;3;True
62994;8;12;4;True
62995;3;4;1;True
62996;2;4;2;True
62997;5;9;4;True
62998;4;6;2;True
62999;4;9;5;True
63000;4;6;2;True
63001;0;0;0;True
63002;6;12;6;True
63003;4;8;4;True
63004;4;8;4;True
63005;3;6;3;True
63006;7;16;9;True
63007;4;9;5;True
63008;6;12;6;True
63009;6;12;6;True
63010;6;9;3;True
63011;8;16;8;True
63012;6;12;6;True
63013;2;2;0;True
63014;5;12;7;True
63015;4;12;8;True
63016;3;6;3;True
63017;5;9;4;True
63018;3;9;6;True
63019;2;4;2;True
63020;1;1;0;True
63021;5;12;7;True
63022;2;4;2;True
63023;3;4;1;True
63024;5;12;7;True
63025;4;4;0;True
63026;2;4;2;True
63027;1;1;0;True
63028;1;1;0;True
63029;4;4;0;True
63030;3;6;3;True
63031;2;4;2;True
63032;5;16;11;True
63033;6;12;6;True
63034;1;1;0;True
63035;4;9;5;True
63036;2;4;2;True
63037;4;12;8;True
63038;2;2;0;True
63039;9;16;7;True
63040;6;16;10;True
63041;3;6;3;True
63042;7;12;5;True
63043;5;12;7;True
63044;5;9;4;True
63045;3;4;1;True
63046;1;1;0;True
63047;4;9;5;True
63048;6;9;3;True
63049;0;0;0;True
63050;2;4;2;True
63051;2;4;2;True
63052;3;6;3;True
63053;1;1;0;True
63054;2;4;2;True
63055;2;4;2;True
63056;7;12;5;True
63057;1;1;0;True
63058;0;0;0;True
63059;2;2;0;True
63060;0;0;0;True
63061;5;9;4;True
63062;3;6;3;True
63063;0;0;0;True
63064;4;12;8;True
63065;2;2;0;True
63066;4;9;5;True
63067;3;4;1;True
63068;5;9;4;True
63069;7;12;5;True
63070;3;6;3;True
63071;6;12;6;True
63072;1;1;0;True
63073;0;0;0;True
63074;2;2;0;True
63075;2;4;2;True
63076;4;12;8;True
63077;5;9;4;True
63078;4;12;8;True
63079;5;9;4;True
63080;2;4;2;True
63081;2;2;0;True
63082;6;16;10;True
63083;2;2;0;True
63084;5;6;1;True
63085;4;9;5;True
63086;2;2;0;True
63087;3;4;1;True
63088;4;9;5;True
63089;5;9;4;True
63090;2;2;0;True
63091;2;4;2;True
63092;2;4;2;True
63093;6;9;3;True
63094;1;1;0;True
63095;3;9;6;True
63096;5;16;11;True
63097;1;1;0;True
63098;4;9;5;True
63099;9;16;7;True
63100;1;1;0;True
63101;5;9;4;True
63102;4;12;8;True
63103;5;12;7;True
63104;2;4;2;True
63105;5;9;4;True
63106;3;9;6;True
63107;7;12;5;True
63108;0;0;0;True
63109;3;4;1;True
63110;1;1;0;True
63111;7;16;9;True
63112;4;12;8;True
63113;1;1;0;True
63114;3;3;0;True
63115;3;6;3;True
63116;4;12;8;True
63117;5;9;4;True
63118;4;12;8;True
63119;4;9;5;True
63120;3;6;3;True
63121;3;6;3;True
63122;1;1;0;True
63123;3;3;0;True
63124;3;6;3;True
63125;1;1;0;True
63126;3;4;1;True
63127;4;12;8;True
63128;4;8;4;True
63129;5;12;7;True
63130;6;12;6;True
63131;9;16;7;True
63132;4;9;5;True
63133;1;1;0;True
63134;4;9;5;True
63135;3;9;6;True
63136;0;0;0;True
63137;4;9;5;True
63138;3;3;0;True
63139;1;1;0;True
63140;2;4;2;True
63141;6;9;3;True
63142;5;12;7;True
63143;3;6;3;True
63144;7;12;5;True
63145;5;12;7;True
63146;7;16;9;True
63147;5;12;7;True
63148;5;12;7;True
63149;3;6;3;True
63150;3;6;3;True
63151;5;12;7;True
63152;5;12;7;True
63153;1;1;0;True
63154;3;6;3;True
63155;0;0;0;True
63156;6;12;6;True
63157;0;0;0;True
63158;4;6;2;True
63159;4;8;4;True
63160;2;4;2;True
63161;4;9;5;True
63162;1;1;0;True
63163;5;12;7;True
63164;8;12;4;True
63165;6;16;10;True
63166;6;16;10;True
63167;5;6;1;True
63168;5;8;3;True
63169;6;16;10;True
63170;3;6;3;True
63171;4;6;2;True
63172;6;12;6;True
63173;0;0;0;True
63174;4;6;2;True
63175;5;9;4;True
63176;1;1;0;True
63177;4;9;5;True
63178;6;12;6;True
63179;1;1;0;True
63180;0;0;0;True
63181;2;4;2;True
63182;5;12;7;True
63183;4;6;2;True
63184;4;12;8;True
63185;2;2;0;True
63186;1;1;0;True
63187;4;9;5;True
63188;3;9;6;True
63189;8;16;8;True
63190;3;9;6;True
63191;0;0;0;True
63192;7;16;9;True
63193;0;0;0;True
63194;2;4;2;True
63195;4;6;2;True
63196;6;9;3;True
63197;5;12;7;True
63198;7;12;5;True
63199;3;3;0;True
63200;5;12;7;True
63201;0;0;0;True
63202;2;2;0;True
63203;7;12;5;True
63204;1;1;0;True
63205;4;12;8;True
63206;2;4;2;True
63207;7;12;5;True
63208;5;9;4;True
63209;2;2;0;True
63210;3;9;6;True
63211;3;6;3;True
63212;4;6;2;True
63213;6;12;6;True
63214;4;9;5;True
63215;1;1;0;True
63216;2;2;0;True
63217;3;4;1;True
63218;7;16;9;True
63219;0;0;0;True
63220;2;2;0;True
63221;6;9;3;True
63222;0;0;0;True
63223;6;16;10;True
63224;1;1;0;True
63225;6;9;3;True
63226;3;3;0;True
63227;2;2;0;True
63228;2;4;2;True
63229;2;2;0;True
63230;5;12;7;True
63231;0;0;0;True
63232;6;12;6;True
63233;5;9;4;True
63234;6;16;10;True
63235;6;12;6;True
63236;3;9;6;True
63237;0;0;0;True
63238;2;2;0;True
63239;6;8;2;True
63240;2;4;2;True
63241;5;12;7;True
63242;6;16;10;True
63243;2;2;0;True
63244;6;9;3;True
63245;3;4;1;True
63246;2;2;0;True
63247;2;2;0;True
63248;7;12;5;True
63249;7;16;9;True
63250;0;0;0;True
63251;5;12;7;True
63252;1;1;0;True
63253;5;12;7;True
63254;4;9;5;True
63255;2;4;2;True
63256;1;1;0;True
63257;5;12;7;True
63258;4;9;5;True
63259;7;12;5;True
63260;4;9;5;True
63261;10;16;6;True
63262;4;8;4;True
63263;4;9;5;True
63264;1;1;0;True
63265;4;6;2;True
63266;7;16;9;True
63267;1;1;0;True
63268;4;9;5;True
63269;5;8;3;True
63270;7;16;9;True
63271;6;9;3;True
63272;4;9;5;True
63273;4;6;2;True
63274;7;12;5;True
63275;8;12;4;True
63276;0;0;0;True
63277;2;2;0;True
63278;9;16;7;True
63279;1;1;0;True
63280;2;2;0;True
63281;1;1;0;True
63282;4;12;8;True
63283;7;12;5;True
63284;2;4;2;True
63285;0;0;0;True
63286;5;12;7;True
63287;7;12;5;True
63288;8;16;8;True
63289;1;1;0;True
63290;0;0;0;True
63291;2;2;0;True
63292;2;4;2;True
63293;5;12;7;True
63294;6;9;3;True
63295;5;9;4;True
63296;4;9;5;True
63297;6;12;6;True
63298;4;6;2;True
63299;8;12;4;True
63300;6;12;6;True
63301;5;12;7;True
63302;6;16;10;True
63303;2;2;0;True
63304;5;12;7;True
63305;7;9;2;True
63306;6;9;3;True
63307;6;12;6;True
63308;2;2;0;True
63309;3;6;3;True
63310;2;4;2;True
63311;2;4;2;True
63312;2;4;2;True
63313;5;12;7;True
63314;1;1;0;True
63315;3;6;3;True
63316;0;0;0;True
63317;4;9;5;True
63318;8;16;8;True
63319;2;4;2;True
63320;3;4;1;True
63321;5;12;7;True
63322;2;2;0;True
63323;2;2;0;True
63324;8;16;8;True
63325;3;4;1;True
63326;8;12;4;True
63327;1;1;0;True
63328;4;9;5;True
63329;3;4;1;True
63330;1;1;0;True
63331;8;16;8;True
63332;3;6;3;True
63333;4;9;5;True
63334;5;16;11;True
63335;3;6;3;True
63336;2;4;2;True
63337;2;2;0;True
63338;8;16;8;True
63339;4;6;2;True
63340;5;8;3;True
63341;3;6;3;True
63342;6;12;6;True
63343;2;2;0;True
63344;2;2;0;True
63345;5;9;4;True
63346;6;12;6;True
63347;9;16;7;True
63348;2;4;2;True
63349;1;1;0;True
63350;10;16;6;True
63351;2;4;2;True
63352;4;6;2;True
63353;6;16;10;True
63354;6;9;3;True
63355;5;9;4;True
63356;3;9;6;True
63357;4;9;5;True
63358;3;4;1;True
63359;4;9;5;True
63360;6;9;3;True
63361;4;9;5;True
63362;0;0;0;True
63363;5;9;4;True
63364;3;6;3;True
63365;8;12;4;True
63366;4;6;2;True
63367;1;1;0;True
63368;3;6;3;True
63369;1;1;0;True
63370;2;4;2;True
63371;6;9;3;True
63372;9;16;7;True
63373;1;1;0;True
63374;3;6;3;True
63375;6;12;6;True
63376;2;4;2;True
63377;1;1;0;True
63378;4;8;4;True
63379;6;12;6;True
63380;2;2;0;True
63381;2;2;0;True
63382;2;4;2;True
63383;1;1;0;True
63384;3;9;6;True
63385;7;16;9;True
63386;0;0;0;True
63387;2;4;2;True
63388;4;6;2;True
63389;9;16;7;True
63390;3;4;1;True
63391;0;0;0;True
63392;0;0;0;True
63393;4;9;5;True
63394;1;1;0;True
63395;2;4;2;True
63396;3;6;3;True
63397;3;6;3;True
63398;3;4;1;True
63399;0;0;0;True
63400;1;1;0;True
63401;2;4;2;True
63402;4;6;2;True
63403;7;16;9;True
63404;6;12;6;True
63405;2;4;2;True
63406;4;9;5;True
63407;1;1;0;True
63408;2;4;2;True
63409;2;2;0;True
63410;8;16;8;True
63411;1;1;0;True
63412;3;6;3;True
63413;9;16;7;True
63414;2;4;2;True
63415;4;9;5;True
63416;3;9;6;True
63417;5;16;11;True
63418;4;9;5;True
63419;0;0;0;True
63420;6;12;6;True
63421;2;4;2;True
63422;6;12;6;True
63423;4;12;8;True
63424;4;12;8;True
63425;9;12;3;True
63426;4;6;2;True
63427;2;2;0;True
63428;9;16;7;True
63429;0;0;0;True
63430;4;12;8;True
63431;8;12;4;True
63432;4;6;2;True
63433;1;1;0;True
63434;6;16;10;True
63435;1;1;0;True
63436;4;12;8;True
63437;9;16;7;True
63438;2;2;0;True
63439;6;16;10;True
63440;3;4;1;True
63441;8;12;4;True
63442;7;16;9;True
63443;2;4;2;True
63444;5;12;7;True
63445;4;9;5;True
63446;5;12;7;True
63447;2;4;2;True
63448;2;4;2;True
63449;5;16;11;True
63450;2;4;2;True
63451;4;9;5;True
63452;2;4;2;True
63453;4;6;2;True
63454;8;16;8;True
63455;4;8;4;True
63456;5;9;4;True
63457;5;12;7;True
63458;3;9;6;True
63459;0;0;0;True
63460;0;0;0;True
63461;7;12;5;True
63462;3;4;1;True
63463;6;9;3;True
63464;3;4;1;True
63465;4;9;5;True
63466;4;9;5;True
63467;6;12;6;True
63468;4;6;2;True
63469;1;1;0;True
63470;1;1;0;True
63471;5;12;7;True
63472;3;9;6;True
63473;6;9;3;True
63474;2;4;2;True
63475;5;12;7;True
63476;1;1;0;True
63477;5;12;7;True
63478;1;1;0;True
63479;9;16;7;True
63480;8;16;8;True
63481;6;12;6;True
63482;3;3;0;True
63483;3;4;1;True
63484;3;6;3;True
63485;2;2;0;True
63486;1;1;0;True
63487;2;2;0;True
63488;4;8;4;True
63489;4;12;8;True
63490;9;16;7;True
63491;6;12;6;True
63492;7;16;9;True
63493;1;1;0;True
63494;7;16;9;True
63495;3;9;6;True
63496;3;6;3;True
63497;4;9;5;True
63498;0;0;0;True
63499;4;9;5;True
63500;4;6;2;True
63501;4;4;0;True
63502;5;16;11;True
63503;4;9;5;True
63504;3;6;3;True
63505;5;9;4;True
63506;4;9;5;True
63507;2;4;2;True
63508;6;12;6;True
63509;3;3;0;True
63510;0;0;0;True
63511;0;0;0;True
63512;4;6;2;True
63513;3;6;3;True
63514;0;0;0;True
63515;3;6;3;True
63516;3;4;1;True
63517;0;0;0;True
63518;4;9;5;True
63519;5;12;7;True
63520;1;1;0;True
63521;5;12;7;True
63522;2;4;2;True
63523;1;1;0;True
63524;6;12;6;True
63525;3;4;1;True
63526;3;6;3;True
63527;10;12;2;True
63528;4;6;2;True
63529;4;6;2;True
63530;8;16;8;True
63531;2;4;2;True
63532;0;0;0;True
63533;9;16;7;True
63534;3;6;3;True
63535;6;12;6;True
63536;6;12;6;True
63537;7;16;9;True
63538;3;6;3;True
63539;3;6;3;True
63540;0;0;0;True
63541;1;1;0;True
63542;3;6;3;True
63543;1;1;0;True
63544;4;9;5;True
63545;7;12;5;True
63546;2;2;0;True
63547;3;9;6;True
63548;6;16;10;True
63549;0;0;0;True
63550;2;4;2;True
63551;4;6;2;True
63552;0;0;0;True
63553;2;2;0;True
63554;4;12;8;True
63555;2;4;2;True
63556;1;1;0;True
63557;3;6;3;True
63558;3;6;3;True
63559;5;12;7;True
63560;2;2;0;True
63561;6;16;10;True
63562;5;9;4;True
63563;4;6;2;True
63564;5;9;4;True
63565;2;4;2;True
63566;2;4;2;True
63567;2;4;2;True
63568;1;1;0;True
63569;4;9;5;True
63570;0;0;0;True
63571;1;1;0;True
63572;7;16;9;True
63573;8;16;8;True
63574;6;12;6;True
63575;1;1;0;True
63576;1;1;0;True
63577;3;6;3;True
63578;4;9;5;True
63579;7;12;5;True
63580;0;0;0;True
63581;2;4;2;True
63582;8;16;8;True
63583;7;12;5;True
63584;4;16;12;True
63585;1;1;0;True
63586;8;16;8;True
63587;8;16;8;True
63588;5;12;7;True
63589;7;16;9;True
63590;7;16;9;True
63591;7;12;5;True
63592;6;16;10;True
63593;2;4;2;True
63594;1;1;0;True
63595;9;16;7;True
63596;3;9;6;True
63597;4;8;4;True
63598;1;1;0;True
63599;8;16;8;True
63600;5;16;11;True
63601;1;1;0;True
63602;3;6;3;True
63603;6;12;6;True
63604;5;9;4;True
63605;7;16;9;True
63606;5;8;3;True
63607;2;4;2;True
63608;1;1;0;True
63609;1;1;0;True
63610;3;4;1;True
63611;4;6;2;True
63612;7;16;9;True
63613;5;12;7;True
63614;6;12;6;True
63615;6;8;2;True
63616;2;4;2;True
63617;2;4;2;True
63618;3;6;3;True
63619;2;2;0;True
63620;7;9;2;True
63621;3;9;6;True
63622;6;9;3;True
63623;6;9;3;True
63624;2;4;2;True
63625;6;8;2;True
63626;1;1;0;True
63627;4;6;2;True
63628;5;12;7;True
63629;9;16;7;True
63630;6;16;10;True
63631;5;9;4;True
63632;2;2;0;True
63633;4;12;8;True
63634;4;6;2;True
63635;4;9;5;True
63636;4;9;5;True
63637;1;1;0;True
63638;7;16;9;True
63639;6;12;6;True
63640;0;0;0;True
63641;4;8;4;True
63642;1;1;0;True
63643;5;12;7;True
63644;2;4;2;True
63645;0;0;0;True
63646;2;2;0;True
63647;1;1;0;True
63648;3;4;1;True
63649;4;6;2;True
63650;2;4;2;True
63651;5;12;7;True
63652;3;4;1;True
63653;4;4;0;True
63654;2;2;0;True
63655;3;6;3;True
63656;4;12;8;True
63657;3;4;1;True
63658;6;12;6;True
63659;3;6;3;True
63660;2;4;2;True
63661;1;1;0;True
63662;3;6;3;True
63663;5;9;4;True
63664;3;4;1;True
63665;0;0;0;True
63666;1;1;0;True
63667;6;9;3;True
63668;0;0;0;True
63669;1;1;0;True
63670;3;4;1;True
63671;0;0;0;True
63672;1;1;0;True
63673;9;16;7;True
63674;5;12;7;True
63675;8;16;8;True
63676;4;9;5;True
63677;8;16;8;True
63678;2;2;0;True
63679;2;4;2;True
63680;2;4;2;True
63681;1;1;0;True
63682;0;0;0;True
63683;2;2;0;True
63684;5;12;7;True
63685;3;4;1;True
63686;2;4;2;True
63687;9;16;7;True
63688;6;16;10;True
63689;4;12;8;True
63690;7;12;5;True
63691;4;12;8;True
63692;6;12;6;True
63693;5;12;7;True
63694;7;16;9;True
63695;3;6;3;True
63696;4;9;5;True
63697;2;4;2;True
63698;3;6;3;True
63699;8;12;4;True
63700;5;16;11;True
63701;3;6;3;True
63702;6;16;10;True
63703;3;9;6;True
63704;5;12;7;True
63705;4;9;5;True
63706;5;9;4;True
63707;2;2;0;True
63708;3;4;1;True
63709;2;4;2;True
63710;6;12;6;True
63711;4;6;2;True
63712;8;16;8;True
63713;4;6;2;True
63714;2;2;0;True
63715;1;1;0;True
63716;3;6;3;True
63717;5;8;3;True
63718;2;2;0;True
63719;1;1;0;True
63720;2;4;2;True
63721;6;9;3;True
63722;4;9;5;True
63723;8;12;4;True
63724;0;0;0;True
63725;5;12;7;True
63726;0;0;0;True
63727;2;4;2;True
63728;6;16;10;True
63729;4;6;2;True
63730;3;9;6;True
63731;2;4;2;True
63732;5;12;7;True
63733;3;4;1;True
63734;2;2;0;True
63735;3;6;3;True
63736;0;0;0;True
63737;0;0;0;True
63738;6;16;10;True
63739;1;1;0;True
63740;2;2;0;True
63741;2;2;0;True
63742;5;12;7;True
63743;4;8;4;True
63744;2;4;2;True
63745;5;9;4;True
63746;2;2;0;True
63747;5;16;11;True
63748;1;1;0;True
63749;2;2;0;True
63750;1;1;0;True
63751;4;12;8;True
63752;6;9;3;True
63753;3;4;1;True
63754;6;12;6;True
63755;9;16;7;True
63756;5;9;4;True
63757;2;4;2;True
63758;5;9;4;True
63759;9;16;7;True
63760;2;4;2;True
63761;2;2;0;True
63762;4;8;4;True
63763;3;4;1;True
63764;3;6;3;True
63765;2;2;0;True
63766;4;9;5;True
63767;2;4;2;True
63768;5;9;4;True
63769;2;2;0;True
63770;5;12;7;True
63771;2;2;0;True
63772;10;16;6;True
63773;6;16;10;True
63774;2;2;0;True
63775;3;6;3;True
63776;3;4;1;True
63777;0;0;0;True
63778;2;4;2;True
63779;4;6;2;True
63780;3;4;1;True
63781;3;6;3;True
63782;6;12;6;True
63783;4;9;5;True
63784;7;16;9;True
63785;1;1;0;True
63786;5;9;4;True
63787;3;3;0;True
63788;0;0;0;True
63789;5;12;7;True
63790;2;4;2;True
63791;4;8;4;True
63792;7;16;9;True
63793;5;12;7;True
63794;4;6;2;True
63795;5;12;7;True
63796;3;6;3;True
63797;2;2;0;True
63798;4;9;5;True
63799;2;2;0;True
63800;1;1;0;True
63801;2;2;0;True
63802;2;2;0;True
63803;6;12;6;True
63804;3;6;3;True
63805;4;6;2;True
63806;2;4;2;True
63807;4;6;2;True
63808;4;12;8;True
63809;2;2;0;True
63810;6;16;10;True
63811;9;16;7;True
63812;3;4;1;True
63813;4;12;8;True
63814;1;1;0;True
63815;2;4;2;True
63816;4;9;5;True
63817;5;9;4;True
63818;5;12;7;True
63819;4;9;5;True
63820;4;12;8;True
63821;6;16;10;True
63822;4;12;8;True
63823;3;4;1;True
63824;4;9;5;True
63825;3;6;3;True
63826;4;12;8;True
63827;4;9;5;True
63828;1;1;0;True
63829;6;16;10;True
63830;3;4;1;True
63831;8;16;8;True
63832;5;12;7;True
63833;5;9;4;True
63834;5;12;7;True
63835;2;4;2;True
63836;1;1;0;True
63837;6;12;6;True
63838;6;16;10;True
63839;1;1;0;True
63840;0;0;0;True
63841;6;16;10;True
63842;0;0;0;True
63843;7;16;9;True
63844;1;1;0;True
63845;6;12;6;True
63846;3;6;3;True
63847;2;4;2;True
63848;2;4;2;True
63849;1;1;0;True
63850;2;4;2;True
63851;6;12;6;True
63852;6;12;6;True
63853;6;12;6;True
63854;4;9;5;True
63855;1;1;0;True
63856;3;4;1;True
63857;2;4;2;True
63858;2;4;2;True
63859;4;9;5;True
63860;7;12;5;True
63861;10;16;6;True
63862;6;12;6;True
63863;4;6;2;True
63864;5;12;7;True
63865;1;1;0;True
63866;4;9;5;True
63867;6;9;3;True
63868;3;4;1;True
63869;5;8;3;True
63870;2;2;0;True
63871;2;4;2;True
63872;0;0;0;True
63873;4;12;8;True
63874;4;6;2;True
63875;0;0;0;True
63876;0;0;0;True
63877;8;16;8;True
63878;2;2;0;True
63879;1;1;0;True
63880;3;6;3;True
63881;2;2;0;True
63882;2;4;2;True
63883;5;9;4;True
63884;2;4;2;True
63885;6;16;10;True
63886;4;12;8;True
63887;2;4;2;True
63888;11;16;5;True
63889;8;12;4;True
63890;6;12;6;True
63891;3;4;1;True
63892;3;6;3;True
63893;6;9;3;True
63894;5;9;4;True
63895;4;8;4;True
63896;1;1;0;True
63897;2;2;0;True
63898;1;1;0;True
63899;5;6;1;True
63900;5;12;7;True
63901;2;4;2;True
63902;5;9;4;True
63903;9;16;7;True
63904;3;9;6;True
63905;3;6;3;True
63906;6;16;10;True
63907;5;12;7;True
63908;1;1;0;True
63909;5;12;7;True
63910;5;8;3;True
63911;0;0;0;True
63912;2;2;0;True
63913;6;16;10;True
63914;0;0;0;True
63915;4;6;2;True
63916;7;12;5;True
63917;5;12;7;True
63918;3;9;6;True
63919;3;6;3;True
63920;4;9;5;True
63921;6;12;6;True
63922;3;4;1;True
63923;1;1;0;True
63924;4;9;5;True
63925;3;4;1;True
63926;6;9;3;True
63927;5;9;4;True
63928;2;2;0;True
63929;7;16;9;True
63930;9;16;7;True
63931;5;12;7;True
63932;2;4;2;True
63933;2;2;0;True
63934;6;12;6;True
63935;4;6;2;True
63936;3;6;3;True
63937;7;16;9;True
63938;1;1;0;True
63939;2;4;2;True
63940;1;1;0;True
63941;5;9;4;True
63942;4;6;2;True
63943;4;12;8;True
63944;3;6;3;True
63945;2;4;2;True
63946;1;1;0;True
63947;2;4;2;True
63948;5;8;3;True
63949;5;8;3;True
63950;4;9;5;True
63951;1;1;0;True
63952;1;1;0;True
63953;6;12;6;True
63954;6;12;6;True
63955;3;6;3;True
63956;1;1;0;True
63957;2;4;2;True
63958;4;9;5;True
63959;3;6;3;True
63960;2;4;2;True
63961;8;16;8;True
63962;1;1;0;True
63963;5;9;4;True
63964;3;6;3;True
63965;2;4;2;True
63966;6;12;6;True
63967;2;4;2;True
63968;4;6;2;True
63969;5;12;7;True
63970;1;1;0;True
63971;5;9;4;True
63972;5;8;3;True
63973;8;16;8;True
63974;3;6;3;True
63975;4;9;5;True
63976;7;16;9;True
63977;5;6;1;True
63978;2;4;2;True
63979;4;9;5;True
63980;1;1;0;True
63981;2;4;2;True
63982;3;6;3;True
63983;3;6;3;True
63984;1;1;0;True
63985;2;2;0;True
63986;5;12;7;True
63987;5;12;7;True
63988;0;0;0;True
63989;0;0;0;True
63990;7;16;9;True
63991;1;1;0;True
63992;2;4;2;True
63993;1;1;0;True
63994;0;0;0;True
63995;3;6;3;True
63996;3;6;3;True
63997;0;0;0;True
63998;2;2;0;True
63999;2;2;0;True
64000;7;12;5;True
64001;4;12;8;True
64002;6;16;10;True
64003;9;16;7;True
64004;0;0;0;True
64005;8;16;8;True
64006;0;0;0;True
64007;7;16;9;True
64008;10;16;6;True
64009;7;16;9;True
64010;1;1;0;True
64011;1;1;0;True
64012;3;9;6;True
64013;2;2;0;True
64014;6;12;6;True
64015;4;9;5;True
64016;7;12;5;True
64017;5;9;4;True
64018;2;2;0;True
64019;2;4;2;True
64020;1;1;0;True
64021;3;6;3;True
64022;2;2;0;True
64023;3;6;3;True
64024;2;4;2;True
64025;6;12;6;True
64026;2;4;2;True
64027;3;6;3;True
64028;7;16;9;True
64029;1;1;0;True
64030;3;9;6;True
64031;5;9;4;True
64032;5;9;4;True
64033;1;1;0;True
64034;3;9;6;True
64035;3;4;1;True
64036;0;0;0;True
64037;4;6;2;True
64038;2;2;0;True
64039;9;16;7;True
64040;8;16;8;True
64041;2;4;2;True
64042;1;1;0;True
64043;4;9;5;True
64044;1;1;0;True
64045;2;2;0;True
64046;0;0;0;True
64047;4;12;8;True
64048;4;12;8;True
64049;1;1;0;True
64050;4;12;8;True
64051;5;12;7;True
64052;2;4;2;True
64053;3;6;3;True
64054;7;16;9;True
64055;5;12;7;True
64056;4;12;8;True
64057;1;1;0;True
64058;4;6;2;True
64059;0;0;0;True
64060;2;4;2;True
64061;7;12;5;True
64062;5;12;7;True
64063;7;12;5;True
64064;2;2;0;True
64065;0;0;0;True
64066;6;16;10;True
64067;3;6;3;True
64068;2;4;2;True
64069;3;4;1;True
64070;1;1;0;True
64071;3;9;6;True
64072;2;4;2;True
64073;6;9;3;True
64074;5;12;7;True
64075;1;1;0;True
64076;4;12;8;True
64077;3;9;6;True
64078;3;6;3;True
64079;1;1;0;True
64080;0;0;0;True
64081;8;16;8;True
64082;6;8;2;True
64083;3;6;3;True
64084;3;4;1;True
64085;6;12;6;True
64086;5;9;4;True
64087;1;1;0;True
64088;2;4;2;True
64089;9;16;7;True
64090;3;4;1;True
64091;3;4;1;True
64092;3;6;3;True
64093;6;8;2;True
64094;2;4;2;True
64095;5;9;4;True
64096;5;12;7;True
64097;4;4;0;True
64098;5;12;7;True
64099;9;12;3;True
64100;2;4;2;True
64101;6;8;2;True
64102;4;9;5;True
64103;9;16;7;True
64104;4;8;4;True
64105;5;8;3;True
64106;6;16;10;True
64107;6;16;10;True
64108;0;0;0;True
64109;1;1;0;True
64110;1;1;0;True
64111;6;12;6;True
64112;4;12;8;True
64113;2;2;0;True
64114;1;1;0;True
64115;3;6;3;True
64116;4;9;5;True
64117;4;6;2;True
64118;1;1;0;True
64119;3;6;3;True
64120;2;2;0;True
64121;3;6;3;True
64122;1;1;0;True
64123;4;8;4;True
64124;8;16;8;True
64125;6;9;3;True
64126;1;1;0;True
64127;2;2;0;True
64128;4;9;5;True
64129;6;8;2;True
64130;7;16;9;True
64131;2;4;2;True
64132;0;0;0;True
64133;3;6;3;True
64134;4;6;2;True
64135;3;9;6;True
64136;4;9;5;True
64137;5;9;4;True
64138;9;16;7;True
64139;1;1;0;True
64140;1;1;0;True
64141;1;1;0;True
64142;1;1;0;True
64143;2;2;0;True
64144;0;0;0;True
64145;3;6;3;True
64146;3;6;3;True
64147;0;0;0;True
64148;4;9;5;True
64149;3;6;3;True
64150;3;9;6;True
64151;3;6;3;True
64152;6;6;0;True
64153;2;2;0;True
64154;3;6;3;True
64155;4;6;2;True
64156;8;16;8;True
64157;1;1;0;True
64158;6;16;10;True
64159;1;1;0;True
64160;3;4;1;True
64161;4;6;2;True
64162;5;9;4;True
64163;3;4;1;True
64164;3;9;6;True
64165;1;1;0;True
64166;6;12;6;True
64167;4;9;5;True
64168;5;12;7;True
64169;6;12;6;True
64170;7;16;9;True
64171;3;6;3;True
64172;0;0;0;True
64173;5;16;11;True
64174;6;12;6;True
64175;0;0;0;True
64176;7;12;5;True
64177;3;4;1;True
64178;5;9;4;True
64179;3;9;6;True
64180;9;16;7;True
64181;0;0;0;True
64182;1;1;0;True
64183;3;4;1;True
64184;0;0;0;True
64185;4;9;5;True
64186;2;4;2;True
64187;5;9;4;True
64188;6;8;2;True
64189;7;16;9;True
64190;2;2;0;True
64191;4;6;2;True
64192;6;8;2;True
64193;2;2;0;True
64194;3;6;3;True
64195;6;16;10;True
64196;4;6;2;True
64197;2;2;0;True
64198;3;9;6;True
64199;1;1;0;True
64200;3;9;6;True
64201;2;4;2;True
64202;2;2;0;True
64203;6;9;3;True
64204;2;2;0;True
64205;3;4;1;True
64206;2;2;0;True
64207;6;12;6;True
64208;3;3;0;True
64209;3;4;1;True
64210;4;9;5;True
64211;0;0;0;True
64212;0;0;0;True
64213;3;6;3;True
64214;2;4;2;True
64215;6;12;6;True
64216;5;9;4;True
64217;2;4;2;True
64218;6;12;6;True
64219;5;9;4;True
64220;5;9;4;True
64221;7;16;9;True
64222;2;4;2;True
64223;6;16;10;True
64224;3;4;1;True
64225;2;2;0;True
64226;5;6;1;True
64227;5;8;3;True
64228;3;6;3;True
64229;0;0;0;True
64230;3;6;3;True
64231;1;1;0;True
64232;1;1;0;True
64233;4;12;8;True
64234;3;6;3;True
64235;3;6;3;True
64236;4;6;2;True
64237;4;9;5;True
64238;3;6;3;True
64239;4;12;8;True
64240;3;6;3;True
64241;3;6;3;True
64242;5;12;7;True
64243;4;6;2;True
64244;2;2;0;True
64245;6;16;10;True
64246;2;4;2;True
64247;4;6;2;True
64248;3;6;3;True
64249;5;12;7;True
64250;5;12;7;True
64251;1;1;0;True
64252;8;16;8;True
64253;1;1;0;True
64254;3;3;0;True
64255;6;12;6;True
64256;3;9;6;True
64257;3;9;6;True
64258;3;9;6;True
64259;6;9;3;True
64260;6;16;10;True
64261;6;16;10;True
64262;4;9;5;True
64263;6;16;10;True
64264;3;6;3;True
64265;6;16;10;True
64266;2;2;0;True
64267;0;0;0;True
64268;5;12;7;True
64269;4;9;5;True
64270;6;12;6;True
64271;2;4;2;True
64272;4;6;2;True
64273;6;12;6;True
64274;2;2;0;True
64275;1;1;0;True
64276;3;9;6;True
64277;7;12;5;True
64278;3;6;3;True
64279;2;4;2;True
64280;6;12;6;True
64281;5;8;3;True
64282;9;16;7;True
64283;4;9;5;True
64284;3;6;3;True
64285;3;6;3;True
64286;1;1;0;True
64287;3;9;6;True
64288;1;1;0;True
64289;2;4;2;True
64290;3;4;1;True
64291;5;6;1;True
64292;1;1;0;True
64293;3;6;3;True
64294;3;6;3;True
64295;4;6;2;True
64296;5;9;4;True
64297;9;16;7;True
64298;9;16;7;True
64299;3;9;6;True
64300;4;9;5;True
64301;4;16;12;True
64302;3;6;3;True
64303;5;8;3;True
64304;7;16;9;True
64305;8;16;8;True
64306;3;9;6;True
64307;5;9;4;True
64308;5;12;7;True
64309;2;2;0;True
64310;5;9;4;True
64311;9;16;7;True
64312;6;12;6;True
64313;7;12;5;True
64314;1;1;0;True
64315;3;4;1;True
64316;3;4;1;True
64317;4;9;5;True
64318;6;9;3;True
64319;2;2;0;True
64320;5;12;7;True
64321;6;16;10;True
64322;5;12;7;True
64323;5;12;7;True
64324;5;12;7;True
64325;2;2;0;True
64326;0;0;0;True
64327;5;16;11;True
64328;1;1;0;True
64329;0;0;0;True
64330;5;12;7;True
64331;0;0;0;True
64332;4;6;2;True
64333;0;0;0;True
64334;6;9;3;True
64335;4;9;5;True
64336;7;12;5;True
64337;4;4;0;True
64338;2;2;0;True
64339;1;1;0;True
64340;0;0;0;True
64341;0;0;0;True
64342;5;16;11;True
64343;3;4;1;True
64344;3;4;1;True
64345;3;6;3;True
64346;1;1;0;True
64347;7;12;5;True
64348;4;6;2;True
64349;4;12;8;True
64350;0;0;0;True
64351;3;6;3;True
64352;3;9;6;True
64353;1;1;0;True
64354;10;16;6;True
64355;5;9;4;True
64356;2;2;0;True
64357;7;12;5;True
64358;7;12;5;True
64359;7;16;9;True
64360;7;16;9;True
64361;3;9;6;True
64362;9;16;7;True
64363;5;12;7;True
64364;5;6;1;True
64365;5;9;4;True
64366;0;0;0;True
64367;6;12;6;True
64368;2;2;0;True
64369;0;0;0;True
64370;2;4;2;True
64371;8;16;8;True
64372;4;9;5;True
64373;6;12;6;True
64374;5;8;3;True
64375;2;2;0;True
64376;5;12;7;True
64377;2;4;2;True
64378;5;12;7;True
64379;3;6;3;True
64380;3;6;3;True
64381;8;16;8;True
64382;5;16;11;True
64383;5;12;7;True
64384;0;0;0;True
64385;6;12;6;True
64386;2;2;0;True
64387;5;8;3;True
64388;8;16;8;True
64389;5;9;4;True
64390;6;16;10;True
64391;6;16;10;True
64392;3;4;1;True
64393;5;8;3;True
64394;6;12;6;True
64395;3;4;1;True
64396;3;4;1;True
64397;7;16;9;True
64398;0;0;0;True
64399;3;6;3;True
64400;5;9;4;True
64401;2;4;2;True
64402;8;12;4;True
64403;4;6;2;True
64404;3;4;1;True
64405;6;12;6;True
64406;0;0;0;True
64407;2;4;2;True
64408;5;12;7;True
64409;3;6;3;True
64410;7;16;9;True
64411;5;8;3;True
64412;6;12;6;True
64413;3;6;3;True
64414;6;12;6;True
64415;4;6;2;True
64416;5;12;7;True
64417;3;4;1;True
64418;4;8;4;True
64419;3;6;3;True
64420;2;2;0;True
64421;6;12;6;True
64422;0;0;0;True
64423;2;4;2;True
64424;0;0;0;True
64425;4;12;8;True
64426;4;9;5;True
64427;10;16;6;True
64428;4;6;2;True
64429;1;1;0;True
64430;8;12;4;True
64431;2;2;0;True
64432;5;12;7;True
64433;5;12;7;True
64434;1;1;0;True
64435;3;6;3;True
64436;3;6;3;True
64437;8;12;4;True
64438;5;8;3;True
64439;3;9;6;True
64440;3;4;1;True
64441;1;1;0;True
64442;2;2;0;True
64443;4;6;2;True
64444;3;6;3;True
64445;6;12;6;True
64446;2;2;0;True
64447;1;1;0;True
64448;6;16;10;True
64449;1;1;0;True
64450;0;0;0;True
64451;5;9;4;True
64452;2;2;0;True
64453;4;6;2;True
64454;4;8;4;True
64455;1;1;0;True
64456;2;4;2;True
64457;3;4;1;True
64458;12;16;4;True
64459;1;1;0;True
64460;3;9;6;True
64461;5;9;4;True
64462;5;9;4;True
64463;2;2;0;True
64464;5;12;7;True
64465;2;4;2;True
64466;3;9;6;True
64467;6;16;10;True
64468;3;4;1;True
64469;2;4;2;True
64470;3;4;1;True
64471;3;6;3;True
64472;5;9;4;True
64473;2;2;0;True
64474;5;8;3;True
64475;6;9;3;True
64476;4;12;8;True
64477;5;12;7;True
64478;2;4;2;True
64479;5;12;7;True
64480;5;12;7;True
64481;1;1;0;True
64482;0;0;0;True
64483;0;0;0;True
64484;10;16;6;True
64485;3;4;1;True
64486;5;12;7;True
64487;1;1;0;True
64488;4;9;5;True
64489;3;9;6;True
64490;6;16;10;True
64491;1;1;0;True
64492;4;12;8;True
64493;3;4;1;True
64494;1;1;0;True
64495;9;16;7;True
64496;5;16;11;True
64497;4;9;5;True
64498;4;8;4;True
64499;4;6;2;True
64500;1;1;0;True
64501;5;9;4;True
64502;2;2;0;True
64503;4;9;5;True
64504;5;9;4;True
64505;5;9;4;True
64506;1;1;0;True
64507;6;12;6;True
64508;0;0;0;True
64509;5;12;7;True
64510;5;6;1;True
64511;1;1;0;True
64512;6;16;10;True
64513;4;6;2;True
64514;6;12;6;True
64515;7;12;5;True
64516;1;1;0;True
64517;0;0;0;True
64518;1;1;0;True
64519;2;4;2;True
64520;10;16;6;True
64521;2;4;2;True
64522;10;16;6;True
64523;7;12;5;True
64524;3;6;3;True
64525;8;16;8;True
64526;2;2;0;True
64527;7;12;5;True
64528;2;2;0;True
64529;1;1;0;True
64530;3;4;1;True
64531;6;9;3;True
64532;0;0;0;True
64533;1;1;0;True
64534;3;6;3;True
64535;4;12;8;True
64536;6;16;10;True
64537;3;4;1;True
64538;4;9;5;True
64539;7;16;9;True
64540;7;12;5;True
64541;8;12;4;True
64542;4;9;5;True
64543;3;6;3;True
64544;4;12;8;True
64545;4;6;2;True
64546;5;12;7;True
64547;4;12;8;True
64548;0;0;0;True
64549;1;1;0;True
64550;2;4;2;True
64551;3;6;3;True
64552;5;9;4;True
64553;4;12;8;True
64554;6;12;6;True
64555;3;4;1;True
64556;9;16;7;True
64557;1;1;0;True
64558;5;16;11;True
64559;2;4;2;True
64560;9;12;3;True
64561;5;16;11;True
64562;3;4;1;True
64563;6;16;10;True
64564;6;12;6;True
64565;8;12;4;True
64566;7;16;9;True
64567;6;9;3;True
64568;3;4;1;True
64569;8;16;8;True
64570;6;12;6;True
64571;3;4;1;True
64572;4;9;5;True
64573;4;9;5;True
64574;3;6;3;True
64575;4;9;5;True
64576;1;1;0;True
64577;3;6;3;True
64578;1;1;0;True
64579;4;6;2;True
64580;4;9;5;True
64581;4;12;8;True
64582;1;1;0;True
64583;7;16;9;True
64584;3;6;3;True
64585;2;4;2;True
64586;5;16;11;True
64587;3;4;1;True
64588;3;4;1;True
64589;4;6;2;True
64590;2;4;2;True
64591;4;9;5;True
64592;7;16;9;True
64593;2;4;2;True
64594;0;0;0;True
64595;4;12;8;True
64596;2;2;0;True
64597;5;9;4;True
64598;3;6;3;True
64599;3;6;3;True
64600;6;12;6;True
64601;3;6;3;True
64602;5;16;11;True
64603;4;9;5;True
64604;3;6;3;True
64605;3;3;0;True
64606;0;0;0;True
64607;5;16;11;True
64608;0;0;0;True
64609;2;4;2;True
64610;3;6;3;True
64611;1;1;0;True
64612;3;6;3;True
64613;5;12;7;True
64614;2;2;0;True
64615;6;12;6;True
64616;5;12;7;True
64617;7;16;9;True
64618;6;16;10;True
64619;4;6;2;True
64620;5;8;3;True
64621;4;12;8;True
64622;5;12;7;True
64623;5;16;11;True
64624;5;8;3;True
64625;2;2;0;True
64626;5;9;4;True
64627;6;12;6;True
64628;6;16;10;True
64629;7;16;9;True
64630;4;9;5;True
64631;2;2;0;True
64632;3;6;3;True
64633;3;4;1;True
64634;4;6;2;True
64635;6;12;6;True
64636;5;12;7;True
64637;3;6;3;True
64638;1;1;0;True
64639;5;12;7;True
64640;9;12;3;True
64641;2;2;0;True
64642;3;4;1;True
64643;5;12;7;True
64644;3;9;6;True
64645;2;4;2;True
64646;2;2;0;True
64647;4;6;2;True
64648;4;6;2;True
64649;7;12;5;True
64650;3;4;1;True
64651;3;9;6;True
64652;3;9;6;True
64653;4;9;5;True
64654;6;16;10;True
64655;0;0;0;True
64656;0;0;0;True
64657;5;12;7;True
64658;6;12;6;True
64659;4;9;5;True
64660;11;16;5;True
64661;2;4;2;True
64662;3;6;3;True
64663;6;12;6;True
64664;0;0;0;True
64665;6;12;6;True
64666;5;8;3;True
64667;6;12;6;True
64668;5;9;4;True
64669;8;16;8;True
64670;1;1;0;True
64671;1;1;0;True
64672;1;1;0;True
64673;3;3;0;True
64674;1;1;0;True
64675;6;9;3;True
64676;3;6;3;True
64677;4;6;2;True
64678;1;1;0;True
64679;6;16;10;True
64680;7;16;9;True
64681;0;0;0;True
64682;2;4;2;True
64683;2;4;2;True
64684;4;9;5;True
64685;4;6;2;True
64686;1;1;0;True
64687;3;4;1;True
64688;7;12;5;True
64689;6;16;10;True
64690;2;4;2;True
64691;5;9;4;True
64692;4;9;5;True
64693;4;9;5;True
64694;2;4;2;True
64695;5;12;7;True
64696;2;2;0;True
64697;4;9;5;True
64698;2;2;0;True
64699;2;4;2;True
64700;4;12;8;True
64701;1;1;0;True
64702;7;12;5;True
64703;6;12;6;True
64704;0;0;0;True
64705;2;4;2;True
64706;5;9;4;True
64707;1;1;0;True
64708;2;2;0;True
64709;6;12;6;True
64710;4;6;2;True
64711;6;12;6;True
64712;7;12;5;True
64713;3;6;3;True
64714;1;1;0;True
64715;7;16;9;True
64716;5;8;3;True
64717;6;9;3;True
64718;4;8;4;True
64719;5;16;11;True
64720;3;6;3;True
64721;6;16;10;True
64722;6;16;10;True
64723;2;4;2;True
64724;5;9;4;True
64725;4;9;5;True
64726;1;1;0;True
64727;3;4;1;True
64728;2;2;0;True
64729;1;1;0;True
64730;3;6;3;True
64731;3;4;1;True
64732;4;8;4;True
64733;5;6;1;True
64734;6;12;6;True
64735;6;12;6;True
64736;2;2;0;True
64737;7;16;9;True
64738;2;4;2;True
64739;4;12;8;True
64740;4;9;5;True
64741;4;6;2;True
64742;5;8;3;True
64743;5;16;11;True
64744;6;12;6;True
64745;4;8;4;True
64746;1;1;0;True
64747;4;8;4;True
64748;6;16;10;True
64749;5;12;7;True
64750;0;0;0;True
64751;0;0;0;True
64752;0;0;0;True
64753;7;16;9;True
64754;5;16;11;True
64755;9;16;7;True
64756;6;12;6;True
64757;3;4;1;True
64758;2;2;0;True
64759;6;16;10;True
64760;1;1;0;True
64761;1;1;0;True
64762;6;16;10;True
64763;5;9;4;True
64764;1;1;0;True
64765;3;6;3;True
64766;9;16;7;True
64767;4;9;5;True
64768;3;9;6;True
64769;5;9;4;True
64770;2;4;2;True
64771;2;4;2;True
64772;5;9;4;True
64773;2;2;0;True
64774;8;16;8;True
64775;2;2;0;True
64776;3;6;3;True
64777;6;12;6;True
64778;2;4;2;True
64779;2;4;2;True
64780;3;6;3;True
64781;7;16;9;True
64782;1;1;0;True
64783;6;12;6;True
64784;1;1;0;True
64785;2;2;0;True
64786;2;2;0;True
64787;4;12;8;True
64788;6;12;6;True
64789;3;6;3;True
64790;2;2;0;True
64791;5;12;7;True
64792;3;6;3;True
64793;2;4;2;True
64794;3;6;3;True
64795;3;6;3;True
64796;1;1;0;True
64797;3;6;3;True
64798;3;4;1;True
64799;8;16;8;True
64800;5;12;7;True
64801;2;4;2;True
64802;2;4;2;True
64803;4;6;2;True
64804;3;4;1;True
64805;3;6;3;True
64806;6;12;6;True
64807;2;4;2;True
64808;5;16;11;True
64809;7;16;9;True
64810;4;9;5;True
64811;1;1;0;True
64812;2;4;2;True
64813;2;4;2;True
64814;5;12;7;True
64815;4;6;2;True
64816;5;9;4;True
64817;3;9;6;True
64818;1;1;0;True
64819;4;6;2;True
64820;3;4;1;True
64821;4;6;2;True
64822;4;6;2;True
64823;2;2;0;True
64824;3;9;6;True
64825;5;12;7;True
64826;2;4;2;True
64827;5;8;3;True
64828;0;0;0;True
64829;9;16;7;True
64830;4;6;2;True
64831;5;12;7;True
64832;1;1;0;True
64833;1;1;0;True
64834;5;12;7;True
64835;6;12;6;True
64836;4;8;4;True
64837;2;4;2;True
64838;2;4;2;True
64839;4;8;4;True
64840;4;12;8;True
64841;8;16;8;True
64842;6;12;6;True
64843;5;6;1;True
64844;1;1;0;True
64845;2;4;2;True
64846;2;2;0;True
64847;4;12;8;True
64848;6;9;3;True
64849;8;16;8;True
64850;1;1;0;True
64851;0;0;0;True
64852;4;9;5;True
64853;1;1;0;True
64854;5;16;11;True
64855;3;6;3;True
64856;2;4;2;True
64857;1;1;0;True
64858;9;12;3;True
64859;3;9;6;True
64860;5;9;4;True
64861;5;12;7;True
64862;2;4;2;True
64863;3;4;1;True
64864;1;1;0;True
64865;5;8;3;True
64866;4;12;8;True
64867;3;6;3;True
64868;5;9;4;True
64869;4;8;4;True
64870;5;9;4;True
64871;6;16;10;True
64872;5;9;4;True
64873;6;12;6;True
64874;5;12;7;True
64875;3;6;3;True
64876;5;9;4;True
64877;3;6;3;True
64878;3;4;1;True
64879;5;8;3;True
64880;2;2;0;True
64881;4;12;8;True
64882;3;6;3;True
64883;4;9;5;True
64884;4;12;8;True
64885;10;16;6;True
64886;2;2;0;True
64887;3;6;3;True
64888;3;6;3;True
64889;2;4;2;True
64890;3;6;3;True
64891;3;6;3;True
64892;5;9;4;True
64893;6;16;10;True
64894;2;2;0;True
64895;4;6;2;True
64896;4;6;2;True
64897;4;9;5;True
64898;3;6;3;True
64899;4;6;2;True
64900;4;9;5;True
64901;4;9;5;True
64902;1;1;0;True
64903;4;8;4;True
64904;2;4;2;True
64905;2;2;0;True
64906;6;12;6;True
64907;6;12;6;True
64908;6;12;6;True
64909;5;9;4;True
64910;4;9;5;True
64911;3;3;0;True
64912;4;9;5;True
64913;5;16;11;True
64914;5;12;7;True
64915;3;3;0;True
64916;2;4;2;True
64917;5;12;7;True
64918;1;1;0;True
64919;6;16;10;True
64920;5;12;7;True
64921;0;0;0;True
64922;3;4;1;True
64923;6;12;6;True
64924;6;9;3;True
64925;6;16;10;True
64926;2;2;0;True
64927;9;16;7;True
64928;4;6;2;True
64929;0;0;0;True
64930;3;6;3;True
64931;6;9;3;True
64932;7;12;5;True
64933;2;2;0;True
64934;7;16;9;True
64935;7;12;5;True
64936;2;4;2;True
64937;3;4;1;True
64938;3;4;1;True
64939;2;4;2;True
64940;3;6;3;True
64941;2;2;0;True
64942;6;12;6;True
64943;2;4;2;True
64944;2;2;0;True
64945;2;2;0;True
64946;1;1;0;True
64947;5;9;4;True
64948;9;16;7;True
64949;6;12;6;True
64950;2;2;0;True
64951;1;1;0;True
64952;6;12;6;True
64953;4;12;8;True
64954;3;4;1;True
64955;1;1;0;True
64956;5;9;4;True
64957;2;4;2;True
64958;4;12;8;True
64959;4;6;2;True
64960;7;16;9;True
64961;8;16;8;True
64962;1;1;0;True
64963;5;12;7;True
64964;0;0;0;True
64965;10;16;6;True
64966;1;1;0;True
64967;0;0;0;True
64968;8;16;8;True
64969;2;4;2;True
64970;4;9;5;True
64971;0;0;0;True
64972;3;3;0;True
64973;3;6;3;True
64974;7;12;5;True
64975;1;1;0;True
64976;7;16;9;True
64977;3;9;6;True
64978;4;9;5;True
64979;1;1;0;True
64980;2;4;2;True
64981;0;0;0;True
64982;3;6;3;True
64983;3;6;3;True
64984;3;4;1;True
64985;4;8;4;True
64986;4;6;2;True
64987;6;12;6;True
64988;3;4;1;True
64989;2;2;0;True
64990;2;4;2;True
64991;2;4;2;True
64992;2;4;2;True
64993;2;4;2;True
64994;5;9;4;True
64995;4;12;8;True
64996;3;6;3;True
64997;6;9;3;True
64998;7;16;9;True
64999;4;9;5;True
65000;1;1;0;True
65001;7;16;9;True
65002;7;16;9;True
65003;4;12;8;True
65004;1;1;0;True
65005;4;9;5;True
65006;1;1;0;True
65007;1;1;0;True
65008;4;8;4;True
65009;1;1;0;True
65010;5;16;11;True
65011;5;8;3;True
65012;6;6;0;True
65013;2;4;2;True
65014;4;8;4;True
65015;4;6;2;True
65016;3;6;3;True
65017;1;1;0;True
65018;2;2;0;True
65019;5;8;3;True
65020;0;0;0;True
65021;1;1;0;True
65022;3;6;3;True
65023;6;12;6;True
65024;5;16;11;True
65025;1;1;0;True
65026;3;4;1;True
65027;4;9;5;True
65028;4;12;8;True
65029;7;12;5;True
65030;0;0;0;True
65031;0;0;0;True
65032;5;12;7;True
65033;4;9;5;True
65034;4;8;4;True
65035;8;16;8;True
65036;4;16;12;True
65037;4;6;2;True
65038;3;9;6;True
65039;3;4;1;True
65040;6;16;10;True
65041;7;16;9;True
65042;5;9;4;True
65043;5;9;4;True
65044;4;6;2;True
65045;3;6;3;True
65046;4;6;2;True
65047;7;12;5;True
65048;6;12;6;True
65049;2;2;0;True
65050;8;16;8;True
65051;5;9;4;True
65052;2;4;2;True
65053;1;1;0;True
65054;3;4;1;True
65055;8;12;4;True
65056;2;4;2;True
65057;3;4;1;True
65058;2;2;0;True
65059;5;12;7;True
65060;5;12;7;True
65061;5;9;4;True
65062;2;2;0;True
65063;7;16;9;True
65064;5;8;3;True
65065;2;2;0;True
65066;8;12;4;True
65067;5;9;4;True
65068;2;4;2;True
65069;8;12;4;True
65070;2;4;2;True
65071;4;12;8;True
65072;6;16;10;True
65073;2;4;2;True
65074;3;4;1;True
65075;5;6;1;True
65076;4;6;2;True
65077;6;9;3;True
65078;5;9;4;True
65079;2;4;2;True
65080;4;6;2;True
65081;2;2;0;True
65082;2;4;2;True
65083;3;4;1;True
65084;2;2;0;True
65085;0;0;0;True
65086;5;6;1;True
65087;1;1;0;True
65088;8;16;8;True
65089;5;6;1;True
65090;4;4;0;True
65091;6;12;6;True
65092;6;16;10;True
65093;8;12;4;True
65094;7;16;9;True
65095;5;9;4;True
65096;3;4;1;True
65097;8;12;4;True
65098;3;6;3;True
65099;2;2;0;True
65100;1;1;0;True
65101;4;6;2;True
65102;0;0;0;True
65103;3;6;3;True
65104;6;16;10;True
65105;4;8;4;True
65106;4;9;5;True
65107;3;6;3;True
65108;9;16;7;True
65109;0;0;0;True
65110;3;9;6;True
65111;2;2;0;True
65112;6;9;3;True
65113;5;6;1;True
65114;5;9;4;True
65115;5;9;4;True
65116;2;2;0;True
65117;3;6;3;True
65118;5;8;3;True
65119;5;8;3;True
65120;2;4;2;True
65121;2;4;2;True
65122;6;12;6;True
65123;7;16;9;True
65124;3;6;3;True
65125;3;6;3;True
65126;6;16;10;True
65127;1;1;0;True
65128;4;9;5;True
65129;4;6;2;True
65130;5;9;4;True
65131;1;1;0;True
65132;4;12;8;True
65133;2;2;0;True
65134;5;9;4;True
65135;3;6;3;True
65136;4;6;2;True
65137;3;6;3;True
65138;2;4;2;True
65139;0;0;0;True
65140;7;12;5;True
65141;1;1;0;True
65142;0;0;0;True
65143;2;2;0;True
65144;2;2;0;True
65145;3;3;0;True
65146;3;9;6;True
65147;4;9;5;True
65148;5;8;3;True
65149;7;16;9;True
65150;6;12;6;True
65151;4;8;4;True
65152;4;9;5;True
65153;3;6;3;True
65154;4;9;5;True
65155;5;9;4;True
65156;1;1;0;True
65157;3;3;0;True
65158;2;2;0;True
65159;3;9;6;True
65160;6;16;10;True
65161;5;12;7;True
65162;5;12;7;True
65163;6;16;10;True
65164;4;9;5;True
65165;6;16;10;True
65166;1;1;0;True
65167;8;16;8;True
65168;3;4;1;True
65169;5;12;7;True
65170;0;0;0;True
65171;1;1;0;True
65172;2;2;0;True
65173;0;0;0;True
65174;3;3;0;True
65175;0;0;0;True
65176;5;12;7;True
65177;1;1;0;True
65178;5;12;7;True
65179;6;12;6;True
65180;1;1;0;True
65181;5;6;1;True
65182;6;16;10;True
65183;3;6;3;True
65184;5;9;4;True
65185;10;16;6;True
65186;2;4;2;True
65187;1;1;0;True
65188;0;0;0;True
65189;5;12;7;True
65190;1;1;0;True
65191;5;9;4;True
65192;5;9;4;True
65193;2;4;2;True
65194;7;16;9;True
65195;8;16;8;True
65196;2;4;2;True
65197;6;16;10;True
65198;10;16;6;True
65199;2;2;0;True
65200;2;4;2;True
65201;5;9;4;True
65202;4;6;2;True
65203;3;4;1;True
65204;4;9;5;True
65205;3;6;3;True
65206;6;16;10;True
65207;2;4;2;True
65208;4;12;8;True
65209;1;1;0;True
65210;1;1;0;True
65211;5;9;4;True
65212;1;1;0;True
65213;4;12;8;True
65214;6;12;6;True
65215;1;1;0;True
65216;1;1;0;True
65217;5;9;4;True
65218;5;6;1;True
65219;3;6;3;True
65220;8;16;8;True
65221;6;9;3;True
65222;3;4;1;True
65223;6;12;6;True
65224;7;12;5;True
65225;4;6;2;True
65226;6;12;6;True
65227;3;6;3;True
65228;4;6;2;True
65229;2;4;2;True
65230;5;9;4;True
65231;7;16;9;True
65232;1;1;0;True
65233;1;1;0;True
65234;2;4;2;True
65235;3;4;1;True
65236;0;0;0;True
65237;5;9;4;True
65238;6;16;10;True
65239;3;4;1;True
65240;6;12;6;True
65241;4;12;8;True
65242;3;6;3;True
65243;3;6;3;True
65244;2;2;0;True
65245;8;16;8;True
65246;7;12;5;True
65247;3;9;6;True
65248;1;1;0;True
65249;5;8;3;True
65250;3;3;0;True
65251;3;3;0;True
65252;5;9;4;True
65253;0;0;0;True
65254;3;9;6;True
65255;3;6;3;True
65256;2;4;2;True
65257;3;6;3;True
65258;4;8;4;True
65259;10;16;6;True
65260;5;16;11;True
65261;4;8;4;True
65262;6;12;6;True
65263;5;6;1;True
65264;0;0;0;True
65265;5;9;4;True
65266;4;6;2;True
65267;0;0;0;True
65268;3;9;6;True
65269;7;16;9;True
65270;2;4;2;True
65271;5;12;7;True
65272;6;12;6;True
65273;1;1;0;True
65274;6;16;10;True
65275;3;4;1;True
65276;7;12;5;True
65277;2;2;0;True
65278;5;12;7;True
65279;1;1;0;True
65280;2;2;0;True
65281;4;6;2;True
65282;6;12;6;True
65283;7;16;9;True
65284;6;16;10;True
65285;2;2;0;True
65286;3;4;1;True
65287;5;12;7;True
65288;5;9;4;True
65289;8;16;8;True
65290;0;0;0;True
65291;3;9;6;True
65292;2;4;2;True
65293;0;0;0;True
65294;6;16;10;True
65295;0;0;0;True
65296;4;6;2;True
65297;1;1;0;True
65298;2;4;2;True
65299;1;1;0;True
65300;2;4;2;True
65301;5;16;11;True
65302;2;2;0;True
65303;4;6;2;True
65304;6;12;6;True
65305;1;1;0;True
65306;2;4;2;True
65307;1;1;0;True
65308;1;1;0;True
65309;4;6;2;True
65310;6;16;10;True
65311;5;9;4;True
65312;3;6;3;True
65313;7;16;9;True
65314;9;16;7;True
65315;4;6;2;True
65316;4;12;8;True
65317;11;16;5;True
65318;0;0;0;True
65319;7;12;5;True
65320;2;2;0;True
65321;3;9;6;True
65322;0;0;0;True
65323;5;9;4;True
65324;8;16;8;True
65325;2;4;2;True
65326;10;16;6;True
65327;1;1;0;True
65328;3;6;3;True
65329;5;6;1;True
65330;2;4;2;True
65331;4;9;5;True
65332;5;9;4;True
65333;3;9;6;True
65334;6;16;10;True
65335;2;2;0;True
65336;5;16;11;True
65337;5;6;1;True
65338;3;6;3;True
65339;1;1;0;True
65340;1;1;0;True
65341;1;1;0;True
65342;4;6;2;True
65343;1;1;0;True
65344;5;9;4;True
65345;2;4;2;True
65346;5;12;7;True
65347;2;4;2;True
65348;0;0;0;True
65349;1;1;0;True
65350;0;0;0;True
65351;7;16;9;True
65352;5;8;3;True
65353;4;6;2;True
65354;5;6;1;True
65355;5;9;4;True
65356;6;12;6;True
65357;3;4;1;True
65358;0;0;0;True
65359;3;6;3;True
65360;2;4;2;True
65361;5;12;7;True
65362;3;6;3;True
65363;4;9;5;True
65364;5;9;4;True
65365;6;9;3;True
65366;2;4;2;True
65367;6;16;10;True
65368;6;12;6;True
65369;5;12;7;True
65370;6;16;10;True
65371;6;9;3;True
65372;5;12;7;True
65373;4;6;2;True
65374;4;9;5;True
65375;4;9;5;True
65376;6;12;6;True
65377;0;0;0;True
65378;0;0;0;True
65379;6;16;10;True
65380;2;2;0;True
65381;6;9;3;True
65382;1;1;0;True
65383;3;6;3;True
65384;3;9;6;True
65385;6;12;6;True
65386;4;6;2;True
65387;5;9;4;True
65388;3;6;3;True
65389;7;9;2;True
65390;0;0;0;True
65391;4;6;2;True
65392;7;12;5;True
65393;2;2;0;True
65394;1;1;0;True
65395;2;4;2;True
65396;8;16;8;True
65397;4;6;2;True
65398;4;9;5;True
65399;4;4;0;True
65400;2;2;0;True
65401;3;9;6;True
65402;7;12;5;True
65403;4;8;4;True
65404;1;1;0;True
65405;0;0;0;True
65406;4;12;8;True
65407;2;4;2;True
65408;0;0;0;True
65409;1;1;0;True
65410;0;0;0;True
65411;9;12;3;True
65412;4;6;2;True
65413;4;12;8;True
65414;2;4;2;True
65415;1;1;0;True
65416;5;12;7;True
65417;7;12;5;True
65418;0;0;0;True
65419;2;4;2;True
65420;5;9;4;True
65421;7;16;9;True
65422;4;6;2;True
65423;3;3;0;True
65424;4;12;8;True
65425;1;1;0;True
65426;1;1;0;True
65427;2;2;0;True
65428;5;9;4;True
65429;1;1;0;True
65430;2;4;2;True
65431;3;6;3;True
65432;2;4;2;True
65433;6;12;6;True
65434;5;9;4;True
65435;7;16;9;True
65436;3;6;3;True
65437;5;6;1;True
65438;6;16;10;True
65439;8;12;4;True
65440;2;2;0;True
65441;4;12;8;True
65442;4;6;2;True
65443;4;6;2;True
65444;3;6;3;True
65445;6;16;10;True
65446;6;12;6;True
65447;6;12;6;True
65448;2;4;2;True
65449;6;12;6;True
65450;5;9;4;True
65451;4;12;8;True
65452;4;12;8;True
65453;2;4;2;True
65454;8;16;8;True
65455;1;1;0;True
65456;5;16;11;True
65457;8;16;8;True
65458;4;9;5;True
65459;1;1;0;True
65460;2;2;0;True
65461;4;12;8;True
65462;5;12;7;True
65463;4;9;5;True
65464;7;16;9;True
65465;0;0;0;True
65466;11;16;5;True
65467;2;4;2;True
65468;1;1;0;True
65469;5;9;4;True
65470;4;9;5;True
65471;1;1;0;True
65472;4;9;5;True
65473;5;12;7;True
65474;0;0;0;True
65475;1;1;0;True
65476;2;4;2;True
65477;3;6;3;True
65478;2;4;2;True
65479;10;16;6;True
65480;1;1;0;True
65481;1;1;0;True
65482;3;4;1;True
65483;6;9;3;True
65484;3;6;3;True
65485;1;1;0;True
65486;3;6;3;True
65487;2;4;2;True
65488;8;16;8;True
65489;2;4;2;True
65490;4;12;8;True
65491;2;4;2;True
65492;2;4;2;True
65493;3;4;1;True
65494;4;9;5;True
65495;3;6;3;True
65496;2;2;0;True
65497;2;4;2;True
65498;5;8;3;True
65499;5;9;4;True
65500;7;12;5;True
65501;8;16;8;True
65502;4;6;2;True
65503;1;1;0;True
65504;6;12;6;True
65505;5;12;7;True
65506;4;6;2;True
65507;7;12;5;True
65508;3;6;3;True
65509;2;2;0;True
65510;1;1;0;True
65511;3;4;1;True
65512;3;9;6;True
65513;1;1;0;True
65514;5;9;4;True
65515;3;6;3;True
65516;4;6;2;True
65517;3;6;3;True
65518;8;16;8;True
65519;4;6;2;True
65520;1;1;0;True
65521;4;8;4;True
65522;4;9;5;True
65523;5;8;3;True
65524;5;16;11;True
65525;3;6;3;True
65526;2;4;2;True
65527;7;16;9;True
65528;8;16;8;True
65529;4;6;2;True
65530;3;6;3;True
65531;4;6;2;True
65532;3;6;3;True
65533;1;1;0;True
65534;4;12;8;True
65535;1;1;0;True
65536;7;12;5;True
65537;3;6;3;True
65538;5;12;7;True
65539;5;9;4;True
65540;3;4;1;True
65541;5;9;4;True
65542;3;4;1;True
65543;8;12;4;True
65544;5;16;11;True
65545;2;4;2;True
65546;2;4;2;True
65547;2;4;2;True
65548;5;12;7;True
65549;2;4;2;True
65550;6;12;6;True
65551;3;6;3;True
65552;5;9;4;True
65553;7;16;9;True
65554;1;1;0;True
65555;5;9;4;True
65556;2;4;2;True
65557;1;1;0;True
65558;1;1;0;True
65559;1;1;0;True
65560;3;6;3;True
65561;2;2;0;True
65562;5;16;11;True
65563;5;12;7;True
65564;8;16;8;True
65565;3;6;3;True
65566;1;1;0;True
65567;5;16;11;True
65568;9;16;7;True
65569;1;1;0;True
65570;2;2;0;True
65571;3;4;1;True
65572;3;6;3;True
65573;7;9;2;True
65574;2;4;2;True
65575;1;1;0;True
65576;9;12;3;True
65577;3;6;3;True
65578;1;1;0;True
65579;8;16;8;True
65580;3;9;6;True
65581;5;9;4;True
65582;5;9;4;True
65583;3;9;6;True
65584;2;2;0;True
65585;3;6;3;True
65586;6;16;10;True
65587;6;12;6;True
65588;0;0;0;True
65589;3;9;6;True
65590;3;6;3;True
65591;5;12;7;True
65592;1;1;0;True
65593;4;9;5;True
65594;7;12;5;True
65595;9;16;7;True
65596;8;16;8;True
65597;2;4;2;True
65598;1;1;0;True
65599;3;6;3;True
65600;4;9;5;True
65601;1;1;0;True
65602;5;16;11;True
65603;3;6;3;True
65604;3;6;3;True
65605;7;16;9;True
65606;6;12;6;True
65607;1;1;0;True
65608;7;12;5;True
65609;3;3;0;True
65610;1;1;0;True
65611;1;1;0;True
65612;2;4;2;True
65613;6;12;6;True
65614;4;9;5;True
65615;5;12;7;True
65616;1;1;0;True
65617;1;1;0;True
65618;5;12;7;True
65619;2;2;0;True
65620;7;9;2;True
65621;5;12;7;True
65622;6;16;10;True
65623;1;1;0;True
65624;5;16;11;True
65625;5;12;7;True
65626;5;9;4;True
65627;0;0;0;True
65628;7;16;9;True
65629;3;4;1;True
65630;1;1;0;True
65631;7;12;5;True
65632;4;9;5;True
65633;2;4;2;True
65634;5;12;7;True
65635;0;0;0;True
65636;2;2;0;True
65637;4;6;2;True
65638;3;6;3;True
65639;4;6;2;True
65640;4;8;4;True
65641;5;9;4;True
65642;9;16;7;True
65643;3;6;3;True
65644;3;6;3;True
65645;1;1;0;True
65646;3;6;3;True
65647;1;1;0;True
65648;2;4;2;True
65649;3;6;3;True
65650;8;12;4;True
65651;7;16;9;True
65652;7;16;9;True
65653;2;2;0;True
65654;6;12;6;True
65655;1;1;0;True
65656;6;16;10;True
65657;5;16;11;True
65658;2;4;2;True
65659;3;4;1;True
65660;5;12;7;True
65661;5;12;7;True
65662;1;1;0;True
65663;3;6;3;True
65664;1;1;0;True
65665;6;8;2;True
65666;5;16;11;True
65667;1;1;0;True
65668;6;12;6;True
65669;5;8;3;True
65670;1;1;0;True
65671;2;2;0;True
65672;5;16;11;True
65673;4;9;5;True
65674;5;8;3;True
65675;6;16;10;True
65676;1;1;0;True
65677;1;1;0;True
65678;2;2;0;True
65679;5;16;11;True
65680;3;6;3;True
65681;1;1;0;True
65682;3;4;1;True
65683;8;16;8;True
65684;5;16;11;True
65685;2;2;0;True
65686;6;12;6;True
65687;0;0;0;True
65688;0;0;0;True
65689;7;12;5;True
65690;2;4;2;True
65691;2;4;2;True
65692;3;9;6;True
65693;3;6;3;True
65694;0;0;0;True
65695;1;1;0;True
65696;5;8;3;True
65697;3;6;3;True
65698;6;12;6;True
65699;4;9;5;True
65700;2;2;0;True
65701;0;0;0;True
65702;3;9;6;True
65703;2;4;2;True
65704;3;3;0;True
65705;1;1;0;True
65706;7;12;5;True
65707;2;2;0;True
65708;3;9;6;True
65709;2;2;0;True
65710;3;4;1;True
65711;3;9;6;True
65712;9;16;7;True
65713;5;9;4;True
65714;3;6;3;True
65715;3;6;3;True
65716;3;9;6;True
65717;3;9;6;True
65718;5;9;4;True
65719;9;16;7;True
65720;9;16;7;True
65721;2;2;0;True
65722;5;9;4;True
65723;8;16;8;True
65724;10;16;6;True
65725;3;9;6;True
65726;7;16;9;True
65727;4;12;8;True
65728;5;12;7;True
65729;8;12;4;True
65730;7;12;5;True
65731;1;1;0;True
65732;8;16;8;True
65733;4;12;8;True
65734;0;0;0;True
65735;4;16;12;True
65736;2;4;2;True
65737;3;4;1;True
65738;4;16;12;True
65739;3;6;3;True
65740;7;8;1;True
65741;5;9;4;True
65742;1;1;0;True
65743;3;6;3;True
65744;3;4;1;True
65745;4;8;4;True
65746;2;2;0;True
65747;2;2;0;True
65748;6;8;2;True
65749;7;12;5;True
65750;10;16;6;True
65751;0;0;0;True
65752;3;6;3;True
65753;4;12;8;True
65754;6;9;3;True
65755;7;16;9;True
65756;4;12;8;True
65757;5;9;4;True
65758;4;8;4;True
65759;7;16;9;True
65760;2;4;2;True
65761;3;6;3;True
65762;1;1;0;True
65763;6;12;6;True
65764;5;8;3;True
65765;5;9;4;True
65766;6;16;10;True
65767;4;6;2;True
65768;2;4;2;True
65769;5;12;7;True
65770;2;2;0;True
65771;3;6;3;True
65772;7;16;9;True
65773;2;2;0;True
65774;6;9;3;True
65775;7;9;2;True
65776;1;1;0;True
65777;7;16;9;True
65778;6;12;6;True
65779;5;9;4;True
65780;1;1;0;True
65781;4;6;2;True
65782;7;16;9;True
65783;1;1;0;True
65784;6;16;10;True
65785;6;16;10;True
65786;4;6;2;True
65787;5;6;1;True
65788;4;9;5;True
65789;6;12;6;True
65790;3;4;1;True
65791;3;6;3;True
65792;0;0;0;True
65793;8;16;8;True
65794;8;16;8;True
65795;4;6;2;True
65796;0;0;0;True
65797;3;4;1;True
65798;3;6;3;True
65799;4;8;4;True
65800;1;1;0;True
65801;0;0;0;True
65802;5;8;3;True
65803;0;0;0;True
65804;5;8;3;True
65805;5;9;4;True
65806;3;9;6;True
65807;4;12;8;True
65808;7;16;9;True
65809;2;2;0;True
65810;5;9;4;True
65811;2;2;0;True
65812;3;6;3;True
65813;6;12;6;True
65814;3;6;3;True
65815;4;6;2;True
65816;3;6;3;True
65817;2;4;2;True
65818;2;4;2;True
65819;0;0;0;True
65820;6;8;2;True
65821;2;2;0;True
65822;0;0;0;True
65823;5;9;4;True
65824;5;9;4;True
65825;3;6;3;True
65826;3;6;3;True
65827;0;0;0;True
65828;6;16;10;True
65829;1;1;0;True
65830;1;1;0;True
65831;2;4;2;True
65832;3;6;3;True
65833;6;16;10;True
65834;5;12;7;True
65835;5;12;7;True
65836;4;9;5;True
65837;6;12;6;True
65838;1;1;0;True
65839;3;9;6;True
65840;7;12;5;True
65841;1;1;0;True
65842;7;12;5;True
65843;4;9;5;True
65844;3;6;3;True
65845;6;8;2;True
65846;8;12;4;True
65847;0;0;0;True
65848;2;2;0;True
65849;5;8;3;True
65850;3;4;1;True
65851;5;12;7;True
65852;3;6;3;True
65853;4;8;4;True
65854;6;12;6;True
65855;7;12;5;True
65856;4;9;5;True
65857;4;9;5;True
65858;5;8;3;True
65859;4;12;8;True
65860;5;16;11;True
65861;1;1;0;True
65862;5;9;4;True
65863;2;4;2;True
65864;7;16;9;True
65865;1;1;0;True
65866;3;3;0;True
65867;2;4;2;True
65868;9;16;7;True
65869;4;12;8;True
65870;2;4;2;True
65871;4;9;5;True
65872;5;12;7;True
65873;1;1;0;True
65874;1;1;0;True
65875;0;0;0;True
65876;7;16;9;True
65877;3;6;3;True
65878;3;6;3;True
65879;1;1;0;True
65880;4;8;4;True
65881;2;4;2;True
65882;7;16;9;True
65883;4;9;5;True
65884;6;12;6;True
65885;7;12;5;True
65886;2;2;0;True
65887;4;9;5;True
65888;4;6;2;True
65889;6;12;6;True
65890;2;4;2;True
65891;1;1;0;True
65892;5;12;7;True
65893;0;0;0;True
65894;7;16;9;True
65895;2;4;2;True
65896;5;9;4;True
65897;2;4;2;True
65898;6;16;10;True
65899;7;12;5;True
65900;6;12;6;True
65901;5;8;3;True
65902;5;12;7;True
65903;0;0;0;True
65904;5;9;4;True
65905;0;0;0;True
65906;3;6;3;True
65907;3;6;3;True
65908;2;2;0;True
65909;7;16;9;True
65910;3;6;3;True
65911;1;1;0;True
65912;4;6;2;True
65913;0;0;0;True
65914;2;4;2;True
65915;1;1;0;True
65916;3;9;6;True
65917;2;2;0;True
65918;3;9;6;True
65919;6;16;10;True
65920;3;4;1;True
65921;4;6;2;True
65922;3;6;3;True
65923;6;12;6;True
65924;5;9;4;True
65925;8;16;8;True
65926;4;6;2;True
65927;5;9;4;True
65928;5;9;4;True
65929;4;6;2;True
65930;2;2;0;True
65931;6;12;6;True
65932;5;9;4;True
65933;5;12;7;True
65934;4;9;5;True
65935;4;4;0;True
65936;3;6;3;True
65937;2;4;2;True
65938;3;9;6;True
65939;3;6;3;True
65940;3;9;6;True
65941;2;4;2;True
65942;3;6;3;True
65943;2;2;0;True
65944;4;12;8;True
65945;4;6;2;True
65946;3;6;3;True
65947;4;12;8;True
65948;2;4;2;True
65949;6;12;6;True
65950;10;16;6;True
65951;8;12;4;True
65952;3;4;1;True
65953;4;9;5;True
65954;1;1;0;True
65955;4;9;5;True
65956;5;12;7;True
65957;3;6;3;True
65958;4;6;2;True
65959;2;4;2;True
65960;1;1;0;True
65961;7;16;9;True
65962;2;4;2;True
65963;1;1;0;True
65964;1;1;0;True
65965;6;9;3;True
65966;5;9;4;True
65967;1;1;0;True
65968;5;12;7;True
65969;0;0;0;True
65970;2;4;2;True
65971;3;6;3;True
65972;2;2;0;True
65973;3;4;1;True
65974;5;6;1;True
65975;2;4;2;True
65976;2;4;2;True
65977;9;16;7;True
65978;4;12;8;True
65979;4;6;2;True
65980;5;9;4;True
65981;1;1;0;True
65982;0;0;0;True
65983;7;16;9;True
65984;4;6;2;True
65985;1;1;0;True
65986;4;9;5;True
65987;5;12;7;True
65988;2;2;0;True
65989;0;0;0;True
65990;6;16;10;True
65991;8;12;4;True
65992;0;0;0;True
65993;6;16;10;True
65994;4;12;8;True
65995;8;16;8;True
65996;0;0;0;True
65997;4;12;8;True
65998;3;9;6;True
65999;3;6;3;True
66000;6;12;6;True
66001;1;1;0;True
66002;2;2;0;True
66003;5;16;11;True
66004;6;12;6;True
66005;3;6;3;True
66006;1;1;0;True
66007;0;0;0;True
66008;4;6;2;True
66009;4;9;5;True
66010;2;4;2;True
66011;5;9;4;True
66012;6;16;10;True
66013;6;9;3;True
66014;4;9;5;True
66015;7;16;9;True
66016;4;6;2;True
66017;2;4;2;True
66018;4;6;2;True
66019;2;4;2;True
66020;2;2;0;True
66021;8;12;4;True
66022;0;0;0;True
66023;7;16;9;True
66024;5;9;4;True
66025;4;9;5;True
66026;12;16;4;True
66027;3;4;1;True
66028;3;6;3;True
66029;6;9;3;True
66030;5;6;1;True
66031;6;9;3;True
66032;3;9;6;True
66033;4;6;2;True
66034;2;2;0;True
66035;2;4;2;True
66036;6;16;10;True
66037;1;1;0;True
66038;6;12;6;True
66039;7;16;9;True
66040;2;2;0;True
66041;0;0;0;True
66042;3;4;1;True
66043;0;0;0;True
66044;2;4;2;True
66045;6;12;6;True
66046;9;16;7;True
66047;5;9;4;True
66048;8;16;8;True
66049;3;4;1;True
66050;3;4;1;True
66051;1;1;0;True
66052;4;9;5;True
66053;8;16;8;True
66054;4;12;8;True
66055;2;2;0;True
66056;3;4;1;True
66057;1;1;0;True
66058;2;2;0;True
66059;6;16;10;True
66060;0;0;0;True
66061;0;0;0;True
66062;3;4;1;True
66063;4;9;5;True
66064;5;9;4;True
66065;2;4;2;True
66066;7;12;5;True
66067;1;1;0;True
66068;5;9;4;True
66069;3;9;6;True
66070;4;9;5;True
66071;8;16;8;True
66072;0;0;0;True
66073;8;16;8;True
66074;2;4;2;True
66075;2;4;2;True
66076;7;9;2;True
66077;4;9;5;True
66078;12;16;4;True
66079;7;16;9;True
66080;4;6;2;True
66081;5;16;11;True
66082;6;12;6;True
66083;6;16;10;True
66084;3;6;3;True
66085;1;1;0;True
66086;1;1;0;True
66087;7;12;5;True
66088;1;1;0;True
66089;1;1;0;True
66090;6;12;6;True
66091;0;0;0;True
66092;6;12;6;True
66093;5;9;4;True
66094;4;6;2;True
66095;3;6;3;True
66096;3;6;3;True
66097;6;16;10;True
66098;3;9;6;True
66099;0;0;0;True
66100;2;4;2;True
66101;6;12;6;True
66102;4;9;5;True
66103;4;12;8;True
66104;5;16;11;True
66105;2;2;0;True
66106;0;0;0;True
66107;3;6;3;True
66108;1;1;0;True
66109;5;12;7;True
66110;5;8;3;True
66111;2;4;2;True
66112;5;12;7;True
66113;4;6;2;True
66114;7;12;5;True
66115;3;9;6;True
66116;2;4;2;True
66117;3;6;3;True
66118;3;6;3;True
66119;3;9;6;True
66120;1;1;0;True
66121;6;12;6;True
66122;3;6;3;True
66123;2;4;2;True
66124;1;1;0;True
66125;5;16;11;True
66126;10;16;6;True
66127;6;12;6;True
66128;4;9;5;True
66129;4;9;5;True
66130;7;16;9;True
66131;2;2;0;True
66132;4;9;5;True
66133;7;16;9;True
66134;5;6;1;True
66135;5;12;7;True
66136;4;6;2;True
66137;7;12;5;True
66138;3;6;3;True
66139;1;1;0;True
66140;1;1;0;True
66141;0;0;0;True
66142;3;9;6;True
66143;4;9;5;True
66144;5;12;7;True
66145;4;9;5;True
66146;5;12;7;True
66147;5;12;7;True
66148;4;12;8;True
66149;5;9;4;True
66150;4;6;2;True
66151;2;4;2;True
66152;8;12;4;True
66153;4;6;2;True
66154;7;12;5;True
66155;8;16;8;True
66156;4;8;4;True
66157;4;8;4;True
66158;6;16;10;True
66159;1;1;0;True
66160;5;12;7;True
66161;9;12;3;True
66162;5;8;3;True
66163;2;4;2;True
66164;1;1;0;True
66165;3;6;3;True
66166;9;16;7;True
66167;3;4;1;True
66168;3;9;6;True
66169;6;12;6;True
66170;6;12;6;True
66171;2;4;2;True
66172;11;16;5;True
66173;4;6;2;True
66174;5;12;7;True
66175;4;9;5;True
66176;2;4;2;True
66177;4;9;5;True
66178;3;6;3;True
66179;7;16;9;True
66180;3;4;1;True
66181;2;2;0;True
66182;2;4;2;True
66183;1;1;0;True
66184;2;2;0;True
66185;5;9;4;True
66186;0;0;0;True
66187;4;9;5;True
66188;1;1;0;True
66189;3;6;3;True
66190;9;12;3;True
66191;6;12;6;True
66192;6;9;3;True
66193;7;12;5;True
66194;7;16;9;True
66195;1;1;0;True
66196;0;0;0;True
66197;5;9;4;True
66198;4;6;2;True
66199;4;6;2;True
66200;2;2;0;True
66201;1;1;0;True
66202;4;6;2;True
66203;1;1;0;True
66204;7;12;5;True
66205;7;9;2;True
66206;2;2;0;True
66207;3;9;6;True
66208;4;9;5;True
66209;5;6;1;True
66210;4;9;5;True
66211;6;6;0;True
66212;3;6;3;True
66213;3;9;6;True
66214;6;12;6;True
66215;4;9;5;True
66216;4;9;5;True
66217;4;12;8;True
66218;4;9;5;True
66219;6;16;10;True
66220;3;6;3;True
66221;4;12;8;True
66222;2;4;2;True
66223;4;6;2;True
66224;5;9;4;True
66225;4;6;2;True
66226;6;16;10;True
66227;2;4;2;True
66228;1;1;0;True
66229;2;2;0;True
66230;9;16;7;True
66231;8;16;8;True
66232;6;16;10;True
66233;7;9;2;True
66234;6;12;6;True
66235;5;12;7;True
66236;2;4;2;True
66237;4;9;5;True
66238;3;3;0;True
66239;5;9;4;True
66240;6;9;3;True
66241;6;16;10;True
66242;6;16;10;True
66243;7;16;9;True
66244;2;2;0;True
66245;5;12;7;True
66246;4;9;5;True
66247;3;6;3;True
66248;2;4;2;True
66249;2;2;0;True
66250;1;1;0;True
66251;4;8;4;True
66252;7;16;9;True
66253;3;6;3;True
66254;3;4;1;True
66255;6;12;6;True
66256;3;6;3;True
66257;1;1;0;True
66258;0;0;0;True
66259;7;12;5;True
66260;2;4;2;True
66261;7;16;9;True
66262;8;16;8;True
66263;8;16;8;True
66264;6;12;6;True
66265;2;4;2;True
66266;7;16;9;True
66267;4;6;2;True
66268;1;1;0;True
66269;3;9;6;True
66270;4;9;5;True
66271;5;9;4;True
66272;5;16;11;True
66273;0;0;0;True
66274;2;4;2;True
66275;8;16;8;True
66276;2;2;0;True
66277;6;12;6;True
66278;0;0;0;True
66279;3;9;6;True
66280;2;2;0;True
66281;4;12;8;True
66282;5;9;4;True
66283;2;4;2;True
66284;4;6;2;True
66285;8;16;8;True
66286;3;6;3;True
66287;8;16;8;True
66288;4;6;2;True
66289;10;16;6;True
66290;3;6;3;True
66291;1;1;0;True
66292;3;4;1;True
66293;2;2;0;True
66294;2;2;0;True
66295;0;0;0;True
66296;5;8;3;True
66297;5;6;1;True
66298;3;6;3;True
66299;5;12;7;True
66300;7;9;2;True
66301;5;9;4;True
66302;7;12;5;True
66303;5;9;4;True
66304;1;1;0;True
66305;8;9;1;True
66306;0;0;0;True
66307;8;16;8;True
66308;5;8;3;True
66309;4;9;5;True
66310;5;12;7;True
66311;0;0;0;True
66312;4;9;5;True
66313;5;9;4;True
66314;4;6;2;True
66315;3;6;3;True
66316;3;6;3;True
66317;0;0;0;True
66318;1;1;0;True
66319;3;6;3;True
66320;2;4;2;True
66321;2;4;2;True
66322;0;0;0;True
66323;7;12;5;True
66324;4;9;5;True
66325;6;8;2;True
66326;2;2;0;True
66327;4;6;2;True
66328;3;9;6;True
66329;7;16;9;True
66330;3;9;6;True
66331;2;2;0;True
66332;3;4;1;True
66333;4;12;8;True
66334;3;4;1;True
66335;0;0;0;True
66336;6;8;2;True
66337;6;12;6;True
66338;4;12;8;True
66339;10;16;6;True
66340;4;6;2;True
66341;6;12;6;True
66342;5;9;4;True
66343;3;9;6;True
66344;3;4;1;True
66345;2;4;2;True
66346;4;8;4;True
66347;5;9;4;True
66348;1;1;0;True
66349;2;4;2;True
66350;2;2;0;True
66351;8;16;8;True
66352;5;9;4;True
66353;4;9;5;True
66354;0;0;0;True
66355;1;1;0;True
66356;6;12;6;True
66357;5;12;7;True
66358;7;16;9;True
66359;6;12;6;True
66360;5;6;1;True
66361;8;16;8;True
66362;4;8;4;True
66363;2;2;0;True
66364;4;12;8;True
66365;3;4;1;True
66366;4;9;5;True
66367;3;9;6;True
66368;7;16;9;True
66369;1;1;0;True
66370;3;6;3;True
66371;5;12;7;True
66372;5;9;4;True
66373;3;6;3;True
66374;3;6;3;True
66375;0;0;0;True
66376;6;12;6;True
66377;1;1;0;True
66378;1;1;0;True
66379;0;0;0;True
66380;5;12;7;True
66381;5;8;3;True
66382;2;2;0;True
66383;3;6;3;True
66384;1;1;0;True
66385;2;2;0;True
66386;7;16;9;True
66387;6;16;10;True
66388;2;2;0;True
66389;3;9;6;True
66390;0;0;0;True
66391;0;0;0;True
66392;3;6;3;True
66393;3;6;3;True
66394;1;1;0;True
66395;4;6;2;True
66396;1;1;0;True
66397;3;3;0;True
66398;8;16;8;True
66399;4;6;2;True
66400;6;9;3;True
66401;6;12;6;True
66402;5;12;7;True
66403;5;8;3;True
66404;2;2;0;True
66405;6;12;6;True
66406;0;0;0;True
66407;6;9;3;True
66408;5;16;11;True
66409;6;12;6;True
66410;8;16;8;True
66411;4;9;5;True
66412;2;2;0;True
66413;5;12;7;True
66414;2;2;0;True
66415;2;4;2;True
66416;0;0;0;True
66417;5;12;7;True
66418;1;1;0;True
66419;4;9;5;True
66420;4;9;5;True
66421;7;12;5;True
66422;1;1;0;True
66423;4;9;5;True
66424;0;0;0;True
66425;6;16;10;True
66426;1;1;0;True
66427;2;2;0;True
66428;7;16;9;True
66429;3;6;3;True
66430;3;4;1;True
66431;2;4;2;True
66432;2;2;0;True
66433;4;9;5;True
66434;2;4;2;True
66435;0;0;0;True
66436;8;16;8;True
66437;6;16;10;True
66438;6;8;2;True
66439;6;16;10;True
66440;3;9;6;True
66441;3;6;3;True
66442;3;4;1;True
66443;8;16;8;True
66444;3;4;1;True
66445;2;4;2;True
66446;3;6;3;True
66447;8;16;8;True
66448;3;6;3;True
66449;5;12;7;True
66450;6;12;6;True
66451;3;6;3;True
66452;2;2;0;True
66453;6;12;6;True
66454;1;1;0;True
66455;6;9;3;True
66456;1;1;0;True
66457;0;0;0;True
66458;1;1;0;True
66459;4;8;4;True
66460;1;1;0;True
66461;5;9;4;True
66462;7;12;5;True
66463;5;12;7;True
66464;4;6;2;True
66465;7;16;9;True
66466;3;6;3;True
66467;2;2;0;True
66468;5;12;7;True
66469;1;1;0;True
66470;2;4;2;True
66471;4;9;5;True
66472;5;9;4;True
66473;5;12;7;True
66474;4;6;2;True
66475;5;12;7;True
66476;6;16;10;True
66477;0;0;0;True
66478;1;1;0;True
66479;2;4;2;True
66480;5;12;7;True
66481;2;2;0;True
66482;6;16;10;True
66483;5;9;4;True
66484;6;16;10;True
66485;1;1;0;True
66486;2;2;0;True
66487;9;12;3;True
66488;6;12;6;True
66489;3;6;3;True
66490;9;12;3;True
66491;9;16;7;True
66492;5;6;1;True
66493;5;6;1;True
66494;5;12;7;True
66495;3;6;3;True
66496;1;1;0;True
66497;2;2;0;True
66498;5;9;4;True
66499;4;9;5;True
66500;9;16;7;True
66501;3;4;1;True
66502;10;12;2;True
66503;7;12;5;True
66504;0;0;0;True
66505;3;3;0;True
66506;2;4;2;True
66507;5;8;3;True
66508;6;16;10;True
66509;0;0;0;True
66510;2;2;0;True
66511;2;4;2;True
66512;3;4;1;True
66513;6;12;6;True
66514;2;2;0;True
66515;2;4;2;True
66516;1;1;0;True
66517;1;1;0;True
66518;3;3;0;True
66519;4;6;2;True
66520;4;6;2;True
66521;5;9;4;True
66522;2;4;2;True
66523;7;12;5;True
66524;6;12;6;True
66525;1;1;0;True
66526;2;4;2;True
66527;5;9;4;True
66528;4;8;4;True
66529;3;9;6;True
66530;1;1;0;True
66531;1;1;0;True
66532;2;2;0;True
66533;6;12;6;True
66534;2;4;2;True
66535;2;2;0;True
66536;4;6;2;True
66537;5;12;7;True
66538;5;9;4;True
66539;10;16;6;True
66540;5;9;4;True
66541;4;6;2;True
66542;5;12;7;True
66543;3;6;3;True
66544;4;12;8;True
66545;4;9;5;True
66546;3;4;1;True
66547;2;4;2;True
66548;5;12;7;True
66549;3;6;3;True
66550;0;0;0;True
66551;1;1;0;True
66552;3;4;1;True
66553;2;4;2;True
66554;3;4;1;True
66555;6;8;2;True
66556;2;4;2;True
66557;8;16;8;True
66558;7;12;5;True
66559;0;0;0;True
66560;9;16;7;True
66561;7;12;5;True
66562;2;2;0;True
66563;2;2;0;True
66564;2;4;2;True
66565;0;0;0;True
66566;1;1;0;True
66567;0;0;0;True
66568;2;2;0;True
66569;2;2;0;True
66570;5;12;7;True
66571;3;9;6;True
66572;3;9;6;True
66573;2;2;0;True
66574;5;9;4;True
66575;3;3;0;True
66576;7;12;5;True
66577;4;6;2;True
66578;5;8;3;True
66579;5;9;4;True
66580;3;6;3;True
66581;5;9;4;True
66582;5;8;3;True
66583;8;16;8;True
66584;2;2;0;True
66585;2;4;2;True
66586;0;0;0;True
66587;1;1;0;True
66588;6;12;6;True
66589;4;6;2;True
66590;5;16;11;True
66591;2;4;2;True
66592;3;4;1;True
66593;1;1;0;True
66594;3;9;6;True
66595;6;8;2;True
66596;3;9;6;True
66597;7;16;9;True
66598;7;12;5;True
66599;2;4;2;True
66600;4;6;2;True
66601;0;0;0;True
66602;5;12;7;True
66603;7;16;9;True
66604;3;6;3;True
66605;5;16;11;True
66606;3;9;6;True
66607;6;9;3;True
66608;6;12;6;True
66609;5;9;4;True
66610;2;2;0;True
66611;6;16;10;True
66612;3;4;1;True
66613;0;0;0;True
66614;3;6;3;True
66615;9;16;7;True
66616;6;9;3;True
66617;4;6;2;True
66618;4;6;2;True
66619;4;6;2;True
66620;7;12;5;True
66621;1;1;0;True
66622;3;6;3;True
66623;1;1;0;True
66624;0;0;0;True
66625;0;0;0;True
66626;0;0;0;True
66627;5;12;7;True
66628;1;1;0;True
66629;5;6;1;True
66630;6;12;6;True
66631;4;8;4;True
66632;4;12;8;True
66633;3;6;3;True
66634;3;6;3;True
66635;4;6;2;True
66636;3;6;3;True
66637;3;9;6;True
66638;5;16;11;True
66639;7;12;5;True
66640;4;6;2;True
66641;4;6;2;True
66642;4;9;5;True
66643;3;6;3;True
66644;6;16;10;True
66645;1;1;0;True
66646;4;9;5;True
66647;1;1;0;True
66648;3;4;1;True
66649;1;1;0;True
66650;4;8;4;True
66651;4;4;0;True
66652;6;16;10;True
66653;3;4;1;True
66654;2;4;2;True
66655;4;9;5;True
66656;2;2;0;True
66657;2;4;2;True
66658;9;16;7;True
66659;2;4;2;True
66660;3;4;1;True
66661;8;16;8;True
66662;3;6;3;True
66663;6;12;6;True
66664;3;6;3;True
66665;8;16;8;True
66666;4;9;5;True
66667;1;1;0;True
66668;0;0;0;True
66669;1;1;0;True
66670;3;4;1;True
66671;2;4;2;True
66672;3;6;3;True
66673;2;2;0;True
66674;3;4;1;True
66675;5;9;4;True
66676;2;4;2;True
66677;0;0;0;True
66678;1;1;0;True
66679;0;0;0;True
66680;8;9;1;True
66681;5;12;7;True
66682;3;4;1;True
66683;3;9;6;True
66684;5;12;7;True
66685;0;0;0;True
66686;5;16;11;True
66687;2;4;2;True
66688;6;12;6;True
66689;6;12;6;True
66690;3;9;6;True
66691;3;9;6;True
66692;2;4;2;True
66693;1;1;0;True
66694;2;4;2;True
66695;3;4;1;True
66696;5;9;4;True
66697;4;9;5;True
66698;6;12;6;True
66699;4;9;5;True
66700;5;8;3;True
66701;8;16;8;True
66702;0;0;0;True
66703;2;2;0;True
66704;6;12;6;True
66705;5;9;4;True
66706;3;4;1;True
66707;5;9;4;True
66708;7;16;9;True
66709;2;4;2;True
66710;1;1;0;True
66711;7;12;5;True
66712;3;6;3;True
66713;6;16;10;True
66714;4;6;2;True
66715;5;9;4;True
66716;7;12;5;True
66717;6;16;10;True
66718;5;9;4;True
66719;9;16;7;True
66720;3;3;0;True
66721;1;1;0;True
66722;8;16;8;True
66723;0;0;0;True
66724;1;1;0;True
66725;5;12;7;True
66726;4;9;5;True
66727;2;2;0;True
66728;2;4;2;True
66729;6;12;6;True
66730;5;16;11;True
66731;1;1;0;True
66732;5;12;7;True
66733;4;8;4;True
66734;5;8;3;True
66735;2;4;2;True
66736;5;9;4;True
66737;7;16;9;True
66738;9;16;7;True
66739;1;1;0;True
66740;7;16;9;True
66741;5;12;7;True
66742;3;9;6;True
66743;1;1;0;True
66744;8;16;8;True
66745;4;9;5;True
66746;5;12;7;True
66747;6;12;6;True
66748;8;16;8;True
66749;2;4;2;True
66750;7;12;5;True
66751;5;12;7;True
66752;1;1;0;True
66753;3;3;0;True
66754;3;9;6;True
66755;0;0;0;True
66756;1;1;0;True
66757;3;9;6;True
66758;3;6;3;True
66759;1;1;0;True
66760;5;12;7;True
66761;6;12;6;True
66762;3;4;1;True
66763;4;9;5;True
66764;7;12;5;True
66765;0;0;0;True
66766;4;6;2;True
66767;2;2;0;True
66768;4;9;5;True
66769;8;12;4;True
66770;0;0;0;True
66771;1;1;0;True
66772;3;6;3;True
66773;5;9;4;True
66774;2;2;0;True
66775;8;12;4;True
66776;5;6;1;True
66777;2;4;2;True
66778;6;16;10;True
66779;3;9;6;True
66780;2;2;0;True
66781;3;4;1;True
66782;0;0;0;True
66783;0;0;0;True
66784;1;1;0;True
66785;2;4;2;True
66786;4;12;8;True
66787;4;9;5;True
66788;7;16;9;True
66789;9;16;7;True
66790;3;9;6;True
66791;4;9;5;True
66792;1;1;0;True
66793;3;4;1;True
66794;2;4;2;True
66795;3;6;3;True
66796;4;9;5;True
66797;1;1;0;True
66798;2;4;2;True
66799;3;9;6;True
66800;1;1;0;True
66801;7;12;5;True
66802;7;16;9;True
66803;4;9;5;True
66804;2;4;2;True
66805;8;16;8;True
66806;1;1;0;True
66807;9;16;7;True
66808;3;9;6;True
66809;4;12;8;True
66810;0;0;0;True
66811;4;12;8;True
66812;2;2;0;True
66813;3;9;6;True
66814;5;12;7;True
66815;8;16;8;True
66816;4;6;2;True
66817;1;1;0;True
66818;5;9;4;True
66819;7;16;9;True
66820;7;16;9;True
66821;3;3;0;True
66822;9;16;7;True
66823;1;1;0;True
66824;5;9;4;True
66825;4;16;12;True
66826;1;1;0;True
66827;5;16;11;True
66828;1;1;0;True
66829;2;2;0;True
66830;6;12;6;True
66831;3;6;3;True
66832;4;9;5;True
66833;11;16;5;True
66834;4;12;8;True
66835;5;9;4;True
66836;2;2;0;True
66837;3;9;6;True
66838;6;16;10;True
66839;7;12;5;True
66840;2;4;2;True
66841;7;12;5;True
66842;0;0;0;True
66843;2;4;2;True
66844;5;8;3;True
66845;4;6;2;True
66846;4;8;4;True
66847;8;16;8;True
66848;5;8;3;True
66849;3;6;3;True
66850;1;1;0;True
66851;8;16;8;True
66852;1;1;0;True
66853;6;12;6;True
66854;4;9;5;True
66855;6;16;10;True
66856;8;16;8;True
66857;2;4;2;True
66858;2;4;2;True
66859;2;4;2;True
66860;1;1;0;True
66861;7;9;2;True
66862;3;6;3;True
66863;5;9;4;True
66864;3;4;1;True
66865;0;0;0;True
66866;2;4;2;True
66867;0;0;0;True
66868;3;4;1;True
66869;3;4;1;True
66870;1;1;0;True
66871;0;0;0;True
66872;5;16;11;True
66873;6;12;6;True
66874;6;9;3;True
66875;1;1;0;True
66876;7;9;2;True
66877;4;12;8;True
66878;8;16;8;True
66879;2;4;2;True
66880;3;6;3;True
66881;0;0;0;True
66882;6;12;6;True
66883;8;16;8;True
66884;2;4;2;True
66885;3;6;3;True
66886;2;2;0;True
66887;1;1;0;True
66888;0;0;0;True
66889;2;2;0;True
66890;4;6;2;True
66891;4;12;8;True
66892;2;2;0;True
66893;5;12;7;True
66894;2;2;0;True
66895;4;12;8;True
66896;7;16;9;True
66897;2;4;2;True
66898;6;12;6;True
66899;2;2;0;True
66900;3;9;6;True
66901;1;1;0;True
66902;0;0;0;True
66903;6;16;10;True
66904;4;6;2;True
66905;2;4;2;True
66906;1;1;0;True
66907;7;12;5;True
66908;5;8;3;True
66909;9;12;3;True
66910;9;16;7;True
66911;1;1;0;True
66912;1;1;0;True
66913;6;16;10;True
66914;2;2;0;True
66915;9;16;7;True
66916;5;9;4;True
66917;2;2;0;True
66918;4;9;5;True
66919;2;4;2;True
66920;1;1;0;True
66921;8;12;4;True
66922;4;9;5;True
66923;1;1;0;True
66924;3;6;3;True
66925;1;1;0;True
66926;6;12;6;True
66927;3;6;3;True
66928;6;9;3;True
66929;4;9;5;True
66930;6;12;6;True
66931;4;6;2;True
66932;3;3;0;True
66933;2;2;0;True
66934;5;16;11;True
66935;3;9;6;True
66936;4;9;5;True
66937;6;16;10;True
66938;3;6;3;True
66939;1;1;0;True
66940;3;6;3;True
66941;3;4;1;True
66942;4;9;5;True
66943;5;12;7;True
66944;3;6;3;True
66945;2;2;0;True
66946;1;1;0;True
66947;3;6;3;True
66948;9;16;7;True
66949;6;16;10;True
66950;6;16;10;True
66951;4;6;2;True
66952;4;6;2;True
66953;2;4;2;True
66954;3;6;3;True
66955;4;12;8;True
66956;11;16;5;True
66957;4;6;2;True
66958;8;16;8;True
66959;2;4;2;True
66960;2;4;2;True
66961;3;9;6;True
66962;4;12;8;True
66963;6;12;6;True
66964;2;4;2;True
66965;4;4;0;True
66966;1;1;0;True
66967;8;12;4;True
66968;10;16;6;True
66969;8;12;4;True
66970;4;6;2;True
66971;3;6;3;True
66972;4;6;2;True
66973;1;1;0;True
66974;0;0;0;True
66975;5;8;3;True
66976;6;12;6;True
66977;9;16;7;True
66978;5;6;1;True
66979;5;12;7;True
66980;8;16;8;True
66981;5;9;4;True
66982;7;12;5;True
66983;6;16;10;True
66984;5;8;3;True
66985;6;12;6;True
66986;2;4;2;True
66987;3;6;3;True
66988;5;9;4;True
66989;7;16;9;True
66990;4;9;5;True
66991;6;9;3;True
66992;6;12;6;True
66993;4;6;2;True
66994;5;9;4;True
66995;5;9;4;True
66996;2;4;2;True
66997;4;9;5;True
66998;3;4;1;True
66999;4;9;5;True
67000;1;1;0;True
67001;3;9;6;True
67002;10;16;6;True
67003;2;2;0;True
67004;7;9;2;True
67005;1;1;0;True
67006;6;9;3;True
67007;0;0;0;True
67008;3;9;6;True
67009;5;12;7;True
67010;0;0;0;True
67011;4;12;8;True
67012;4;9;5;True
67013;1;1;0;True
67014;0;0;0;True
67015;1;1;0;True
67016;4;16;12;True
67017;3;6;3;True
67018;7;12;5;True
67019;4;12;8;True
67020;2;2;0;True
67021;4;12;8;True
67022;8;16;8;True
67023;4;9;5;True
67024;3;6;3;True
67025;3;4;1;True
67026;3;6;3;True
67027;1;1;0;True
67028;0;0;0;True
67029;5;9;4;True
67030;7;12;5;True
67031;1;1;0;True
67032;4;6;2;True
67033;7;16;9;True
67034;3;6;3;True
67035;3;6;3;True
67036;1;1;0;True
67037;1;1;0;True
67038;3;4;1;True
67039;1;1;0;True
67040;0;0;0;True
67041;4;12;8;True
67042;2;2;0;True
67043;2;4;2;True
67044;2;4;2;True
67045;5;12;7;True
67046;4;9;5;True
67047;4;16;12;True
67048;5;16;11;True
67049;5;9;4;True
67050;5;12;7;True
67051;6;12;6;True
67052;5;12;7;True
67053;1;1;0;True
67054;4;8;4;True
67055;1;1;0;True
67056;3;6;3;True
67057;2;4;2;True
67058;6;9;3;True
67059;2;2;0;True
67060;3;6;3;True
67061;3;3;0;True
67062;3;3;0;True
67063;1;1;0;True
67064;8;12;4;True
67065;3;9;6;True
67066;6;9;3;True
67067;3;6;3;True
67068;4;9;5;True
67069;1;1;0;True
67070;5;12;7;True
67071;0;0;0;True
67072;2;4;2;True
67073;4;9;5;True
67074;4;9;5;True
67075;4;6;2;True
67076;1;1;0;True
67077;3;6;3;True
67078;0;0;0;True
67079;5;12;7;True
67080;4;6;2;True
67081;3;9;6;True
67082;6;12;6;True
67083;1;1;0;True
67084;3;6;3;True
67085;0;0;0;True
67086;7;12;5;True
67087;3;6;3;True
67088;6;12;6;True
67089;3;6;3;True
67090;3;6;3;True
67091;0;0;0;True
67092;2;2;0;True
67093;0;0;0;True
67094;6;12;6;True
67095;5;9;4;True
67096;2;2;0;True
67097;2;4;2;True
67098;3;6;3;True
67099;5;8;3;True
67100;3;6;3;True
67101;0;0;0;True
67102;8;16;8;True
67103;1;1;0;True
67104;0;0;0;True
67105;8;16;8;True
67106;0;0;0;True
67107;5;12;7;True
67108;2;4;2;True
67109;7;16;9;True
67110;4;12;8;True
67111;2;2;0;True
67112;4;9;5;True
67113;3;6;3;True
67114;3;6;3;True
67115;2;4;2;True
67116;9;12;3;True
67117;2;4;2;True
67118;3;6;3;True
67119;5;9;4;True
67120;4;8;4;True
67121;2;4;2;True
67122;3;6;3;True
67123;0;0;0;True
67124;2;4;2;True
67125;7;16;9;True
67126;5;12;7;True
67127;5;8;3;True
67128;3;6;3;True
67129;7;16;9;True
67130;4;6;2;True
67131;2;2;0;True
67132;6;12;6;True
67133;3;6;3;True
67134;4;6;2;True
67135;5;9;4;True
67136;6;6;0;True
67137;2;2;0;True
67138;4;9;5;True
67139;5;9;4;True
67140;0;0;0;True
67141;5;12;7;True
67142;2;2;0;True
67143;1;1;0;True
67144;4;12;8;True
67145;5;16;11;True
67146;2;4;2;True
67147;5;12;7;True
67148;7;16;9;True
67149;5;16;11;True
67150;7;16;9;True
67151;5;9;4;True
67152;6;16;10;True
67153;0;0;0;True
67154;2;4;2;True
67155;6;12;6;True
67156;2;4;2;True
67157;6;16;10;True
67158;2;4;2;True
67159;3;6;3;True
67160;3;6;3;True
67161;2;4;2;True
67162;1;1;0;True
67163;4;8;4;True
67164;5;9;4;True
67165;3;6;3;True
67166;10;16;6;True
67167;5;9;4;True
67168;3;6;3;True
67169;5;9;4;True
67170;2;4;2;True
67171;5;12;7;True
67172;1;1;0;True
67173;6;16;10;True
67174;6;12;6;True
67175;5;9;4;True
67176;2;4;2;True
67177;7;16;9;True
67178;1;1;0;True
67179;4;6;2;True
67180;6;12;6;True
67181;5;8;3;True
67182;7;16;9;True
67183;1;1;0;True
67184;7;16;9;True
67185;1;1;0;True
67186;5;9;4;True
67187;6;12;6;True
67188;1;1;0;True
67189;1;1;0;True
67190;7;16;9;True
67191;9;16;7;True
67192;1;1;0;True
67193;3;4;1;True
67194;5;9;4;True
67195;3;6;3;True
67196;5;12;7;True
67197;0;0;0;True
67198;1;1;0;True
67199;3;9;6;True
67200;3;4;1;True
67201;1;1;0;True
67202;2;4;2;True
67203;2;4;2;True
67204;8;16;8;True
67205;4;12;8;True
67206;3;4;1;True
67207;0;0;0;True
67208;5;9;4;True
67209;8;12;4;True
67210;6;16;10;True
67211;2;2;0;True
67212;4;6;2;True
67213;6;16;10;True
67214;2;4;2;True
67215;2;2;0;True
67216;7;16;9;True
67217;2;2;0;True
67218;3;6;3;True
67219;6;12;6;True
67220;4;6;2;True
67221;4;8;4;True
67222;8;12;4;True
67223;1;1;0;True
67224;6;12;6;True
67225;8;16;8;True
67226;5;9;4;True
67227;3;6;3;True
67228;4;6;2;True
67229;3;9;6;True
67230;3;6;3;True
67231;3;6;3;True
67232;2;4;2;True
67233;1;1;0;True
67234;2;2;0;True
67235;1;1;0;True
67236;6;16;10;True
67237;2;2;0;True
67238;0;0;0;True
67239;4;8;4;True
67240;6;16;10;True
67241;1;1;0;True
67242;5;9;4;True
67243;3;6;3;True
67244;4;6;2;True
67245;3;6;3;True
67246;3;4;1;True
67247;4;9;5;True
67248;6;8;2;True
67249;0;0;0;True
67250;1;1;0;True
67251;4;6;2;True
67252;1;1;0;True
67253;1;1;0;True
67254;1;1;0;True
67255;5;12;7;True
67256;1;1;0;True
67257;2;2;0;True
67258;5;8;3;True
67259;7;12;5;True
67260;4;12;8;True
67261;0;0;0;True
67262;6;9;3;True
67263;5;8;3;True
67264;1;1;0;True
67265;3;6;3;True
67266;4;12;8;True
67267;4;6;2;True
67268;4;9;5;True
67269;5;9;4;True
67270;2;2;0;True
67271;1;1;0;True
67272;5;16;11;True
67273;1;1;0;True
67274;1;1;0;True
67275;2;2;0;True
67276;4;6;2;True
67277;7;16;9;True
67278;9;12;3;True
67279;4;6;2;True
67280;1;1;0;True
67281;6;12;6;True
67282;5;9;4;True
67283;1;1;0;True
67284;6;16;10;True
67285;4;6;2;True
67286;5;9;4;True
67287;6;12;6;True
67288;4;6;2;True
67289;4;6;2;True
67290;4;6;2;True
67291;2;2;0;True
67292;2;4;2;True
67293;5;6;1;True
67294;8;16;8;True
67295;5;12;7;True
67296;6;12;6;True
67297;5;16;11;True
67298;2;4;2;True
67299;7;16;9;True
67300;8;16;8;True
67301;7;12;5;True
67302;6;12;6;True
67303;2;4;2;True
67304;5;9;4;True
67305;2;2;0;True
67306;7;16;9;True
67307;5;6;1;True
67308;4;6;2;True
67309;3;4;1;True
67310;3;6;3;True
67311;4;9;5;True
67312;6;16;10;True
67313;4;6;2;True
67314;7;16;9;True
67315;5;6;1;True
67316;4;9;5;True
67317;4;9;5;True
67318;2;4;2;True
67319;4;9;5;True
67320;7;16;9;True
67321;1;1;0;True
67322;4;6;2;True
67323;9;12;3;True
67324;7;12;5;True
67325;1;1;0;True
67326;2;4;2;True
67327;5;16;11;True
67328;4;8;4;True
67329;5;16;11;True
67330;0;0;0;True
67331;6;12;6;True
67332;6;12;6;True
67333;5;8;3;True
67334;2;2;0;True
67335;7;16;9;True
67336;7;12;5;True
67337;5;9;4;True
67338;5;8;3;True
67339;6;16;10;True
67340;4;9;5;True
67341;2;2;0;True
67342;4;12;8;True
67343;5;8;3;True
67344;3;4;1;True
67345;1;1;0;True
67346;1;1;0;True
67347;4;6;2;True
67348;4;8;4;True
67349;1;1;0;True
67350;5;6;1;True
67351;5;9;4;True
67352;2;2;0;True
67353;0;0;0;True
67354;2;4;2;True
67355;6;9;3;True
67356;3;9;6;True
67357;0;0;0;True
67358;5;8;3;True
67359;3;4;1;True
67360;6;12;6;True
67361;7;12;5;True
67362;1;1;0;True
67363;0;0;0;True
67364;3;4;1;True
67365;2;4;2;True
67366;7;16;9;True
67367;7;12;5;True
67368;5;12;7;True
67369;5;8;3;True
67370;3;6;3;True
67371;2;2;0;True
67372;5;16;11;True
67373;0;0;0;True
67374;4;12;8;True
67375;2;4;2;True
67376;3;4;1;True
67377;2;4;2;True
67378;4;12;8;True
67379;3;9;6;True
67380;4;6;2;True
67381;2;2;0;True
67382;3;6;3;True
67383;0;0;0;True
67384;2;2;0;True
67385;4;9;5;True
67386;4;6;2;True
67387;1;1;0;True
67388;5;6;1;True
67389;4;6;2;True
67390;3;9;6;True
67391;10;16;6;True
67392;3;4;1;True
67393;3;9;6;True
67394;5;9;4;True
67395;1;1;0;True
67396;1;1;0;True
67397;1;1;0;True
67398;2;2;0;True
67399;6;9;3;True
67400;1;1;0;True
67401;3;6;3;True
67402;5;12;7;True
67403;2;4;2;True
67404;6;12;6;True
67405;3;6;3;True
67406;3;6;3;True
67407;2;4;2;True
67408;2;4;2;True
67409;3;6;3;True
67410;0;0;0;True
67411;4;9;5;True
67412;2;2;0;True
67413;4;9;5;True
67414;7;16;9;True
67415;2;4;2;True
67416;5;12;7;True
67417;2;4;2;True
67418;1;1;0;True
67419;1;1;0;True
67420;6;12;6;True
67421;1;1;0;True
67422;5;16;11;True
67423;6;16;10;True
67424;2;2;0;True
67425;3;4;1;True
67426;3;6;3;True
67427;5;8;3;True
67428;4;9;5;True
67429;6;16;10;True
67430;8;16;8;True
67431;4;9;5;True
67432;2;4;2;True
67433;2;4;2;True
67434;1;1;0;True
67435;2;4;2;True
67436;8;12;4;True
67437;2;4;2;True
67438;2;4;2;True
67439;1;1;0;True
67440;3;9;6;True
67441;3;6;3;True
67442;6;12;6;True
67443;3;6;3;True
67444;4;9;5;True
67445;6;12;6;True
67446;2;4;2;True
67447;4;8;4;True
67448;1;1;0;True
67449;5;12;7;True
67450;8;12;4;True
67451;5;8;3;True
67452;4;9;5;True
67453;10;16;6;True
67454;4;6;2;True
67455;2;2;0;True
67456;3;6;3;True
67457;5;9;4;True
67458;5;9;4;True
67459;4;6;2;True
67460;3;3;0;True
67461;9;12;3;True
67462;4;6;2;True
67463;3;9;6;True
67464;3;9;6;True
67465;5;12;7;True
67466;1;1;0;True
67467;3;3;0;True
67468;3;4;1;True
67469;6;6;0;True
67470;2;4;2;True
67471;7;12;5;True
67472;3;4;1;True
67473;5;12;7;True
67474;3;6;3;True
67475;3;4;1;True
67476;5;8;3;True
67477;4;6;2;True
67478;2;2;0;True
67479;2;4;2;True
67480;1;1;0;True
67481;4;6;2;True
67482;4;8;4;True
67483;5;6;1;True
67484;4;8;4;True
67485;4;9;5;True
67486;2;4;2;True
67487;6;16;10;True
67488;2;2;0;True
67489;5;12;7;True
67490;2;2;0;True
67491;1;1;0;True
67492;7;16;9;True
67493;2;2;0;True
67494;4;9;5;True
67495;3;6;3;True
67496;3;6;3;True
67497;4;6;2;True
67498;4;9;5;True
67499;2;4;2;True
67500;1;1;0;True
67501;3;6;3;True
67502;3;6;3;True
67503;4;6;2;True
67504;0;0;0;True
67505;1;1;0;True
67506;0;0;0;True
67507;9;16;7;True
67508;2;4;2;True
67509;2;2;0;True
67510;2;4;2;True
67511;5;9;4;True
67512;2;4;2;True
67513;2;4;2;True
67514;0;0;0;True
67515;2;4;2;True
67516;3;6;3;True
67517;4;6;2;True
67518;2;4;2;True
67519;3;6;3;True
67520;6;9;3;True
67521;5;12;7;True
67522;1;1;0;True
67523;2;4;2;True
67524;1;1;0;True
67525;4;12;8;True
67526;2;4;2;True
67527;5;6;1;True
67528;1;1;0;True
67529;5;12;7;True
67530;1;1;0;True
67531;6;16;10;True
67532;3;6;3;True
67533;4;6;2;True
67534;4;4;0;True
67535;5;12;7;True
67536;4;9;5;True
67537;6;12;6;True
67538;3;4;1;True
67539;4;9;5;True
67540;7;9;2;True
67541;5;6;1;True
67542;9;16;7;True
67543;6;16;10;True
67544;1;1;0;True
67545;2;4;2;True
67546;5;9;4;True
67547;1;1;0;True
67548;2;4;2;True
67549;2;4;2;True
67550;2;4;2;True
67551;1;1;0;True
67552;0;0;0;True
67553;6;9;3;True
67554;5;6;1;True
67555;2;4;2;True
67556;5;12;7;True
67557;4;8;4;True
67558;7;16;9;True
67559;4;9;5;True
67560;4;6;2;True
67561;3;4;1;True
67562;8;12;4;True
67563;2;2;0;True
67564;2;2;0;True
67565;2;2;0;True
67566;2;4;2;True
67567;6;12;6;True
67568;3;3;0;True
67569;0;0;0;True
67570;3;6;3;True
67571;1;1;0;True
67572;2;2;0;True
67573;3;6;3;True
67574;1;1;0;True
67575;1;1;0;True
67576;1;1;0;True
67577;7;16;9;True
67578;0;0;0;True
67579;5;8;3;True
67580;6;12;6;True
67581;4;12;8;True
67582;2;2;0;True
67583;5;12;7;True
67584;2;2;0;True
67585;0;0;0;True
67586;3;4;1;True
67587;1;1;0;True
67588;6;16;10;True
67589;6;12;6;True
67590;8;12;4;True
67591;5;12;7;True
67592;4;12;8;True
67593;3;6;3;True
67594;9;16;7;True
67595;4;12;8;True
67596;5;12;7;True
67597;4;9;5;True
67598;4;9;5;True
67599;2;2;0;True
67600;3;4;1;True
67601;1;1;0;True
67602;1;1;0;True
67603;3;3;0;True
67604;3;6;3;True
67605;7;16;9;True
67606;6;12;6;True
67607;8;16;8;True
67608;7;12;5;True
67609;8;16;8;True
67610;3;9;6;True
67611;1;1;0;True
67612;0;0;0;True
67613;8;16;8;True
67614;5;9;4;True
67615;2;4;2;True
67616;1;1;0;True
67617;1;1;0;True
67618;2;4;2;True
67619;5;9;4;True
67620;1;1;0;True
67621;8;12;4;True
67622;6;16;10;True
67623;0;0;0;True
67624;0;0;0;True
67625;2;2;0;True
67626;5;16;11;True
67627;4;9;5;True
67628;1;1;0;True
67629;2;2;0;True
67630;5;9;4;True
67631;10;16;6;True
67632;8;16;8;True
67633;5;9;4;True
67634;7;12;5;True
67635;2;4;2;True
67636;5;9;4;True
67637;8;16;8;True
67638;3;9;6;True
67639;2;2;0;True
67640;1;1;0;True
67641;3;4;1;True
67642;8;12;4;True
67643;4;12;8;True
67644;5;9;4;True
67645;2;2;0;True
67646;7;12;5;True
67647;3;9;6;True
67648;6;16;10;True
67649;2;2;0;True
67650;4;12;8;True
67651;5;8;3;True
67652;9;16;7;True
67653;5;12;7;True
67654;5;12;7;True
67655;4;9;5;True
67656;6;12;6;True
67657;2;2;0;True
67658;4;6;2;True
67659;3;6;3;True
67660;7;12;5;True
67661;2;4;2;True
67662;7;16;9;True
67663;2;2;0;True
67664;8;12;4;True
67665;7;16;9;True
67666;5;12;7;True
67667;4;9;5;True
67668;3;9;6;True
67669;2;4;2;True
67670;3;9;6;True
67671;5;12;7;True
67672;4;9;5;True
67673;5;6;1;True
67674;6;12;6;True
67675;1;1;0;True
67676;2;2;0;True
67677;4;9;5;True
67678;3;6;3;True
67679;2;2;0;True
67680;3;6;3;True
67681;6;12;6;True
67682;2;2;0;True
67683;4;8;4;True
67684;5;12;7;True
67685;4;9;5;True
67686;1;1;0;True
67687;6;16;10;True
67688;3;6;3;True
67689;7;12;5;True
67690;0;0;0;True
67691;5;6;1;True
67692;5;9;4;True
67693;4;12;8;True
67694;3;4;1;True
67695;3;6;3;True
67696;5;9;4;True
67697;3;4;1;True
67698;5;16;11;True
67699;5;8;3;True
67700;2;2;0;True
67701;3;6;3;True
67702;3;6;3;True
67703;2;4;2;True
67704;3;6;3;True
67705;1;1;0;True
67706;3;6;3;True
67707;2;4;2;True
67708;3;4;1;True
67709;1;1;0;True
67710;5;9;4;True
67711;3;4;1;True
67712;3;6;3;True
67713;7;16;9;True
67714;3;3;0;True
67715;4;8;4;True
67716;1;1;0;True
67717;3;6;3;True
67718;5;9;4;True
67719;0;0;0;True
67720;2;2;0;True
67721;3;6;3;True
67722;2;2;0;True
67723;1;1;0;True
67724;4;12;8;True
67725;2;4;2;True
67726;1;1;0;True
67727;9;16;7;True
67728;3;3;0;True
67729;5;12;7;True
67730;4;6;2;True
67731;0;0;0;True
67732;4;9;5;True
67733;6;12;6;True
67734;1;1;0;True
67735;5;12;7;True
67736;6;12;6;True
67737;1;1;0;True
67738;9;16;7;True
67739;5;12;7;True
67740;4;16;12;True
67741;4;6;2;True
67742;2;4;2;True
67743;5;12;7;True
67744;11;16;5;True
67745;1;1;0;True
67746;3;9;6;True
67747;6;12;6;True
67748;3;9;6;True
67749;4;9;5;True
67750;3;4;1;True
67751;3;6;3;True
67752;6;12;6;True
67753;0;0;0;True
67754;6;9;3;True
67755;0;0;0;True
67756;4;4;0;True
67757;2;2;0;True
67758;5;6;1;True
67759;1;1;0;True
67760;0;0;0;True
67761;4;9;5;True
67762;5;9;4;True
67763;2;4;2;True
67764;5;9;4;True
67765;3;9;6;True
67766;5;12;7;True
67767;5;12;7;True
67768;3;9;6;True
67769;7;16;9;True
67770;4;8;4;True
67771;1;1;0;True
67772;5;12;7;True
67773;1;1;0;True
67774;2;2;0;True
67775;6;16;10;True
67776;6;16;10;True
67777;3;4;1;True
67778;3;6;3;True
67779;5;12;7;True
67780;2;4;2;True
67781;3;6;3;True
67782;6;12;6;True
67783;6;16;10;True
67784;4;9;5;True
67785;4;12;8;True
67786;10;16;6;True
67787;3;6;3;True
67788;3;6;3;True
67789;5;9;4;True
67790;2;4;2;True
67791;6;12;6;True
67792;3;9;6;True
67793;4;6;2;True
67794;1;1;0;True
67795;6;12;6;True
67796;4;6;2;True
67797;6;9;3;True
67798;3;6;3;True
67799;4;12;8;True
67800;4;12;8;True
67801;2;4;2;True
67802;6;9;3;True
67803;7;16;9;True
67804;2;4;2;True
67805;8;16;8;True
67806;3;6;3;True
67807;1;1;0;True
67808;5;12;7;True
67809;8;16;8;True
67810;4;9;5;True
67811;2;2;0;True
67812;2;4;2;True
67813;2;2;0;True
67814;5;9;4;True
67815;10;12;2;True
67816;1;1;0;True
67817;7;16;9;True
67818;1;1;0;True
67819;6;16;10;True
67820;0;0;0;True
67821;1;1;0;True
67822;2;4;2;True
67823;4;12;8;True
67824;5;16;11;True
67825;7;12;5;True
67826;1;1;0;True
67827;3;4;1;True
67828;2;2;0;True
67829;2;2;0;True
67830;6;12;6;True
67831;4;6;2;True
67832;0;0;0;True
67833;4;9;5;True
67834;2;4;2;True
67835;5;12;7;True
67836;5;6;1;True
67837;1;1;0;True
67838;5;16;11;True
67839;3;4;1;True
67840;3;6;3;True
67841;4;9;5;True
67842;5;12;7;True
67843;3;4;1;True
67844;4;9;5;True
67845;3;9;6;True
67846;3;9;6;True
67847;2;4;2;True
67848;4;6;2;True
67849;2;4;2;True
67850;3;6;3;True
67851;3;6;3;True
67852;5;16;11;True
67853;4;6;2;True
67854;3;9;6;True
67855;8;16;8;True
67856;0;0;0;True
67857;9;16;7;True
67858;2;4;2;True
67859;2;2;0;True
67860;8;16;8;True
67861;7;12;5;True
67862;6;12;6;True
67863;3;3;0;True
67864;2;4;2;True
67865;4;9;5;True
67866;4;9;5;True
67867;3;6;3;True
67868;0;0;0;True
67869;6;9;3;True
67870;6;12;6;True
67871;8;12;4;True
67872;7;12;5;True
67873;7;12;5;True
67874;0;0;0;True
67875;7;16;9;True
67876;3;9;6;True
67877;7;16;9;True
67878;8;12;4;True
67879;3;6;3;True
67880;0;0;0;True
67881;4;6;2;True
67882;2;2;0;True
67883;1;1;0;True
67884;4;6;2;True
67885;1;1;0;True
67886;2;4;2;True
67887;5;9;4;True
67888;3;4;1;True
67889;2;4;2;True
67890;6;12;6;True
67891;4;8;4;True
67892;6;6;0;True
67893;6;16;10;True
67894;4;6;2;True
67895;5;12;7;True
67896;8;16;8;True
67897;1;1;0;True
67898;3;6;3;True
67899;1;1;0;True
67900;4;6;2;True
67901;3;6;3;True
67902;3;6;3;True
67903;4;6;2;True
67904;1;1;0;True
67905;3;6;3;True
67906;2;4;2;True
67907;5;6;1;True
67908;5;9;4;True
67909;2;4;2;True
67910;5;9;4;True
67911;0;0;0;True
67912;9;12;3;True
67913;1;1;0;True
67914;0;0;0;True
67915;4;9;5;True
67916;5;16;11;True
67917;5;12;7;True
67918;4;9;5;True
67919;2;4;2;True
67920;8;12;4;True
67921;9;16;7;True
67922;5;12;7;True
67923;7;16;9;True
67924;6;16;10;True
67925;0;0;0;True
67926;6;12;6;True
67927;3;6;3;True
67928;5;12;7;True
67929;4;9;5;True
67930;3;4;1;True
67931;9;16;7;True
67932;5;12;7;True
67933;4;6;2;True
67934;2;4;2;True
67935;8;16;8;True
67936;4;9;5;True
67937;7;16;9;True
67938;3;6;3;True
67939;3;6;3;True
67940;4;9;5;True
67941;5;12;7;True
67942;2;2;0;True
67943;1;1;0;True
67944;8;16;8;True
67945;8;12;4;True
67946;8;12;4;True
67947;3;6;3;True
67948;3;4;1;True
67949;3;9;6;True
67950;3;6;3;True
67951;1;1;0;True
67952;1;1;0;True
67953;8;12;4;True
67954;7;12;5;True
67955;6;12;6;True
67956;1;1;0;True
67957;3;6;3;True
67958;5;6;1;True
67959;8;12;4;True
67960;2;2;0;True
67961;3;4;1;True
67962;3;4;1;True
67963;2;2;0;True
67964;1;1;0;True
67965;3;6;3;True
67966;5;9;4;True
67967;3;9;6;True
67968;3;6;3;True
67969;2;2;0;True
67970;1;1;0;True
67971;4;9;5;True
67972;3;6;3;True
67973;4;9;5;True
67974;4;9;5;True
67975;3;4;1;True
67976;4;9;5;True
67977;5;9;4;True
67978;0;0;0;True
67979;7;16;9;True
67980;7;16;9;True
67981;4;6;2;True
67982;7;12;5;True
67983;5;12;7;True
67984;2;4;2;True
67985;0;0;0;True
67986;1;1;0;True
67987;3;6;3;True
67988;5;9;4;True
67989;3;6;3;True
67990;7;16;9;True
67991;5;9;4;True
67992;0;0;0;True
67993;11;16;5;True
67994;1;1;0;True
67995;2;2;0;True
67996;3;4;1;True
67997;6;12;6;True
67998;2;4;2;True
67999;6;9;3;True
68000;6;12;6;True
68001;2;2;0;True
68002;0;0;0;True
68003;5;16;11;True
68004;3;6;3;True
68005;2;4;2;True
68006;1;1;0;True
68007;5;9;4;True
68008;1;1;0;True
68009;5;9;4;True
68010;3;4;1;True
68011;4;9;5;True
68012;1;1;0;True
68013;3;9;6;True
68014;8;12;4;True
68015;3;6;3;True
68016;3;4;1;True
68017;1;1;0;True
68018;6;12;6;True
68019;5;12;7;True
68020;2;4;2;True
68021;4;9;5;True
68022;3;4;1;True
68023;4;6;2;True
68024;6;12;6;True
68025;8;12;4;True
68026;2;4;2;True
68027;7;12;5;True
68028;4;9;5;True
68029;4;12;8;True
68030;9;16;7;True
68031;1;1;0;True
68032;0;0;0;True
68033;1;1;0;True
68034;6;12;6;True
68035;6;9;3;True
68036;2;2;0;True
68037;1;1;0;True
68038;4;6;2;True
68039;7;12;5;True
68040;6;16;10;True
68041;5;9;4;True
68042;4;12;8;True
68043;6;16;10;True
68044;4;6;2;True
68045;8;16;8;True
68046;3;4;1;True
68047;7;16;9;True
68048;0;0;0;True
68049;7;12;5;True
68050;5;12;7;True
68051;0;0;0;True
68052;6;9;3;True
68053;0;0;0;True
68054;2;2;0;True
68055;3;6;3;True
68056;4;9;5;True
68057;5;9;4;True
68058;5;12;7;True
68059;9;16;7;True
68060;2;2;0;True
68061;3;6;3;True
68062;3;6;3;True
68063;5;16;11;True
68064;6;12;6;True
68065;5;9;4;True
68066;8;16;8;True
68067;1;1;0;True
68068;7;8;1;True
68069;1;1;0;True
68070;2;4;2;True
68071;4;9;5;True
68072;6;12;6;True
68073;4;6;2;True
68074;1;1;0;True
68075;3;6;3;True
68076;5;9;4;True
68077;9;16;7;True
68078;1;1;0;True
68079;7;16;9;True
68080;2;2;0;True
68081;5;12;7;True
68082;3;6;3;True
68083;4;6;2;True
68084;4;6;2;True
68085;2;4;2;True
68086;4;12;8;True
68087;7;16;9;True
68088;2;4;2;True
68089;1;1;0;True
68090;10;16;6;True
68091;2;4;2;True
68092;8;16;8;True
68093;5;6;1;True
68094;2;4;2;True
68095;5;12;7;True
68096;6;12;6;True
68097;2;4;2;True
68098;3;4;1;True
68099;5;9;4;True
68100;5;9;4;True
68101;2;2;0;True
68102;3;3;0;True
68103;8;16;8;True
68104;1;1;0;True
68105;4;12;8;True
68106;7;16;9;True
68107;8;12;4;True
68108;5;12;7;True
68109;3;6;3;True
68110;2;4;2;True
68111;6;16;10;True
68112;5;9;4;True
68113;5;12;7;True
68114;5;16;11;True
68115;3;6;3;True
68116;2;4;2;True
68117;3;6;3;True
68118;4;9;5;True
68119;5;12;7;True
68120;4;6;2;True
68121;3;6;3;True
68122;0;0;0;True
68123;1;1;0;True
68124;6;12;6;True
68125;3;6;3;True
68126;5;16;11;True
68127;6;16;10;True
68128;1;1;0;True
68129;2;2;0;True
68130;1;1;0;True
68131;3;4;1;True
68132;1;1;0;True
68133;3;4;1;True
68134;4;6;2;True
68135;5;8;3;True
68136;5;12;7;True
68137;0;0;0;True
68138;1;1;0;True
68139;5;9;4;True
68140;4;9;5;True
68141;6;16;10;True
68142;4;12;8;True
68143;8;12;4;True
68144;3;6;3;True
68145;2;4;2;True
68146;4;9;5;True
68147;4;6;2;True
68148;1;1;0;True
68149;3;4;1;True
68150;5;9;4;True
68151;6;12;6;True
68152;1;1;0;True
68153;3;4;1;True
68154;7;12;5;True
68155;4;9;5;True
68156;4;9;5;True
68157;6;12;6;True
68158;7;12;5;True
68159;3;4;1;True
68160;2;4;2;True
68161;3;4;1;True
68162;4;9;5;True
68163;2;4;2;True
68164;5;9;4;True
68165;3;6;3;True
68166;2;4;2;True
68167;0;0;0;True
68168;3;6;3;True
68169;9;16;7;True
68170;2;2;0;True
68171;11;16;5;True
68172;1;1;0;True
68173;4;16;12;True
68174;3;4;1;True
68175;1;1;0;True
68176;3;4;1;True
68177;4;12;8;True
68178;0;0;0;True
68179;1;1;0;True
68180;1;1;0;True
68181;3;6;3;True
68182;2;4;2;True
68183;1;1;0;True
68184;4;9;5;True
68185;1;1;0;True
68186;3;6;3;True
68187;0;0;0;True
68188;1;1;0;True
68189;3;9;6;True
68190;2;4;2;True
68191;5;9;4;True
68192;5;6;1;True
68193;4;6;2;True
68194;0;0;0;True
68195;6;16;10;True
68196;7;16;9;True
68197;3;4;1;True
68198;3;4;1;True
68199;3;6;3;True
68200;5;9;4;True
68201;5;9;4;True
68202;5;12;7;True
68203;6;12;6;True
68204;0;0;0;True
68205;5;12;7;True
68206;8;12;4;True
68207;2;4;2;True
68208;0;0;0;True
68209;4;6;2;True
68210;3;9;6;True
68211;2;4;2;True
68212;2;4;2;True
68213;1;1;0;True
68214;2;4;2;True
68215;3;6;3;True
68216;4;12;8;True
68217;0;0;0;True
68218;3;6;3;True
68219;0;0;0;True
68220;1;1;0;True
68221;7;16;9;True
68222;8;16;8;True
68223;5;12;7;True
68224;4;16;12;True
68225;4;8;4;True
68226;2;2;0;True
68227;4;6;2;True
68228;0;0;0;True
68229;4;6;2;True
68230;4;16;12;True
68231;3;6;3;True
68232;3;4;1;True
68233;6;16;10;True
68234;9;16;7;True
68235;3;6;3;True
68236;1;1;0;True
68237;7;16;9;True
68238;5;12;7;True
68239;7;12;5;True
68240;3;6;3;True
68241;1;1;0;True
68242;0;0;0;True
68243;2;4;2;True
68244;1;1;0;True
68245;5;8;3;True
68246;4;9;5;True
68247;2;4;2;True
68248;6;12;6;True
68249;6;12;6;True
68250;1;1;0;True
68251;6;12;6;True
68252;3;9;6;True
68253;1;1;0;True
68254;6;12;6;True
68255;4;6;2;True
68256;2;2;0;True
68257;3;4;1;True
68258;4;12;8;True
68259;3;9;6;True
68260;5;6;1;True
68261;5;16;11;True
68262;10;16;6;True
68263;5;12;7;True
68264;2;4;2;True
68265;2;2;0;True
68266;4;6;2;True
68267;0;0;0;True
68268;1;1;0;True
68269;7;12;5;True
68270;1;1;0;True
68271;3;6;3;True
68272;4;6;2;True
68273;5;9;4;True
68274;1;1;0;True
68275;0;0;0;True
68276;1;1;0;True
68277;4;12;8;True
68278;1;1;0;True
68279;5;12;7;True
68280;4;9;5;True
68281;4;9;5;True
68282;3;6;3;True
68283;1;1;0;True
68284;5;9;4;True
68285;6;12;6;True
68286;0;0;0;True
68287;6;12;6;True
68288;4;9;5;True
68289;1;1;0;True
68290;3;6;3;True
68291;4;12;8;True
68292;8;12;4;True
68293;1;1;0;True
68294;2;4;2;True
68295;2;2;0;True
68296;6;16;10;True
68297;1;1;0;True
68298;4;9;5;True
68299;0;0;0;True
68300;2;4;2;True
68301;5;16;11;True
68302;2;4;2;True
68303;2;2;0;True
68304;4;6;2;True
68305;3;3;0;True
68306;4;6;2;True
68307;6;12;6;True
68308;3;4;1;True
68309;5;8;3;True
68310;2;2;0;True
68311;10;16;6;True
68312;7;12;5;True
68313;3;6;3;True
68314;3;6;3;True
68315;6;12;6;True
68316;3;6;3;True
68317;4;6;2;True
68318;8;16;8;True
68319;7;12;5;True
68320;6;12;6;True
68321;0;0;0;True
68322;1;1;0;True
68323;7;16;9;True
68324;5;12;7;True
68325;2;4;2;True
68326;1;1;0;True
68327;6;12;6;True
68328;0;0;0;True
68329;2;4;2;True
68330;2;2;0;True
68331;1;1;0;True
68332;3;6;3;True
68333;3;6;3;True
68334;3;4;1;True
68335;1;1;0;True
68336;3;6;3;True
68337;4;12;8;True
68338;6;12;6;True
68339;5;9;4;True
68340;3;4;1;True
68341;2;2;0;True
68342;4;9;5;True
68343;6;12;6;True
68344;3;9;6;True
68345;4;6;2;True
68346;3;9;6;True
68347;6;16;10;True
68348;8;16;8;True
68349;2;2;0;True
68350;3;6;3;True
68351;3;6;3;True
68352;3;6;3;True
68353;5;16;11;True
68354;6;16;10;True
68355;7;16;9;True
68356;4;12;8;True
68357;4;9;5;True
68358;4;8;4;True
68359;3;6;3;True
68360;2;4;2;True
68361;4;9;5;True
68362;1;1;0;True
68363;3;6;3;True
68364;5;8;3;True
68365;1;1;0;True
68366;3;4;1;True
68367;3;4;1;True
68368;4;9;5;True
68369;4;8;4;True
68370;4;9;5;True
68371;4;6;2;True
68372;0;0;0;True
68373;6;12;6;True
68374;4;9;5;True
68375;1;1;0;True
68376;5;12;7;True
68377;4;12;8;True
68378;4;12;8;True
68379;5;12;7;True
68380;1;1;0;True
68381;5;8;3;True
68382;3;6;3;True
68383;2;4;2;True
68384;4;12;8;True
68385;7;12;5;True
68386;8;16;8;True
68387;1;1;0;True
68388;6;12;6;True
68389;4;6;2;True
68390;4;6;2;True
68391;3;6;3;True
68392;5;16;11;True
68393;5;6;1;True
68394;1;1;0;True
68395;0;0;0;True
68396;2;2;0;True
68397;0;0;0;True
68398;2;2;0;True
68399;5;12;7;True
68400;3;6;3;True
68401;2;2;0;True
68402;1;1;0;True
68403;5;9;4;True
68404;9;16;7;True
68405;5;9;4;True
68406;7;16;9;True
68407;1;1;0;True
68408;6;16;10;True
68409;6;12;6;True
68410;6;9;3;True
68411;8;16;8;True
68412;6;12;6;True
68413;3;4;1;True
68414;6;16;10;True
68415;3;6;3;True
68416;2;2;0;True
68417;3;6;3;True
68418;3;9;6;True
68419;0;0;0;True
68420;1;1;0;True
68421;3;4;1;True
68422;2;4;2;True
68423;4;6;2;True
68424;3;6;3;True
68425;4;9;5;True
68426;3;4;1;True
68427;1;1;0;True
68428;2;4;2;True
68429;6;12;6;True
68430;2;4;2;True
68431;3;4;1;True
68432;6;16;10;True
68433;2;4;2;True
68434;3;4;1;True
68435;9;16;7;True
68436;4;6;2;True
68437;2;2;0;True
68438;2;4;2;True
68439;3;6;3;True
68440;5;12;7;True
68441;3;9;6;True
68442;0;0;0;True
68443;0;0;0;True
68444;6;12;6;True
68445;6;12;6;True
68446;2;2;0;True
68447;0;0;0;True
68448;3;9;6;True
68449;0;0;0;True
68450;2;4;2;True
68451;2;4;2;True
68452;0;0;0;True
68453;1;1;0;True
68454;3;6;3;True
68455;5;12;7;True
68456;3;9;6;True
68457;5;16;11;True
68458;0;0;0;True
68459;2;4;2;True
68460;0;0;0;True
68461;4;16;12;True
68462;3;6;3;True
68463;7;9;2;True
68464;2;2;0;True
68465;4;6;2;True
68466;2;4;2;True
68467;4;6;2;True
68468;1;1;0;True
68469;3;6;3;True
68470;3;6;3;True
68471;5;9;4;True
68472;4;4;0;True
68473;3;6;3;True
68474;0;0;0;True
68475;4;6;2;True
68476;6;12;6;True
68477;5;9;4;True
68478;5;9;4;True
68479;6;9;3;True
68480;7;16;9;True
68481;7;12;5;True
68482;5;12;7;True
68483;5;9;4;True
68484;4;6;2;True
68485;4;9;5;True
68486;0;0;0;True
68487;2;4;2;True
68488;1;1;0;True
68489;6;12;6;True
68490;1;1;0;True
68491;1;1;0;True
68492;6;8;2;True
68493;5;6;1;True
68494;2;2;0;True
68495;3;4;1;True
68496;5;12;7;True
68497;1;1;0;True
68498;0;0;0;True
68499;2;4;2;True
68500;5;12;7;True
68501;4;6;2;True
68502;7;12;5;True
68503;5;12;7;True
68504;2;2;0;True
68505;5;12;7;True
68506;8;16;8;True
68507;8;9;1;True
68508;5;8;3;True
68509;3;6;3;True
68510;5;12;7;True
68511;0;0;0;True
68512;2;2;0;True
68513;4;12;8;True
68514;4;12;8;True
68515;2;2;0;True
68516;3;9;6;True
68517;5;9;4;True
68518;1;1;0;True
68519;2;4;2;True
68520;2;4;2;True
68521;2;2;0;True
68522;3;6;3;True
68523;5;12;7;True
68524;3;4;1;True
68525;4;6;2;True
68526;5;9;4;True
68527;3;6;3;True
68528;4;6;2;True
68529;4;9;5;True
68530;3;6;3;True
68531;3;9;6;True
68532;2;4;2;True
68533;1;1;0;True
68534;4;9;5;True
68535;1;1;0;True
68536;7;12;5;True
68537;2;4;2;True
68538;3;9;6;True
68539;6;16;10;True
68540;3;6;3;True
68541;2;4;2;True
68542;5;9;4;True
68543;3;6;3;True
68544;6;9;3;True
68545;4;9;5;True
68546;2;4;2;True
68547;5;16;11;True
68548;0;0;0;True
68549;4;9;5;True
68550;4;16;12;True
68551;4;6;2;True
68552;6;12;6;True
68553;3;6;3;True
68554;3;6;3;True
68555;3;4;1;True
68556;1;1;0;True
68557;0;0;0;True
68558;3;6;3;True
68559;4;9;5;True
68560;5;9;4;True
68561;4;6;2;True
68562;4;9;5;True
68563;5;12;7;True
68564;2;4;2;True
68565;2;2;0;True
68566;0;0;0;True
68567;5;9;4;True
68568;5;9;4;True
68569;4;9;5;True
68570;10;16;6;True
68571;0;0;0;True
68572;9;12;3;True
68573;3;6;3;True
68574;4;8;4;True
68575;7;12;5;True
68576;1;1;0;True
68577;2;2;0;True
68578;1;1;0;True
68579;2;4;2;True
68580;3;4;1;True
68581;0;0;0;True
68582;4;9;5;True
68583;5;9;4;True
68584;3;6;3;True
68585;4;9;5;True
68586;2;4;2;True
68587;9;16;7;True
68588;5;9;4;True
68589;5;12;7;True
68590;6;12;6;True
68591;2;4;2;True
68592;0;0;0;True
68593;2;4;2;True
68594;5;12;7;True
68595;10;16;6;True
68596;1;1;0;True
68597;0;0;0;True
68598;8;12;4;True
68599;5;9;4;True
68600;1;1;0;True
68601;2;4;2;True
68602;8;16;8;True
68603;3;6;3;True
68604;2;4;2;True
68605;2;4;2;True
68606;3;9;6;True
68607;5;12;7;True
68608;2;4;2;True
68609;3;6;3;True
68610;2;4;2;True
68611;2;4;2;True
68612;4;4;0;True
68613;0;0;0;True
68614;6;12;6;True
68615;3;6;3;True
68616;6;16;10;True
68617;2;2;0;True
68618;5;9;4;True
68619;6;8;2;True
68620;5;9;4;True
68621;3;3;0;True
68622;5;16;11;True
68623;1;1;0;True
68624;4;9;5;True
68625;1;1;0;True
68626;5;16;11;True
68627;2;2;0;True
68628;6;8;2;True
68629;6;12;6;True
68630;4;6;2;True
68631;7;16;9;True
68632;4;9;5;True
68633;4;6;2;True
68634;1;1;0;True
68635;3;9;6;True
68636;7;16;9;True
68637;2;4;2;True
68638;8;16;8;True
68639;5;16;11;True
68640;5;9;4;True
68641;3;9;6;True
68642;1;1;0;True
68643;4;12;8;True
68644;7;12;5;True
68645;5;9;4;True
68646;3;6;3;True
68647;0;0;0;True
68648;2;2;0;True
68649;3;3;0;True
68650;2;4;2;True
68651;5;12;7;True
68652;6;16;10;True
68653;2;4;2;True
68654;1;1;0;True
68655;9;16;7;True
68656;1;1;0;True
68657;1;1;0;True
68658;4;6;2;True
68659;1;1;0;True
68660;6;12;6;True
68661;2;2;0;True
68662;3;4;1;True
68663;5;12;7;True
68664;2;2;0;True
68665;8;16;8;True
68666;0;0;0;True
68667;8;16;8;True
68668;0;0;0;True
68669;4;6;2;True
68670;1;1;0;True
68671;4;9;5;True
68672;1;1;0;True
68673;5;12;7;True
68674;2;4;2;True
68675;1;1;0;True
68676;8;16;8;True
68677;3;6;3;True
68678;5;12;7;True
68679;2;2;0;True
68680;1;1;0;True
68681;5;12;7;True
68682;8;12;4;True
68683;4;8;4;True
68684;8;16;8;True
68685;4;12;8;True
68686;4;6;2;True
68687;2;2;0;True
68688;3;4;1;True
68689;2;2;0;True
68690;4;9;5;True
68691;3;4;1;True
68692;0;0;0;True
68693;1;1;0;True
68694;2;4;2;True
68695;3;9;6;True
68696;1;1;0;True
68697;4;16;12;True
68698;5;12;7;True
68699;5;12;7;True
68700;5;16;11;True
68701;3;6;3;True
68702;0;0;0;True
68703;1;1;0;True
68704;5;6;1;True
68705;4;9;5;True
68706;2;2;0;True
68707;4;9;5;True
68708;4;9;5;True
68709;5;8;3;True
68710;3;6;3;True
68711;1;1;0;True
68712;4;9;5;True
68713;8;12;4;True
68714;9;16;7;True
68715;3;3;0;True
68716;9;16;7;True
68717;4;6;2;True
68718;4;12;8;True
68719;3;4;1;True
68720;3;4;1;True
68721;4;9;5;True
68722;6;16;10;True
68723;0;0;0;True
68724;5;6;1;True
68725;1;1;0;True
68726;5;16;11;True
68727;0;0;0;True
68728;9;16;7;True
68729;6;9;3;True
68730;2;2;0;True
68731;0;0;0;True
68732;6;12;6;True
68733;3;6;3;True
68734;9;12;3;True
68735;6;12;6;True
68736;2;2;0;True
68737;5;8;3;True
68738;4;12;8;True
68739;1;1;0;True
68740;2;4;2;True
68741;4;6;2;True
68742;7;8;1;True
68743;5;9;4;True
68744;3;6;3;True
68745;2;4;2;True
68746;5;12;7;True
68747;4;12;8;True
68748;2;4;2;True
68749;5;16;11;True
68750;5;9;4;True
68751;1;1;0;True
68752;3;6;3;True
68753;4;12;8;True
68754;2;2;0;True
68755;3;6;3;True
68756;2;2;0;True
68757;3;4;1;True
68758;9;16;7;True
68759;2;4;2;True
68760;6;12;6;True
68761;1;1;0;True
68762;1;1;0;True
68763;8;16;8;True
68764;3;6;3;True
68765;5;9;4;True
68766;6;9;3;True
68767;1;1;0;True
68768;5;12;7;True
68769;4;6;2;True
68770;6;16;10;True
68771;2;2;0;True
68772;2;4;2;True
68773;5;6;1;True
68774;2;4;2;True
68775;2;4;2;True
68776;2;4;2;True
68777;1;1;0;True
68778;5;12;7;True
68779;4;6;2;True
68780;2;2;0;True
68781;0;0;0;True
68782;8;12;4;True
68783;3;6;3;True
68784;3;6;3;True
68785;6;12;6;True
68786;6;9;3;True
68787;3;4;1;True
68788;0;0;0;True
68789;4;6;2;True
68790;8;12;4;True
68791;5;12;7;True
68792;0;0;0;True
68793;5;12;7;True
68794;5;12;7;True
68795;3;4;1;True
68796;3;4;1;True
68797;4;6;2;True
68798;3;4;1;True
68799;6;12;6;True
68800;2;4;2;True
68801;4;9;5;True
68802;1;1;0;True
68803;2;4;2;True
68804;4;9;5;True
68805;4;12;8;True
68806;3;6;3;True
68807;0;0;0;True
68808;1;1;0;True
68809;4;6;2;True
68810;7;12;5;True
68811;9;12;3;True
68812;2;4;2;True
68813;4;9;5;True
68814;8;16;8;True
68815;4;12;8;True
68816;9;16;7;True
68817;6;12;6;True
68818;4;12;8;True
68819;1;1;0;True
68820;4;6;2;True
68821;1;1;0;True
68822;6;8;2;True
68823;2;2;0;True
68824;4;12;8;True
68825;4;9;5;True
68826;3;9;6;True
68827;3;6;3;True
68828;6;16;10;True
68829;6;9;3;True
68830;6;12;6;True
68831;2;2;0;True
68832;4;6;2;True
68833;4;6;2;True
68834;4;16;12;True
68835;5;16;11;True
68836;4;9;5;True
68837;1;1;0;True
68838;1;1;0;True
68839;2;2;0;True
68840;2;4;2;True
68841;3;9;6;True
68842;3;4;1;True
68843;0;0;0;True
68844;5;16;11;True
68845;3;6;3;True
68846;4;6;2;True
68847;5;8;3;True
68848;5;12;7;True
68849;4;9;5;True
68850;0;0;0;True
68851;2;2;0;True
68852;1;1;0;True
68853;5;16;11;True
68854;5;16;11;True
68855;6;12;6;True
68856;7;12;5;True
68857;8;16;8;True
68858;6;12;6;True
68859;2;2;0;True
68860;5;16;11;True
68861;6;12;6;True
68862;3;4;1;True
68863;6;9;3;True
68864;6;12;6;True
68865;3;4;1;True
68866;5;9;4;True
68867;6;16;10;True
68868;0;0;0;True
68869;3;6;3;True
68870;6;16;10;True
68871;5;12;7;True
68872;3;6;3;True
68873;4;12;8;True
68874;2;4;2;True
68875;2;2;0;True
68876;3;4;1;True
68877;7;16;9;True
68878;6;12;6;True
68879;6;12;6;True
68880;6;12;6;True
68881;3;6;3;True
68882;4;6;2;True
68883;3;9;6;True
68884;3;9;6;True
68885;3;4;1;True
68886;5;8;3;True
68887;7;16;9;True
68888;1;1;0;True
68889;3;4;1;True
68890;3;4;1;True
68891;5;12;7;True
68892;1;1;0;True
68893;1;1;0;True
68894;7;16;9;True
68895;0;0;0;True
68896;4;12;8;True
68897;1;1;0;True
68898;6;12;6;True
68899;5;12;7;True
68900;5;9;4;True
68901;4;9;5;True
68902;2;2;0;True
68903;3;4;1;True
68904;4;6;2;True
68905;3;3;0;True
68906;6;16;10;True
68907;4;12;8;True
68908;4;9;5;True
68909;4;6;2;True
68910;8;16;8;True
68911;1;1;0;True
68912;4;6;2;True
68913;2;4;2;True
68914;5;9;4;True
68915;3;6;3;True
68916;4;9;5;True
68917;3;6;3;True
68918;6;16;10;True
68919;1;1;0;True
68920;0;0;0;True
68921;4;8;4;True
68922;3;6;3;True
68923;1;1;0;True
68924;1;1;0;True
68925;6;16;10;True
68926;3;4;1;True
68927;6;9;3;True
68928;6;12;6;True
68929;4;9;5;True
68930;4;12;8;True
68931;4;9;5;True
68932;1;1;0;True
68933;5;6;1;True
68934;8;16;8;True
68935;4;12;8;True
68936;0;0;0;True
68937;6;16;10;True
68938;5;12;7;True
68939;5;9;4;True
68940;9;16;7;True
68941;2;4;2;True
68942;3;6;3;True
68943;2;2;0;True
68944;1;1;0;True
68945;4;9;5;True
68946;5;9;4;True
68947;3;6;3;True
68948;4;6;2;True
68949;0;0;0;True
68950;1;1;0;True
68951;6;12;6;True
68952;3;6;3;True
68953;6;16;10;True
68954;8;16;8;True
68955;5;9;4;True
68956;10;16;6;True
68957;3;9;6;True
68958;5;9;4;True
68959;2;4;2;True
68960;0;0;0;True
68961;10;16;6;True
68962;5;12;7;True
68963;2;2;0;True
68964;1;1;0;True
68965;6;12;6;True
68966;1;1;0;True
68967;0;0;0;True
68968;3;4;1;True
68969;5;12;7;True
68970;2;4;2;True
68971;5;16;11;True
68972;3;9;6;True
68973;0;0;0;True
68974;9;16;7;True
68975;4;9;5;True
68976;2;2;0;True
68977;4;12;8;True
68978;8;16;8;True
68979;2;4;2;True
68980;6;9;3;True
68981;3;6;3;True
68982;0;0;0;True
68983;4;6;2;True
68984;4;9;5;True
68985;1;1;0;True
68986;6;9;3;True
68987;8;16;8;True
68988;3;6;3;True
68989;2;2;0;True
68990;1;1;0;True
68991;6;12;6;True
68992;3;6;3;True
68993;5;12;7;True
68994;3;9;6;True
68995;3;4;1;True
68996;0;0;0;True
68997;2;2;0;True
68998;7;12;5;True
68999;6;12;6;True
69000;5;12;7;True
69001;8;16;8;True
69002;5;16;11;True
69003;3;6;3;True
69004;5;9;4;True
69005;2;4;2;True
69006;3;6;3;True
69007;3;6;3;True
69008;0;0;0;True
69009;6;12;6;True
69010;3;3;0;True
69011;5;9;4;True
69012;6;12;6;True
69013;0;0;0;True
69014;5;12;7;True
69015;2;2;0;True
69016;4;8;4;True
69017;10;12;2;True
69018;3;6;3;True
69019;2;2;0;True
69020;5;9;4;True
69021;4;8;4;True
69022;3;4;1;True
69023;2;4;2;True
69024;8;16;8;True
69025;3;6;3;True
69026;4;4;0;True
69027;1;1;0;True
69028;4;9;5;True
69029;6;9;3;True
69030;5;8;3;True
69031;2;4;2;True
69032;4;12;8;True
69033;4;6;2;True
69034;7;16;9;True
69035;5;9;4;True
69036;3;4;1;True
69037;2;4;2;True
69038;3;4;1;True
69039;2;4;2;True
69040;2;2;0;True
69041;5;9;4;True
69042;4;9;5;True
69043;3;4;1;True
69044;6;12;6;True
69045;2;4;2;True
69046;6;12;6;True
69047;1;1;0;True
69048;4;12;8;True
69049;2;2;0;True
69050;3;6;3;True
69051;4;9;5;True
69052;6;8;2;True
69053;1;1;0;True
69054;6;12;6;True
69055;1;1;0;True
69056;4;9;5;True
69057;3;6;3;True
69058;4;12;8;True
69059;2;4;2;True
69060;5;16;11;True
69061;3;3;0;True
69062;3;9;6;True
69063;8;12;4;True
69064;2;4;2;True
69065;5;8;3;True
69066;4;6;2;True
69067;6;12;6;True
69068;3;4;1;True
69069;5;8;3;True
69070;8;12;4;True
69071;6;12;6;True
69072;7;12;5;True
69073;4;12;8;True
69074;5;12;7;True
69075;7;9;2;True
69076;3;6;3;True
69077;4;6;2;True
69078;6;9;3;True
69079;1;1;0;True
69080;1;1;0;True
69081;5;12;7;True
69082;5;12;7;True
69083;3;6;3;True
69084;2;4;2;True
69085;6;12;6;True
69086;2;2;0;True
69087;5;12;7;True
69088;2;2;0;True
69089;5;16;11;True
69090;2;2;0;True
69091;1;1;0;True
69092;2;4;2;True
69093;5;9;4;True
69094;6;16;10;True
69095;4;9;5;True
69096;5;6;1;True
69097;0;0;0;True
69098;2;2;0;True
69099;1;1;0;True
69100;3;6;3;True
69101;2;2;0;True
69102;4;9;5;True
69103;2;4;2;True
69104;7;12;5;True
69105;2;2;0;True
69106;2;2;0;True
69107;3;4;1;True
69108;4;6;2;True
69109;3;6;3;True
69110;4;6;2;True
69111;5;12;7;True
69112;2;2;0;True
69113;2;4;2;True
69114;2;2;0;True
69115;5;9;4;True
69116;5;12;7;True
69117;2;2;0;True
69118;6;12;6;True
69119;7;9;2;True
69120;2;4;2;True
69121;4;9;5;True
69122;3;4;1;True
69123;9;16;7;True
69124;2;4;2;True
69125;2;4;2;True
69126;1;1;0;True
69127;6;9;3;True
69128;4;9;5;True
69129;5;12;7;True
69130;5;12;7;True
69131;3;6;3;True
69132;2;2;0;True
69133;5;12;7;True
69134;5;12;7;True
69135;4;6;2;True
69136;5;9;4;True
69137;2;4;2;True
69138;5;6;1;True
69139;10;16;6;True
69140;7;16;9;True
69141;3;9;6;True
69142;1;1;0;True
69143;2;2;0;True
69144;2;4;2;True
69145;0;0;0;True
69146;1;1;0;True
69147;3;9;6;True
69148;1;1;0;True
69149;1;1;0;True
69150;1;1;0;True
69151;4;6;2;True
69152;7;9;2;True
69153;2;2;0;True
69154;2;2;0;True
69155;0;0;0;True
69156;2;4;2;True
69157;5;12;7;True
69158;2;4;2;True
69159;4;6;2;True
69160;3;9;6;True
69161;5;16;11;True
69162;3;6;3;True
69163;4;6;2;True
69164;3;4;1;True
69165;4;6;2;True
69166;6;16;10;True
69167;3;6;3;True
69168;4;6;2;True
69169;9;12;3;True
69170;6;16;10;True
69171;2;2;0;True
69172;0;0;0;True
69173;2;2;0;True
69174;4;9;5;True
69175;0;0;0;True
69176;2;4;2;True
69177;5;8;3;True
69178;3;3;0;True
69179;4;9;5;True
69180;2;4;2;True
69181;1;1;0;True
69182;5;12;7;True
69183;1;1;0;True
69184;4;12;8;True
69185;5;9;4;True
69186;5;12;7;True
69187;4;9;5;True
69188;1;1;0;True
69189;3;9;6;True
69190;7;9;2;True
69191;3;4;1;True
69192;2;2;0;True
69193;5;12;7;True
69194;4;12;8;True
69195;3;6;3;True
69196;2;4;2;True
69197;3;6;3;True
69198;6;9;3;True
69199;5;8;3;True
69200;4;6;2;True
69201;2;4;2;True
69202;0;0;0;True
69203;1;1;0;True
69204;4;6;2;True
69205;4;9;5;True
69206;0;0;0;True
69207;1;1;0;True
69208;2;2;0;True
69209;1;1;0;True
69210;1;1;0;True
69211;3;6;3;True
69212;2;4;2;True
69213;1;1;0;True
69214;4;6;2;True
69215;6;12;6;True
69216;1;1;0;True
69217;6;9;3;True
69218;4;9;5;True
69219;5;9;4;True
69220;5;12;7;True
69221;5;6;1;True
69222;9;16;7;True
69223;4;6;2;True
69224;3;6;3;True
69225;6;8;2;True
69226;1;1;0;True
69227;4;12;8;True
69228;3;6;3;True
69229;1;1;0;True
69230;3;6;3;True
69231;3;6;3;True
69232;2;4;2;True
69233;3;9;6;True
69234;2;4;2;True
69235;1;1;0;True
69236;3;6;3;True
69237;0;0;0;True
69238;2;4;2;True
69239;3;6;3;True
69240;4;6;2;True
69241;1;1;0;True
69242;3;6;3;True
69243;3;3;0;True
69244;3;6;3;True
69245;3;9;6;True
69246;3;9;6;True
69247;6;9;3;True
69248;2;4;2;True
69249;4;9;5;True
69250;3;6;3;True
69251;3;4;1;True
69252;3;4;1;True
69253;3;4;1;True
69254;1;1;0;True
69255;4;6;2;True
69256;1;1;0;True
69257;6;16;10;True
69258;8;12;4;True
69259;2;4;2;True
69260;4;9;5;True
69261;2;4;2;True
69262;4;6;2;True
69263;5;6;1;True
69264;2;2;0;True
69265;0;0;0;True
69266;4;9;5;True
69267;5;9;4;True
69268;4;9;5;True
69269;5;8;3;True
69270;0;0;0;True
69271;2;4;2;True
69272;8;12;4;True
69273;6;16;10;True
69274;1;1;0;True
69275;2;4;2;True
69276;0;0;0;True
69277;3;6;3;True
69278;2;4;2;True
69279;1;1;0;True
69280;1;1;0;True
69281;3;6;3;True
69282;1;1;0;True
69283;2;4;2;True
69284;0;0;0;True
69285;4;9;5;True
69286;2;2;0;True
69287;2;4;2;True
69288;6;9;3;True
69289;8;16;8;True
69290;1;1;0;True
69291;0;0;0;True
69292;5;9;4;True
69293;2;2;0;True
69294;0;0;0;True
69295;2;4;2;True
69296;4;9;5;True
69297;1;1;0;True
69298;2;4;2;True
69299;5;12;7;True
69300;6;12;6;True
69301;5;12;7;True
69302;2;4;2;True
69303;1;1;0;True
69304;1;1;0;True
69305;5;9;4;True
69306;2;4;2;True
69307;2;4;2;True
69308;5;8;3;True
69309;9;16;7;True
69310;5;12;7;True
69311;6;12;6;True
69312;3;9;6;True
69313;4;9;5;True
69314;0;0;0;True
69315;5;8;3;True
69316;2;4;2;True
69317;1;1;0;True
69318;9;12;3;True
69319;2;4;2;True
69320;7;12;5;True
69321;6;16;10;True
69322;4;9;5;True
69323;4;12;8;True
69324;1;1;0;True
69325;7;16;9;True
69326;2;2;0;True
69327;3;6;3;True
69328;8;16;8;True
69329;8;16;8;True
69330;4;6;2;True
69331;3;6;3;True
69332;1;1;0;True
69333;7;16;9;True
69334;1;1;0;True
69335;3;6;3;True
69336;6;12;6;True
69337;3;6;3;True
69338;3;4;1;True
69339;0;0;0;True
69340;1;1;0;True
69341;3;3;0;True
69342;0;0;0;True
69343;0;0;0;True
69344;3;3;0;True
69345;3;9;6;True
69346;2;4;2;True
69347;5;9;4;True
69348;1;1;0;True
69349;0;0;0;True
69350;3;6;3;True
69351;6;16;10;True
69352;2;4;2;True
69353;4;12;8;True
69354;1;1;0;True
69355;1;1;0;True
69356;0;0;0;True
69357;3;9;6;True
69358;2;4;2;True
69359;1;1;0;True
69360;1;1;0;True
69361;1;1;0;True
69362;1;1;0;True
69363;3;4;1;True
69364;11;16;5;True
69365;4;12;8;True
69366;3;4;1;True
69367;3;6;3;True
69368;1;1;0;True
69369;4;9;5;True
69370;5;12;7;True
69371;3;6;3;True
69372;5;9;4;True
69373;0;0;0;True
69374;6;12;6;True
69375;6;9;3;True
69376;9;16;7;True
69377;2;4;2;True
69378;1;1;0;True
69379;2;2;0;True
69380;3;4;1;True
69381;0;0;0;True
69382;4;9;5;True
69383;7;16;9;True
69384;2;2;0;True
69385;6;12;6;True
69386;4;6;2;True
69387;6;9;3;True
69388;3;4;1;True
69389;6;16;10;True
69390;0;0;0;True
69391;5;8;3;True
69392;0;0;0;True
69393;4;6;2;True
69394;4;8;4;True
69395;8;16;8;True
69396;4;9;5;True
69397;0;0;0;True
69398;7;12;5;True
69399;2;4;2;True
69400;2;4;2;True
69401;5;12;7;True
69402;6;12;6;True
69403;7;16;9;True
69404;3;4;1;True
69405;1;1;0;True
69406;2;4;2;True
69407;5;9;4;True
69408;3;6;3;True
69409;6;9;3;True
69410;3;4;1;True
69411;5;9;4;True
69412;5;12;7;True
69413;3;3;0;True
69414;8;16;8;True
69415;1;1;0;True
69416;5;16;11;True
69417;2;2;0;True
69418;6;12;6;True
69419;5;16;11;True
69420;4;9;5;True
69421;0;0;0;True
69422;4;12;8;True
69423;2;4;2;True
69424;1;1;0;True
69425;1;1;0;True
69426;3;6;3;True
69427;6;12;6;True
69428;1;1;0;True
69429;6;12;6;True
69430;4;9;5;True
69431;0;0;0;True
69432;1;1;0;True
69433;6;16;10;True
69434;0;0;0;True
69435;6;16;10;True
69436;5;9;4;True
69437;4;12;8;True
69438;4;9;5;True
69439;3;6;3;True
69440;1;1;0;True
69441;3;9;6;True
69442;1;1;0;True
69443;8;12;4;True
69444;5;9;4;True
69445;7;16;9;True
69446;5;6;1;True
69447;1;1;0;True
69448;2;4;2;True
69449;5;9;4;True
69450;5;9;4;True
69451;1;1;0;True
69452;9;16;7;True
69453;3;6;3;True
69454;6;9;3;True
69455;5;12;7;True
69456;4;6;2;True
69457;4;9;5;True
69458;3;6;3;True
69459;4;12;8;True
69460;7;16;9;True
69461;1;1;0;True
69462;1;1;0;True
69463;8;12;4;True
69464;6;16;10;True
69465;2;4;2;True
69466;1;1;0;True
69467;7;16;9;True
69468;4;6;2;True
69469;6;12;6;True
69470;8;12;4;True
69471;4;9;5;True
69472;0;0;0;True
69473;5;9;4;True
69474;5;12;7;True
69475;2;2;0;True
69476;4;4;0;True
69477;4;6;2;True
69478;7;16;9;True
69479;0;0;0;True
69480;3;6;3;True
69481;4;4;0;True
69482;0;0;0;True
69483;2;4;2;True
69484;1;1;0;True
69485;1;1;0;True
69486;2;2;0;True
69487;5;12;7;True
69488;7;16;9;True
69489;1;1;0;True
69490;3;4;1;True
69491;6;12;6;True
69492;5;9;4;True
69493;5;6;1;True
69494;5;9;4;True
69495;3;9;6;True
69496;4;6;2;True
69497;2;2;0;True
69498;3;6;3;True
69499;5;9;4;True
69500;8;12;4;True
69501;3;4;1;True
69502;6;16;10;True
69503;5;12;7;True
69504;3;9;6;True
69505;3;9;6;True
69506;6;8;2;True
69507;3;4;1;True
69508;6;12;6;True
69509;6;12;6;True
69510;2;4;2;True
69511;10;16;6;True
69512;3;4;1;True
69513;6;12;6;True
69514;6;12;6;True
69515;3;3;0;True
69516;4;4;0;True
69517;4;16;12;True
69518;1;1;0;True
69519;4;6;2;True
69520;4;9;5;True
69521;1;1;0;True
69522;5;12;7;True
69523;2;2;0;True
69524;3;4;1;True
69525;6;12;6;True
69526;3;4;1;True
69527;2;4;2;True
69528;5;6;1;True
69529;9;16;7;True
69530;4;12;8;True
69531;0;0;0;True
69532;5;12;7;True
69533;0;0;0;True
69534;1;1;0;True
69535;4;6;2;True
69536;3;4;1;True
69537;8;16;8;True
69538;2;2;0;True
69539;4;9;5;True
69540;1;1;0;True
69541;5;12;7;True
69542;4;9;5;True
69543;2;4;2;True
69544;2;4;2;True
69545;1;1;0;True
69546;7;12;5;True
69547;3;6;3;True
69548;5;9;4;True
69549;3;3;0;True
69550;2;2;0;True
69551;3;4;1;True
69552;1;1;0;True
69553;1;1;0;True
69554;2;4;2;True
69555;3;4;1;True
69556;7;16;9;True
69557;4;12;8;True
69558;5;9;4;True
69559;5;16;11;True
69560;6;12;6;True
69561;8;16;8;True
69562;5;9;4;True
69563;4;6;2;True
69564;4;9;5;True
69565;4;6;2;True
69566;4;12;8;True
69567;4;9;5;True
69568;4;12;8;True
69569;4;9;5;True
69570;2;4;2;True
69571;1;1;0;True
69572;4;6;2;True
69573;10;16;6;True
69574;3;6;3;True
69575;4;6;2;True
69576;5;12;7;True
69577;2;2;0;True
69578;2;4;2;True
69579;1;1;0;True
69580;3;3;0;True
69581;2;4;2;True
69582;9;16;7;True
69583;7;12;5;True
69584;1;1;0;True
69585;4;9;5;True
69586;2;4;2;True
69587;2;2;0;True
69588;6;12;6;True
69589;4;9;5;True
69590;2;4;2;True
69591;2;4;2;True
69592;3;3;0;True
69593;1;1;0;True
69594;1;1;0;True
69595;4;6;2;True
69596;3;4;1;True
69597;6;12;6;True
69598;7;12;5;True
69599;3;6;3;True
69600;3;6;3;True
69601;3;6;3;True
69602;6;12;6;True
69603;2;2;0;True
69604;7;12;5;True
69605;7;16;9;True
69606;1;1;0;True
69607;4;9;5;True
69608;3;6;3;True
69609;4;9;5;True
69610;5;8;3;True
69611;3;4;1;True
69612;4;9;5;True
69613;2;2;0;True
69614;5;12;7;True
69615;4;12;8;True
69616;8;16;8;True
69617;6;8;2;True
69618;5;12;7;True
69619;6;12;6;True
69620;0;0;0;True
69621;8;16;8;True
69622;2;4;2;True
69623;0;0;0;True
69624;5;12;7;True
69625;2;4;2;True
69626;2;2;0;True
69627;3;6;3;True
69628;6;9;3;True
69629;4;9;5;True
69630;5;6;1;True
69631;2;2;0;True
69632;7;12;5;True
69633;1;1;0;True
69634;3;4;1;True
69635;3;6;3;True
69636;2;4;2;True
69637;4;8;4;True
69638;0;0;0;True
69639;4;6;2;True
69640;6;12;6;True
69641;2;4;2;True
69642;6;12;6;True
69643;2;4;2;True
69644;8;16;8;True
69645;6;12;6;True
69646;4;12;8;True
69647;4;6;2;True
69648;5;9;4;True
69649;5;12;7;True
69650;2;2;0;True
69651;4;9;5;True
69652;11;16;5;True
69653;2;4;2;True
69654;4;8;4;True
69655;7;16;9;True
69656;4;6;2;True
69657;5;9;4;True
69658;4;12;8;True
69659;2;2;0;True
69660;3;9;6;True
69661;1;1;0;True
69662;3;6;3;True
69663;0;0;0;True
69664;2;4;2;True
69665;2;4;2;True
69666;2;4;2;True
69667;5;12;7;True
69668;0;0;0;True
69669;4;6;2;True
69670;6;9;3;True
69671;6;16;10;True
69672;0;0;0;True
69673;3;6;3;True
69674;2;4;2;True
69675;4;9;5;True
69676;6;12;6;True
69677;1;1;0;True
69678;7;16;9;True
69679;2;2;0;True
69680;6;12;6;True
69681;2;4;2;True
69682;0;0;0;True
69683;6;12;6;True
69684;4;6;2;True
69685;5;9;4;True
69686;3;9;6;True
69687;4;9;5;True
69688;3;6;3;True
69689;5;9;4;True
69690;7;12;5;True
69691;2;4;2;True
69692;9;16;7;True
69693;1;1;0;True
69694;7;16;9;True
69695;1;1;0;True
69696;2;4;2;True
69697;4;12;8;True
69698;3;6;3;True
69699;2;4;2;True
69700;2;4;2;True
69701;9;16;7;True
69702;9;16;7;True
69703;6;12;6;True
69704;0;0;0;True
69705;3;6;3;True
69706;1;1;0;True
69707;2;4;2;True
69708;6;9;3;True
69709;7;16;9;True
69710;8;12;4;True
69711;4;12;8;True
69712;1;1;0;True
69713;3;6;3;True
69714;8;16;8;True
69715;9;16;7;True
69716;6;16;10;True
69717;4;6;2;True
69718;6;12;6;True
69719;4;8;4;True
69720;2;4;2;True
69721;3;4;1;True
69722;7;12;5;True
69723;0;0;0;True
69724;3;4;1;True
69725;4;9;5;True
69726;6;16;10;True
69727;1;1;0;True
69728;3;9;6;True
69729;4;6;2;True
69730;3;4;1;True
69731;2;2;0;True
69732;3;3;0;True
69733;6;12;6;True
69734;5;12;7;True
69735;5;6;1;True
69736;1;1;0;True
69737;4;6;2;True
69738;3;4;1;True
69739;5;9;4;True
69740;2;4;2;True
69741;2;2;0;True
69742;6;12;6;True
69743;7;12;5;True
69744;8;16;8;True
69745;6;12;6;True
69746;6;12;6;True
69747;6;12;6;True
69748;4;12;8;True
69749;2;4;2;True
69750;0;0;0;True
69751;8;16;8;True
69752;7;9;2;True
69753;8;16;8;True
69754;4;9;5;True
69755;1;1;0;True
69756;2;4;2;True
69757;1;1;0;True
69758;4;6;2;True
69759;3;6;3;True
69760;2;4;2;True
69761;3;3;0;True
69762;2;4;2;True
69763;4;12;8;True
69764;1;1;0;True
69765;4;12;8;True
69766;3;6;3;True
69767;4;6;2;True
69768;0;0;0;True
69769;2;4;2;True
69770;6;12;6;True
69771;3;6;3;True
69772;5;9;4;True
69773;1;1;0;True
69774;5;12;7;True
69775;4;6;2;True
69776;6;12;6;True
69777;5;9;4;True
69778;5;16;11;True
69779;7;12;5;True
69780;5;12;7;True
69781;5;12;7;True
69782;1;1;0;True
69783;11;16;5;True
69784;5;9;4;True
69785;4;12;8;True
69786;4;6;2;True
69787;4;9;5;True
69788;3;6;3;True
69789;7;16;9;True
69790;2;4;2;True
69791;0;0;0;True
69792;0;0;0;True
69793;5;12;7;True
69794;3;6;3;True
69795;2;2;0;True
69796;3;6;3;True
69797;2;4;2;True
69798;6;12;6;True
69799;0;0;0;True
69800;1;1;0;True
69801;4;9;5;True
69802;4;6;2;True
69803;2;4;2;True
69804;2;2;0;True
69805;5;12;7;True
69806;5;12;7;True
69807;6;8;2;True
69808;2;2;0;True
69809;4;6;2;True
69810;1;1;0;True
69811;6;12;6;True
69812;4;12;8;True
69813;5;9;4;True
69814;1;1;0;True
69815;2;4;2;True
69816;1;1;0;True
69817;4;6;2;True
69818;0;0;0;True
69819;6;12;6;True
69820;2;2;0;True
69821;5;9;4;True
69822;2;4;2;True
69823;2;4;2;True
69824;2;4;2;True
69825;6;12;6;True
69826;2;4;2;True
69827;5;6;1;True
69828;7;12;5;True
69829;0;0;0;True
69830;0;0;0;True
69831;0;0;0;True
69832;1;1;0;True
69833;1;1;0;True
69834;4;9;5;True
69835;0;0;0;True
69836;5;6;1;True
69837;4;6;2;True
69838;0;0;0;True
69839;0;0;0;True
69840;2;4;2;True
69841;1;1;0;True
69842;3;6;3;True
69843;5;12;7;True
69844;4;12;8;True
69845;4;16;12;True
69846;1;1;0;True
69847;5;12;7;True
69848;5;12;7;True
69849;1;1;0;True
69850;5;9;4;True
69851;1;1;0;True
69852;2;2;0;True
69853;3;6;3;True
69854;2;4;2;True
69855;4;9;5;True
69856;5;16;11;True
69857;4;9;5;True
69858;7;16;9;True
69859;7;16;9;True
69860;5;9;4;True
69861;3;6;3;True
69862;4;12;8;True
69863;0;0;0;True
69864;10;16;6;True
69865;1;1;0;True
69866;0;0;0;True
69867;3;6;3;True
69868;5;8;3;True
69869;1;1;0;True
69870;3;9;6;True
69871;7;12;5;True
69872;2;2;0;True
69873;1;1;0;True
69874;1;1;0;True
69875;4;4;0;True
69876;6;12;6;True
69877;4;9;5;True
69878;0;0;0;True
69879;3;6;3;True
69880;3;3;0;True
69881;7;12;5;True
69882;2;2;0;True
69883;8;16;8;True
69884;1;1;0;True
69885;5;12;7;True
69886;4;9;5;True
69887;4;6;2;True
69888;0;0;0;True
69889;1;1;0;True
69890;8;16;8;True
69891;0;0;0;True
69892;2;2;0;True
69893;5;16;11;True
69894;2;2;0;True
69895;4;6;2;True
69896;2;4;2;True
69897;5;12;7;True
69898;1;1;0;True
69899;6;16;10;True
69900;5;12;7;True
69901;7;16;9;True
69902;3;9;6;True
69903;3;4;1;True
69904;8;16;8;True
69905;3;4;1;True
69906;2;4;2;True
69907;5;12;7;True
69908;2;2;0;True
69909;4;6;2;True
69910;4;9;5;True
69911;6;12;6;True
69912;4;9;5;True
69913;3;9;6;True
69914;7;12;5;True
69915;6;16;10;True
69916;1;1;0;True
69917;2;4;2;True
69918;4;12;8;True
69919;2;2;0;True
69920;2;4;2;True
69921;1;1;0;True
69922;4;9;5;True
69923;1;1;0;True
69924;3;6;3;True
69925;5;9;4;True
69926;7;12;5;True
69927;4;9;5;True
69928;5;16;11;True
69929;4;12;8;True
69930;4;9;5;True
69931;2;4;2;True
69932;2;2;0;True
69933;8;16;8;True
69934;3;6;3;True
69935;7;12;5;True
69936;6;12;6;True
69937;3;6;3;True
69938;8;12;4;True
69939;6;12;6;True
69940;7;9;2;True
69941;11;16;5;True
69942;0;0;0;True
69943;0;0;0;True
69944;1;1;0;True
69945;0;0;0;True
69946;7;16;9;True
69947;4;9;5;True
69948;7;12;5;True
69949;2;2;0;True
69950;6;12;6;True
69951;4;9;5;True
69952;6;9;3;True
69953;3;6;3;True
69954;1;1;0;True
69955;5;9;4;True
69956;2;4;2;True
69957;1;1;0;True
69958;2;4;2;True
69959;1;1;0;True
69960;4;6;2;True
69961;6;12;6;True
69962;4;9;5;True
69963;4;9;5;True
69964;5;12;7;True
69965;9;16;7;True
69966;6;16;10;True
69967;2;4;2;True
69968;4;9;5;True
69969;3;6;3;True
69970;6;16;10;True
69971;3;4;1;True
69972;1;1;0;True
69973;3;6;3;True
69974;6;16;10;True
69975;3;4;1;True
69976;8;12;4;True
69977;1;1;0;True
69978;3;6;3;True
69979;5;9;4;True
69980;2;4;2;True
69981;3;6;3;True
69982;7;16;9;True
69983;5;12;7;True
69984;0;0;0;True
69985;1;1;0;True
69986;3;6;3;True
69987;4;12;8;True
69988;0;0;0;True
69989;2;4;2;True
69990;5;8;3;True
69991;0;0;0;True
69992;2;2;0;True
69993;1;1;0;True
69994;0;0;0;True
69995;0;0;0;True
69996;6;12;6;True
69997;2;2;0;True
69998;3;4;1;True
69999;3;4;1;True
70000;0;0;0;True
70001;1;1;0;True
70002;2;4;2;True
70003;8;16;8;True
70004;3;6;3;True
70005;1;1;0;True
70006;4;9;5;True
70007;2;4;2;True
70008;1;1;0;True
70009;0;0;0;True
70010;7;12;5;True
70011;3;6;3;True
70012;4;12;8;True
70013;0;0;0;True
70014;0;0;0;True
70015;4;9;5;True
70016;8;12;4;True
70017;1;1;0;True
70018;5;12;7;True
70019;2;4;2;True
70020;4;9;5;True
70021;5;12;7;True
70022;5;12;7;True
70023;7;16;9;True
70024;3;4;1;True
70025;2;4;2;True
70026;4;16;12;True
70027;4;12;8;True
70028;3;6;3;True
70029;2;4;2;True
70030;3;4;1;True
70031;5;16;11;True
70032;3;9;6;True
70033;7;16;9;True
70034;2;4;2;True
70035;4;4;0;True
70036;5;9;4;True
70037;3;6;3;True
70038;2;2;0;True
70039;3;4;1;True
70040;0;0;0;True
70041;5;16;11;True
70042;4;8;4;True
70043;0;0;0;True
70044;4;12;8;True
70045;0;0;0;True
70046;0;0;0;True
70047;4;12;8;True
70048;2;2;0;True
70049;1;1;0;True
70050;6;12;6;True
70051;8;16;8;True
70052;3;6;3;True
70053;3;4;1;True
70054;7;12;5;True
70055;9;12;3;True
70056;1;1;0;True
70057;2;2;0;True
70058;4;12;8;True
70059;2;4;2;True
70060;7;16;9;True
70061;2;4;2;True
70062;7;16;9;True
70063;3;6;3;True
70064;4;6;2;True
70065;7;16;9;True
70066;1;1;0;True
70067;3;4;1;True
70068;3;4;1;True
70069;2;4;2;True
70070;8;16;8;True
70071;5;9;4;True
70072;1;1;0;True
70073;3;4;1;True
70074;5;16;11;True
70075;3;6;3;True
70076;2;4;2;True
70077;5;8;3;True
70078;6;8;2;True
70079;5;12;7;True
70080;8;12;4;True
70081;5;12;7;True
70082;5;9;4;True
70083;6;12;6;True
70084;6;9;3;True
70085;2;4;2;True
70086;2;2;0;True
70087;0;0;0;True
70088;1;1;0;True
70089;2;2;0;True
70090;2;2;0;True
70091;3;9;6;True
70092;3;4;1;True
70093;7;12;5;True
70094;4;6;2;True
70095;3;6;3;True
70096;3;6;3;True
70097;5;12;7;True
70098;2;4;2;True
70099;1;1;0;True
70100;6;16;10;True
70101;3;9;6;True
70102;2;4;2;True
70103;0;0;0;True
70104;1;1;0;True
70105;10;16;6;True
70106;4;9;5;True
70107;2;2;0;True
70108;4;6;2;True
70109;5;12;7;True
70110;3;9;6;True
70111;2;2;0;True
70112;3;6;3;True
70113;4;4;0;True
70114;3;9;6;True
70115;8;16;8;True
70116;2;4;2;True
70117;0;0;0;True
70118;1;1;0;True
70119;2;2;0;True
70120;2;2;0;True
70121;6;12;6;True
70122;3;6;3;True
70123;1;1;0;True
70124;2;2;0;True
70125;4;6;2;True
70126;1;1;0;True
70127;3;4;1;True
70128;3;6;3;True
70129;9;16;7;True
70130;6;16;10;True
70131;5;12;7;True
70132;1;1;0;True
70133;5;16;11;True
70134;2;4;2;True
70135;7;12;5;True
70136;0;0;0;True
70137;4;9;5;True
70138;6;16;10;True
70139;4;9;5;True
70140;2;4;2;True
70141;0;0;0;True
70142;3;6;3;True
70143;6;12;6;True
70144;6;16;10;True
70145;4;12;8;True
70146;7;16;9;True
70147;2;2;0;True
70148;2;4;2;True
70149;3;4;1;True
70150;1;1;0;True
70151;5;8;3;True
70152;4;9;5;True
70153;1;1;0;True
70154;7;12;5;True
70155;8;16;8;True
70156;4;12;8;True
70157;1;1;0;True
70158;3;6;3;True
70159;3;9;6;True
70160;7;8;1;True
70161;5;8;3;True
70162;1;1;0;True
70163;1;1;0;True
70164;3;6;3;True
70165;6;16;10;True
70166;5;9;4;True
70167;7;12;5;True
70168;4;9;5;True
70169;9;12;3;True
70170;9;12;3;True
70171;4;9;5;True
70172;3;6;3;True
70173;6;12;6;True
70174;8;16;8;True
70175;3;9;6;True
70176;2;4;2;True
70177;3;6;3;True
70178;5;6;1;True
70179;8;16;8;True
70180;1;1;0;True
70181;2;2;0;True
70182;8;12;4;True
70183;1;1;0;True
70184;2;2;0;True
70185;5;8;3;True
70186;4;12;8;True
70187;1;1;0;True
70188;4;9;5;True
70189;6;8;2;True
70190;5;12;7;True
70191;6;12;6;True
70192;5;8;3;True
70193;4;6;2;True
70194;5;8;3;True
70195;2;4;2;True
70196;3;4;1;True
70197;0;0;0;True
70198;4;6;2;True
70199;0;0;0;True
70200;0;0;0;True
70201;3;6;3;True
70202;3;9;6;True
70203;5;9;4;True
70204;3;4;1;True
70205;1;1;0;True
70206;3;9;6;True
70207;1;1;0;True
70208;3;9;6;True
70209;0;0;0;True
70210;6;16;10;True
70211;4;6;2;True
70212;1;1;0;True
70213;3;6;3;True
70214;4;6;2;True
70215;1;1;0;True
70216;6;12;6;True
70217;2;4;2;True
70218;2;4;2;True
70219;3;9;6;True
70220;2;4;2;True
70221;7;16;9;True
70222;5;12;7;True
70223;9;16;7;True
70224;6;9;3;True
70225;6;12;6;True
70226;3;4;1;True
70227;1;1;0;True
70228;0;0;0;True
70229;0;0;0;True
70230;1;1;0;True
70231;6;12;6;True
70232;2;4;2;True
70233;2;4;2;True
70234;2;2;0;True
70235;6;16;10;True
70236;7;12;5;True
70237;5;12;7;True
70238;4;9;5;True
70239;0;0;0;True
70240;2;2;0;True
70241;2;4;2;True
70242;1;1;0;True
70243;4;8;4;True
70244;2;4;2;True
70245;3;4;1;True
70246;3;6;3;True
70247;6;12;6;True
70248;1;1;0;True
70249;2;4;2;True
70250;5;8;3;True
70251;7;16;9;True
70252;0;0;0;True
70253;7;16;9;True
70254;1;1;0;True
70255;5;6;1;True
70256;4;9;5;True
70257;3;9;6;True
70258;7;12;5;True
70259;6;12;6;True
70260;2;4;2;True
70261;3;6;3;True
70262;3;6;3;True
70263;3;6;3;True
70264;4;9;5;True
70265;7;12;5;True
70266;6;9;3;True
70267;5;12;7;True
70268;1;1;0;True
70269;3;6;3;True
70270;3;6;3;True
70271;2;4;2;True
70272;2;2;0;True
70273;6;12;6;True
70274;9;16;7;True
70275;3;3;0;True
70276;6;16;10;True
70277;4;9;5;True
70278;7;12;5;True
70279;4;6;2;True
70280;4;9;5;True
70281;2;4;2;True
70282;4;6;2;True
70283;7;16;9;True
70284;6;8;2;True
70285;3;6;3;True
70286;2;2;0;True
70287;3;3;0;True
70288;5;16;11;True
70289;2;4;2;True
70290;0;0;0;True
70291;3;6;3;True
70292;3;6;3;True
70293;3;4;1;True
70294;5;6;1;True
70295;9;16;7;True
70296;5;8;3;True
70297;1;1;0;True
70298;4;9;5;True
70299;5;9;4;True
70300;6;9;3;True
70301;2;4;2;True
70302;3;9;6;True
70303;2;4;2;True
70304;7;16;9;True
70305;4;8;4;True
70306;2;2;0;True
70307;4;9;5;True
70308;0;0;0;True
70309;0;0;0;True
70310;3;6;3;True
70311;5;9;4;True
70312;5;12;7;True
70313;9;16;7;True
70314;0;0;0;True
70315;2;2;0;True
70316;7;16;9;True
70317;5;9;4;True
70318;3;4;1;True
70319;0;0;0;True
70320;0;0;0;True
70321;4;9;5;True
70322;4;6;2;True
70323;3;6;3;True
70324;3;4;1;True
70325;4;9;5;True
70326;3;9;6;True
70327;6;16;10;True
70328;5;12;7;True
70329;2;4;2;True
70330;3;6;3;True
70331;1;1;0;True
70332;3;4;1;True
70333;5;12;7;True
70334;3;3;0;True
70335;0;0;0;True
70336;3;9;6;True
70337;4;9;5;True
70338;5;12;7;True
70339;4;12;8;True
70340;1;1;0;True
70341;7;12;5;True
70342;7;16;9;True
70343;0;0;0;True
70344;6;12;6;True
70345;7;12;5;True
70346;4;9;5;True
70347;8;16;8;True
70348;5;9;4;True
70349;4;12;8;True
70350;3;4;1;True
70351;8;12;4;True
70352;0;0;0;True
70353;4;9;5;True
70354;2;2;0;True
70355;2;4;2;True
70356;6;16;10;True
70357;2;4;2;True
70358;0;0;0;True
70359;3;6;3;True
70360;2;4;2;True
70361;5;9;4;True
70362;5;9;4;True
70363;4;9;5;True
70364;6;16;10;True
70365;2;4;2;True
70366;4;8;4;True
70367;9;16;7;True
70368;2;4;2;True
70369;4;8;4;True
70370;3;6;3;True
70371;2;4;2;True
70372;1;1;0;True
70373;2;4;2;True
70374;0;0;0;True
70375;1;1;0;True
70376;4;6;2;True
70377;3;9;6;True
70378;4;4;0;True
70379;1;1;0;True
70380;4;6;2;True
70381;7;16;9;True
70382;2;4;2;True
70383;2;4;2;True
70384;8;16;8;True
70385;1;1;0;True
70386;5;9;4;True
70387;4;12;8;True
70388;2;4;2;True
70389;2;2;0;True
70390;0;0;0;True
70391;6;12;6;True
70392;5;9;4;True
70393;4;16;12;True
70394;2;2;0;True
70395;4;12;8;True
70396;1;1;0;True
70397;2;4;2;True
70398;4;6;2;True
70399;3;6;3;True
70400;1;1;0;True
70401;4;9;5;True
70402;6;12;6;True
70403;5;9;4;True
70404;7;9;2;True
70405;3;6;3;True
70406;3;6;3;True
70407;9;12;3;True
70408;6;12;6;True
70409;6;8;2;True
70410;3;6;3;True
70411;4;6;2;True
70412;6;8;2;True
70413;4;6;2;True
70414;7;16;9;True
70415;2;4;2;True
70416;1;1;0;True
70417;2;4;2;True
70418;2;2;0;True
70419;2;4;2;True
70420;2;2;0;True
70421;2;4;2;True
70422;3;6;3;True
70423;4;8;4;True
70424;5;12;7;True
70425;2;4;2;True
70426;2;4;2;True
70427;3;9;6;True
70428;0;0;0;True
70429;2;4;2;True
70430;3;3;0;True
70431;8;16;8;True
70432;6;16;10;True
70433;5;6;1;True
70434;6;16;10;True
70435;2;2;0;True
70436;1;1;0;True
70437;3;6;3;True
70438;1;1;0;True
70439;2;2;0;True
70440;2;4;2;True
70441;3;6;3;True
70442;3;4;1;True
70443;3;6;3;True
70444;4;9;5;True
70445;7;16;9;True
70446;3;6;3;True
70447;5;16;11;True
70448;2;4;2;True
70449;2;2;0;True
70450;7;16;9;True
70451;1;1;0;True
70452;2;4;2;True
70453;4;9;5;True
70454;4;9;5;True
70455;6;16;10;True
70456;4;9;5;True
70457;8;16;8;True
70458;0;0;0;True
70459;5;12;7;True
70460;0;0;0;True
70461;1;1;0;True
70462;4;9;5;True
70463;2;2;0;True
70464;5;12;7;True
70465;3;9;6;True
70466;4;6;2;True
70467;4;6;2;True
70468;7;12;5;True
70469;1;1;0;True
70470;4;9;5;True
70471;1;1;0;True
70472;1;1;0;True
70473;2;4;2;True
70474;1;1;0;True
70475;4;12;8;True
70476;4;6;2;True
70477;6;12;6;True
70478;3;6;3;True
70479;3;6;3;True
70480;3;6;3;True
70481;6;12;6;True
70482;5;6;1;True
70483;8;16;8;True
70484;4;9;5;True
70485;3;9;6;True
70486;2;4;2;True
70487;5;9;4;True
70488;2;4;2;True
70489;7;12;5;True
70490;2;2;0;True
70491;5;16;11;True
70492;7;16;9;True
70493;0;0;0;True
70494;7;12;5;True
70495;3;9;6;True
70496;9;12;3;True
70497;1;1;0;True
70498;7;12;5;True
70499;5;12;7;True
70500;0;0;0;True
70501;7;12;5;True
70502;4;12;8;True
70503;2;4;2;True
70504;5;12;7;True
70505;6;12;6;True
70506;4;9;5;True
70507;3;6;3;True
70508;8;16;8;True
70509;6;8;2;True
70510;6;12;6;True
70511;5;9;4;True
70512;8;16;8;True
70513;6;9;3;True
70514;2;2;0;True
70515;3;6;3;True
70516;7;12;5;True
70517;9;12;3;True
70518;5;9;4;True
70519;9;16;7;True
70520;2;4;2;True
70521;7;12;5;True
70522;0;0;0;True
70523;2;4;2;True
70524;5;16;11;True
70525;7;12;5;True
70526;1;1;0;True
70527;3;6;3;True
70528;6;16;10;True
70529;7;12;5;True
70530;3;6;3;True
70531;7;16;9;True
70532;3;6;3;True
70533;1;1;0;True
70534;4;8;4;True
70535;4;9;5;True
70536;4;4;0;True
70537;3;4;1;True
70538;7;12;5;True
70539;8;16;8;True
70540;1;1;0;True
70541;6;12;6;True
70542;3;6;3;True
70543;5;6;1;True
70544;0;0;0;True
70545;4;6;2;True
70546;4;12;8;True
70547;8;12;4;True
70548;3;6;3;True
70549;1;1;0;True
70550;7;12;5;True
70551;5;12;7;True
70552;5;12;7;True
70553;4;9;5;True
70554;5;12;7;True
70555;5;12;7;True
70556;5;16;11;True
70557;3;4;1;True
70558;9;16;7;True
70559;1;1;0;True
70560;5;9;4;True
70561;2;4;2;True
70562;2;4;2;True
70563;3;6;3;True
70564;5;8;3;True
70565;0;0;0;True
70566;5;6;1;True
70567;3;4;1;True
70568;9;16;7;True
70569;5;12;7;True
70570;2;2;0;True
70571;4;6;2;True
70572;3;6;3;True
70573;4;9;5;True
70574;1;1;0;True
70575;9;16;7;True
70576;4;6;2;True
70577;6;12;6;True
70578;2;2;0;True
70579;2;4;2;True
70580;8;16;8;True
70581;1;1;0;True
70582;1;1;0;True
70583;2;4;2;True
70584;3;6;3;True
70585;0;0;0;True
70586;8;12;4;True
70587;3;9;6;True
70588;6;12;6;True
70589;6;12;6;True
70590;4;9;5;True
70591;1;1;0;True
70592;0;0;0;True
70593;5;9;4;True
70594;1;1;0;True
70595;4;6;2;True
70596;0;0;0;True
70597;7;16;9;True
70598;5;16;11;True
70599;6;12;6;True
70600;0;0;0;True
70601;1;1;0;True
70602;7;12;5;True
70603;5;16;11;True
70604;2;4;2;True
70605;4;9;5;True
70606;8;12;4;True
70607;9;16;7;True
70608;4;6;2;True
70609;3;6;3;True
70610;6;8;2;True
70611;4;6;2;True
70612;3;6;3;True
70613;4;6;2;True
70614;5;9;4;True
70615;3;4;1;True
70616;2;2;0;True
70617;2;2;0;True
70618;3;6;3;True
70619;3;6;3;True
70620;2;4;2;True
70621;2;2;0;True
70622;4;6;2;True
70623;1;1;0;True
70624;4;9;5;True
70625;3;6;3;True
70626;4;6;2;True
70627;3;6;3;True
70628;8;12;4;True
70629;4;8;4;True
70630;3;6;3;True
70631;4;6;2;True
70632;4;4;0;True
70633;3;6;3;True
70634;2;2;0;True
70635;3;6;3;True
70636;11;16;5;True
70637;7;16;9;True
70638;2;2;0;True
70639;0;0;0;True
70640;4;9;5;True
70641;8;16;8;True
70642;5;12;7;True
70643;4;9;5;True
70644;5;9;4;True
70645;3;4;1;True
70646;5;12;7;True
70647;5;12;7;True
70648;1;1;0;True
70649;5;6;1;True
70650;5;12;7;True
70651;1;1;0;True
70652;3;3;0;True
70653;2;4;2;True
70654;3;9;6;True
70655;1;1;0;True
70656;5;9;4;True
70657;5;8;3;True
70658;5;6;1;True
70659;6;12;6;True
70660;3;6;3;True
70661;3;6;3;True
70662;3;3;0;True
70663;1;1;0;True
70664;1;1;0;True
70665;6;16;10;True
70666;5;12;7;True
70667;4;12;8;True
70668;2;2;0;True
70669;7;16;9;True
70670;1;1;0;True
70671;3;4;1;True
70672;3;4;1;True
70673;4;16;12;True
70674;1;1;0;True
70675;6;9;3;True
70676;4;6;2;True
70677;4;6;2;True
70678;3;6;3;True
70679;1;1;0;True
70680;1;1;0;True
70681;0;0;0;True
70682;2;4;2;True
70683;1;1;0;True
70684;7;16;9;True
70685;1;1;0;True
70686;2;4;2;True
70687;7;16;9;True
70688;3;6;3;True
70689;3;4;1;True
70690;3;9;6;True
70691;1;1;0;True
70692;6;16;10;True
70693;10;16;6;True
70694;1;1;0;True
70695;2;2;0;True
70696;3;9;6;True
70697;1;1;0;True
70698;4;6;2;True
70699;4;12;8;True
70700;5;8;3;True
70701;3;9;6;True
70702;4;9;5;True
70703;3;4;1;True
70704;3;9;6;True
70705;2;4;2;True
70706;5;9;4;True
70707;3;4;1;True
70708;1;1;0;True
70709;4;12;8;True
70710;4;8;4;True
70711;1;1;0;True
70712;8;16;8;True
70713;1;1;0;True
70714;1;1;0;True
70715;4;12;8;True
70716;2;2;0;True
70717;4;4;0;True
70718;1;1;0;True
70719;2;2;0;True
70720;2;4;2;True
70721;7;9;2;True
70722;3;4;1;True
70723;4;12;8;True
70724;2;4;2;True
70725;4;12;8;True
70726;1;1;0;True
70727;3;4;1;True
70728;5;12;7;True
70729;1;1;0;True
70730;4;12;8;True
70731;5;6;1;True
70732;0;0;0;True
70733;1;1;0;True
70734;11;16;5;True
70735;5;12;7;True
70736;4;9;5;True
70737;2;2;0;True
70738;3;9;6;True
70739;4;6;2;True
70740;1;1;0;True
70741;1;1;0;True
70742;2;4;2;True
70743;6;9;3;True
70744;4;6;2;True
70745;5;8;3;True
70746;8;12;4;True
70747;4;6;2;True
70748;4;12;8;True
70749;5;6;1;True
70750;0;0;0;True
70751;6;12;6;True
70752;4;6;2;True
70753;4;6;2;True
70754;3;6;3;True
70755;7;12;5;True
70756;2;2;0;True
70757;4;6;2;True
70758;2;2;0;True
70759;7;16;9;True
70760;4;9;5;True
70761;2;4;2;True
70762;5;12;7;True
70763;4;12;8;True
70764;5;9;4;True
70765;3;6;3;True
70766;4;6;2;True
70767;3;6;3;True
70768;5;9;4;True
70769;3;6;3;True
70770;2;4;2;True
70771;5;12;7;True
70772;3;9;6;True
70773;6;12;6;True
70774;4;6;2;True
70775;5;12;7;True
70776;4;12;8;True
70777;3;6;3;True
70778;0;0;0;True
70779;2;4;2;True
70780;0;0;0;True
70781;4;8;4;True
70782;5;12;7;True
70783;7;12;5;True
70784;5;8;3;True
70785;5;9;4;True
70786;4;9;5;True
70787;5;9;4;True
70788;1;1;0;True
70789;2;2;0;True
70790;1;1;0;True
70791;6;9;3;True
70792;1;1;0;True
70793;1;1;0;True
70794;3;4;1;True
70795;8;12;4;True
70796;4;9;5;True
70797;3;6;3;True
70798;4;6;2;True
70799;6;16;10;True
70800;4;16;12;True
70801;4;9;5;True
70802;5;9;4;True
70803;9;16;7;True
70804;2;4;2;True
70805;3;6;3;True
70806;3;6;3;True
70807;5;9;4;True
70808;4;9;5;True
70809;4;6;2;True
70810;8;16;8;True
70811;3;6;3;True
70812;6;12;6;True
70813;2;4;2;True
70814;9;16;7;True
70815;3;6;3;True
70816;4;9;5;True
70817;5;9;4;True
70818;1;1;0;True
70819;10;16;6;True
70820;0;0;0;True
70821;6;12;6;True
70822;0;0;0;True
70823;4;12;8;True
70824;3;4;1;True
70825;1;1;0;True
70826;8;16;8;True
70827;2;4;2;True
70828;1;1;0;True
70829;2;4;2;True
70830;3;6;3;True
70831;8;12;4;True
70832;2;4;2;True
70833;7;12;5;True
70834;8;12;4;True
70835;5;8;3;True
70836;6;16;10;True
70837;2;2;0;True
70838;4;12;8;True
70839;3;4;1;True
70840;2;4;2;True
70841;4;9;5;True
70842;9;16;7;True
70843;3;4;1;True
70844;3;4;1;True
70845;1;1;0;True
70846;4;12;8;True
70847;4;8;4;True
70848;10;16;6;True
70849;5;9;4;True
70850;6;9;3;True
70851;1;1;0;True
70852;2;4;2;True
70853;2;4;2;True
70854;4;6;2;True
70855;5;9;4;True
70856;7;12;5;True
70857;4;6;2;True
70858;5;12;7;True
70859;6;16;10;True
70860;1;1;0;True
70861;3;4;1;True
70862;2;2;0;True
70863;4;12;8;True
70864;7;12;5;True
70865;7;12;5;True
70866;4;6;2;True
70867;4;9;5;True
70868;0;0;0;True
70869;3;4;1;True
70870;2;4;2;True
70871;4;9;5;True
70872;2;4;2;True
70873;2;2;0;True
70874;8;12;4;True
70875;8;16;8;True
70876;2;2;0;True
70877;3;9;6;True
70878;3;4;1;True
70879;2;4;2;True
70880;4;8;4;True
70881;2;4;2;True
70882;3;6;3;True
70883;11;16;5;True
70884;5;12;7;True
70885;8;16;8;True
70886;1;1;0;True
70887;3;6;3;True
70888;1;1;0;True
70889;2;2;0;True
70890;2;4;2;True
70891;4;9;5;True
70892;4;6;2;True
70893;6;12;6;True
70894;2;4;2;True
70895;3;6;3;True
70896;2;4;2;True
70897;2;4;2;True
70898;7;16;9;True
70899;2;2;0;True
70900;4;6;2;True
70901;1;1;0;True
70902;5;12;7;True
70903;0;0;0;True
70904;5;6;1;True
70905;2;4;2;True
70906;4;9;5;True
70907;4;8;4;True
70908;0;0;0;True
70909;6;12;6;True
70910;8;12;4;True
70911;7;16;9;True
70912;3;6;3;True
70913;4;9;5;True
70914;2;4;2;True
70915;1;1;0;True
70916;5;12;7;True
70917;3;6;3;True
70918;3;6;3;True
70919;4;6;2;True
70920;0;0;0;True
70921;3;3;0;True
70922;2;2;0;True
70923;1;1;0;True
70924;1;1;0;True
70925;3;6;3;True
70926;2;4;2;True
70927;3;4;1;True
70928;6;9;3;True
70929;4;6;2;True
70930;1;1;0;True
70931;6;12;6;True
70932;1;1;0;True
70933;9;16;7;True
70934;6;12;6;True
70935;3;6;3;True
70936;7;16;9;True
70937;5;12;7;True
70938;3;6;3;True
70939;4;6;2;True
70940;1;1;0;True
70941;4;8;4;True
70942;4;9;5;True
70943;2;2;0;True
70944;3;6;3;True
70945;7;12;5;True
70946;4;6;2;True
70947;4;9;5;True
70948;2;4;2;True
70949;6;9;3;True
70950;4;6;2;True
70951;3;6;3;True
70952;2;2;0;True
70953;6;12;6;True
70954;0;0;0;True
70955;2;4;2;True
70956;3;6;3;True
70957;3;9;6;True
70958;5;9;4;True
70959;4;9;5;True
70960;6;9;3;True
70961;2;4;2;True
70962;2;4;2;True
70963;3;6;3;True
70964;4;12;8;True
70965;1;1;0;True
70966;9;16;7;True
70967;4;12;8;True
70968;3;9;6;True
70969;2;4;2;True
70970;3;9;6;True
70971;0;0;0;True
70972;5;12;7;True
70973;4;12;8;True
70974;3;6;3;True
70975;2;4;2;True
70976;2;4;2;True
70977;11;16;5;True
70978;4;8;4;True
70979;2;4;2;True
70980;1;1;0;True
70981;3;9;6;True
70982;3;6;3;True
70983;1;1;0;True
70984;3;6;3;True
70985;5;6;1;True
70986;5;12;7;True
70987;3;4;1;True
70988;4;9;5;True
70989;3;6;3;True
70990;5;8;3;True
70991;0;0;0;True
70992;2;4;2;True
70993;4;6;2;True
70994;7;16;9;True
70995;3;4;1;True
70996;3;6;3;True
70997;7;12;5;True
70998;3;6;3;True
70999;6;9;3;True
71000;2;4;2;True
71001;3;6;3;True
71002;2;4;2;True
71003;0;0;0;True
71004;2;2;0;True
71005;1;1;0;True
71006;5;16;11;True
71007;2;4;2;True
71008;3;4;1;True
71009;4;12;8;True
71010;6;9;3;True
71011;3;4;1;True
71012;3;6;3;True
71013;5;12;7;True
71014;7;16;9;True
71015;4;9;5;True
71016;3;3;0;True
71017;8;12;4;True
71018;0;0;0;True
71019;4;9;5;True
71020;6;12;6;True
71021;5;6;1;True
71022;1;1;0;True
71023;7;16;9;True
71024;1;1;0;True
71025;1;1;0;True
71026;3;9;6;True
71027;6;8;2;True
71028;2;2;0;True
71029;2;4;2;True
71030;5;9;4;True
71031;3;3;0;True
71032;7;12;5;True
71033;4;9;5;True
71034;1;1;0;True
71035;2;4;2;True
71036;7;12;5;True
71037;4;9;5;True
71038;3;6;3;True
71039;2;2;0;True
71040;0;0;0;True
71041;5;8;3;True
71042;9;16;7;True
71043;4;9;5;True
71044;5;12;7;True
71045;4;12;8;True
71046;5;12;7;True
71047;7;16;9;True
71048;7;12;5;True
71049;8;12;4;True
71050;3;9;6;True
71051;2;2;0;True
71052;9;12;3;True
71053;5;6;1;True
71054;4;6;2;True
71055;7;16;9;True
71056;4;12;8;True
71057;3;4;1;True
71058;1;1;0;True
71059;0;0;0;True
71060;4;12;8;True
71061;4;6;2;True
71062;6;12;6;True
71063;2;2;0;True
71064;1;1;0;True
71065;3;3;0;True
71066;1;1;0;True
71067;1;1;0;True
71068;4;9;5;True
71069;2;2;0;True
71070;7;12;5;True
71071;2;2;0;True
71072;4;6;2;True
71073;0;0;0;True
71074;5;9;4;True
71075;6;12;6;True
71076;0;0;0;True
71077;2;2;0;True
71078;11;16;5;True
71079;7;16;9;True
71080;6;12;6;True
71081;5;12;7;True
71082;2;4;2;True
71083;5;9;4;True
71084;5;12;7;True
71085;3;6;3;True
71086;1;1;0;True
71087;6;12;6;True
71088;1;1;0;True
71089;2;2;0;True
71090;8;16;8;True
71091;1;1;0;True
71092;3;9;6;True
71093;2;2;0;True
71094;4;6;2;True
71095;2;2;0;True
71096;6;12;6;True
71097;6;16;10;True
71098;6;12;6;True
71099;0;0;0;True
71100;3;6;3;True
71101;2;4;2;True
71102;1;1;0;True
71103;3;6;3;True
71104;4;12;8;True
71105;2;2;0;True
71106;1;1;0;True
71107;4;9;5;True
71108;4;4;0;True
71109;4;12;8;True
71110;2;4;2;True
71111;5;12;7;True
71112;3;4;1;True
71113;5;9;4;True
71114;4;8;4;True
71115;4;12;8;True
71116;5;12;7;True
71117;3;6;3;True
71118;3;6;3;True
71119;4;9;5;True
71120;9;16;7;True
71121;1;1;0;True
71122;4;9;5;True
71123;2;4;2;True
71124;3;4;1;True
71125;5;9;4;True
71126;3;4;1;True
71127;2;2;0;True
71128;6;16;10;True
71129;4;6;2;True
71130;5;12;7;True
71131;5;9;4;True
71132;6;12;6;True
71133;1;1;0;True
71134;4;12;8;True
71135;3;6;3;True
71136;1;1;0;True
71137;4;6;2;True
71138;3;4;1;True
71139;4;9;5;True
71140;6;8;2;True
71141;3;6;3;True
71142;3;6;3;True
71143;5;16;11;True
71144;4;8;4;True
71145;2;4;2;True
71146;4;12;8;True
71147;4;9;5;True
71148;2;4;2;True
71149;5;12;7;True
71150;4;12;8;True
71151;2;4;2;True
71152;3;9;6;True
71153;2;4;2;True
71154;1;1;0;True
71155;3;9;6;True
71156;6;8;2;True
71157;2;4;2;True
71158;4;6;2;True
71159;4;12;8;True
71160;3;4;1;True
71161;11;16;5;True
71162;2;4;2;True
71163;4;9;5;True
71164;0;0;0;True
71165;6;9;3;True
71166;7;16;9;True
71167;5;12;7;True
71168;0;0;0;True
71169;6;12;6;True
71170;4;9;5;True
71171;3;4;1;True
71172;6;12;6;True
71173;3;9;6;True
71174;2;4;2;True
71175;5;9;4;True
71176;7;12;5;True
71177;5;9;4;True
71178;2;2;0;True
71179;4;6;2;True
71180;4;6;2;True
71181;5;12;7;True
71182;0;0;0;True
71183;1;1;0;True
71184;1;1;0;True
71185;4;9;5;True
71186;2;2;0;True
71187;2;4;2;True
71188;1;1;0;True
71189;5;12;7;True
71190;2;4;2;True
71191;4;12;8;True
71192;6;12;6;True
71193;6;12;6;True
71194;5;12;7;True
71195;3;6;3;True
71196;7;12;5;True
71197;8;12;4;True
71198;4;6;2;True
71199;4;12;8;True
71200;6;8;2;True
71201;1;1;0;True
71202;0;0;0;True
71203;4;9;5;True
71204;7;12;5;True
71205;6;12;6;True
71206;1;1;0;True
71207;4;12;8;True
71208;7;16;9;True
71209;7;12;5;True
71210;0;0;0;True
71211;2;4;2;True
71212;1;1;0;True
71213;3;6;3;True
71214;4;12;8;True
71215;7;12;5;True
71216;1;1;0;True
71217;6;12;6;True
71218;2;2;0;True
71219;9;16;7;True
71220;10;16;6;True
71221;5;12;7;True
71222;5;9;4;True
71223;0;0;0;True
71224;6;12;6;True
71225;7;16;9;True
71226;1;1;0;True
71227;4;9;5;True
71228;7;16;9;True
71229;3;6;3;True
71230;3;3;0;True
71231;2;4;2;True
71232;5;12;7;True
71233;4;6;2;True
71234;5;9;4;True
71235;4;9;5;True
71236;1;1;0;True
71237;3;6;3;True
71238;4;9;5;True
71239;2;2;0;True
71240;8;12;4;True
71241;0;0;0;True
71242;4;9;5;True
71243;1;1;0;True
71244;6;12;6;True
71245;0;0;0;True
71246;0;0;0;True
71247;9;16;7;True
71248;2;4;2;True
71249;7;12;5;True
71250;5;9;4;True
71251;5;16;11;True
71252;6;12;6;True
71253;0;0;0;True
71254;4;8;4;True
71255;4;12;8;True
71256;3;6;3;True
71257;3;6;3;True
71258;6;12;6;True
71259;7;12;5;True
71260;6;12;6;True
71261;4;6;2;True
71262;4;8;4;True
71263;6;12;6;True
71264;1;1;0;True
71265;3;6;3;True
71266;1;1;0;True
71267;6;16;10;True
71268;3;6;3;True
71269;0;0;0;True
71270;8;16;8;True
71271;5;12;7;True
71272;3;6;3;True
71273;3;6;3;True
71274;2;4;2;True
71275;5;12;7;True
71276;3;6;3;True
71277;0;0;0;True
71278;4;12;8;True
71279;8;16;8;True
71280;8;16;8;True
71281;5;9;4;True
71282;3;6;3;True
71283;1;1;0;True
71284;3;6;3;True
71285;2;2;0;True
71286;0;0;0;True
71287;3;6;3;True
71288;3;4;1;True
71289;2;4;2;True
71290;6;12;6;True
71291;4;12;8;True
71292;4;6;2;True
71293;5;12;7;True
71294;3;6;3;True
71295;4;9;5;True
71296;5;12;7;True
71297;4;9;5;True
71298;4;6;2;True
71299;0;0;0;True
71300;3;4;1;True
71301;7;16;9;True
71302;2;2;0;True
71303;1;1;0;True
71304;2;2;0;True
71305;3;4;1;True
71306;2;4;2;True
71307;7;16;9;True
71308;3;6;3;True
71309;4;9;5;True
71310;2;4;2;True
71311;0;0;0;True
71312;6;9;3;True
71313;1;1;0;True
71314;1;1;0;True
71315;2;4;2;True
71316;1;1;0;True
71317;2;2;0;True
71318;7;16;9;True
71319;3;6;3;True
71320;4;9;5;True
71321;3;9;6;True
71322;5;12;7;True
71323;3;6;3;True
71324;1;1;0;True
71325;1;1;0;True
71326;6;9;3;True
71327;2;4;2;True
71328;5;6;1;True
71329;5;16;11;True
71330;2;4;2;True
71331;8;16;8;True
71332;2;2;0;True
71333;0;0;0;True
71334;8;16;8;True
71335;9;12;3;True
71336;1;1;0;True
71337;1;1;0;True
71338;0;0;0;True
71339;5;12;7;True
71340;7;12;5;True
71341;1;1;0;True
71342;2;4;2;True
71343;7;16;9;True
71344;3;4;1;True
71345;0;0;0;True
71346;5;12;7;True
71347;4;12;8;True
71348;2;4;2;True
71349;4;9;5;True
71350;5;12;7;True
71351;7;16;9;True
71352;3;4;1;True
71353;1;1;0;True
71354;2;4;2;True
71355;3;9;6;True
71356;7;12;5;True
71357;1;1;0;True
71358;1;1;0;True
71359;4;6;2;True
71360;4;9;5;True
71361;5;9;4;True
71362;2;4;2;True
71363;5;12;7;True
71364;3;6;3;True
71365;1;1;0;True
71366;9;16;7;True
71367;1;1;0;True
71368;3;6;3;True
71369;6;12;6;True
71370;1;1;0;True
71371;0;0;0;True
71372;1;1;0;True
71373;0;0;0;True
71374;2;4;2;True
71375;2;4;2;True
71376;1;1;0;True
71377;2;2;0;True
71378;3;4;1;True
71379;7;12;5;True
71380;5;16;11;True
71381;3;4;1;True
71382;6;12;6;True
71383;1;1;0;True
71384;0;0;0;True
71385;3;4;1;True
71386;4;9;5;True
71387;1;1;0;True
71388;4;9;5;True
71389;4;9;5;True
71390;2;4;2;True
71391;3;4;1;True
71392;7;16;9;True
71393;5;12;7;True
71394;0;0;0;True
71395;5;12;7;True
71396;4;8;4;True
71397;4;12;8;True
71398;2;2;0;True
71399;3;9;6;True
71400;0;0;0;True
71401;1;1;0;True
71402;3;6;3;True
71403;6;12;6;True
71404;6;12;6;True
71405;5;12;7;True
71406;6;9;3;True
71407;4;4;0;True
71408;9;16;7;True
71409;2;4;2;True
71410;1;1;0;True
71411;3;6;3;True
71412;2;4;2;True
71413;2;2;0;True
71414;3;9;6;True
71415;4;9;5;True
71416;2;2;0;True
71417;3;6;3;True
71418;4;12;8;True
71419;1;1;0;True
71420;1;1;0;True
71421;5;9;4;True
71422;1;1;0;True
71423;4;9;5;True
71424;4;6;2;True
71425;2;4;2;True
71426;3;6;3;True
71427;3;9;6;True
71428;4;12;8;True
71429;4;9;5;True
71430;4;6;2;True
71431;6;12;6;True
71432;5;9;4;True
71433;5;12;7;True
71434;5;12;7;True
71435;7;16;9;True
71436;4;9;5;True
71437;2;4;2;True
71438;3;4;1;True
71439;5;9;4;True
71440;3;4;1;True
71441;4;9;5;True
71442;6;12;6;True
71443;4;6;2;True
71444;0;0;0;True
71445;5;9;4;True
71446;7;16;9;True
71447;7;9;2;True
71448;2;4;2;True
71449;6;12;6;True
71450;4;6;2;True
71451;3;6;3;True
71452;7;12;5;True
71453;4;9;5;True
71454;3;9;6;True
71455;0;0;0;True
71456;5;9;4;True
71457;1;1;0;True
71458;9;16;7;True
71459;3;6;3;True
71460;4;6;2;True
71461;5;12;7;True
71462;2;2;0;True
71463;3;4;1;True
71464;3;4;1;True
71465;1;1;0;True
71466;3;6;3;True
71467;4;8;4;True
71468;5;8;3;True
71469;3;4;1;True
71470;5;12;7;True
71471;7;12;5;True
71472;5;12;7;True
71473;4;8;4;True
71474;2;4;2;True
71475;1;1;0;True
71476;6;12;6;True
71477;3;9;6;True
71478;5;16;11;True
71479;2;2;0;True
71480;3;3;0;True
71481;2;2;0;True
71482;6;8;2;True
71483;3;4;1;True
71484;4;12;8;True
71485;6;16;10;True
71486;8;16;8;True
71487;1;1;0;True
71488;6;16;10;True
71489;6;9;3;True
71490;3;3;0;True
71491;3;9;6;True
71492;2;4;2;True
71493;6;12;6;True
71494;1;1;0;True
71495;2;4;2;True
71496;8;12;4;True
71497;2;4;2;True
71498;3;6;3;True
71499;2;2;0;True
71500;6;12;6;True
71501;5;9;4;True
71502;2;4;2;True
71503;4;12;8;True
71504;7;16;9;True
71505;8;16;8;True
71506;3;6;3;True
71507;5;9;4;True
71508;4;9;5;True
71509;1;1;0;True
71510;2;4;2;True
71511;2;2;0;True
71512;6;12;6;True
71513;7;12;5;True
71514;6;12;6;True
71515;1;1;0;True
71516;3;4;1;True
71517;1;1;0;True
71518;2;2;0;True
71519;7;16;9;True
71520;2;4;2;True
71521;2;4;2;True
71522;11;16;5;True
71523;6;8;2;True
71524;2;4;2;True
71525;6;12;6;True
71526;8;12;4;True
71527;6;12;6;True
71528;3;6;3;True
71529;2;2;0;True
71530;5;16;11;True
71531;3;6;3;True
71532;0;0;0;True
71533;5;9;4;True
71534;5;16;11;True
71535;4;4;0;True
71536;7;16;9;True
71537;3;6;3;True
71538;1;1;0;True
71539;6;12;6;True
71540;7;12;5;True
71541;5;9;4;True
71542;1;1;0;True
71543;2;4;2;True
71544;7;12;5;True
71545;6;12;6;True
71546;0;0;0;True
71547;2;2;0;True
71548;6;16;10;True
71549;5;16;11;True
71550;3;6;3;True
71551;3;6;3;True
71552;4;9;5;True
71553;8;16;8;True
71554;3;6;3;True
71555;5;16;11;True
71556;5;12;7;True
71557;4;9;5;True
71558;8;16;8;True
71559;4;6;2;True
71560;4;12;8;True
71561;2;4;2;True
71562;4;6;2;True
71563;3;6;3;True
71564;0;0;0;True
71565;6;12;6;True
71566;2;4;2;True
71567;9;16;7;True
71568;3;6;3;True
71569;3;6;3;True
71570;3;6;3;True
71571;1;1;0;True
71572;7;12;5;True
71573;5;12;7;True
71574;2;2;0;True
71575;4;6;2;True
71576;3;6;3;True
71577;7;12;5;True
71578;8;12;4;True
71579;4;6;2;True
71580;0;0;0;True
71581;11;16;5;True
71582;1;1;0;True
71583;7;16;9;True
71584;0;0;0;True
71585;7;16;9;True
71586;6;12;6;True
71587;4;6;2;True
71588;3;6;3;True
71589;7;16;9;True
71590;2;4;2;True
71591;2;4;2;True
71592;4;8;4;True
71593;9;16;7;True
71594;2;4;2;True
71595;6;12;6;True
71596;7;16;9;True
71597;8;16;8;True
71598;5;12;7;True
71599;4;9;5;True
71600;4;12;8;True
71601;2;2;0;True
71602;0;0;0;True
71603;3;9;6;True
71604;5;9;4;True
71605;1;1;0;True
71606;8;12;4;True
71607;6;12;6;True
71608;1;1;0;True
71609;3;6;3;True
71610;3;6;3;True
71611;5;12;7;True
71612;1;1;0;True
71613;5;12;7;True
71614;2;4;2;True
71615;2;4;2;True
71616;2;2;0;True
71617;9;16;7;True
71618;4;12;8;True
71619;4;9;5;True
71620;7;12;5;True
71621;6;12;6;True
71622;3;6;3;True
71623;3;4;1;True
71624;4;9;5;True
71625;6;9;3;True
71626;1;1;0;True
71627;2;2;0;True
71628;5;12;7;True
71629;3;9;6;True
71630;5;16;11;True
71631;7;16;9;True
71632;4;6;2;True
71633;0;0;0;True
71634;6;12;6;True
71635;0;0;0;True
71636;3;6;3;True
71637;6;12;6;True
71638;6;9;3;True
71639;2;2;0;True
71640;6;12;6;True
71641;6;12;6;True
71642;3;4;1;True
71643;5;12;7;True
71644;1;1;0;True
71645;5;12;7;True
71646;2;2;0;True
71647;5;9;4;True
71648;1;1;0;True
71649;4;9;5;True
71650;3;9;6;True
71651;6;9;3;True
71652;8;16;8;True
71653;7;12;5;True
71654;7;16;9;True
71655;5;9;4;True
71656;3;6;3;True
71657;4;9;5;True
71658;6;12;6;True
71659;2;4;2;True
71660;2;4;2;True
71661;1;1;0;True
71662;3;6;3;True
71663;3;4;1;True
71664;3;6;3;True
71665;4;9;5;True
71666;4;9;5;True
71667;9;16;7;True
71668;4;6;2;True
71669;2;4;2;True
71670;0;0;0;True
71671;1;1;0;True
71672;2;4;2;True
71673;2;2;0;True
71674;2;4;2;True
71675;3;6;3;True
71676;3;4;1;True
71677;7;16;9;True
71678;2;2;0;True
71679;3;9;6;True
71680;4;12;8;True
71681;9;16;7;True
71682;5;12;7;True
71683;3;6;3;True
71684;2;2;0;True
71685;4;9;5;True
71686;3;9;6;True
71687;4;9;5;True
71688;1;1;0;True
71689;0;0;0;True
71690;2;4;2;True
71691;3;6;3;True
71692;7;12;5;True
71693;5;9;4;True
71694;3;6;3;True
71695;1;1;0;True
71696;4;6;2;True
71697;5;12;7;True
71698;2;2;0;True
71699;4;9;5;True
71700;6;12;6;True
71701;6;12;6;True
71702;1;1;0;True
71703;1;1;0;True
71704;1;1;0;True
71705;8;12;4;True
71706;1;1;0;True
71707;2;4;2;True
71708;2;2;0;True
71709;0;0;0;True
71710;7;16;9;True
71711;2;2;0;True
71712;1;1;0;True
71713;5;9;4;True
71714;2;4;2;True
71715;0;0;0;True
71716;1;1;0;True
71717;4;12;8;True
71718;6;16;10;True
71719;2;2;0;True
71720;3;6;3;True
71721;9;16;7;True
71722;4;8;4;True
71723;2;2;0;True
71724;4;9;5;True
71725;7;12;5;True
71726;1;1;0;True
71727;4;12;8;True
71728;5;12;7;True
71729;1;1;0;True
71730;1;1;0;True
71731;3;6;3;True
71732;2;2;0;True
71733;4;6;2;True
71734;1;1;0;True
71735;3;6;3;True
71736;1;1;0;True
71737;7;16;9;True
71738;1;1;0;True
71739;5;12;7;True
71740;2;2;0;True
71741;1;1;0;True
71742;5;12;7;True
71743;7;12;5;True
71744;1;1;0;True
71745;5;9;4;True
71746;4;4;0;True
71747;4;16;12;True
71748;0;0;0;True
71749;3;4;1;True
71750;3;9;6;True
71751;1;1;0;True
71752;4;8;4;True
71753;10;16;6;True
71754;8;16;8;True
71755;7;16;9;True
71756;5;8;3;True
71757;2;4;2;True
71758;6;12;6;True
71759;2;2;0;True
71760;3;6;3;True
71761;4;8;4;True
71762;1;1;0;True
71763;6;9;3;True
71764;3;9;6;True
71765;3;4;1;True
71766;4;9;5;True
71767;10;16;6;True
71768;6;12;6;True
71769;1;1;0;True
71770;4;12;8;True
71771;0;0;0;True
71772;2;4;2;True
71773;2;2;0;True
71774;6;16;10;True
71775;5;9;4;True
71776;4;6;2;True
71777;5;12;7;True
71778;5;9;4;True
71779;7;16;9;True
71780;8;16;8;True
71781;2;4;2;True
71782;1;1;0;True
71783;1;1;0;True
71784;1;1;0;True
71785;2;4;2;True
71786;4;8;4;True
71787;9;16;7;True
71788;4;12;8;True
71789;4;9;5;True
71790;1;1;0;True
71791;1;1;0;True
71792;8;16;8;True
71793;1;1;0;True
71794;2;4;2;True
71795;2;2;0;True
71796;7;16;9;True
71797;1;1;0;True
71798;5;16;11;True
71799;3;6;3;True
71800;3;9;6;True
71801;3;6;3;True
71802;1;1;0;True
71803;3;4;1;True
71804;3;6;3;True
71805;2;4;2;True
71806;0;0;0;True
71807;5;12;7;True
71808;4;9;5;True
71809;2;2;0;True
71810;2;4;2;True
71811;2;4;2;True
71812;4;6;2;True
71813;2;2;0;True
71814;2;2;0;True
71815;3;4;1;True
71816;3;6;3;True
71817;3;3;0;True
71818;2;2;0;True
71819;2;4;2;True
71820;2;4;2;True
71821;6;12;6;True
71822;3;3;0;True
71823;1;1;0;True
71824;1;1;0;True
71825;6;12;6;True
71826;7;16;9;True
71827;5;6;1;True
71828;9;12;3;True
71829;2;2;0;True
71830;7;16;9;True
71831;5;9;4;True
71832;2;2;0;True
71833;3;4;1;True
71834;2;2;0;True
71835;3;3;0;True
71836;11;16;5;True
71837;5;9;4;True
71838;9;16;7;True
71839;4;9;5;True
71840;0;0;0;True
71841;4;12;8;True
71842;1;1;0;True
71843;6;9;3;True
71844;3;6;3;True
71845;5;12;7;True
71846;0;0;0;True
71847;5;6;1;True
71848;2;2;0;True
71849;3;6;3;True
71850;4;9;5;True
71851;6;9;3;True
71852;7;16;9;True
71853;4;9;5;True
71854;9;16;7;True
71855;5;9;4;True
71856;0;0;0;True
71857;2;4;2;True
71858;6;8;2;True
71859;4;9;5;True
71860;4;9;5;True
71861;2;2;0;True
71862;5;12;7;True
71863;9;16;7;True
71864;4;9;5;True
71865;5;6;1;True
71866;4;12;8;True
71867;3;6;3;True
71868;6;12;6;True
71869;7;12;5;True
71870;2;4;2;True
71871;3;3;0;True
71872;5;9;4;True
71873;2;4;2;True
71874;7;12;5;True
71875;1;1;0;True
71876;2;4;2;True
71877;5;16;11;True
71878;3;6;3;True
71879;1;1;0;True
71880;1;1;0;True
71881;2;2;0;True
71882;5;6;1;True
71883;7;16;9;True
71884;0;0;0;True
71885;1;1;0;True
71886;4;9;5;True
71887;2;2;0;True
71888;2;2;0;True
71889;3;4;1;True
71890;2;4;2;True
71891;0;0;0;True
71892;2;4;2;True
71893;1;1;0;True
71894;3;4;1;True
71895;3;4;1;True
71896;3;6;3;True
71897;0;0;0;True
71898;8;16;8;True
71899;6;16;10;True
71900;0;0;0;True
71901;5;9;4;True
71902;3;9;6;True
71903;1;1;0;True
71904;8;12;4;True
71905;3;6;3;True
71906;3;6;3;True
71907;1;1;0;True
71908;2;2;0;True
71909;1;1;0;True
71910;7;12;5;True
71911;2;2;0;True
71912;5;12;7;True
71913;1;1;0;True
71914;8;12;4;True
71915;1;1;0;True
71916;3;9;6;True
71917;6;12;6;True
71918;5;8;3;True
71919;8;12;4;True
71920;1;1;0;True
71921;0;0;0;True
71922;6;16;10;True
71923;2;2;0;True
71924;8;16;8;True
71925;2;4;2;True
71926;6;16;10;True
71927;3;6;3;True
71928;1;1;0;True
71929;9;16;7;True
71930;5;9;4;True
71931;4;8;4;True
71932;5;16;11;True
71933;5;9;4;True
71934;6;12;6;True
71935;0;0;0;True
71936;4;9;5;True
71937;5;8;3;True
71938;5;16;11;True
71939;5;12;7;True
71940;5;16;11;True
71941;8;16;8;True
71942;7;16;9;True
71943;1;1;0;True
71944;5;9;4;True
71945;3;6;3;True
71946;5;12;7;True
71947;7;16;9;True
71948;10;16;6;True
71949;6;12;6;True
71950;6;12;6;True
71951;3;6;3;True
71952;8;12;4;True
71953;1;1;0;True
71954;7;12;5;True
71955;4;6;2;True
71956;7;16;9;True
71957;4;6;2;True
71958;4;12;8;True
71959;9;16;7;True
71960;1;1;0;True
71961;2;4;2;True
71962;3;6;3;True
71963;7;9;2;True
71964;1;1;0;True
71965;7;12;5;True
71966;2;2;0;True
71967;5;12;7;True
71968;5;9;4;True
71969;2;2;0;True
71970;0;0;0;True
71971;4;9;5;True
71972;6;12;6;True
71973;6;8;2;True
71974;6;12;6;True
71975;0;0;0;True
71976;5;12;7;True
71977;4;4;0;True
71978;5;12;7;True
71979;2;4;2;True
71980;1;1;0;True
71981;6;16;10;True
71982;2;4;2;True
71983;0;0;0;True
71984;1;1;0;True
71985;3;6;3;True
71986;5;12;7;True
71987;3;6;3;True
71988;4;6;2;True
71989;5;9;4;True
71990;2;4;2;True
71991;3;9;6;True
71992;2;2;0;True
71993;4;9;5;True
71994;3;4;1;True
71995;4;9;5;True
71996;2;4;2;True
71997;3;6;3;True
71998;5;12;7;True
71999;1;1;0;True
72000;4;9;5;True
72001;3;4;1;True
72002;2;4;2;True
72003;6;12;6;True
72004;3;9;6;True
72005;7;16;9;True
72006;4;9;5;True
72007;8;12;4;True
72008;4;8;4;True
72009;4;9;5;True
72010;6;16;10;True
72011;6;12;6;True
72012;4;9;5;True
72013;5;12;7;True
72014;6;9;3;True
72015;0;0;0;True
72016;9;16;7;True
72017;4;12;8;True
72018;5;12;7;True
72019;6;16;10;True
72020;3;3;0;True
72021;6;12;6;True
72022;3;9;6;True
72023;8;16;8;True
72024;1;1;0;True
72025;5;8;3;True
72026;4;6;2;True
72027;5;16;11;True
72028;4;6;2;True
72029;3;9;6;True
72030;2;4;2;True
72031;1;1;0;True
72032;4;8;4;True
72033;2;4;2;True
72034;5;12;7;True
72035;6;9;3;True
72036;4;9;5;True
72037;6;12;6;True
72038;1;1;0;True
72039;4;8;4;True
72040;2;2;0;True
72041;7;16;9;True
72042;6;8;2;True
72043;3;6;3;True
72044;2;2;0;True
72045;0;0;0;True
72046;2;4;2;True
72047;2;2;0;True
72048;5;9;4;True
72049;5;9;4;True
72050;4;9;5;True
72051;4;6;2;True
72052;6;12;6;True
72053;2;4;2;True
72054;3;6;3;True
72055;5;12;7;True
72056;4;6;2;True
72057;2;2;0;True
72058;4;12;8;True
72059;7;16;9;True
72060;2;4;2;True
72061;3;6;3;True
72062;5;12;7;True
72063;2;4;2;True
72064;3;6;3;True
72065;4;9;5;True
72066;4;9;5;True
72067;3;6;3;True
72068;5;6;1;True
72069;2;2;0;True
72070;5;12;7;True
72071;4;9;5;True
72072;5;9;4;True
72073;3;4;1;True
72074;3;4;1;True
72075;4;12;8;True
72076;3;6;3;True
72077;5;12;7;True
72078;1;1;0;True
72079;4;12;8;True
72080;1;1;0;True
72081;1;1;0;True
72082;5;6;1;True
72083;5;12;7;True
72084;3;4;1;True
72085;1;1;0;True
72086;2;4;2;True
72087;5;8;3;True
72088;4;6;2;True
72089;4;6;2;True
72090;1;1;0;True
72091;2;4;2;True
72092;5;12;7;True
72093;4;12;8;True
72094;3;4;1;True
72095;4;6;2;True
72096;6;12;6;True
72097;1;1;0;True
72098;2;4;2;True
72099;4;6;2;True
72100;4;9;5;True
72101;11;16;5;True
72102;7;16;9;True
72103;8;16;8;True
72104;0;0;0;True
72105;6;12;6;True
72106;3;4;1;True
72107;7;12;5;True
72108;5;9;4;True
72109;6;16;10;True
72110;3;9;6;True
72111;2;4;2;True
72112;3;9;6;True
72113;4;8;4;True
72114;1;1;0;True
72115;8;16;8;True
72116;4;6;2;True
72117;4;8;4;True
72118;8;16;8;True
72119;4;6;2;True
72120;2;4;2;True
72121;4;9;5;True
72122;2;4;2;True
72123;4;8;4;True
72124;3;4;1;True
72125;4;9;5;True
72126;5;8;3;True
72127;3;6;3;True
72128;6;9;3;True
72129;4;6;2;True
72130;0;0;0;True
72131;2;2;0;True
72132;4;9;5;True
72133;0;0;0;True
72134;4;6;2;True
72135;6;12;6;True
72136;10;16;6;True
72137;5;12;7;True
72138;3;4;1;True
72139;2;4;2;True
72140;1;1;0;True
72141;2;4;2;True
72142;4;9;5;True
72143;3;9;6;True
72144;8;12;4;True
72145;3;6;3;True
72146;2;2;0;True
72147;5;9;4;True
72148;0;0;0;True
72149;4;9;5;True
72150;5;9;4;True
72151;4;9;5;True
72152;5;12;7;True
72153;5;9;4;True
72154;2;2;0;True
72155;1;1;0;True
72156;4;6;2;True
72157;8;12;4;True
72158;7;16;9;True
72159;5;9;4;True
72160;8;16;8;True
72161;6;12;6;True
72162;4;12;8;True
72163;5;8;3;True
72164;3;9;6;True
72165;7;16;9;True
72166;3;6;3;True
72167;6;9;3;True
72168;0;0;0;True
72169;7;9;2;True
72170;0;0;0;True
72171;4;6;2;True
72172;3;6;3;True
72173;4;9;5;True
72174;0;0;0;True
72175;1;1;0;True
72176;5;8;3;True
72177;5;8;3;True
72178;3;6;3;True
72179;6;12;6;True
72180;1;1;0;True
72181;6;9;3;True
72182;4;9;5;True
72183;3;9;6;True
72184;4;9;5;True
72185;2;4;2;True
72186;4;6;2;True
72187;0;0;0;True
72188;1;1;0;True
72189;5;12;7;True
72190;2;4;2;True
72191;2;4;2;True
72192;7;9;2;True
72193;2;4;2;True
72194;4;6;2;True
72195;0;0;0;True
72196;0;0;0;True
72197;2;2;0;True
72198;4;12;8;True
72199;1;1;0;True
72200;4;9;5;True
72201;0;0;0;True
72202;2;4;2;True
72203;5;8;3;True
72204;7;12;5;True
72205;7;12;5;True
72206;2;4;2;True
72207;5;12;7;True
72208;2;2;0;True
72209;6;6;0;True
72210;4;6;2;True
72211;4;9;5;True
72212;2;2;0;True
72213;8;16;8;True
72214;8;12;4;True
72215;2;2;0;True
72216;3;6;3;True
72217;1;1;0;True
72218;3;6;3;True
72219;6;12;6;True
72220;0;0;0;True
72221;4;6;2;True
72222;5;8;3;True
72223;4;12;8;True
72224;3;6;3;True
72225;1;1;0;True
72226;8;16;8;True
72227;3;6;3;True
72228;5;12;7;True
72229;6;12;6;True
72230;9;16;7;True
72231;3;6;3;True
72232;2;4;2;True
72233;8;16;8;True
72234;4;16;12;True
72235;2;4;2;True
72236;3;6;3;True
72237;3;6;3;True
72238;3;6;3;True
72239;5;6;1;True
72240;0;0;0;True
72241;2;4;2;True
72242;6;16;10;True
72243;1;1;0;True
72244;5;12;7;True
72245;1;1;0;True
72246;7;9;2;True
72247;5;9;4;True
72248;7;16;9;True
72249;10;16;6;True
72250;4;9;5;True
72251;2;4;2;True
72252;4;9;5;True
72253;5;12;7;True
72254;3;3;0;True
72255;3;4;1;True
72256;1;1;0;True
72257;5;9;4;True
72258;0;0;0;True
72259;1;1;0;True
72260;1;1;0;True
72261;1;1;0;True
72262;3;4;1;True
72263;3;6;3;True
72264;3;4;1;True
72265;6;16;10;True
72266;2;2;0;True
72267;6;12;6;True
72268;1;1;0;True
72269;1;1;0;True
72270;2;4;2;True
72271;5;6;1;True
72272;5;12;7;True
72273;7;12;5;True
72274;3;6;3;True
72275;3;6;3;True
72276;5;12;7;True
72277;4;6;2;True
72278;4;9;5;True
72279;0;0;0;True
72280;3;6;3;True
72281;3;6;3;True
72282;5;6;1;True
72283;5;12;7;True
72284;1;1;0;True
72285;5;9;4;True
72286;2;4;2;True
72287;4;9;5;True
72288;4;6;2;True
72289;7;16;9;True
72290;2;2;0;True
72291;3;6;3;True
72292;5;12;7;True
72293;4;9;5;True
72294;6;12;6;True
72295;3;9;6;True
72296;3;9;6;True
72297;1;1;0;True
72298;5;9;4;True
72299;2;4;2;True
72300;1;1;0;True
72301;3;9;6;True
72302;0;0;0;True
72303;7;16;9;True
72304;2;2;0;True
72305;1;1;0;True
72306;2;4;2;True
72307;6;16;10;True
72308;6;16;10;True
72309;2;4;2;True
72310;3;3;0;True
72311;5;9;4;True
72312;1;1;0;True
72313;5;12;7;True
72314;8;12;4;True
72315;4;9;5;True
72316;4;6;2;True
72317;4;9;5;True
72318;6;16;10;True
72319;1;1;0;True
72320;1;1;0;True
72321;4;8;4;True
72322;5;16;11;True
72323;8;16;8;True
72324;8;12;4;True
72325;8;16;8;True
72326;7;16;9;True
72327;2;4;2;True
72328;5;12;7;True
72329;4;9;5;True
72330;0;0;0;True
72331;6;9;3;True
72332;4;12;8;True
72333;4;6;2;True
72334;6;12;6;True
72335;2;4;2;True
72336;5;12;7;True
72337;2;4;2;True
72338;4;12;8;True
72339;10;16;6;True
72340;3;6;3;True
72341;3;6;3;True
72342;3;4;1;True
72343;4;6;2;True
72344;1;1;0;True
72345;6;16;10;True
72346;3;6;3;True
72347;2;2;0;True
72348;1;1;0;True
72349;5;12;7;True
72350;2;4;2;True
72351;5;12;7;True
72352;1;1;0;True
72353;3;6;3;True
72354;3;6;3;True
72355;4;6;2;True
72356;1;1;0;True
72357;7;16;9;True
72358;5;9;4;True
72359;6;12;6;True
72360;4;9;5;True
72361;2;4;2;True
72362;5;6;1;True
72363;5;12;7;True
72364;3;4;1;True
72365;5;9;4;True
72366;8;16;8;True
72367;4;12;8;True
72368;3;4;1;True
72369;1;1;0;True
72370;2;4;2;True
72371;4;9;5;True
72372;3;6;3;True
72373;1;1;0;True
72374;8;16;8;True
72375;1;1;0;True
72376;3;3;0;True
72377;8;16;8;True
72378;4;6;2;True
72379;3;6;3;True
72380;8;16;8;True
72381;2;2;0;True
72382;0;0;0;True
72383;5;12;7;True
72384;1;1;0;True
72385;1;1;0;True
72386;1;1;0;True
72387;4;9;5;True
72388;1;1;0;True
72389;4;12;8;True
72390;1;1;0;True
72391;7;12;5;True
72392;0;0;0;True
72393;4;12;8;True
72394;4;6;2;True
72395;5;9;4;True
72396;10;16;6;True
72397;2;4;2;True
72398;1;1;0;True
72399;5;12;7;True
72400;2;4;2;True
72401;4;12;8;True
72402;4;6;2;True
72403;3;6;3;True
72404;1;1;0;True
72405;1;1;0;True
72406;4;9;5;True
72407;4;12;8;True
72408;4;12;8;True
72409;4;9;5;True
72410;3;6;3;True
72411;4;9;5;True
72412;10;16;6;True
72413;4;9;5;True
72414;7;12;5;True
72415;6;9;3;True
72416;0;0;0;True
72417;3;9;6;True
72418;1;1;0;True
72419;3;6;3;True
72420;1;1;0;True
72421;5;9;4;True
72422;4;9;5;True
72423;4;12;8;True
72424;4;12;8;True
72425;1;1;0;True
72426;1;1;0;True
72427;1;1;0;True
72428;3;4;1;True
72429;7;16;9;True
72430;9;12;3;True
72431;0;0;0;True
72432;4;8;4;True
72433;4;9;5;True
72434;1;1;0;True
72435;2;4;2;True
72436;2;2;0;True
72437;3;4;1;True
72438;5;9;4;True
72439;1;1;0;True
72440;3;6;3;True
72441;0;0;0;True
72442;1;1;0;True
72443;2;4;2;True
72444;5;8;3;True
72445;3;6;3;True
72446;4;9;5;True
72447;3;4;1;True
72448;6;12;6;True
72449;5;9;4;True
72450;5;9;4;True
72451;4;8;4;True
72452;3;6;3;True
72453;3;6;3;True
72454;4;6;2;True
72455;1;1;0;True
72456;6;12;6;True
72457;1;1;0;True
72458;7;12;5;True
72459;8;12;4;True
72460;4;6;2;True
72461;6;12;6;True
72462;3;6;3;True
72463;5;6;1;True
72464;1;1;0;True
72465;6;16;10;True
72466;8;16;8;True
72467;8;16;8;True
72468;4;9;5;True
72469;4;9;5;True
72470;8;16;8;True
72471;3;6;3;True
72472;1;1;0;True
72473;6;12;6;True
72474;6;16;10;True
72475;5;9;4;True
72476;6;12;6;True
72477;5;9;4;True
72478;5;12;7;True
72479;5;12;7;True
72480;3;4;1;True
72481;3;4;1;True
72482;6;16;10;True
72483;8;16;8;True
72484;5;9;4;True
72485;3;9;6;True
72486;6;16;10;True
72487;3;9;6;True
72488;1;1;0;True
72489;2;2;0;True
72490;2;4;2;True
72491;3;4;1;True
72492;2;4;2;True
72493;3;6;3;True
72494;6;16;10;True
72495;5;12;7;True
72496;3;6;3;True
72497;1;1;0;True
72498;2;2;0;True
72499;2;4;2;True
72500;5;12;7;True
72501;6;16;10;True
72502;3;4;1;True
72503;4;6;2;True
72504;7;12;5;True
72505;1;1;0;True
72506;7;16;9;True
72507;8;12;4;True
72508;4;6;2;True
72509;4;8;4;True
72510;5;12;7;True
72511;3;6;3;True
72512;4;12;8;True
72513;2;4;2;True
72514;5;12;7;True
72515;3;4;1;True
72516;3;6;3;True
72517;6;12;6;True
72518;4;9;5;True
72519;4;9;5;True
72520;5;12;7;True
72521;2;2;0;True
72522;4;6;2;True
72523;6;12;6;True
72524;11;16;5;True
72525;3;9;6;True
72526;1;1;0;True
72527;5;16;11;True
72528;7;12;5;True
72529;3;6;3;True
72530;3;9;6;True
72531;3;4;1;True
72532;0;0;0;True
72533;4;9;5;True
72534;7;12;5;True
72535;6;12;6;True
72536;2;2;0;True
72537;7;16;9;True
72538;3;4;1;True
72539;3;6;3;True
72540;4;6;2;True
72541;0;0;0;True
72542;1;1;0;True
72543;2;4;2;True
72544;1;1;0;True
72545;1;1;0;True
72546;6;12;6;True
72547;0;0;0;True
72548;4;12;8;True
72549;4;9;5;True
72550;7;16;9;True
72551;8;16;8;True
72552;1;1;0;True
72553;1;1;0;True
72554;1;1;0;True
72555;1;1;0;True
72556;0;0;0;True
72557;5;9;4;True
72558;2;4;2;True
72559;2;4;2;True
72560;0;0;0;True
72561;5;12;7;True
72562;6;16;10;True
72563;9;16;7;True
72564;8;12;4;True
72565;5;9;4;True
72566;4;16;12;True
72567;0;0;0;True
72568;3;4;1;True
72569;0;0;0;True
72570;1;1;0;True
72571;4;12;8;True
72572;3;4;1;True
72573;2;4;2;True
72574;1;1;0;True
72575;5;16;11;True
72576;2;4;2;True
72577;2;2;0;True
72578;0;0;0;True
72579;10;12;2;True
72580;6;12;6;True
72581;4;9;5;True
72582;3;6;3;True
72583;2;4;2;True
72584;2;4;2;True
72585;3;4;1;True
72586;4;9;5;True
72587;6;12;6;True
72588;5;12;7;True
72589;6;16;10;True
72590;2;2;0;True
72591;7;16;9;True
72592;3;9;6;True
72593;3;4;1;True
72594;0;0;0;True
72595;5;12;7;True
72596;1;1;0;True
72597;3;4;1;True
72598;6;12;6;True
72599;5;8;3;True
72600;5;8;3;True
72601;3;6;3;True
72602;5;6;1;True
72603;7;9;2;True
72604;3;6;3;True
72605;6;12;6;True
72606;4;8;4;True
72607;3;6;3;True
72608;1;1;0;True
72609;1;1;0;True
72610;5;16;11;True
72611;6;9;3;True
72612;6;16;10;True
72613;5;12;7;True
72614;1;1;0;True
72615;3;4;1;True
72616;5;12;7;True
72617;5;9;4;True
72618;2;2;0;True
72619;3;6;3;True
72620;5;12;7;True
72621;10;16;6;True
72622;2;4;2;True
72623;3;4;1;True
72624;0;0;0;True
72625;0;0;0;True
72626;7;16;9;True
72627;2;4;2;True
72628;5;9;4;True
72629;3;9;6;True
72630;7;12;5;True
72631;4;9;5;True
72632;8;16;8;True
72633;1;1;0;True
72634;6;12;6;True
72635;7;16;9;True
72636;1;1;0;True
72637;4;6;2;True
72638;4;6;2;True
72639;2;4;2;True
72640;8;12;4;True
72641;2;4;2;True
72642;0;0;0;True
72643;4;9;5;True
72644;8;12;4;True
72645;2;2;0;True
72646;7;12;5;True
72647;4;8;4;True
72648;4;9;5;True
72649;8;16;8;True
72650;7;12;5;True
72651;3;9;6;True
72652;2;4;2;True
72653;3;6;3;True
72654;4;12;8;True
72655;4;6;2;True
72656;1;1;0;True
72657;8;16;8;True
72658;0;0;0;True
72659;7;16;9;True
72660;1;1;0;True
72661;4;12;8;True
72662;2;4;2;True
72663;5;9;4;True
72664;2;2;0;True
72665;2;4;2;True
72666;4;6;2;True
72667;9;16;7;True
72668;0;0;0;True
72669;1;1;0;True
72670;3;6;3;True
72671;4;6;2;True
72672;0;0;0;True
72673;4;6;2;True
72674;7;16;9;True
72675;2;2;0;True
72676;0;0;0;True
72677;2;2;0;True
72678;5;9;4;True
72679;2;2;0;True
72680;6;9;3;True
72681;4;9;5;True
72682;1;1;0;True
72683;6;16;10;True
72684;2;2;0;True
72685;2;4;2;True
72686;3;6;3;True
72687;4;12;8;True
72688;3;4;1;True
72689;2;4;2;True
72690;2;4;2;True
72691;3;6;3;True
72692;3;4;1;True
72693;6;12;6;True
72694;2;4;2;True
72695;4;6;2;True
72696;3;6;3;True
72697;1;1;0;True
72698;6;12;6;True
72699;4;4;0;True
72700;8;16;8;True
72701;1;1;0;True
72702;1;1;0;True
72703;5;12;7;True
72704;1;1;0;True
72705;2;2;0;True
72706;4;9;5;True
72707;3;4;1;True
72708;1;1;0;True
72709;5;12;7;True
72710;4;9;5;True
72711;5;12;7;True
72712;2;4;2;True
72713;8;12;4;True
72714;1;1;0;True
72715;7;12;5;True
72716;6;12;6;True
72717;11;16;5;True
72718;8;16;8;True
72719;6;12;6;True
72720;0;0;0;True
72721;6;12;6;True
72722;6;9;3;True
72723;4;6;2;True
72724;5;9;4;True
72725;3;9;6;True
72726;5;12;7;True
72727;7;16;9;True
72728;2;4;2;True
72729;1;1;0;True
72730;4;6;2;True
72731;3;6;3;True
72732;4;6;2;True
72733;6;16;10;True
72734;0;0;0;True
72735;2;4;2;True
72736;2;2;0;True
72737;4;12;8;True
72738;2;4;2;True
72739;3;6;3;True
72740;1;1;0;True
72741;3;6;3;True
72742;7;12;5;True
72743;0;0;0;True
72744;6;16;10;True
72745;5;16;11;True
72746;2;4;2;True
72747;4;9;5;True
72748;6;12;6;True
72749;4;6;2;True
72750;3;6;3;True
72751;3;6;3;True
72752;2;2;0;True
72753;7;16;9;True
72754;4;9;5;True
72755;4;8;4;True
72756;3;4;1;True
72757;1;1;0;True
72758;2;4;2;True
72759;3;6;3;True
72760;3;6;3;True
72761;0;0;0;True
72762;4;12;8;True
72763;2;4;2;True
72764;8;16;8;True
72765;8;16;8;True
72766;1;1;0;True
72767;0;0;0;True
72768;3;9;6;True
72769;8;12;4;True
72770;1;1;0;True
72771;4;9;5;True
72772;0;0;0;True
72773;5;12;7;True
72774;7;16;9;True
72775;10;16;6;True
72776;2;4;2;True
72777;0;0;0;True
72778;0;0;0;True
72779;8;16;8;True
72780;2;2;0;True
72781;2;4;2;True
72782;5;9;4;True
72783;3;4;1;True
72784;3;9;6;True
72785;1;1;0;True
72786;3;6;3;True
72787;3;4;1;True
72788;1;1;0;True
72789;5;12;7;True
72790;4;9;5;True
72791;0;0;0;True
72792;3;6;3;True
72793;2;2;0;True
72794;1;1;0;True
72795;5;8;3;True
72796;1;1;0;True
72797;4;6;2;True
72798;6;12;6;True
72799;2;4;2;True
72800;0;0;0;True
72801;6;12;6;True
72802;5;12;7;True
72803;4;9;5;True
72804;3;4;1;True
72805;7;16;9;True
72806;5;12;7;True
72807;4;9;5;True
72808;1;1;0;True
72809;5;9;4;True
72810;2;4;2;True
72811;2;4;2;True
72812;8;9;1;True
72813;1;1;0;True
72814;1;1;0;True
72815;2;2;0;True
72816;5;9;4;True
72817;3;4;1;True
72818;4;9;5;True
72819;1;1;0;True
72820;2;2;0;True
72821;2;2;0;True
72822;2;4;2;True
72823;3;4;1;True
72824;5;6;1;True
72825;3;6;3;True
72826;1;1;0;True
72827;1;1;0;True
72828;4;12;8;True
72829;3;6;3;True
72830;1;1;0;True
72831;2;2;0;True
72832;0;0;0;True
72833;2;4;2;True
72834;4;9;5;True
72835;2;4;2;True
72836;5;12;7;True
72837;3;4;1;True
72838;0;0;0;True
72839;4;9;5;True
72840;1;1;0;True
72841;0;0;0;True
72842;7;16;9;True
72843;4;9;5;True
72844;1;1;0;True
72845;1;1;0;True
72846;5;8;3;True
72847;1;1;0;True
72848;0;0;0;True
72849;7;16;9;True
72850;7;12;5;True
72851;3;6;3;True
72852;3;4;1;True
72853;6;16;10;True
72854;1;1;0;True
72855;5;12;7;True
72856;8;16;8;True
72857;2;2;0;True
72858;1;1;0;True
72859;3;6;3;True
72860;6;9;3;True
72861;6;16;10;True
72862;5;16;11;True
72863;0;0;0;True
72864;0;0;0;True
72865;3;3;0;True
72866;3;4;1;True
72867;2;4;2;True
72868;0;0;0;True
72869;2;4;2;True
72870;0;0;0;True
72871;9;16;7;True
72872;4;12;8;True
72873;6;16;10;True
72874;6;12;6;True
72875;4;6;2;True
72876;0;0;0;True
72877;5;9;4;True
72878;5;9;4;True
72879;6;9;3;True
72880;2;4;2;True
72881;0;0;0;True
72882;2;4;2;True
72883;3;4;1;True
72884;6;9;3;True
72885;2;4;2;True
72886;5;12;7;True
72887;4;12;8;True
72888;8;16;8;True
72889;10;16;6;True
72890;5;9;4;True
72891;1;1;0;True
72892;7;12;5;True
72893;6;12;6;True
72894;6;6;0;True
72895;1;1;0;True
72896;5;9;4;True
72897;0;0;0;True
72898;7;16;9;True
72899;5;12;7;True
72900;5;12;7;True
72901;3;6;3;True
72902;1;1;0;True
72903;3;6;3;True
72904;5;9;4;True
72905;3;9;6;True
72906;7;16;9;True
72907;7;12;5;True
72908;4;6;2;True
72909;2;4;2;True
72910;2;2;0;True
72911;7;12;5;True
72912;4;8;4;True
72913;5;12;7;True
72914;3;6;3;True
72915;6;12;6;True
72916;5;12;7;True
72917;7;16;9;True
72918;5;12;7;True
72919;0;0;0;True
72920;2;4;2;True
72921;3;9;6;True
72922;1;1;0;True
72923;2;4;2;True
72924;2;4;2;True
72925;3;9;6;True
72926;1;1;0;True
72927;2;2;0;True
72928;2;4;2;True
72929;0;0;0;True
72930;3;4;1;True
72931;7;12;5;True
72932;4;9;5;True
72933;5;6;1;True
72934;8;16;8;True
72935;3;4;1;True
72936;4;9;5;True
72937;0;0;0;True
72938;7;16;9;True
72939;4;4;0;True
72940;2;4;2;True
72941;3;9;6;True
72942;6;12;6;True
72943;4;9;5;True
72944;8;12;4;True
72945;3;4;1;True
72946;5;12;7;True
72947;5;16;11;True
72948;0;0;0;True
72949;4;6;2;True
72950;0;0;0;True
72951;3;9;6;True
72952;1;1;0;True
72953;2;2;0;True
72954;3;9;6;True
72955;4;12;8;True
72956;7;16;9;True
72957;2;2;0;True
72958;2;2;0;True
72959;3;4;1;True
72960;1;1;0;True
72961;6;16;10;True
72962;8;16;8;True
72963;1;1;0;True
72964;0;0;0;True
72965;7;16;9;True
72966;0;0;0;True
72967;3;6;3;True
72968;3;6;3;True
72969;3;9;6;True
72970;1;1;0;True
72971;2;4;2;True
72972;5;12;7;True
72973;0;0;0;True
72974;5;16;11;True
72975;1;1;0;True
72976;6;12;6;True
72977;0;0;0;True
72978;9;16;7;True
72979;0;0;0;True
72980;6;12;6;True
72981;1;1;0;True
72982;2;4;2;True
72983;4;6;2;True
72984;2;2;0;True
72985;1;1;0;True
72986;3;6;3;True
72987;3;3;0;True
72988;6;6;0;True
72989;4;6;2;True
72990;3;3;0;True
72991;4;9;5;True
72992;7;12;5;True
72993;5;6;1;True
72994;0;0;0;True
72995;3;6;3;True
72996;3;6;3;True
72997;2;4;2;True
72998;3;6;3;True
72999;3;9;6;True
73000;6;16;10;True
73001;9;16;7;True
73002;4;8;4;True
73003;2;4;2;True
73004;1;1;0;True
73005;2;2;0;True
73006;8;16;8;True
73007;0;0;0;True
73008;4;6;2;True
73009;0;0;0;True
73010;1;1;0;True
73011;1;1;0;True
73012;8;12;4;True
73013;4;8;4;True
73014;10;16;6;True
73015;7;16;9;True
73016;2;4;2;True
73017;4;6;2;True
73018;4;9;5;True
73019;2;2;0;True
73020;4;9;5;True
73021;4;6;2;True
73022;6;16;10;True
73023;1;1;0;True
73024;5;16;11;True
73025;8;16;8;True
73026;3;9;6;True
73027;5;9;4;True
73028;2;2;0;True
73029;7;12;5;True
73030;10;16;6;True
73031;5;12;7;True
73032;4;6;2;True
73033;6;9;3;True
73034;0;0;0;True
73035;2;2;0;True
73036;5;12;7;True
73037;2;4;2;True
73038;5;12;7;True
73039;3;4;1;True
73040;3;4;1;True
73041;3;6;3;True
73042;5;16;11;True
73043;9;16;7;True
73044;5;12;7;True
73045;6;12;6;True
73046;6;9;3;True
73047;3;6;3;True
73048;7;12;5;True
73049;2;4;2;True
73050;1;1;0;True
73051;2;4;2;True
73052;3;9;6;True
73053;1;1;0;True
73054;8;12;4;True
73055;2;4;2;True
73056;5;12;7;True
73057;2;4;2;True
73058;0;0;0;True
73059;3;6;3;True
73060;7;12;5;True
73061;1;1;0;True
73062;5;12;7;True
73063;6;9;3;True
73064;0;0;0;True
73065;2;2;0;True
73066;2;2;0;True
73067;0;0;0;True
73068;10;16;6;True
73069;3;9;6;True
73070;0;0;0;True
73071;2;2;0;True
73072;1;1;0;True
73073;7;16;9;True
73074;5;12;7;True
73075;5;12;7;True
73076;7;16;9;True
73077;2;4;2;True
73078;1;1;0;True
73079;8;12;4;True
73080;3;6;3;True
73081;7;16;9;True
73082;9;16;7;True
73083;2;4;2;True
73084;3;6;3;True
73085;4;9;5;True
73086;3;9;6;True
73087;4;8;4;True
73088;1;1;0;True
73089;5;12;7;True
73090;6;12;6;True
73091;3;6;3;True
73092;1;1;0;True
73093;4;9;5;True
73094;1;1;0;True
73095;3;6;3;True
73096;2;4;2;True
73097;2;2;0;True
73098;3;9;6;True
73099;1;1;0;True
73100;3;4;1;True
73101;5;12;7;True
73102;4;9;5;True
73103;3;6;3;True
73104;1;1;0;True
73105;6;16;10;True
73106;10;16;6;True
73107;2;2;0;True
73108;2;4;2;True
73109;4;9;5;True
73110;1;1;0;True
73111;2;4;2;True
73112;3;6;3;True
73113;2;4;2;True
73114;3;6;3;True
73115;4;9;5;True
73116;5;12;7;True
73117;4;9;5;True
73118;5;12;7;True
73119;3;4;1;True
73120;2;2;0;True
73121;4;6;2;True
73122;8;12;4;True
73123;2;2;0;True
73124;4;6;2;True
73125;6;12;6;True
73126;4;6;2;True
73127;10;16;6;True
73128;5;9;4;True
73129;1;1;0;True
73130;0;0;0;True
73131;3;6;3;True
73132;7;16;9;True
73133;2;4;2;True
73134;5;8;3;True
73135;7;12;5;True
73136;6;12;6;True
73137;1;1;0;True
73138;11;16;5;True
73139;1;1;0;True
73140;5;9;4;True
73141;5;9;4;True
73142;10;12;2;True
73143;1;1;0;True
73144;6;9;3;True
73145;5;9;4;True
73146;3;6;3;True
73147;4;12;8;True
73148;1;1;0;True
73149;3;9;6;True
73150;3;6;3;True
73151;5;12;7;True
73152;5;9;4;True
73153;5;12;7;True
73154;2;4;2;True
73155;5;6;1;True
73156;6;16;10;True
73157;4;12;8;True
73158;4;6;2;True
73159;2;2;0;True
73160;4;9;5;True
73161;8;16;8;True
73162;7;12;5;True
73163;4;8;4;True
73164;1;1;0;True
73165;5;12;7;True
73166;9;16;7;True
73167;1;1;0;True
73168;4;6;2;True
73169;1;1;0;True
73170;2;4;2;True
73171;0;0;0;True
73172;1;1;0;True
73173;5;12;7;True
73174;4;6;2;True
73175;3;6;3;True
73176;3;6;3;True
73177;3;6;3;True
73178;2;4;2;True
73179;4;9;5;True
73180;2;4;2;True
73181;6;12;6;True
73182;0;0;0;True
73183;1;1;0;True
73184;8;12;4;True
73185;5;12;7;True
73186;1;1;0;True
73187;1;1;0;True
73188;1;1;0;True
73189;1;1;0;True
73190;6;9;3;True
73191;7;16;9;True
73192;2;4;2;True
73193;6;9;3;True
73194;1;1;0;True
73195;10;16;6;True
73196;1;1;0;True
73197;2;4;2;True
73198;7;16;9;True
73199;3;6;3;True
73200;7;12;5;True
73201;5;9;4;True
73202;6;12;6;True
73203;2;2;0;True
73204;2;4;2;True
73205;3;3;0;True
73206;0;0;0;True
73207;5;12;7;True
73208;2;4;2;True
73209;5;9;4;True
73210;6;12;6;True
73211;7;12;5;True
73212;8;12;4;True
73213;3;4;1;True
73214;7;16;9;True
73215;3;4;1;True
73216;4;8;4;True
73217;0;0;0;True
73218;1;1;0;True
73219;1;1;0;True
73220;4;4;0;True
73221;2;4;2;True
73222;7;12;5;True
73223;7;16;9;True
73224;4;6;2;True
73225;1;1;0;True
73226;3;6;3;True
73227;0;0;0;True
73228;3;6;3;True
73229;3;6;3;True
73230;4;12;8;True
73231;1;1;0;True
73232;5;12;7;True
73233;5;9;4;True
73234;1;1;0;True
73235;6;9;3;True
73236;5;8;3;True
73237;0;0;0;True
73238;5;6;1;True
73239;8;16;8;True
73240;2;4;2;True
73241;6;12;6;True
73242;3;9;6;True
73243;4;9;5;True
73244;4;6;2;True
73245;5;12;7;True
73246;1;1;0;True
73247;4;9;5;True
73248;6;16;10;True
73249;9;16;7;True
73250;3;6;3;True
73251;2;4;2;True
73252;4;6;2;True
73253;6;12;6;True
73254;7;12;5;True
73255;2;4;2;True
73256;1;1;0;True
73257;6;12;6;True
73258;1;1;0;True
73259;4;9;5;True
73260;5;9;4;True
73261;4;6;2;True
73262;4;6;2;True
73263;2;2;0;True
73264;5;12;7;True
73265;3;6;3;True
73266;4;8;4;True
73267;3;6;3;True
73268;6;12;6;True
73269;6;12;6;True
73270;1;1;0;True
73271;5;9;4;True
73272;1;1;0;True
73273;2;4;2;True
73274;5;12;7;True
73275;7;16;9;True
73276;7;12;5;True
73277;6;12;6;True
73278;2;4;2;True
73279;4;8;4;True
73280;1;1;0;True
73281;1;1;0;True
73282;4;4;0;True
73283;4;8;4;True
73284;4;4;0;True
73285;4;6;2;True
73286;3;4;1;True
73287;2;2;0;True
73288;4;9;5;True
73289;1;1;0;True
73290;2;2;0;True
73291;3;4;1;True
73292;3;6;3;True
73293;4;9;5;True
73294;4;6;2;True
73295;3;4;1;True
73296;4;9;5;True
73297;3;9;6;True
73298;1;1;0;True
73299;2;4;2;True
73300;4;9;5;True
73301;2;2;0;True
73302;0;0;0;True
73303;5;12;7;True
73304;2;4;2;True
73305;3;4;1;True
73306;5;9;4;True
73307;4;6;2;True
73308;7;16;9;True
73309;9;16;7;True
73310;1;1;0;True
73311;4;6;2;True
73312;2;2;0;True
73313;1;1;0;True
73314;4;9;5;True
73315;2;4;2;True
73316;2;2;0;True
73317;4;9;5;True
73318;1;1;0;True
73319;2;2;0;True
73320;9;16;7;True
73321;4;12;8;True
73322;1;1;0;True
73323;1;1;0;True
73324;0;0;0;True
73325;5;8;3;True
73326;4;9;5;True
73327;5;12;7;True
73328;6;9;3;True
73329;3;4;1;True
73330;1;1;0;True
73331;6;9;3;True
73332;3;6;3;True
73333;2;2;0;True
73334;6;8;2;True
73335;1;1;0;True
73336;1;1;0;True
73337;4;9;5;True
73338;7;16;9;True
73339;2;4;2;True
73340;8;12;4;True
73341;3;6;3;True
73342;5;9;4;True
73343;4;9;5;True
73344;6;12;6;True
73345;1;1;0;True
73346;11;12;1;True
73347;4;9;5;True
73348;4;9;5;True
73349;6;12;6;True
73350;5;9;4;True
73351;3;4;1;True
73352;2;4;2;True
73353;2;4;2;True
73354;4;9;5;True
73355;3;9;6;True
73356;5;9;4;True
73357;4;12;8;True
73358;3;6;3;True
73359;6;16;10;True
73360;2;4;2;True
73361;8;12;4;True
73362;1;1;0;True
73363;3;4;1;True
73364;0;0;0;True
73365;2;4;2;True
73366;5;12;7;True
73367;0;0;0;True
73368;7;16;9;True
73369;7;12;5;True
73370;2;4;2;True
73371;0;0;0;True
73372;0;0;0;True
73373;3;6;3;True
73374;3;6;3;True
73375;0;0;0;True
73376;5;12;7;True
73377;2;4;2;True
73378;0;0;0;True
73379;4;9;5;True
73380;0;0;0;True
73381;2;4;2;True
73382;3;6;3;True
73383;2;4;2;True
73384;3;6;3;True
73385;6;16;10;True
73386;1;1;0;True
73387;5;8;3;True
73388;9;16;7;True
73389;7;12;5;True
73390;1;1;0;True
73391;4;12;8;True
73392;2;2;0;True
73393;1;1;0;True
73394;5;12;7;True
73395;3;6;3;True
73396;5;12;7;True
73397;3;6;3;True
73398;6;9;3;True
73399;5;16;11;True
73400;5;9;4;True
73401;5;9;4;True
73402;8;16;8;True
73403;3;6;3;True
73404;2;2;0;True
73405;2;4;2;True
73406;1;1;0;True
73407;1;1;0;True
73408;4;12;8;True
73409;6;12;6;True
73410;3;9;6;True
73411;5;12;7;True
73412;2;4;2;True
73413;6;12;6;True
73414;4;4;0;True
73415;2;2;0;True
73416;5;12;7;True
73417;6;12;6;True
73418;3;6;3;True
73419;0;0;0;True
73420;4;6;2;True
73421;8;16;8;True
73422;2;4;2;True
73423;5;12;7;True
73424;1;1;0;True
73425;6;12;6;True
73426;5;12;7;True
73427;4;9;5;True
73428;5;12;7;True
73429;4;8;4;True
73430;4;6;2;True
73431;5;9;4;True
73432;3;6;3;True
73433;4;6;2;True
73434;0;0;0;True
73435;3;4;1;True
73436;4;6;2;True
73437;3;6;3;True
73438;1;1;0;True
73439;1;1;0;True
73440;2;4;2;True
73441;4;9;5;True
73442;5;12;7;True
73443;7;12;5;True
73444;1;1;0;True
73445;2;2;0;True
73446;2;4;2;True
73447;5;12;7;True
73448;0;0;0;True
73449;4;8;4;True
73450;4;9;5;True
73451;4;6;2;True
73452;5;12;7;True
73453;3;6;3;True
73454;6;16;10;True
73455;1;1;0;True
73456;1;1;0;True
73457;3;4;1;True
73458;2;4;2;True
73459;0;0;0;True
73460;6;12;6;True
73461;1;1;0;True
73462;5;6;1;True
73463;3;4;1;True
73464;2;4;2;True
73465;4;8;4;True
73466;6;12;6;True
73467;3;6;3;True
73468;7;16;9;True
73469;1;1;0;True
73470;9;16;7;True
73471;3;4;1;True
73472;2;4;2;True
73473;4;9;5;True
73474;4;12;8;True
73475;7;12;5;True
73476;6;12;6;True
73477;3;9;6;True
73478;6;12;6;True
73479;0;0;0;True
73480;3;4;1;True
73481;4;9;5;True
73482;5;16;11;True
73483;6;16;10;True
73484;3;4;1;True
73485;5;9;4;True
73486;3;6;3;True
73487;1;1;0;True
73488;5;9;4;True
73489;5;12;7;True
73490;4;12;8;True
73491;0;0;0;True
73492;2;2;0;True
73493;1;1;0;True
73494;2;4;2;True
73495;7;12;5;True
73496;8;16;8;True
73497;4;6;2;True
73498;4;6;2;True
73499;1;1;0;True
73500;4;12;8;True
73501;8;16;8;True
73502;4;9;5;True
73503;6;12;6;True
73504;6;16;10;True
73505;2;2;0;True
73506;7;16;9;True
73507;3;6;3;True
73508;0;0;0;True
73509;4;12;8;True
73510;4;6;2;True
73511;2;4;2;True
73512;4;9;5;True
73513;6;12;6;True
73514;6;16;10;True
73515;7;16;9;True
73516;2;2;0;True
73517;7;12;5;True
73518;3;6;3;True
73519;7;16;9;True
73520;5;12;7;True
73521;3;6;3;True
73522;0;0;0;True
73523;4;8;4;True
73524;2;2;0;True
73525;2;2;0;True
73526;2;4;2;True
73527;5;9;4;True
73528;2;4;2;True
73529;7;12;5;True
73530;2;4;2;True
73531;2;2;0;True
73532;5;8;3;True
73533;2;4;2;True
73534;4;4;0;True
73535;2;4;2;True
73536;4;9;5;True
73537;5;9;4;True
73538;1;1;0;True
73539;0;0;0;True
73540;4;6;2;True
73541;3;6;3;True
73542;10;16;6;True
73543;4;9;5;True
73544;1;1;0;True
73545;3;6;3;True
73546;3;9;6;True
73547;3;9;6;True
73548;2;4;2;True
73549;3;6;3;True
73550;0;0;0;True
73551;7;16;9;True
73552;1;1;0;True
73553;4;9;5;True
73554;2;4;2;True
73555;4;8;4;True
73556;9;16;7;True
73557;3;6;3;True
73558;9;16;7;True
73559;0;0;0;True
73560;1;1;0;True
73561;0;0;0;True
73562;0;0;0;True
73563;2;4;2;True
73564;0;0;0;True
73565;3;6;3;True
73566;6;8;2;True
73567;4;6;2;True
73568;3;6;3;True
73569;0;0;0;True
73570;5;9;4;True
73571;0;0;0;True
73572;3;6;3;True
73573;6;12;6;True
73574;1;1;0;True
73575;5;12;7;True
73576;3;6;3;True
73577;2;2;0;True
73578;6;12;6;True
73579;2;4;2;True
73580;3;6;3;True
73581;6;12;6;True
73582;1;1;0;True
73583;5;12;7;True
73584;5;9;4;True
73585;2;2;0;True
73586;1;1;0;True
73587;3;6;3;True
73588;7;12;5;True
73589;3;6;3;True
73590;1;1;0;True
73591;6;12;6;True
73592;5;16;11;True
73593;2;4;2;True
73594;9;16;7;True
73595;5;9;4;True
73596;3;9;6;True
73597;6;16;10;True
73598;4;9;5;True
73599;4;9;5;True
73600;4;9;5;True
73601;5;12;7;True
73602;5;12;7;True
73603;3;3;0;True
73604;1;1;0;True
73605;5;9;4;True
73606;2;4;2;True
73607;6;12;6;True
73608;4;9;5;True
73609;1;1;0;True
73610;7;16;9;True
73611;2;2;0;True
73612;10;16;6;True
73613;4;6;2;True
73614;4;9;5;True
73615;3;9;6;True
73616;4;8;4;True
73617;2;4;2;True
73618;6;16;10;True
73619;5;9;4;True
73620;2;2;0;True
73621;2;4;2;True
73622;1;1;0;True
73623;3;6;3;True
73624;1;1;0;True
73625;5;8;3;True
73626;4;8;4;True
73627;1;1;0;True
73628;8;16;8;True
73629;6;16;10;True
73630;5;12;7;True
73631;4;12;8;True
73632;1;1;0;True
73633;7;12;5;True
73634;0;0;0;True
73635;6;8;2;True
73636;5;8;3;True
73637;4;6;2;True
73638;7;12;5;True
73639;6;12;6;True
73640;4;9;5;True
73641;6;12;6;True
73642;7;16;9;True
73643;5;6;1;True
73644;4;6;2;True
73645;2;2;0;True
73646;2;2;0;True
73647;1;1;0;True
73648;1;1;0;True
73649;6;12;6;True
73650;0;0;0;True
73651;5;9;4;True
73652;6;8;2;True
73653;6;12;6;True
73654;2;4;2;True
73655;5;9;4;True
73656;2;2;0;True
73657;5;12;7;True
73658;3;6;3;True
73659;10;16;6;True
73660;3;6;3;True
73661;7;16;9;True
73662;1;1;0;True
73663;2;2;0;True
73664;0;0;0;True
73665;1;1;0;True
73666;8;12;4;True
73667;4;9;5;True
73668;4;12;8;True
73669;2;4;2;True
73670;2;2;0;True
73671;7;16;9;True
73672;5;9;4;True
73673;9;16;7;True
73674;2;4;2;True
73675;5;16;11;True
73676;3;6;3;True
73677;6;16;10;True
73678;4;9;5;True
73679;3;9;6;True
73680;3;6;3;True
73681;0;0;0;True
73682;4;9;5;True
73683;6;12;6;True
73684;3;6;3;True
73685;1;1;0;True
73686;7;12;5;True
73687;2;4;2;True
73688;5;6;1;True
73689;2;4;2;True
73690;5;16;11;True
73691;1;1;0;True
73692;1;1;0;True
73693;1;1;0;True
73694;1;1;0;True
73695;3;9;6;True
73696;3;6;3;True
73697;3;6;3;True
73698;6;9;3;True
73699;4;6;2;True
73700;5;9;4;True
73701;1;1;0;True
73702;2;4;2;True
73703;2;4;2;True
73704;0;0;0;True
73705;5;12;7;True
73706;4;12;8;True
73707;5;12;7;True
73708;1;1;0;True
73709;4;12;8;True
73710;2;4;2;True
73711;3;6;3;True
73712;8;16;8;True
73713;2;2;0;True
73714;1;1;0;True
73715;1;1;0;True
73716;8;16;8;True
73717;3;9;6;True
73718;4;9;5;True
73719;1;1;0;True
73720;3;4;1;True
73721;8;16;8;True
73722;5;12;7;True
73723;1;1;0;True
73724;3;9;6;True
73725;1;1;0;True
73726;3;6;3;True
73727;0;0;0;True
73728;0;0;0;True
73729;3;9;6;True
73730;4;12;8;True
73731;4;8;4;True
73732;2;4;2;True
73733;6;12;6;True
73734;8;12;4;True
73735;5;8;3;True
73736;2;2;0;True
73737;5;12;7;True
73738;3;4;1;True
73739;0;0;0;True
73740;3;9;6;True
73741;3;6;3;True
73742;3;4;1;True
73743;3;6;3;True
73744;2;4;2;True
73745;2;2;0;True
73746;6;9;3;True
73747;6;9;3;True
73748;6;16;10;True
73749;5;12;7;True
73750;4;12;8;True
73751;4;12;8;True
73752;5;9;4;True
73753;4;6;2;True
73754;2;4;2;True
73755;0;0;0;True
73756;4;9;5;True
73757;4;9;5;True
73758;1;1;0;True
73759;5;16;11;True
73760;0;0;0;True
73761;6;12;6;True
73762;3;3;0;True
73763;3;6;3;True
73764;6;9;3;True
73765;7;12;5;True
73766;11;16;5;True
73767;4;6;2;True
73768;8;16;8;True
73769;5;16;11;True
73770;5;12;7;True
73771;4;6;2;True
73772;5;12;7;True
73773;2;2;0;True
73774;3;4;1;True
73775;1;1;0;True
73776;5;12;7;True
73777;4;9;5;True
73778;7;16;9;True
73779;3;6;3;True
73780;5;9;4;True
73781;3;4;1;True
73782;4;6;2;True
73783;5;6;1;True
73784;5;16;11;True
73785;2;2;0;True
73786;2;4;2;True
73787;9;16;7;True
73788;4;6;2;True
73789;2;4;2;True
73790;4;9;5;True
73791;2;4;2;True
73792;8;16;8;True
73793;3;4;1;True
73794;2;2;0;True
73795;3;4;1;True
73796;4;9;5;True
73797;8;16;8;True
73798;6;16;10;True
73799;2;4;2;True
73800;4;6;2;True
73801;3;4;1;True
73802;4;9;5;True
73803;3;6;3;True
73804;2;2;0;True
73805;5;8;3;True
73806;0;0;0;True
73807;2;2;0;True
73808;2;2;0;True
73809;2;2;0;True
73810;3;9;6;True
73811;5;12;7;True
73812;6;9;3;True
73813;4;12;8;True
73814;8;16;8;True
73815;2;4;2;True
73816;5;9;4;True
73817;8;16;8;True
73818;2;4;2;True
73819;2;2;0;True
73820;3;6;3;True
73821;6;12;6;True
73822;1;1;0;True
73823;3;6;3;True
73824;4;9;5;True
73825;4;9;5;True
73826;6;16;10;True
73827;5;16;11;True
73828;0;0;0;True
73829;2;4;2;True
73830;6;12;6;True
73831;3;6;3;True
73832;0;0;0;True
73833;3;9;6;True
73834;2;4;2;True
73835;8;16;8;True
73836;3;4;1;True
73837;0;0;0;True
73838;0;0;0;True
73839;2;2;0;True
73840;3;9;6;True
73841;5;16;11;True
73842;5;16;11;True
73843;0;0;0;True
73844;0;0;0;True
73845;1;1;0;True
73846;4;9;5;True
73847;4;9;5;True
73848;4;12;8;True
73849;2;2;0;True
73850;10;16;6;True
73851;3;6;3;True
73852;5;9;4;True
73853;7;16;9;True
73854;1;1;0;True
73855;6;12;6;True
73856;6;12;6;True
73857;5;12;7;True
73858;4;9;5;True
73859;4;9;5;True
73860;5;9;4;True
73861;4;9;5;True
73862;1;1;0;True
73863;2;4;2;True
73864;1;1;0;True
73865;2;4;2;True
73866;7;12;5;True
73867;3;6;3;True
73868;2;4;2;True
73869;2;2;0;True
73870;4;12;8;True
73871;0;0;0;True
73872;4;6;2;True
73873;3;6;3;True
73874;3;4;1;True
73875;6;8;2;True
73876;5;12;7;True
73877;6;12;6;True
73878;2;4;2;True
73879;4;6;2;True
73880;5;9;4;True
73881;3;4;1;True
73882;1;1;0;True
73883;6;16;10;True
73884;5;12;7;True
73885;3;6;3;True
73886;2;2;0;True
73887;3;4;1;True
73888;6;12;6;True
73889;3;6;3;True
73890;3;4;1;True
73891;3;4;1;True
73892;8;12;4;True
73893;2;4;2;True
73894;2;2;0;True
73895;7;12;5;True
73896;5;8;3;True
73897;0;0;0;True
73898;9;12;3;True
73899;6;16;10;True
73900;8;16;8;True
73901;2;4;2;True
73902;5;12;7;True
73903;1;1;0;True
73904;4;9;5;True
73905;2;2;0;True
73906;4;6;2;True
73907;4;8;4;True
73908;5;9;4;True
73909;8;16;8;True
73910;3;6;3;True
73911;6;12;6;True
73912;7;12;5;True
73913;6;16;10;True
73914;1;1;0;True
73915;2;4;2;True
73916;2;4;2;True
73917;9;16;7;True
73918;5;12;7;True
73919;5;12;7;True
73920;4;6;2;True
73921;2;4;2;True
73922;6;12;6;True
73923;3;9;6;True
73924;1;1;0;True
73925;6;16;10;True
73926;0;0;0;True
73927;5;8;3;True
73928;0;0;0;True
73929;8;16;8;True
73930;3;6;3;True
73931;6;16;10;True
73932;6;16;10;True
73933;3;6;3;True
73934;4;6;2;True
73935;6;12;6;True
73936;7;16;9;True
73937;5;12;7;True
73938;4;12;8;True
73939;6;12;6;True
73940;2;4;2;True
73941;4;8;4;True
73942;3;6;3;True
73943;6;16;10;True
73944;5;8;3;True
73945;0;0;0;True
73946;4;8;4;True
73947;2;2;0;True
73948;5;9;4;True
73949;7;9;2;True
73950;6;16;10;True
73951;3;9;6;True
73952;4;6;2;True
73953;7;16;9;True
73954;5;12;7;True
73955;2;4;2;True
73956;7;12;5;True
73957;3;6;3;True
73958;3;3;0;True
73959;1;1;0;True
73960;5;9;4;True
73961;3;3;0;True
73962;4;8;4;True
73963;2;4;2;True
73964;6;12;6;True
73965;2;4;2;True
73966;4;9;5;True
73967;3;9;6;True
73968;3;3;0;True
73969;8;16;8;True
73970;2;2;0;True
73971;4;9;5;True
73972;4;9;5;True
73973;3;4;1;True
73974;5;9;4;True
73975;2;4;2;True
73976;7;12;5;True
73977;6;9;3;True
73978;9;16;7;True
73979;0;0;0;True
73980;4;9;5;True
73981;3;6;3;True
73982;6;16;10;True
73983;3;4;1;True
73984;9;16;7;True
73985;4;9;5;True
73986;2;4;2;True
73987;5;9;4;True
73988;3;4;1;True
73989;4;9;5;True
73990;4;6;2;True
73991;0;0;0;True
73992;6;8;2;True
73993;4;9;5;True
73994;3;6;3;True
73995;6;12;6;True
73996;2;2;0;True
73997;2;2;0;True
73998;3;9;6;True
73999;5;9;4;True
74000;2;4;2;True
74001;6;12;6;True
74002;4;9;5;True
74003;4;9;5;True
74004;6;16;10;True
74005;5;12;7;True
74006;3;9;6;True
74007;5;12;7;True
74008;4;12;8;True
74009;2;4;2;True
74010;10;16;6;True
74011;3;6;3;True
74012;4;9;5;True
74013;2;2;0;True
74014;3;6;3;True
74015;0;0;0;True
74016;7;12;5;True
74017;8;16;8;True
74018;5;12;7;True
74019;7;16;9;True
74020;5;12;7;True
74021;3;3;0;True
74022;4;9;5;True
74023;6;16;10;True
74024;5;9;4;True
74025;4;8;4;True
74026;9;16;7;True
74027;3;4;1;True
74028;5;12;7;True
74029;3;6;3;True
74030;2;2;0;True
74031;5;12;7;True
74032;4;9;5;True
74033;5;8;3;True
74034;4;9;5;True
74035;0;0;0;True
74036;2;4;2;True
74037;3;6;3;True
74038;3;6;3;True
74039;5;9;4;True
74040;5;12;7;True
74041;2;2;0;True
74042;4;9;5;True
74043;0;0;0;True
74044;4;6;2;True
74045;7;12;5;True
74046;6;12;6;True
74047;1;1;0;True
74048;4;12;8;True
74049;7;16;9;True
74050;1;1;0;True
74051;3;6;3;True
74052;3;4;1;True
74053;10;16;6;True
74054;8;16;8;True
74055;6;12;6;True
74056;3;4;1;True
74057;5;9;4;True
74058;4;6;2;True
74059;1;1;0;True
74060;1;1;0;True
74061;3;4;1;True
74062;2;2;0;True
74063;1;1;0;True
74064;4;8;4;True
74065;3;6;3;True
74066;1;1;0;True
74067;2;4;2;True
74068;6;16;10;True
74069;2;2;0;True
74070;2;2;0;True
74071;2;4;2;True
74072;7;8;1;True
74073;1;1;0;True
74074;4;8;4;True
74075;4;12;8;True
74076;5;12;7;True
74077;3;4;1;True
74078;1;1;0;True
74079;5;12;7;True
74080;4;6;2;True
74081;2;2;0;True
74082;6;12;6;True
74083;3;6;3;True
74084;3;6;3;True
74085;0;0;0;True
74086;5;12;7;True
74087;1;1;0;True
74088;1;1;0;True
74089;5;8;3;True
74090;6;9;3;True
74091;5;9;4;True
74092;5;9;4;True
74093;3;4;1;True
74094;2;2;0;True
74095;2;2;0;True
74096;1;1;0;True
74097;8;16;8;True
74098;6;12;6;True
74099;4;9;5;True
74100;4;9;5;True
74101;3;6;3;True
74102;3;6;3;True
74103;9;12;3;True
74104;5;12;7;True
74105;6;16;10;True
74106;6;12;6;True
74107;3;4;1;True
74108;2;2;0;True
74109;2;4;2;True
74110;0;0;0;True
74111;3;6;3;True
74112;1;1;0;True
74113;7;16;9;True
74114;3;9;6;True
74115;3;6;3;True
74116;3;6;3;True
74117;8;16;8;True
74118;7;12;5;True
74119;8;12;4;True
74120;2;4;2;True
74121;2;4;2;True
74122;2;4;2;True
74123;6;12;6;True
74124;2;2;0;True
74125;7;12;5;True
74126;4;16;12;True
74127;2;4;2;True
74128;4;9;5;True
74129;1;1;0;True
74130;5;12;7;True
74131;3;6;3;True
74132;1;1;0;True
74133;3;6;3;True
74134;3;6;3;True
74135;3;6;3;True
74136;1;1;0;True
74137;7;16;9;True
74138;4;9;5;True
74139;4;9;5;True
74140;3;6;3;True
74141;2;2;0;True
74142;2;2;0;True
74143;1;1;0;True
74144;5;16;11;True
74145;1;1;0;True
74146;2;2;0;True
74147;3;6;3;True
74148;1;1;0;True
74149;7;16;9;True
74150;2;4;2;True
74151;7;16;9;True
74152;4;9;5;True
74153;2;2;0;True
74154;1;1;0;True
74155;4;9;5;True
74156;3;6;3;True
74157;2;4;2;True
74158;0;0;0;True
74159;4;9;5;True
74160;2;2;0;True
74161;2;2;0;True
74162;2;4;2;True
74163;8;16;8;True
74164;3;4;1;True
74165;5;8;3;True
74166;2;4;2;True
74167;5;12;7;True
74168;6;12;6;True
74169;3;6;3;True
74170;4;6;2;True
74171;4;9;5;True
74172;6;12;6;True
74173;3;6;3;True
74174;4;6;2;True
74175;4;6;2;True
74176;3;6;3;True
74177;6;12;6;True
74178;5;16;11;True
74179;1;1;0;True
74180;0;0;0;True
74181;5;12;7;True
74182;5;12;7;True
74183;4;6;2;True
74184;1;1;0;True
74185;6;8;2;True
74186;5;16;11;True
74187;3;4;1;True
74188;2;2;0;True
74189;5;9;4;True
74190;3;6;3;True
74191;2;2;0;True
74192;10;16;6;True
74193;4;6;2;True
74194;4;6;2;True
74195;3;4;1;True
74196;6;16;10;True
74197;2;4;2;True
74198;3;4;1;True
74199;7;16;9;True
74200;2;4;2;True
74201;8;16;8;True
74202;4;12;8;True
74203;0;0;0;True
74204;2;4;2;True
74205;4;6;2;True
74206;5;12;7;True
74207;0;0;0;True
74208;1;1;0;True
74209;3;4;1;True
74210;1;1;0;True
74211;3;4;1;True
74212;0;0;0;True
74213;3;4;1;True
74214;2;2;0;True
74215;4;9;5;True
74216;7;12;5;True
74217;5;16;11;True
74218;2;2;0;True
74219;9;16;7;True
74220;1;1;0;True
74221;7;16;9;True
74222;2;2;0;True
74223;2;2;0;True
74224;4;6;2;True
74225;4;9;5;True
74226;5;16;11;True
74227;5;6;1;True
74228;4;4;0;True
74229;3;4;1;True
74230;6;16;10;True
74231;0;0;0;True
74232;6;12;6;True
74233;5;9;4;True
74234;5;12;7;True
74235;3;9;6;True
74236;0;0;0;True
74237;2;4;2;True
74238;3;3;0;True
74239;2;4;2;True
74240;3;6;3;True
74241;4;12;8;True
74242;3;4;1;True
74243;4;9;5;True
74244;4;9;5;True
74245;7;12;5;True
74246;0;0;0;True
74247;4;9;5;True
74248;5;9;4;True
74249;4;9;5;True
74250;3;6;3;True
74251;3;9;6;True
74252;5;6;1;True
74253;3;6;3;True
74254;6;16;10;True
74255;4;9;5;True
74256;5;9;4;True
74257;6;12;6;True
74258;1;1;0;True
74259;2;4;2;True
74260;5;9;4;True
74261;2;4;2;True
74262;3;6;3;True
74263;5;6;1;True
74264;0;0;0;True
74265;1;1;0;True
74266;8;12;4;True
74267;3;6;3;True
74268;2;4;2;True
74269;8;12;4;True
74270;5;9;4;True
74271;7;16;9;True
74272;6;12;6;True
74273;3;3;0;True
74274;2;4;2;True
74275;3;6;3;True
74276;2;4;2;True
74277;7;12;5;True
74278;4;6;2;True
74279;2;4;2;True
74280;2;2;0;True
74281;2;2;0;True
74282;0;0;0;True
74283;8;16;8;True
74284;1;1;0;True
74285;0;0;0;True
74286;2;2;0;True
74287;4;9;5;True
74288;2;2;0;True
74289;0;0;0;True
74290;5;6;1;True
74291;3;6;3;True
74292;2;2;0;True
74293;0;0;0;True
74294;5;12;7;True
74295;6;8;2;True
74296;0;0;0;True
74297;4;9;5;True
74298;1;1;0;True
74299;8;16;8;True
74300;0;0;0;True
74301;8;16;8;True
74302;3;6;3;True
74303;3;4;1;True
74304;7;16;9;True
74305;0;0;0;True
74306;5;16;11;True
74307;5;12;7;True
74308;3;9;6;True
74309;2;2;0;True
74310;3;6;3;True
74311;3;9;6;True
74312;5;12;7;True
74313;6;12;6;True
74314;2;2;0;True
74315;3;9;6;True
74316;6;16;10;True
74317;6;12;6;True
74318;3;6;3;True
74319;7;16;9;True
74320;3;9;6;True
74321;5;12;7;True
74322;4;12;8;True
74323;2;4;2;True
74324;2;4;2;True
74325;2;4;2;True
74326;2;4;2;True
74327;7;16;9;True
74328;8;12;4;True
74329;2;4;2;True
74330;2;2;0;True
74331;3;4;1;True
74332;3;9;6;True
74333;3;6;3;True
74334;2;4;2;True
74335;2;2;0;True
74336;1;1;0;True
74337;8;16;8;True
74338;0;0;0;True
74339;7;16;9;True
74340;4;6;2;True
74341;3;4;1;True
74342;0;0;0;True
74343;8;12;4;True
74344;4;9;5;True
74345;1;1;0;True
74346;7;16;9;True
74347;7;16;9;True
74348;5;12;7;True
74349;2;4;2;True
74350;4;6;2;True
74351;4;9;5;True
74352;3;6;3;True
74353;1;1;0;True
74354;8;16;8;True
74355;2;4;2;True
74356;2;2;0;True
74357;3;6;3;True
74358;1;1;0;True
74359;3;6;3;True
74360;1;1;0;True
74361;8;16;8;True
74362;3;4;1;True
74363;2;4;2;True
74364;1;1;0;True
74365;2;4;2;True
74366;6;16;10;True
74367;2;4;2;True
74368;1;1;0;True
74369;4;6;2;True
74370;2;4;2;True
74371;7;16;9;True
74372;4;9;5;True
74373;1;1;0;True
74374;7;16;9;True
74375;0;0;0;True
74376;5;12;7;True
74377;3;9;6;True
74378;8;12;4;True
74379;4;8;4;True
74380;3;6;3;True
74381;3;6;3;True
74382;5;12;7;True
74383;5;9;4;True
74384;3;6;3;True
74385;12;16;4;True
74386;5;9;4;True
74387;0;0;0;True
74388;1;1;0;True
74389;3;3;0;True
74390;6;16;10;True
74391;7;12;5;True
74392;1;1;0;True
74393;3;4;1;True
74394;7;12;5;True
74395;6;16;10;True
74396;3;6;3;True
74397;6;12;6;True
74398;2;2;0;True
74399;3;4;1;True
74400;6;12;6;True
74401;3;6;3;True
74402;2;4;2;True
74403;5;9;4;True
74404;3;6;3;True
74405;6;12;6;True
74406;3;4;1;True
74407;6;9;3;True
74408;4;9;5;True
74409;2;2;0;True
74410;3;4;1;True
74411;4;9;5;True
74412;4;9;5;True
74413;6;12;6;True
74414;7;12;5;True
74415;1;1;0;True
74416;3;9;6;True
74417;0;0;0;True
74418;7;16;9;True
74419;7;12;5;True
74420;0;0;0;True
74421;6;12;6;True
74422;2;4;2;True
74423;2;4;2;True
74424;3;6;3;True
74425;3;4;1;True
74426;7;16;9;True
74427;3;6;3;True
74428;2;2;0;True
74429;3;6;3;True
74430;5;12;7;True
74431;0;0;0;True
74432;2;2;0;True
74433;3;6;3;True
74434;4;6;2;True
74435;3;9;6;True
74436;10;16;6;True
74437;6;12;6;True
74438;2;4;2;True
74439;4;8;4;True
74440;0;0;0;True
74441;4;9;5;True
74442;3;6;3;True
74443;6;12;6;True
74444;6;9;3;True
74445;4;6;2;True
74446;1;1;0;True
74447;4;6;2;True
74448;4;8;4;True
74449;9;12;3;True
74450;3;6;3;True
74451;2;4;2;True
74452;6;12;6;True
74453;1;1;0;True
74454;2;4;2;True
74455;1;1;0;True
74456;0;0;0;True
74457;2;2;0;True
74458;5;12;7;True
74459;3;9;6;True
74460;2;4;2;True
74461;1;1;0;True
74462;7;9;2;True
74463;2;2;0;True
74464;5;9;4;True
74465;5;12;7;True
74466;2;2;0;True
74467;1;1;0;True
74468;4;6;2;True
74469;2;4;2;True
74470;6;12;6;True
74471;3;6;3;True
74472;4;9;5;True
74473;4;6;2;True
74474;8;12;4;True
74475;4;6;2;True
74476;1;1;0;True
74477;3;6;3;True
74478;0;0;0;True
74479;10;16;6;True
74480;1;1;0;True
74481;4;6;2;True
74482;3;6;3;True
74483;10;16;6;True
74484;6;12;6;True
74485;4;9;5;True
74486;2;4;2;True
74487;3;4;1;True
74488;5;9;4;True
74489;0;0;0;True
74490;2;4;2;True
74491;2;2;0;True
74492;2;4;2;True
74493;3;6;3;True
74494;2;4;2;True
74495;2;4;2;True
74496;6;16;10;True
74497;10;16;6;True
74498;3;4;1;True
74499;10;16;6;True
74500;3;4;1;True
74501;4;9;5;True
74502;0;0;0;True
74503;7;16;9;True
74504;7;12;5;True
74505;5;8;3;True
74506;4;6;2;True
74507;5;12;7;True
74508;6;12;6;True
74509;2;4;2;True
74510;7;12;5;True
74511;2;4;2;True
74512;3;4;1;True
74513;4;6;2;True
74514;2;2;0;True
74515;4;9;5;True
74516;3;6;3;True
74517;2;2;0;True
74518;2;4;2;True
74519;4;9;5;True
74520;5;9;4;True
74521;2;4;2;True
74522;5;12;7;True
74523;2;2;0;True
74524;5;9;4;True
74525;6;16;10;True
74526;10;16;6;True
74527;1;1;0;True
74528;0;0;0;True
74529;1;1;0;True
74530;6;16;10;True
74531;1;1;0;True
74532;0;0;0;True
74533;0;0;0;True
74534;4;8;4;True
74535;4;6;2;True
74536;0;0;0;True
74537;2;4;2;True
74538;7;12;5;True
74539;6;9;3;True
74540;1;1;0;True
74541;4;12;8;True
74542;5;12;7;True
74543;3;6;3;True
74544;2;4;2;True
74545;7;16;9;True
74546;7;12;5;True
74547;0;0;0;True
74548;3;9;6;True
74549;5;12;7;True
74550;4;9;5;True
74551;2;4;2;True
74552;9;16;7;True
74553;3;4;1;True
74554;7;16;9;True
74555;2;4;2;True
74556;2;4;2;True
74557;5;12;7;True
74558;2;4;2;True
74559;5;12;7;True
74560;1;1;0;True
74561;7;16;9;True
74562;2;4;2;True
74563;8;16;8;True
74564;3;4;1;True
74565;3;9;6;True
74566;8;12;4;True
74567;3;3;0;True
74568;2;4;2;True
74569;3;6;3;True
74570;3;4;1;True
74571;4;6;2;True
74572;2;4;2;True
74573;3;4;1;True
74574;2;4;2;True
74575;3;6;3;True
74576;4;12;8;True
74577;9;16;7;True
74578;1;1;0;True
74579;5;9;4;True
74580;3;4;1;True
74581;4;9;5;True
74582;5;6;1;True
74583;6;12;6;True
74584;6;16;10;True
74585;6;16;10;True
74586;4;6;2;True
74587;6;16;10;True
74588;2;4;2;True
74589;5;16;11;True
74590;5;8;3;True
74591;1;1;0;True
74592;5;9;4;True
74593;3;6;3;True
74594;4;6;2;True
74595;4;6;2;True
74596;7;16;9;True
74597;5;9;4;True
74598;7;16;9;True
74599;6;16;10;True
74600;4;4;0;True
74601;3;6;3;True
74602;4;12;8;True
74603;3;9;6;True
74604;8;16;8;True
74605;6;12;6;True
74606;3;3;0;True
74607;2;4;2;True
74608;7;16;9;True
74609;0;0;0;True
74610;5;6;1;True
74611;3;9;6;True
74612;8;16;8;True
74613;3;6;3;True
74614;2;2;0;True
74615;8;16;8;True
74616;9;12;3;True
74617;6;12;6;True
74618;4;9;5;True
74619;3;6;3;True
74620;6;16;10;True
74621;1;1;0;True
74622;3;4;1;True
74623;3;9;6;True
74624;4;9;5;True
74625;7;12;5;True
74626;2;2;0;True
74627;0;0;0;True
74628;6;12;6;True
74629;5;8;3;True
74630;3;4;1;True
74631;4;9;5;True
74632;5;9;4;True
74633;0;0;0;True
74634;1;1;0;True
74635;3;9;6;True
74636;5;12;7;True
74637;5;9;4;True
74638;1;1;0;True
74639;4;12;8;True
74640;9;16;7;True
74641;3;6;3;True
74642;2;2;0;True
74643;5;12;7;True
74644;2;4;2;True
74645;1;1;0;True
74646;3;6;3;True
74647;3;6;3;True
74648;5;9;4;True
74649;4;9;5;True
74650;7;16;9;True
74651;4;9;5;True
74652;2;4;2;True
74653;7;16;9;True
74654;2;2;0;True
74655;6;8;2;True
74656;1;1;0;True
74657;5;12;7;True
74658;4;6;2;True
74659;8;16;8;True
74660;5;16;11;True
74661;5;8;3;True
74662;7;12;5;True
74663;2;4;2;True
74664;10;16;6;True
74665;6;12;6;True
74666;2;2;0;True
74667;5;16;11;True
74668;2;4;2;True
74669;5;12;7;True
74670;3;6;3;True
74671;6;12;6;True
74672;7;16;9;True
74673;4;6;2;True
74674;3;4;1;True
74675;6;16;10;True
74676;2;2;0;True
74677;3;4;1;True
74678;1;1;0;True
74679;4;9;5;True
74680;2;4;2;True
74681;5;8;3;True
74682;3;4;1;True
74683;8;16;8;True
74684;3;6;3;True
74685;6;6;0;True
74686;4;6;2;True
74687;3;4;1;True
74688;6;12;6;True
74689;0;0;0;True
74690;1;1;0;True
74691;0;0;0;True
74692;6;9;3;True
74693;3;9;6;True
74694;3;3;0;True
74695;6;16;10;True
74696;7;16;9;True
74697;6;9;3;True
74698;4;9;5;True
74699;11;16;5;True
74700;8;12;4;True
74701;5;12;7;True
74702;3;6;3;True
74703;0;0;0;True
74704;6;12;6;True
74705;6;9;3;True
74706;7;12;5;True
74707;6;12;6;True
74708;5;12;7;True
74709;4;9;5;True
74710;2;2;0;True
74711;1;1;0;True
74712;5;16;11;True
74713;3;6;3;True
74714;5;8;3;True
74715;5;9;4;True
74716;1;1;0;True
74717;5;9;4;True
74718;6;16;10;True
74719;2;2;0;True
74720;5;9;4;True
74721;7;16;9;True
74722;3;6;3;True
74723;3;3;0;True
74724;2;2;0;True
74725;4;9;5;True
74726;5;12;7;True
74727;3;9;6;True
74728;3;6;3;True
74729;7;16;9;True
74730;4;9;5;True
74731;3;6;3;True
74732;6;16;10;True
74733;8;16;8;True
74734;0;0;0;True
74735;1;1;0;True
74736;6;16;10;True
74737;4;6;2;True
74738;2;2;0;True
74739;6;16;10;True
74740;0;0;0;True
74741;8;12;4;True
74742;8;16;8;True
74743;6;12;6;True
74744;3;6;3;True
74745;0;0;0;True
74746;2;4;2;True
74747;5;9;4;True
74748;2;4;2;True
74749;1;1;0;True
74750;2;4;2;True
74751;4;6;2;True
74752;4;12;8;True
74753;8;16;8;True
74754;7;12;5;True
74755;3;3;0;True
74756;2;2;0;True
74757;8;12;4;True
74758;2;2;0;True
74759;4;9;5;True
74760;1;1;0;True
74761;4;12;8;True
74762;2;2;0;True
74763;1;1;0;True
74764;2;4;2;True
74765;5;16;11;True
74766;4;6;2;True
74767;3;4;1;True
74768;3;6;3;True
74769;5;12;7;True
74770;4;12;8;True
74771;0;0;0;True
74772;2;2;0;True
74773;7;16;9;True
74774;4;4;0;True
74775;1;1;0;True
74776;2;4;2;True
74777;3;4;1;True
74778;1;1;0;True
74779;6;12;6;True
74780;0;0;0;True
74781;5;12;7;True
74782;0;0;0;True
74783;2;4;2;True
74784;5;9;4;True
74785;3;6;3;True
74786;4;16;12;True
74787;4;6;2;True
74788;3;9;6;True
74789;5;12;7;True
74790;7;12;5;True
74791;2;2;0;True
74792;4;6;2;True
74793;3;6;3;True
74794;2;2;0;True
74795;7;12;5;True
74796;3;9;6;True
74797;1;1;0;True
74798;0;0;0;True
74799;6;12;6;True
74800;8;12;4;True
74801;4;6;2;True
74802;8;12;4;True
74803;3;9;6;True
74804;6;12;6;True
74805;1;1;0;True
74806;9;16;7;True
74807;5;12;7;True
74808;4;6;2;True
74809;5;16;11;True
74810;1;1;0;True
74811;3;6;3;True
74812;5;12;7;True
74813;0;0;0;True
74814;4;6;2;True
74815;5;9;4;True
74816;4;6;2;True
74817;5;16;11;True
74818;3;4;1;True
74819;5;12;7;True
74820;1;1;0;True
74821;3;6;3;True
74822;6;9;3;True
74823;5;16;11;True
74824;7;12;5;True
74825;0;0;0;True
74826;4;12;8;True
74827;1;1;0;True
74828;6;12;6;True
74829;4;12;8;True
74830;0;0;0;True
74831;4;9;5;True
74832;7;9;2;True
74833;6;12;6;True
74834;1;1;0;True
74835;2;2;0;True
74836;2;2;0;True
74837;0;0;0;True
74838;5;12;7;True
74839;7;12;5;True
74840;2;2;0;True
74841;2;2;0;True
74842;1;1;0;True
74843;5;9;4;True
74844;5;9;4;True
74845;5;12;7;True
74846;4;6;2;True
74847;4;12;8;True
74848;3;4;1;True
74849;4;12;8;True
74850;8;16;8;True
74851;3;4;1;True
74852;7;12;5;True
74853;3;4;1;True
74854;3;9;6;True
74855;6;12;6;True
74856;3;6;3;True
74857;3;6;3;True
74858;2;4;2;True
74859;0;0;0;True
74860;4;6;2;True
74861;5;9;4;True
74862;6;12;6;True
74863;9;12;3;True
74864;7;16;9;True
74865;10;16;6;True
74866;4;6;2;True
74867;7;16;9;True
74868;4;9;5;True
74869;4;9;5;True
74870;3;9;6;True
74871;3;6;3;True
74872;1;1;0;True
74873;7;16;9;True
74874;5;12;7;True
74875;0;0;0;True
74876;2;2;0;True
74877;1;1;0;True
74878;0;0;0;True
74879;4;9;5;True
74880;5;12;7;True
74881;4;12;8;True
74882;3;4;1;True
74883;6;12;6;True
74884;2;4;2;True
74885;1;1;0;True
74886;2;4;2;True
74887;2;4;2;True
74888;8;16;8;True
74889;5;12;7;True
74890;3;9;6;True
74891;4;6;2;True
74892;5;9;4;True
74893;3;6;3;True
74894;8;16;8;True
74895;3;4;1;True
74896;5;9;4;True
74897;5;16;11;True
74898;5;9;4;True
74899;3;6;3;True
74900;5;16;11;True
74901;3;9;6;True
74902;4;6;2;True
74903;4;8;4;True
74904;2;2;0;True
74905;1;1;0;True
74906;7;16;9;True
74907;3;9;6;True
74908;2;4;2;True
74909;5;9;4;True
74910;2;4;2;True
74911;2;2;0;True
74912;3;6;3;True
74913;4;9;5;True
74914;3;6;3;True
74915;8;16;8;True
74916;1;1;0;True
74917;3;6;3;True
74918;4;9;5;True
74919;2;2;0;True
74920;2;4;2;True
74921;8;12;4;True
74922;3;4;1;True
74923;3;9;6;True
74924;9;16;7;True
74925;0;0;0;True
74926;2;4;2;True
74927;4;4;0;True
74928;4;12;8;True
74929;4;9;5;True
74930;4;9;5;True
74931;0;0;0;True
74932;3;6;3;True
74933;6;16;10;True
74934;8;16;8;True
74935;6;12;6;True
74936;2;2;0;True
74937;4;6;2;True
74938;4;8;4;True
74939;2;4;2;True
74940;0;0;0;True
74941;7;12;5;True
74942;3;4;1;True
74943;1;1;0;True
74944;2;2;0;True
74945;4;8;4;True
74946;3;6;3;True
74947;4;12;8;True
74948;3;6;3;True
74949;3;4;1;True
74950;7;16;9;True
74951;5;9;4;True
74952;3;6;3;True
74953;5;16;11;True
74954;1;1;0;True
74955;2;4;2;True
74956;4;9;5;True
74957;2;2;0;True
74958;2;2;0;True
74959;2;4;2;True
74960;1;1;0;True
74961;3;6;3;True
74962;5;12;7;True
74963;6;12;6;True
74964;3;6;3;True
74965;2;4;2;True
74966;3;9;6;True
74967;3;9;6;True
74968;4;9;5;True
74969;4;6;2;True
74970;4;9;5;True
74971;1;1;0;True
74972;5;12;7;True
74973;7;12;5;True
74974;1;1;0;True
74975;6;12;6;True
74976;4;9;5;True
74977;3;9;6;True
74978;4;6;2;True
74979;3;9;6;True
74980;4;9;5;True
74981;5;9;4;True
74982;3;6;3;True
74983;4;6;2;True
74984;6;12;6;True
74985;6;8;2;True
74986;6;9;3;True
74987;2;4;2;True
74988;2;4;2;True
74989;0;0;0;True
74990;3;4;1;True
74991;3;6;3;True
74992;4;6;2;True
74993;3;4;1;True
74994;1;1;0;True
74995;2;4;2;True
74996;6;12;6;True
74997;8;16;8;True
74998;1;1;0;True
74999;2;4;2;True
75000;3;9;6;True
75001;5;9;4;True
75002;3;9;6;True
75003;3;4;1;True
75004;6;12;6;True
75005;6;12;6;True
75006;6;9;3;True
75007;5;9;4;True
75008;6;12;6;True
75009;4;12;8;True
75010;5;12;7;True
75011;2;4;2;True
75012;2;2;0;True
75013;4;9;5;True
75014;8;16;8;True
75015;8;12;4;True
75016;4;6;2;True
75017;3;9;6;True
75018;2;4;2;True
75019;4;9;5;True
75020;6;12;6;True
75021;1;1;0;True
75022;4;8;4;True
75023;6;8;2;True
75024;2;4;2;True
75025;7;16;9;True
75026;2;2;0;True
75027;2;4;2;True
75028;8;16;8;True
75029;4;9;5;True
75030;6;16;10;True
75031;2;4;2;True
75032;4;12;8;True
75033;5;9;4;True
75034;6;12;6;True
75035;2;2;0;True
75036;5;6;1;True
75037;5;12;7;True
75038;8;16;8;True
75039;4;8;4;True
75040;6;16;10;True
75041;4;6;2;True
75042;2;4;2;True
75043;5;12;7;True
75044;2;2;0;True
75045;5;16;11;True
75046;2;4;2;True
75047;5;6;1;True
75048;4;9;5;True
75049;4;6;2;True
75050;4;12;8;True
75051;4;9;5;True
75052;2;4;2;True
75053;4;6;2;True
75054;6;12;6;True
75055;1;1;0;True
75056;4;12;8;True
75057;1;1;0;True
75058;1;1;0;True
75059;5;12;7;True
75060;11;16;5;True
75061;5;9;4;True
75062;6;16;10;True
75063;7;12;5;True
75064;7;9;2;True
75065;8;16;8;True
75066;8;16;8;True
75067;3;4;1;True
75068;6;9;3;True
75069;5;9;4;True
75070;2;4;2;True
75071;6;9;3;True
75072;4;9;5;True
75073;2;4;2;True
75074;2;2;0;True
75075;6;9;3;True
75076;6;12;6;True
75077;4;9;5;True
75078;2;2;0;True
75079;2;4;2;True
75080;0;0;0;True
75081;4;6;2;True
75082;3;6;3;True
75083;1;1;0;True
75084;3;6;3;True
75085;5;9;4;True
75086;0;0;0;True
75087;3;6;3;True
75088;6;16;10;True
75089;3;6;3;True
75090;1;1;0;True
75091;6;16;10;True
75092;2;2;0;True
75093;3;6;3;True
75094;2;4;2;True
75095;4;9;5;True
75096;9;16;7;True
75097;7;12;5;True
75098;7;16;9;True
75099;3;6;3;True
75100;4;8;4;True
75101;5;12;7;True
75102;0;0;0;True
75103;0;0;0;True
75104;3;4;1;True
75105;5;16;11;True
75106;4;12;8;True
75107;3;3;0;True
75108;0;0;0;True
75109;2;2;0;True
75110;5;9;4;True
75111;4;9;5;True
75112;0;0;0;True
75113;2;4;2;True
75114;2;2;0;True
75115;7;12;5;True
75116;2;2;0;True
75117;0;0;0;True
75118;2;2;0;True
75119;1;1;0;True
75120;3;6;3;True
75121;6;12;6;True
75122;5;12;7;True
75123;11;16;5;True
75124;4;8;4;True
75125;5;6;1;True
75126;3;6;3;True
75127;7;12;5;True
75128;3;4;1;True
75129;5;9;4;True
75130;3;9;6;True
75131;3;6;3;True
75132;6;16;10;True
75133;5;8;3;True
75134;1;1;0;True
75135;4;9;5;True
75136;3;6;3;True
75137;1;1;0;True
75138;4;9;5;True
75139;5;12;7;True
75140;8;16;8;True
75141;1;1;0;True
75142;4;6;2;True
75143;5;12;7;True
75144;1;1;0;True
75145;5;8;3;True
75146;1;1;0;True
75147;5;9;4;True
75148;0;0;0;True
75149;6;9;3;True
75150;1;1;0;True
75151;3;6;3;True
75152;6;9;3;True
75153;6;12;6;True
75154;7;12;5;True
75155;3;9;6;True
75156;3;6;3;True
75157;0;0;0;True
75158;4;9;5;True
75159;4;9;5;True
75160;1;1;0;True
75161;4;9;5;True
75162;3;6;3;True
75163;4;9;5;True
75164;1;1;0;True
75165;6;12;6;True
75166;0;0;0;True
75167;4;8;4;True
75168;7;12;5;True
75169;5;8;3;True
75170;6;9;3;True
75171;6;12;6;True
75172;9;16;7;True
75173;2;2;0;True
75174;8;16;8;True
75175;1;1;0;True
75176;3;4;1;True
75177;0;0;0;True
75178;8;16;8;True
75179;4;8;4;True
75180;4;9;5;True
75181;5;12;7;True
75182;4;9;5;True
75183;0;0;0;True
75184;2;4;2;True
75185;4;12;8;True
75186;2;4;2;True
75187;5;9;4;True
75188;1;1;0;True
75189;2;4;2;True
75190;2;2;0;True
75191;2;4;2;True
75192;2;4;2;True
75193;3;6;3;True
75194;1;1;0;True
75195;2;2;0;True
75196;3;6;3;True
75197;2;4;2;True
75198;2;2;0;True
75199;7;9;2;True
75200;6;12;6;True
75201;4;6;2;True
75202;7;16;9;True
75203;4;6;2;True
75204;5;9;4;True
75205;4;9;5;True
75206;5;12;7;True
75207;3;4;1;True
75208;3;4;1;True
75209;4;6;2;True
75210;3;6;3;True
75211;7;12;5;True
75212;3;6;3;True
75213;3;6;3;True
75214;3;4;1;True
75215;5;9;4;True
75216;1;1;0;True
75217;0;0;0;True
75218;2;4;2;True
75219;4;9;5;True
75220;2;2;0;True
75221;2;2;0;True
75222;2;4;2;True
75223;2;2;0;True
75224;0;0;0;True
75225;4;12;8;True
75226;2;2;0;True
75227;5;9;4;True
75228;4;9;5;True
75229;3;6;3;True
75230;4;9;5;True
75231;5;9;4;True
75232;8;12;4;True
75233;2;4;2;True
75234;1;1;0;True
75235;7;16;9;True
75236;2;4;2;True
75237;5;16;11;True
75238;3;6;3;True
75239;5;16;11;True
75240;3;6;3;True
75241;3;4;1;True
75242;8;12;4;True
75243;2;2;0;True
75244;0;0;0;True
75245;1;1;0;True
75246;2;4;2;True
75247;3;9;6;True
75248;3;6;3;True
75249;1;1;0;True
75250;4;9;5;True
75251;4;8;4;True
75252;5;12;7;True
75253;3;9;6;True
75254;4;8;4;True
75255;5;12;7;True
75256;10;16;6;True
75257;2;4;2;True
75258;3;6;3;True
75259;4;9;5;True
75260;4;9;5;True
75261;1;1;0;True
75262;6;16;10;True
75263;3;9;6;True
75264;7;16;9;True
75265;5;12;7;True
75266;1;1;0;True
75267;2;4;2;True
75268;0;0;0;True
75269;6;8;2;True
75270;6;16;10;True
75271;6;12;6;True
75272;3;4;1;True
75273;4;6;2;True
75274;6;16;10;True
75275;3;6;3;True
75276;8;16;8;True
75277;8;16;8;True
75278;2;4;2;True
75279;7;16;9;True
75280;1;1;0;True
75281;1;1;0;True
75282;2;4;2;True
75283;3;6;3;True
75284;4;16;12;True
75285;4;9;5;True
75286;4;6;2;True
75287;5;9;4;True
75288;3;4;1;True
75289;8;16;8;True
75290;2;4;2;True
75291;0;0;0;True
75292;3;6;3;True
75293;2;2;0;True
75294;10;16;6;True
75295;2;4;2;True
75296;4;6;2;True
75297;2;2;0;True
75298;5;12;7;True
75299;4;9;5;True
75300;2;2;0;True
75301;3;6;3;True
75302;5;9;4;True
75303;4;6;2;True
75304;2;4;2;True
75305;1;1;0;True
75306;3;4;1;True
75307;5;12;7;True
75308;3;4;1;True
75309;8;12;4;True
75310;4;9;5;True
75311;3;6;3;True
75312;3;6;3;True
75313;1;1;0;True
75314;4;9;5;True
75315;6;16;10;True
75316;1;1;0;True
75317;3;4;1;True
75318;0;0;0;True
75319;3;4;1;True
75320;4;9;5;True
75321;0;0;0;True
75322;4;6;2;True
75323;6;16;10;True
75324;4;6;2;True
75325;5;6;1;True
75326;1;1;0;True
75327;3;4;1;True
75328;9;16;7;True
75329;0;0;0;True
75330;2;2;0;True
75331;7;12;5;True
75332;3;4;1;True
75333;6;12;6;True
75334;4;9;5;True
75335;7;16;9;True
75336;3;6;3;True
75337;6;12;6;True
75338;6;12;6;True
75339;8;16;8;True
75340;1;1;0;True
75341;4;9;5;True
75342;4;9;5;True
75343;3;6;3;True
75344;4;9;5;True
75345;2;4;2;True
75346;5;12;7;True
75347;4;9;5;True
75348;1;1;0;True
75349;6;12;6;True
75350;2;4;2;True
75351;1;1;0;True
75352;2;4;2;True
75353;2;4;2;True
75354;6;12;6;True
75355;6;16;10;True
75356;3;4;1;True
75357;2;4;2;True
75358;4;9;5;True
75359;4;6;2;True
75360;6;9;3;True
75361;1;1;0;True
75362;2;2;0;True
75363;2;4;2;True
75364;3;4;1;True
75365;3;6;3;True
75366;4;9;5;True
75367;8;12;4;True
75368;3;4;1;True
75369;3;6;3;True
75370;9;12;3;True
75371;4;9;5;True
75372;3;9;6;True
75373;1;1;0;True
75374;8;16;8;True
75375;10;16;6;True
75376;7;12;5;True
75377;2;2;0;True
75378;11;16;5;True
75379;2;2;0;True
75380;1;1;0;True
75381;5;9;4;True
75382;10;16;6;True
75383;3;4;1;True
75384;5;12;7;True
75385;0;0;0;True
75386;1;1;0;True
75387;4;6;2;True
75388;2;2;0;True
75389;1;1;0;True
75390;2;2;0;True
75391;4;6;2;True
75392;7;16;9;True
75393;1;1;0;True
75394;8;12;4;True
75395;3;6;3;True
75396;6;12;6;True
75397;2;4;2;True
75398;4;6;2;True
75399;0;0;0;True
75400;2;2;0;True
75401;7;16;9;True
75402;6;16;10;True
75403;5;12;7;True
75404;1;1;0;True
75405;1;1;0;True
75406;2;4;2;True
75407;7;16;9;True
75408;5;9;4;True
75409;0;0;0;True
75410;7;16;9;True
75411;5;12;7;True
75412;2;2;0;True
75413;4;9;5;True
75414;0;0;0;True
75415;3;6;3;True
75416;6;12;6;True
75417;4;6;2;True
75418;6;12;6;True
75419;6;16;10;True
75420;1;1;0;True
75421;2;4;2;True
75422;4;9;5;True
75423;7;16;9;True
75424;3;4;1;True
75425;2;2;0;True
75426;0;0;0;True
75427;2;2;0;True
75428;5;9;4;True
75429;4;9;5;True
75430;1;1;0;True
75431;7;16;9;True
75432;1;1;0;True
75433;2;4;2;True
75434;2;4;2;True
75435;2;4;2;True
75436;5;12;7;True
75437;4;9;5;True
75438;4;9;5;True
75439;3;4;1;True
75440;3;6;3;True
75441;8;16;8;True
75442;3;6;3;True
75443;5;12;7;True
75444;4;6;2;True
75445;2;4;2;True
75446;3;6;3;True
75447;1;1;0;True
75448;5;9;4;True
75449;2;2;0;True
75450;0;0;0;True
75451;6;12;6;True
75452;3;4;1;True
75453;2;4;2;True
75454;3;6;3;True
75455;1;1;0;True
75456;3;6;3;True
75457;3;6;3;True
75458;2;4;2;True
75459;3;6;3;True
75460;2;4;2;True
75461;5;9;4;True
75462;1;1;0;True
75463;2;4;2;True
75464;4;9;5;True
75465;4;9;5;True
75466;5;12;7;True
75467;6;12;6;True
75468;4;6;2;True
75469;4;12;8;True
75470;9;16;7;True
75471;1;1;0;True
75472;3;4;1;True
75473;9;12;3;True
75474;3;4;1;True
75475;2;4;2;True
75476;2;2;0;True
75477;3;6;3;True
75478;2;4;2;True
75479;0;0;0;True
75480;3;6;3;True
75481;3;6;3;True
75482;10;16;6;True
75483;7;9;2;True
75484;6;12;6;True
75485;3;6;3;True
75486;4;8;4;True
75487;8;16;8;True
75488;10;16;6;True
75489;3;4;1;True
75490;3;4;1;True
75491;3;6;3;True
75492;5;12;7;True
75493;2;2;0;True
75494;0;0;0;True
75495;7;16;9;True
75496;3;4;1;True
75497;5;16;11;True
75498;2;2;0;True
75499;4;12;8;True
75500;3;4;1;True
75501;5;16;11;True
75502;1;1;0;True
75503;4;9;5;True
75504;1;1;0;True
75505;4;9;5;True
75506;0;0;0;True
75507;5;12;7;True
75508;8;16;8;True
75509;1;1;0;True
75510;5;12;7;True
75511;8;12;4;True
75512;8;16;8;True
75513;2;4;2;True
75514;8;16;8;True
75515;5;12;7;True
75516;4;6;2;True
75517;8;9;1;True
75518;6;12;6;True
75519;1;1;0;True
75520;3;6;3;True
75521;2;2;0;True
75522;3;3;0;True
75523;0;0;0;True
75524;0;0;0;True
75525;2;4;2;True
75526;6;12;6;True
75527;1;1;0;True
75528;1;1;0;True
75529;3;6;3;True
75530;3;6;3;True
75531;4;9;5;True
75532;2;4;2;True
75533;4;6;2;True
75534;6;12;6;True
75535;7;12;5;True
75536;7;12;5;True
75537;7;16;9;True
75538;5;9;4;True
75539;1;1;0;True
75540;6;9;3;True
75541;1;1;0;True
75542;3;3;0;True
75543;5;12;7;True
75544;8;16;8;True
75545;1;1;0;True
75546;3;4;1;True
75547;5;12;7;True
75548;2;4;2;True
75549;6;9;3;True
75550;7;12;5;True
75551;2;2;0;True
75552;2;2;0;True
75553;5;8;3;True
75554;4;9;5;True
75555;2;4;2;True
75556;1;1;0;True
75557;3;6;3;True
75558;2;2;0;True
75559;3;4;1;True
75560;3;6;3;True
75561;4;8;4;True
75562;3;4;1;True
75563;3;6;3;True
75564;5;12;7;True
75565;5;9;4;True
75566;6;12;6;True
75567;0;0;0;True
75568;0;0;0;True
75569;5;12;7;True
75570;7;12;5;True
75571;2;4;2;True
75572;0;0;0;True
75573;1;1;0;True
75574;3;6;3;True
75575;4;6;2;True
75576;5;9;4;True
75577;6;12;6;True
75578;2;2;0;True
75579;1;1;0;True
75580;6;9;3;True
75581;4;16;12;True
75582;3;6;3;True
75583;4;6;2;True
75584;1;1;0;True
75585;0;0;0;True
75586;5;9;4;True
75587;3;9;6;True
75588;4;9;5;True
75589;3;6;3;True
75590;1;1;0;True
75591;2;4;2;True
75592;3;6;3;True
75593;3;6;3;True
75594;3;9;6;True
75595;0;0;0;True
75596;5;16;11;True
75597;5;8;3;True
75598;4;12;8;True
75599;4;6;2;True
75600;7;16;9;True
75601;1;1;0;True
75602;4;8;4;True
75603;0;0;0;True
75604;2;4;2;True
75605;0;0;0;True
75606;3;4;1;True
75607;0;0;0;True
75608;2;2;0;True
75609;2;4;2;True
75610;8;16;8;True
75611;5;9;4;True
75612;1;1;0;True
75613;3;6;3;True
75614;4;6;2;True
75615;1;1;0;True
75616;3;4;1;True
75617;5;12;7;True
75618;3;6;3;True
75619;4;6;2;True
75620;4;9;5;True
75621;5;12;7;True
75622;5;9;4;True
75623;4;9;5;True
75624;3;9;6;True
75625;1;1;0;True
75626;6;12;6;True
75627;4;9;5;True
75628;1;1;0;True
75629;0;0;0;True
75630;2;2;0;True
75631;2;4;2;True
75632;9;16;7;True
75633;3;9;6;True
75634;8;12;4;True
75635;5;12;7;True
75636;7;12;5;True
75637;6;8;2;True
75638;0;0;0;True
75639;6;12;6;True
75640;8;16;8;True
75641;2;4;2;True
75642;3;9;6;True
75643;4;12;8;True
75644;5;9;4;True
75645;4;8;4;True
75646;2;4;2;True
75647;2;4;2;True
75648;2;4;2;True
75649;2;4;2;True
75650;3;6;3;True
75651;0;0;0;True
75652;1;1;0;True
75653;2;4;2;True
75654;4;9;5;True
75655;2;4;2;True
75656;3;6;3;True
75657;6;16;10;True
75658;7;16;9;True
75659;6;9;3;True
75660;5;12;7;True
75661;5;12;7;True
75662;1;1;0;True
75663;4;6;2;True
75664;5;12;7;True
75665;6;16;10;True
75666;8;16;8;True
75667;3;6;3;True
75668;7;16;9;True
75669;1;1;0;True
75670;2;2;0;True
75671;3;6;3;True
75672;2;2;0;True
75673;3;6;3;True
75674;5;6;1;True
75675;5;9;4;True
75676;9;16;7;True
75677;0;0;0;True
75678;1;1;0;True
75679;2;2;0;True
75680;5;9;4;True
75681;5;9;4;True
75682;5;16;11;True
75683;4;6;2;True
75684;1;1;0;True
75685;4;8;4;True
75686;1;1;0;True
75687;4;9;5;True
75688;2;4;2;True
75689;5;12;7;True
75690;7;9;2;True
75691;5;12;7;True
75692;3;3;0;True
75693;5;16;11;True
75694;4;4;0;True
75695;0;0;0;True
75696;1;1;0;True
75697;2;4;2;True
75698;10;16;6;True
75699;5;9;4;True
75700;4;12;8;True
75701;4;6;2;True
75702;4;12;8;True
75703;6;12;6;True
75704;3;9;6;True
75705;7;12;5;True
75706;1;1;0;True
75707;6;9;3;True
75708;5;12;7;True
75709;0;0;0;True
75710;4;12;8;True
75711;4;9;5;True
75712;1;1;0;True
75713;6;12;6;True
75714;4;9;5;True
75715;4;12;8;True
75716;3;4;1;True
75717;1;1;0;True
75718;7;16;9;True
75719;2;4;2;True
75720;2;4;2;True
75721;8;16;8;True
75722;9;16;7;True
75723;3;4;1;True
75724;5;9;4;True
75725;3;6;3;True
75726;4;12;8;True
75727;4;12;8;True
75728;3;4;1;True
75729;4;9;5;True
75730;3;4;1;True
75731;2;4;2;True
75732;5;9;4;True
75733;4;9;5;True
75734;2;4;2;True
75735;6;16;10;True
75736;5;12;7;True
75737;4;6;2;True
75738;7;16;9;True
75739;9;16;7;True
75740;3;6;3;True
75741;3;6;3;True
75742;8;16;8;True
75743;7;12;5;True
75744;4;9;5;True
75745;3;4;1;True
75746;1;1;0;True
75747;2;4;2;True
75748;9;16;7;True
75749;1;1;0;True
75750;4;12;8;True
75751;2;4;2;True
75752;0;0;0;True
75753;6;12;6;True
75754;7;12;5;True
75755;5;8;3;True
75756;2;2;0;True
75757;2;4;2;True
75758;3;6;3;True
75759;8;12;4;True
75760;2;2;0;True
75761;8;12;4;True
75762;5;12;7;True
75763;2;4;2;True
75764;5;9;4;True
75765;0;0;0;True
75766;5;12;7;True
75767;6;16;10;True
75768;2;4;2;True
75769;3;4;1;True
75770;3;6;3;True
75771;5;9;4;True
75772;2;2;0;True
75773;3;6;3;True
75774;2;4;2;True
75775;7;12;5;True
75776;1;1;0;True
75777;5;12;7;True
75778;9;16;7;True
75779;8;16;8;True
75780;2;4;2;True
75781;4;9;5;True
75782;7;16;9;True
75783;8;12;4;True
75784;3;6;3;True
75785;2;2;0;True
75786;2;4;2;True
75787;1;1;0;True
75788;5;9;4;True
75789;4;9;5;True
75790;2;4;2;True
75791;3;4;1;True
75792;3;4;1;True
75793;1;1;0;True
75794;4;6;2;True
75795;5;12;7;True
75796;1;1;0;True
75797;1;1;0;True
75798;3;6;3;True
75799;0;0;0;True
75800;2;4;2;True
75801;1;1;0;True
75802;2;4;2;True
75803;6;12;6;True
75804;5;6;1;True
75805;2;4;2;True
75806;1;1;0;True
75807;8;16;8;True
75808;8;12;4;True
75809;5;9;4;True
75810;5;9;4;True
75811;5;12;7;True
75812;1;1;0;True
75813;4;6;2;True
75814;3;4;1;True
75815;10;16;6;True
75816;3;6;3;True
75817;3;9;6;True
75818;4;8;4;True
75819;4;6;2;True
75820;0;0;0;True
75821;1;1;0;True
75822;8;16;8;True
75823;3;9;6;True
75824;5;9;4;True
75825;0;0;0;True
75826;6;16;10;True
75827;7;12;5;True
75828;2;4;2;True
75829;5;12;7;True
75830;3;4;1;True
75831;2;4;2;True
75832;4;6;2;True
75833;2;4;2;True
75834;0;0;0;True
75835;1;1;0;True
75836;2;4;2;True
75837;2;4;2;True
75838;5;9;4;True
75839;2;4;2;True
75840;2;4;2;True
75841;6;12;6;True
75842;4;12;8;True
75843;4;6;2;True
75844;1;1;0;True
75845;3;6;3;True
75846;3;4;1;True
75847;6;16;10;True
75848;6;12;6;True
75849;2;4;2;True
75850;3;6;3;True
75851;3;6;3;True
75852;1;1;0;True
75853;1;1;0;True
75854;4;4;0;True
75855;6;12;6;True
75856;5;9;4;True
75857;3;6;3;True
75858;4;6;2;True
75859;6;12;6;True
75860;1;1;0;True
75861;4;12;8;True
75862;4;6;2;True
75863;5;12;7;True
75864;4;4;0;True
75865;9;16;7;True
75866;1;1;0;True
75867;3;4;1;True
75868;6;16;10;True
75869;2;4;2;True
75870;3;6;3;True
75871;3;4;1;True
75872;4;8;4;True
75873;3;4;1;True
75874;1;1;0;True
75875;2;2;0;True
75876;10;16;6;True
75877;1;1;0;True
75878;5;12;7;True
75879;3;4;1;True
75880;3;9;6;True
75881;2;4;2;True
75882;4;6;2;True
75883;3;6;3;True
75884;5;9;4;True
75885;1;1;0;True
75886;7;16;9;True
75887;5;12;7;True
75888;2;4;2;True
75889;6;12;6;True
75890;7;12;5;True
75891;1;1;0;True
75892;5;16;11;True
75893;3;6;3;True
75894;8;12;4;True
75895;5;9;4;True
75896;6;12;6;True
75897;2;2;0;True
75898;2;4;2;True
75899;1;1;0;True
75900;5;12;7;True
75901;3;4;1;True
75902;2;2;0;True
75903;2;2;0;True
75904;1;1;0;True
75905;5;9;4;True
75906;0;0;0;True
75907;7;16;9;True
75908;3;6;3;True
75909;5;12;7;True
75910;9;16;7;True
75911;3;9;6;True
75912;5;6;1;True
75913;6;12;6;True
75914;4;9;5;True
75915;2;4;2;True
75916;2;2;0;True
75917;6;9;3;True
75918;8;12;4;True
75919;2;2;0;True
75920;1;1;0;True
75921;6;16;10;True
75922;2;4;2;True
75923;5;9;4;True
75924;2;4;2;True
75925;0;0;0;True
75926;2;4;2;True
75927;7;12;5;True
75928;6;12;6;True
75929;2;2;0;True
75930;2;2;0;True
75931;4;8;4;True
75932;3;6;3;True
75933;2;4;2;True
75934;1;1;0;True
75935;5;12;7;True
75936;6;9;3;True
75937;10;16;6;True
75938;10;16;6;True
75939;0;0;0;True
75940;0;0;0;True
75941;2;4;2;True
75942;4;9;5;True
75943;9;12;3;True
75944;7;9;2;True
75945;5;12;7;True
75946;2;2;0;True
75947;7;16;9;True
75948;4;9;5;True
75949;1;1;0;True
75950;2;4;2;True
75951;3;6;3;True
75952;3;6;3;True
75953;11;16;5;True
75954;3;9;6;True
75955;2;2;0;True
75956;7;16;9;True
75957;6;16;10;True
75958;3;6;3;True
75959;3;4;1;True
75960;4;6;2;True
75961;6;9;3;True
75962;0;0;0;True
75963;9;12;3;True
75964;2;2;0;True
75965;6;9;3;True
75966;3;4;1;True
75967;3;6;3;True
75968;4;8;4;True
75969;1;1;0;True
75970;0;0;0;True
75971;3;9;6;True
75972;5;9;4;True
75973;4;6;2;True
75974;1;1;0;True
75975;2;2;0;True
75976;3;6;3;True
75977;5;8;3;True
75978;3;6;3;True
75979;5;8;3;True
75980;3;6;3;True
75981;4;9;5;True
75982;6;9;3;True
75983;5;12;7;True
75984;4;12;8;True
75985;4;8;4;True
75986;2;4;2;True
75987;4;9;5;True
75988;5;12;7;True
75989;6;12;6;True
75990;4;8;4;True
75991;5;6;1;True
75992;2;4;2;True
75993;7;16;9;True
75994;2;4;2;True
75995;2;4;2;True
75996;1;1;0;True
75997;7;16;9;True
75998;2;4;2;True
75999;3;4;1;True
76000;1;1;0;True
76001;2;2;0;True
76002;7;16;9;True
76003;2;4;2;True
76004;5;16;11;True
76005;7;12;5;True
76006;2;2;0;True
76007;1;1;0;True
76008;2;4;2;True
76009;5;12;7;True
76010;6;12;6;True
76011;6;12;6;True
76012;2;2;0;True
76013;1;1;0;True
76014;6;9;3;True
76015;2;4;2;True
76016;7;16;9;True
76017;0;0;0;True
76018;7;16;9;True
76019;3;4;1;True
76020;2;2;0;True
76021;4;8;4;True
76022;2;4;2;True
76023;9;16;7;True
76024;0;0;0;True
76025;2;4;2;True
76026;1;1;0;True
76027;3;6;3;True
76028;3;6;3;True
76029;1;1;0;True
76030;3;6;3;True
76031;3;9;6;True
76032;8;16;8;True
76033;4;12;8;True
76034;3;3;0;True
76035;4;8;4;True
76036;3;6;3;True
76037;5;16;11;True
76038;0;0;0;True
76039;7;12;5;True
76040;5;12;7;True
76041;3;6;3;True
76042;0;0;0;True
76043;3;6;3;True
76044;2;4;2;True
76045;4;9;5;True
76046;2;4;2;True
76047;5;12;7;True
76048;5;16;11;True
76049;1;1;0;True
76050;8;16;8;True
76051;10;16;6;True
76052;4;6;2;True
76053;4;9;5;True
76054;3;4;1;True
76055;6;12;6;True
76056;4;6;2;True
76057;5;12;7;True
76058;5;12;7;True
76059;4;9;5;True
76060;3;6;3;True
76061;2;2;0;True
76062;7;12;5;True
76063;3;9;6;True
76064;2;4;2;True
76065;2;4;2;True
76066;1;1;0;True
76067;2;4;2;True
76068;1;1;0;True
76069;2;2;0;True
76070;2;2;0;True
76071;4;12;8;True
76072;2;4;2;True
76073;1;1;0;True
76074;3;6;3;True
76075;2;2;0;True
76076;5;12;7;True
76077;1;1;0;True
76078;1;1;0;True
76079;6;16;10;True
76080;4;9;5;True
76081;8;12;4;True
76082;2;4;2;True
76083;2;2;0;True
76084;0;0;0;True
76085;5;9;4;True
76086;5;8;3;True
76087;0;0;0;True
76088;5;12;7;True
76089;4;9;5;True
76090;0;0;0;True
76091;1;1;0;True
76092;3;9;6;True
76093;1;1;0;True
76094;1;1;0;True
76095;5;9;4;True
76096;6;9;3;True
76097;5;12;7;True
76098;1;1;0;True
76099;7;16;9;True
76100;3;4;1;True
76101;2;2;0;True
76102;4;9;5;True
76103;4;9;5;True
76104;5;12;7;True
76105;2;4;2;True
76106;4;6;2;True
76107;6;6;0;True
76108;5;12;7;True
76109;7;16;9;True
76110;4;9;5;True
76111;2;4;2;True
76112;4;12;8;True
76113;5;12;7;True
76114;2;2;0;True
76115;3;9;6;True
76116;2;4;2;True
76117;3;9;6;True
76118;4;9;5;True
76119;6;12;6;True
76120;2;4;2;True
76121;4;6;2;True
76122;4;9;5;True
76123;6;16;10;True
76124;8;16;8;True
76125;4;6;2;True
76126;5;16;11;True
76127;4;9;5;True
76128;5;12;7;True
76129;5;12;7;True
76130;6;12;6;True
76131;5;12;7;True
76132;1;1;0;True
76133;0;0;0;True
76134;2;2;0;True
76135;4;6;2;True
76136;0;0;0;True
76137;4;12;8;True
76138;7;16;9;True
76139;5;12;7;True
76140;2;4;2;True
76141;2;4;2;True
76142;5;6;1;True
76143;0;0;0;True
76144;7;12;5;True
76145;4;6;2;True
76146;8;16;8;True
76147;6;12;6;True
76148;2;4;2;True
76149;7;16;9;True
76150;7;16;9;True
76151;5;8;3;True
76152;4;9;5;True
76153;6;12;6;True
76154;5;9;4;True
76155;5;8;3;True
76156;2;2;0;True
76157;2;2;0;True
76158;4;6;2;True
76159;4;6;2;True
76160;2;4;2;True
76161;6;8;2;True
76162;4;6;2;True
76163;1;1;0;True
76164;5;9;4;True
76165;5;12;7;True
76166;0;0;0;True
76167;2;4;2;True
76168;1;1;0;True
76169;1;1;0;True
76170;3;6;3;True
76171;1;1;0;True
76172;3;9;6;True
76173;0;0;0;True
76174;9;16;7;True
76175;7;12;5;True
76176;2;2;0;True
76177;8;16;8;True
76178;3;3;0;True
76179;0;0;0;True
76180;6;12;6;True
76181;5;12;7;True
76182;1;1;0;True
76183;5;9;4;True
76184;7;12;5;True
76185;1;1;0;True
76186;4;6;2;True
76187;5;9;4;True
76188;5;9;4;True
76189;2;4;2;True
76190;4;12;8;True
76191;3;6;3;True
76192;4;9;5;True
76193;4;6;2;True
76194;8;16;8;True
76195;3;6;3;True
76196;7;16;9;True
76197;2;4;2;True
76198;0;0;0;True
76199;4;9;5;True
76200;4;6;2;True
76201;8;16;8;True
76202;6;12;6;True
76203;4;9;5;True
76204;2;4;2;True
76205;1;1;0;True
76206;5;12;7;True
76207;2;4;2;True
76208;4;6;2;True
76209;6;12;6;True
76210;4;9;5;True
76211;2;2;0;True
76212;3;6;3;True
76213;2;2;0;True
76214;1;1;0;True
76215;5;16;11;True
76216;4;6;2;True
76217;3;9;6;True
76218;0;0;0;True
76219;4;6;2;True
76220;7;16;9;True
76221;6;12;6;True
76222;2;2;0;True
76223;5;8;3;True
76224;2;2;0;True
76225;2;2;0;True
76226;4;9;5;True
76227;3;9;6;True
76228;2;4;2;True
76229;7;16;9;True
76230;5;12;7;True
76231;1;1;0;True
76232;4;9;5;True
76233;6;12;6;True
76234;5;8;3;True
76235;4;6;2;True
76236;1;1;0;True
76237;2;4;2;True
76238;5;16;11;True
76239;2;2;0;True
76240;6;16;10;True
76241;3;3;0;True
76242;3;6;3;True
76243;2;4;2;True
76244;7;16;9;True
76245;7;12;5;True
76246;2;4;2;True
76247;1;1;0;True
76248;3;4;1;True
76249;9;16;7;True
76250;2;4;2;True
76251;3;4;1;True
76252;0;0;0;True
76253;2;4;2;True
76254;2;4;2;True
76255;6;12;6;True
76256;4;6;2;True
76257;5;9;4;True
76258;5;12;7;True
76259;2;2;0;True
76260;2;2;0;True
76261;0;0;0;True
76262;4;8;4;True
76263;5;12;7;True
76264;7;16;9;True
76265;8;16;8;True
76266;1;1;0;True
76267;4;6;2;True
76268;7;16;9;True
76269;2;2;0;True
76270;3;6;3;True
76271;1;1;0;True
76272;6;12;6;True
76273;4;9;5;True
76274;2;4;2;True
76275;4;6;2;True
76276;2;4;2;True
76277;4;9;5;True
76278;3;3;0;True
76279;1;1;0;True
76280;4;9;5;True
76281;3;6;3;True
76282;5;12;7;True
76283;1;1;0;True
76284;3;6;3;True
76285;2;4;2;True
76286;4;12;8;True
76287;1;1;0;True
76288;0;0;0;True
76289;4;6;2;True
76290;6;12;6;True
76291;2;2;0;True
76292;4;12;8;True
76293;9;16;7;True
76294;0;0;0;True
76295;0;0;0;True
76296;9;16;7;True
76297;5;9;4;True
76298;4;9;5;True
76299;4;8;4;True
76300;7;16;9;True
76301;5;12;7;True
76302;5;9;4;True
76303;4;9;5;True
76304;3;4;1;True
76305;3;6;3;True
76306;0;0;0;True
76307;6;9;3;True
76308;5;12;7;True
76309;0;0;0;True
76310;6;9;3;True
76311;2;2;0;True
76312;3;4;1;True
76313;2;4;2;True
76314;6;12;6;True
76315;3;4;1;True
76316;9;16;7;True
76317;7;16;9;True
76318;3;4;1;True
76319;0;0;0;True
76320;0;0;0;True
76321;5;12;7;True
76322;0;0;0;True
76323;0;0;0;True
76324;2;4;2;True
76325;2;2;0;True
76326;0;0;0;True
76327;4;9;5;True
76328;4;6;2;True
76329;1;1;0;True
76330;6;12;6;True
76331;4;6;2;True
76332;1;1;0;True
76333;3;9;6;True
76334;0;0;0;True
76335;1;1;0;True
76336;4;8;4;True
76337;1;1;0;True
76338;3;6;3;True
76339;6;12;6;True
76340;0;0;0;True
76341;3;4;1;True
76342;10;16;6;True
76343;2;2;0;True
76344;2;2;0;True
76345;1;1;0;True
76346;7;16;9;True
76347;9;16;7;True
76348;4;9;5;True
76349;3;4;1;True
76350;6;12;6;True
76351;0;0;0;True
76352;6;12;6;True
76353;8;16;8;True
76354;3;4;1;True
76355;0;0;0;True
76356;5;8;3;True
76357;3;6;3;True
76358;7;12;5;True
76359;3;4;1;True
76360;3;6;3;True
76361;0;0;0;True
76362;4;6;2;True
76363;1;1;0;True
76364;7;12;5;True
76365;6;16;10;True
76366;3;6;3;True
76367;5;12;7;True
76368;2;2;0;True
76369;4;6;2;True
76370;7;16;9;True
76371;5;12;7;True
76372;5;9;4;True
76373;2;4;2;True
76374;5;16;11;True
76375;4;6;2;True
76376;3;6;3;True
76377;4;6;2;True
76378;3;6;3;True
76379;4;9;5;True
76380;1;1;0;True
76381;3;4;1;True
76382;5;12;7;True
76383;3;6;3;True
76384;7;16;9;True
76385;0;0;0;True
76386;0;0;0;True
76387;1;1;0;True
76388;2;4;2;True
76389;8;12;4;True
76390;1;1;0;True
76391;5;9;4;True
76392;2;2;0;True
76393;6;16;10;True
76394;3;3;0;True
76395;4;9;5;True
76396;3;4;1;True
76397;2;2;0;True
76398;0;0;0;True
76399;6;12;6;True
76400;7;16;9;True
76401;2;4;2;True
76402;5;9;4;True
76403;9;16;7;True
76404;5;8;3;True
76405;1;1;0;True
76406;5;12;7;True
76407;3;4;1;True
76408;0;0;0;True
76409;6;12;6;True
76410;7;12;5;True
76411;3;6;3;True
76412;3;6;3;True
76413;9;16;7;True
76414;2;2;0;True
76415;9;16;7;True
76416;1;1;0;True
76417;7;16;9;True
76418;4;9;5;True
76419;6;16;10;True
76420;1;1;0;True
76421;7;16;9;True
76422;6;9;3;True
76423;1;1;0;True
76424;7;12;5;True
76425;4;12;8;True
76426;1;1;0;True
76427;2;2;0;True
76428;6;9;3;True
76429;3;6;3;True
76430;7;16;9;True
76431;7;16;9;True
76432;5;8;3;True
76433;0;0;0;True
76434;5;9;4;True
76435;1;1;0;True
76436;3;4;1;True
76437;8;16;8;True
76438;4;9;5;True
76439;3;4;1;True
76440;5;12;7;True
76441;8;16;8;True
76442;3;6;3;True
76443;2;2;0;True
76444;4;6;2;True
76445;3;9;6;True
76446;5;16;11;True
76447;5;12;7;True
76448;0;0;0;True
76449;8;16;8;True
76450;9;16;7;True
76451;1;1;0;True
76452;6;12;6;True
76453;5;12;7;True
76454;2;4;2;True
76455;2;2;0;True
76456;5;12;7;True
76457;6;12;6;True
76458;8;16;8;True
76459;4;9;5;True
76460;3;6;3;True
76461;5;12;7;True
76462;4;9;5;True
76463;6;9;3;True
76464;4;6;2;True
76465;0;0;0;True
76466;4;12;8;True
76467;14;16;2;True
76468;3;6;3;True
76469;3;9;6;True
76470;4;6;2;True
76471;1;1;0;True
76472;5;8;3;True
76473;3;6;3;True
76474;3;6;3;True
76475;6;12;6;True
76476;4;6;2;True
76477;1;1;0;True
76478;1;1;0;True
76479;0;0;0;True
76480;2;4;2;True
76481;0;0;0;True
76482;9;16;7;True
76483;3;4;1;True
76484;4;9;5;True
76485;3;4;1;True
76486;5;9;4;True
76487;3;6;3;True
76488;2;4;2;True
76489;2;4;2;True
76490;5;16;11;True
76491;6;9;3;True
76492;6;12;6;True
76493;2;4;2;True
76494;1;1;0;True
76495;3;6;3;True
76496;2;4;2;True
76497;9;16;7;True
76498;0;0;0;True
76499;6;12;6;True
76500;2;4;2;True
76501;4;12;8;True
76502;3;4;1;True
76503;6;12;6;True
76504;5;9;4;True
76505;7;16;9;True
76506;2;2;0;True
76507;7;16;9;True
76508;6;12;6;True
76509;5;8;3;True
76510;0;0;0;True
76511;6;12;6;True
76512;3;6;3;True
76513;1;1;0;True
76514;3;4;1;True
76515;5;8;3;True
76516;2;4;2;True
76517;1;1;0;True
76518;3;4;1;True
76519;4;12;8;True
76520;7;16;9;True
76521;6;9;3;True
76522;6;16;10;True
76523;2;2;0;True
76524;6;9;3;True
76525;5;9;4;True
76526;7;12;5;True
76527;7;16;9;True
76528;3;6;3;True
76529;3;3;0;True
76530;8;9;1;True
76531;6;16;10;True
76532;3;9;6;True
76533;1;1;0;True
76534;2;2;0;True
76535;2;2;0;True
76536;8;16;8;True
76537;0;0;0;True
76538;2;4;2;True
76539;2;4;2;True
76540;3;9;6;True
76541;1;1;0;True
76542;2;2;0;True
76543;5;16;11;True
76544;2;4;2;True
76545;3;6;3;True
76546;4;8;4;True
76547;4;9;5;True
76548;3;9;6;True
76549;7;12;5;True
76550;5;12;7;True
76551;3;4;1;True
76552;1;1;0;True
76553;6;16;10;True
76554;3;9;6;True
76555;2;4;2;True
76556;3;3;0;True
76557;0;0;0;True
76558;2;4;2;True
76559;0;0;0;True
76560;1;1;0;True
76561;7;16;9;True
76562;1;1;0;True
76563;2;4;2;True
76564;5;8;3;True
76565;2;2;0;True
76566;4;9;5;True
76567;1;1;0;True
76568;6;16;10;True
76569;2;2;0;True
76570;2;4;2;True
76571;4;9;5;True
76572;8;12;4;True
76573;2;4;2;True
76574;4;9;5;True
76575;2;4;2;True
76576;1;1;0;True
76577;0;0;0;True
76578;5;9;4;True
76579;3;4;1;True
76580;6;8;2;True
76581;3;6;3;True
76582;5;9;4;True
76583;1;1;0;True
76584;8;12;4;True
76585;3;9;6;True
76586;1;1;0;True
76587;5;9;4;True
76588;6;9;3;True
76589;0;0;0;True
76590;7;16;9;True
76591;1;1;0;True
76592;10;16;6;True
76593;3;6;3;True
76594;5;12;7;True
76595;3;6;3;True
76596;1;1;0;True
76597;2;4;2;True
76598;6;9;3;True
76599;2;4;2;True
76600;5;9;4;True
76601;2;2;0;True
76602;6;16;10;True
76603;5;9;4;True
76604;4;9;5;True
76605;0;0;0;True
76606;7;16;9;True
76607;0;0;0;True
76608;9;16;7;True
76609;7;16;9;True
76610;4;9;5;True
76611;7;12;5;True
76612;7;12;5;True
76613;1;1;0;True
76614;5;12;7;True
76615;3;9;6;True
76616;2;2;0;True
76617;0;0;0;True
76618;2;4;2;True
76619;2;2;0;True
76620;7;12;5;True
76621;4;6;2;True
76622;8;16;8;True
76623;1;1;0;True
76624;6;12;6;True
76625;2;4;2;True
76626;5;12;7;True
76627;7;16;9;True
76628;3;4;1;True
76629;3;6;3;True
76630;5;12;7;True
76631;2;4;2;True
76632;3;4;1;True
76633;2;4;2;True
76634;3;6;3;True
76635;4;6;2;True
76636;3;4;1;True
76637;2;2;0;True
76638;3;6;3;True
76639;3;4;1;True
76640;6;16;10;True
76641;0;0;0;True
76642;3;4;1;True
76643;0;0;0;True
76644;5;16;11;True
76645;3;9;6;True
76646;1;1;0;True
76647;8;16;8;True
76648;7;12;5;True
76649;3;9;6;True
76650;3;4;1;True
76651;1;1;0;True
76652;1;1;0;True
76653;2;2;0;True
76654;7;12;5;True
76655;1;1;0;True
76656;6;12;6;True
76657;3;3;0;True
76658;8;16;8;True
76659;4;6;2;True
76660;1;1;0;True
76661;2;4;2;True
76662;5;12;7;True
76663;2;2;0;True
76664;3;6;3;True
76665;0;0;0;True
76666;2;4;2;True
76667;1;1;0;True
76668;2;2;0;True
76669;4;6;2;True
76670;3;9;6;True
76671;5;12;7;True
76672;2;2;0;True
76673;3;9;6;True
76674;7;12;5;True
76675;6;12;6;True
76676;5;9;4;True
76677;2;4;2;True
76678;2;4;2;True
76679;5;9;4;True
76680;1;1;0;True
76681;7;12;5;True
76682;3;6;3;True
76683;0;0;0;True
76684;2;2;0;True
76685;5;8;3;True
76686;3;9;6;True
76687;1;1;0;True
76688;0;0;0;True
76689;3;9;6;True
76690;5;12;7;True
76691;3;4;1;True
76692;5;12;7;True
76693;3;9;6;True
76694;3;6;3;True
76695;12;16;4;True
76696;5;9;4;True
76697;3;9;6;True
76698;5;12;7;True
76699;1;1;0;True
76700;2;4;2;True
76701;4;12;8;True
76702;3;4;1;True
76703;3;6;3;True
76704;2;2;0;True
76705;1;1;0;True
76706;1;1;0;True
76707;3;4;1;True
76708;3;6;3;True
76709;1;1;0;True
76710;3;4;1;True
76711;2;4;2;True
76712;2;2;0;True
76713;2;4;2;True
76714;8;16;8;True
76715;0;0;0;True
76716;0;0;0;True
76717;3;6;3;True
76718;2;4;2;True
76719;7;16;9;True
76720;5;8;3;True
76721;4;12;8;True
76722;5;9;4;True
76723;2;4;2;True
76724;2;4;2;True
76725;3;4;1;True
76726;4;4;0;True
76727;4;9;5;True
76728;4;12;8;True
76729;2;2;0;True
76730;4;12;8;True
76731;2;2;0;True
76732;9;12;3;True
76733;5;9;4;True
76734;0;0;0;True
76735;7;12;5;True
76736;3;9;6;True
76737;1;1;0;True
76738;2;2;0;True
76739;4;9;5;True
76740;7;16;9;True
76741;11;16;5;True
76742;6;9;3;True
76743;5;16;11;True
76744;2;2;0;True
76745;6;8;2;True
76746;1;1;0;True
76747;5;16;11;True
76748;4;6;2;True
76749;7;16;9;True
76750;9;16;7;True
76751;1;1;0;True
76752;8;16;8;True
76753;4;9;5;True
76754;2;2;0;True
76755;4;9;5;True
76756;3;6;3;True
76757;1;1;0;True
76758;2;2;0;True
76759;4;9;5;True
76760;4;9;5;True
76761;3;4;1;True
76762;0;0;0;True
76763;2;4;2;True
76764;4;6;2;True
76765;4;8;4;True
76766;1;1;0;True
76767;5;9;4;True
76768;4;6;2;True
76769;4;12;8;True
76770;2;2;0;True
76771;5;9;4;True
76772;4;8;4;True
76773;8;16;8;True
76774;0;0;0;True
76775;3;9;6;True
76776;10;16;6;True
76777;0;0;0;True
76778;4;6;2;True
76779;3;4;1;True
76780;1;1;0;True
76781;4;6;2;True
76782;3;6;3;True
76783;1;1;0;True
76784;6;12;6;True
76785;1;1;0;True
76786;1;1;0;True
76787;5;16;11;True
76788;9;12;3;True
76789;1;1;0;True
76790;5;9;4;True
76791;4;9;5;True
76792;2;4;2;True
76793;2;2;0;True
76794;2;2;0;True
76795;2;4;2;True
76796;1;1;0;True
76797;2;2;0;True
76798;1;1;0;True
76799;3;4;1;True
76800;2;2;0;True
76801;1;1;0;True
76802;6;9;3;True
76803;4;16;12;True
76804;3;4;1;True
76805;1;1;0;True
76806;0;0;0;True
76807;2;4;2;True
76808;0;0;0;True
76809;1;1;0;True
76810;7;12;5;True
76811;5;9;4;True
76812;3;4;1;True
76813;0;0;0;True
76814;2;2;0;True
76815;2;2;0;True
76816;4;9;5;True
76817;2;4;2;True
76818;1;1;0;True
76819;5;16;11;True
76820;4;8;4;True
76821;6;16;10;True
76822;7;16;9;True
76823;0;0;0;True
76824;6;16;10;True
76825;0;0;0;True
76826;6;16;10;True
76827;8;16;8;True
76828;9;16;7;True
76829;1;1;0;True
76830;1;1;0;True
76831;0;0;0;True
76832;4;6;2;True
76833;5;6;1;True
76834;1;1;0;True
76835;5;12;7;True
76836;0;0;0;True
76837;5;6;1;True
76838;6;12;6;True
76839;5;12;7;True
76840;5;12;7;True
76841;0;0;0;True
76842;1;1;0;True
76843;4;6;2;True
76844;7;16;9;True
76845;0;0;0;True
76846;3;6;3;True
76847;9;16;7;True
76848;3;6;3;True
76849;3;6;3;True
76850;5;12;7;True
76851;2;4;2;True
76852;4;9;5;True
76853;2;2;0;True
76854;2;4;2;True
76855;5;12;7;True
76856;2;2;0;True
76857;0;0;0;True
76858;5;9;4;True
76859;6;12;6;True
76860;2;4;2;True
76861;5;9;4;True
76862;5;9;4;True
76863;7;12;5;True
76864;9;16;7;True
76865;1;1;0;True
76866;3;3;0;True
76867;2;2;0;True
76868;5;12;7;True
76869;4;9;5;True
76870;6;9;3;True
76871;6;9;3;True
76872;4;12;8;True
76873;3;4;1;True
76874;6;16;10;True
76875;4;9;5;True
76876;2;2;0;True
76877;4;6;2;True
76878;2;4;2;True
76879;4;9;5;True
76880;5;16;11;True
76881;3;4;1;True
76882;1;1;0;True
76883;4;6;2;True
76884;5;16;11;True
76885;1;1;0;True
76886;2;4;2;True
76887;4;9;5;True
76888;0;0;0;True
76889;0;0;0;True
76890;7;16;9;True
76891;1;1;0;True
76892;0;0;0;True
76893;7;12;5;True
76894;0;0;0;True
76895;4;9;5;True
76896;5;9;4;True
76897;8;12;4;True
76898;5;6;1;True
76899;3;4;1;True
76900;5;12;7;True
76901;3;6;3;True
76902;0;0;0;True
76903;4;9;5;True
76904;3;6;3;True
76905;8;16;8;True
76906;3;6;3;True
76907;1;1;0;True
76908;4;9;5;True
76909;5;9;4;True
76910;4;6;2;True
76911;2;2;0;True
76912;10;16;6;True
76913;7;12;5;True
76914;0;0;0;True
76915;8;12;4;True
76916;5;9;4;True
76917;5;12;7;True
76918;3;3;0;True
76919;4;6;2;True
76920;0;0;0;True
76921;3;6;3;True
76922;2;4;2;True
76923;4;6;2;True
76924;1;1;0;True
76925;1;1;0;True
76926;4;12;8;True
76927;1;1;0;True
76928;4;8;4;True
76929;5;12;7;True
76930;1;1;0;True
76931;2;4;2;True
76932;5;12;7;True
76933;3;6;3;True
76934;5;16;11;True
76935;4;6;2;True
76936;3;6;3;True
76937;2;4;2;True
76938;1;1;0;True
76939;2;4;2;True
76940;4;6;2;True
76941;3;6;3;True
76942;3;9;6;True
76943;4;6;2;True
76944;5;8;3;True
76945;4;8;4;True
76946;6;9;3;True
76947;3;6;3;True
76948;2;4;2;True
76949;3;6;3;True
76950;4;9;5;True
76951;5;12;7;True
76952;7;16;9;True
76953;1;1;0;True
76954;3;4;1;True
76955;3;9;6;True
76956;4;6;2;True
76957;8;16;8;True
76958;4;16;12;True
76959;5;9;4;True
76960;2;4;2;True
76961;7;16;9;True
76962;4;9;5;True
76963;2;2;0;True
76964;4;9;5;True
76965;3;6;3;True
76966;2;4;2;True
76967;4;8;4;True
76968;1;1;0;True
76969;6;12;6;True
76970;3;6;3;True
76971;5;12;7;True
76972;3;6;3;True
76973;2;4;2;True
76974;5;12;7;True
76975;4;12;8;True
76976;7;16;9;True
76977;0;0;0;True
76978;1;1;0;True
76979;4;4;0;True
76980;4;8;4;True
76981;5;8;3;True
76982;7;12;5;True
76983;1;1;0;True
76984;1;1;0;True
76985;3;3;0;True
76986;2;2;0;True
76987;3;6;3;True
76988;3;4;1;True
76989;5;12;7;True
76990;1;1;0;True
76991;6;9;3;True
76992;2;4;2;True
76993;1;1;0;True
76994;2;4;2;True
76995;2;4;2;True
76996;1;1;0;True
76997;4;8;4;True
76998;0;0;0;True
76999;1;1;0;True
77000;8;16;8;True
77001;4;9;5;True
77002;3;4;1;True
77003;5;9;4;True
77004;5;12;7;True
77005;2;4;2;True
77006;1;1;0;True
77007;5;12;7;True
77008;0;0;0;True
77009;1;1;0;True
77010;4;6;2;True
77011;3;6;3;True
77012;5;9;4;True
77013;2;2;0;True
77014;3;4;1;True
77015;1;1;0;True
77016;4;8;4;True
77017;7;16;9;True
77018;1;1;0;True
77019;6;12;6;True
77020;4;9;5;True
77021;6;12;6;True
77022;1;1;0;True
77023;8;16;8;True
77024;2;2;0;True
77025;2;2;0;True
77026;5;16;11;True
77027;1;1;0;True
77028;1;1;0;True
77029;3;6;3;True
77030;3;4;1;True
77031;3;9;6;True
77032;4;9;5;True
77033;6;12;6;True
77034;2;4;2;True
77035;2;4;2;True
77036;3;6;3;True
77037;5;9;4;True
77038;6;16;10;True
77039;4;9;5;True
77040;4;9;5;True
77041;4;12;8;True
77042;3;4;1;True
77043;6;16;10;True
77044;5;9;4;True
77045;4;9;5;True
77046;6;12;6;True
77047;5;12;7;True
77048;6;16;10;True
77049;3;6;3;True
77050;1;1;0;True
77051;4;12;8;True
77052;5;12;7;True
77053;4;9;5;True
77054;3;6;3;True
77055;5;12;7;True
77056;2;2;0;True
77057;6;9;3;True
77058;2;2;0;True
77059;1;1;0;True
77060;1;1;0;True
77061;7;12;5;True
77062;6;9;3;True
77063;10;16;6;True
77064;5;16;11;True
77065;6;8;2;True
77066;3;4;1;True
77067;1;1;0;True
77068;3;4;1;True
77069;0;0;0;True
77070;2;4;2;True
77071;7;16;9;True
77072;6;16;10;True
77073;3;6;3;True
77074;8;16;8;True
77075;2;2;0;True
77076;3;9;6;True
77077;5;9;4;True
77078;5;16;11;True
77079;2;2;0;True
77080;0;0;0;True
77081;4;6;2;True
77082;5;6;1;True
77083;7;12;5;True
77084;8;16;8;True
77085;4;12;8;True
77086;3;3;0;True
77087;3;6;3;True
77088;1;1;0;True
77089;2;4;2;True
77090;4;6;2;True
77091;4;12;8;True
77092;2;2;0;True
77093;2;4;2;True
77094;1;1;0;True
77095;1;1;0;True
77096;2;2;0;True
77097;1;1;0;True
77098;6;12;6;True
77099;4;12;8;True
77100;4;6;2;True
77101;2;4;2;True
77102;1;1;0;True
77103;4;6;2;True
77104;1;1;0;True
77105;2;4;2;True
77106;3;6;3;True
77107;3;6;3;True
77108;3;6;3;True
77109;2;4;2;True
77110;5;16;11;True
77111;1;1;0;True
77112;0;0;0;True
77113;11;16;5;True
77114;7;12;5;True
77115;5;12;7;True
77116;4;16;12;True
77117;8;16;8;True
77118;5;9;4;True
77119;6;12;6;True
77120;8;16;8;True
77121;5;9;4;True
77122;1;1;0;True
77123;0;0;0;True
77124;6;12;6;True
77125;8;16;8;True
77126;4;9;5;True
77127;4;6;2;True
77128;6;9;3;True
77129;1;1;0;True
77130;6;16;10;True
77131;3;6;3;True
77132;7;16;9;True
77133;9;16;7;True
77134;4;9;5;True
77135;2;2;0;True
77136;6;8;2;True
77137;4;12;8;True
77138;5;8;3;True
77139;5;6;1;True
77140;3;4;1;True
77141;9;16;7;True
77142;2;2;0;True
77143;2;4;2;True
77144;3;3;0;True
77145;4;9;5;True
77146;3;9;6;True
77147;9;16;7;True
77148;6;16;10;True
77149;5;8;3;True
77150;6;12;6;True
77151;5;9;4;True
77152;6;12;6;True
77153;4;6;2;True
77154;7;12;5;True
77155;5;9;4;True
77156;9;16;7;True
77157;0;0;0;True
77158;5;9;4;True
77159;7;12;5;True
77160;8;16;8;True
77161;3;4;1;True
77162;4;6;2;True
77163;2;4;2;True
77164;0;0;0;True
77165;8;16;8;True
77166;6;9;3;True
77167;0;0;0;True
77168;4;8;4;True
77169;6;12;6;True
77170;0;0;0;True
77171;1;1;0;True
77172;4;4;0;True
77173;10;16;6;True
77174;5;9;4;True
77175;1;1;0;True
77176;4;4;0;True
77177;1;1;0;True
77178;6;12;6;True
77179;8;12;4;True
77180;1;1;0;True
77181;1;1;0;True
77182;7;16;9;True
77183;2;2;0;True
77184;5;12;7;True
77185;5;12;7;True
77186;1;1;0;True
77187;1;1;0;True
77188;5;12;7;True
77189;10;16;6;True
77190;7;16;9;True
77191;2;2;0;True
77192;4;9;5;True
77193;7;16;9;True
77194;4;12;8;True
77195;2;4;2;True
77196;2;2;0;True
77197;2;4;2;True
77198;1;1;0;True
77199;2;4;2;True
77200;5;16;11;True
77201;7;9;2;True
77202;5;12;7;True
77203;2;2;0;True
77204;4;6;2;True
77205;5;9;4;True
77206;2;4;2;True
77207;0;0;0;True
77208;5;12;7;True
77209;1;1;0;True
77210;3;4;1;True
77211;6;12;6;True
77212;1;1;0;True
77213;1;1;0;True
77214;3;4;1;True
77215;4;6;2;True
77216;0;0;0;True
77217;3;6;3;True
77218;4;12;8;True
77219;5;12;7;True
77220;4;12;8;True
77221;8;16;8;True
77222;4;12;8;True
77223;3;6;3;True
77224;1;1;0;True
77225;4;9;5;True
77226;2;4;2;True
77227;3;6;3;True
77228;6;16;10;True
77229;6;12;6;True
77230;5;9;4;True
77231;5;9;4;True
77232;6;12;6;True
77233;4;8;4;True
77234;4;12;8;True
77235;6;16;10;True
77236;2;4;2;True
77237;3;6;3;True
77238;3;4;1;True
77239;9;16;7;True
77240;7;16;9;True
77241;0;0;0;True
77242;5;9;4;True
77243;6;16;10;True
77244;0;0;0;True
77245;1;1;0;True
77246;3;6;3;True
77247;5;12;7;True
77248;2;2;0;True
77249;3;6;3;True
77250;0;0;0;True
77251;9;16;7;True
77252;3;6;3;True
77253;7;16;9;True
77254;3;6;3;True
77255;1;1;0;True
77256;4;6;2;True
77257;3;4;1;True
77258;3;9;6;True
77259;2;2;0;True
77260;7;16;9;True
77261;3;4;1;True
77262;3;9;6;True
77263;4;9;5;True
77264;3;9;6;True
77265;5;16;11;True
77266;6;16;10;True
77267;6;12;6;True
77268;5;16;11;True
77269;1;1;0;True
77270;1;1;0;True
77271;4;9;5;True
77272;3;6;3;True
77273;2;2;0;True
77274;4;9;5;True
77275;3;4;1;True
77276;0;0;0;True
77277;0;0;0;True
77278;5;8;3;True
77279;5;9;4;True
77280;4;6;2;True
77281;7;12;5;True
77282;3;4;1;True
77283;6;9;3;True
77284;8;16;8;True
77285;6;16;10;True
77286;0;0;0;True
77287;7;12;5;True
77288;2;2;0;True
77289;7;12;5;True
77290;1;1;0;True
77291;6;9;3;True
77292;3;6;3;True
77293;1;1;0;True
77294;10;16;6;True
77295;0;0;0;True
77296;2;2;0;True
77297;2;4;2;True
77298;4;9;5;True
77299;2;2;0;True
77300;6;16;10;True
77301;0;0;0;True
77302;6;12;6;True
77303;5;12;7;True
77304;5;9;4;True
77305;6;9;3;True
77306;1;1;0;True
77307;4;6;2;True
77308;1;1;0;True
77309;2;4;2;True
77310;6;12;6;True
77311;7;12;5;True
77312;0;0;0;True
77313;4;6;2;True
77314;7;12;5;True
77315;7;16;9;True
77316;1;1;0;True
77317;3;6;3;True
77318;8;16;8;True
77319;1;1;0;True
77320;5;12;7;True
77321;9;16;7;True
77322;4;9;5;True
77323;5;12;7;True
77324;1;1;0;True
77325;3;4;1;True
77326;6;12;6;True
77327;3;3;0;True
77328;1;1;0;True
77329;1;1;0;True
77330;1;1;0;True
77331;4;9;5;True
77332;5;12;7;True
77333;4;6;2;True
77334;4;9;5;True
77335;1;1;0;True
77336;1;1;0;True
77337;1;1;0;True
77338;4;6;2;True
77339;3;4;1;True
77340;2;4;2;True
77341;2;2;0;True
77342;3;9;6;True
77343;5;9;4;True
77344;1;1;0;True
77345;7;12;5;True
77346;4;6;2;True
77347;2;2;0;True
77348;7;16;9;True
77349;5;9;4;True
77350;5;12;7;True
77351;4;9;5;True
77352;8;16;8;True
77353;5;12;7;True
77354;4;16;12;True
77355;3;6;3;True
77356;3;6;3;True
77357;5;12;7;True
77358;1;1;0;True
77359;9;16;7;True
77360;0;0;0;True
77361;6;8;2;True
77362;2;4;2;True
77363;2;4;2;True
77364;7;16;9;True
77365;3;3;0;True
77366;4;12;8;True
77367;2;4;2;True
77368;2;4;2;True
77369;5;12;7;True
77370;5;9;4;True
77371;5;9;4;True
77372;5;12;7;True
77373;2;2;0;True
77374;1;1;0;True
77375;4;9;5;True
77376;4;9;5;True
77377;1;1;0;True
77378;6;12;6;True
77379;5;9;4;True
77380;4;6;2;True
77381;6;12;6;True
77382;5;12;7;True
77383;4;9;5;True
77384;4;6;2;True
77385;1;1;0;True
77386;8;16;8;True
77387;6;9;3;True
77388;1;1;0;True
77389;2;2;0;True
77390;0;0;0;True
77391;2;2;0;True
77392;4;9;5;True
77393;1;1;0;True
77394;3;6;3;True
77395;1;1;0;True
77396;6;12;6;True
77397;1;1;0;True
77398;8;16;8;True
77399;5;6;1;True
77400;3;4;1;True
77401;7;16;9;True
77402;4;9;5;True
77403;5;9;4;True
77404;1;1;0;True
77405;3;4;1;True
77406;3;3;0;True
77407;5;16;11;True
77408;7;12;5;True
77409;7;12;5;True
77410;8;12;4;True
77411;5;16;11;True
77412;3;6;3;True
77413;3;6;3;True
77414;1;1;0;True
77415;1;1;0;True
77416;4;9;5;True
77417;5;16;11;True
77418;3;6;3;True
77419;1;1;0;True
77420;2;2;0;True
77421;7;12;5;True
77422;8;16;8;True
77423;2;4;2;True
77424;2;2;0;True
77425;5;9;4;True
77426;1;1;0;True
77427;6;12;6;True
77428;5;12;7;True
77429;4;9;5;True
77430;7;16;9;True
77431;7;16;9;True
77432;2;4;2;True
77433;3;6;3;True
77434;6;16;10;True
77435;3;6;3;True
77436;4;8;4;True
77437;5;9;4;True
77438;2;4;2;True
77439;9;16;7;True
77440;4;9;5;True
77441;7;16;9;True
77442;1;1;0;True
77443;3;6;3;True
77444;5;12;7;True
77445;4;9;5;True
77446;0;0;0;True
77447;0;0;0;True
77448;2;2;0;True
77449;2;4;2;True
77450;5;12;7;True
77451;3;4;1;True
77452;7;12;5;True
77453;5;16;11;True
77454;4;9;5;True
77455;9;16;7;True
77456;2;2;0;True
77457;9;16;7;True
77458;6;12;6;True
77459;2;4;2;True
77460;0;0;0;True
77461;3;6;3;True
77462;2;2;0;True
77463;5;12;7;True
77464;1;1;0;True
77465;2;4;2;True
77466;5;9;4;True
77467;3;4;1;True
77468;7;16;9;True
77469;5;9;4;True
77470;1;1;0;True
77471;2;2;0;True
77472;4;9;5;True
77473;5;12;7;True
77474;1;1;0;True
77475;3;6;3;True
77476;2;2;0;True
77477;2;4;2;True
77478;3;4;1;True
77479;5;12;7;True
77480;6;12;6;True
77481;3;4;1;True
77482;1;1;0;True
77483;6;12;6;True
77484;0;0;0;True
77485;4;9;5;True
77486;1;1;0;True
77487;6;12;6;True
77488;5;12;7;True
77489;2;4;2;True
77490;1;1;0;True
77491;6;12;6;True
77492;8;16;8;True
77493;4;12;8;True
77494;3;6;3;True
77495;4;9;5;True
77496;4;4;0;True
77497;0;0;0;True
77498;2;2;0;True
77499;6;12;6;True
77500;2;4;2;True
77501;4;8;4;True
77502;3;4;1;True
77503;0;0;0;True
77504;2;2;0;True
77505;3;4;1;True
77506;8;12;4;True
77507;9;16;7;True
77508;3;4;1;True
77509;4;9;5;True
77510;4;9;5;True
77511;0;0;0;True
77512;1;1;0;True
77513;2;2;0;True
77514;6;12;6;True
77515;2;4;2;True
77516;1;1;0;True
77517;3;6;3;True
77518;4;12;8;True
77519;1;1;0;True
77520;2;4;2;True
77521;4;9;5;True
77522;3;9;6;True
77523;4;6;2;True
77524;6;12;6;True
77525;1;1;0;True
77526;6;12;6;True
77527;3;6;3;True
77528;2;4;2;True
77529;4;12;8;True
77530;3;6;3;True
77531;3;6;3;True
77532;6;16;10;True
77533;0;0;0;True
77534;1;1;0;True
77535;6;12;6;True
77536;1;1;0;True
77537;2;2;0;True
77538;4;12;8;True
77539;3;6;3;True
77540;2;4;2;True
77541;3;4;1;True
77542;3;3;0;True
77543;1;1;0;True
77544;2;4;2;True
77545;3;6;3;True
77546;1;1;0;True
77547;3;6;3;True
77548;3;6;3;True
77549;2;4;2;True
77550;0;0;0;True
77551;3;4;1;True
77552;4;6;2;True
77553;4;9;5;True
77554;0;0;0;True
77555;8;16;8;True
77556;3;4;1;True
77557;4;9;5;True
77558;5;9;4;True
77559;5;12;7;True
77560;5;12;7;True
77561;0;0;0;True
77562;3;4;1;True
77563;6;12;6;True
77564;2;4;2;True
77565;3;6;3;True
77566;7;12;5;True
77567;4;9;5;True
77568;3;6;3;True
77569;2;4;2;True
77570;7;16;9;True
77571;2;4;2;True
77572;0;0;0;True
77573;4;9;5;True
77574;6;12;6;True
77575;7;16;9;True
77576;3;9;6;True
77577;3;4;1;True
77578;5;9;4;True
77579;0;0;0;True
77580;3;9;6;True
77581;7;12;5;True
77582;2;4;2;True
77583;4;9;5;True
77584;2;4;2;True
77585;4;9;5;True
77586;4;12;8;True
77587;5;12;7;True
77588;5;16;11;True
77589;5;8;3;True
77590;4;6;2;True
77591;0;0;0;True
77592;3;4;1;True
77593;5;12;7;True
77594;0;0;0;True
77595;2;4;2;True
77596;3;4;1;True
77597;6;16;10;True
77598;3;4;1;True
77599;3;6;3;True
77600;8;16;8;True
77601;3;6;3;True
77602;4;12;8;True
77603;9;16;7;True
77604;2;4;2;True
77605;1;1;0;True
77606;0;0;0;True
77607;3;6;3;True
77608;7;16;9;True
77609;0;0;0;True
77610;4;9;5;True
77611;8;16;8;True
77612;2;2;0;True
77613;1;1;0;True
77614;1;1;0;True
77615;2;4;2;True
77616;7;12;5;True
77617;2;4;2;True
77618;6;12;6;True
77619;2;4;2;True
77620;1;1;0;True
77621;4;6;2;True
77622;7;16;9;True
77623;4;6;2;True
77624;2;4;2;True
77625;1;1;0;True
77626;2;4;2;True
77627;1;1;0;True
77628;2;4;2;True
77629;5;6;1;True
77630;5;8;3;True
77631;7;16;9;True
77632;3;6;3;True
77633;6;9;3;True
77634;1;1;0;True
77635;3;9;6;True
77636;2;2;0;True
77637;5;9;4;True
77638;3;6;3;True
77639;5;12;7;True
77640;1;1;0;True
77641;1;1;0;True
77642;7;12;5;True
77643;1;1;0;True
77644;4;9;5;True
77645;3;4;1;True
77646;3;6;3;True
77647;8;16;8;True
77648;4;9;5;True
77649;2;2;0;True
77650;4;6;2;True
77651;3;4;1;True
77652;2;4;2;True
77653;0;0;0;True
77654;3;6;3;True
77655;5;9;4;True
77656;3;6;3;True
77657;6;12;6;True
77658;3;6;3;True
77659;4;6;2;True
77660;5;9;4;True
77661;10;16;6;True
77662;6;12;6;True
77663;1;1;0;True
77664;5;9;4;True
77665;3;6;3;True
77666;4;6;2;True
77667;1;1;0;True
77668;6;12;6;True
77669;8;16;8;True
77670;2;2;0;True
77671;0;0;0;True
77672;5;6;1;True
77673;7;16;9;True
77674;4;4;0;True
77675;8;16;8;True
77676;6;9;3;True
77677;5;12;7;True
77678;2;2;0;True
77679;5;12;7;True
77680;3;9;6;True
77681;0;0;0;True
77682;5;9;4;True
77683;3;3;0;True
77684;0;0;0;True
77685;5;12;7;True
77686;5;8;3;True
77687;1;1;0;True
77688;2;2;0;True
77689;1;1;0;True
77690;3;4;1;True
77691;4;9;5;True
77692;7;12;5;True
77693;4;9;5;True
77694;7;12;5;True
77695;9;12;3;True
77696;6;12;6;True
77697;4;9;5;True
77698;5;12;7;True
77699;1;1;0;True
77700;2;2;0;True
77701;2;4;2;True
77702;7;12;5;True
77703;5;9;4;True
77704;5;12;7;True
77705;7;16;9;True
77706;1;1;0;True
77707;1;1;0;True
77708;4;6;2;True
77709;3;4;1;True
77710;2;4;2;True
77711;4;9;5;True
77712;3;4;1;True
77713;2;4;2;True
77714;5;9;4;True
77715;3;9;6;True
77716;4;9;5;True
77717;5;9;4;True
77718;2;2;0;True
77719;0;0;0;True
77720;1;1;0;True
77721;5;12;7;True
77722;1;1;0;True
77723;0;0;0;True
77724;3;6;3;True
77725;3;6;3;True
77726;5;12;7;True
77727;1;1;0;True
77728;5;6;1;True
77729;2;2;0;True
77730;3;4;1;True
77731;7;16;9;True
77732;3;6;3;True
77733;1;1;0;True
77734;0;0;0;True
77735;5;9;4;True
77736;8;16;8;True
77737;2;4;2;True
77738;0;0;0;True
77739;3;4;1;True
77740;5;8;3;True
77741;7;16;9;True
77742;3;9;6;True
77743;6;8;2;True
77744;4;12;8;True
77745;0;0;0;True
77746;5;12;7;True
77747;3;6;3;True
77748;2;2;0;True
77749;8;16;8;True
77750;6;8;2;True
77751;3;9;6;True
77752;6;12;6;True
77753;0;0;0;True
77754;3;6;3;True
77755;4;6;2;True
77756;3;6;3;True
77757;3;3;0;True
77758;4;12;8;True
77759;1;1;0;True
77760;6;16;10;True
77761;2;4;2;True
77762;4;6;2;True
77763;4;9;5;True
77764;4;9;5;True
77765;5;12;7;True
77766;3;6;3;True
77767;1;1;0;True
77768;6;12;6;True
77769;3;4;1;True
77770;6;16;10;True
77771;8;12;4;True
77772;2;4;2;True
77773;3;4;1;True
77774;3;6;3;True
77775;3;6;3;True
77776;3;6;3;True
77777;1;1;0;True
77778;4;6;2;True
77779;7;12;5;True
77780;7;16;9;True
77781;3;4;1;True
77782;3;9;6;True
77783;1;1;0;True
77784;4;6;2;True
77785;5;12;7;True
77786;7;16;9;True
77787;0;0;0;True
77788;1;1;0;True
77789;10;16;6;True
77790;1;1;0;True
77791;4;12;8;True
77792;4;9;5;True
77793;5;8;3;True
77794;9;12;3;True
77795;1;1;0;True
77796;2;4;2;True
77797;4;8;4;True
77798;7;12;5;True
77799;3;4;1;True
77800;4;12;8;True
77801;6;12;6;True
77802;0;0;0;True
77803;2;2;0;True
77804;3;9;6;True
77805;3;9;6;True
77806;3;9;6;True
77807;6;16;10;True
77808;4;8;4;True
77809;2;4;2;True
77810;7;16;9;True
77811;0;0;0;True
77812;1;1;0;True
77813;0;0;0;True
77814;0;0;0;True
77815;4;6;2;True
77816;3;9;6;True
77817;3;6;3;True
77818;3;6;3;True
77819;4;9;5;True
77820;8;16;8;True
77821;8;16;8;True
77822;1;1;0;True
77823;4;6;2;True
77824;4;9;5;True
77825;6;16;10;True
77826;2;4;2;True
77827;5;12;7;True
77828;2;4;2;True
77829;5;16;11;True
77830;5;9;4;True
77831;3;6;3;True
77832;7;16;9;True
77833;6;16;10;True
77834;9;16;7;True
77835;6;16;10;True
77836;5;12;7;True
77837;5;9;4;True
77838;5;8;3;True
77839;4;12;8;True
77840;3;6;3;True
77841;1;1;0;True
77842;2;2;0;True
77843;2;4;2;True
77844;2;2;0;True
77845;5;9;4;True
77846;5;9;4;True
77847;2;2;0;True
77848;6;16;10;True
77849;8;12;4;True
77850;0;0;0;True
77851;6;16;10;True
77852;2;4;2;True
77853;6;9;3;True
77854;6;9;3;True
77855;1;1;0;True
77856;8;16;8;True
77857;5;12;7;True
77858;2;4;2;True
77859;3;6;3;True
77860;5;9;4;True
77861;3;4;1;True
77862;3;3;0;True
77863;4;6;2;True
77864;4;6;2;True
77865;3;4;1;True
77866;2;4;2;True
77867;0;0;0;True
77868;9;16;7;True
77869;4;8;4;True
77870;3;6;3;True
77871;7;16;9;True
77872;5;12;7;True
77873;0;0;0;True
77874;3;4;1;True
77875;5;9;4;True
77876;3;6;3;True
77877;5;9;4;True
77878;2;4;2;True
77879;7;9;2;True
77880;6;12;6;True
77881;2;4;2;True
77882;5;12;7;True
77883;2;4;2;True
77884;8;16;8;True
77885;0;0;0;True
77886;3;6;3;True
77887;4;6;2;True
77888;5;9;4;True
77889;5;12;7;True
77890;4;4;0;True
77891;1;1;0;True
77892;8;12;4;True
77893;1;1;0;True
77894;4;9;5;True
77895;5;8;3;True
77896;3;9;6;True
77897;4;6;2;True
77898;0;0;0;True
77899;6;16;10;True
77900;1;1;0;True
77901;6;12;6;True
77902;3;6;3;True
77903;6;16;10;True
77904;5;6;1;True
77905;4;12;8;True
77906;1;1;0;True
77907;2;2;0;True
77908;5;9;4;True
77909;1;1;0;True
77910;7;16;9;True
77911;5;9;4;True
77912;1;1;0;True
77913;5;9;4;True
77914;1;1;0;True
77915;3;6;3;True
77916;4;9;5;True
77917;4;6;2;True
77918;2;4;2;True
77919;2;2;0;True
77920;4;9;5;True
77921;6;12;6;True
77922;5;12;7;True
77923;1;1;0;True
77924;4;12;8;True
77925;6;9;3;True
77926;3;6;3;True
77927;2;4;2;True
77928;4;4;0;True
77929;6;9;3;True
77930;5;9;4;True
77931;4;12;8;True
77932;3;3;0;True
77933;1;1;0;True
77934;2;2;0;True
77935;2;4;2;True
77936;5;9;4;True
77937;1;1;0;True
77938;3;9;6;True
77939;6;9;3;True
77940;7;9;2;True
77941;1;1;0;True
77942;8;16;8;True
77943;3;4;1;True
77944;8;16;8;True
77945;4;12;8;True
77946;2;4;2;True
77947;5;12;7;True
77948;2;4;2;True
77949;3;6;3;True
77950;4;6;2;True
77951;1;1;0;True
77952;1;1;0;True
77953;2;4;2;True
77954;5;12;7;True
77955;2;4;2;True
77956;5;12;7;True
77957;1;1;0;True
77958;2;4;2;True
77959;2;4;2;True
77960;0;0;0;True
77961;6;12;6;True
77962;2;2;0;True
77963;6;12;6;True
77964;5;12;7;True
77965;5;12;7;True
77966;5;12;7;True
77967;1;1;0;True
77968;2;2;0;True
77969;0;0;0;True
77970;7;9;2;True
77971;4;9;5;True
77972;1;1;0;True
77973;2;4;2;True
77974;3;6;3;True
77975;5;12;7;True
77976;3;4;1;True
77977;3;4;1;True
77978;2;4;2;True
77979;5;12;7;True
77980;4;9;5;True
77981;3;9;6;True
77982;5;12;7;True
77983;0;0;0;True
77984;1;1;0;True
77985;7;16;9;True
77986;4;6;2;True
77987;1;1;0;True
77988;4;9;5;True
77989;1;1;0;True
77990;4;6;2;True
77991;8;16;8;True
77992;1;1;0;True
77993;2;2;0;True
77994;6;9;3;True
77995;7;16;9;True
77996;4;9;5;True
77997;1;1;0;True
77998;1;1;0;True
77999;1;1;0;True
78000;6;12;6;True
78001;7;16;9;True
78002;4;8;4;True
78003;2;2;0;True
78004;5;9;4;True
78005;6;16;10;True
78006;4;8;4;True
78007;5;9;4;True
78008;5;9;4;True
78009;7;16;9;True
78010;9;16;7;True
78011;1;1;0;True
78012;3;4;1;True
78013;0;0;0;True
78014;1;1;0;True
78015;4;8;4;True
78016;4;6;2;True
78017;6;8;2;True
78018;2;4;2;True
78019;4;6;2;True
78020;4;9;5;True
78021;2;2;0;True
78022;3;3;0;True
78023;2;4;2;True
78024;6;12;6;True
78025;1;1;0;True
78026;6;16;10;True
78027;6;12;6;True
78028;2;2;0;True
78029;3;4;1;True
78030;3;6;3;True
78031;4;4;0;True
78032;4;9;5;True
78033;3;6;3;True
78034;9;12;3;True
78035;4;9;5;True
78036;7;12;5;True
78037;5;12;7;True
78038;4;8;4;True
78039;6;12;6;True
78040;6;12;6;True
78041;6;16;10;True
78042;1;1;0;True
78043;0;0;0;True
78044;7;12;5;True
78045;2;2;0;True
78046;2;4;2;True
78047;5;6;1;True
78048;6;16;10;True
78049;2;2;0;True
78050;2;4;2;True
78051;2;4;2;True
78052;7;12;5;True
78053;3;6;3;True
78054;3;6;3;True
78055;7;12;5;True
78056;6;9;3;True
78057;5;12;7;True
78058;4;9;5;True
78059;1;1;0;True
78060;5;16;11;True
78061;1;1;0;True
78062;8;16;8;True
78063;8;16;8;True
78064;7;12;5;True
78065;2;4;2;True
78066;3;4;1;True
78067;3;6;3;True
78068;5;12;7;True
78069;6;12;6;True
78070;8;16;8;True
78071;3;6;3;True
78072;3;6;3;True
78073;2;4;2;True
78074;0;0;0;True
78075;7;9;2;True
78076;3;6;3;True
78077;6;9;3;True
78078;4;12;8;True
78079;9;16;7;True
78080;1;1;0;True
78081;7;12;5;True
78082;5;16;11;True
78083;1;1;0;True
78084;3;6;3;True
78085;6;8;2;True
78086;3;6;3;True
78087;3;6;3;True
78088;3;4;1;True
78089;3;9;6;True
78090;3;6;3;True
78091;7;12;5;True
78092;2;4;2;True
78093;3;6;3;True
78094;4;12;8;True
78095;2;2;0;True
78096;2;2;0;True
78097;5;12;7;True
78098;4;8;4;True
78099;4;9;5;True
78100;5;6;1;True
78101;5;12;7;True
78102;2;4;2;True
78103;1;1;0;True
78104;2;4;2;True
78105;1;1;0;True
78106;7;12;5;True
78107;4;12;8;True
78108;4;9;5;True
78109;5;12;7;True
78110;0;0;0;True
78111;4;12;8;True
78112;11;16;5;True
78113;3;3;0;True
78114;6;12;6;True
78115;2;4;2;True
78116;0;0;0;True
78117;5;9;4;True
78118;0;0;0;True
78119;3;6;3;True
78120;0;0;0;True
78121;3;6;3;True
78122;4;9;5;True
78123;5;12;7;True
78124;1;1;0;True
78125;1;1;0;True
78126;3;4;1;True
78127;5;9;4;True
78128;5;16;11;True
78129;6;12;6;True
78130;3;6;3;True
78131;3;4;1;True
78132;3;6;3;True
78133;7;16;9;True
78134;4;9;5;True
78135;3;4;1;True
78136;3;6;3;True
78137;5;16;11;True
78138;0;0;0;True
78139;4;9;5;True
78140;3;3;0;True
78141;1;1;0;True
78142;2;4;2;True
78143;6;16;10;True
78144;4;12;8;True
78145;3;3;0;True
78146;5;9;4;True
78147;6;9;3;True
78148;3;6;3;True
78149;4;6;2;True
78150;7;12;5;True
78151;3;9;6;True
78152;6;12;6;True
78153;4;9;5;True
78154;4;9;5;True
78155;3;6;3;True
78156;8;12;4;True
78157;6;12;6;True
78158;1;1;0;True
78159;4;6;2;True
78160;0;0;0;True
78161;2;4;2;True
78162;6;12;6;True
78163;6;9;3;True
78164;1;1;0;True
78165;3;6;3;True
78166;1;1;0;True
78167;3;4;1;True
78168;5;6;1;True
78169;3;6;3;True
78170;2;2;0;True
78171;8;12;4;True
78172;1;1;0;True
78173;3;6;3;True
78174;4;9;5;True
78175;8;12;4;True
78176;5;9;4;True
78177;5;12;7;True
78178;7;16;9;True
78179;4;8;4;True
78180;3;6;3;True
78181;6;6;0;True
78182;4;9;5;True
78183;4;12;8;True
78184;2;4;2;True
78185;5;12;7;True
78186;5;16;11;True
78187;1;1;0;True
78188;5;12;7;True
78189;3;9;6;True
78190;1;1;0;True
78191;3;4;1;True
78192;4;4;0;True
78193;3;6;3;True
78194;4;9;5;True
78195;5;12;7;True
78196;2;4;2;True
78197;8;16;8;True
78198;9;12;3;True
78199;9;16;7;True
78200;4;12;8;True
78201;0;0;0;True
78202;6;9;3;True
78203;1;1;0;True
78204;6;9;3;True
78205;0;0;0;True
78206;0;0;0;True
78207;0;0;0;True
78208;3;6;3;True
78209;3;6;3;True
78210;4;6;2;True
78211;7;12;5;True
78212;7;12;5;True
78213;4;12;8;True
78214;5;8;3;True
78215;5;12;7;True
78216;3;6;3;True
78217;7;16;9;True
78218;2;4;2;True
78219;8;16;8;True
78220;4;8;4;True
78221;1;1;0;True
78222;4;9;5;True
78223;3;6;3;True
78224;5;9;4;True
78225;0;0;0;True
78226;7;12;5;True
78227;3;6;3;True
78228;3;6;3;True
78229;0;0;0;True
78230;6;12;6;True
78231;4;12;8;True
78232;2;4;2;True
78233;0;0;0;True
78234;5;12;7;True
78235;0;0;0;True
78236;4;9;5;True
78237;7;12;5;True
78238;2;2;0;True
78239;2;4;2;True
78240;1;1;0;True
78241;4;4;0;True
78242;5;12;7;True
78243;1;1;0;True
78244;3;3;0;True
78245;2;4;2;True
78246;5;12;7;True
78247;3;9;6;True
78248;2;4;2;True
78249;6;12;6;True
78250;5;9;4;True
78251;9;12;3;True
78252;1;1;0;True
78253;2;2;0;True
78254;3;6;3;True
78255;4;16;12;True
78256;0;0;0;True
78257;4;9;5;True
78258;1;1;0;True
78259;3;4;1;True
78260;4;9;5;True
78261;2;4;2;True
78262;3;6;3;True
78263;7;16;9;True
78264;2;2;0;True
78265;3;6;3;True
78266;2;4;2;True
78267;4;9;5;True
78268;4;6;2;True
78269;2;4;2;True
78270;2;4;2;True
78271;1;1;0;True
78272;4;8;4;True
78273;3;4;1;True
78274;3;6;3;True
78275;5;9;4;True
78276;3;6;3;True
78277;5;12;7;True
78278;6;12;6;True
78279;1;1;0;True
78280;2;2;0;True
78281;5;16;11;True
78282;5;12;7;True
78283;7;16;9;True
78284;1;1;0;True
78285;3;4;1;True
78286;2;2;0;True
78287;0;0;0;True
78288;1;1;0;True
78289;0;0;0;True
78290;4;9;5;True
78291;1;1;0;True
78292;1;1;0;True
78293;7;9;2;True
78294;0;0;0;True
78295;5;12;7;True
78296;3;9;6;True
78297;5;12;7;True
78298;2;2;0;True
78299;7;16;9;True
78300;4;6;2;True
78301;0;0;0;True
78302;5;12;7;True
78303;6;12;6;True
78304;3;4;1;True
78305;6;12;6;True
78306;2;4;2;True
78307;6;16;10;True
78308;7;16;9;True
78309;0;0;0;True
78310;2;4;2;True
78311;1;1;0;True
78312;2;2;0;True
78313;2;4;2;True
78314;2;4;2;True
78315;2;2;0;True
78316;5;9;4;True
78317;6;16;10;True
78318;4;12;8;True
78319;4;9;5;True
78320;3;4;1;True
78321;3;3;0;True
78322;6;16;10;True
78323;3;4;1;True
78324;5;9;4;True
78325;4;12;8;True
78326;3;6;3;True
78327;1;1;0;True
78328;3;4;1;True
78329;2;4;2;True
78330;7;16;9;True
78331;5;12;7;True
78332;3;4;1;True
78333;3;6;3;True
78334;3;6;3;True
78335;0;0;0;True
78336;1;1;0;True
78337;3;6;3;True
78338;6;9;3;True
78339;4;9;5;True
78340;3;9;6;True
78341;3;9;6;True
78342;4;12;8;True
78343;4;9;5;True
78344;3;4;1;True
78345;6;16;10;True
78346;0;0;0;True
78347;4;6;2;True
78348;1;1;0;True
78349;4;12;8;True
78350;1;1;0;True
78351;3;6;3;True
78352;5;9;4;True
78353;3;6;3;True
78354;4;6;2;True
78355;4;9;5;True
78356;1;1;0;True
78357;3;9;6;True
78358;7;16;9;True
78359;5;12;7;True
78360;9;16;7;True
78361;1;1;0;True
78362;6;12;6;True
78363;4;4;0;True
78364;6;8;2;True
78365;2;4;2;True
78366;2;2;0;True
78367;4;9;5;True
78368;2;2;0;True
78369;5;9;4;True
78370;8;16;8;True
78371;5;9;4;True
78372;3;6;3;True
78373;3;4;1;True
78374;8;12;4;True
78375;0;0;0;True
78376;7;9;2;True
78377;1;1;0;True
78378;2;2;0;True
78379;4;9;5;True
78380;4;9;5;True
78381;3;6;3;True
78382;4;6;2;True
78383;1;1;0;True
78384;2;4;2;True
78385;6;16;10;True
78386;3;3;0;True
78387;2;4;2;True
78388;6;12;6;True
78389;0;0;0;True
78390;6;16;10;True
78391;4;12;8;True
78392;3;6;3;True
78393;2;2;0;True
78394;6;12;6;True
78395;4;6;2;True
78396;6;12;6;True
78397;4;6;2;True
78398;1;1;0;True
78399;2;2;0;True
78400;5;12;7;True
78401;5;8;3;True
78402;3;4;1;True
78403;5;12;7;True
78404;5;16;11;True
78405;4;4;0;True
78406;4;6;2;True
78407;8;12;4;True
78408;7;9;2;True
78409;3;6;3;True
78410;0;0;0;True
78411;2;4;2;True
78412;4;9;5;True
78413;7;12;5;True
78414;1;1;0;True
78415;9;16;7;True
78416;6;8;2;True
78417;4;9;5;True
78418;3;6;3;True
78419;2;4;2;True
78420;3;9;6;True
78421;5;9;4;True
78422;3;4;1;True
78423;5;9;4;True
78424;9;16;7;True
78425;2;4;2;True
78426;4;9;5;True
78427;0;0;0;True
78428;10;16;6;True
78429;5;9;4;True
78430;7;12;5;True
78431;5;12;7;True
78432;5;12;7;True
78433;2;4;2;True
78434;4;6;2;True
78435;2;2;0;True
78436;4;8;4;True
78437;3;4;1;True
78438;4;12;8;True
78439;10;16;6;True
78440;1;1;0;True
78441;1;1;0;True
78442;1;1;0;True
78443;0;0;0;True
78444;2;2;0;True
78445;2;2;0;True
78446;4;12;8;True
78447;5;9;4;True
78448;6;16;10;True
78449;2;4;2;True
78450;2;4;2;True
78451;1;1;0;True
78452;3;6;3;True
78453;4;12;8;True
78454;2;4;2;True
78455;1;1;0;True
78456;4;9;5;True
78457;4;9;5;True
78458;2;4;2;True
78459;4;12;8;True
78460;1;1;0;True
78461;6;16;10;True
78462;6;12;6;True
78463;3;6;3;True
78464;2;2;0;True
78465;2;2;0;True
78466;5;12;7;True
78467;5;9;4;True
78468;6;12;6;True
78469;6;12;6;True
78470;7;12;5;True
78471;5;9;4;True
78472;2;4;2;True
78473;3;4;1;True
78474;0;0;0;True
78475;2;2;0;True
78476;4;9;5;True
78477;3;6;3;True
78478;4;9;5;True
78479;1;1;0;True
78480;7;16;9;True
78481;4;6;2;True
78482;3;4;1;True
78483;0;0;0;True
78484;3;6;3;True
78485;7;16;9;True
78486;9;16;7;True
78487;3;4;1;True
78488;1;1;0;True
78489;3;6;3;True
78490;1;1;0;True
78491;9;16;7;True
78492;5;6;1;True
78493;4;9;5;True
78494;1;1;0;True
78495;4;12;8;True
78496;8;16;8;True
78497;3;4;1;True
78498;5;12;7;True
78499;1;1;0;True
78500;1;1;0;True
78501;0;0;0;True
78502;0;0;0;True
78503;3;6;3;True
78504;7;9;2;True
78505;3;6;3;True
78506;5;9;4;True
78507;1;1;0;True
78508;2;2;0;True
78509;7;16;9;True
78510;4;8;4;True
78511;1;1;0;True
78512;0;0;0;True
78513;4;6;2;True
78514;8;12;4;True
78515;2;4;2;True
78516;6;12;6;True
78517;3;4;1;True
78518;3;6;3;True
78519;3;3;0;True
78520;1;1;0;True
78521;6;12;6;True
78522;2;2;0;True
78523;3;9;6;True
78524;4;6;2;True
78525;4;6;2;True
78526;4;12;8;True
78527;4;6;2;True
78528;8;16;8;True
78529;8;16;8;True
78530;3;6;3;True
78531;3;6;3;True
78532;4;9;5;True
78533;1;1;0;True
78534;2;2;0;True
78535;1;1;0;True
78536;5;9;4;True
78537;4;6;2;True
78538;4;6;2;True
78539;4;12;8;True
78540;4;12;8;True
78541;0;0;0;True
78542;3;6;3;True
78543;3;6;3;True
78544;5;12;7;True
78545;5;12;7;True
78546;2;4;2;True
78547;1;1;0;True
78548;6;12;6;True
78549;5;9;4;True
78550;6;16;10;True
78551;4;9;5;True
78552;6;12;6;True
78553;4;6;2;True
78554;6;12;6;True
78555;1;1;0;True
78556;3;4;1;True
78557;3;4;1;True
78558;0;0;0;True
78559;2;2;0;True
78560;0;0;0;True
78561;7;16;9;True
78562;4;6;2;True
78563;1;1;0;True
78564;5;12;7;True
78565;5;9;4;True
78566;6;12;6;True
78567;4;6;2;True
78568;4;9;5;True
78569;3;6;3;True
78570;4;6;2;True
78571;5;9;4;True
78572;6;12;6;True
78573;6;9;3;True
78574;2;4;2;True
78575;5;9;4;True
78576;2;4;2;True
78577;3;6;3;True
78578;0;0;0;True
78579;2;2;0;True
78580;5;12;7;True
78581;3;9;6;True
78582;2;2;0;True
78583;4;6;2;True
78584;2;4;2;True
78585;0;0;0;True
78586;1;1;0;True
78587;7;12;5;True
78588;3;6;3;True
78589;6;12;6;True
78590;5;12;7;True
78591;0;0;0;True
78592;7;16;9;True
78593;5;8;3;True
78594;3;6;3;True
78595;3;6;3;True
78596;1;1;0;True
78597;1;1;0;True
78598;6;12;6;True
78599;0;0;0;True
78600;0;0;0;True
78601;3;4;1;True
78602;6;16;10;True
78603;5;9;4;True
78604;7;12;5;True
78605;0;0;0;True
78606;8;16;8;True
78607;1;1;0;True
78608;2;4;2;True
78609;0;0;0;True
78610;5;8;3;True
78611;2;2;0;True
78612;3;6;3;True
78613;4;12;8;True
78614;5;12;7;True
78615;3;6;3;True
78616;2;4;2;True
78617;4;12;8;True
78618;3;4;1;True
78619;8;16;8;True
78620;0;0;0;True
78621;5;8;3;True
78622;3;6;3;True
78623;1;1;0;True
78624;2;2;0;True
78625;1;1;0;True
78626;4;9;5;True
78627;8;16;8;True
78628;2;4;2;True
78629;3;4;1;True
78630;1;1;0;True
78631;2;4;2;True
78632;1;1;0;True
78633;7;12;5;True
78634;4;9;5;True
78635;6;12;6;True
78636;5;9;4;True
78637;5;8;3;True
78638;3;4;1;True
78639;5;6;1;True
78640;7;16;9;True
78641;7;12;5;True
78642;2;2;0;True
78643;5;12;7;True
78644;5;12;7;True
78645;8;12;4;True
78646;7;12;5;True
78647;6;16;10;True
78648;6;9;3;True
78649;1;1;0;True
78650;5;9;4;True
78651;4;9;5;True
78652;2;2;0;True
78653;1;1;0;True
78654;4;9;5;True
78655;1;1;0;True
78656;9;16;7;True
78657;3;6;3;True
78658;6;16;10;True
78659;2;4;2;True
78660;6;9;3;True
78661;2;2;0;True
78662;5;9;4;True
78663;5;12;7;True
78664;5;9;4;True
78665;1;1;0;True
78666;4;6;2;True
78667;3;6;3;True
78668;3;6;3;True
78669;2;2;0;True
78670;4;9;5;True
78671;0;0;0;True
78672;1;1;0;True
78673;7;16;9;True
78674;5;9;4;True
78675;5;12;7;True
78676;4;9;5;True
78677;0;0;0;True
78678;1;1;0;True
78679;2;2;0;True
78680;5;12;7;True
78681;4;9;5;True
78682;8;16;8;True
78683;2;4;2;True
78684;6;12;6;True
78685;2;4;2;True
78686;2;4;2;True
78687;7;12;5;True
78688;0;0;0;True
78689;1;1;0;True
78690;4;6;2;True
78691;5;12;7;True
78692;3;9;6;True
78693;5;9;4;True
78694;1;1;0;True
78695;6;12;6;True
78696;3;4;1;True
78697;4;9;5;True
78698;1;1;0;True
78699;6;12;6;True
78700;4;6;2;True
78701;2;4;2;True
78702;0;0;0;True
78703;4;6;2;True
78704;5;12;7;True
78705;4;9;5;True
78706;0;0;0;True
78707;7;16;9;True
78708;6;9;3;True
78709;3;6;3;True
78710;1;1;0;True
78711;3;4;1;True
78712;4;4;0;True
78713;1;1;0;True
78714;3;6;3;True
78715;2;4;2;True
78716;4;6;2;True
78717;5;9;4;True
78718;5;16;11;True
78719;1;1;0;True
78720;9;16;7;True
78721;1;1;0;True
78722;4;9;5;True
78723;8;16;8;True
78724;4;8;4;True
78725;0;0;0;True
78726;7;9;2;True
78727;4;9;5;True
78728;4;6;2;True
78729;3;4;1;True
78730;1;1;0;True
78731;3;6;3;True
78732;5;6;1;True
78733;2;4;2;True
78734;2;4;2;True
78735;4;6;2;True
78736;1;1;0;True
78737;6;16;10;True
78738;1;1;0;True
78739;9;16;7;True
78740;0;0;0;True
78741;6;12;6;True
78742;4;6;2;True
78743;8;16;8;True
78744;6;16;10;True
78745;5;12;7;True
78746;2;4;2;True
78747;2;2;0;True
78748;6;12;6;True
78749;0;0;0;True
78750;2;4;2;True
78751;5;8;3;True
78752;4;9;5;True
78753;3;4;1;True
78754;1;1;0;True
78755;10;16;6;True
78756;6;16;10;True
78757;2;2;0;True
78758;6;12;6;True
78759;5;9;4;True
78760;2;4;2;True
78761;3;6;3;True
78762;0;0;0;True
78763;7;16;9;True
78764;4;9;5;True
78765;1;1;0;True
78766;5;9;4;True
78767;0;0;0;True
78768;4;9;5;True
78769;2;4;2;True
78770;1;1;0;True
78771;3;4;1;True
78772;4;12;8;True
78773;1;1;0;True
78774;1;1;0;True
78775;4;9;5;True
78776;5;9;4;True
78777;8;16;8;True
78778;3;6;3;True
78779;3;6;3;True
78780;3;4;1;True
78781;0;0;0;True
78782;3;6;3;True
78783;4;9;5;True
78784;3;4;1;True
78785;1;1;0;True
78786;3;6;3;True
78787;6;16;10;True
78788;7;12;5;True
78789;2;2;0;True
78790;3;6;3;True
78791;3;6;3;True
78792;1;1;0;True
78793;3;3;0;True
78794;3;4;1;True
78795;4;12;8;True
78796;4;9;5;True
78797;2;2;0;True
78798;7;12;5;True
78799;4;9;5;True
78800;0;0;0;True
78801;6;12;6;True
78802;6;16;10;True
78803;0;0;0;True
78804;8;16;8;True
78805;7;12;5;True
78806;1;1;0;True
78807;5;6;1;True
78808;7;16;9;True
78809;1;1;0;True
78810;3;6;3;True
78811;6;16;10;True
78812;5;9;4;True
78813;1;1;0;True
78814;4;6;2;True
78815;1;1;0;True
78816;3;9;6;True
78817;7;16;9;True
78818;6;12;6;True
78819;5;8;3;True
78820;6;9;3;True
78821;5;12;7;True
78822;1;1;0;True
78823;6;12;6;True
78824;6;12;6;True
78825;1;1;0;True
78826;4;6;2;True
78827;3;6;3;True
78828;2;4;2;True
78829;0;0;0;True
78830;3;9;6;True
78831;7;12;5;True
78832;1;1;0;True
78833;4;9;5;True
78834;3;6;3;True
78835;5;9;4;True
78836;8;12;4;True
78837;3;4;1;True
78838;6;16;10;True
78839;3;6;3;True
78840;0;0;0;True
78841;6;9;3;True
78842;8;12;4;True
78843;3;4;1;True
78844;4;12;8;True
78845;4;6;2;True
78846;4;9;5;True
78847;2;4;2;True
78848;4;6;2;True
78849;6;8;2;True
78850;4;9;5;True
78851;10;16;6;True
78852;4;6;2;True
78853;8;16;8;True
78854;5;9;4;True
78855;4;9;5;True
78856;6;12;6;True
78857;2;4;2;True
78858;2;2;0;True
78859;8;16;8;True
78860;5;9;4;True
78861;4;6;2;True
78862;5;8;3;True
78863;3;4;1;True
78864;3;6;3;True
78865;0;0;0;True
78866;4;9;5;True
78867;6;16;10;True
78868;2;4;2;True
78869;4;6;2;True
78870;4;9;5;True
78871;5;12;7;True
78872;3;9;6;True
78873;6;12;6;True
78874;1;1;0;True
78875;0;0;0;True
78876;9;16;7;True
78877;1;1;0;True
78878;2;4;2;True
78879;0;0;0;True
78880;6;16;10;True
78881;3;6;3;True
78882;7;16;9;True
78883;2;4;2;True
78884;5;12;7;True
78885;4;9;5;True
78886;0;0;0;True
78887;3;4;1;True
78888;6;12;6;True
78889;9;16;7;True
78890;7;12;5;True
78891;5;9;4;True
78892;0;0;0;True
78893;4;9;5;True
78894;3;6;3;True
78895;0;0;0;True
78896;1;1;0;True
78897;3;6;3;True
78898;0;0;0;True
78899;5;12;7;True
78900;3;6;3;True
78901;1;1;0;True
78902;6;16;10;True
78903;3;3;0;True
78904;7;16;9;True
78905;2;4;2;True
78906;7;16;9;True
78907;3;3;0;True
78908;3;6;3;True
78909;5;9;4;True
78910;7;12;5;True
78911;4;6;2;True
78912;2;4;2;True
78913;4;12;8;True
78914;3;6;3;True
78915;2;2;0;True
78916;6;12;6;True
78917;5;9;4;True
78918;2;2;0;True
78919;1;1;0;True
78920;4;6;2;True
78921;3;6;3;True
78922;2;4;2;True
78923;3;6;3;True
78924;6;16;10;True
78925;5;8;3;True
78926;2;2;0;True
78927;2;4;2;True
78928;3;9;6;True
78929;0;0;0;True
78930;2;4;2;True
78931;8;12;4;True
78932;5;12;7;True
78933;4;9;5;True
78934;5;12;7;True
78935;2;2;0;True
78936;2;2;0;True
78937;5;9;4;True
78938;3;6;3;True
78939;1;1;0;True
78940;4;6;2;True
78941;1;1;0;True
78942;6;12;6;True
78943;3;4;1;True
78944;1;1;0;True
78945;0;0;0;True
78946;2;2;0;True
78947;4;9;5;True
78948;3;4;1;True
78949;1;1;0;True
78950;6;9;3;True
78951;2;4;2;True
78952;0;0;0;True
78953;0;0;0;True
78954;1;1;0;True
78955;5;8;3;True
78956;1;1;0;True
78957;1;1;0;True
78958;5;9;4;True
78959;5;9;4;True
78960;10;16;6;True
78961;6;12;6;True
78962;5;8;3;True
78963;4;6;2;True
78964;4;8;4;True
78965;6;9;3;True
78966;3;4;1;True
78967;4;6;2;True
78968;4;12;8;True
78969;3;9;6;True
78970;10;16;6;True
78971;3;6;3;True
78972;4;9;5;True
78973;4;6;2;True
78974;4;6;2;True
78975;3;4;1;True
78976;10;16;6;True
78977;0;0;0;True
78978;6;9;3;True
78979;6;12;6;True
78980;10;16;6;True
78981;6;9;3;True
78982;5;8;3;True
78983;1;1;0;True
78984;1;1;0;True
78985;6;9;3;True
78986;2;4;2;True
78987;3;6;3;True
78988;3;9;6;True
78989;3;6;3;True
78990;1;1;0;True
78991;7;16;9;True
78992;6;12;6;True
78993;2;4;2;True
78994;7;12;5;True
78995;2;2;0;True
78996;3;6;3;True
78997;0;0;0;True
78998;7;12;5;True
78999;7;16;9;True
79000;5;12;7;True
79001;5;9;4;True
79002;1;1;0;True
79003;9;16;7;True
79004;2;4;2;True
79005;4;6;2;True
79006;7;16;9;True
79007;2;2;0;True
79008;6;12;6;True
79009;6;12;6;True
79010;5;12;7;True
79011;1;1;0;True
79012;4;6;2;True
79013;0;0;0;True
79014;2;4;2;True
79015;7;16;9;True
79016;7;12;5;True
79017;5;12;7;True
79018;1;1;0;True
79019;6;12;6;True
79020;3;6;3;True
79021;4;9;5;True
79022;2;2;0;True
79023;8;12;4;True
79024;3;6;3;True
79025;3;9;6;True
79026;4;6;2;True
79027;0;0;0;True
79028;7;16;9;True
79029;5;8;3;True
79030;1;1;0;True
79031;3;6;3;True
79032;2;4;2;True
79033;1;1;0;True
79034;8;12;4;True
79035;6;12;6;True
79036;5;12;7;True
79037;0;0;0;True
79038;0;0;0;True
79039;7;16;9;True
79040;3;4;1;True
79041;1;1;0;True
79042;9;12;3;True
79043;1;1;0;True
79044;5;16;11;True
79045;4;12;8;True
79046;3;6;3;True
79047;1;1;0;True
79048;2;2;0;True
79049;7;16;9;True
79050;4;9;5;True
79051;0;0;0;True
79052;1;1;0;True
79053;1;1;0;True
79054;3;4;1;True
79055;5;9;4;True
79056;5;12;7;True
79057;9;16;7;True
79058;5;9;4;True
79059;1;1;0;True
79060;10;16;6;True
79061;4;6;2;True
79062;3;4;1;True
79063;8;9;1;True
79064;6;16;10;True
79065;1;1;0;True
79066;3;6;3;True
79067;8;16;8;True
79068;5;12;7;True
79069;4;8;4;True
79070;1;1;0;True
79071;7;12;5;True
79072;2;4;2;True
79073;3;4;1;True
79074;5;16;11;True
79075;7;16;9;True
79076;2;4;2;True
79077;11;16;5;True
79078;5;16;11;True
79079;3;9;6;True
79080;6;9;3;True
79081;3;4;1;True
79082;6;12;6;True
79083;3;3;0;True
79084;5;12;7;True
79085;4;9;5;True
79086;4;8;4;True
79087;5;9;4;True
79088;3;6;3;True
79089;0;0;0;True
79090;3;6;3;True
79091;1;1;0;True
79092;6;12;6;True
79093;4;9;5;True
79094;2;2;0;True
79095;9;12;3;True
79096;3;6;3;True
79097;8;16;8;True
79098;2;4;2;True
79099;8;16;8;True
79100;3;9;6;True
79101;4;8;4;True
79102;3;9;6;True
79103;0;0;0;True
79104;1;1;0;True
79105;4;12;8;True
79106;1;1;0;True
79107;7;16;9;True
79108;1;1;0;True
79109;6;9;3;True
79110;6;12;6;True
79111;2;2;0;True
79112;8;16;8;True
79113;2;4;2;True
79114;1;1;0;True
79115;7;16;9;True
79116;10;16;6;True
79117;3;6;3;True
79118;3;4;1;True
79119;1;1;0;True
79120;1;1;0;True
79121;5;9;4;True
79122;6;8;2;True
79123;3;4;1;True
79124;4;6;2;True
79125;9;16;7;True
79126;5;12;7;True
79127;4;6;2;True
79128;7;16;9;True
79129;3;9;6;True
79130;4;9;5;True
79131;6;16;10;True
79132;7;12;5;True
79133;2;2;0;True
79134;1;1;0;True
79135;1;1;0;True
79136;3;6;3;True
79137;1;1;0;True
79138;6;12;6;True
79139;3;6;3;True
79140;2;2;0;True
79141;3;6;3;True
79142;4;8;4;True
79143;2;4;2;True
79144;1;1;0;True
79145;1;1;0;True
79146;6;12;6;True
79147;4;9;5;True
79148;3;6;3;True
79149;1;1;0;True
79150;8;16;8;True
79151;4;9;5;True
79152;6;12;6;True
79153;3;6;3;True
79154;4;6;2;True
79155;7;16;9;True
79156;10;16;6;True
79157;0;0;0;True
79158;1;1;0;True
79159;1;1;0;True
79160;7;12;5;True
79161;7;12;5;True
79162;1;1;0;True
79163;2;4;2;True
79164;4;9;5;True
79165;3;9;6;True
79166;9;16;7;True
79167;4;6;2;True
79168;2;4;2;True
79169;8;12;4;True
79170;2;2;0;True
79171;3;3;0;True
79172;2;4;2;True
79173;4;6;2;True
79174;5;12;7;True
79175;3;4;1;True
79176;3;6;3;True
79177;0;0;0;True
79178;2;4;2;True
79179;5;8;3;True
79180;6;12;6;True
79181;4;6;2;True
79182;2;4;2;True
79183;4;12;8;True
79184;3;6;3;True
79185;5;12;7;True
79186;3;4;1;True
79187;5;12;7;True
79188;1;1;0;True
79189;2;2;0;True
79190;6;12;6;True
79191;5;9;4;True
79192;4;12;8;True
79193;1;1;0;True
79194;3;4;1;True
79195;5;8;3;True
79196;2;2;0;True
79197;1;1;0;True
79198;5;6;1;True
79199;3;4;1;True
79200;5;9;4;True
79201;7;12;5;True
79202;2;2;0;True
79203;10;16;6;True
79204;8;16;8;True
79205;1;1;0;True
79206;6;9;3;True
79207;3;6;3;True
79208;1;1;0;True
79209;5;9;4;True
79210;6;12;6;True
79211;5;9;4;True
79212;1;1;0;True
79213;0;0;0;True
79214;2;2;0;True
79215;4;16;12;True
79216;5;9;4;True
79217;4;9;5;True
79218;1;1;0;True
79219;4;8;4;True
79220;6;9;3;True
79221;5;12;7;True
79222;2;4;2;True
79223;9;16;7;True
79224;5;12;7;True
79225;3;6;3;True
79226;5;9;4;True
79227;8;16;8;True
79228;5;9;4;True
79229;5;16;11;True
79230;6;12;6;True
79231;0;0;0;True
79232;3;9;6;True
79233;3;4;1;True
79234;3;6;3;True
79235;2;4;2;True
79236;1;1;0;True
79237;7;16;9;True
79238;3;4;1;True
79239;2;4;2;True
79240;1;1;0;True
79241;4;9;5;True
79242;2;4;2;True
79243;0;0;0;True
79244;4;12;8;True
79245;5;12;7;True
79246;1;1;0;True
79247;3;6;3;True
79248;4;9;5;True
79249;5;12;7;True
79250;4;9;5;True
79251;0;0;0;True
79252;1;1;0;True
79253;6;12;6;True
79254;2;4;2;True
79255;3;6;3;True
79256;3;4;1;True
79257;5;6;1;True
79258;6;16;10;True
79259;6;16;10;True
79260;8;12;4;True
79261;3;9;6;True
79262;4;6;2;True
79263;6;16;10;True
79264;2;2;0;True
79265;6;16;10;True
79266;3;6;3;True
79267;1;1;0;True
79268;8;16;8;True
79269;2;4;2;True
79270;1;1;0;True
79271;2;2;0;True
79272;1;1;0;True
79273;3;4;1;True
79274;0;0;0;True
79275;5;8;3;True
79276;5;8;3;True
79277;8;16;8;True
79278;2;2;0;True
79279;2;4;2;True
79280;2;4;2;True
79281;4;9;5;True
79282;6;9;3;True
79283;3;6;3;True
79284;6;12;6;True
79285;5;9;4;True
79286;4;9;5;True
79287;1;1;0;True
79288;2;2;0;True
79289;2;4;2;True
79290;3;6;3;True
79291;7;12;5;True
79292;4;12;8;True
79293;2;2;0;True
79294;3;6;3;True
79295;0;0;0;True
79296;2;4;2;True
79297;4;12;8;True
79298;1;1;0;True
79299;0;0;0;True
79300;3;6;3;True
79301;7;16;9;True
79302;0;0;0;True
79303;4;6;2;True
79304;2;4;2;True
79305;1;1;0;True
79306;5;9;4;True
79307;7;12;5;True
79308;4;9;5;True
79309;7;9;2;True
79310;2;2;0;True
79311;5;12;7;True
79312;0;0;0;True
79313;3;6;3;True
79314;3;6;3;True
79315;2;4;2;True
79316;1;1;0;True
79317;4;8;4;True
79318;9;16;7;True
79319;2;4;2;True
79320;0;0;0;True
79321;5;12;7;True
79322;4;6;2;True
79323;3;4;1;True
79324;7;12;5;True
79325;5;12;7;True
79326;9;16;7;True
79327;5;12;7;True
79328;6;12;6;True
79329;4;6;2;True
79330;5;9;4;True
79331;2;4;2;True
79332;2;4;2;True
79333;9;12;3;True
79334;2;4;2;True
79335;1;1;0;True
79336;3;4;1;True
79337;4;9;5;True
79338;0;0;0;True
79339;2;4;2;True
79340;4;9;5;True
79341;5;12;7;True
79342;6;12;6;True
79343;4;12;8;True
79344;4;12;8;True
79345;5;12;7;True
79346;4;9;5;True
79347;2;2;0;True
79348;5;12;7;True
79349;4;6;2;True
79350;0;0;0;True
79351;6;12;6;True
79352;6;16;10;True
79353;2;2;0;True
79354;9;16;7;True
79355;3;9;6;True
79356;5;8;3;True
79357;1;1;0;True
79358;4;6;2;True
79359;4;12;8;True
79360;1;1;0;True
79361;1;1;0;True
79362;4;6;2;True
79363;0;0;0;True
79364;3;6;3;True
79365;3;6;3;True
79366;8;16;8;True
79367;3;9;6;True
79368;0;0;0;True
79369;5;9;4;True
79370;10;12;2;True
79371;4;6;2;True
79372;3;3;0;True
79373;1;1;0;True
79374;2;4;2;True
79375;7;12;5;True
79376;2;2;0;True
79377;4;8;4;True
79378;4;12;8;True
79379;1;1;0;True
79380;2;4;2;True
79381;3;6;3;True
79382;8;16;8;True
79383;4;9;5;True
79384;5;9;4;True
79385;8;16;8;True
79386;3;4;1;True
79387;5;12;7;True
79388;3;9;6;True
79389;6;12;6;True
79390;1;1;0;True
79391;4;12;8;True
79392;5;9;4;True
79393;4;6;2;True
79394;1;1;0;True
79395;1;1;0;True
79396;3;6;3;True
79397;2;2;0;True
79398;3;4;1;True
79399;5;9;4;True
79400;6;12;6;True
79401;2;4;2;True
79402;6;9;3;True
79403;5;9;4;True
79404;4;12;8;True
79405;3;6;3;True
79406;1;1;0;True
79407;6;12;6;True
79408;1;1;0;True
79409;3;6;3;True
79410;2;4;2;True
79411;8;16;8;True
79412;1;1;0;True
79413;1;1;0;True
79414;2;4;2;True
79415;0;0;0;True
79416;5;9;4;True
79417;6;12;6;True
79418;5;12;7;True
79419;1;1;0;True
79420;2;2;0;True
79421;3;4;1;True
79422;2;4;2;True
79423;4;6;2;True
79424;2;2;0;True
79425;3;6;3;True
79426;2;4;2;True
79427;5;12;7;True
79428;2;4;2;True
79429;3;9;6;True
79430;3;4;1;True
79431;7;12;5;True
79432;0;0;0;True
79433;3;9;6;True
79434;5;9;4;True
79435;6;12;6;True
79436;4;6;2;True
79437;4;9;5;True
79438;6;16;10;True
79439;2;4;2;True
79440;9;16;7;True
79441;3;6;3;True
79442;6;12;6;True
79443;6;12;6;True
79444;4;12;8;True
79445;2;4;2;True
79446;1;1;0;True
79447;6;6;0;True
79448;0;0;0;True
79449;3;4;1;True
79450;3;6;3;True
79451;1;1;0;True
79452;0;0;0;True
79453;5;16;11;True
79454;2;4;2;True
79455;3;4;1;True
79456;8;16;8;True
79457;5;12;7;True
79458;4;9;5;True
79459;3;4;1;True
79460;8;12;4;True
79461;5;12;7;True
79462;4;12;8;True
79463;5;12;7;True
79464;6;16;10;True
79465;5;12;7;True
79466;7;12;5;True
79467;2;2;0;True
79468;3;9;6;True
79469;6;12;6;True
79470;6;12;6;True
79471;1;1;0;True
79472;2;4;2;True
79473;1;1;0;True
79474;2;4;2;True
79475;7;16;9;True
79476;2;2;0;True
79477;2;2;0;True
79478;4;9;5;True
79479;3;6;3;True
79480;5;9;4;True
79481;5;8;3;True
79482;0;0;0;True
79483;1;1;0;True
79484;1;1;0;True
79485;5;12;7;True
79486;7;16;9;True
79487;2;2;0;True
79488;3;6;3;True
79489;5;12;7;True
79490;4;6;2;True
79491;6;16;10;True
79492;2;2;0;True
79493;1;1;0;True
79494;1;1;0;True
79495;6;12;6;True
79496;8;16;8;True
79497;2;2;0;True
79498;1;1;0;True
79499;1;1;0;True
79500;5;16;11;True
79501;1;1;0;True
79502;5;12;7;True
79503;3;6;3;True
79504;2;4;2;True
79505;2;4;2;True
79506;5;9;4;True
79507;6;16;10;True
79508;3;6;3;True
79509;7;16;9;True
79510;1;1;0;True
79511;6;9;3;True
79512;2;2;0;True
79513;2;4;2;True
79514;7;12;5;True
79515;5;9;4;True
79516;2;4;2;True
79517;4;9;5;True
79518;6;12;6;True
79519;0;0;0;True
79520;3;6;3;True
79521;3;4;1;True
79522;7;16;9;True
79523;1;1;0;True
79524;0;0;0;True
79525;8;12;4;True
79526;3;6;3;True
79527;2;4;2;True
79528;1;1;0;True
79529;3;6;3;True
79530;1;1;0;True
79531;9;12;3;True
79532;9;16;7;True
79533;7;9;2;True
79534;3;6;3;True
79535;3;9;6;True
79536;1;1;0;True
79537;1;1;0;True
79538;3;6;3;True
79539;4;6;2;True
79540;6;12;6;True
79541;1;1;0;True
79542;4;9;5;True
79543;4;6;2;True
79544;2;4;2;True
79545;3;4;1;True
79546;5;16;11;True
79547;2;4;2;True
79548;2;4;2;True
79549;5;9;4;True
79550;1;1;0;True
79551;4;6;2;True
79552;2;4;2;True
79553;4;12;8;True
79554;4;9;5;True
79555;5;9;4;True
79556;3;6;3;True
79557;4;9;5;True
79558;3;6;3;True
79559;7;16;9;True
79560;8;12;4;True
79561;5;12;7;True
79562;7;12;5;True
79563;2;4;2;True
79564;0;0;0;True
79565;6;16;10;True
79566;2;4;2;True
79567;10;16;6;True
79568;6;9;3;True
79569;4;6;2;True
79570;2;2;0;True
79571;3;9;6;True
79572;4;12;8;True
79573;4;9;5;True
79574;4;12;8;True
79575;4;9;5;True
79576;2;2;0;True
79577;6;12;6;True
79578;5;12;7;True
79579;1;1;0;True
79580;2;2;0;True
79581;8;16;8;True
79582;2;4;2;True
79583;3;6;3;True
79584;4;6;2;True
79585;3;4;1;True
79586;4;9;5;True
79587;4;6;2;True
79588;2;2;0;True
79589;3;6;3;True
79590;8;16;8;True
79591;7;16;9;True
79592;5;12;7;True
79593;3;6;3;True
79594;6;12;6;True
79595;5;12;7;True
79596;4;9;5;True
79597;6;16;10;True
79598;5;12;7;True
79599;2;2;0;True
79600;5;12;7;True
79601;1;1;0;True
79602;5;8;3;True
79603;1;1;0;True
79604;4;9;5;True
79605;5;9;4;True
79606;4;6;2;True
79607;2;4;2;True
79608;3;6;3;True
79609;5;12;7;True
79610;7;12;5;True
79611;4;6;2;True
79612;1;1;0;True
79613;4;9;5;True
79614;4;12;8;True
79615;6;16;10;True
79616;2;4;2;True
79617;5;12;7;True
79618;4;8;4;True
79619;2;4;2;True
79620;4;9;5;True
79621;5;16;11;True
79622;5;8;3;True
79623;1;1;0;True
79624;3;9;6;True
79625;2;2;0;True
79626;3;4;1;True
79627;1;1;0;True
79628;6;9;3;True
79629;0;0;0;True
79630;5;6;1;True
79631;5;16;11;True
79632;5;8;3;True
79633;3;4;1;True
79634;1;1;0;True
79635;5;12;7;True
79636;4;6;2;True
79637;2;2;0;True
79638;2;2;0;True
79639;7;12;5;True
79640;3;9;6;True
79641;3;3;0;True
79642;4;6;2;True
79643;2;4;2;True
79644;2;2;0;True
79645;5;16;11;True
79646;7;12;5;True
79647;7;12;5;True
79648;1;1;0;True
79649;0;0;0;True
79650;2;4;2;True
79651;4;9;5;True
79652;4;8;4;True
79653;0;0;0;True
79654;6;12;6;True
79655;3;6;3;True
79656;2;4;2;True
79657;3;6;3;True
79658;3;6;3;True
79659;4;9;5;True
79660;5;12;7;True
79661;5;9;4;True
79662;4;12;8;True
79663;1;1;0;True
79664;5;12;7;True
79665;0;0;0;True
79666;1;1;0;True
79667;3;4;1;True
79668;4;6;2;True
79669;6;16;10;True
79670;4;12;8;True
79671;3;6;3;True
79672;7;12;5;True
79673;2;4;2;True
79674;3;4;1;True
79675;4;6;2;True
79676;1;1;0;True
79677;3;6;3;True
79678;8;16;8;True
79679;4;9;5;True
79680;5;12;7;True
79681;2;4;2;True
79682;3;6;3;True
79683;3;6;3;True
79684;7;16;9;True
79685;0;0;0;True
79686;3;6;3;True
79687;4;9;5;True
79688;10;16;6;True
79689;6;16;10;True
79690;1;1;0;True
79691;4;9;5;True
79692;2;4;2;True
79693;5;12;7;True
79694;3;9;6;True
79695;3;6;3;True
79696;7;16;9;True
79697;4;9;5;True
79698;4;9;5;True
79699;5;9;4;True
79700;1;1;0;True
79701;2;4;2;True
79702;4;6;2;True
79703;2;2;0;True
79704;1;1;0;True
79705;5;16;11;True
79706;5;12;7;True
79707;1;1;0;True
79708;4;6;2;True
79709;1;1;0;True
79710;2;2;0;True
79711;5;6;1;True
79712;0;0;0;True
79713;2;4;2;True
79714;0;0;0;True
79715;3;6;3;True
79716;4;6;2;True
79717;4;6;2;True
79718;3;6;3;True
79719;5;12;7;True
79720;1;1;0;True
79721;6;8;2;True
79722;2;4;2;True
79723;6;9;3;True
79724;0;0;0;True
79725;2;2;0;True
79726;6;16;10;True
79727;5;12;7;True
79728;2;2;0;True
79729;6;16;10;True
79730;4;9;5;True
79731;3;6;3;True
79732;4;8;4;True
79733;2;4;2;True
79734;8;12;4;True
79735;9;16;7;True
79736;2;2;0;True
79737;3;9;6;True
79738;2;2;0;True
79739;1;1;0;True
79740;9;16;7;True
79741;1;1;0;True
79742;6;12;6;True
79743;0;0;0;True
79744;5;9;4;True
79745;3;4;1;True
79746;2;2;0;True
79747;2;4;2;True
79748;6;12;6;True
79749;4;6;2;True
79750;2;2;0;True
79751;7;16;9;True
79752;4;12;8;True
79753;7;16;9;True
79754;4;9;5;True
79755;1;1;0;True
79756;0;0;0;True
79757;1;1;0;True
79758;2;4;2;True
79759;1;1;0;True
79760;2;4;2;True
79761;3;4;1;True
79762;3;6;3;True
79763;6;9;3;True
79764;5;12;7;True
79765;1;1;0;True
79766;1;1;0;True
79767;6;9;3;True
79768;3;4;1;True
79769;4;9;5;True
79770;3;4;1;True
79771;4;6;2;True
79772;3;4;1;True
79773;2;2;0;True
79774;5;9;4;True
79775;2;4;2;True
79776;4;9;5;True
79777;1;1;0;True
79778;3;9;6;True
79779;5;9;4;True
79780;1;1;0;True
79781;7;16;9;True
79782;3;6;3;True
79783;4;9;5;True
79784;0;0;0;True
79785;6;16;10;True
79786;6;12;6;True
79787;1;1;0;True
79788;6;16;10;True
79789;1;1;0;True
79790;2;4;2;True
79791;5;6;1;True
79792;5;12;7;True
79793;0;0;0;True
79794;7;16;9;True
79795;5;12;7;True
79796;3;4;1;True
79797;7;16;9;True
79798;5;12;7;True
79799;4;6;2;True
79800;2;2;0;True
79801;1;1;0;True
79802;5;9;4;True
79803;2;4;2;True
79804;3;4;1;True
79805;1;1;0;True
79806;3;4;1;True
79807;3;9;6;True
79808;2;4;2;True
79809;1;1;0;True
79810;3;4;1;True
79811;11;16;5;True
79812;1;1;0;True
79813;4;12;8;True
79814;3;6;3;True
79815;5;12;7;True
79816;4;9;5;True
79817;1;1;0;True
79818;4;8;4;True
79819;2;4;2;True
79820;4;9;5;True
79821;4;9;5;True
79822;5;8;3;True
79823;4;6;2;True
79824;9;16;7;True
79825;0;0;0;True
79826;3;9;6;True
79827;6;9;3;True
79828;4;12;8;True
79829;3;4;1;True
79830;4;9;5;True
79831;4;16;12;True
79832;7;12;5;True
79833;3;6;3;True
79834;3;4;1;True
79835;4;6;2;True
79836;1;1;0;True
79837;1;1;0;True
79838;6;9;3;True
79839;5;16;11;True
79840;4;6;2;True
79841;3;6;3;True
79842;2;4;2;True
79843;3;9;6;True
79844;3;6;3;True
79845;1;1;0;True
79846;4;12;8;True
79847;2;4;2;True
79848;2;4;2;True
79849;6;12;6;True
79850;1;1;0;True
79851;7;12;5;True
79852;7;16;9;True
79853;2;2;0;True
79854;1;1;0;True
79855;1;1;0;True
79856;9;16;7;True
79857;5;16;11;True
79858;5;9;4;True
79859;1;1;0;True
79860;6;12;6;True
79861;1;1;0;True
79862;3;6;3;True
79863;3;4;1;True
79864;1;1;0;True
79865;4;12;8;True
79866;4;8;4;True
79867;3;6;3;True
79868;4;6;2;True
79869;5;6;1;True
79870;1;1;0;True
79871;9;16;7;True
79872;7;16;9;True
79873;5;16;11;True
79874;5;16;11;True
79875;2;2;0;True
79876;3;6;3;True
79877;3;6;3;True
79878;0;0;0;True
79879;2;4;2;True
79880;9;16;7;True
79881;2;4;2;True
79882;4;6;2;True
79883;1;1;0;True
79884;4;8;4;True
79885;3;9;6;True
79886;4;8;4;True
79887;4;9;5;True
79888;4;8;4;True
79889;4;9;5;True
79890;2;2;0;True
79891;4;9;5;True
79892;5;9;4;True
79893;5;9;4;True
79894;5;12;7;True
79895;4;9;5;True
79896;3;6;3;True
79897;8;16;8;True
79898;4;9;5;True
79899;1;1;0;True
79900;2;2;0;True
79901;6;12;6;True
79902;6;16;10;True
79903;6;12;6;True
79904;7;12;5;True
79905;2;2;0;True
79906;5;8;3;True
79907;5;12;7;True
79908;1;1;0;True
79909;1;1;0;True
79910;4;12;8;True
79911;5;16;11;True
79912;3;9;6;True
79913;2;2;0;True
79914;0;0;0;True
79915;1;1;0;True
79916;0;0;0;True
79917;4;6;2;True
79918;2;2;0;True
79919;1;1;0;True
79920;5;8;3;True
79921;6;12;6;True
79922;2;2;0;True
79923;6;9;3;True
79924;3;9;6;True
79925;2;4;2;True
79926;3;6;3;True
79927;1;1;0;True
79928;1;1;0;True
79929;4;9;5;True
79930;2;2;0;True
79931;5;12;7;True
79932;4;9;5;True
79933;4;9;5;True
79934;1;1;0;True
79935;6;16;10;True
79936;7;16;9;True
79937;5;6;1;True
79938;5;6;1;True
79939;2;2;0;True
79940;3;6;3;True
79941;1;1;0;True
79942;2;4;2;True
79943;5;12;7;True
79944;7;8;1;True
79945;2;4;2;True
79946;3;4;1;True
79947;6;12;6;True
79948;6;12;6;True
79949;7;16;9;True
79950;3;6;3;True
79951;8;16;8;True
79952;4;9;5;True
79953;4;9;5;True
79954;3;4;1;True
79955;6;16;10;True
79956;2;4;2;True
79957;5;12;7;True
79958;4;9;5;True
79959;3;6;3;True
79960;4;9;5;True
79961;5;12;7;True
79962;8;16;8;True
79963;5;9;4;True
79964;2;4;2;True
79965;1;1;0;True
79966;4;12;8;True
79967;1;1;0;True
79968;5;6;1;True
79969;6;12;6;True
79970;7;16;9;True
79971;3;6;3;True
79972;5;9;4;True
79973;4;4;0;True
79974;1;1;0;True
79975;3;4;1;True
79976;2;4;2;True
79977;1;1;0;True
79978;4;4;0;True
79979;3;4;1;True
79980;3;6;3;True
79981;3;6;3;True
79982;2;4;2;True
79983;5;12;7;True
79984;2;4;2;True
79985;4;12;8;True
79986;4;9;5;True
79987;7;12;5;True
79988;2;4;2;True
79989;3;3;0;True
79990;5;8;3;True
79991;9;16;7;True
79992;3;4;1;True
79993;3;6;3;True
79994;0;0;0;True
79995;7;16;9;True
79996;4;6;2;True
79997;5;12;7;True
79998;2;4;2;True
79999;8;16;8;True
80000;5;16;11;True
80001;3;4;1;True
80002;4;6;2;True
80003;5;12;7;True
80004;7;16;9;True
80005;2;4;2;True
80006;4;4;0;True
80007;2;4;2;True
80008;6;12;6;True
80009;3;6;3;True
80010;4;6;2;True
80011;5;9;4;True
80012;6;12;6;True
80013;8;12;4;True
80014;6;16;10;True
80015;1;1;0;True
80016;3;6;3;True
80017;2;2;0;True
80018;2;4;2;True
80019;4;4;0;True
80020;5;9;4;True
80021;1;1;0;True
80022;4;6;2;True
80023;6;16;10;True
80024;4;9;5;True
80025;3;6;3;True
80026;5;12;7;True
80027;4;9;5;True
80028;4;9;5;True
80029;2;2;0;True
80030;6;12;6;True
80031;1;1;0;True
80032;2;4;2;True
80033;5;16;11;True
80034;2;4;2;True
80035;3;6;3;True
80036;0;0;0;True
80037;1;1;0;True
80038;4;8;4;True
80039;4;9;5;True
80040;2;4;2;True
80041;1;1;0;True
80042;3;6;3;True
80043;1;1;0;True
80044;4;9;5;True
80045;1;1;0;True
80046;4;9;5;True
80047;3;4;1;True
80048;5;9;4;True
80049;4;9;5;True
80050;5;9;4;True
80051;0;0;0;True
80052;4;6;2;True
80053;6;16;10;True
80054;4;9;5;True
80055;2;4;2;True
80056;5;9;4;True
80057;4;9;5;True
80058;3;4;1;True
80059;5;12;7;True
80060;1;1;0;True
80061;4;8;4;True
80062;5;16;11;True
80063;4;12;8;True
80064;6;12;6;True
80065;5;12;7;True
80066;2;2;0;True
80067;3;4;1;True
80068;4;12;8;True
80069;4;9;5;True
80070;2;2;0;True
80071;9;12;3;True
80072;4;9;5;True
80073;4;4;0;True
80074;2;4;2;True
80075;4;6;2;True
80076;3;6;3;True
80077;3;3;0;True
80078;1;1;0;True
80079;5;12;7;True
80080;8;16;8;True
80081;2;4;2;True
80082;0;0;0;True
80083;1;1;0;True
80084;2;4;2;True
80085;4;12;8;True
80086;2;4;2;True
80087;3;6;3;True
80088;2;4;2;True
80089;2;2;0;True
80090;3;4;1;True
80091;2;4;2;True
80092;1;1;0;True
80093;8;16;8;True
80094;2;2;0;True
80095;6;9;3;True
80096;0;0;0;True
80097;3;4;1;True
80098;8;16;8;True
80099;3;9;6;True
80100;8;16;8;True
80101;2;2;0;True
80102;6;9;3;True
80103;6;16;10;True
80104;1;1;0;True
80105;3;6;3;True
80106;3;6;3;True
80107;8;16;8;True
80108;2;2;0;True
80109;0;0;0;True
80110;5;12;7;True
80111;3;4;1;True
80112;4;6;2;True
80113;2;4;2;True
80114;3;4;1;True
80115;4;6;2;True
80116;9;12;3;True
80117;5;6;1;True
80118;3;6;3;True
80119;3;6;3;True
80120;3;4;1;True
80121;1;1;0;True
80122;1;1;0;True
80123;2;4;2;True
80124;3;4;1;True
80125;1;1;0;True
80126;4;9;5;True
80127;3;6;3;True
80128;7;16;9;True
80129;2;4;2;True
80130;1;1;0;True
80131;7;12;5;True
80132;5;12;7;True
80133;1;1;0;True
80134;1;1;0;True
80135;3;6;3;True
80136;4;9;5;True
80137;4;6;2;True
80138;5;16;11;True
80139;3;4;1;True
80140;5;12;7;True
80141;0;0;0;True
80142;3;9;6;True
80143;6;12;6;True
80144;9;16;7;True
80145;8;16;8;True
80146;5;9;4;True
80147;4;6;2;True
80148;0;0;0;True
80149;3;9;6;True
80150;0;0;0;True
80151;8;16;8;True
80152;6;16;10;True
80153;4;9;5;True
80154;5;12;7;True
80155;4;6;2;True
80156;1;1;0;True
80157;4;12;8;True
80158;6;12;6;True
80159;7;16;9;True
80160;5;12;7;True
80161;1;1;0;True
80162;6;16;10;True
80163;6;16;10;True
80164;5;9;4;True
80165;2;2;0;True
80166;3;6;3;True
80167;5;12;7;True
80168;3;4;1;True
80169;3;6;3;True
80170;4;4;0;True
80171;3;6;3;True
80172;7;16;9;True
80173;1;1;0;True
80174;1;1;0;True
80175;4;6;2;True
80176;6;12;6;True
80177;4;9;5;True
80178;1;1;0;True
80179;4;9;5;True
80180;5;12;7;True
80181;3;6;3;True
80182;3;6;3;True
80183;6;12;6;True
80184;3;6;3;True
80185;1;1;0;True
80186;4;8;4;True
80187;7;16;9;True
80188;2;2;0;True
80189;6;12;6;True
80190;2;2;0;True
80191;3;9;6;True
80192;2;2;0;True
80193;3;4;1;True
80194;2;2;0;True
80195;4;6;2;True
80196;3;6;3;True
80197;2;4;2;True
80198;3;6;3;True
80199;4;9;5;True
80200;5;12;7;True
80201;4;8;4;True
80202;3;6;3;True
80203;7;12;5;True
80204;4;6;2;True
80205;2;2;0;True
80206;6;12;6;True
80207;3;6;3;True
80208;5;9;4;True
80209;2;4;2;True
80210;3;4;1;True
80211;3;4;1;True
80212;4;6;2;True
80213;4;9;5;True
80214;3;6;3;True
80215;8;12;4;True
80216;2;4;2;True
80217;4;12;8;True
80218;4;6;2;True
80219;4;9;5;True
80220;7;16;9;True
80221;0;0;0;True
80222;0;0;0;True
80223;5;9;4;True
80224;3;4;1;True
80225;6;16;10;True
80226;4;12;8;True
80227;4;9;5;True
80228;4;6;2;True
80229;3;4;1;True
80230;5;9;4;True
80231;5;12;7;True
80232;5;16;11;True
80233;5;12;7;True
80234;5;6;1;True
80235;4;9;5;True
80236;4;9;5;True
80237;9;16;7;True
80238;4;6;2;True
80239;0;0;0;True
80240;6;12;6;True
80241;3;9;6;True
80242;5;9;4;True
80243;5;9;4;True
80244;5;12;7;True
80245;4;6;2;True
80246;4;9;5;True
80247;0;0;0;True
80248;3;6;3;True
80249;1;1;0;True
80250;6;12;6;True
80251;8;16;8;True
80252;4;9;5;True
80253;5;12;7;True
80254;7;16;9;True
80255;2;2;0;True
80256;2;2;0;True
80257;4;9;5;True
80258;7;16;9;True
80259;6;12;6;True
80260;5;8;3;True
80261;6;16;10;True
80262;2;2;0;True
80263;7;16;9;True
80264;4;9;5;True
80265;4;9;5;True
80266;5;6;1;True
80267;5;8;3;True
80268;7;16;9;True
80269;5;9;4;True
80270;6;12;6;True
80271;0;0;0;True
80272;0;0;0;True
80273;10;16;6;True
80274;6;16;10;True
80275;3;4;1;True
80276;3;3;0;True
80277;3;4;1;True
80278;6;16;10;True
80279;2;4;2;True
80280;3;9;6;True
80281;2;2;0;True
80282;3;9;6;True
80283;10;16;6;True
80284;7;16;9;True
80285;6;9;3;True
80286;5;12;7;True
80287;4;9;5;True
80288;5;9;4;True
80289;5;6;1;True
80290;2;4;2;True
80291;7;12;5;True
80292;6;9;3;True
80293;2;4;2;True
80294;9;16;7;True
80295;3;6;3;True
80296;6;12;6;True
80297;5;16;11;True
80298;6;12;6;True
80299;2;4;2;True
80300;5;12;7;True
80301;3;6;3;True
80302;5;12;7;True
80303;6;9;3;True
80304;4;6;2;True
80305;1;1;0;True
80306;3;4;1;True
80307;9;16;7;True
80308;4;6;2;True
80309;5;9;4;True
80310;6;16;10;True
80311;0;0;0;True
80312;8;16;8;True
80313;5;16;11;True
80314;4;8;4;True
80315;2;2;0;True
80316;5;6;1;True
80317;5;12;7;True
80318;5;12;7;True
80319;1;1;0;True
80320;7;12;5;True
80321;4;4;0;True
80322;5;9;4;True
80323;7;16;9;True
80324;1;1;0;True
80325;6;16;10;True
80326;2;2;0;True
80327;5;6;1;True
80328;3;9;6;True
80329;7;8;1;True
80330;7;16;9;True
80331;4;6;2;True
80332;5;12;7;True
80333;4;9;5;True
80334;7;9;2;True
80335;2;4;2;True
80336;2;4;2;True
80337;4;6;2;True
80338;5;12;7;True
80339;4;9;5;True
80340;6;12;6;True
80341;0;0;0;True
80342;0;0;0;True
80343;5;12;7;True
80344;8;16;8;True
80345;3;6;3;True
80346;5;6;1;True
80347;3;6;3;True
80348;6;12;6;True
80349;1;1;0;True
80350;6;8;2;True
80351;3;4;1;True
80352;4;9;5;True
80353;4;12;8;True
80354;6;12;6;True
80355;7;16;9;True
80356;6;12;6;True
80357;7;16;9;True
80358;4;6;2;True
80359;7;12;5;True
80360;7;16;9;True
80361;3;4;1;True
80362;9;16;7;True
80363;0;0;0;True
80364;2;2;0;True
80365;1;1;0;True
80366;4;6;2;True
80367;3;6;3;True
80368;2;4;2;True
80369;1;1;0;True
80370;5;9;4;True
80371;1;1;0;True
80372;2;4;2;True
80373;2;4;2;True
80374;2;4;2;True
80375;5;9;4;True
80376;2;2;0;True
80377;1;1;0;True
80378;3;6;3;True
80379;6;12;6;True
80380;3;6;3;True
80381;7;16;9;True
80382;1;1;0;True
80383;3;4;1;True
80384;7;16;9;True
80385;0;0;0;True
80386;4;8;4;True
80387;2;4;2;True
80388;6;12;6;True
80389;3;9;6;True
80390;4;6;2;True
80391;2;2;0;True
80392;7;16;9;True
80393;1;1;0;True
80394;1;1;0;True
80395;7;16;9;True
80396;4;9;5;True
80397;2;4;2;True
80398;1;1;0;True
80399;4;9;5;True
80400;2;4;2;True
80401;6;8;2;True
80402;4;6;2;True
80403;2;4;2;True
80404;5;12;7;True
80405;0;0;0;True
80406;7;16;9;True
80407;6;16;10;True
80408;5;12;7;True
80409;6;9;3;True
80410;5;9;4;True
80411;2;2;0;True
80412;4;6;2;True
80413;3;4;1;True
80414;5;12;7;True
80415;2;2;0;True
80416;1;1;0;True
80417;3;4;1;True
80418;4;9;5;True
80419;7;9;2;True
80420;3;6;3;True
80421;6;12;6;True
80422;5;9;4;True
80423;7;12;5;True
80424;3;4;1;True
80425;6;12;6;True
80426;4;12;8;True
80427;3;4;1;True
80428;7;12;5;True
80429;8;16;8;True
80430;4;16;12;True
80431;6;12;6;True
80432;2;4;2;True
80433;5;6;1;True
80434;6;12;6;True
80435;10;16;6;True
80436;3;6;3;True
80437;6;12;6;True
80438;4;6;2;True
80439;6;12;6;True
80440;2;4;2;True
80441;2;2;0;True
80442;5;6;1;True
80443;6;16;10;True
80444;3;4;1;True
80445;1;1;0;True
80446;5;8;3;True
80447;3;9;6;True
80448;2;2;0;True
80449;3;3;0;True
80450;4;6;2;True
80451;5;9;4;True
80452;5;6;1;True
80453;2;2;0;True
80454;2;4;2;True
80455;3;4;1;True
80456;2;2;0;True
80457;10;16;6;True
80458;3;6;3;True
80459;3;4;1;True
80460;4;9;5;True
80461;3;4;1;True
80462;9;16;7;True
80463;4;9;5;True
80464;4;9;5;True
80465;4;9;5;True
80466;1;1;0;True
80467;3;4;1;True
80468;5;12;7;True
80469;3;6;3;True
80470;4;9;5;True
80471;4;8;4;True
80472;7;12;5;True
80473;4;12;8;True
80474;6;12;6;True
80475;10;16;6;True
80476;6;16;10;True
80477;5;12;7;True
80478;2;4;2;True
80479;4;12;8;True
80480;5;12;7;True
80481;7;16;9;True
80482;3;6;3;True
80483;5;12;7;True
80484;6;16;10;True
80485;0;0;0;True
80486;5;8;3;True
80487;7;16;9;True
80488;4;4;0;True
80489;7;12;5;True
80490;5;6;1;True
80491;2;4;2;True
80492;0;0;0;True
80493;1;1;0;True
80494;4;8;4;True
80495;4;6;2;True
80496;5;12;7;True
80497;5;8;3;True
80498;2;4;2;True
80499;7;12;5;True
80500;1;1;0;True
80501;4;9;5;True
80502;4;9;5;True
80503;3;9;6;True
80504;1;1;0;True
80505;4;9;5;True
80506;5;12;7;True
80507;1;1;0;True
80508;1;1;0;True
80509;1;1;0;True
80510;6;12;6;True
80511;1;1;0;True
80512;1;1;0;True
80513;10;12;2;True
80514;3;6;3;True
80515;4;6;2;True
80516;4;8;4;True
80517;1;1;0;True
80518;2;4;2;True
80519;4;6;2;True
80520;6;16;10;True
80521;2;2;0;True
80522;4;9;5;True
80523;5;9;4;True
80524;5;8;3;True
80525;3;3;0;True
80526;3;3;0;True
80527;1;1;0;True
80528;1;1;0;True
80529;0;0;0;True
80530;4;9;5;True
80531;5;9;4;True
80532;7;16;9;True
80533;2;4;2;True
80534;4;9;5;True
80535;5;9;4;True
80536;2;4;2;True
80537;2;2;0;True
80538;3;4;1;True
80539;0;0;0;True
80540;2;4;2;True
80541;4;6;2;True
80542;6;16;10;True
80543;7;9;2;True
80544;2;4;2;True
80545;3;9;6;True
80546;0;0;0;True
80547;5;9;4;True
80548;0;0;0;True
80549;2;4;2;True
80550;4;9;5;True
80551;3;6;3;True
80552;6;12;6;True
80553;2;2;0;True
80554;5;12;7;True
80555;5;12;7;True
80556;5;9;4;True
80557;3;9;6;True
80558;2;4;2;True
80559;4;9;5;True
80560;4;9;5;True
80561;7;16;9;True
80562;4;6;2;True
80563;3;6;3;True
80564;8;16;8;True
80565;5;8;3;True
80566;1;1;0;True
80567;3;6;3;True
80568;3;6;3;True
80569;4;12;8;True
80570;3;6;3;True
80571;3;6;3;True
80572;8;16;8;True
80573;4;9;5;True
80574;3;6;3;True
80575;5;9;4;True
80576;6;12;6;True
80577;5;12;7;True
80578;7;9;2;True
80579;5;9;4;True
80580;4;6;2;True
80581;4;12;8;True
80582;1;1;0;True
80583;4;6;2;True
80584;8;16;8;True
80585;4;6;2;True
80586;4;9;5;True
80587;4;9;5;True
80588;2;4;2;True
80589;8;16;8;True
80590;2;2;0;True
80591;3;9;6;True
80592;7;12;5;True
80593;1;1;0;True
80594;4;12;8;True
80595;4;6;2;True
80596;7;12;5;True
80597;1;1;0;True
80598;2;2;0;True
80599;7;12;5;True
80600;2;4;2;True
80601;1;1;0;True
80602;6;16;10;True
80603;2;4;2;True
80604;6;16;10;True
80605;5;12;7;True
80606;4;9;5;True
80607;6;16;10;True
80608;8;16;8;True
80609;4;6;2;True
80610;2;2;0;True
80611;4;6;2;True
80612;0;0;0;True
80613;4;9;5;True
80614;4;9;5;True
80615;4;9;5;True
80616;5;9;4;True
80617;0;0;0;True
80618;4;6;2;True
80619;4;6;2;True
80620;2;4;2;True
80621;5;9;4;True
80622;2;4;2;True
80623;5;8;3;True
80624;3;6;3;True
80625;6;12;6;True
80626;6;12;6;True
80627;3;6;3;True
80628;2;4;2;True
80629;2;4;2;True
80630;4;9;5;True
80631;7;16;9;True
80632;6;12;6;True
80633;4;9;5;True
80634;5;9;4;True
80635;2;4;2;True
80636;5;12;7;True
80637;4;12;8;True
80638;3;6;3;True
80639;5;12;7;True
80640;2;4;2;True
80641;2;4;2;True
80642;1;1;0;True
80643;4;6;2;True
80644;4;6;2;True
80645;1;1;0;True
80646;5;9;4;True
80647;4;12;8;True
80648;2;4;2;True
80649;4;9;5;True
80650;4;12;8;True
80651;5;9;4;True
80652;0;0;0;True
80653;5;12;7;True
80654;3;4;1;True
80655;3;6;3;True
80656;2;2;0;True
80657;4;12;8;True
80658;6;16;10;True
80659;5;12;7;True
80660;3;6;3;True
80661;5;12;7;True
80662;2;2;0;True
80663;3;9;6;True
80664;5;9;4;True
80665;1;1;0;True
80666;3;4;1;True
80667;6;16;10;True
80668;1;1;0;True
80669;3;6;3;True
80670;4;9;5;True
80671;3;4;1;True
80672;4;9;5;True
80673;2;4;2;True
80674;3;6;3;True
80675;6;12;6;True
80676;4;9;5;True
80677;7;12;5;True
80678;4;12;8;True
80679;6;12;6;True
80680;2;4;2;True
80681;5;12;7;True
80682;3;4;1;True
80683;7;12;5;True
80684;3;4;1;True
80685;3;9;6;True
80686;3;4;1;True
80687;8;16;8;True
80688;3;9;6;True
80689;1;1;0;True
80690;2;4;2;True
80691;3;6;3;True
80692;8;16;8;True
80693;0;0;0;True
80694;4;8;4;True
80695;5;9;4;True
80696;5;12;7;True
80697;1;1;0;True
80698;6;12;6;True
80699;4;6;2;True
80700;6;16;10;True
80701;4;9;5;True
80702;1;1;0;True
80703;3;6;3;True
80704;1;1;0;True
80705;2;4;2;True
80706;4;6;2;True
80707;6;16;10;True
80708;2;4;2;True
80709;2;2;0;True
80710;5;9;4;True
80711;9;16;7;True
80712;1;1;0;True
80713;0;0;0;True
80714;2;4;2;True
80715;1;1;0;True
80716;4;8;4;True
80717;3;6;3;True
80718;7;16;9;True
80719;5;9;4;True
80720;2;2;0;True
80721;0;0;0;True
80722;5;9;4;True
80723;3;9;6;True
80724;2;2;0;True
80725;4;9;5;True
80726;5;12;7;True
80727;4;9;5;True
80728;7;12;5;True
80729;2;4;2;True
80730;0;0;0;True
80731;8;16;8;True
80732;1;1;0;True
80733;5;9;4;True
80734;2;4;2;True
80735;11;16;5;True
80736;3;3;0;True
80737;5;12;7;True
80738;4;9;5;True
80739;2;2;0;True
80740;2;4;2;True
80741;2;4;2;True
80742;5;16;11;True
80743;1;1;0;True
80744;1;1;0;True
80745;5;16;11;True
80746;6;12;6;True
80747;4;12;8;True
80748;0;0;0;True
80749;7;12;5;True
80750;1;1;0;True
80751;6;16;10;True
80752;3;6;3;True
80753;1;1;0;True
80754;6;12;6;True
80755;3;6;3;True
80756;4;12;8;True
80757;6;9;3;True
80758;1;1;0;True
80759;2;4;2;True
80760;4;9;5;True
80761;0;0;0;True
80762;5;12;7;True
80763;7;12;5;True
80764;5;12;7;True
80765;1;1;0;True
80766;5;12;7;True
80767;4;6;2;True
80768;8;12;4;True
80769;1;1;0;True
80770;3;4;1;True
80771;1;1;0;True
80772;2;4;2;True
80773;3;9;6;True
80774;6;12;6;True
80775;4;12;8;True
80776;5;9;4;True
80777;2;2;0;True
80778;0;0;0;True
80779;4;12;8;True
80780;4;9;5;True
80781;3;6;3;True
80782;1;1;0;True
80783;5;16;11;True
80784;4;9;5;True
80785;1;1;0;True
80786;6;12;6;True
80787;2;4;2;True
80788;4;9;5;True
80789;8;16;8;True
80790;7;16;9;True
80791;3;6;3;True
80792;0;0;0;True
80793;5;12;7;True
80794;3;9;6;True
80795;7;12;5;True
80796;5;12;7;True
80797;6;9;3;True
80798;6;8;2;True
80799;1;1;0;True
80800;6;12;6;True
80801;2;2;0;True
80802;5;8;3;True
80803;2;4;2;True
80804;3;4;1;True
80805;3;4;1;True
80806;4;9;5;True
80807;3;6;3;True
80808;3;6;3;True
80809;3;4;1;True
80810;4;9;5;True
80811;1;1;0;True
80812;0;0;0;True
80813;1;1;0;True
80814;4;9;5;True
80815;0;0;0;True
80816;5;9;4;True
80817;6;12;6;True
80818;3;6;3;True
80819;7;9;2;True
80820;9;16;7;True
80821;9;16;7;True
80822;5;9;4;True
80823;1;1;0;True
80824;2;4;2;True
80825;0;0;0;True
80826;2;2;0;True
80827;3;9;6;True
80828;3;6;3;True
80829;0;0;0;True
80830;2;4;2;True
80831;5;8;3;True
80832;3;6;3;True
80833;4;9;5;True
80834;5;9;4;True
80835;6;12;6;True
80836;7;12;5;True
80837;10;16;6;True
80838;4;6;2;True
80839;3;3;0;True
80840;1;1;0;True
80841;0;0;0;True
80842;1;1;0;True
80843;6;16;10;True
80844;0;0;0;True
80845;2;2;0;True
80846;4;9;5;True
80847;0;0;0;True
80848;7;12;5;True
80849;1;1;0;True
80850;3;6;3;True
80851;2;2;0;True
80852;2;2;0;True
80853;4;9;5;True
80854;5;12;7;True
80855;6;9;3;True
80856;4;6;2;True
80857;2;2;0;True
80858;6;8;2;True
80859;6;16;10;True
80860;6;16;10;True
80861;4;6;2;True
80862;7;12;5;True
80863;1;1;0;True
80864;1;1;0;True
80865;3;6;3;True
80866;2;4;2;True
80867;1;1;0;True
80868;2;2;0;True
80869;1;1;0;True
80870;3;6;3;True
80871;3;9;6;True
80872;5;12;7;True
80873;1;1;0;True
80874;3;4;1;True
80875;1;1;0;True
80876;4;9;5;True
80877;6;9;3;True
80878;5;9;4;True
80879;3;6;3;True
80880;0;0;0;True
80881;4;9;5;True
80882;7;12;5;True
80883;4;6;2;True
80884;7;16;9;True
80885;3;6;3;True
80886;6;12;6;True
80887;6;16;10;True
80888;1;1;0;True
80889;2;4;2;True
80890;1;1;0;True
80891;1;1;0;True
80892;0;0;0;True
80893;3;6;3;True
80894;8;16;8;True
80895;7;16;9;True
80896;5;16;11;True
80897;5;9;4;True
80898;11;16;5;True
80899;3;9;6;True
80900;6;12;6;True
80901;2;2;0;True
80902;9;16;7;True
80903;1;1;0;True
80904;3;6;3;True
80905;5;12;7;True
80906;3;4;1;True
80907;5;9;4;True
80908;5;9;4;True
80909;4;9;5;True
80910;3;9;6;True
80911;2;4;2;True
80912;5;16;11;True
80913;2;4;2;True
80914;9;16;7;True
80915;4;12;8;True
80916;3;6;3;True
80917;4;9;5;True
80918;3;6;3;True
80919;3;6;3;True
80920;1;1;0;True
80921;2;2;0;True
80922;8;16;8;True
80923;3;4;1;True
80924;6;12;6;True
80925;2;2;0;True
80926;2;2;0;True
80927;3;6;3;True
80928;4;12;8;True
80929;2;2;0;True
80930;4;8;4;True
80931;4;9;5;True
80932;9;16;7;True
80933;4;9;5;True
80934;5;8;3;True
80935;4;12;8;True
80936;10;16;6;True
80937;4;9;5;True
80938;0;0;0;True
80939;2;2;0;True
80940;7;12;5;True
80941;1;1;0;True
80942;6;12;6;True
80943;4;6;2;True
80944;0;0;0;True
80945;0;0;0;True
80946;7;16;9;True
80947;5;12;7;True
80948;5;6;1;True
80949;2;4;2;True
80950;4;9;5;True
80951;3;6;3;True
80952;5;9;4;True
80953;2;4;2;True
80954;2;2;0;True
80955;2;4;2;True
80956;4;9;5;True
80957;8;16;8;True
80958;5;9;4;True
80959;3;4;1;True
80960;4;9;5;True
80961;4;9;5;True
80962;2;2;0;True
80963;2;2;0;True
80964;8;12;4;True
80965;6;12;6;True
80966;9;12;3;True
80967;2;4;2;True
80968;3;6;3;True
80969;5;9;4;True
80970;5;9;4;True
80971;2;2;0;True
80972;4;6;2;True
80973;2;2;0;True
80974;3;6;3;True
80975;5;9;4;True
80976;3;4;1;True
80977;4;6;2;True
80978;4;9;5;True
80979;6;12;6;True
80980;5;12;7;True
80981;7;16;9;True
80982;5;12;7;True
80983;4;6;2;True
80984;4;6;2;True
80985;1;1;0;True
80986;2;4;2;True
80987;4;8;4;True
80988;5;9;4;True
80989;6;12;6;True
80990;4;9;5;True
80991;4;9;5;True
80992;4;16;12;True
80993;3;9;6;True
80994;6;16;10;True
80995;7;16;9;True
80996;4;9;5;True
80997;5;6;1;True
80998;4;9;5;True
80999;3;6;3;True
81000;2;4;2;True
81001;2;4;2;True
81002;2;4;2;True
81003;2;4;2;True
81004;8;12;4;True
81005;3;6;3;True
81006;5;9;4;True
81007;0;0;0;True
81008;6;16;10;True
81009;1;1;0;True
81010;4;9;5;True
81011;4;6;2;True
81012;3;6;3;True
81013;5;12;7;True
81014;4;9;5;True
81015;2;4;2;True
81016;4;12;8;True
81017;0;0;0;True
81018;8;16;8;True
81019;1;1;0;True
81020;1;1;0;True
81021;3;9;6;True
81022;2;4;2;True
81023;3;6;3;True
81024;7;16;9;True
81025;4;9;5;True
81026;4;12;8;True
81027;2;4;2;True
81028;7;9;2;True
81029;0;0;0;True
81030;4;6;2;True
81031;2;4;2;True
81032;3;9;6;True
81033;1;1;0;True
81034;9;16;7;True
81035;6;12;6;True
81036;3;6;3;True
81037;2;2;0;True
81038;3;6;3;True
81039;1;1;0;True
81040;9;12;3;True
81041;0;0;0;True
81042;5;12;7;True
81043;6;12;6;True
81044;1;1;0;True
81045;7;16;9;True
81046;2;2;0;True
81047;4;6;2;True
81048;4;8;4;True
81049;3;4;1;True
81050;3;9;6;True
81051;0;0;0;True
81052;2;4;2;True
81053;1;1;0;True
81054;8;16;8;True
81055;4;9;5;True
81056;2;4;2;True
81057;1;1;0;True
81058;2;4;2;True
81059;5;9;4;True
81060;6;12;6;True
81061;2;2;0;True
81062;7;12;5;True
81063;5;9;4;True
81064;4;12;8;True
81065;0;0;0;True
81066;2;4;2;True
81067;5;8;3;True
81068;7;16;9;True
81069;6;12;6;True
81070;7;16;9;True
81071;1;1;0;True
81072;5;12;7;True
81073;0;0;0;True
81074;4;12;8;True
81075;3;6;3;True
81076;3;6;3;True
81077;1;1;0;True
81078;3;6;3;True
81079;3;6;3;True
81080;5;12;7;True
81081;3;9;6;True
81082;0;0;0;True
81083;4;12;8;True
81084;4;4;0;True
81085;3;9;6;True
81086;0;0;0;True
81087;6;12;6;True
81088;5;9;4;True
81089;3;4;1;True
81090;9;16;7;True
81091;3;6;3;True
81092;4;6;2;True
81093;2;4;2;True
81094;3;6;3;True
81095;7;12;5;True
81096;2;4;2;True
81097;3;3;0;True
81098;2;2;0;True
81099;10;16;6;True
81100;1;1;0;True
81101;2;4;2;True
81102;7;16;9;True
81103;1;1;0;True
81104;2;4;2;True
81105;2;4;2;True
81106;0;0;0;True
81107;8;16;8;True
81108;2;4;2;True
81109;2;4;2;True
81110;1;1;0;True
81111;5;9;4;True
81112;2;4;2;True
81113;2;4;2;True
81114;0;0;0;True
81115;2;4;2;True
81116;5;12;7;True
81117;0;0;0;True
81118;4;6;2;True
81119;6;16;10;True
81120;0;0;0;True
81121;11;12;1;True
81122;1;1;0;True
81123;4;9;5;True
81124;2;4;2;True
81125;5;8;3;True
81126;5;12;7;True
81127;2;2;0;True
81128;0;0;0;True
81129;7;9;2;True
81130;1;1;0;True
81131;8;16;8;True
81132;0;0;0;True
81133;0;0;0;True
81134;0;0;0;True
81135;8;16;8;True
81136;6;16;10;True
81137;8;16;8;True
81138;5;8;3;True
81139;5;12;7;True
81140;3;6;3;True
81141;2;2;0;True
81142;1;1;0;True
81143;2;4;2;True
81144;2;2;0;True
81145;6;16;10;True
81146;2;2;0;True
81147;3;3;0;True
81148;9;12;3;True
81149;2;2;0;True
81150;5;9;4;True
81151;2;2;0;True
81152;6;12;6;True
81153;1;1;0;True
81154;3;6;3;True
81155;7;12;5;True
81156;4;9;5;True
81157;4;6;2;True
81158;3;6;3;True
81159;7;12;5;True
81160;1;1;0;True
81161;4;9;5;True
81162;2;4;2;True
81163;7;12;5;True
81164;7;12;5;True
81165;5;12;7;True
81166;0;0;0;True
81167;2;2;0;True
81168;7;12;5;True
81169;3;6;3;True
81170;2;4;2;True
81171;1;1;0;True
81172;5;12;7;True
81173;2;4;2;True
81174;4;8;4;True
81175;1;1;0;True
81176;3;3;0;True
81177;3;6;3;True
81178;2;4;2;True
81179;1;1;0;True
81180;9;16;7;True
81181;5;12;7;True
81182;0;0;0;True
81183;4;6;2;True
81184;1;1;0;True
81185;4;9;5;True
81186;4;9;5;True
81187;0;0;0;True
81188;1;1;0;True
81189;4;9;5;True
81190;2;4;2;True
81191;4;6;2;True
81192;1;1;0;True
81193;3;6;3;True
81194;4;6;2;True
81195;2;4;2;True
81196;1;1;0;True
81197;3;4;1;True
81198;1;1;0;True
81199;0;0;0;True
81200;0;0;0;True
81201;10;16;6;True
81202;5;8;3;True
81203;5;9;4;True
81204;2;4;2;True
81205;3;6;3;True
81206;1;1;0;True
81207;2;4;2;True
81208;0;0;0;True
81209;4;9;5;True
81210;2;2;0;True
81211;3;6;3;True
81212;8;16;8;True
81213;2;4;2;True
81214;2;4;2;True
81215;6;9;3;True
81216;2;4;2;True
81217;4;6;2;True
81218;5;8;3;True
81219;5;12;7;True
81220;4;12;8;True
81221;7;12;5;True
81222;7;12;5;True
81223;6;12;6;True
81224;0;0;0;True
81225;5;12;7;True
81226;1;1;0;True
81227;5;9;4;True
81228;8;16;8;True
81229;5;8;3;True
81230;5;12;7;True
81231;3;3;0;True
81232;4;9;5;True
81233;3;4;1;True
81234;1;1;0;True
81235;3;9;6;True
81236;5;8;3;True
81237;2;2;0;True
81238;4;9;5;True
81239;6;12;6;True
81240;0;0;0;True
81241;6;12;6;True
81242;7;16;9;True
81243;1;1;0;True
81244;5;16;11;True
81245;4;9;5;True
81246;3;4;1;True
81247;1;1;0;True
81248;0;0;0;True
81249;0;0;0;True
81250;6;12;6;True
81251;2;4;2;True
81252;5;9;4;True
81253;1;1;0;True
81254;4;8;4;True
81255;2;2;0;True
81256;8;16;8;True
81257;5;12;7;True
81258;2;4;2;True
81259;4;12;8;True
81260;1;1;0;True
81261;2;4;2;True
81262;7;12;5;True
81263;3;6;3;True
81264;8;16;8;True
81265;4;9;5;True
81266;2;2;0;True
81267;5;9;4;True
81268;2;4;2;True
81269;7;12;5;True
81270;5;9;4;True
81271;7;12;5;True
81272;4;6;2;True
81273;4;9;5;True
81274;6;8;2;True
81275;4;6;2;True
81276;5;16;11;True
81277;3;9;6;True
81278;3;6;3;True
81279;3;6;3;True
81280;2;4;2;True
81281;5;9;4;True
81282;7;12;5;True
81283;8;16;8;True
81284;4;9;5;True
81285;4;9;5;True
81286;5;12;7;True
81287;4;9;5;True
81288;0;0;0;True
81289;4;9;5;True
81290;6;16;10;True
81291;7;9;2;True
81292;5;9;4;True
81293;2;4;2;True
81294;5;6;1;True
81295;7;12;5;True
81296;2;4;2;True
81297;2;4;2;True
81298;5;12;7;True
81299;4;9;5;True
81300;1;1;0;True
81301;2;4;2;True
81302;1;1;0;True
81303;2;2;0;True
81304;2;4;2;True
81305;5;12;7;True
81306;1;1;0;True
81307;4;6;2;True
81308;3;6;3;True
81309;2;4;2;True
81310;5;12;7;True
81311;6;12;6;True
81312;1;1;0;True
81313;3;4;1;True
81314;3;6;3;True
81315;5;8;3;True
81316;6;16;10;True
81317;4;6;2;True
81318;5;9;4;True
81319;6;12;6;True
81320;3;9;6;True
81321;4;9;5;True
81322;3;6;3;True
81323;0;0;0;True
81324;5;12;7;True
81325;2;4;2;True
81326;5;12;7;True
81327;5;16;11;True
81328;10;16;6;True
81329;4;6;2;True
81330;1;1;0;True
81331;3;6;3;True
81332;3;6;3;True
81333;4;12;8;True
81334;2;2;0;True
81335;5;9;4;True
81336;2;2;0;True
81337;1;1;0;True
81338;4;4;0;True
81339;2;4;2;True
81340;3;6;3;True
81341;5;9;4;True
81342;6;8;2;True
81343;6;16;10;True
81344;6;9;3;True
81345;1;1;0;True
81346;1;1;0;True
81347;0;0;0;True
81348;5;9;4;True
81349;2;4;2;True
81350;1;1;0;True
81351;3;3;0;True
81352;1;1;0;True
81353;3;6;3;True
81354;4;12;8;True
81355;6;12;6;True
81356;3;4;1;True
81357;0;0;0;True
81358;8;12;4;True
81359;8;16;8;True
81360;5;12;7;True
81361;2;4;2;True
81362;7;16;9;True
81363;2;4;2;True
81364;1;1;0;True
81365;5;16;11;True
81366;5;12;7;True
81367;4;6;2;True
81368;4;6;2;True
81369;4;6;2;True
81370;6;12;6;True
81371;6;16;10;True
81372;1;1;0;True
81373;2;2;0;True
81374;5;12;7;True
81375;7;12;5;True
81376;5;12;7;True
81377;0;0;0;True
81378;2;4;2;True
81379;2;2;0;True
81380;3;6;3;True
81381;2;4;2;True
81382;6;12;6;True
81383;6;12;6;True
81384;7;12;5;True
81385;7;12;5;True
81386;3;4;1;True
81387;7;16;9;True
81388;3;9;6;True
81389;0;0;0;True
81390;3;6;3;True
81391;1;1;0;True
81392;5;9;4;True
81393;4;12;8;True
81394;2;4;2;True
81395;4;12;8;True
81396;2;2;0;True
81397;4;9;5;True
81398;5;12;7;True
81399;4;9;5;True
81400;4;12;8;True
81401;5;12;7;True
81402;1;1;0;True
81403;5;12;7;True
81404;2;2;0;True
81405;11;16;5;True
81406;5;9;4;True
81407;5;9;4;True
81408;0;0;0;True
81409;5;9;4;True
81410;2;2;0;True
81411;3;6;3;True
81412;4;12;8;True
81413;1;1;0;True
81414;1;1;0;True
81415;3;6;3;True
81416;5;9;4;True
81417;9;16;7;True
81418;3;9;6;True
81419;8;12;4;True
81420;3;6;3;True
81421;4;6;2;True
81422;2;2;0;True
81423;3;4;1;True
81424;4;6;2;True
81425;1;1;0;True
81426;3;6;3;True
81427;5;9;4;True
81428;5;16;11;True
81429;4;9;5;True
81430;6;12;6;True
81431;2;4;2;True
81432;7;16;9;True
81433;3;4;1;True
81434;3;4;1;True
81435;0;0;0;True
81436;2;2;0;True
81437;3;4;1;True
81438;1;1;0;True
81439;2;2;0;True
81440;2;2;0;True
81441;3;4;1;True
81442;8;16;8;True
81443;4;9;5;True
81444;4;9;5;True
81445;5;12;7;True
81446;7;12;5;True
81447;2;2;0;True
81448;5;12;7;True
81449;3;6;3;True
81450;2;4;2;True
81451;4;6;2;True
81452;5;9;4;True
81453;6;12;6;True
81454;6;16;10;True
81455;2;2;0;True
81456;1;1;0;True
81457;1;1;0;True
81458;4;6;2;True
81459;7;16;9;True
81460;5;6;1;True
81461;3;4;1;True
81462;3;6;3;True
81463;2;2;0;True
81464;12;16;4;True
81465;4;9;5;True
81466;4;9;5;True
81467;5;9;4;True
81468;7;16;9;True
81469;3;6;3;True
81470;5;9;4;True
81471;10;16;6;True
81472;4;9;5;True
81473;3;6;3;True
81474;7;16;9;True
81475;5;12;7;True
81476;0;0;0;True
81477;3;6;3;True
81478;3;4;1;True
81479;3;4;1;True
81480;3;6;3;True
81481;1;1;0;True
81482;7;16;9;True
81483;11;16;5;True
81484;5;12;7;True
81485;9;16;7;True
81486;9;16;7;True
81487;0;0;0;True
81488;5;16;11;True
81489;3;6;3;True
81490;5;12;7;True
81491;5;9;4;True
81492;7;16;9;True
81493;2;4;2;True
81494;5;12;7;True
81495;7;16;9;True
81496;7;12;5;True
81497;9;16;7;True
81498;6;12;6;True
81499;4;12;8;True
81500;5;8;3;True
81501;3;4;1;True
81502;3;9;6;True
81503;10;16;6;True
81504;3;6;3;True
81505;1;1;0;True
81506;3;6;3;True
81507;1;1;0;True
81508;2;2;0;True
81509;5;12;7;True
81510;4;12;8;True
81511;2;4;2;True
81512;0;0;0;True
81513;4;9;5;True
81514;5;9;4;True
81515;5;12;7;True
81516;4;9;5;True
81517;2;4;2;True
81518;1;1;0;True
81519;4;6;2;True
81520;7;16;9;True
81521;4;6;2;True
81522;2;4;2;True
81523;6;12;6;True
81524;7;12;5;True
81525;2;2;0;True
81526;1;1;0;True
81527;4;9;5;True
81528;6;12;6;True
81529;6;12;6;True
81530;3;9;6;True
81531;2;4;2;True
81532;3;6;3;True
81533;1;1;0;True
81534;4;6;2;True
81535;3;6;3;True
81536;3;9;6;True
81537;5;12;7;True
81538;0;0;0;True
81539;2;4;2;True
81540;3;4;1;True
81541;1;1;0;True
81542;5;12;7;True
81543;10;16;6;True
81544;1;1;0;True
81545;1;1;0;True
81546;1;1;0;True
81547;4;9;5;True
81548;3;6;3;True
81549;1;1;0;True
81550;4;6;2;True
81551;6;9;3;True
81552;8;12;4;True
81553;0;0;0;True
81554;1;1;0;True
81555;2;4;2;True
81556;6;16;10;True
81557;2;4;2;True
81558;1;1;0;True
81559;6;9;3;True
81560;5;8;3;True
81561;8;16;8;True
81562;7;12;5;True
81563;7;16;9;True
81564;5;12;7;True
81565;0;0;0;True
81566;9;16;7;True
81567;4;8;4;True
81568;3;6;3;True
81569;5;16;11;True
81570;4;6;2;True
81571;3;4;1;True
81572;2;2;0;True
81573;1;1;0;True
81574;0;0;0;True
81575;5;8;3;True
81576;1;1;0;True
81577;5;12;7;True
81578;3;4;1;True
81579;3;6;3;True
81580;1;1;0;True
81581;3;6;3;True
81582;2;4;2;True
81583;7;16;9;True
81584;10;16;6;True
81585;5;9;4;True
81586;4;9;5;True
81587;2;4;2;True
81588;4;12;8;True
81589;4;6;2;True
81590;2;2;0;True
81591;7;16;9;True
81592;4;12;8;True
81593;4;6;2;True
81594;3;4;1;True
81595;7;16;9;True
81596;7;16;9;True
81597;3;4;1;True
81598;6;16;10;True
81599;3;6;3;True
81600;2;4;2;True
81601;2;4;2;True
81602;4;4;0;True
81603;5;8;3;True
81604;5;9;4;True
81605;5;9;4;True
81606;2;2;0;True
81607;1;1;0;True
81608;7;16;9;True
81609;4;4;0;True
81610;3;6;3;True
81611;2;4;2;True
81612;6;16;10;True
81613;6;9;3;True
81614;5;12;7;True
81615;5;12;7;True
81616;6;16;10;True
81617;2;4;2;True
81618;4;6;2;True
81619;0;0;0;True
81620;5;12;7;True
81621;1;1;0;True
81622;1;1;0;True
81623;3;9;6;True
81624;0;0;0;True
81625;2;2;0;True
81626;3;4;1;True
81627;4;9;5;True
81628;6;9;3;True
81629;3;6;3;True
81630;5;16;11;True
81631;6;16;10;True
81632;3;4;1;True
81633;4;8;4;True
81634;2;2;0;True
81635;3;6;3;True
81636;6;16;10;True
81637;3;6;3;True
81638;4;6;2;True
81639;3;9;6;True
81640;3;6;3;True
81641;6;16;10;True
81642;3;6;3;True
81643;3;6;3;True
81644;3;3;0;True
81645;2;4;2;True
81646;6;12;6;True
81647;1;1;0;True
81648;4;4;0;True
81649;2;4;2;True
81650;8;16;8;True
81651;2;2;0;True
81652;1;1;0;True
81653;7;16;9;True
81654;4;9;5;True
81655;10;12;2;True
81656;5;9;4;True
81657;2;4;2;True
81658;5;16;11;True
81659;0;0;0;True
81660;5;9;4;True
81661;3;6;3;True
81662;1;1;0;True
81663;7;9;2;True
81664;3;4;1;True
81665;2;2;0;True
81666;10;16;6;True
81667;3;6;3;True
81668;3;6;3;True
81669;2;2;0;True
81670;2;4;2;True
81671;6;12;6;True
81672;6;8;2;True
81673;7;16;9;True
81674;1;1;0;True
81675;3;6;3;True
81676;8;16;8;True
81677;5;12;7;True
81678;3;6;3;True
81679;3;6;3;True
81680;3;4;1;True
81681;5;9;4;True
81682;4;12;8;True
81683;2;4;2;True
81684;5;12;7;True
81685;4;12;8;True
81686;8;12;4;True
81687;4;8;4;True
81688;4;9;5;True
81689;5;16;11;True
81690;2;2;0;True
81691;3;6;3;True
81692;7;16;9;True
81693;5;9;4;True
81694;7;16;9;True
81695;0;0;0;True
81696;5;8;3;True
81697;7;12;5;True
81698;7;12;5;True
81699;0;0;0;True
81700;4;8;4;True
81701;1;1;0;True
81702;1;1;0;True
81703;0;0;0;True
81704;2;4;2;True
81705;0;0;0;True
81706;2;4;2;True
81707;10;16;6;True
81708;3;4;1;True
81709;1;1;0;True
81710;7;16;9;True
81711;1;1;0;True
81712;0;0;0;True
81713;7;12;5;True
81714;1;1;0;True
81715;2;2;0;True
81716;5;6;1;True
81717;2;4;2;True
81718;2;4;2;True
81719;5;9;4;True
81720;6;9;3;True
81721;7;12;5;True
81722;0;0;0;True
81723;0;0;0;True
81724;3;3;0;True
81725;1;1;0;True
81726;1;1;0;True
81727;0;0;0;True
81728;1;1;0;True
81729;2;2;0;True
81730;6;12;6;True
81731;9;16;7;True
81732;3;4;1;True
81733;5;9;4;True
81734;3;9;6;True
81735;5;16;11;True
81736;2;2;0;True
81737;0;0;0;True
81738;5;16;11;True
81739;2;2;0;True
81740;0;0;0;True
81741;2;2;0;True
81742;5;16;11;True
81743;3;3;0;True
81744;3;9;6;True
81745;5;12;7;True
81746;9;16;7;True
81747;5;12;7;True
81748;1;1;0;True
81749;6;16;10;True
81750;4;9;5;True
81751;0;0;0;True
81752;1;1;0;True
81753;5;8;3;True
81754;5;12;7;True
81755;5;9;4;True
81756;7;12;5;True
81757;4;9;5;True
81758;7;8;1;True
81759;7;16;9;True
81760;6;12;6;True
81761;3;6;3;True
81762;2;4;2;True
81763;2;4;2;True
81764;2;4;2;True
81765;4;9;5;True
81766;3;3;0;True
81767;6;12;6;True
81768;2;4;2;True
81769;2;4;2;True
81770;3;6;3;True
81771;4;8;4;True
81772;2;4;2;True
81773;4;8;4;True
81774;4;6;2;True
81775;1;1;0;True
81776;5;9;4;True
81777;1;1;0;True
81778;3;4;1;True
81779;3;6;3;True
81780;9;16;7;True
81781;1;1;0;True
81782;6;12;6;True
81783;6;12;6;True
81784;8;16;8;True
81785;3;9;6;True
81786;2;2;0;True
81787;8;16;8;True
81788;1;1;0;True
81789;4;9;5;True
81790;5;9;4;True
81791;5;16;11;True
81792;5;12;7;True
81793;3;4;1;True
81794;4;9;5;True
81795;3;3;0;True
81796;2;2;0;True
81797;2;2;0;True
81798;3;6;3;True
81799;2;4;2;True
81800;2;2;0;True
81801;0;0;0;True
81802;5;16;11;True
81803;4;9;5;True
81804;2;4;2;True
81805;2;2;0;True
81806;10;16;6;True
81807;6;12;6;True
81808;3;9;6;True
81809;6;9;3;True
81810;0;0;0;True
81811;1;1;0;True
81812;2;4;2;True
81813;5;16;11;True
81814;7;12;5;True
81815;0;0;0;True
81816;3;4;1;True
81817;2;2;0;True
81818;9;12;3;True
81819;0;0;0;True
81820;3;6;3;True
81821;6;9;3;True
81822;7;12;5;True
81823;2;2;0;True
81824;4;12;8;True
81825;5;8;3;True
81826;2;2;0;True
81827;2;2;0;True
81828;7;12;5;True
81829;5;6;1;True
81830;3;4;1;True
81831;4;8;4;True
81832;5;12;7;True
81833;8;16;8;True
81834;3;9;6;True
81835;1;1;0;True
81836;3;3;0;True
81837;4;6;2;True
81838;0;0;0;True
81839;7;12;5;True
81840;4;6;2;True
81841;4;9;5;True
81842;2;2;0;True
81843;9;16;7;True
81844;5;9;4;True
81845;4;6;2;True
81846;7;16;9;True
81847;0;0;0;True
81848;5;9;4;True
81849;1;1;0;True
81850;5;12;7;True
81851;6;9;3;True
81852;2;4;2;True
81853;6;16;10;True
81854;5;12;7;True
81855;7;16;9;True
81856;4;6;2;True
81857;6;12;6;True
81858;7;12;5;True
81859;6;12;6;True
81860;3;6;3;True
81861;4;12;8;True
81862;6;12;6;True
81863;6;12;6;True
81864;2;4;2;True
81865;3;4;1;True
81866;4;6;2;True
81867;6;12;6;True
81868;3;9;6;True
81869;2;4;2;True
81870;2;2;0;True
81871;2;2;0;True
81872;4;9;5;True
81873;2;4;2;True
81874;8;16;8;True
81875;3;4;1;True
81876;5;12;7;True
81877;4;9;5;True
81878;6;12;6;True
81879;3;9;6;True
81880;2;4;2;True
81881;3;6;3;True
81882;0;0;0;True
81883;2;2;0;True
81884;5;12;7;True
81885;1;1;0;True
81886;2;2;0;True
81887;3;4;1;True
81888;4;16;12;True
81889;6;16;10;True
81890;4;9;5;True
81891;4;12;8;True
81892;9;12;3;True
81893;2;4;2;True
81894;6;12;6;True
81895;1;1;0;True
81896;7;16;9;True
81897;2;2;0;True
81898;2;2;0;True
81899;0;0;0;True
81900;3;6;3;True
81901;4;6;2;True
81902;4;8;4;True
81903;2;2;0;True
81904;4;6;2;True
81905;4;9;5;True
81906;4;6;2;True
81907;7;9;2;True
81908;4;6;2;True
81909;3;4;1;True
81910;1;1;0;True
81911;4;12;8;True
81912;6;12;6;True
81913;4;9;5;True
81914;5;12;7;True
81915;6;12;6;True
81916;4;8;4;True
81917;2;4;2;True
81918;4;6;2;True
81919;2;2;0;True
81920;3;6;3;True
81921;2;4;2;True
81922;2;4;2;True
81923;5;12;7;True
81924;5;9;4;True
81925;4;9;5;True
81926;4;6;2;True
81927;4;9;5;True
81928;3;9;6;True
81929;5;6;1;True
81930;4;12;8;True
81931;0;0;0;True
81932;3;9;6;True
81933;4;6;2;True
81934;5;12;7;True
81935;1;1;0;True
81936;5;12;7;True
81937;9;16;7;True
81938;4;6;2;True
81939;2;2;0;True
81940;5;9;4;True
81941;7;12;5;True
81942;5;12;7;True
81943;5;6;1;True
81944;1;1;0;True
81945;1;1;0;True
81946;3;6;3;True
81947;7;16;9;True
81948;7;12;5;True
81949;3;6;3;True
81950;4;6;2;True
81951;2;2;0;True
81952;3;6;3;True
81953;8;12;4;True
81954;3;6;3;True
81955;5;12;7;True
81956;7;16;9;True
81957;5;9;4;True
81958;10;16;6;True
81959;4;6;2;True
81960;5;12;7;True
81961;4;9;5;True
81962;7;16;9;True
81963;5;12;7;True
81964;3;4;1;True
81965;2;2;0;True
81966;1;1;0;True
81967;0;0;0;True
81968;2;4;2;True
81969;6;12;6;True
81970;6;16;10;True
81971;2;2;0;True
81972;5;12;7;True
81973;5;9;4;True
81974;4;9;5;True
81975;6;8;2;True
81976;3;6;3;True
81977;3;3;0;True
81978;4;8;4;True
81979;8;16;8;True
81980;1;1;0;True
81981;4;9;5;True
81982;2;4;2;True
81983;1;1;0;True
81984;2;2;0;True
81985;2;2;0;True
81986;0;0;0;True
81987;2;4;2;True
81988;8;12;4;True
81989;5;16;11;True
81990;1;1;0;True
81991;4;6;2;True
81992;6;12;6;True
81993;5;9;4;True
81994;7;16;9;True
81995;1;1;0;True
81996;6;16;10;True
81997;3;4;1;True
81998;3;6;3;True
81999;5;12;7;True
82000;3;6;3;True
82001;5;16;11;True
82002;4;9;5;True
82003;2;4;2;True
82004;6;9;3;True
82005;5;8;3;True
82006;2;2;0;True
82007;0;0;0;True
82008;3;6;3;True
82009;4;6;2;True
82010;2;2;0;True
82011;4;4;0;True
82012;5;12;7;True
82013;2;4;2;True
82014;5;12;7;True
82015;0;0;0;True
82016;5;12;7;True
82017;1;1;0;True
82018;4;12;8;True
82019;6;16;10;True
82020;5;12;7;True
82021;2;4;2;True
82022;0;0;0;True
82023;5;9;4;True
82024;7;12;5;True
82025;4;9;5;True
82026;0;0;0;True
82027;10;16;6;True
82028;7;16;9;True
82029;2;4;2;True
82030;6;12;6;True
82031;2;4;2;True
82032;5;12;7;True
82033;1;1;0;True
82034;8;12;4;True
82035;3;9;6;True
82036;3;4;1;True
82037;7;16;9;True
82038;8;12;4;True
82039;7;12;5;True
82040;1;1;0;True
82041;4;6;2;True
82042;1;1;0;True
82043;6;12;6;True
82044;6;16;10;True
82045;1;1;0;True
82046;3;9;6;True
82047;6;12;6;True
82048;2;2;0;True
82049;3;6;3;True
82050;4;12;8;True
82051;6;12;6;True
82052;4;6;2;True
82053;4;6;2;True
82054;7;12;5;True
82055;3;9;6;True
82056;2;2;0;True
82057;2;4;2;True
82058;2;4;2;True
82059;4;6;2;True
82060;3;3;0;True
82061;2;4;2;True
82062;3;6;3;True
82063;5;12;7;True
82064;2;4;2;True
82065;4;6;2;True
82066;9;16;7;True
82067;1;1;0;True
82068;4;12;8;True
82069;3;6;3;True
82070;3;9;6;True
82071;2;4;2;True
82072;2;4;2;True
82073;5;8;3;True
82074;2;4;2;True
82075;5;12;7;True
82076;5;8;3;True
82077;4;6;2;True
82078;3;6;3;True
82079;5;12;7;True
82080;5;12;7;True
82081;8;12;4;True
82082;9;16;7;True
82083;8;16;8;True
82084;0;0;0;True
82085;0;0;0;True
82086;4;9;5;True
82087;5;12;7;True
82088;5;12;7;True
82089;1;1;0;True
82090;3;6;3;True
82091;8;16;8;True
82092;4;6;2;True
82093;1;1;0;True
82094;2;4;2;True
82095;5;12;7;True
82096;5;12;7;True
82097;4;6;2;True
82098;4;9;5;True
82099;3;4;1;True
82100;2;4;2;True
82101;3;9;6;True
82102;1;1;0;True
82103;2;4;2;True
82104;2;4;2;True
82105;2;4;2;True
82106;1;1;0;True
82107;8;12;4;True
82108;1;1;0;True
82109;3;6;3;True
82110;6;9;3;True
82111;2;4;2;True
82112;2;2;0;True
82113;2;2;0;True
82114;6;12;6;True
82115;3;6;3;True
82116;3;4;1;True
82117;4;9;5;True
82118;6;16;10;True
82119;4;6;2;True
82120;4;9;5;True
82121;2;2;0;True
82122;3;4;1;True
82123;9;16;7;True
82124;2;2;0;True
82125;5;9;4;True
82126;7;12;5;True
82127;1;1;0;True
82128;1;1;0;True
82129;7;16;9;True
82130;2;2;0;True
82131;6;12;6;True
82132;4;12;8;True
82133;0;0;0;True
82134;5;9;4;True
82135;3;6;3;True
82136;2;2;0;True
82137;6;12;6;True
82138;0;0;0;True
82139;8;12;4;True
82140;2;4;2;True
82141;4;6;2;True
82142;6;9;3;True
82143;0;0;0;True
82144;3;6;3;True
82145;5;8;3;True
82146;4;8;4;True
82147;0;0;0;True
82148;6;16;10;True
82149;1;1;0;True
82150;6;12;6;True
82151;6;12;6;True
82152;0;0;0;True
82153;1;1;0;True
82154;3;6;3;True
82155;8;12;4;True
82156;3;3;0;True
82157;7;16;9;True
82158;7;12;5;True
82159;4;9;5;True
82160;2;2;0;True
82161;6;12;6;True
82162;8;16;8;True
82163;7;12;5;True
82164;5;12;7;True
82165;2;4;2;True
82166;4;6;2;True
82167;7;16;9;True
82168;4;12;8;True
82169;4;9;5;True
82170;4;6;2;True
82171;2;4;2;True
82172;1;1;0;True
82173;5;12;7;True
82174;9;16;7;True
82175;7;16;9;True
82176;5;8;3;True
82177;3;6;3;True
82178;0;0;0;True
82179;4;6;2;True
82180;8;16;8;True
82181;0;0;0;True
82182;5;9;4;True
82183;2;4;2;True
82184;6;12;6;True
82185;3;6;3;True
82186;4;4;0;True
82187;3;6;3;True
82188;2;2;0;True
82189;2;4;2;True
82190;10;16;6;True
82191;2;4;2;True
82192;4;6;2;True
82193;8;16;8;True
82194;5;16;11;True
82195;4;9;5;True
82196;1;1;0;True
82197;7;12;5;True
82198;1;1;0;True
82199;3;6;3;True
82200;0;0;0;True
82201;6;12;6;True
82202;5;8;3;True
82203;6;12;6;True
82204;3;9;6;True
82205;4;6;2;True
82206;5;16;11;True
82207;1;1;0;True
82208;7;16;9;True
82209;4;9;5;True
82210;2;4;2;True
82211;3;6;3;True
82212;8;16;8;True
82213;4;6;2;True
82214;3;6;3;True
82215;1;1;0;True
82216;4;6;2;True
82217;0;0;0;True
82218;0;0;0;True
82219;0;0;0;True
82220;4;9;5;True
82221;3;6;3;True
82222;3;6;3;True
82223;4;9;5;True
82224;2;4;2;True
82225;4;4;0;True
82226;8;16;8;True
82227;4;6;2;True
82228;3;6;3;True
82229;2;2;0;True
82230;1;1;0;True
82231;0;0;0;True
82232;4;6;2;True
82233;1;1;0;True
82234;4;9;5;True
82235;2;4;2;True
82236;2;2;0;True
82237;4;6;2;True
82238;8;12;4;True
82239;3;6;3;True
82240;3;4;1;True
82241;5;12;7;True
82242;1;1;0;True
82243;0;0;0;True
82244;5;12;7;True
82245;6;9;3;True
82246;4;6;2;True
82247;1;1;0;True
82248;5;9;4;True
82249;2;4;2;True
82250;3;4;1;True
82251;1;1;0;True
82252;4;6;2;True
82253;2;2;0;True
82254;1;1;0;True
82255;2;2;0;True
82256;6;12;6;True
82257;7;16;9;True
82258;2;4;2;True
82259;9;16;7;True
82260;5;12;7;True
82261;4;16;12;True
82262;3;6;3;True
82263;4;9;5;True
82264;2;4;2;True
82265;3;4;1;True
82266;2;4;2;True
82267;4;9;5;True
82268;3;6;3;True
82269;3;6;3;True
82270;4;6;2;True
82271;3;6;3;True
82272;4;6;2;True
82273;5;12;7;True
82274;1;1;0;True
82275;1;1;0;True
82276;3;4;1;True
82277;5;9;4;True
82278;2;4;2;True
82279;2;4;2;True
82280;5;8;3;True
82281;4;6;2;True
82282;4;6;2;True
82283;5;8;3;True
82284;2;2;0;True
82285;5;12;7;True
82286;1;1;0;True
82287;3;4;1;True
82288;3;9;6;True
82289;6;12;6;True
82290;0;0;0;True
82291;2;2;0;True
82292;4;6;2;True
82293;5;12;7;True
82294;4;6;2;True
82295;2;2;0;True
82296;2;2;0;True
82297;0;0;0;True
82298;4;9;5;True
82299;5;9;4;True
82300;1;1;0;True
82301;4;6;2;True
82302;5;9;4;True
82303;4;6;2;True
82304;3;4;1;True
82305;0;0;0;True
82306;4;12;8;True
82307;2;4;2;True
82308;3;6;3;True
82309;6;16;10;True
82310;1;1;0;True
82311;6;12;6;True
82312;3;6;3;True
82313;1;1;0;True
82314;3;9;6;True
82315;9;16;7;True
82316;1;1;0;True
82317;1;1;0;True
82318;2;4;2;True
82319;1;1;0;True
82320;2;4;2;True
82321;2;4;2;True
82322;0;0;0;True
82323;4;12;8;True
82324;2;4;2;True
82325;4;6;2;True
82326;3;6;3;True
82327;5;8;3;True
82328;2;4;2;True
82329;2;4;2;True
82330;6;16;10;True
82331;2;2;0;True
82332;6;12;6;True
82333;1;1;0;True
82334;4;6;2;True
82335;3;4;1;True
82336;3;9;6;True
82337;6;16;10;True
82338;2;4;2;True
82339;5;16;11;True
82340;1;1;0;True
82341;6;16;10;True
82342;4;12;8;True
82343;5;9;4;True
82344;2;2;0;True
82345;3;4;1;True
82346;4;6;2;True
82347;3;9;6;True
82348;5;16;11;True
82349;4;6;2;True
82350;5;12;7;True
82351;4;6;2;True
82352;1;1;0;True
82353;1;1;0;True
82354;5;8;3;True
82355;4;9;5;True
82356;1;1;0;True
82357;2;4;2;True
82358;10;16;6;True
82359;4;6;2;True
82360;4;9;5;True
82361;2;2;0;True
82362;6;12;6;True
82363;1;1;0;True
82364;4;9;5;True
82365;4;6;2;True
82366;5;9;4;True
82367;3;6;3;True
82368;4;9;5;True
82369;4;6;2;True
82370;5;12;7;True
82371;0;0;0;True
82372;5;8;3;True
82373;3;4;1;True
82374;2;4;2;True
82375;0;0;0;True
82376;5;9;4;True
82377;4;8;4;True
82378;4;8;4;True
82379;5;9;4;True
82380;3;6;3;True
82381;10;16;6;True
82382;1;1;0;True
82383;4;9;5;True
82384;6;12;6;True
82385;1;1;0;True
82386;4;6;2;True
82387;10;16;6;True
82388;8;16;8;True
82389;1;1;0;True
82390;7;16;9;True
82391;4;9;5;True
82392;3;6;3;True
82393;0;0;0;True
82394;1;1;0;True
82395;3;4;1;True
82396;8;16;8;True
82397;6;16;10;True
82398;3;6;3;True
82399;7;16;9;True
82400;4;8;4;True
82401;0;0;0;True
82402;6;16;10;True
82403;8;16;8;True
82404;3;6;3;True
82405;4;9;5;True
82406;8;16;8;True
82407;7;16;9;True
82408;5;12;7;True
82409;8;16;8;True
82410;4;12;8;True
82411;4;6;2;True
82412;3;4;1;True
82413;5;9;4;True
82414;1;1;0;True
82415;0;0;0;True
82416;7;9;2;True
82417;2;4;2;True
82418;5;12;7;True
82419;5;12;7;True
82420;6;9;3;True
82421;5;12;7;True
82422;2;4;2;True
82423;8;16;8;True
82424;6;12;6;True
82425;2;4;2;True
82426;7;12;5;True
82427;1;1;0;True
82428;4;9;5;True
82429;3;6;3;True
82430;8;16;8;True
82431;2;4;2;True
82432;2;4;2;True
82433;5;12;7;True
82434;7;12;5;True
82435;2;2;0;True
82436;0;0;0;True
82437;3;6;3;True
82438;7;16;9;True
82439;3;4;1;True
82440;6;12;6;True
82441;8;16;8;True
82442;5;8;3;True
82443;7;9;2;True
82444;1;1;0;True
82445;7;16;9;True
82446;3;4;1;True
82447;1;1;0;True
82448;3;6;3;True
82449;2;4;2;True
82450;1;1;0;True
82451;4;6;2;True
82452;10;16;6;True
82453;2;4;2;True
82454;3;6;3;True
82455;3;6;3;True
82456;8;12;4;True
82457;2;2;0;True
82458;4;9;5;True
82459;3;9;6;True
82460;3;4;1;True
82461;5;6;1;True
82462;4;6;2;True
82463;1;1;0;True
82464;3;6;3;True
82465;3;6;3;True
82466;7;16;9;True
82467;5;12;7;True
82468;4;9;5;True
82469;3;6;3;True
82470;3;9;6;True
82471;1;1;0;True
82472;5;12;7;True
82473;2;4;2;True
82474;4;12;8;True
82475;4;12;8;True
82476;8;16;8;True
82477;6;16;10;True
82478;6;16;10;True
82479;4;9;5;True
82480;1;1;0;True
82481;2;2;0;True
82482;4;9;5;True
82483;1;1;0;True
82484;2;2;0;True
82485;5;9;4;True
82486;5;12;7;True
82487;4;6;2;True
82488;6;12;6;True
82489;3;4;1;True
82490;1;1;0;True
82491;8;12;4;True
82492;3;6;3;True
82493;5;12;7;True
82494;3;9;6;True
82495;2;4;2;True
82496;3;6;3;True
82497;3;4;1;True
82498;3;4;1;True
82499;5;12;7;True
82500;3;4;1;True
82501;0;0;0;True
82502;4;9;5;True
82503;2;4;2;True
82504;0;0;0;True
82505;3;6;3;True
82506;8;16;8;True
82507;9;12;3;True
82508;3;4;1;True
82509;4;9;5;True
82510;3;6;3;True
82511;8;16;8;True
82512;7;12;5;True
82513;0;0;0;True
82514;0;0;0;True
82515;2;2;0;True
82516;6;8;2;True
82517;4;8;4;True
82518;4;6;2;True
82519;1;1;0;True
82520;5;9;4;True
82521;6;12;6;True
82522;6;12;6;True
82523;3;6;3;True
82524;5;16;11;True
82525;11;16;5;True
82526;6;16;10;True
82527;5;12;7;True
82528;0;0;0;True
82529;5;9;4;True
82530;2;2;0;True
82531;3;4;1;True
82532;1;1;0;True
82533;3;6;3;True
82534;5;12;7;True
82535;6;12;6;True
82536;2;4;2;True
82537;5;9;4;True
82538;3;3;0;True
82539;5;9;4;True
82540;5;12;7;True
82541;3;6;3;True
82542;3;6;3;True
82543;6;16;10;True
82544;5;9;4;True
82545;8;16;8;True
82546;9;16;7;True
82547;2;2;0;True
82548;2;4;2;True
82549;6;16;10;True
82550;5;16;11;True
82551;5;12;7;True
82552;3;9;6;True
82553;1;1;0;True
82554;1;1;0;True
82555;4;9;5;True
82556;0;0;0;True
82557;0;0;0;True
82558;9;16;7;True
82559;3;6;3;True
82560;1;1;0;True
82561;7;16;9;True
82562;3;6;3;True
82563;1;1;0;True
82564;5;12;7;True
82565;5;12;7;True
82566;7;16;9;True
82567;3;6;3;True
82568;5;12;7;True
82569;3;6;3;True
82570;6;12;6;True
82571;7;16;9;True
82572;0;0;0;True
82573;2;4;2;True
82574;1;1;0;True
82575;1;1;0;True
82576;1;1;0;True
82577;5;12;7;True
82578;4;12;8;True
82579;5;12;7;True
82580;9;16;7;True
82581;8;16;8;True
82582;3;9;6;True
82583;5;12;7;True
82584;5;12;7;True
82585;4;6;2;True
82586;3;6;3;True
82587;0;0;0;True
82588;6;12;6;True
82589;4;9;5;True
82590;2;2;0;True
82591;4;9;5;True
82592;2;2;0;True
82593;1;1;0;True
82594;0;0;0;True
82595;2;4;2;True
82596;7;16;9;True
82597;6;16;10;True
82598;3;6;3;True
82599;5;12;7;True
82600;7;16;9;True
82601;0;0;0;True
82602;2;2;0;True
82603;2;4;2;True
82604;8;16;8;True
82605;2;4;2;True
82606;5;12;7;True
82607;4;4;0;True
82608;1;1;0;True
82609;3;3;0;True
82610;5;16;11;True
82611;1;1;0;True
82612;4;8;4;True
82613;2;4;2;True
82614;4;6;2;True
82615;0;0;0;True
82616;5;12;7;True
82617;2;4;2;True
82618;1;1;0;True
82619;4;6;2;True
82620;0;0;0;True
82621;1;1;0;True
82622;3;6;3;True
82623;2;4;2;True
82624;5;16;11;True
82625;6;12;6;True
82626;5;12;7;True
82627;1;1;0;True
82628;10;12;2;True
82629;3;4;1;True
82630;1;1;0;True
82631;3;6;3;True
82632;3;6;3;True
82633;2;2;0;True
82634;7;16;9;True
82635;2;4;2;True
82636;3;6;3;True
82637;4;6;2;True
82638;2;2;0;True
82639;8;16;8;True
82640;3;6;3;True
82641;2;4;2;True
82642;0;0;0;True
82643;1;1;0;True
82644;3;6;3;True
82645;3;4;1;True
82646;4;8;4;True
82647;1;1;0;True
82648;2;4;2;True
82649;2;2;0;True
82650;5;9;4;True
82651;6;12;6;True
82652;3;9;6;True
82653;4;6;2;True
82654;2;2;0;True
82655;3;6;3;True
82656;1;1;0;True
82657;6;16;10;True
82658;4;8;4;True
82659;8;16;8;True
82660;5;12;7;True
82661;2;2;0;True
82662;3;9;6;True
82663;2;2;0;True
82664;1;1;0;True
82665;6;12;6;True
82666;2;2;0;True
82667;2;4;2;True
82668;3;6;3;True
82669;3;4;1;True
82670;1;1;0;True
82671;5;8;3;True
82672;3;3;0;True
82673;7;16;9;True
82674;7;12;5;True
82675;8;16;8;True
82676;3;6;3;True
82677;5;9;4;True
82678;0;0;0;True
82679;9;16;7;True
82680;3;6;3;True
82681;2;2;0;True
82682;2;4;2;True
82683;1;1;0;True
82684;6;12;6;True
82685;4;9;5;True
82686;3;6;3;True
82687;6;16;10;True
82688;6;12;6;True
82689;2;4;2;True
82690;5;9;4;True
82691;0;0;0;True
82692;2;4;2;True
82693;7;9;2;True
82694;3;9;6;True
82695;5;12;7;True
82696;3;4;1;True
82697;3;6;3;True
82698;0;0;0;True
82699;2;4;2;True
82700;0;0;0;True
82701;2;4;2;True
82702;1;1;0;True
82703;6;12;6;True
82704;6;12;6;True
82705;7;16;9;True
82706;0;0;0;True
82707;3;4;1;True
82708;1;1;0;True
82709;2;4;2;True
82710;6;16;10;True
82711;1;1;0;True
82712;8;16;8;True
82713;2;4;2;True
82714;3;9;6;True
82715;3;6;3;True
82716;3;3;0;True
82717;4;9;5;True
82718;5;12;7;True
82719;5;12;7;True
82720;2;4;2;True
82721;2;2;0;True
82722;3;6;3;True
82723;3;4;1;True
82724;4;9;5;True
82725;4;12;8;True
82726;1;1;0;True
82727;5;12;7;True
82728;6;12;6;True
82729;0;0;0;True
82730;2;4;2;True
82731;4;8;4;True
82732;3;6;3;True
82733;7;16;9;True
82734;1;1;0;True
82735;2;4;2;True
82736;4;9;5;True
82737;4;12;8;True
82738;4;12;8;True
82739;5;12;7;True
82740;2;2;0;True
82741;3;4;1;True
82742;5;6;1;True
82743;9;12;3;True
82744;2;2;0;True
82745;4;9;5;True
82746;4;6;2;True
82747;3;6;3;True
82748;5;12;7;True
82749;1;1;0;True
82750;5;8;3;True
82751;5;12;7;True
82752;2;4;2;True
82753;8;12;4;True
82754;5;9;4;True
82755;2;4;2;True
82756;4;9;5;True
82757;5;12;7;True
82758;7;12;5;True
82759;3;6;3;True
82760;2;4;2;True
82761;2;4;2;True
82762;0;0;0;True
82763;5;16;11;True
82764;6;16;10;True
82765;5;12;7;True
82766;3;4;1;True
82767;2;4;2;True
82768;2;4;2;True
82769;3;4;1;True
82770;5;6;1;True
82771;1;1;0;True
82772;1;1;0;True
82773;3;4;1;True
82774;1;1;0;True
82775;2;2;0;True
82776;2;4;2;True
82777;2;4;2;True
82778;5;9;4;True
82779;3;6;3;True
82780;6;12;6;True
82781;3;4;1;True
82782;4;9;5;True
82783;4;16;12;True
82784;3;4;1;True
82785;7;12;5;True
82786;2;4;2;True
82787;4;6;2;True
82788;7;12;5;True
82789;3;4;1;True
82790;4;12;8;True
82791;2;4;2;True
82792;1;1;0;True
82793;4;6;2;True
82794;5;9;4;True
82795;2;4;2;True
82796;6;12;6;True
82797;9;16;7;True
82798;3;9;6;True
82799;3;6;3;True
82800;1;1;0;True
82801;0;0;0;True
82802;4;8;4;True
82803;6;12;6;True
82804;6;9;3;True
82805;2;2;0;True
82806;6;12;6;True
82807;2;4;2;True
82808;2;2;0;True
82809;2;2;0;True
82810;6;16;10;True
82811;1;1;0;True
82812;6;16;10;True
82813;3;9;6;True
82814;1;1;0;True
82815;7;16;9;True
82816;4;6;2;True
82817;5;12;7;True
82818;0;0;0;True
82819;1;1;0;True
82820;5;9;4;True
82821;9;16;7;True
82822;8;12;4;True
82823;6;8;2;True
82824;2;2;0;True
82825;3;6;3;True
82826;6;12;6;True
82827;3;9;6;True
82828;2;2;0;True
82829;2;4;2;True
82830;1;1;0;True
82831;4;12;8;True
82832;5;9;4;True
82833;7;12;5;True
82834;5;9;4;True
82835;3;6;3;True
82836;3;4;1;True
82837;3;6;3;True
82838;8;16;8;True
82839;8;12;4;True
82840;6;12;6;True
82841;2;4;2;True
82842;9;16;7;True
82843;3;4;1;True
82844;6;12;6;True
82845;5;12;7;True
82846;6;9;3;True
82847;3;6;3;True
82848;5;12;7;True
82849;6;12;6;True
82850;2;4;2;True
82851;2;4;2;True
82852;3;6;3;True
82853;8;16;8;True
82854;2;2;0;True
82855;3;6;3;True
82856;4;6;2;True
82857;4;9;5;True
82858;4;6;2;True
82859;5;9;4;True
82860;4;9;5;True
82861;3;3;0;True
82862;2;4;2;True
82863;4;6;2;True
82864;6;16;10;True
82865;3;9;6;True
82866;5;9;4;True
82867;2;2;0;True
82868;3;3;0;True
82869;4;8;4;True
82870;4;12;8;True
82871;9;12;3;True
82872;0;0;0;True
82873;3;9;6;True
82874;3;6;3;True
82875;7;12;5;True
82876;3;4;1;True
82877;4;9;5;True
82878;2;4;2;True
82879;5;16;11;True
82880;3;6;3;True
82881;2;2;0;True
82882;4;16;12;True
82883;10;16;6;True
82884;6;12;6;True
82885;6;9;3;True
82886;6;9;3;True
82887;1;1;0;True
82888;4;6;2;True
82889;5;16;11;True
82890;4;6;2;True
82891;4;6;2;True
82892;6;12;6;True
82893;5;9;4;True
82894;8;16;8;True
82895;4;6;2;True
82896;1;1;0;True
82897;3;6;3;True
82898;5;8;3;True
82899;3;6;3;True
82900;5;9;4;True
82901;2;4;2;True
82902;4;6;2;True
82903;3;6;3;True
82904;3;6;3;True
82905;6;16;10;True
82906;3;6;3;True
82907;9;16;7;True
82908;8;16;8;True
82909;3;6;3;True
82910;5;9;4;True
82911;0;0;0;True
82912;1;1;0;True
82913;0;0;0;True
82914;1;1;0;True
82915;6;12;6;True
82916;2;2;0;True
82917;1;1;0;True
82918;3;3;0;True
82919;6;9;3;True
82920;5;12;7;True
82921;8;12;4;True
82922;1;1;0;True
82923;8;12;4;True
82924;2;2;0;True
82925;1;1;0;True
82926;6;12;6;True
82927;3;3;0;True
82928;6;12;6;True
82929;0;0;0;True
82930;7;16;9;True
82931;6;12;6;True
82932;4;6;2;True
82933;2;4;2;True
82934;3;6;3;True
82935;6;12;6;True
82936;3;6;3;True
82937;4;6;2;True
82938;3;4;1;True
82939;3;6;3;True
82940;1;1;0;True
82941;1;1;0;True
82942;6;12;6;True
82943;3;4;1;True
82944;6;12;6;True
82945;5;16;11;True
82946;5;9;4;True
82947;8;12;4;True
82948;2;4;2;True
82949;1;1;0;True
82950;3;4;1;True
82951;4;6;2;True
82952;7;12;5;True
82953;2;2;0;True
82954;3;4;1;True
82955;4;8;4;True
82956;2;2;0;True
82957;10;16;6;True
82958;1;1;0;True
82959;7;16;9;True
82960;3;9;6;True
82961;1;1;0;True
82962;4;9;5;True
82963;5;12;7;True
82964;7;16;9;True
82965;5;9;4;True
82966;8;16;8;True
82967;2;4;2;True
82968;2;2;0;True
82969;2;2;0;True
82970;3;4;1;True
82971;0;0;0;True
82972;6;12;6;True
82973;0;0;0;True
82974;7;12;5;True
82975;6;12;6;True
82976;3;4;1;True
82977;0;0;0;True
82978;1;1;0;True
82979;0;0;0;True
82980;3;6;3;True
82981;2;4;2;True
82982;5;9;4;True
82983;2;4;2;True
82984;5;9;4;True
82985;4;9;5;True
82986;1;1;0;True
82987;5;9;4;True
82988;4;6;2;True
82989;2;4;2;True
82990;1;1;0;True
82991;0;0;0;True
82992;3;6;3;True
82993;8;12;4;True
82994;4;6;2;True
82995;6;16;10;True
82996;5;9;4;True
82997;3;4;1;True
82998;0;0;0;True
82999;1;1;0;True
83000;1;1;0;True
83001;3;6;3;True
83002;4;12;8;True
83003;3;6;3;True
83004;3;6;3;True
83005;2;4;2;True
83006;4;6;2;True
83007;4;8;4;True
83008;0;0;0;True
83009;3;4;1;True
83010;4;12;8;True
83011;1;1;0;True
83012;2;4;2;True
83013;3;6;3;True
83014;3;6;3;True
83015;5;12;7;True
83016;4;6;2;True
83017;0;0;0;True
83018;4;6;2;True
83019;0;0;0;True
83020;3;4;1;True
83021;6;16;10;True
83022;1;1;0;True
83023;2;2;0;True
83024;3;6;3;True
83025;5;16;11;True
83026;4;12;8;True
83027;9;16;7;True
83028;1;1;0;True
83029;2;4;2;True
83030;3;4;1;True
83031;2;4;2;True
83032;3;6;3;True
83033;4;9;5;True
83034;8;16;8;True
83035;3;6;3;True
83036;3;6;3;True
83037;1;1;0;True
83038;8;16;8;True
83039;6;12;6;True
83040;3;6;3;True
83041;4;6;2;True
83042;3;3;0;True
83043;4;9;5;True
83044;3;4;1;True
83045;2;4;2;True
83046;1;1;0;True
83047;3;4;1;True
83048;2;4;2;True
83049;8;16;8;True
83050;5;12;7;True
83051;5;12;7;True
83052;2;2;0;True
83053;2;4;2;True
83054;3;9;6;True
83055;4;9;5;True
83056;5;9;4;True
83057;7;12;5;True
83058;8;16;8;True
83059;5;9;4;True
83060;5;9;4;True
83061;0;0;0;True
83062;7;16;9;True
83063;7;12;5;True
83064;0;0;0;True
83065;1;1;0;True
83066;1;1;0;True
83067;7;12;5;True
83068;5;9;4;True
83069;5;8;3;True
83070;1;1;0;True
83071;10;16;6;True
83072;3;6;3;True
83073;4;6;2;True
83074;4;9;5;True
83075;5;16;11;True
83076;8;16;8;True
83077;0;0;0;True
83078;1;1;0;True
83079;3;4;1;True
83080;2;4;2;True
83081;2;4;2;True
83082;7;12;5;True
83083;2;4;2;True
83084;6;12;6;True
83085;1;1;0;True
83086;0;0;0;True
83087;1;1;0;True
83088;4;6;2;True
83089;6;16;10;True
83090;4;9;5;True
83091;4;6;2;True
83092;2;2;0;True
83093;1;1;0;True
83094;3;3;0;True
83095;1;1;0;True
83096;6;16;10;True
83097;2;2;0;True
83098;0;0;0;True
83099;1;1;0;True
83100;1;1;0;True
83101;5;12;7;True
83102;2;4;2;True
83103;5;9;4;True
83104;6;16;10;True
83105;2;4;2;True
83106;4;9;5;True
83107;4;9;5;True
83108;2;2;0;True
83109;0;0;0;True
83110;0;0;0;True
83111;3;9;6;True
83112;11;16;5;True
83113;5;9;4;True
83114;9;16;7;True
83115;0;0;0;True
83116;2;4;2;True
83117;6;9;3;True
83118;2;2;0;True
83119;8;12;4;True
83120;4;8;4;True
83121;2;2;0;True
83122;3;6;3;True
83123;7;16;9;True
83124;1;1;0;True
83125;7;12;5;True
83126;6;8;2;True
83127;4;8;4;True
83128;4;12;8;True
83129;3;6;3;True
83130;2;4;2;True
83131;1;1;0;True
83132;2;2;0;True
83133;4;9;5;True
83134;1;1;0;True
83135;7;12;5;True
83136;2;2;0;True
83137;0;0;0;True
83138;11;16;5;True
83139;0;0;0;True
83140;4;6;2;True
83141;5;9;4;True
83142;2;2;0;True
83143;3;6;3;True
83144;8;12;4;True
83145;4;6;2;True
83146;5;12;7;True
83147;2;4;2;True
83148;3;9;6;True
83149;4;9;5;True
83150;3;6;3;True
83151;6;9;3;True
83152;6;16;10;True
83153;5;9;4;True
83154;5;12;7;True
83155;4;8;4;True
83156;5;6;1;True
83157;6;12;6;True
83158;6;12;6;True
83159;4;8;4;True
83160;7;16;9;True
83161;3;6;3;True
83162;4;6;2;True
83163;3;6;3;True
83164;5;12;7;True
83165;4;9;5;True
83166;8;12;4;True
83167;5;9;4;True
83168;3;6;3;True
83169;8;16;8;True
83170;2;2;0;True
83171;0;0;0;True
83172;5;12;7;True
83173;4;12;8;True
83174;6;12;6;True
83175;2;4;2;True
83176;0;0;0;True
83177;7;12;5;True
83178;5;12;7;True
83179;0;0;0;True
83180;0;0;0;True
83181;3;6;3;True
83182;1;1;0;True
83183;7;16;9;True
83184;4;12;8;True
83185;1;1;0;True
83186;6;12;6;True
83187;4;9;5;True
83188;0;0;0;True
83189;1;1;0;True
83190;4;6;2;True
83191;2;4;2;True
83192;3;6;3;True
83193;4;9;5;True
83194;1;1;0;True
83195;8;12;4;True
83196;1;1;0;True
83197;1;1;0;True
83198;2;2;0;True
83199;5;12;7;True
83200;4;6;2;True
83201;5;12;7;True
83202;2;2;0;True
83203;4;9;5;True
83204;7;16;9;True
83205;1;1;0;True
83206;2;4;2;True
83207;5;9;4;True
83208;4;9;5;True
83209;3;4;1;True
83210;2;2;0;True
83211;2;4;2;True
83212;6;16;10;True
83213;0;0;0;True
83214;0;0;0;True
83215;4;12;8;True
83216;5;9;4;True
83217;1;1;0;True
83218;3;6;3;True
83219;2;2;0;True
83220;2;4;2;True
83221;3;6;3;True
83222;4;9;5;True
83223;1;1;0;True
83224;6;8;2;True
83225;5;9;4;True
83226;7;16;9;True
83227;2;4;2;True
83228;2;4;2;True
83229;2;4;2;True
83230;3;4;1;True
83231;0;0;0;True
83232;1;1;0;True
83233;4;12;8;True
83234;2;2;0;True
83235;0;0;0;True
83236;4;6;2;True
83237;6;12;6;True
83238;5;12;7;True
83239;5;9;4;True
83240;3;6;3;True
83241;1;1;0;True
83242;0;0;0;True
83243;7;16;9;True
83244;2;2;0;True
83245;6;9;3;True
83246;1;1;0;True
83247;2;4;2;True
83248;8;16;8;True
83249;3;6;3;True
83250;4;9;5;True
83251;4;4;0;True
83252;5;12;7;True
83253;5;12;7;True
83254;1;1;0;True
83255;2;2;0;True
83256;3;6;3;True
83257;2;4;2;True
83258;2;2;0;True
83259;1;1;0;True
83260;8;16;8;True
83261;3;6;3;True
83262;2;2;0;True
83263;5;16;11;True
83264;2;4;2;True
83265;4;12;8;True
83266;2;4;2;True
83267;3;6;3;True
83268;3;4;1;True
83269;2;4;2;True
83270;4;8;4;True
83271;2;4;2;True
83272;8;16;8;True
83273;3;6;3;True
83274;4;6;2;True
83275;8;12;4;True
83276;4;6;2;True
83277;4;6;2;True
83278;0;0;0;True
83279;3;4;1;True
83280;5;12;7;True
83281;3;6;3;True
83282;7;16;9;True
83283;4;16;12;True
83284;5;12;7;True
83285;7;16;9;True
83286;7;16;9;True
83287;4;12;8;True
83288;4;6;2;True
83289;3;4;1;True
83290;4;6;2;True
83291;5;12;7;True
83292;2;2;0;True
83293;4;6;2;True
83294;1;1;0;True
83295;0;0;0;True
83296;4;8;4;True
83297;5;12;7;True
83298;5;12;7;True
83299;4;6;2;True
83300;5;16;11;True
83301;6;16;10;True
83302;0;0;0;True
83303;1;1;0;True
83304;0;0;0;True
83305;6;12;6;True
83306;5;16;11;True
83307;2;2;0;True
83308;2;4;2;True
83309;3;6;3;True
83310;1;1;0;True
83311;3;6;3;True
83312;1;1;0;True
83313;3;6;3;True
83314;5;12;7;True
83315;0;0;0;True
83316;4;9;5;True
83317;1;1;0;True
83318;0;0;0;True
83319;7;12;5;True
83320;0;0;0;True
83321;2;2;0;True
83322;3;4;1;True
83323;2;4;2;True
83324;7;12;5;True
83325;1;1;0;True
83326;3;6;3;True
83327;3;6;3;True
83328;3;6;3;True
83329;0;0;0;True
83330;3;6;3;True
83331;5;16;11;True
83332;0;0;0;True
83333;5;12;7;True
83334;4;6;2;True
83335;4;9;5;True
83336;5;12;7;True
83337;0;0;0;True
83338;3;6;3;True
83339;5;8;3;True
83340;7;12;5;True
83341;4;9;5;True
83342;5;12;7;True
83343;3;6;3;True
83344;7;16;9;True
83345;1;1;0;True
83346;1;1;0;True
83347;4;6;2;True
83348;3;4;1;True
83349;4;9;5;True
83350;0;0;0;True
83351;3;9;6;True
83352;1;1;0;True
83353;6;12;6;True
83354;3;6;3;True
83355;3;6;3;True
83356;3;9;6;True
83357;0;0;0;True
83358;2;2;0;True
83359;6;8;2;True
83360;9;12;3;True
83361;8;12;4;True
83362;8;16;8;True
83363;4;12;8;True
83364;7;16;9;True
83365;4;9;5;True
83366;0;0;0;True
83367;2;4;2;True
83368;1;1;0;True
83369;7;16;9;True
83370;2;2;0;True
83371;6;12;6;True
83372;3;6;3;True
83373;4;8;4;True
83374;4;6;2;True
83375;3;6;3;True
83376;5;12;7;True
83377;8;12;4;True
83378;1;1;0;True
83379;0;0;0;True
83380;5;12;7;True
83381;6;9;3;True
83382;2;4;2;True
83383;5;9;4;True
83384;8;16;8;True
83385;5;9;4;True
83386;4;9;5;True
83387;2;2;0;True
83388;3;9;6;True
83389;3;6;3;True
83390;1;1;0;True
83391;3;4;1;True
83392;7;16;9;True
83393;5;12;7;True
83394;6;16;10;True
83395;1;1;0;True
83396;0;0;0;True
83397;0;0;0;True
83398;5;12;7;True
83399;5;9;4;True
83400;5;12;7;True
83401;10;16;6;True
83402;10;16;6;True
83403;2;4;2;True
83404;3;6;3;True
83405;2;4;2;True
83406;7;12;5;True
83407;7;16;9;True
83408;4;12;8;True
83409;3;4;1;True
83410;5;9;4;True
83411;10;16;6;True
83412;3;4;1;True
83413;7;16;9;True
83414;8;12;4;True
83415;3;6;3;True
83416;4;9;5;True
83417;1;1;0;True
83418;2;4;2;True
83419;5;12;7;True
83420;8;16;8;True
83421;7;16;9;True
83422;2;4;2;True
83423;3;6;3;True
83424;3;6;3;True
83425;5;9;4;True
83426;4;9;5;True
83427;3;4;1;True
83428;6;16;10;True
83429;4;9;5;True
83430;6;12;6;True
83431;4;6;2;True
83432;8;16;8;True
83433;6;12;6;True
83434;0;0;0;True
83435;9;16;7;True
83436;4;9;5;True
83437;2;4;2;True
83438;2;2;0;True
83439;0;0;0;True
83440;7;12;5;True
83441;3;4;1;True
83442;4;9;5;True
83443;5;12;7;True
83444;2;2;0;True
83445;1;1;0;True
83446;5;8;3;True
83447;5;12;7;True
83448;4;9;5;True
83449;7;16;9;True
83450;4;6;2;True
83451;0;0;0;True
83452;0;0;0;True
83453;1;1;0;True
83454;4;9;5;True
83455;3;6;3;True
83456;4;9;5;True
83457;5;8;3;True
83458;3;6;3;True
83459;1;1;0;True
83460;5;9;4;True
83461;5;12;7;True
83462;4;9;5;True
83463;7;12;5;True
83464;1;1;0;True
83465;2;4;2;True
83466;4;4;0;True
83467;6;12;6;True
83468;11;16;5;True
83469;6;12;6;True
83470;4;6;2;True
83471;5;12;7;True
83472;4;6;2;True
83473;2;4;2;True
83474;5;12;7;True
83475;3;6;3;True
83476;0;0;0;True
83477;4;6;2;True
83478;5;9;4;True
83479;0;0;0;True
83480;8;16;8;True
83481;5;9;4;True
83482;5;9;4;True
83483;4;9;5;True
83484;1;1;0;True
83485;4;6;2;True
83486;8;16;8;True
83487;2;4;2;True
83488;0;0;0;True
83489;0;0;0;True
83490;3;6;3;True
83491;3;6;3;True
83492;2;2;0;True
83493;7;12;5;True
83494;3;9;6;True
83495;3;6;3;True
83496;3;9;6;True
83497;8;16;8;True
83498;8;12;4;True
83499;3;6;3;True
83500;3;4;1;True
83501;6;9;3;True
83502;4;9;5;True
83503;1;1;0;True
83504;9;16;7;True
83505;1;1;0;True
83506;3;9;6;True
83507;5;8;3;True
83508;6;9;3;True
83509;5;9;4;True
83510;4;6;2;True
83511;1;1;0;True
83512;1;1;0;True
83513;2;2;0;True
83514;2;4;2;True
83515;5;9;4;True
83516;4;9;5;True
83517;3;4;1;True
83518;5;9;4;True
83519;2;4;2;True
83520;2;2;0;True
83521;4;12;8;True
83522;8;9;1;True
83523;1;1;0;True
83524;2;4;2;True
83525;3;6;3;True
83526;3;9;6;True
83527;3;6;3;True
83528;6;12;6;True
83529;1;1;0;True
83530;3;3;0;True
83531;3;9;6;True
83532;6;12;6;True
83533;6;9;3;True
83534;3;4;1;True
83535;5;12;7;True
83536;2;2;0;True
83537;4;9;5;True
83538;2;2;0;True
83539;5;8;3;True
83540;10;16;6;True
83541;3;6;3;True
83542;2;4;2;True
83543;3;6;3;True
83544;5;9;4;True
83545;3;6;3;True
83546;5;16;11;True
83547;2;2;0;True
83548;3;9;6;True
83549;3;6;3;True
83550;2;4;2;True
83551;4;9;5;True
83552;6;9;3;True
83553;2;2;0;True
83554;6;12;6;True
83555;3;6;3;True
83556;3;6;3;True
83557;8;16;8;True
83558;4;12;8;True
83559;5;12;7;True
83560;6;16;10;True
83561;6;12;6;True
83562;0;0;0;True
83563;6;12;6;True
83564;2;4;2;True
83565;6;9;3;True
83566;8;16;8;True
83567;3;4;1;True
83568;4;9;5;True
83569;3;9;6;True
83570;3;9;6;True
83571;6;9;3;True
83572;1;1;0;True
83573;2;4;2;True
83574;3;6;3;True
83575;7;12;5;True
83576;0;0;0;True
83577;7;16;9;True
83578;4;6;2;True
83579;2;4;2;True
83580;6;12;6;True
83581;7;12;5;True
83582;6;12;6;True
83583;4;6;2;True
83584;9;16;7;True
83585;7;16;9;True
83586;2;4;2;True
83587;5;9;4;True
83588;7;12;5;True
83589;3;6;3;True
83590;7;12;5;True
83591;6;12;6;True
83592;1;1;0;True
83593;3;4;1;True
83594;3;6;3;True
83595;5;6;1;True
83596;5;12;7;True
83597;7;16;9;True
83598;2;4;2;True
83599;3;6;3;True
83600;5;16;11;True
83601;4;9;5;True
83602;8;16;8;True
83603;1;1;0;True
83604;1;1;0;True
83605;4;6;2;True
83606;2;4;2;True
83607;2;4;2;True
83608;0;0;0;True
83609;3;9;6;True
83610;1;1;0;True
83611;3;6;3;True
83612;7;16;9;True
83613;3;6;3;True
83614;7;12;5;True
83615;2;4;2;True
83616;2;4;2;True
83617;3;4;1;True
83618;6;12;6;True
83619;1;1;0;True
83620;3;6;3;True
83621;5;9;4;True
83622;2;2;0;True
83623;4;6;2;True
83624;4;6;2;True
83625;2;4;2;True
83626;1;1;0;True
83627;3;4;1;True
83628;5;8;3;True
83629;4;12;8;True
83630;5;9;4;True
83631;8;12;4;True
83632;4;12;8;True
83633;7;12;5;True
83634;5;8;3;True
83635;4;6;2;True
83636;4;9;5;True
83637;5;12;7;True
83638;2;4;2;True
83639;1;1;0;True
83640;4;12;8;True
83641;4;12;8;True
83642;1;1;0;True
83643;2;4;2;True
83644;1;1;0;True
83645;0;0;0;True
83646;2;4;2;True
83647;5;12;7;True
83648;1;1;0;True
83649;3;9;6;True
83650;5;12;7;True
83651;1;1;0;True
83652;4;9;5;True
83653;9;16;7;True
83654;0;0;0;True
83655;5;12;7;True
83656;4;9;5;True
83657;3;9;6;True
83658;5;9;4;True
83659;4;6;2;True
83660;8;12;4;True
83661;3;9;6;True
83662;5;12;7;True
83663;4;9;5;True
83664;3;6;3;True
83665;3;9;6;True
83666;4;9;5;True
83667;5;8;3;True
83668;5;12;7;True
83669;3;6;3;True
83670;3;9;6;True
83671;2;4;2;True
83672;0;0;0;True
83673;2;2;0;True
83674;5;9;4;True
83675;2;2;0;True
83676;10;16;6;True
83677;5;16;11;True
83678;0;0;0;True
83679;3;4;1;True
83680;3;6;3;True
83681;3;6;3;True
83682;6;12;6;True
83683;3;6;3;True
83684;2;2;0;True
83685;4;6;2;True
83686;3;6;3;True
83687;2;4;2;True
83688;2;4;2;True
83689;6;12;6;True
83690;4;8;4;True
83691;6;16;10;True
83692;3;9;6;True
83693;7;12;5;True
83694;4;6;2;True
83695;1;1;0;True
83696;4;6;2;True
83697;3;6;3;True
83698;6;16;10;True
83699;3;9;6;True
83700;5;12;7;True
83701;1;1;0;True
83702;7;9;2;True
83703;0;0;0;True
83704;2;4;2;True
83705;4;6;2;True
83706;8;16;8;True
83707;5;12;7;True
83708;5;12;7;True
83709;1;1;0;True
83710;3;4;1;True
83711;5;12;7;True
83712;7;16;9;True
83713;5;12;7;True
83714;4;9;5;True
83715;4;6;2;True
83716;4;12;8;True
83717;3;6;3;True
83718;3;4;1;True
83719;4;9;5;True
83720;2;2;0;True
83721;2;2;0;True
83722;0;0;0;True
83723;5;12;7;True
83724;1;1;0;True
83725;4;9;5;True
83726;3;9;6;True
83727;2;2;0;True
83728;0;0;0;True
83729;1;1;0;True
83730;4;9;5;True
83731;0;0;0;True
83732;4;6;2;True
83733;3;6;3;True
83734;7;12;5;True
83735;1;1;0;True
83736;3;4;1;True
83737;6;16;10;True
83738;1;1;0;True
83739;6;16;10;True
83740;2;4;2;True
83741;3;4;1;True
83742;2;2;0;True
83743;2;2;0;True
83744;6;12;6;True
83745;2;4;2;True
83746;5;9;4;True
83747;3;6;3;True
83748;6;12;6;True
83749;3;4;1;True
83750;3;4;1;True
83751;4;6;2;True
83752;4;6;2;True
83753;2;2;0;True
83754;5;9;4;True
83755;6;12;6;True
83756;1;1;0;True
83757;2;2;0;True
83758;5;8;3;True
83759;5;12;7;True
83760;0;0;0;True
83761;3;4;1;True
83762;9;12;3;True
83763;3;4;1;True
83764;0;0;0;True
83765;6;8;2;True
83766;5;9;4;True
83767;1;1;0;True
83768;3;9;6;True
83769;1;1;0;True
83770;0;0;0;True
83771;4;8;4;True
83772;1;1;0;True
83773;6;16;10;True
83774;1;1;0;True
83775;6;12;6;True
83776;0;0;0;True
83777;2;2;0;True
83778;3;6;3;True
83779;5;9;4;True
83780;4;6;2;True
83781;4;8;4;True
83782;2;4;2;True
83783;4;6;2;True
83784;5;12;7;True
83785;1;1;0;True
83786;9;16;7;True
83787;3;6;3;True
83788;4;9;5;True
83789;4;12;8;True
83790;5;9;4;True
83791;10;12;2;True
83792;4;6;2;True
83793;6;16;10;True
83794;1;1;0;True
83795;2;4;2;True
83796;8;16;8;True
83797;7;16;9;True
83798;5;12;7;True
83799;1;1;0;True
83800;2;4;2;True
83801;4;6;2;True
83802;5;9;4;True
83803;5;12;7;True
83804;1;1;0;True
83805;1;1;0;True
83806;4;6;2;True
83807;7;16;9;True
83808;3;9;6;True
83809;6;12;6;True
83810;3;6;3;True
83811;4;9;5;True
83812;4;9;5;True
83813;6;12;6;True
83814;2;4;2;True
83815;1;1;0;True
83816;2;4;2;True
83817;8;16;8;True
83818;7;12;5;True
83819;1;1;0;True
83820;3;6;3;True
83821;4;9;5;True
83822;3;6;3;True
83823;9;16;7;True
83824;7;16;9;True
83825;5;9;4;True
83826;5;8;3;True
83827;2;4;2;True
83828;5;6;1;True
83829;2;4;2;True
83830;8;16;8;True
83831;3;6;3;True
83832;0;0;0;True
83833;1;1;0;True
83834;6;9;3;True
83835;1;1;0;True
83836;2;4;2;True
83837;5;12;7;True
83838;8;16;8;True
83839;3;4;1;True
83840;2;4;2;True
83841;4;9;5;True
83842;1;1;0;True
83843;8;12;4;True
83844;7;16;9;True
83845;0;0;0;True
83846;3;4;1;True
83847;6;16;10;True
83848;7;12;5;True
83849;5;16;11;True
83850;1;1;0;True
83851;5;9;4;True
83852;2;4;2;True
83853;3;6;3;True
83854;3;6;3;True
83855;3;6;3;True
83856;1;1;0;True
83857;4;6;2;True
83858;1;1;0;True
83859;9;16;7;True
83860;5;12;7;True
83861;3;6;3;True
83862;4;6;2;True
83863;4;12;8;True
83864;4;8;4;True
83865;3;9;6;True
83866;6;12;6;True
83867;6;12;6;True
83868;2;4;2;True
83869;7;12;5;True
83870;6;12;6;True
83871;5;16;11;True
83872;6;16;10;True
83873;5;12;7;True
83874;3;6;3;True
83875;7;12;5;True
83876;0;0;0;True
83877;5;9;4;True
83878;1;1;0;True
83879;1;1;0;True
83880;6;8;2;True
83881;1;1;0;True
83882;2;4;2;True
83883;1;1;0;True
83884;6;16;10;True
83885;5;12;7;True
83886;5;9;4;True
83887;6;12;6;True
83888;0;0;0;True
83889;1;1;0;True
83890;2;4;2;True
83891;4;9;5;True
83892;5;12;7;True
83893;3;9;6;True
83894;7;16;9;True
83895;7;12;5;True
83896;3;4;1;True
83897;3;9;6;True
83898;2;2;0;True
83899;4;9;5;True
83900;3;6;3;True
83901;5;9;4;True
83902;6;12;6;True
83903;2;4;2;True
83904;8;16;8;True
83905;3;6;3;True
83906;1;1;0;True
83907;3;9;6;True
83908;2;2;0;True
83909;4;6;2;True
83910;2;4;2;True
83911;10;16;6;True
83912;3;6;3;True
83913;3;6;3;True
83914;3;6;3;True
83915;7;16;9;True
83916;0;0;0;True
83917;1;1;0;True
83918;7;12;5;True
83919;4;6;2;True
83920;2;4;2;True
83921;8;12;4;True
83922;6;12;6;True
83923;4;6;2;True
83924;5;12;7;True
83925;2;4;2;True
83926;5;12;7;True
83927;5;9;4;True
83928;2;4;2;True
83929;8;16;8;True
83930;8;16;8;True
83931;1;1;0;True
83932;5;9;4;True
83933;4;9;5;True
83934;1;1;0;True
83935;4;9;5;True
83936;3;9;6;True
83937;1;1;0;True
83938;3;9;6;True
83939;6;16;10;True
83940;8;16;8;True
83941;4;6;2;True
83942;8;16;8;True
83943;6;16;10;True
83944;2;4;2;True
83945;7;16;9;True
83946;3;6;3;True
83947;3;6;3;True
83948;2;4;2;True
83949;4;9;5;True
83950;2;2;0;True
83951;6;12;6;True
83952;3;6;3;True
83953;6;12;6;True
83954;7;12;5;True
83955;2;4;2;True
83956;7;16;9;True
83957;1;1;0;True
83958;6;16;10;True
83959;0;0;0;True
83960;5;12;7;True
83961;5;12;7;True
83962;2;4;2;True
83963;0;0;0;True
83964;0;0;0;True
83965;5;9;4;True
83966;4;8;4;True
83967;3;6;3;True
83968;2;4;2;True
83969;6;12;6;True
83970;6;12;6;True
83971;4;9;5;True
83972;2;2;0;True
83973;2;4;2;True
83974;2;4;2;True
83975;1;1;0;True
83976;4;6;2;True
83977;1;1;0;True
83978;5;12;7;True
83979;8;16;8;True
83980;0;0;0;True
83981;6;12;6;True
83982;2;2;0;True
83983;2;4;2;True
83984;3;6;3;True
83985;6;8;2;True
83986;4;9;5;True
83987;4;12;8;True
83988;2;4;2;True
83989;2;2;0;True
83990;11;16;5;True
83991;4;9;5;True
83992;0;0;0;True
83993;7;12;5;True
83994;6;12;6;True
83995;3;4;1;True
83996;3;9;6;True
83997;5;12;7;True
83998;5;9;4;True
83999;5;12;7;True
84000;6;9;3;True
84001;4;12;8;True
84002;1;1;0;True
84003;3;6;3;True
84004;4;6;2;True
84005;5;9;4;True
84006;3;6;3;True
84007;2;4;2;True
84008;6;12;6;True
84009;1;1;0;True
84010;0;0;0;True
84011;5;9;4;True
84012;2;4;2;True
84013;5;9;4;True
84014;4;9;5;True
84015;2;4;2;True
84016;2;4;2;True
84017;2;2;0;True
84018;2;4;2;True
84019;6;12;6;True
84020;4;6;2;True
84021;8;16;8;True
84022;2;2;0;True
84023;4;9;5;True
84024;3;6;3;True
84025;8;12;4;True
84026;6;12;6;True
84027;1;1;0;True
84028;3;4;1;True
84029;4;9;5;True
84030;3;9;6;True
84031;1;1;0;True
84032;0;0;0;True
84033;3;9;6;True
84034;1;1;0;True
84035;6;12;6;True
84036;6;16;10;True
84037;0;0;0;True
84038;3;6;3;True
84039;6;12;6;True
84040;1;1;0;True
84041;4;6;2;True
84042;6;9;3;True
84043;4;6;2;True
84044;6;12;6;True
84045;4;9;5;True
84046;3;9;6;True
84047;9;16;7;True
84048;4;6;2;True
84049;1;1;0;True
84050;0;0;0;True
84051;1;1;0;True
84052;1;1;0;True
84053;3;9;6;True
84054;2;4;2;True
84055;3;4;1;True
84056;2;2;0;True
84057;1;1;0;True
84058;5;12;7;True
84059;6;16;10;True
84060;2;4;2;True
84061;6;9;3;True
84062;6;12;6;True
84063;1;1;0;True
84064;0;0;0;True
84065;5;12;7;True
84066;3;9;6;True
84067;7;12;5;True
84068;5;12;7;True
84069;5;9;4;True
84070;4;8;4;True
84071;4;12;8;True
84072;4;9;5;True
84073;6;16;10;True
84074;0;0;0;True
84075;5;8;3;True
84076;7;12;5;True
84077;4;6;2;True
84078;2;2;0;True
84079;3;3;0;True
84080;2;4;2;True
84081;4;12;8;True
84082;0;0;0;True
84083;5;12;7;True
84084;4;9;5;True
84085;3;4;1;True
84086;0;0;0;True
84087;7;16;9;True
84088;3;9;6;True
84089;8;16;8;True
84090;1;1;0;True
84091;3;6;3;True
84092;0;0;0;True
84093;2;4;2;True
84094;6;12;6;True
84095;2;4;2;True
84096;2;2;0;True
84097;7;12;5;True
84098;3;9;6;True
84099;3;4;1;True
84100;4;9;5;True
84101;3;6;3;True
84102;3;6;3;True
84103;3;3;0;True
84104;1;1;0;True
84105;3;6;3;True
84106;2;4;2;True
84107;4;6;2;True
84108;6;12;6;True
84109;4;6;2;True
84110;4;12;8;True
84111;1;1;0;True
84112;2;4;2;True
84113;2;4;2;True
84114;1;1;0;True
84115;2;4;2;True
84116;3;4;1;True
84117;5;9;4;True
84118;3;9;6;True
84119;3;4;1;True
84120;3;4;1;True
84121;3;4;1;True
84122;2;2;0;True
84123;6;12;6;True
84124;2;4;2;True
84125;3;9;6;True
84126;10;16;6;True
84127;1;1;0;True
84128;2;2;0;True
84129;1;1;0;True
84130;1;1;0;True
84131;3;6;3;True
84132;5;12;7;True
84133;3;6;3;True
84134;0;0;0;True
84135;1;1;0;True
84136;3;6;3;True
84137;7;12;5;True
84138;4;9;5;True
84139;6;12;6;True
84140;3;6;3;True
84141;1;1;0;True
84142;0;0;0;True
84143;4;12;8;True
84144;7;16;9;True
84145;3;4;1;True
84146;3;9;6;True
84147;3;3;0;True
84148;7;16;9;True
84149;1;1;0;True
84150;0;0;0;True
84151;6;12;6;True
84152;3;6;3;True
84153;6;16;10;True
84154;1;1;0;True
84155;6;12;6;True
84156;3;6;3;True
84157;5;9;4;True
84158;4;9;5;True
84159;5;12;7;True
84160;2;2;0;True
84161;2;4;2;True
84162;1;1;0;True
84163;5;12;7;True
84164;3;6;3;True
84165;1;1;0;True
84166;4;6;2;True
84167;6;9;3;True
84168;6;12;6;True
84169;2;2;0;True
84170;1;1;0;True
84171;1;1;0;True
84172;6;12;6;True
84173;4;12;8;True
84174;2;2;0;True
84175;0;0;0;True
84176;3;4;1;True
84177;5;9;4;True
84178;8;16;8;True
84179;3;6;3;True
84180;3;9;6;True
84181;5;8;3;True
84182;9;16;7;True
84183;2;2;0;True
84184;9;16;7;True
84185;7;12;5;True
84186;3;4;1;True
84187;7;12;5;True
84188;5;12;7;True
84189;4;8;4;True
84190;0;0;0;True
84191;3;9;6;True
84192;3;6;3;True
84193;7;12;5;True
84194;4;12;8;True
84195;4;9;5;True
84196;4;6;2;True
84197;1;1;0;True
84198;2;4;2;True
84199;0;0;0;True
84200;4;12;8;True
84201;5;9;4;True
84202;5;12;7;True
84203;2;2;0;True
84204;3;4;1;True
84205;0;0;0;True
84206;5;9;4;True
84207;2;2;0;True
84208;3;6;3;True
84209;0;0;0;True
84210;4;6;2;True
84211;5;12;7;True
84212;3;9;6;True
84213;9;16;7;True
84214;0;0;0;True
84215;1;1;0;True
84216;5;9;4;True
84217;5;12;7;True
84218;2;4;2;True
84219;5;12;7;True
84220;2;2;0;True
84221;2;2;0;True
84222;2;4;2;True
84223;4;6;2;True
84224;1;1;0;True
84225;3;6;3;True
84226;3;6;3;True
84227;5;8;3;True
84228;2;4;2;True
84229;3;6;3;True
84230;7;12;5;True
84231;6;12;6;True
84232;2;2;0;True
84233;8;16;8;True
84234;6;12;6;True
84235;1;1;0;True
84236;7;16;9;True
84237;7;12;5;True
84238;3;4;1;True
84239;1;1;0;True
84240;3;3;0;True
84241;5;8;3;True
84242;4;6;2;True
84243;3;6;3;True
84244;0;0;0;True
84245;4;9;5;True
84246;2;4;2;True
84247;5;9;4;True
84248;4;6;2;True
84249;3;6;3;True
84250;2;4;2;True
84251;3;6;3;True
84252;5;12;7;True
84253;5;12;7;True
84254;4;6;2;True
84255;3;9;6;True
84256;2;4;2;True
84257;2;4;2;True
84258;6;12;6;True
84259;0;0;0;True
84260;6;12;6;True
84261;4;12;8;True
84262;1;1;0;True
84263;3;6;3;True
84264;8;12;4;True
84265;5;9;4;True
84266;2;4;2;True
84267;6;12;6;True
84268;1;1;0;True
84269;4;8;4;True
84270;3;4;1;True
84271;1;1;0;True
84272;0;0;0;True
84273;6;12;6;True
84274;4;12;8;True
84275;3;6;3;True
84276;6;16;10;True
84277;2;4;2;True
84278;0;0;0;True
84279;8;16;8;True
84280;6;12;6;True
84281;5;12;7;True
84282;5;9;4;True
84283;7;16;9;True
84284;7;12;5;True
84285;2;2;0;True
84286;3;9;6;True
84287;6;12;6;True
84288;3;4;1;True
84289;0;0;0;True
84290;7;16;9;True
84291;7;16;9;True
84292;6;12;6;True
84293;0;0;0;True
84294;6;16;10;True
84295;6;16;10;True
84296;5;12;7;True
84297;4;9;5;True
84298;7;16;9;True
84299;8;12;4;True
84300;5;12;7;True
84301;4;6;2;True
84302;6;12;6;True
84303;2;2;0;True
84304;5;12;7;True
84305;2;4;2;True
84306;3;4;1;True
84307;2;2;0;True
84308;10;16;6;True
84309;5;12;7;True
84310;3;6;3;True
84311;2;2;0;True
84312;9;12;3;True
84313;3;9;6;True
84314;4;9;5;True
84315;2;4;2;True
84316;3;6;3;True
84317;4;8;4;True
84318;5;9;4;True
84319;2;2;0;True
84320;2;2;0;True
84321;4;9;5;True
84322;4;9;5;True
84323;2;4;2;True
84324;4;6;2;True
84325;2;4;2;True
84326;2;4;2;True
84327;1;1;0;True
84328;9;16;7;True
84329;4;9;5;True
84330;7;16;9;True
84331;8;12;4;True
84332;5;6;1;True
84333;4;6;2;True
84334;2;2;0;True
84335;6;12;6;True
84336;5;6;1;True
84337;0;0;0;True
84338;3;6;3;True
84339;5;16;11;True
84340;4;9;5;True
84341;2;4;2;True
84342;4;12;8;True
84343;3;3;0;True
84344;3;6;3;True
84345;8;12;4;True
84346;2;2;0;True
84347;4;8;4;True
84348;2;4;2;True
84349;5;12;7;True
84350;6;12;6;True
84351;3;4;1;True
84352;7;12;5;True
84353;0;0;0;True
84354;4;9;5;True
84355;7;16;9;True
84356;2;2;0;True
84357;2;4;2;True
84358;4;6;2;True
84359;4;12;8;True
84360;2;4;2;True
84361;7;16;9;True
84362;3;6;3;True
84363;2;2;0;True
84364;6;9;3;True
84365;3;6;3;True
84366;0;0;0;True
84367;4;6;2;True
84368;5;12;7;True
84369;1;1;0;True
84370;0;0;0;True
84371;5;16;11;True
84372;5;8;3;True
84373;2;4;2;True
84374;5;9;4;True
84375;3;6;3;True
84376;4;8;4;True
84377;4;9;5;True
84378;10;16;6;True
84379;4;16;12;True
84380;5;16;11;True
84381;2;4;2;True
84382;2;4;2;True
84383;5;12;7;True
84384;1;1;0;True
84385;4;9;5;True
84386;3;9;6;True
84387;1;1;0;True
84388;0;0;0;True
84389;2;4;2;True
84390;1;1;0;True
84391;2;4;2;True
84392;6;12;6;True
84393;5;12;7;True
84394;8;16;8;True
84395;1;1;0;True
84396;7;16;9;True
84397;6;12;6;True
84398;9;12;3;True
84399;5;9;4;True
84400;6;9;3;True
84401;1;1;0;True
84402;1;1;0;True
84403;5;12;7;True
84404;3;3;0;True
84405;1;1;0;True
84406;1;1;0;True
84407;9;16;7;True
84408;4;6;2;True
84409;1;1;0;True
84410;7;12;5;True
84411;1;1;0;True
84412;6;9;3;True
84413;5;8;3;True
84414;3;4;1;True
84415;2;4;2;True
84416;1;1;0;True
84417;7;12;5;True
84418;1;1;0;True
84419;4;12;8;True
84420;4;12;8;True
84421;3;6;3;True
84422;1;1;0;True
84423;4;12;8;True
84424;5;6;1;True
84425;8;12;4;True
84426;1;1;0;True
84427;4;6;2;True
84428;6;9;3;True
84429;5;6;1;True
84430;2;4;2;True
84431;0;0;0;True
84432;5;12;7;True
84433;5;12;7;True
84434;4;6;2;True
84435;5;16;11;True
84436;5;8;3;True
84437;4;6;2;True
84438;5;12;7;True
84439;2;4;2;True
84440;2;2;0;True
84441;1;1;0;True
84442;5;16;11;True
84443;3;9;6;True
84444;9;16;7;True
84445;7;16;9;True
84446;2;4;2;True
84447;1;1;0;True
84448;5;12;7;True
84449;3;6;3;True
84450;5;9;4;True
84451;7;16;9;True
84452;5;9;4;True
84453;2;4;2;True
84454;0;0;0;True
84455;4;6;2;True
84456;5;12;7;True
84457;1;1;0;True
84458;2;4;2;True
84459;2;2;0;True
84460;4;9;5;True
84461;2;4;2;True
84462;3;4;1;True
84463;6;16;10;True
84464;5;16;11;True
84465;1;1;0;True
84466;3;6;3;True
84467;7;9;2;True
84468;7;12;5;True
84469;4;9;5;True
84470;8;12;4;True
84471;7;16;9;True
84472;3;4;1;True
84473;4;9;5;True
84474;4;12;8;True
84475;10;16;6;True
84476;3;6;3;True
84477;0;0;0;True
84478;0;0;0;True
84479;6;12;6;True
84480;4;6;2;True
84481;2;2;0;True
84482;1;1;0;True
84483;5;12;7;True
84484;2;2;0;True
84485;1;1;0;True
84486;7;16;9;True
84487;4;6;2;True
84488;0;0;0;True
84489;2;2;0;True
84490;5;9;4;True
84491;7;12;5;True
84492;1;1;0;True
84493;4;9;5;True
84494;4;9;5;True
84495;5;12;7;True
84496;6;12;6;True
84497;3;6;3;True
84498;2;4;2;True
84499;4;9;5;True
84500;3;6;3;True
84501;6;12;6;True
84502;3;6;3;True
84503;4;9;5;True
84504;2;4;2;True
84505;4;12;8;True
84506;4;9;5;True
84507;0;0;0;True
84508;3;9;6;True
84509;3;6;3;True
84510;3;4;1;True
84511;1;1;0;True
84512;2;4;2;True
84513;5;8;3;True
84514;4;9;5;True
84515;6;12;6;True
84516;2;2;0;True
84517;0;0;0;True
84518;5;6;1;True
84519;5;8;3;True
84520;1;1;0;True
84521;4;12;8;True
84522;2;2;0;True
84523;3;6;3;True
84524;7;16;9;True
84525;2;4;2;True
84526;0;0;0;True
84527;4;6;2;True
84528;1;1;0;True
84529;4;9;5;True
84530;0;0;0;True
84531;3;4;1;True
84532;6;12;6;True
84533;7;12;5;True
84534;2;4;2;True
84535;7;12;5;True
84536;5;9;4;True
84537;3;9;6;True
84538;3;6;3;True
84539;1;1;0;True
84540;1;1;0;True
84541;2;2;0;True
84542;5;9;4;True
84543;1;1;0;True
84544;3;6;3;True
84545;6;16;10;True
84546;4;12;8;True
84547;1;1;0;True
84548;7;12;5;True
84549;4;6;2;True
84550;3;4;1;True
84551;9;16;7;True
84552;7;12;5;True
84553;5;12;7;True
84554;3;6;3;True
84555;2;4;2;True
84556;5;9;4;True
84557;1;1;0;True
84558;10;16;6;True
84559;3;6;3;True
84560;3;9;6;True
84561;4;9;5;True
84562;3;6;3;True
84563;1;1;0;True
84564;0;0;0;True
84565;2;4;2;True
84566;2;2;0;True
84567;4;12;8;True
84568;8;12;4;True
84569;4;6;2;True
84570;6;16;10;True
84571;6;16;10;True
84572;2;4;2;True
84573;9;12;3;True
84574;2;4;2;True
84575;4;8;4;True
84576;8;12;4;True
84577;6;9;3;True
84578;4;9;5;True
84579;2;4;2;True
84580;4;9;5;True
84581;4;8;4;True
84582;5;8;3;True
84583;3;9;6;True
84584;3;9;6;True
84585;4;9;5;True
84586;1;1;0;True
84587;3;9;6;True
84588;2;4;2;True
84589;1;1;0;True
84590;2;4;2;True
84591;4;9;5;True
84592;2;4;2;True
84593;1;1;0;True
84594;1;1;0;True
84595;3;3;0;True
84596;3;6;3;True
84597;5;12;7;True
84598;2;2;0;True
84599;7;12;5;True
84600;6;12;6;True
84601;7;12;5;True
84602;4;9;5;True
84603;7;12;5;True
84604;1;1;0;True
84605;2;4;2;True
84606;4;6;2;True
84607;3;6;3;True
84608;2;4;2;True
84609;6;9;3;True
84610;7;12;5;True
84611;6;12;6;True
84612;1;1;0;True
84613;6;16;10;True
84614;4;12;8;True
84615;5;12;7;True
84616;3;4;1;True
84617;4;6;2;True
84618;1;1;0;True
84619;5;9;4;True
84620;1;1;0;True
84621;0;0;0;True
84622;3;4;1;True
84623;7;12;5;True
84624;3;6;3;True
84625;2;2;0;True
84626;3;6;3;True
84627;2;4;2;True
84628;5;8;3;True
84629;2;2;0;True
84630;1;1;0;True
84631;2;2;0;True
84632;2;4;2;True
84633;4;9;5;True
84634;5;12;7;True
84635;3;6;3;True
84636;5;9;4;True
84637;4;8;4;True
84638;2;4;2;True
84639;8;12;4;True
84640;2;4;2;True
84641;3;6;3;True
84642;6;9;3;True
84643;2;4;2;True
84644;8;16;8;True
84645;4;9;5;True
84646;6;12;6;True
84647;4;4;0;True
84648;3;4;1;True
84649;3;6;3;True
84650;4;12;8;True
84651;4;6;2;True
84652;7;16;9;True
84653;3;6;3;True
84654;6;16;10;True
84655;3;4;1;True
84656;6;16;10;True
84657;1;1;0;True
84658;8;16;8;True
84659;7;16;9;True
84660;5;8;3;True
84661;1;1;0;True
84662;0;0;0;True
84663;6;16;10;True
84664;3;6;3;True
84665;4;9;5;True
84666;6;12;6;True
84667;2;4;2;True
84668;1;1;0;True
84669;1;1;0;True
84670;4;9;5;True
84671;6;12;6;True
84672;1;1;0;True
84673;4;6;2;True
84674;4;6;2;True
84675;3;6;3;True
84676;3;6;3;True
84677;0;0;0;True
84678;5;9;4;True
84679;1;1;0;True
84680;1;1;0;True
84681;3;4;1;True
84682;6;12;6;True
84683;4;9;5;True
84684;4;9;5;True
84685;4;9;5;True
84686;4;6;2;True
84687;2;4;2;True
84688;3;6;3;True
84689;4;9;5;True
84690;5;9;4;True
84691;2;2;0;True
84692;3;4;1;True
84693;4;16;12;True
84694;8;16;8;True
84695;3;6;3;True
84696;3;6;3;True
84697;7;16;9;True
84698;8;16;8;True
84699;2;2;0;True
84700;4;9;5;True
84701;4;9;5;True
84702;6;12;6;True
84703;2;2;0;True
84704;2;2;0;True
84705;7;16;9;True
84706;5;6;1;True
84707;3;9;6;True
84708;0;0;0;True
84709;3;9;6;True
84710;2;2;0;True
84711;2;4;2;True
84712;8;12;4;True
84713;4;6;2;True
84714;9;16;7;True
84715;6;16;10;True
84716;3;4;1;True
84717;5;16;11;True
84718;2;4;2;True
84719;6;12;6;True
84720;5;9;4;True
84721;1;1;0;True
84722;1;1;0;True
84723;4;12;8;True
84724;4;6;2;True
84725;4;12;8;True
84726;3;4;1;True
84727;7;12;5;True
84728;3;6;3;True
84729;7;12;5;True
84730;4;12;8;True
84731;7;12;5;True
84732;2;2;0;True
84733;3;6;3;True
84734;3;6;3;True
84735;3;6;3;True
84736;5;6;1;True
84737;7;16;9;True
84738;3;4;1;True
84739;0;0;0;True
84740;5;16;11;True
84741;3;9;6;True
84742;6;12;6;True
84743;5;9;4;True
84744;5;9;4;True
84745;5;9;4;True
84746;2;4;2;True
84747;2;4;2;True
84748;2;2;0;True
84749;1;1;0;True
84750;0;0;0;True
84751;4;9;5;True
84752;6;9;3;True
84753;0;0;0;True
84754;2;2;0;True
84755;3;9;6;True
84756;5;12;7;True
84757;5;9;4;True
84758;4;9;5;True
84759;3;4;1;True
84760;1;1;0;True
84761;4;6;2;True
84762;0;0;0;True
84763;0;0;0;True
84764;4;6;2;True
84765;4;6;2;True
84766;3;4;1;True
84767;2;2;0;True
84768;3;4;1;True
84769;4;6;2;True
84770;2;4;2;True
84771;4;6;2;True
84772;5;12;7;True
84773;6;12;6;True
84774;3;6;3;True
84775;2;4;2;True
84776;5;9;4;True
84777;5;8;3;True
84778;3;6;3;True
84779;1;1;0;True
84780;1;1;0;True
84781;4;12;8;True
84782;2;4;2;True
84783;0;0;0;True
84784;1;1;0;True
84785;2;2;0;True
84786;2;2;0;True
84787;7;12;5;True
84788;5;12;7;True
84789;4;6;2;True
84790;6;12;6;True
84791;3;6;3;True
84792;2;4;2;True
84793;6;16;10;True
84794;7;12;5;True
84795;3;4;1;True
84796;6;16;10;True
84797;0;0;0;True
84798;6;16;10;True
84799;2;2;0;True
84800;2;4;2;True
84801;4;9;5;True
84802;4;9;5;True
84803;4;12;8;True
84804;2;4;2;True
84805;9;16;7;True
84806;2;4;2;True
84807;1;1;0;True
84808;6;12;6;True
84809;1;1;0;True
84810;4;12;8;True
84811;5;12;7;True
84812;1;1;0;True
84813;3;9;6;True
84814;3;4;1;True
84815;4;12;8;True
84816;7;16;9;True
84817;6;12;6;True
84818;3;6;3;True
84819;4;12;8;True
84820;4;12;8;True
84821;2;2;0;True
84822;2;4;2;True
84823;5;12;7;True
84824;4;12;8;True
84825;4;6;2;True
84826;6;9;3;True
84827;3;6;3;True
84828;2;2;0;True
84829;2;4;2;True
84830;3;6;3;True
84831;3;3;0;True
84832;4;9;5;True
84833;9;16;7;True
84834;2;4;2;True
84835;3;6;3;True
84836;6;16;10;True
84837;0;0;0;True
84838;6;6;0;True
84839;6;9;3;True
84840;4;9;5;True
84841;5;16;11;True
84842;4;12;8;True
84843;2;4;2;True
84844;4;6;2;True
84845;4;9;5;True
84846;6;16;10;True
84847;4;9;5;True
84848;3;6;3;True
84849;5;16;11;True
84850;2;4;2;True
84851;6;12;6;True
84852;2;4;2;True
84853;2;4;2;True
84854;1;1;0;True
84855;2;2;0;True
84856;7;12;5;True
84857;2;2;0;True
84858;2;4;2;True
84859;4;9;5;True
84860;2;4;2;True
84861;9;16;7;True
84862;5;8;3;True
84863;3;6;3;True
84864;2;2;0;True
84865;4;12;8;True
84866;6;12;6;True
84867;5;12;7;True
84868;1;1;0;True
84869;8;16;8;True
84870;9;16;7;True
84871;1;1;0;True
84872;7;16;9;True
84873;5;8;3;True
84874;5;6;1;True
84875;0;0;0;True
84876;2;4;2;True
84877;1;1;0;True
84878;4;9;5;True
84879;8;12;4;True
84880;7;16;9;True
84881;10;16;6;True
84882;4;9;5;True
84883;3;4;1;True
84884;3;3;0;True
84885;0;0;0;True
84886;7;9;2;True
84887;4;6;2;True
84888;7;12;5;True
84889;2;2;0;True
84890;2;4;2;True
84891;3;6;3;True
84892;8;16;8;True
84893;4;8;4;True
84894;3;9;6;True
84895;3;6;3;True
84896;5;9;4;True
84897;0;0;0;True
84898;4;9;5;True
84899;1;1;0;True
84900;3;6;3;True
84901;2;4;2;True
84902;3;4;1;True
84903;4;6;2;True
84904;2;4;2;True
84905;5;12;7;True
84906;5;9;4;True
84907;2;4;2;True
84908;9;16;7;True
84909;4;6;2;True
84910;5;12;7;True
84911;3;6;3;True
84912;3;9;6;True
84913;3;6;3;True
84914;0;0;0;True
84915;0;0;0;True
84916;4;9;5;True
84917;6;12;6;True
84918;3;6;3;True
84919;3;6;3;True
84920;1;1;0;True
84921;2;2;0;True
84922;4;8;4;True
84923;3;4;1;True
84924;1;1;0;True
84925;2;4;2;True
84926;3;3;0;True
84927;2;4;2;True
84928;1;1;0;True
84929;8;12;4;True
84930;5;9;4;True
84931;2;4;2;True
84932;4;6;2;True
84933;2;4;2;True
84934;5;6;1;True
84935;3;6;3;True
84936;6;9;3;True
84937;2;2;0;True
84938;10;16;6;True
84939;7;16;9;True
84940;5;6;1;True
84941;5;9;4;True
84942;6;9;3;True
84943;4;9;5;True
84944;4;9;5;True
84945;1;1;0;True
84946;1;1;0;True
84947;1;1;0;True
84948;8;16;8;True
84949;6;12;6;True
84950;1;1;0;True
84951;8;16;8;True
84952;2;4;2;True
84953;5;12;7;True
84954;3;6;3;True
84955;5;16;11;True
84956;6;12;6;True
84957;1;1;0;True
84958;5;12;7;True
84959;6;9;3;True
84960;3;6;3;True
84961;4;9;5;True
84962;5;9;4;True
84963;5;12;7;True
84964;2;2;0;True
84965;3;3;0;True
84966;5;12;7;True
84967;4;6;2;True
84968;4;9;5;True
84969;3;9;6;True
84970;3;6;3;True
84971;8;16;8;True
84972;5;12;7;True
84973;4;6;2;True
84974;3;9;6;True
84975;4;9;5;True
84976;2;4;2;True
84977;5;8;3;True
84978;4;9;5;True
84979;2;4;2;True
84980;5;12;7;True
84981;3;6;3;True
84982;6;16;10;True
84983;10;12;2;True
84984;1;1;0;True
84985;0;0;0;True
84986;5;12;7;True
84987;6;9;3;True
84988;6;16;10;True
84989;4;9;5;True
84990;4;9;5;True
84991;6;12;6;True
84992;2;4;2;True
84993;0;0;0;True
84994;2;2;0;True
84995;2;4;2;True
84996;6;12;6;True
84997;1;1;0;True
84998;6;9;3;True
84999;7;12;5;True
85000;4;12;8;True
85001;3;6;3;True
85002;6;12;6;True
85003;5;12;7;True
85004;3;4;1;True
85005;3;6;3;True
85006;2;2;0;True
85007;3;3;0;True
85008;7;16;9;True
85009;5;12;7;True
85010;2;4;2;True
85011;5;9;4;True
85012;4;6;2;True
85013;9;16;7;True
85014;4;6;2;True
85015;3;9;6;True
85016;1;1;0;True
85017;5;8;3;True
85018;0;0;0;True
85019;4;6;2;True
85020;1;1;0;True
85021;3;6;3;True
85022;3;4;1;True
85023;2;2;0;True
85024;4;9;5;True
85025;1;1;0;True
85026;6;9;3;True
85027;2;2;0;True
85028;12;16;4;True
85029;1;1;0;True
85030;2;4;2;True
85031;4;12;8;True
85032;7;12;5;True
85033;3;4;1;True
85034;0;0;0;True
85035;3;4;1;True
85036;4;9;5;True
85037;3;6;3;True
85038;4;12;8;True
85039;4;6;2;True
85040;3;6;3;True
85041;7;16;9;True
85042;1;1;0;True
85043;7;16;9;True
85044;5;16;11;True
85045;3;6;3;True
85046;5;16;11;True
85047;1;1;0;True
85048;2;4;2;True
85049;4;9;5;True
85050;9;16;7;True
85051;1;1;0;True
85052;6;12;6;True
85053;3;4;1;True
85054;8;16;8;True
85055;8;16;8;True
85056;2;4;2;True
85057;6;9;3;True
85058;4;9;5;True
85059;7;9;2;True
85060;5;9;4;True
85061;4;9;5;True
85062;2;4;2;True
85063;5;9;4;True
85064;8;16;8;True
85065;3;6;3;True
85066;5;16;11;True
85067;1;1;0;True
85068;1;1;0;True
85069;1;1;0;True
85070;3;9;6;True
85071;10;16;6;True
85072;2;2;0;True
85073;7;16;9;True
85074;3;9;6;True
85075;2;4;2;True
85076;4;6;2;True
85077;5;16;11;True
85078;3;6;3;True
85079;7;16;9;True
85080;8;16;8;True
85081;5;8;3;True
85082;8;12;4;True
85083;5;9;4;True
85084;0;0;0;True
85085;5;12;7;True
85086;5;16;11;True
85087;7;16;9;True
85088;4;12;8;True
85089;3;9;6;True
85090;4;6;2;True
85091;4;6;2;True
85092;2;4;2;True
85093;2;2;0;True
85094;5;8;3;True
85095;1;1;0;True
85096;5;16;11;True
85097;2;2;0;True
85098;4;9;5;True
85099;7;12;5;True
85100;3;4;1;True
85101;1;1;0;True
85102;2;2;0;True
85103;4;9;5;True
85104;4;9;5;True
85105;4;9;5;True
85106;5;8;3;True
85107;1;1;0;True
85108;3;6;3;True
85109;10;16;6;True
85110;7;16;9;True
85111;2;4;2;True
85112;5;6;1;True
85113;4;12;8;True
85114;5;12;7;True
85115;8;16;8;True
85116;0;0;0;True
85117;9;16;7;True
85118;5;12;7;True
85119;4;9;5;True
85120;4;9;5;True
85121;2;4;2;True
85122;3;4;1;True
85123;4;12;8;True
85124;2;4;2;True
85125;6;16;10;True
85126;6;9;3;True
85127;4;6;2;True
85128;3;6;3;True
85129;6;12;6;True
85130;5;9;4;True
85131;6;16;10;True
85132;5;9;4;True
85133;2;4;2;True
85134;3;6;3;True
85135;4;9;5;True
85136;4;9;5;True
85137;2;4;2;True
85138;5;12;7;True
85139;4;12;8;True
85140;4;9;5;True
85141;10;16;6;True
85142;7;16;9;True
85143;5;9;4;True
85144;1;1;0;True
85145;0;0;0;True
85146;3;4;1;True
85147;1;1;0;True
85148;0;0;0;True
85149;2;2;0;True
85150;5;16;11;True
85151;8;12;4;True
85152;3;6;3;True
85153;2;4;2;True
85154;1;1;0;True
85155;2;2;0;True
85156;3;4;1;True
85157;3;9;6;True
85158;3;4;1;True
85159;3;6;3;True
85160;3;6;3;True
85161;0;0;0;True
85162;1;1;0;True
85163;7;16;9;True
85164;3;6;3;True
85165;4;12;8;True
85166;5;12;7;True
85167;6;9;3;True
85168;3;4;1;True
85169;4;6;2;True
85170;3;6;3;True
85171;4;12;8;True
85172;2;4;2;True
85173;6;12;6;True
85174;3;6;3;True
85175;1;1;0;True
85176;7;12;5;True
85177;2;4;2;True
85178;8;16;8;True
85179;2;4;2;True
85180;5;6;1;True
85181;2;4;2;True
85182;4;6;2;True
85183;7;16;9;True
85184;6;12;6;True
85185;1;1;0;True
85186;6;9;3;True
85187;6;12;6;True
85188;7;12;5;True
85189;4;6;2;True
85190;3;4;1;True
85191;5;12;7;True
85192;3;4;1;True
85193;3;9;6;True
85194;5;16;11;True
85195;4;9;5;True
85196;2;4;2;True
85197;0;0;0;True
85198;3;6;3;True
85199;3;4;1;True
85200;2;4;2;True
85201;0;0;0;True
85202;9;16;7;True
85203;2;2;0;True
85204;1;1;0;True
85205;0;0;0;True
85206;6;12;6;True
85207;2;4;2;True
85208;7;16;9;True
85209;3;4;1;True
85210;2;4;2;True
85211;1;1;0;True
85212;2;4;2;True
85213;1;1;0;True
85214;4;4;0;True
85215;7;16;9;True
85216;1;1;0;True
85217;4;8;4;True
85218;1;1;0;True
85219;5;12;7;True
85220;6;12;6;True
85221;1;1;0;True
85222;1;1;0;True
85223;6;16;10;True
85224;5;12;7;True
85225;6;12;6;True
85226;4;12;8;True
85227;3;4;1;True
85228;3;6;3;True
85229;2;4;2;True
85230;4;8;4;True
85231;4;9;5;True
85232;8;16;8;True
85233;1;1;0;True
85234;4;9;5;True
85235;7;16;9;True
85236;0;0;0;True
85237;6;12;6;True
85238;0;0;0;True
85239;10;12;2;True
85240;0;0;0;True
85241;3;4;1;True
85242;2;4;2;True
85243;1;1;0;True
85244;5;12;7;True
85245;7;12;5;True
85246;2;2;0;True
85247;2;2;0;True
85248;5;12;7;True
85249;4;12;8;True
85250;9;16;7;True
85251;1;1;0;True
85252;2;4;2;True
85253;2;4;2;True
85254;3;6;3;True
85255;3;6;3;True
85256;2;2;0;True
85257;6;12;6;True
85258;0;0;0;True
85259;4;6;2;True
85260;2;4;2;True
85261;0;0;0;True
85262;1;1;0;True
85263;3;4;1;True
85264;1;1;0;True
85265;6;9;3;True
85266;5;9;4;True
85267;4;9;5;True
85268;2;2;0;True
85269;4;9;5;True
85270;2;2;0;True
85271;4;6;2;True
85272;4;9;5;True
85273;1;1;0;True
85274;3;9;6;True
85275;2;4;2;True
85276;4;12;8;True
85277;1;1;0;True
85278;1;1;0;True
85279;2;4;2;True
85280;4;9;5;True
85281;0;0;0;True
85282;3;6;3;True
85283;2;4;2;True
85284;4;9;5;True
85285;4;9;5;True
85286;2;2;0;True
85287;2;4;2;True
85288;4;9;5;True
85289;3;4;1;True
85290;2;2;0;True
85291;1;1;0;True
85292;3;6;3;True
85293;4;6;2;True
85294;8;16;8;True
85295;6;12;6;True
85296;1;1;0;True
85297;5;9;4;True
85298;1;1;0;True
85299;7;12;5;True
85300;3;6;3;True
85301;3;9;6;True
85302;4;8;4;True
85303;2;2;0;True
85304;5;8;3;True
85305;4;9;5;True
85306;3;9;6;True
85307;5;9;4;True
85308;7;16;9;True
85309;5;9;4;True
85310;1;1;0;True
85311;4;4;0;True
85312;4;12;8;True
85313;8;16;8;True
85314;2;2;0;True
85315;2;2;0;True
85316;5;9;4;True
85317;2;2;0;True
85318;5;9;4;True
85319;2;2;0;True
85320;4;12;8;True
85321;4;6;2;True
85322;5;12;7;True
85323;3;6;3;True
85324;2;4;2;True
85325;0;0;0;True
85326;6;16;10;True
85327;5;12;7;True
85328;2;4;2;True
85329;3;9;6;True
85330;4;12;8;True
85331;4;12;8;True
85332;1;1;0;True
85333;0;0;0;True
85334;2;2;0;True
85335;1;1;0;True
85336;4;9;5;True
85337;5;9;4;True
85338;4;12;8;True
85339;3;6;3;True
85340;7;12;5;True
85341;9;16;7;True
85342;6;9;3;True
85343;5;8;3;True
85344;3;4;1;True
85345;0;0;0;True
85346;4;6;2;True
85347;5;12;7;True
85348;3;6;3;True
85349;5;9;4;True
85350;1;1;0;True
85351;1;1;0;True
85352;2;4;2;True
85353;9;16;7;True
85354;3;6;3;True
85355;5;12;7;True
85356;3;9;6;True
85357;3;3;0;True
85358;7;16;9;True
85359;1;1;0;True
85360;5;12;7;True
85361;4;9;5;True
85362;3;4;1;True
85363;8;16;8;True
85364;2;4;2;True
85365;3;6;3;True
85366;2;4;2;True
85367;3;9;6;True
85368;3;4;1;True
85369;6;12;6;True
85370;5;12;7;True
85371;2;2;0;True
85372;2;4;2;True
85373;6;12;6;True
85374;1;1;0;True
85375;2;4;2;True
85376;0;0;0;True
85377;7;12;5;True
85378;0;0;0;True
85379;2;4;2;True
85380;6;12;6;True
85381;0;0;0;True
85382;4;9;5;True
85383;0;0;0;True
85384;6;12;6;True
85385;3;6;3;True
85386;7;12;5;True
85387;4;6;2;True
85388;1;1;0;True
85389;1;1;0;True
85390;7;9;2;True
85391;5;12;7;True
85392;6;16;10;True
85393;6;16;10;True
85394;4;8;4;True
85395;5;12;7;True
85396;0;0;0;True
85397;2;4;2;True
85398;3;6;3;True
85399;1;1;0;True
85400;6;9;3;True
85401;7;12;5;True
85402;7;12;5;True
85403;0;0;0;True
85404;2;2;0;True
85405;2;2;0;True
85406;4;12;8;True
85407;5;9;4;True
85408;7;16;9;True
85409;3;9;6;True
85410;4;12;8;True
85411;3;6;3;True
85412;8;12;4;True
85413;4;9;5;True
85414;3;4;1;True
85415;0;0;0;True
85416;7;16;9;True
85417;9;16;7;True
85418;8;16;8;True
85419;3;6;3;True
85420;6;12;6;True
85421;3;4;1;True
85422;3;6;3;True
85423;1;1;0;True
85424;3;9;6;True
85425;2;4;2;True
85426;0;0;0;True
85427;2;2;0;True
85428;5;16;11;True
85429;3;4;1;True
85430;4;6;2;True
85431;2;2;0;True
85432;6;9;3;True
85433;3;6;3;True
85434;3;4;1;True
85435;5;12;7;True
85436;3;6;3;True
85437;3;9;6;True
85438;5;12;7;True
85439;5;6;1;True
85440;8;16;8;True
85441;4;9;5;True
85442;5;12;7;True
85443;3;6;3;True
85444;7;12;5;True
85445;1;1;0;True
85446;4;8;4;True
85447;3;4;1;True
85448;5;12;7;True
85449;9;16;7;True
85450;1;1;0;True
85451;4;8;4;True
85452;5;16;11;True
85453;2;2;0;True
85454;5;16;11;True
85455;4;4;0;True
85456;4;9;5;True
85457;6;16;10;True
85458;8;12;4;True
85459;4;9;5;True
85460;4;6;2;True
85461;1;1;0;True
85462;6;16;10;True
85463;0;0;0;True
85464;2;4;2;True
85465;3;6;3;True
85466;5;9;4;True
85467;1;1;0;True
85468;1;1;0;True
85469;6;12;6;True
85470;4;9;5;True
85471;6;9;3;True
85472;6;12;6;True
85473;4;9;5;True
85474;7;16;9;True
85475;2;4;2;True
85476;1;1;0;True
85477;0;0;0;True
85478;2;4;2;True
85479;4;9;5;True
85480;8;16;8;True
85481;6;16;10;True
85482;10;16;6;True
85483;2;4;2;True
85484;1;1;0;True
85485;2;2;0;True
85486;4;6;2;True
85487;2;4;2;True
85488;2;2;0;True
85489;2;4;2;True
85490;2;2;0;True
85491;7;12;5;True
85492;3;6;3;True
85493;6;12;6;True
85494;7;12;5;True
85495;3;4;1;True
85496;2;4;2;True
85497;2;2;0;True
85498;5;9;4;True
85499;7;9;2;True
85500;4;12;8;True
85501;8;16;8;True
85502;6;12;6;True
85503;2;4;2;True
85504;5;12;7;True
85505;5;9;4;True
85506;1;1;0;True
85507;5;8;3;True
85508;2;2;0;True
85509;5;9;4;True
85510;0;0;0;True
85511;3;6;3;True
85512;2;4;2;True
85513;0;0;0;True
85514;4;9;5;True
85515;4;4;0;True
85516;1;1;0;True
85517;5;9;4;True
85518;1;1;0;True
85519;8;16;8;True
85520;6;12;6;True
85521;4;6;2;True
85522;5;16;11;True
85523;6;12;6;True
85524;1;1;0;True
85525;4;6;2;True
85526;0;0;0;True
85527;5;9;4;True
85528;0;0;0;True
85529;10;16;6;True
85530;3;6;3;True
85531;5;8;3;True
85532;4;6;2;True
85533;5;12;7;True
85534;7;16;9;True
85535;2;4;2;True
85536;1;1;0;True
85537;4;6;2;True
85538;1;1;0;True
85539;3;6;3;True
85540;2;4;2;True
85541;8;12;4;True
85542;5;9;4;True
85543;3;4;1;True
85544;3;6;3;True
85545;2;4;2;True
85546;8;16;8;True
85547;2;4;2;True
85548;0;0;0;True
85549;6;12;6;True
85550;6;12;6;True
85551;1;1;0;True
85552;3;6;3;True
85553;4;6;2;True
85554;0;0;0;True
85555;6;12;6;True
85556;2;4;2;True
85557;5;12;7;True
85558;5;9;4;True
85559;2;4;2;True
85560;2;4;2;True
85561;3;6;3;True
85562;1;1;0;True
85563;2;4;2;True
85564;10;16;6;True
85565;3;4;1;True
85566;5;9;4;True
85567;3;6;3;True
85568;3;9;6;True
85569;2;4;2;True
85570;2;4;2;True
85571;4;12;8;True
85572;5;9;4;True
85573;3;3;0;True
85574;3;6;3;True
85575;8;16;8;True
85576;4;9;5;True
85577;5;12;7;True
85578;7;16;9;True
85579;6;12;6;True
85580;2;4;2;True
85581;3;9;6;True
85582;3;3;0;True
85583;5;9;4;True
85584;0;0;0;True
85585;3;6;3;True
85586;4;12;8;True
85587;1;1;0;True
85588;4;9;5;True
85589;2;4;2;True
85590;6;8;2;True
85591;2;4;2;True
85592;2;4;2;True
85593;5;9;4;True
85594;0;0;0;True
85595;3;6;3;True
85596;6;12;6;True
85597;2;4;2;True
85598;3;6;3;True
85599;5;9;4;True
85600;1;1;0;True
85601;3;6;3;True
85602;4;9;5;True
85603;8;12;4;True
85604;3;4;1;True
85605;7;16;9;True
85606;6;12;6;True
85607;5;12;7;True
85608;1;1;0;True
85609;4;4;0;True
85610;2;4;2;True
85611;12;16;4;True
85612;3;6;3;True
85613;3;9;6;True
85614;4;9;5;True
85615;5;9;4;True
85616;4;6;2;True
85617;4;9;5;True
85618;3;6;3;True
85619;9;16;7;True
85620;0;0;0;True
85621;0;0;0;True
85622;8;12;4;True
85623;8;16;8;True
85624;2;2;0;True
85625;9;16;7;True
85626;4;8;4;True
85627;2;2;0;True
85628;2;4;2;True
85629;0;0;0;True
85630;3;9;6;True
85631;5;8;3;True
85632;6;9;3;True
85633;3;6;3;True
85634;1;1;0;True
85635;2;4;2;True
85636;1;1;0;True
85637;2;2;0;True
85638;4;6;2;True
85639;5;9;4;True
85640;6;16;10;True
85641;2;2;0;True
85642;0;0;0;True
85643;2;2;0;True
85644;3;4;1;True
85645;0;0;0;True
85646;2;2;0;True
85647;3;9;6;True
85648;5;12;7;True
85649;1;1;0;True
85650;4;9;5;True
85651;4;9;5;True
85652;2;2;0;True
85653;4;6;2;True
85654;3;9;6;True
85655;4;9;5;True
85656;6;12;6;True
85657;0;0;0;True
85658;3;6;3;True
85659;4;12;8;True
85660;4;12;8;True
85661;2;2;0;True
85662;4;9;5;True
85663;1;1;0;True
85664;2;4;2;True
85665;1;1;0;True
85666;3;6;3;True
85667;4;9;5;True
85668;8;16;8;True
85669;4;6;2;True
85670;3;6;3;True
85671;3;4;1;True
85672;3;6;3;True
85673;3;6;3;True
85674;5;9;4;True
85675;6;12;6;True
85676;3;4;1;True
85677;2;4;2;True
85678;2;2;0;True
85679;4;6;2;True
85680;0;0;0;True
85681;2;2;0;True
85682;5;12;7;True
85683;1;1;0;True
85684;2;2;0;True
85685;2;2;0;True
85686;3;4;1;True
85687;3;9;6;True
85688;1;1;0;True
85689;1;1;0;True
85690;0;0;0;True
85691;0;0;0;True
85692;3;6;3;True
85693;2;2;0;True
85694;2;2;0;True
85695;3;6;3;True
85696;8;16;8;True
85697;3;4;1;True
85698;5;12;7;True
85699;3;3;0;True
85700;5;16;11;True
85701;4;6;2;True
85702;7;12;5;True
85703;8;16;8;True
85704;7;16;9;True
85705;5;12;7;True
85706;3;6;3;True
85707;1;1;0;True
85708;6;12;6;True
85709;5;12;7;True
85710;5;9;4;True
85711;5;12;7;True
85712;2;2;0;True
85713;1;1;0;True
85714;3;4;1;True
85715;1;1;0;True
85716;6;9;3;True
85717;5;9;4;True
85718;1;1;0;True
85719;2;4;2;True
85720;2;2;0;True
85721;4;8;4;True
85722;4;12;8;True
85723;1;1;0;True
85724;4;8;4;True
85725;8;16;8;True
85726;2;4;2;True
85727;1;1;0;True
85728;2;2;0;True
85729;1;1;0;True
85730;1;1;0;True
85731;0;0;0;True
85732;0;0;0;True
85733;1;1;0;True
85734;6;12;6;True
85735;2;4;2;True
85736;1;1;0;True
85737;3;6;3;True
85738;2;2;0;True
85739;8;16;8;True
85740;2;4;2;True
85741;4;9;5;True
85742;6;16;10;True
85743;8;16;8;True
85744;7;9;2;True
85745;4;8;4;True
85746;5;8;3;True
85747;6;8;2;True
85748;2;4;2;True
85749;2;4;2;True
85750;7;12;5;True
85751;3;6;3;True
85752;6;12;6;True
85753;13;16;3;True
85754;6;9;3;True
85755;3;6;3;True
85756;4;12;8;True
85757;7;16;9;True
85758;0;0;0;True
85759;0;0;0;True
85760;0;0;0;True
85761;1;1;0;True
85762;1;1;0;True
85763;1;1;0;True
85764;3;4;1;True
85765;4;6;2;True
85766;4;12;8;True
85767;1;1;0;True
85768;6;16;10;True
85769;4;12;8;True
85770;0;0;0;True
85771;1;1;0;True
85772;5;9;4;True
85773;3;6;3;True
85774;2;4;2;True
85775;6;12;6;True
85776;2;2;0;True
85777;1;1;0;True
85778;8;16;8;True
85779;6;9;3;True
85780;7;12;5;True
85781;3;6;3;True
85782;6;12;6;True
85783;2;2;0;True
85784;2;4;2;True
85785;10;16;6;True
85786;3;9;6;True
85787;5;12;7;True
85788;2;2;0;True
85789;1;1;0;True
85790;2;2;0;True
85791;5;9;4;True
85792;3;4;1;True
85793;2;2;0;True
85794;2;2;0;True
85795;2;4;2;True
85796;2;4;2;True
85797;6;16;10;True
85798;3;4;1;True
85799;5;12;7;True
85800;3;6;3;True
85801;5;9;4;True
85802;9;16;7;True
85803;2;4;2;True
85804;0;0;0;True
85805;8;16;8;True
85806;5;12;7;True
85807;0;0;0;True
85808;8;16;8;True
85809;5;12;7;True
85810;3;6;3;True
85811;6;12;6;True
85812;3;6;3;True
85813;6;12;6;True
85814;4;6;2;True
85815;1;1;0;True
85816;6;12;6;True
85817;3;9;6;True
85818;3;6;3;True
85819;2;2;0;True
85820;6;12;6;True
85821;1;1;0;True
85822;1;1;0;True
85823;4;9;5;True
85824;2;2;0;True
85825;6;12;6;True
85826;5;9;4;True
85827;8;16;8;True
85828;1;1;0;True
85829;1;1;0;True
85830;2;4;2;True
85831;5;8;3;True
85832;4;9;5;True
85833;0;0;0;True
85834;3;6;3;True
85835;2;2;0;True
85836;2;2;0;True
85837;1;1;0;True
85838;5;9;4;True
85839;0;0;0;True
85840;3;4;1;True
85841;1;1;0;True
85842;3;6;3;True
85843;3;9;6;True
85844;1;1;0;True
85845;2;2;0;True
85846;1;1;0;True
85847;2;4;2;True
85848;6;12;6;True
85849;2;2;0;True
85850;3;9;6;True
85851;3;4;1;True
85852;4;6;2;True
85853;4;8;4;True
85854;5;6;1;True
85855;2;4;2;True
85856;2;4;2;True
85857;7;16;9;True
85858;2;2;0;True
85859;1;1;0;True
85860;5;12;7;True
85861;0;0;0;True
85862;4;9;5;True
85863;6;12;6;True
85864;6;12;6;True
85865;5;12;7;True
85866;6;12;6;True
85867;3;3;0;True
85868;4;9;5;True
85869;4;6;2;True
85870;10;16;6;True
85871;1;1;0;True
85872;3;9;6;True
85873;1;1;0;True
85874;5;12;7;True
85875;2;4;2;True
85876;8;12;4;True
85877;3;6;3;True
85878;3;6;3;True
85879;3;4;1;True
85880;4;6;2;True
85881;0;0;0;True
85882;9;16;7;True
85883;1;1;0;True
85884;2;2;0;True
85885;0;0;0;True
85886;2;2;0;True
85887;6;12;6;True
85888;3;6;3;True
85889;5;12;7;True
85890;4;12;8;True
85891;5;12;7;True
85892;3;9;6;True
85893;8;16;8;True
85894;3;9;6;True
85895;3;9;6;True
85896;4;6;2;True
85897;4;12;8;True
85898;2;4;2;True
85899;3;9;6;True
85900;3;4;1;True
85901;3;6;3;True
85902;2;2;0;True
85903;6;16;10;True
85904;4;9;5;True
85905;3;9;6;True
85906;0;0;0;True
85907;6;12;6;True
85908;5;9;4;True
85909;4;8;4;True
85910;7;12;5;True
85911;6;12;6;True
85912;2;2;0;True
85913;6;12;6;True
85914;3;6;3;True
85915;1;1;0;True
85916;0;0;0;True
85917;0;0;0;True
85918;2;4;2;True
85919;2;4;2;True
85920;2;2;0;True
85921;3;4;1;True
85922;1;1;0;True
85923;4;8;4;True
85924;4;6;2;True
85925;2;4;2;True
85926;1;1;0;True
85927;3;6;3;True
85928;4;12;8;True
85929;1;1;0;True
85930;3;4;1;True
85931;5;16;11;True
85932;2;4;2;True
85933;2;2;0;True
85934;5;12;7;True
85935;3;9;6;True
85936;2;2;0;True
85937;5;12;7;True
85938;3;4;1;True
85939;3;6;3;True
85940;6;12;6;True
85941;3;4;1;True
85942;5;9;4;True
85943;5;12;7;True
85944;3;4;1;True
85945;1;1;0;True
85946;5;8;3;True
85947;3;4;1;True
85948;0;0;0;True
85949;0;0;0;True
85950;4;4;0;True
85951;5;12;7;True
85952;1;1;0;True
85953;5;12;7;True
85954;5;12;7;True
85955;1;1;0;True
85956;2;4;2;True
85957;3;6;3;True
85958;0;0;0;True
85959;3;6;3;True
85960;5;9;4;True
85961;3;9;6;True
85962;2;4;2;True
85963;5;8;3;True
85964;3;4;1;True
85965;0;0;0;True
85966;0;0;0;True
85967;3;4;1;True
85968;4;6;2;True
85969;7;16;9;True
85970;4;6;2;True
85971;5;9;4;True
85972;2;4;2;True
85973;5;12;7;True
85974;1;1;0;True
85975;2;4;2;True
85976;2;4;2;True
85977;3;6;3;True
85978;1;1;0;True
85979;6;12;6;True
85980;4;12;8;True
85981;5;9;4;True
85982;4;6;2;True
85983;2;2;0;True
85984;2;4;2;True
85985;3;6;3;True
85986;5;8;3;True
85987;4;9;5;True
85988;6;12;6;True
85989;0;0;0;True
85990;3;6;3;True
85991;5;9;4;True
85992;3;9;6;True
85993;4;12;8;True
85994;8;12;4;True
85995;2;4;2;True
85996;1;1;0;True
85997;11;16;5;True
85998;5;12;7;True
85999;4;9;5;True
86000;7;16;9;True
86001;2;2;0;True
86002;5;12;7;True
86003;2;4;2;True
86004;1;1;0;True
86005;3;6;3;True
86006;3;4;1;True
86007;7;12;5;True
86008;3;9;6;True
86009;5;9;4;True
86010;5;9;4;True
86011;1;1;0;True
86012;3;4;1;True
86013;3;9;6;True
86014;3;4;1;True
86015;4;9;5;True
86016;6;12;6;True
86017;3;4;1;True
86018;0;0;0;True
86019;4;9;5;True
86020;3;4;1;True
86021;7;16;9;True
86022;3;4;1;True
86023;5;16;11;True
86024;5;8;3;True
86025;3;6;3;True
86026;3;6;3;True
86027;5;9;4;True
86028;2;4;2;True
86029;2;2;0;True
86030;4;9;5;True
86031;9;16;7;True
86032;1;1;0;True
86033;2;4;2;True
86034;4;12;8;True
86035;7;16;9;True
86036;3;6;3;True
86037;4;6;2;True
86038;1;1;0;True
86039;2;4;2;True
86040;6;9;3;True
86041;1;1;0;True
86042;5;12;7;True
86043;4;6;2;True
86044;4;8;4;True
86045;5;9;4;True
86046;5;12;7;True
86047;8;16;8;True
86048;5;8;3;True
86049;6;12;6;True
86050;4;6;2;True
86051;3;6;3;True
86052;4;9;5;True
86053;5;12;7;True
86054;4;12;8;True
86055;5;9;4;True
86056;3;6;3;True
86057;9;16;7;True
86058;5;9;4;True
86059;3;9;6;True
86060;1;1;0;True
86061;3;4;1;True
86062;1;1;0;True
86063;5;9;4;True
86064;7;16;9;True
86065;7;16;9;True
86066;9;16;7;True
86067;6;9;3;True
86068;5;9;4;True
86069;6;16;10;True
86070;4;6;2;True
86071;3;6;3;True
86072;3;6;3;True
86073;6;12;6;True
86074;2;2;0;True
86075;8;16;8;True
86076;5;16;11;True
86077;1;1;0;True
86078;3;9;6;True
86079;2;4;2;True
86080;1;1;0;True
86081;4;6;2;True
86082;3;4;1;True
86083;5;9;4;True
86084;3;6;3;True
86085;5;9;4;True
86086;3;6;3;True
86087;0;0;0;True
86088;4;12;8;True
86089;0;0;0;True
86090;1;1;0;True
86091;3;9;6;True
86092;3;6;3;True
86093;5;9;4;True
86094;3;9;6;True
86095;4;12;8;True
86096;3;6;3;True
86097;6;12;6;True
86098;4;8;4;True
86099;1;1;0;True
86100;2;4;2;True
86101;4;8;4;True
86102;5;9;4;True
86103;6;16;10;True
86104;4;6;2;True
86105;8;16;8;True
86106;2;2;0;True
86107;3;6;3;True
86108;2;2;0;True
86109;3;6;3;True
86110;0;0;0;True
86111;6;9;3;True
86112;0;0;0;True
86113;4;9;5;True
86114;7;16;9;True
86115;3;6;3;True
86116;3;6;3;True
86117;2;2;0;True
86118;0;0;0;True
86119;6;12;6;True
86120;8;16;8;True
86121;6;12;6;True
86122;2;4;2;True
86123;3;4;1;True
86124;0;0;0;True
86125;4;8;4;True
86126;0;0;0;True
86127;3;4;1;True
86128;5;12;7;True
86129;0;0;0;True
86130;2;2;0;True
86131;3;9;6;True
86132;6;16;10;True
86133;3;3;0;True
86134;1;1;0;True
86135;3;9;6;True
86136;5;9;4;True
86137;3;4;1;True
86138;0;0;0;True
86139;2;2;0;True
86140;2;2;0;True
86141;8;16;8;True
86142;6;16;10;True
86143;5;9;4;True
86144;3;6;3;True
86145;2;4;2;True
86146;2;4;2;True
86147;5;8;3;True
86148;2;2;0;True
86149;7;16;9;True
86150;8;16;8;True
86151;1;1;0;True
86152;2;4;2;True
86153;7;9;2;True
86154;3;6;3;True
86155;7;9;2;True
86156;1;1;0;True
86157;4;6;2;True
86158;4;9;5;True
86159;4;9;5;True
86160;5;12;7;True
86161;4;9;5;True
86162;9;16;7;True
86163;5;12;7;True
86164;1;1;0;True
86165;3;9;6;True
86166;3;6;3;True
86167;3;9;6;True
86168;4;9;5;True
86169;2;4;2;True
86170;3;6;3;True
86171;4;6;2;True
86172;6;16;10;True
86173;3;6;3;True
86174;5;9;4;True
86175;2;4;2;True
86176;8;16;8;True
86177;7;12;5;True
86178;7;16;9;True
86179;5;6;1;True
86180;0;0;0;True
86181;1;1;0;True
86182;2;4;2;True
86183;5;9;4;True
86184;5;12;7;True
86185;6;12;6;True
86186;3;6;3;True
86187;8;16;8;True
86188;3;3;0;True
86189;4;6;2;True
86190;4;6;2;True
86191;2;2;0;True
86192;6;16;10;True
86193;3;4;1;True
86194;4;6;2;True
86195;5;8;3;True
86196;7;12;5;True
86197;2;4;2;True
86198;1;1;0;True
86199;1;1;0;True
86200;7;16;9;True
86201;3;9;6;True
86202;1;1;0;True
86203;2;4;2;True
86204;3;6;3;True
86205;5;12;7;True
86206;1;1;0;True
86207;3;3;0;True
86208;4;6;2;True
86209;5;9;4;True
86210;0;0;0;True
86211;7;16;9;True
86212;6;12;6;True
86213;3;4;1;True
86214;2;2;0;True
86215;2;4;2;True
86216;5;6;1;True
86217;1;1;0;True
86218;10;16;6;True
86219;4;12;8;True
86220;2;4;2;True
86221;5;9;4;True
86222;6;12;6;True
86223;6;12;6;True
86224;2;4;2;True
86225;2;4;2;True
86226;7;16;9;True
86227;2;4;2;True
86228;3;6;3;True
86229;3;6;3;True
86230;4;8;4;True
86231;4;9;5;True
86232;4;6;2;True
86233;4;9;5;True
86234;4;8;4;True
86235;7;16;9;True
86236;5;9;4;True
86237;3;4;1;True
86238;5;16;11;True
86239;5;9;4;True
86240;3;6;3;True
86241;1;1;0;True
86242;3;4;1;True
86243;2;2;0;True
86244;3;6;3;True
86245;3;6;3;True
86246;2;4;2;True
86247;2;2;0;True
86248;2;2;0;True
86249;0;0;0;True
86250;6;12;6;True
86251;11;16;5;True
86252;6;12;6;True
86253;5;12;7;True
86254;1;1;0;True
86255;3;6;3;True
86256;6;9;3;True
86257;1;1;0;True
86258;4;8;4;True
86259;1;1;0;True
86260;3;6;3;True
86261;4;6;2;True
86262;1;1;0;True
86263;4;9;5;True
86264;1;1;0;True
86265;3;6;3;True
86266;2;4;2;True
86267;3;4;1;True
86268;4;8;4;True
86269;6;12;6;True
86270;4;9;5;True
86271;2;2;0;True
86272;5;9;4;True
86273;2;2;0;True
86274;1;1;0;True
86275;2;4;2;True
86276;4;6;2;True
86277;5;12;7;True
86278;1;1;0;True
86279;8;16;8;True
86280;2;4;2;True
86281;1;1;0;True
86282;3;4;1;True
86283;8;16;8;True
86284;5;8;3;True
86285;3;4;1;True
86286;3;6;3;True
86287;5;6;1;True
86288;11;16;5;True
86289;4;12;8;True
86290;2;2;0;True
86291;6;9;3;True
86292;6;16;10;True
86293;6;16;10;True
86294;6;9;3;True
86295;4;8;4;True
86296;6;16;10;True
86297;2;4;2;True
86298;4;9;5;True
86299;0;0;0;True
86300;5;12;7;True
86301;2;2;0;True
86302;5;9;4;True
86303;3;6;3;True
86304;6;12;6;True
86305;4;9;5;True
86306;4;9;5;True
86307;3;6;3;True
86308;3;9;6;True
86309;6;12;6;True
86310;6;12;6;True
86311;4;6;2;True
86312;6;9;3;True
86313;0;0;0;True
86314;0;0;0;True
86315;4;6;2;True
86316;6;16;10;True
86317;8;16;8;True
86318;4;6;2;True
86319;2;2;0;True
86320;7;16;9;True
86321;5;9;4;True
86322;3;6;3;True
86323;4;9;5;True
86324;6;12;6;True
86325;7;16;9;True
86326;4;8;4;True
86327;2;4;2;True
86328;2;2;0;True
86329;3;6;3;True
86330;4;9;5;True
86331;6;12;6;True
86332;6;9;3;True
86333;4;6;2;True
86334;4;6;2;True
86335;2;2;0;True
86336;0;0;0;True
86337;4;9;5;True
86338;1;1;0;True
86339;4;6;2;True
86340;4;6;2;True
86341;6;16;10;True
86342;3;9;6;True
86343;2;4;2;True
86344;3;6;3;True
86345;4;9;5;True
86346;3;6;3;True
86347;3;6;3;True
86348;4;9;5;True
86349;6;16;10;True
86350;4;9;5;True
86351;4;9;5;True
86352;2;2;0;True
86353;4;9;5;True
86354;4;9;5;True
86355;8;16;8;True
86356;6;12;6;True
86357;5;9;4;True
86358;1;1;0;True
86359;6;16;10;True
86360;6;9;3;True
86361;0;0;0;True
86362;8;16;8;True
86363;6;12;6;True
86364;2;4;2;True
86365;6;16;10;True
86366;1;1;0;True
86367;3;6;3;True
86368;4;9;5;True
86369;3;9;6;True
86370;2;2;0;True
86371;3;4;1;True
86372;4;6;2;True
86373;3;6;3;True
86374;6;9;3;True
86375;5;12;7;True
86376;3;6;3;True
86377;4;8;4;True
86378;3;9;6;True
86379;5;12;7;True
86380;5;12;7;True
86381;10;16;6;True
86382;3;6;3;True
86383;6;16;10;True
86384;6;9;3;True
86385;2;2;0;True
86386;4;8;4;True
86387;1;1;0;True
86388;6;12;6;True
86389;5;12;7;True
86390;2;4;2;True
86391;3;6;3;True
86392;5;12;7;True
86393;4;9;5;True
86394;1;1;0;True
86395;3;4;1;True
86396;8;12;4;True
86397;4;6;2;True
86398;3;3;0;True
86399;6;12;6;True
86400;0;0;0;True
86401;2;2;0;True
86402;4;6;2;True
86403;5;9;4;True
86404;3;6;3;True
86405;3;4;1;True
86406;3;9;6;True
86407;0;0;0;True
86408;5;6;1;True
86409;4;9;5;True
86410;1;1;0;True
86411;5;9;4;True
86412;3;6;3;True
86413;1;1;0;True
86414;3;9;6;True
86415;3;3;0;True
86416;3;6;3;True
86417;1;1;0;True
86418;4;8;4;True
86419;3;4;1;True
86420;7;16;9;True
86421;5;9;4;True
86422;0;0;0;True
86423;2;4;2;True
86424;4;9;5;True
86425;2;2;0;True
86426;2;2;0;True
86427;9;16;7;True
86428;3;6;3;True
86429;1;1;0;True
86430;3;6;3;True
86431;4;6;2;True
86432;2;2;0;True
86433;6;16;10;True
86434;1;1;0;True
86435;5;8;3;True
86436;3;6;3;True
86437;3;6;3;True
86438;4;8;4;True
86439;1;1;0;True
86440;3;9;6;True
86441;5;6;1;True
86442;5;12;7;True
86443;4;6;2;True
86444;9;16;7;True
86445;8;9;1;True
86446;3;4;1;True
86447;4;12;8;True
86448;5;9;4;True
86449;6;12;6;True
86450;6;9;3;True
86451;8;12;4;True
86452;4;9;5;True
86453;5;8;3;True
86454;3;6;3;True
86455;2;2;0;True
86456;1;1;0;True
86457;5;9;4;True
86458;7;12;5;True
86459;3;4;1;True
86460;6;12;6;True
86461;2;4;2;True
86462;7;16;9;True
86463;5;9;4;True
86464;4;9;5;True
86465;5;9;4;True
86466;1;1;0;True
86467;5;12;7;True
86468;3;9;6;True
86469;3;3;0;True
86470;5;12;7;True
86471;4;6;2;True
86472;6;16;10;True
86473;2;4;2;True
86474;4;12;8;True
86475;4;6;2;True
86476;0;0;0;True
86477;7;16;9;True
86478;1;1;0;True
86479;1;1;0;True
86480;7;12;5;True
86481;3;6;3;True
86482;3;4;1;True
86483;3;6;3;True
86484;6;16;10;True
86485;6;9;3;True
86486;0;0;0;True
86487;2;4;2;True
86488;8;16;8;True
86489;4;6;2;True
86490;1;1;0;True
86491;6;9;3;True
86492;1;1;0;True
86493;6;12;6;True
86494;2;4;2;True
86495;1;1;0;True
86496;3;6;3;True
86497;2;4;2;True
86498;0;0;0;True
86499;2;4;2;True
86500;1;1;0;True
86501;2;4;2;True
86502;2;4;2;True
86503;3;3;0;True
86504;9;16;7;True
86505;4;9;5;True
86506;1;1;0;True
86507;8;16;8;True
86508;4;12;8;True
86509;2;2;0;True
86510;4;12;8;True
86511;7;16;9;True
86512;1;1;0;True
86513;5;9;4;True
86514;5;12;7;True
86515;5;9;4;True
86516;2;4;2;True
86517;2;4;2;True
86518;4;6;2;True
86519;5;9;4;True
86520;8;12;4;True
86521;2;4;2;True
86522;6;12;6;True
86523;3;3;0;True
86524;3;4;1;True
86525;2;2;0;True
86526;7;12;5;True
86527;1;1;0;True
86528;5;12;7;True
86529;7;16;9;True
86530;5;12;7;True
86531;5;6;1;True
86532;4;6;2;True
86533;5;9;4;True
86534;5;9;4;True
86535;8;16;8;True
86536;8;16;8;True
86537;0;0;0;True
86538;4;12;8;True
86539;1;1;0;True
86540;6;16;10;True
86541;1;1;0;True
86542;6;12;6;True
86543;6;9;3;True
86544;5;12;7;True
86545;5;16;11;True
86546;4;6;2;True
86547;4;8;4;True
86548;3;6;3;True
86549;3;9;6;True
86550;8;16;8;True
86551;2;2;0;True
86552;1;1;0;True
86553;6;12;6;True
86554;5;8;3;True
86555;4;9;5;True
86556;4;6;2;True
86557;7;9;2;True
86558;0;0;0;True
86559;0;0;0;True
86560;7;8;1;True
86561;3;6;3;True
86562;3;3;0;True
86563;4;9;5;True
86564;6;9;3;True
86565;2;4;2;True
86566;3;4;1;True
86567;4;6;2;True
86568;5;8;3;True
86569;4;9;5;True
86570;0;0;0;True
86571;5;12;7;True
86572;4;6;2;True
86573;4;9;5;True
86574;3;4;1;True
86575;3;6;3;True
86576;2;4;2;True
86577;9;16;7;True
86578;3;3;0;True
86579;2;4;2;True
86580;5;12;7;True
86581;0;0;0;True
86582;6;12;6;True
86583;4;9;5;True
86584;6;12;6;True
86585;4;6;2;True
86586;6;16;10;True
86587;3;4;1;True
86588;5;12;7;True
86589;3;6;3;True
86590;3;4;1;True
86591;4;6;2;True
86592;2;2;0;True
86593;1;1;0;True
86594;1;1;0;True
86595;8;16;8;True
86596;1;1;0;True
86597;2;4;2;True
86598;6;12;6;True
86599;0;0;0;True
86600;2;2;0;True
86601;3;6;3;True
86602;9;16;7;True
86603;1;1;0;True
86604;6;16;10;True
86605;6;9;3;True
86606;3;4;1;True
86607;4;9;5;True
86608;2;2;0;True
86609;3;9;6;True
86610;0;0;0;True
86611;3;9;6;True
86612;3;9;6;True
86613;2;4;2;True
86614;3;9;6;True
86615;6;12;6;True
86616;3;4;1;True
86617;1;1;0;True
86618;5;9;4;True
86619;4;9;5;True
86620;4;4;0;True
86621;6;16;10;True
86622;4;12;8;True
86623;3;9;6;True
86624;2;4;2;True
86625;4;9;5;True
86626;3;6;3;True
86627;4;6;2;True
86628;2;4;2;True
86629;3;6;3;True
86630;0;0;0;True
86631;7;16;9;True
86632;3;6;3;True
86633;3;4;1;True
86634;5;9;4;True
86635;8;12;4;True
86636;3;6;3;True
86637;2;4;2;True
86638;10;16;6;True
86639;7;16;9;True
86640;4;9;5;True
86641;3;3;0;True
86642;1;1;0;True
86643;1;1;0;True
86644;5;12;7;True
86645;5;8;3;True
86646;2;2;0;True
86647;5;12;7;True
86648;10;16;6;True
86649;1;1;0;True
86650;5;9;4;True
86651;5;9;4;True
86652;1;1;0;True
86653;4;9;5;True
86654;8;16;8;True
86655;3;3;0;True
86656;0;0;0;True
86657;7;16;9;True
86658;7;12;5;True
86659;2;4;2;True
86660;2;4;2;True
86661;3;6;3;True
86662;3;6;3;True
86663;0;0;0;True
86664;0;0;0;True
86665;1;1;0;True
86666;3;9;6;True
86667;2;2;0;True
86668;3;6;3;True
86669;2;4;2;True
86670;6;12;6;True
86671;6;16;10;True
86672;5;12;7;True
86673;7;16;9;True
86674;5;12;7;True
86675;4;6;2;True
86676;0;0;0;True
86677;3;4;1;True
86678;2;4;2;True
86679;3;6;3;True
86680;4;6;2;True
86681;1;1;0;True
86682;7;12;5;True
86683;4;9;5;True
86684;3;6;3;True
86685;1;1;0;True
86686;2;4;2;True
86687;5;9;4;True
86688;1;1;0;True
86689;0;0;0;True
86690;5;12;7;True
86691;2;2;0;True
86692;2;4;2;True
86693;6;12;6;True
86694;8;16;8;True
86695;5;12;7;True
86696;5;9;4;True
86697;7;16;9;True
86698;4;6;2;True
86699;4;9;5;True
86700;2;2;0;True
86701;4;12;8;True
86702;5;12;7;True
86703;4;6;2;True
86704;5;8;3;True
86705;2;4;2;True
86706;3;6;3;True
86707;3;6;3;True
86708;3;6;3;True
86709;4;6;2;True
86710;3;3;0;True
86711;6;16;10;True
86712;1;1;0;True
86713;2;4;2;True
86714;4;4;0;True
86715;3;6;3;True
86716;4;8;4;True
86717;2;4;2;True
86718;6;12;6;True
86719;6;12;6;True
86720;4;8;4;True
86721;9;12;3;True
86722;6;8;2;True
86723;3;6;3;True
86724;3;6;3;True
86725;1;1;0;True
86726;0;0;0;True
86727;4;9;5;True
86728;2;4;2;True
86729;6;16;10;True
86730;4;12;8;True
86731;4;6;2;True
86732;5;12;7;True
86733;4;9;5;True
86734;9;16;7;True
86735;9;16;7;True
86736;3;6;3;True
86737;4;6;2;True
86738;6;12;6;True
86739;4;9;5;True
86740;3;6;3;True
86741;4;9;5;True
86742;4;9;5;True
86743;4;6;2;True
86744;4;9;5;True
86745;6;12;6;True
86746;3;6;3;True
86747;6;16;10;True
86748;8;16;8;True
86749;6;12;6;True
86750;5;9;4;True
86751;4;16;12;True
86752;1;1;0;True
86753;3;6;3;True
86754;4;6;2;True
86755;7;16;9;True
86756;4;6;2;True
86757;4;8;4;True
86758;7;9;2;True
86759;0;0;0;True
86760;2;4;2;True
86761;4;9;5;True
86762;2;2;0;True
86763;6;9;3;True
86764;7;16;9;True
86765;4;6;2;True
86766;2;4;2;True
86767;5;16;11;True
86768;6;9;3;True
86769;6;9;3;True
86770;2;2;0;True
86771;6;16;10;True
86772;5;16;11;True
86773;0;0;0;True
86774;2;4;2;True
86775;11;16;5;True
86776;8;12;4;True
86777;5;6;1;True
86778;6;12;6;True
86779;2;2;0;True
86780;3;6;3;True
86781;8;16;8;True
86782;1;1;0;True
86783;5;9;4;True
86784;4;9;5;True
86785;4;6;2;True
86786;5;9;4;True
86787;4;9;5;True
86788;3;4;1;True
86789;3;4;1;True
86790;1;1;0;True
86791;4;6;2;True
86792;2;2;0;True
86793;6;12;6;True
86794;2;4;2;True
86795;7;16;9;True
86796;2;4;2;True
86797;0;0;0;True
86798;6;16;10;True
86799;5;9;4;True
86800;0;0;0;True
86801;3;6;3;True
86802;4;9;5;True
86803;2;4;2;True
86804;6;16;10;True
86805;3;4;1;True
86806;2;2;0;True
86807;2;4;2;True
86808;3;4;1;True
86809;2;2;0;True
86810;3;3;0;True
86811;7;16;9;True
86812;4;9;5;True
86813;3;6;3;True
86814;0;0;0;True
86815;3;6;3;True
86816;4;6;2;True
86817;3;4;1;True
86818;5;12;7;True
86819;0;0;0;True
86820;2;4;2;True
86821;6;12;6;True
86822;1;1;0;True
86823;3;9;6;True
86824;9;16;7;True
86825;6;12;6;True
86826;3;4;1;True
86827;6;12;6;True
86828;6;9;3;True
86829;5;12;7;True
86830;5;12;7;True
86831;5;9;4;True
86832;3;3;0;True
86833;5;9;4;True
86834;4;12;8;True
86835;4;9;5;True
86836;7;12;5;True
86837;1;1;0;True
86838;3;9;6;True
86839;1;1;0;True
86840;2;2;0;True
86841;2;4;2;True
86842;1;1;0;True
86843;0;0;0;True
86844;6;12;6;True
86845;5;16;11;True
86846;2;4;2;True
86847;7;16;9;True
86848;1;1;0;True
86849;4;9;5;True
86850;5;12;7;True
86851;1;1;0;True
86852;1;1;0;True
86853;2;4;2;True
86854;5;12;7;True
86855;2;2;0;True
86856;3;4;1;True
86857;5;9;4;True
86858;4;8;4;True
86859;7;16;9;True
86860;5;12;7;True
86861;2;4;2;True
86862;3;6;3;True
86863;1;1;0;True
86864;10;16;6;True
86865;3;4;1;True
86866;0;0;0;True
86867;9;16;7;True
86868;0;0;0;True
86869;1;1;0;True
86870;3;4;1;True
86871;2;4;2;True
86872;4;9;5;True
86873;4;6;2;True
86874;2;2;0;True
86875;4;6;2;True
86876;6;12;6;True
86877;3;4;1;True
86878;4;6;2;True
86879;3;9;6;True
86880;1;1;0;True
86881;4;6;2;True
86882;5;6;1;True
86883;4;8;4;True
86884;2;4;2;True
86885;1;1;0;True
86886;9;16;7;True
86887;3;6;3;True
86888;3;4;1;True
86889;4;9;5;True
86890;2;2;0;True
86891;1;1;0;True
86892;5;12;7;True
86893;4;12;8;True
86894;7;12;5;True
86895;0;0;0;True
86896;8;16;8;True
86897;4;12;8;True
86898;4;12;8;True
86899;6;12;6;True
86900;6;9;3;True
86901;4;12;8;True
86902;2;4;2;True
86903;3;6;3;True
86904;5;9;4;True
86905;2;2;0;True
86906;6;9;3;True
86907;3;6;3;True
86908;5;9;4;True
86909;4;9;5;True
86910;0;0;0;True
86911;1;1;0;True
86912;5;9;4;True
86913;2;4;2;True
86914;5;12;7;True
86915;5;12;7;True
86916;1;1;0;True
86917;1;1;0;True
86918;7;12;5;True
86919;2;2;0;True
86920;4;8;4;True
86921;2;4;2;True
86922;3;4;1;True
86923;7;16;9;True
86924;2;4;2;True
86925;4;6;2;True
86926;3;6;3;True
86927;0;0;0;True
86928;3;6;3;True
86929;6;12;6;True
86930;6;12;6;True
86931;6;16;10;True
86932;5;12;7;True
86933;4;6;2;True
86934;1;1;0;True
86935;6;9;3;True
86936;7;16;9;True
86937;6;12;6;True
86938;7;9;2;True
86939;2;4;2;True
86940;3;9;6;True
86941;3;6;3;True
86942;2;2;0;True
86943;2;4;2;True
86944;4;6;2;True
86945;2;4;2;True
86946;8;16;8;True
86947;5;12;7;True
86948;4;8;4;True
86949;4;9;5;True
86950;4;12;8;True
86951;1;1;0;True
86952;3;6;3;True
86953;2;4;2;True
86954;5;12;7;True
86955;4;9;5;True
86956;0;0;0;True
86957;6;9;3;True
86958;3;6;3;True
86959;2;4;2;True
86960;6;9;3;True
86961;3;4;1;True
86962;0;0;0;True
86963;4;9;5;True
86964;2;2;0;True
86965;3;3;0;True
86966;4;6;2;True
86967;5;8;3;True
86968;6;12;6;True
86969;2;2;0;True
86970;2;4;2;True
86971;6;9;3;True
86972;6;16;10;True
86973;6;16;10;True
86974;4;9;5;True
86975;5;12;7;True
86976;7;16;9;True
86977;3;9;6;True
86978;4;9;5;True
86979;8;16;8;True
86980;4;8;4;True
86981;1;1;0;True
86982;6;16;10;True
86983;4;9;5;True
86984;3;6;3;True
86985;3;4;1;True
86986;6;12;6;True
86987;3;4;1;True
86988;5;9;4;True
86989;2;4;2;True
86990;0;0;0;True
86991;5;9;4;True
86992;6;12;6;True
86993;2;4;2;True
86994;7;16;9;True
86995;1;1;0;True
86996;8;16;8;True
86997;4;8;4;True
86998;4;9;5;True
86999;4;9;5;True
87000;2;4;2;True
87001;10;16;6;True
87002;4;6;2;True
87003;2;2;0;True
87004;3;4;1;True
87005;4;9;5;True
87006;2;4;2;True
87007;5;12;7;True
87008;9;12;3;True
87009;2;4;2;True
87010;3;4;1;True
87011;2;4;2;True
87012;3;4;1;True
87013;3;6;3;True
87014;3;4;1;True
87015;1;1;0;True
87016;1;1;0;True
87017;5;9;4;True
87018;5;12;7;True
87019;5;9;4;True
87020;4;9;5;True
87021;1;1;0;True
87022;2;2;0;True
87023;5;16;11;True
87024;5;12;7;True
87025;2;4;2;True
87026;2;4;2;True
87027;5;6;1;True
87028;2;4;2;True
87029;3;6;3;True
87030;1;1;0;True
87031;4;6;2;True
87032;3;9;6;True
87033;9;16;7;True
87034;4;6;2;True
87035;4;4;0;True
87036;1;1;0;True
87037;5;9;4;True
87038;7;16;9;True
87039;2;4;2;True
87040;3;6;3;True
87041;7;12;5;True
87042;3;4;1;True
87043;0;0;0;True
87044;0;0;0;True
87045;5;8;3;True
87046;1;1;0;True
87047;6;9;3;True
87048;5;9;4;True
87049;6;12;6;True
87050;8;12;4;True
87051;2;4;2;True
87052;7;16;9;True
87053;4;8;4;True
87054;7;12;5;True
87055;4;6;2;True
87056;1;1;0;True
87057;2;4;2;True
87058;4;9;5;True
87059;6;16;10;True
87060;2;2;0;True
87061;4;12;8;True
87062;5;12;7;True
87063;4;6;2;True
87064;6;12;6;True
87065;1;1;0;True
87066;8;12;4;True
87067;1;1;0;True
87068;0;0;0;True
87069;6;16;10;True
87070;5;12;7;True
87071;7;12;5;True
87072;5;12;7;True
87073;3;6;3;True
87074;8;16;8;True
87075;5;6;1;True
87076;3;6;3;True
87077;4;12;8;True
87078;3;4;1;True
87079;10;16;6;True
87080;4;6;2;True
87081;2;4;2;True
87082;4;6;2;True
87083;5;8;3;True
87084;1;1;0;True
87085;8;12;4;True
87086;2;4;2;True
87087;2;4;2;True
87088;3;4;1;True
87089;8;12;4;True
87090;0;0;0;True
87091;4;9;5;True
87092;5;12;7;True
87093;5;16;11;True
87094;4;9;5;True
87095;8;16;8;True
87096;9;16;7;True
87097;0;0;0;True
87098;1;1;0;True
87099;0;0;0;True
87100;4;12;8;True
87101;4;6;2;True
87102;4;9;5;True
87103;3;9;6;True
87104;7;12;5;True
87105;0;0;0;True
87106;6;16;10;True
87107;5;12;7;True
87108;0;0;0;True
87109;3;9;6;True
87110;1;1;0;True
87111;5;9;4;True
87112;1;1;0;True
87113;5;9;4;True
87114;2;2;0;True
87115;6;12;6;True
87116;5;12;7;True
87117;6;9;3;True
87118;0;0;0;True
87119;10;16;6;True
87120;4;9;5;True
87121;9;16;7;True
87122;2;4;2;True
87123;7;16;9;True
87124;11;16;5;True
87125;2;4;2;True
87126;2;4;2;True
87127;2;2;0;True
87128;2;4;2;True
87129;3;9;6;True
87130;9;16;7;True
87131;5;16;11;True
87132;4;12;8;True
87133;4;6;2;True
87134;1;1;0;True
87135;4;8;4;True
87136;1;1;0;True
87137;2;2;0;True
87138;7;9;2;True
87139;4;6;2;True
87140;1;1;0;True
87141;6;16;10;True
87142;1;1;0;True
87143;4;9;5;True
87144;2;4;2;True
87145;0;0;0;True
87146;3;6;3;True
87147;3;6;3;True
87148;5;12;7;True
87149;7;12;5;True
87150;6;12;6;True
87151;0;0;0;True
87152;0;0;0;True
87153;3;6;3;True
87154;3;6;3;True
87155;5;6;1;True
87156;3;4;1;True
87157;3;6;3;True
87158;3;6;3;True
87159;2;4;2;True
87160;8;16;8;True
87161;3;4;1;True
87162;3;6;3;True
87163;7;16;9;True
87164;6;16;10;True
87165;0;0;0;True
87166;4;9;5;True
87167;6;12;6;True
87168;4;9;5;True
87169;2;2;0;True
87170;5;12;7;True
87171;1;1;0;True
87172;1;1;0;True
87173;3;4;1;True
87174;4;9;5;True
87175;3;6;3;True
87176;2;2;0;True
87177;6;16;10;True
87178;2;4;2;True
87179;5;8;3;True
87180;1;1;0;True
87181;3;4;1;True
87182;4;9;5;True
87183;3;6;3;True
87184;6;12;6;True
87185;3;6;3;True
87186;7;16;9;True
87187;7;16;9;True
87188;7;12;5;True
87189;4;9;5;True
87190;6;16;10;True
87191;6;12;6;True
87192;3;6;3;True
87193;4;8;4;True
87194;0;0;0;True
87195;4;9;5;True
87196;1;1;0;True
87197;4;6;2;True
87198;3;6;3;True
87199;5;16;11;True
87200;4;9;5;True
87201;5;16;11;True
87202;2;2;0;True
87203;4;9;5;True
87204;4;9;5;True
87205;7;16;9;True
87206;0;0;0;True
87207;2;4;2;True
87208;7;12;5;True
87209;3;9;6;True
87210;2;4;2;True
87211;2;2;0;True
87212;6;16;10;True
87213;3;6;3;True
87214;4;6;2;True
87215;0;0;0;True
87216;4;9;5;True
87217;4;9;5;True
87218;5;8;3;True
87219;3;4;1;True
87220;3;3;0;True
87221;2;2;0;True
87222;6;16;10;True
87223;3;9;6;True
87224;0;0;0;True
87225;4;6;2;True
87226;5;9;4;True
87227;4;6;2;True
87228;1;1;0;True
87229;4;9;5;True
87230;7;12;5;True
87231;7;16;9;True
87232;6;12;6;True
87233;2;4;2;True
87234;6;12;6;True
87235;0;0;0;True
87236;3;6;3;True
87237;0;0;0;True
87238;5;12;7;True
87239;4;6;2;True
87240;2;4;2;True
87241;8;16;8;True
87242;4;12;8;True
87243;6;12;6;True
87244;2;4;2;True
87245;5;9;4;True
87246;7;16;9;True
87247;7;16;9;True
87248;5;9;4;True
87249;6;16;10;True
87250;3;6;3;True
87251;1;1;0;True
87252;0;0;0;True
87253;2;2;0;True
87254;0;0;0;True
87255;1;1;0;True
87256;3;6;3;True
87257;5;12;7;True
87258;3;6;3;True
87259;3;4;1;True
87260;5;12;7;True
87261;7;16;9;True
87262;4;6;2;True
87263;8;16;8;True
87264;5;9;4;True
87265;9;12;3;True
87266;4;9;5;True
87267;5;16;11;True
87268;3;6;3;True
87269;1;1;0;True
87270;4;6;2;True
87271;6;9;3;True
87272;1;1;0;True
87273;2;2;0;True
87274;2;4;2;True
87275;5;12;7;True
87276;5;8;3;True
87277;2;4;2;True
87278;0;0;0;True
87279;1;1;0;True
87280;2;2;0;True
87281;4;12;8;True
87282;8;12;4;True
87283;0;0;0;True
87284;1;1;0;True
87285;2;2;0;True
87286;4;12;8;True
87287;5;9;4;True
87288;7;12;5;True
87289;2;4;2;True
87290;4;9;5;True
87291;3;6;3;True
87292;2;2;0;True
87293;2;2;0;True
87294;4;6;2;True
87295;1;1;0;True
87296;3;3;0;True
87297;1;1;0;True
87298;1;1;0;True
87299;3;6;3;True
87300;5;12;7;True
87301;1;1;0;True
87302;2;4;2;True
87303;4;6;2;True
87304;1;1;0;True
87305;6;16;10;True
87306;1;1;0;True
87307;3;6;3;True
87308;7;12;5;True
87309;4;6;2;True
87310;0;0;0;True
87311;2;4;2;True
87312;2;2;0;True
87313;9;12;3;True
87314;2;4;2;True
87315;7;16;9;True
87316;5;8;3;True
87317;5;9;4;True
87318;3;6;3;True
87319;5;12;7;True
87320;2;2;0;True
87321;0;0;0;True
87322;6;12;6;True
87323;3;6;3;True
87324;1;1;0;True
87325;2;4;2;True
87326;3;6;3;True
87327;1;1;0;True
87328;3;6;3;True
87329;2;4;2;True
87330;0;0;0;True
87331;9;16;7;True
87332;4;9;5;True
87333;4;9;5;True
87334;5;16;11;True
87335;5;12;7;True
87336;6;12;6;True
87337;3;9;6;True
87338;5;12;7;True
87339;6;12;6;True
87340;5;12;7;True
87341;0;0;0;True
87342;2;4;2;True
87343;2;4;2;True
87344;4;9;5;True
87345;8;16;8;True
87346;7;12;5;True
87347;5;8;3;True
87348;5;12;7;True
87349;4;9;5;True
87350;4;9;5;True
87351;3;6;3;True
87352;5;9;4;True
87353;6;16;10;True
87354;10;16;6;True
87355;6;12;6;True
87356;0;0;0;True
87357;6;16;10;True
87358;1;1;0;True
87359;4;6;2;True
87360;6;9;3;True
87361;8;16;8;True
87362;1;1;0;True
87363;6;12;6;True
87364;5;12;7;True
87365;4;9;5;True
87366;4;12;8;True
87367;4;9;5;True
87368;2;4;2;True
87369;4;12;8;True
87370;6;12;6;True
87371;3;6;3;True
87372;6;12;6;True
87373;1;1;0;True
87374;2;4;2;True
87375;3;6;3;True
87376;3;6;3;True
87377;1;1;0;True
87378;2;4;2;True
87379;7;12;5;True
87380;2;4;2;True
87381;5;12;7;True
87382;5;9;4;True
87383;7;12;5;True
87384;5;9;4;True
87385;7;12;5;True
87386;2;2;0;True
87387;1;1;0;True
87388;3;9;6;True
87389;5;12;7;True
87390;0;0;0;True
87391;4;12;8;True
87392;6;9;3;True
87393;1;1;0;True
87394;5;9;4;True
87395;8;16;8;True
87396;5;12;7;True
87397;1;1;0;True
87398;4;12;8;True
87399;5;12;7;True
87400;2;2;0;True
87401;6;9;3;True
87402;3;9;6;True
87403;1;1;0;True
87404;3;4;1;True
87405;1;1;0;True
87406;1;1;0;True
87407;1;1;0;True
87408;2;4;2;True
87409;4;8;4;True
87410;10;16;6;True
87411;4;9;5;True
87412;4;9;5;True
87413;2;2;0;True
87414;5;12;7;True
87415;2;4;2;True
87416;3;4;1;True
87417;4;6;2;True
87418;3;6;3;True
87419;4;12;8;True
87420;7;12;5;True
87421;2;2;0;True
87422;2;4;2;True
87423;2;2;0;True
87424;1;1;0;True
87425;4;9;5;True
87426;0;0;0;True
87427;6;12;6;True
87428;5;16;11;True
87429;4;12;8;True
87430;2;2;0;True
87431;6;16;10;True
87432;7;16;9;True
87433;1;1;0;True
87434;3;6;3;True
87435;1;1;0;True
87436;8;16;8;True
87437;1;1;0;True
87438;4;6;2;True
87439;6;9;3;True
87440;5;16;11;True
87441;6;12;6;True
87442;2;4;2;True
87443;5;16;11;True
87444;1;1;0;True
87445;6;16;10;True
87446;6;8;2;True
87447;1;1;0;True
87448;8;12;4;True
87449;2;4;2;True
87450;6;9;3;True
87451;2;2;0;True
87452;0;0;0;True
87453;1;1;0;True
87454;5;12;7;True
87455;6;16;10;True
87456;0;0;0;True
87457;4;9;5;True
87458;4;9;5;True
87459;4;9;5;True
87460;5;16;11;True
87461;6;12;6;True
87462;9;16;7;True
87463;2;4;2;True
87464;5;12;7;True
87465;3;9;6;True
87466;2;4;2;True
87467;3;9;6;True
87468;3;4;1;True
87469;5;12;7;True
87470;4;9;5;True
87471;1;1;0;True
87472;5;12;7;True
87473;3;3;0;True
87474;1;1;0;True
87475;5;9;4;True
87476;4;12;8;True
87477;2;4;2;True
87478;1;1;0;True
87479;2;2;0;True
87480;3;6;3;True
87481;1;1;0;True
87482;4;12;8;True
87483;4;9;5;True
87484;4;8;4;True
87485;2;2;0;True
87486;7;9;2;True
87487;5;9;4;True
87488;1;1;0;True
87489;2;2;0;True
87490;3;6;3;True
87491;2;4;2;True
87492;2;4;2;True
87493;0;0;0;True
87494;6;16;10;True
87495;5;9;4;True
87496;2;4;2;True
87497;0;0;0;True
87498;2;4;2;True
87499;0;0;0;True
87500;6;12;6;True
87501;7;16;9;True
87502;7;12;5;True
87503;0;0;0;True
87504;6;12;6;True
87505;3;6;3;True
87506;0;0;0;True
87507;5;9;4;True
87508;2;2;0;True
87509;5;9;4;True
87510;7;12;5;True
87511;4;6;2;True
87512;7;16;9;True
87513;3;9;6;True
87514;7;12;5;True
87515;7;12;5;True
87516;4;12;8;True
87517;2;2;0;True
87518;2;4;2;True
87519;4;6;2;True
87520;2;4;2;True
87521;5;12;7;True
87522;3;6;3;True
87523;4;9;5;True
87524;4;9;5;True
87525;1;1;0;True
87526;6;9;3;True
87527;0;0;0;True
87528;7;12;5;True
87529;4;6;2;True
87530;3;6;3;True
87531;4;9;5;True
87532;3;6;3;True
87533;2;4;2;True
87534;4;9;5;True
87535;3;6;3;True
87536;2;4;2;True
87537;4;12;8;True
87538;1;1;0;True
87539;6;12;6;True
87540;3;9;6;True
87541;4;6;2;True
87542;4;6;2;True
87543;0;0;0;True
87544;4;8;4;True
87545;6;12;6;True
87546;5;9;4;True
87547;7;12;5;True
87548;2;4;2;True
87549;5;9;4;True
87550;3;6;3;True
87551;3;6;3;True
87552;2;2;0;True
87553;3;9;6;True
87554;2;4;2;True
87555;1;1;0;True
87556;4;9;5;True
87557;3;3;0;True
87558;4;6;2;True
87559;1;1;0;True
87560;1;1;0;True
87561;7;12;5;True
87562;3;6;3;True
87563;3;9;6;True
87564;4;9;5;True
87565;4;6;2;True
87566;3;4;1;True
87567;1;1;0;True
87568;2;4;2;True
87569;3;6;3;True
87570;0;0;0;True
87571;2;2;0;True
87572;0;0;0;True
87573;0;0;0;True
87574;4;6;2;True
87575;6;12;6;True
87576;0;0;0;True
87577;3;4;1;True
87578;1;1;0;True
87579;7;16;9;True
87580;4;6;2;True
87581;5;12;7;True
87582;3;4;1;True
87583;9;16;7;True
87584;6;9;3;True
87585;4;6;2;True
87586;7;12;5;True
87587;4;8;4;True
87588;8;12;4;True
87589;2;2;0;True
87590;2;4;2;True
87591;6;12;6;True
87592;0;0;0;True
87593;3;6;3;True
87594;1;1;0;True
87595;6;9;3;True
87596;3;6;3;True
87597;5;9;4;True
87598;4;6;2;True
87599;9;16;7;True
87600;3;3;0;True
87601;3;4;1;True
87602;1;1;0;True
87603;0;0;0;True
87604;2;2;0;True
87605;1;1;0;True
87606;6;6;0;True
87607;2;4;2;True
87608;7;12;5;True
87609;1;1;0;True
87610;5;12;7;True
87611;6;9;3;True
87612;6;12;6;True
87613;4;12;8;True
87614;3;4;1;True
87615;3;6;3;True
87616;1;1;0;True
87617;4;6;2;True
87618;6;16;10;True
87619;5;9;4;True
87620;3;9;6;True
87621;5;16;11;True
87622;0;0;0;True
87623;3;6;3;True
87624;3;9;6;True
87625;3;6;3;True
87626;2;2;0;True
87627;3;6;3;True
87628;6;12;6;True
87629;4;9;5;True
87630;3;4;1;True
87631;7;16;9;True
87632;6;12;6;True
87633;1;1;0;True
87634;8;16;8;True
87635;3;4;1;True
87636;4;9;5;True
87637;4;9;5;True
87638;3;9;6;True
87639;1;1;0;True
87640;0;0;0;True
87641;2;2;0;True
87642;8;12;4;True
87643;5;6;1;True
87644;3;9;6;True
87645;1;1;0;True
87646;7;16;9;True
87647;2;4;2;True
87648;5;8;3;True
87649;0;0;0;True
87650;3;6;3;True
87651;2;4;2;True
87652;3;6;3;True
87653;1;1;0;True
87654;4;8;4;True
87655;1;1;0;True
87656;1;1;0;True
87657;0;0;0;True
87658;10;16;6;True
87659;6;16;10;True
87660;7;9;2;True
87661;2;4;2;True
87662;5;12;7;True
87663;3;3;0;True
87664;0;0;0;True
87665;4;8;4;True
87666;2;2;0;True
87667;2;4;2;True
87668;2;4;2;True
87669;5;9;4;True
87670;1;1;0;True
87671;4;6;2;True
87672;2;2;0;True
87673;3;6;3;True
87674;0;0;0;True
87675;1;1;0;True
87676;8;16;8;True
87677;5;12;7;True
87678;1;1;0;True
87679;0;0;0;True
87680;6;16;10;True
87681;4;9;5;True
87682;0;0;0;True
87683;0;0;0;True
87684;1;1;0;True
87685;1;1;0;True
87686;3;9;6;True
87687;3;4;1;True
87688;1;1;0;True
87689;4;9;5;True
87690;7;16;9;True
87691;7;12;5;True
87692;4;12;8;True
87693;5;6;1;True
87694;1;1;0;True
87695;4;12;8;True
87696;1;1;0;True
87697;0;0;0;True
87698;3;4;1;True
87699;1;1;0;True
87700;7;12;5;True
87701;1;1;0;True
87702;6;16;10;True
87703;4;6;2;True
87704;2;2;0;True
87705;5;9;4;True
87706;1;1;0;True
87707;2;4;2;True
87708;5;12;7;True
87709;3;4;1;True
87710;3;6;3;True
87711;6;12;6;True
87712;1;1;0;True
87713;7;16;9;True
87714;2;2;0;True
87715;4;12;8;True
87716;5;12;7;True
87717;3;4;1;True
87718;2;4;2;True
87719;3;6;3;True
87720;6;16;10;True
87721;1;1;0;True
87722;4;6;2;True
87723;4;6;2;True
87724;4;12;8;True
87725;2;2;0;True
87726;1;1;0;True
87727;3;6;3;True
87728;5;16;11;True
87729;6;16;10;True
87730;10;16;6;True
87731;2;4;2;True
87732;4;9;5;True
87733;1;1;0;True
87734;8;12;4;True
87735;4;12;8;True
87736;8;16;8;True
87737;2;4;2;True
87738;4;9;5;True
87739;4;6;2;True
87740;4;6;2;True
87741;1;1;0;True
87742;1;1;0;True
87743;6;16;10;True
87744;6;12;6;True
87745;5;9;4;True
87746;6;16;10;True
87747;2;2;0;True
87748;5;8;3;True
87749;6;12;6;True
87750;3;6;3;True
87751;5;9;4;True
87752;2;4;2;True
87753;5;9;4;True
87754;3;6;3;True
87755;4;9;5;True
87756;3;9;6;True
87757;0;0;0;True
87758;2;4;2;True
87759;4;4;0;True
87760;5;8;3;True
87761;8;16;8;True
87762;0;0;0;True
87763;1;1;0;True
87764;6;12;6;True
87765;1;1;0;True
87766;6;12;6;True
87767;6;8;2;True
87768;7;16;9;True
87769;2;2;0;True
87770;4;6;2;True
87771;1;1;0;True
87772;3;4;1;True
87773;3;6;3;True
87774;6;12;6;True
87775;4;6;2;True
87776;1;1;0;True
87777;6;12;6;True
87778;2;4;2;True
87779;2;2;0;True
87780;2;2;0;True
87781;2;4;2;True
87782;3;4;1;True
87783;5;9;4;True
87784;6;12;6;True
87785;7;16;9;True
87786;6;9;3;True
87787;0;0;0;True
87788;5;12;7;True
87789;4;6;2;True
87790;3;6;3;True
87791;7;12;5;True
87792;2;4;2;True
87793;4;12;8;True
87794;1;1;0;True
87795;6;16;10;True
87796;1;1;0;True
87797;5;12;7;True
87798;7;16;9;True
87799;3;4;1;True
87800;3;9;6;True
87801;5;12;7;True
87802;3;6;3;True
87803;3;3;0;True
87804;1;1;0;True
87805;4;9;5;True
87806;2;2;0;True
87807;8;16;8;True
87808;6;9;3;True
87809;3;6;3;True
87810;8;16;8;True
87811;4;6;2;True
87812;3;6;3;True
87813;3;4;1;True
87814;3;6;3;True
87815;3;4;1;True
87816;5;8;3;True
87817;6;12;6;True
87818;5;6;1;True
87819;6;16;10;True
87820;6;12;6;True
87821;4;6;2;True
87822;2;4;2;True
87823;4;9;5;True
87824;6;16;10;True
87825;3;4;1;True
87826;9;16;7;True
87827;3;6;3;True
87828;3;6;3;True
87829;4;9;5;True
87830;4;6;2;True
87831;2;2;0;True
87832;1;1;0;True
87833;5;12;7;True
87834;1;1;0;True
87835;1;1;0;True
87836;1;1;0;True
87837;4;6;2;True
87838;5;9;4;True
87839;1;1;0;True
87840;5;12;7;True
87841;4;9;5;True
87842;2;2;0;True
87843;2;4;2;True
87844;7;16;9;True
87845;0;0;0;True
87846;6;16;10;True
87847;2;4;2;True
87848;3;6;3;True
87849;5;9;4;True
87850;2;2;0;True
87851;2;2;0;True
87852;6;12;6;True
87853;4;6;2;True
87854;0;0;0;True
87855;6;12;6;True
87856;2;4;2;True
87857;5;9;4;True
87858;4;6;2;True
87859;3;9;6;True
87860;3;9;6;True
87861;4;6;2;True
87862;3;6;3;True
87863;6;8;2;True
87864;5;12;7;True
87865;2;2;0;True
87866;4;6;2;True
87867;4;8;4;True
87868;0;0;0;True
87869;7;16;9;True
87870;6;16;10;True
87871;3;6;3;True
87872;4;9;5;True
87873;5;12;7;True
87874;1;1;0;True
87875;3;9;6;True
87876;2;4;2;True
87877;3;6;3;True
87878;7;8;1;True
87879;6;9;3;True
87880;2;4;2;True
87881;5;9;4;True
87882;1;1;0;True
87883;7;16;9;True
87884;4;6;2;True
87885;2;2;0;True
87886;4;9;5;True
87887;2;4;2;True
87888;3;6;3;True
87889;0;0;0;True
87890;6;16;10;True
87891;5;12;7;True
87892;7;12;5;True
87893;4;6;2;True
87894;5;16;11;True
87895;6;16;10;True
87896;0;0;0;True
87897;8;12;4;True
87898;3;6;3;True
87899;6;12;6;True
87900;5;12;7;True
87901;0;0;0;True
87902;3;6;3;True
87903;2;2;0;True
87904;4;9;5;True
87905;7;12;5;True
87906;1;1;0;True
87907;2;4;2;True
87908;7;9;2;True
87909;1;1;0;True
87910;5;12;7;True
87911;5;9;4;True
87912;1;1;0;True
87913;4;6;2;True
87914;6;12;6;True
87915;2;4;2;True
87916;4;12;8;True
87917;8;12;4;True
87918;3;9;6;True
87919;2;2;0;True
87920;3;6;3;True
87921;2;4;2;True
87922;0;0;0;True
87923;2;2;0;True
87924;4;6;2;True
87925;6;12;6;True
87926;1;1;0;True
87927;2;4;2;True
87928;5;9;4;True
87929;3;4;1;True
87930;6;12;6;True
87931;3;4;1;True
87932;1;1;0;True
87933;7;16;9;True
87934;4;9;5;True
87935;5;12;7;True
87936;2;4;2;True
87937;0;0;0;True
87938;4;6;2;True
87939;5;12;7;True
87940;7;16;9;True
87941;3;4;1;True
87942;1;1;0;True
87943;1;1;0;True
87944;7;16;9;True
87945;8;16;8;True
87946;10;16;6;True
87947;3;4;1;True
87948;7;16;9;True
87949;3;6;3;True
87950;3;9;6;True
87951;5;9;4;True
87952;9;16;7;True
87953;5;12;7;True
87954;8;16;8;True
87955;5;9;4;True
87956;4;9;5;True
87957;4;8;4;True
87958;4;16;12;True
87959;4;6;2;True
87960;6;8;2;True
87961;4;9;5;True
87962;5;12;7;True
87963;5;6;1;True
87964;6;12;6;True
87965;2;4;2;True
87966;3;6;3;True
87967;4;12;8;True
87968;4;9;5;True
87969;1;1;0;True
87970;5;8;3;True
87971;5;12;7;True
87972;7;9;2;True
87973;0;0;0;True
87974;0;0;0;True
87975;2;4;2;True
87976;2;4;2;True
87977;0;0;0;True
87978;3;4;1;True
87979;3;9;6;True
87980;6;12;6;True
87981;1;1;0;True
87982;4;12;8;True
87983;7;16;9;True
87984;3;6;3;True
87985;2;2;0;True
87986;6;12;6;True
87987;4;4;0;True
87988;6;12;6;True
87989;3;6;3;True
87990;3;6;3;True
87991;4;12;8;True
87992;2;2;0;True
87993;1;1;0;True
87994;4;9;5;True
87995;3;6;3;True
87996;0;0;0;True
87997;7;16;9;True
87998;4;9;5;True
87999;4;9;5;True
88000;3;6;3;True
88001;4;8;4;True
88002;5;8;3;True
88003;4;9;5;True
88004;5;16;11;True
88005;1;1;0;True
88006;4;9;5;True
88007;2;2;0;True
88008;5;12;7;True
88009;4;6;2;True
88010;8;16;8;True
88011;0;0;0;True
88012;2;4;2;True
88013;7;12;5;True
88014;8;12;4;True
88015;9;12;3;True
88016;1;1;0;True
88017;1;1;0;True
88018;4;6;2;True
88019;7;12;5;True
88020;2;4;2;True
88021;2;4;2;True
88022;5;9;4;True
88023;0;0;0;True
88024;6;12;6;True
88025;2;4;2;True
88026;2;2;0;True
88027;1;1;0;True
88028;4;8;4;True
88029;0;0;0;True
88030;5;16;11;True
88031;4;12;8;True
88032;4;6;2;True
88033;2;2;0;True
88034;2;4;2;True
88035;2;2;0;True
88036;4;12;8;True
88037;4;6;2;True
88038;5;12;7;True
88039;3;9;6;True
88040;4;9;5;True
88041;5;12;7;True
88042;5;12;7;True
88043;1;1;0;True
88044;7;16;9;True
88045;4;9;5;True
88046;4;6;2;True
88047;1;1;0;True
88048;2;4;2;True
88049;4;9;5;True
88050;1;1;0;True
88051;6;16;10;True
88052;3;6;3;True
88053;1;1;0;True
88054;3;6;3;True
88055;3;6;3;True
88056;3;4;1;True
88057;4;9;5;True
88058;2;4;2;True
88059;2;2;0;True
88060;0;0;0;True
88061;6;12;6;True
88062;3;9;6;True
88063;3;4;1;True
88064;5;12;7;True
88065;2;4;2;True
88066;5;12;7;True
88067;6;12;6;True
88068;0;0;0;True
88069;7;12;5;True
88070;3;6;3;True
88071;6;16;10;True
88072;0;0;0;True
88073;2;4;2;True
88074;2;2;0;True
88075;5;16;11;True
88076;2;4;2;True
88077;2;2;0;True
88078;4;6;2;True
88079;4;9;5;True
88080;2;4;2;True
88081;3;3;0;True
88082;3;4;1;True
88083;6;16;10;True
88084;4;6;2;True
88085;4;8;4;True
88086;1;1;0;True
88087;7;12;5;True
88088;3;4;1;True
88089;2;2;0;True
88090;8;16;8;True
88091;1;1;0;True
88092;3;6;3;True
88093;4;9;5;True
88094;1;1;0;True
88095;2;4;2;True
88096;3;6;3;True
88097;5;9;4;True
88098;6;9;3;True
88099;7;16;9;True
88100;4;9;5;True
88101;5;12;7;True
88102;5;9;4;True
88103;3;9;6;True
88104;4;6;2;True
88105;5;16;11;True
88106;0;0;0;True
88107;6;12;6;True
88108;7;16;9;True
88109;7;16;9;True
88110;4;12;8;True
88111;5;9;4;True
88112;0;0;0;True
88113;2;4;2;True
88114;3;6;3;True
88115;4;9;5;True
88116;1;1;0;True
88117;4;12;8;True
88118;2;2;0;True
88119;6;16;10;True
88120;2;4;2;True
88121;2;2;0;True
88122;2;4;2;True
88123;5;12;7;True
88124;4;9;5;True
88125;6;9;3;True
88126;0;0;0;True
88127;1;1;0;True
88128;3;6;3;True
88129;9;16;7;True
88130;2;2;0;True
88131;5;9;4;True
88132;7;12;5;True
88133;6;16;10;True
88134;9;16;7;True
88135;0;0;0;True
88136;7;16;9;True
88137;2;4;2;True
88138;4;9;5;True
88139;3;6;3;True
88140;4;6;2;True
88141;1;1;0;True
88142;3;6;3;True
88143;5;9;4;True
88144;5;9;4;True
88145;7;16;9;True
88146;8;16;8;True
88147;6;9;3;True
88148;3;3;0;True
88149;1;1;0;True
88150;5;16;11;True
88151;1;1;0;True
88152;4;6;2;True
88153;7;16;9;True
88154;5;8;3;True
88155;3;6;3;True
88156;7;9;2;True
88157;2;2;0;True
88158;4;9;5;True
88159;2;2;0;True
88160;5;9;4;True
88161;8;16;8;True
88162;2;4;2;True
88163;0;0;0;True
88164;8;12;4;True
88165;5;12;7;True
88166;4;6;2;True
88167;6;9;3;True
88168;5;9;4;True
88169;4;6;2;True
88170;2;4;2;True
88171;6;16;10;True
88172;4;16;12;True
88173;1;1;0;True
88174;2;4;2;True
88175;2;4;2;True
88176;3;6;3;True
88177;6;12;6;True
88178;4;9;5;True
88179;4;9;5;True
88180;4;6;2;True
88181;4;9;5;True
88182;4;9;5;True
88183;2;4;2;True
88184;4;9;5;True
88185;6;16;10;True
88186;6;16;10;True
88187;3;6;3;True
88188;3;6;3;True
88189;2;2;0;True
88190;2;4;2;True
88191;2;4;2;True
88192;1;1;0;True
88193;3;3;0;True
88194;7;12;5;True
88195;2;2;0;True
88196;4;9;5;True
88197;4;8;4;True
88198;5;8;3;True
88199;9;16;7;True
88200;6;12;6;True
88201;3;6;3;True
88202;4;6;2;True
88203;5;16;11;True
88204;2;4;2;True
88205;3;6;3;True
88206;0;0;0;True
88207;6;12;6;True
88208;7;12;5;True
88209;8;16;8;True
88210;3;6;3;True
88211;5;12;7;True
88212;5;9;4;True
88213;5;9;4;True
88214;1;1;0;True
88215;3;4;1;True
88216;1;1;0;True
88217;6;16;10;True
88218;5;12;7;True
88219;2;2;0;True
88220;5;12;7;True
88221;2;2;0;True
88222;3;6;3;True
88223;2;4;2;True
88224;3;4;1;True
88225;1;1;0;True
88226;10;16;6;True
88227;9;16;7;True
88228;4;6;2;True
88229;2;4;2;True
88230;8;16;8;True
88231;2;2;0;True
88232;4;9;5;True
88233;2;4;2;True
88234;4;9;5;True
88235;4;6;2;True
88236;5;9;4;True
88237;2;2;0;True
88238;6;12;6;True
88239;2;4;2;True
88240;6;12;6;True
88241;2;2;0;True
88242;1;1;0;True
88243;0;0;0;True
88244;5;9;4;True
88245;5;12;7;True
88246;6;12;6;True
88247;3;6;3;True
88248;4;9;5;True
88249;4;9;5;True
88250;7;9;2;True
88251;3;6;3;True
88252;1;1;0;True
88253;3;6;3;True
88254;4;9;5;True
88255;1;1;0;True
88256;7;12;5;True
88257;4;12;8;True
88258;6;12;6;True
88259;3;9;6;True
88260;2;2;0;True
88261;1;1;0;True
88262;6;9;3;True
88263;1;1;0;True
88264;5;16;11;True
88265;2;2;0;True
88266;3;6;3;True
88267;3;6;3;True
88268;7;16;9;True
88269;3;4;1;True
88270;0;0;0;True
88271;1;1;0;True
88272;4;9;5;True
88273;2;2;0;True
88274;5;9;4;True
88275;1;1;0;True
88276;5;12;7;True
88277;7;12;5;True
88278;4;12;8;True
88279;1;1;0;True
88280;3;4;1;True
88281;3;6;3;True
88282;0;0;0;True
88283;2;4;2;True
88284;2;4;2;True
88285;5;12;7;True
88286;7;16;9;True
88287;4;12;8;True
88288;3;6;3;True
88289;3;4;1;True
88290;2;4;2;True
88291;6;12;6;True
88292;0;0;0;True
88293;3;9;6;True
88294;7;12;5;True
88295;3;9;6;True
88296;1;1;0;True
88297;4;9;5;True
88298;4;8;4;True
88299;3;4;1;True
88300;3;4;1;True
88301;3;6;3;True
88302;4;12;8;True
88303;3;6;3;True
88304;1;1;0;True
88305;0;0;0;True
88306;5;12;7;True
88307;7;12;5;True
88308;5;12;7;True
88309;2;4;2;True
88310;1;1;0;True
88311;4;8;4;True
88312;9;12;3;True
88313;0;0;0;True
88314;5;9;4;True
88315;2;2;0;True
88316;3;4;1;True
88317;9;16;7;True
88318;1;1;0;True
88319;3;6;3;True
88320;1;1;0;True
88321;1;1;0;True
88322;5;12;7;True
88323;1;1;0;True
88324;5;6;1;True
88325;4;12;8;True
88326;6;9;3;True
88327;2;2;0;True
88328;7;12;5;True
88329;5;9;4;True
88330;2;4;2;True
88331;5;8;3;True
88332;3;9;6;True
88333;2;4;2;True
88334;6;12;6;True
88335;2;2;0;True
88336;7;12;5;True
88337;3;6;3;True
88338;5;6;1;True
88339;4;9;5;True
88340;7;16;9;True
88341;5;12;7;True
88342;1;1;0;True
88343;3;4;1;True
88344;4;9;5;True
88345;1;1;0;True
88346;1;1;0;True
88347;8;12;4;True
88348;6;12;6;True
88349;5;12;7;True
88350;6;9;3;True
88351;0;0;0;True
88352;2;4;2;True
88353;2;4;2;True
88354;6;12;6;True
88355;5;12;7;True
88356;6;16;10;True
88357;5;12;7;True
88358;1;1;0;True
88359;1;1;0;True
88360;6;12;6;True
88361;4;8;4;True
88362;9;16;7;True
88363;1;1;0;True
88364;6;16;10;True
88365;7;12;5;True
88366;5;12;7;True
88367;0;0;0;True
88368;6;12;6;True
88369;3;6;3;True
88370;1;1;0;True
88371;3;6;3;True
88372;6;9;3;True
88373;2;4;2;True
88374;5;8;3;True
88375;6;12;6;True
88376;4;6;2;True
88377;1;1;0;True
88378;2;4;2;True
88379;7;12;5;True
88380;1;1;0;True
88381;5;12;7;True
88382;3;9;6;True
88383;1;1;0;True
88384;3;9;6;True
88385;3;4;1;True
88386;6;12;6;True
88387;1;1;0;True
88388;7;16;9;True
88389;2;4;2;True
88390;2;4;2;True
88391;5;12;7;True
88392;6;12;6;True
88393;4;9;5;True
88394;5;12;7;True
88395;6;9;3;True
88396;6;16;10;True
88397;2;4;2;True
88398;2;4;2;True
88399;3;6;3;True
88400;4;8;4;True
88401;4;9;5;True
88402;6;8;2;True
88403;3;9;6;True
88404;0;0;0;True
88405;1;1;0;True
88406;1;1;0;True
88407;3;4;1;True
88408;2;2;0;True
88409;7;12;5;True
88410;4;12;8;True
88411;0;0;0;True
88412;2;2;0;True
88413;9;12;3;True
88414;3;6;3;True
88415;8;12;4;True
88416;7;16;9;True
88417;3;6;3;True
88418;4;8;4;True
88419;0;0;0;True
88420;3;6;3;True
88421;6;16;10;True
88422;4;9;5;True
88423;2;4;2;True
88424;0;0;0;True
88425;2;4;2;True
88426;6;12;6;True
88427;5;9;4;True
88428;4;12;8;True
88429;3;6;3;True
88430;4;8;4;True
88431;0;0;0;True
88432;4;9;5;True
88433;1;1;0;True
88434;1;1;0;True
88435;3;9;6;True
88436;0;0;0;True
88437;2;2;0;True
88438;5;6;1;True
88439;1;1;0;True
88440;4;9;5;True
88441;7;16;9;True
88442;3;4;1;True
88443;5;6;1;True
88444;10;16;6;True
88445;2;2;0;True
88446;4;6;2;True
88447;0;0;0;True
88448;6;12;6;True
88449;1;1;0;True
88450;4;9;5;True
88451;3;6;3;True
88452;3;6;3;True
88453;2;2;0;True
88454;3;4;1;True
88455;1;1;0;True
88456;0;0;0;True
88457;4;9;5;True
88458;0;0;0;True
88459;2;2;0;True
88460;0;0;0;True
88461;3;9;6;True
88462;3;6;3;True
88463;1;1;0;True
88464;4;8;4;True
88465;3;9;6;True
88466;2;2;0;True
88467;3;9;6;True
88468;3;6;3;True
88469;4;9;5;True
88470;4;12;8;True
88471;2;4;2;True
88472;3;6;3;True
88473;3;4;1;True
88474;2;4;2;True
88475;6;16;10;True
88476;0;0;0;True
88477;4;9;5;True
88478;1;1;0;True
88479;6;12;6;True
88480;5;12;7;True
88481;6;12;6;True
88482;8;16;8;True
88483;6;12;6;True
88484;5;9;4;True
88485;6;16;10;True
88486;1;1;0;True
88487;2;2;0;True
88488;1;1;0;True
88489;3;3;0;True
88490;4;9;5;True
88491;6;12;6;True
88492;6;16;10;True
88493;4;6;2;True
88494;10;16;6;True
88495;11;16;5;True
88496;1;1;0;True
88497;4;12;8;True
88498;5;9;4;True
88499;1;1;0;True
88500;5;12;7;True
88501;8;16;8;True
88502;4;6;2;True
88503;2;2;0;True
88504;5;12;7;True
88505;4;9;5;True
88506;6;12;6;True
88507;1;1;0;True
88508;6;12;6;True
88509;5;9;4;True
88510;6;8;2;True
88511;1;1;0;True
88512;8;16;8;True
88513;1;1;0;True
88514;4;4;0;True
88515;6;12;6;True
88516;0;0;0;True
88517;0;0;0;True
88518;3;9;6;True
88519;7;16;9;True
88520;4;9;5;True
88521;4;9;5;True
88522;4;6;2;True
88523;4;6;2;True
88524;2;4;2;True
88525;3;4;1;True
88526;7;12;5;True
88527;3;4;1;True
88528;0;0;0;True
88529;3;4;1;True
88530;6;12;6;True
88531;3;3;0;True
88532;7;16;9;True
88533;4;9;5;True
88534;5;9;4;True
88535;4;9;5;True
88536;5;9;4;True
88537;0;0;0;True
88538;2;4;2;True
88539;6;16;10;True
88540;4;9;5;True
88541;9;16;7;True
88542;6;12;6;True
88543;4;12;8;True
88544;11;16;5;True
88545;1;1;0;True
88546;4;9;5;True
88547;3;4;1;True
88548;2;2;0;True
88549;2;4;2;True
88550;4;9;5;True
88551;3;4;1;True
88552;2;4;2;True
88553;2;4;2;True
88554;4;6;2;True
88555;3;6;3;True
88556;3;6;3;True
88557;3;6;3;True
88558;2;4;2;True
88559;2;4;2;True
88560;2;4;2;True
88561;2;4;2;True
88562;4;6;2;True
88563;0;0;0;True
88564;4;9;5;True
88565;5;12;7;True
88566;3;9;6;True
88567;5;12;7;True
88568;6;12;6;True
88569;1;1;0;True
88570;6;12;6;True
88571;0;0;0;True
88572;5;9;4;True
88573;4;12;8;True
88574;7;16;9;True
88575;5;12;7;True
88576;3;4;1;True
88577;2;2;0;True
88578;2;2;0;True
88579;6;12;6;True
88580;4;6;2;True
88581;3;6;3;True
88582;4;6;2;True
88583;3;4;1;True
88584;0;0;0;True
88585;2;4;2;True
88586;3;6;3;True
88587;4;12;8;True
88588;7;16;9;True
88589;3;9;6;True
88590;2;4;2;True
88591;4;6;2;True
88592;3;6;3;True
88593;6;12;6;True
88594;6;12;6;True
88595;0;0;0;True
88596;3;6;3;True
88597;2;2;0;True
88598;2;4;2;True
88599;0;0;0;True
88600;9;16;7;True
88601;6;9;3;True
88602;5;8;3;True
88603;3;6;3;True
88604;6;12;6;True
88605;0;0;0;True
88606;4;6;2;True
88607;1;1;0;True
88608;3;4;1;True
88609;3;6;3;True
88610;2;2;0;True
88611;7;16;9;True
88612;3;3;0;True
88613;5;12;7;True
88614;4;12;8;True
88615;2;4;2;True
88616;5;9;4;True
88617;1;1;0;True
88618;4;6;2;True
88619;3;4;1;True
88620;3;6;3;True
88621;3;9;6;True
88622;5;9;4;True
88623;5;12;7;True
88624;2;4;2;True
88625;5;12;7;True
88626;1;1;0;True
88627;5;12;7;True
88628;6;9;3;True
88629;3;6;3;True
88630;5;12;7;True
88631;4;9;5;True
88632;8;16;8;True
88633;1;1;0;True
88634;2;4;2;True
88635;6;12;6;True
88636;3;6;3;True
88637;1;1;0;True
88638;5;12;7;True
88639;3;4;1;True
88640;4;9;5;True
88641;11;16;5;True
88642;3;6;3;True
88643;4;9;5;True
88644;4;9;5;True
88645;1;1;0;True
88646;4;8;4;True
88647;3;4;1;True
88648;5;16;11;True
88649;6;16;10;True
88650;6;16;10;True
88651;4;9;5;True
88652;5;9;4;True
88653;4;9;5;True
88654;4;12;8;True
88655;2;2;0;True
88656;6;12;6;True
88657;6;12;6;True
88658;4;9;5;True
88659;8;16;8;True
88660;2;2;0;True
88661;3;6;3;True
88662;2;4;2;True
88663;3;6;3;True
88664;6;12;6;True
88665;1;1;0;True
88666;1;1;0;True
88667;2;2;0;True
88668;4;6;2;True
88669;1;1;0;True
88670;3;6;3;True
88671;6;9;3;True
88672;1;1;0;True
88673;2;4;2;True
88674;3;6;3;True
88675;0;0;0;True
88676;6;12;6;True
88677;6;16;10;True
88678;7;12;5;True
88679;2;4;2;True
88680;4;12;8;True
88681;9;16;7;True
88682;6;12;6;True
88683;8;12;4;True
88684;4;9;5;True
88685;1;1;0;True
88686;3;6;3;True
88687;4;9;5;True
88688;6;12;6;True
88689;5;12;7;True
88690;7;9;2;True
88691;4;9;5;True
88692;9;12;3;True
88693;7;16;9;True
88694;3;9;6;True
88695;5;9;4;True
88696;4;8;4;True
88697;8;16;8;True
88698;5;12;7;True
88699;5;12;7;True
88700;3;4;1;True
88701;2;4;2;True
88702;1;1;0;True
88703;5;8;3;True
88704;8;12;4;True
88705;6;9;3;True
88706;5;16;11;True
88707;4;9;5;True
88708;3;6;3;True
88709;3;9;6;True
88710;11;16;5;True
88711;2;2;0;True
88712;5;12;7;True
88713;4;8;4;True
88714;7;12;5;True
88715;5;12;7;True
88716;0;0;0;True
88717;3;9;6;True
88718;5;9;4;True
88719;4;6;2;True
88720;5;12;7;True
88721;4;4;0;True
88722;3;6;3;True
88723;4;6;2;True
88724;1;1;0;True
88725;7;12;5;True
88726;0;0;0;True
88727;4;9;5;True
88728;2;2;0;True
88729;4;16;12;True
88730;2;2;0;True
88731;2;4;2;True
88732;9;12;3;True
88733;2;4;2;True
88734;9;16;7;True
88735;4;9;5;True
88736;0;0;0;True
88737;2;4;2;True
88738;2;2;0;True
88739;4;9;5;True
88740;0;0;0;True
88741;1;1;0;True
88742;4;12;8;True
88743;9;16;7;True
88744;6;12;6;True
88745;4;6;2;True
88746;1;1;0;True
88747;6;12;6;True
88748;4;4;0;True
88749;2;4;2;True
88750;2;4;2;True
88751;5;12;7;True
88752;6;16;10;True
88753;2;4;2;True
88754;2;4;2;True
88755;7;16;9;True
88756;5;8;3;True
88757;8;16;8;True
88758;3;6;3;True
88759;1;1;0;True
88760;6;12;6;True
88761;6;16;10;True
88762;6;9;3;True
88763;3;4;1;True
88764;1;1;0;True
88765;7;12;5;True
88766;4;12;8;True
88767;6;12;6;True
88768;1;1;0;True
88769;4;12;8;True
88770;2;4;2;True
88771;4;9;5;True
88772;4;6;2;True
88773;3;6;3;True
88774;7;12;5;True
88775;7;12;5;True
88776;3;6;3;True
88777;1;1;0;True
88778;4;9;5;True
88779;2;4;2;True
88780;4;9;5;True
88781;4;8;4;True
88782;2;2;0;True
88783;3;6;3;True
88784;2;4;2;True
88785;10;16;6;True
88786;1;1;0;True
88787;2;4;2;True
88788;1;1;0;True
88789;4;6;2;True
88790;4;9;5;True
88791;1;1;0;True
88792;2;2;0;True
88793;3;6;3;True
88794;6;12;6;True
88795;4;9;5;True
88796;5;9;4;True
88797;6;12;6;True
88798;4;9;5;True
88799;5;12;7;True
88800;3;4;1;True
88801;2;2;0;True
88802;1;1;0;True
88803;4;6;2;True
88804;2;4;2;True
88805;2;4;2;True
88806;3;4;1;True
88807;3;6;3;True
88808;4;12;8;True
88809;0;0;0;True
88810;9;16;7;True
88811;6;9;3;True
88812;3;3;0;True
88813;6;16;10;True
88814;2;2;0;True
88815;5;9;4;True
88816;2;4;2;True
88817;4;9;5;True
88818;5;12;7;True
88819;2;2;0;True
88820;3;6;3;True
88821;5;8;3;True
88822;2;4;2;True
88823;6;16;10;True
88824;1;1;0;True
88825;4;6;2;True
88826;4;9;5;True
88827;5;12;7;True
88828;2;4;2;True
88829;4;12;8;True
88830;2;4;2;True
88831;1;1;0;True
88832;3;9;6;True
88833;2;4;2;True
88834;3;9;6;True
88835;7;16;9;True
88836;7;16;9;True
88837;2;4;2;True
88838;3;4;1;True
88839;2;4;2;True
88840;3;9;6;True
88841;5;9;4;True
88842;1;1;0;True
88843;7;12;5;True
88844;2;4;2;True
88845;6;12;6;True
88846;5;9;4;True
88847;1;1;0;True
88848;4;6;2;True
88849;8;16;8;True
88850;4;8;4;True
88851;7;8;1;True
88852;3;6;3;True
88853;12;16;4;True
88854;3;6;3;True
88855;3;4;1;True
88856;0;0;0;True
88857;6;16;10;True
88858;4;16;12;True
88859;3;6;3;True
88860;6;12;6;True
88861;5;16;11;True
88862;4;8;4;True
88863;10;16;6;True
88864;1;1;0;True
88865;1;1;0;True
88866;2;2;0;True
88867;5;8;3;True
88868;5;6;1;True
88869;7;12;5;True
88870;3;9;6;True
88871;3;4;1;True
88872;4;6;2;True
88873;0;0;0;True
88874;5;16;11;True
88875;2;2;0;True
88876;1;1;0;True
88877;1;1;0;True
88878;2;2;0;True
88879;6;16;10;True
88880;2;4;2;True
88881;3;6;3;True
88882;6;12;6;True
88883;1;1;0;True
88884;9;12;3;True
88885;0;0;0;True
88886;2;4;2;True
88887;5;12;7;True
88888;2;2;0;True
88889;3;6;3;True
88890;2;4;2;True
88891;1;1;0;True
88892;3;3;0;True
88893;1;1;0;True
88894;6;8;2;True
88895;1;1;0;True
88896;7;16;9;True
88897;7;16;9;True
88898;5;9;4;True
88899;5;12;7;True
88900;1;1;0;True
88901;6;12;6;True
88902;11;16;5;True
88903;0;0;0;True
88904;3;6;3;True
88905;7;16;9;True
88906;7;9;2;True
88907;8;16;8;True
88908;0;0;0;True
88909;4;6;2;True
88910;4;9;5;True
88911;5;12;7;True
88912;6;12;6;True
88913;4;8;4;True
88914;4;8;4;True
88915;4;9;5;True
88916;8;16;8;True
88917;7;12;5;True
88918;7;12;5;True
88919;4;6;2;True
88920;6;12;6;True
88921;4;9;5;True
88922;3;4;1;True
88923;3;6;3;True
88924;6;8;2;True
88925;3;4;1;True
88926;4;6;2;True
88927;5;12;7;True
88928;5;16;11;True
88929;3;6;3;True
88930;4;9;5;True
88931;8;12;4;True
88932;3;6;3;True
88933;1;1;0;True
88934;5;8;3;True
88935;3;4;1;True
88936;5;9;4;True
88937;3;9;6;True
88938;4;6;2;True
88939;2;4;2;True
88940;9;16;7;True
88941;4;9;5;True
88942;8;16;8;True
88943;3;9;6;True
88944;4;16;12;True
88945;0;0;0;True
88946;2;4;2;True
88947;8;16;8;True
88948;1;1;0;True
88949;4;6;2;True
88950;4;6;2;True
88951;8;16;8;True
88952;3;4;1;True
88953;2;2;0;True
88954;4;9;5;True
88955;3;6;3;True
88956;5;6;1;True
88957;1;1;0;True
88958;5;9;4;True
88959;1;1;0;True
88960;7;12;5;True
88961;2;4;2;True
88962;0;0;0;True
88963;2;2;0;True
88964;0;0;0;True
88965;2;2;0;True
88966;3;6;3;True
88967;1;1;0;True
88968;7;9;2;True
88969;11;16;5;True
88970;7;12;5;True
88971;0;0;0;True
88972;2;4;2;True
88973;2;2;0;True
88974;3;6;3;True
88975;4;9;5;True
88976;4;6;2;True
88977;3;4;1;True
88978;1;1;0;True
88979;3;6;3;True
88980;5;12;7;True
88981;5;12;7;True
88982;3;4;1;True
88983;5;12;7;True
88984;6;9;3;True
88985;5;9;4;True
88986;3;9;6;True
88987;4;8;4;True
88988;5;9;4;True
88989;5;12;7;True
88990;0;0;0;True
88991;7;12;5;True
88992;0;0;0;True
88993;2;2;0;True
88994;6;12;6;True
88995;2;2;0;True
88996;3;6;3;True
88997;3;6;3;True
88998;1;1;0;True
88999;1;1;0;True
89000;2;2;0;True
89001;6;12;6;True
89002;4;8;4;True
89003;1;1;0;True
89004;2;4;2;True
89005;1;1;0;True
89006;6;8;2;True
89007;3;6;3;True
89008;3;6;3;True
89009;4;9;5;True
89010;2;2;0;True
89011;4;12;8;True
89012;2;4;2;True
89013;3;6;3;True
89014;4;6;2;True
89015;0;0;0;True
89016;1;1;0;True
89017;2;2;0;True
89018;7;16;9;True
89019;5;12;7;True
89020;3;6;3;True
89021;0;0;0;True
89022;4;6;2;True
89023;3;6;3;True
89024;1;1;0;True
89025;0;0;0;True
89026;2;2;0;True
89027;4;6;2;True
89028;2;2;0;True
89029;2;4;2;True
89030;4;9;5;True
89031;3;6;3;True
89032;3;9;6;True
89033;12;16;4;True
89034;4;12;8;True
89035;5;9;4;True
89036;1;1;0;True
89037;7;12;5;True
89038;6;9;3;True
89039;0;0;0;True
89040;5;12;7;True
89041;2;4;2;True
89042;3;6;3;True
89043;8;12;4;True
89044;6;12;6;True
89045;1;1;0;True
89046;5;9;4;True
89047;3;9;6;True
89048;4;12;8;True
89049;2;4;2;True
89050;7;9;2;True
89051;3;4;1;True
89052;8;16;8;True
89053;1;1;0;True
89054;4;12;8;True
89055;7;16;9;True
89056;4;9;5;True
89057;4;9;5;True
89058;5;9;4;True
89059;7;12;5;True
89060;5;12;7;True
89061;8;16;8;True
89062;1;1;0;True
89063;5;12;7;True
89064;1;1;0;True
89065;4;6;2;True
89066;3;6;3;True
89067;6;12;6;True
89068;6;16;10;True
89069;5;12;7;True
89070;4;6;2;True
89071;0;0;0;True
89072;8;16;8;True
89073;7;12;5;True
89074;0;0;0;True
89075;5;12;7;True
89076;5;16;11;True
89077;6;16;10;True
89078;2;4;2;True
89079;4;9;5;True
89080;3;6;3;True
89081;8;16;8;True
89082;1;1;0;True
89083;2;4;2;True
89084;1;1;0;True
89085;1;1;0;True
89086;2;2;0;True
89087;3;6;3;True
89088;1;1;0;True
89089;4;9;5;True
89090;4;6;2;True
89091;1;1;0;True
89092;0;0;0;True
89093;1;1;0;True
89094;5;12;7;True
89095;6;12;6;True
89096;1;1;0;True
89097;5;12;7;True
89098;1;1;0;True
89099;8;16;8;True
89100;4;6;2;True
89101;2;4;2;True
89102;3;9;6;True
89103;2;2;0;True
89104;1;1;0;True
89105;4;9;5;True
89106;6;12;6;True
89107;5;9;4;True
89108;0;0;0;True
89109;7;12;5;True
89110;3;6;3;True
89111;2;4;2;True
89112;1;1;0;True
89113;1;1;0;True
89114;1;1;0;True
89115;4;6;2;True
89116;3;4;1;True
89117;6;12;6;True
89118;7;16;9;True
89119;5;12;7;True
89120;1;1;0;True
89121;2;2;0;True
89122;2;4;2;True
89123;7;16;9;True
89124;3;6;3;True
89125;7;16;9;True
89126;4;9;5;True
89127;0;0;0;True
89128;4;6;2;True
89129;7;16;9;True
89130;1;1;0;True
89131;4;9;5;True
89132;3;6;3;True
89133;9;16;7;True
89134;4;6;2;True
89135;3;4;1;True
89136;3;6;3;True
89137;3;6;3;True
89138;0;0;0;True
89139;1;1;0;True
89140;4;8;4;True
89141;4;9;5;True
89142;3;9;6;True
89143;4;6;2;True
89144;4;6;2;True
89145;3;6;3;True
89146;8;12;4;True
89147;7;12;5;True
89148;9;16;7;True
89149;4;9;5;True
89150;1;1;0;True
89151;2;4;2;True
89152;5;12;7;True
89153;4;6;2;True
89154;4;6;2;True
89155;3;4;1;True
89156;2;4;2;True
89157;0;0;0;True
89158;3;6;3;True
89159;2;4;2;True
89160;1;1;0;True
89161;1;1;0;True
89162;4;8;4;True
89163;9;16;7;True
89164;4;6;2;True
89165;1;1;0;True
89166;4;6;2;True
89167;2;2;0;True
89168;5;12;7;True
89169;3;4;1;True
89170;7;12;5;True
89171;2;4;2;True
89172;5;9;4;True
89173;2;2;0;True
89174;5;9;4;True
89175;5;8;3;True
89176;4;6;2;True
89177;1;1;0;True
89178;3;9;6;True
89179;4;6;2;True
89180;6;16;10;True
89181;3;9;6;True
89182;2;2;0;True
89183;3;3;0;True
89184;4;8;4;True
89185;3;6;3;True
89186;8;16;8;True
89187;6;12;6;True
89188;4;9;5;True
89189;3;9;6;True
89190;4;9;5;True
89191;4;12;8;True
89192;3;4;1;True
89193;3;4;1;True
89194;5;9;4;True
89195;4;9;5;True
89196;1;1;0;True
89197;1;1;0;True
89198;2;4;2;True
89199;6;12;6;True
89200;1;1;0;True
89201;2;2;0;True
89202;1;1;0;True
89203;1;1;0;True
89204;3;6;3;True
89205;5;12;7;True
89206;6;12;6;True
89207;7;16;9;True
89208;4;6;2;True
89209;1;1;0;True
89210;7;16;9;True
89211;5;9;4;True
89212;1;1;0;True
89213;5;8;3;True
89214;2;2;0;True
89215;3;6;3;True
89216;1;1;0;True
89217;8;16;8;True
89218;3;9;6;True
89219;4;9;5;True
89220;5;6;1;True
89221;2;4;2;True
89222;1;1;0;True
89223;3;6;3;True
89224;4;12;8;True
89225;1;1;0;True
89226;5;9;4;True
89227;8;12;4;True
89228;8;16;8;True
89229;3;9;6;True
89230;0;0;0;True
89231;2;2;0;True
89232;5;6;1;True
89233;1;1;0;True
89234;1;1;0;True
89235;2;4;2;True
89236;4;9;5;True
89237;6;12;6;True
89238;1;1;0;True
89239;0;0;0;True
89240;2;4;2;True
89241;3;6;3;True
89242;2;4;2;True
89243;4;9;5;True
89244;5;6;1;True
89245;3;9;6;True
89246;6;12;6;True
89247;3;6;3;True
89248;2;4;2;True
89249;1;1;0;True
89250;5;9;4;True
89251;6;9;3;True
89252;4;6;2;True
89253;2;2;0;True
89254;3;9;6;True
89255;5;9;4;True
89256;3;4;1;True
89257;5;12;7;True
89258;3;4;1;True
89259;4;6;2;True
89260;6;9;3;True
89261;10;16;6;True
89262;4;9;5;True
89263;4;8;4;True
89264;2;4;2;True
89265;2;2;0;True
89266;8;16;8;True
89267;3;6;3;True
89268;1;1;0;True
89269;4;12;8;True
89270;10;16;6;True
89271;4;9;5;True
89272;6;9;3;True
89273;2;4;2;True
89274;5;8;3;True
89275;2;2;0;True
89276;5;9;4;True
89277;4;6;2;True
89278;7;12;5;True
89279;5;12;7;True
89280;0;0;0;True
89281;10;16;6;True
89282;4;6;2;True
89283;5;8;3;True
89284;3;6;3;True
89285;5;9;4;True
89286;8;12;4;True
89287;3;6;3;True
89288;9;16;7;True
89289;4;12;8;True
89290;0;0;0;True
89291;4;9;5;True
89292;6;12;6;True
89293;4;8;4;True
89294;4;4;0;True
89295;2;2;0;True
89296;2;4;2;True
89297;1;1;0;True
89298;7;16;9;True
89299;6;16;10;True
89300;0;0;0;True
89301;7;12;5;True
89302;4;8;4;True
89303;7;16;9;True
89304;8;16;8;True
89305;2;4;2;True
89306;0;0;0;True
89307;2;4;2;True
89308;2;4;2;True
89309;1;1;0;True
89310;3;9;6;True
89311;6;16;10;True
89312;7;16;9;True
89313;6;12;6;True
89314;4;9;5;True
89315;5;9;4;True
89316;5;8;3;True
89317;1;1;0;True
89318;2;4;2;True
89319;9;12;3;True
89320;4;6;2;True
89321;4;9;5;True
89322;1;1;0;True
89323;2;2;0;True
89324;8;16;8;True
89325;1;1;0;True
89326;4;12;8;True
89327;2;4;2;True
89328;6;12;6;True
89329;5;9;4;True
89330;6;12;6;True
89331;5;12;7;True
89332;3;6;3;True
89333;7;16;9;True
89334;6;12;6;True
89335;0;0;0;True
89336;5;9;4;True
89337;8;16;8;True
89338;3;6;3;True
89339;4;9;5;True
89340;1;1;0;True
89341;4;9;5;True
89342;4;9;5;True
89343;4;9;5;True
89344;6;9;3;True
89345;5;9;4;True
89346;1;1;0;True
89347;4;6;2;True
89348;2;4;2;True
89349;2;2;0;True
89350;4;9;5;True
89351;5;9;4;True
89352;4;6;2;True
89353;5;9;4;True
89354;3;6;3;True
89355;3;9;6;True
89356;3;6;3;True
89357;0;0;0;True
89358;7;16;9;True
89359;3;4;1;True
89360;4;9;5;True
89361;4;12;8;True
89362;10;16;6;True
89363;4;9;5;True
89364;3;6;3;True
89365;7;16;9;True
89366;4;9;5;True
89367;2;4;2;True
89368;1;1;0;True
89369;4;9;5;True
89370;2;2;0;True
89371;8;12;4;True
89372;10;16;6;True
89373;6;12;6;True
89374;4;4;0;True
89375;3;9;6;True
89376;6;12;6;True
89377;0;0;0;True
89378;5;12;7;True
89379;3;4;1;True
89380;3;4;1;True
89381;4;6;2;True
89382;4;9;5;True
89383;9;16;7;True
89384;5;9;4;True
89385;0;0;0;True
89386;7;16;9;True
89387;1;1;0;True
89388;2;4;2;True
89389;2;2;0;True
89390;0;0;0;True
89391;4;12;8;True
89392;6;12;6;True
89393;7;12;5;True
89394;8;16;8;True
89395;5;12;7;True
89396;1;1;0;True
89397;3;6;3;True
89398;4;9;5;True
89399;5;16;11;True
89400;2;4;2;True
89401;6;12;6;True
89402;5;9;4;True
89403;6;12;6;True
89404;5;12;7;True
89405;0;0;0;True
89406;3;9;6;True
89407;3;4;1;True
89408;4;9;5;True
89409;5;9;4;True
89410;5;9;4;True
89411;6;12;6;True
89412;5;12;7;True
89413;3;4;1;True
89414;3;6;3;True
89415;2;4;2;True
89416;8;16;8;True
89417;4;4;0;True
89418;2;4;2;True
89419;5;12;7;True
89420;0;0;0;True
89421;1;1;0;True
89422;0;0;0;True
89423;5;9;4;True
89424;0;0;0;True
89425;2;4;2;True
89426;5;6;1;True
89427;8;16;8;True
89428;3;4;1;True
89429;4;9;5;True
89430;0;0;0;True
89431;10;12;2;True
89432;4;6;2;True
89433;6;12;6;True
89434;7;16;9;True
89435;5;12;7;True
89436;6;12;6;True
89437;2;2;0;True
89438;7;16;9;True
89439;3;3;0;True
89440;4;12;8;True
89441;2;2;0;True
89442;6;12;6;True
89443;0;0;0;True
89444;3;6;3;True
89445;5;12;7;True
89446;7;16;9;True
89447;5;12;7;True
89448;1;1;0;True
89449;1;1;0;True
89450;5;9;4;True
89451;1;1;0;True
89452;4;9;5;True
89453;1;1;0;True
89454;3;6;3;True
89455;2;4;2;True
89456;5;9;4;True
89457;1;1;0;True
89458;7;12;5;True
89459;3;9;6;True
89460;2;4;2;True
89461;5;9;4;True
89462;5;9;4;True
89463;1;1;0;True
89464;1;1;0;True
89465;5;12;7;True
89466;6;12;6;True
89467;0;0;0;True
89468;5;9;4;True
89469;3;6;3;True
89470;5;16;11;True
89471;3;6;3;True
89472;5;9;4;True
89473;2;4;2;True
89474;5;9;4;True
89475;2;4;2;True
89476;4;8;4;True
89477;1;1;0;True
89478;1;1;0;True
89479;5;12;7;True
89480;3;4;1;True
89481;4;9;5;True
89482;6;8;2;True
89483;2;4;2;True
89484;1;1;0;True
89485;5;9;4;True
89486;9;16;7;True
89487;2;4;2;True
89488;1;1;0;True
89489;6;9;3;True
89490;2;4;2;True
89491;7;16;9;True
89492;0;0;0;True
89493;3;4;1;True
89494;2;4;2;True
89495;2;4;2;True
89496;2;4;2;True
89497;4;6;2;True
89498;3;6;3;True
89499;1;1;0;True
89500;2;2;0;True
89501;5;9;4;True
89502;7;12;5;True
89503;6;12;6;True
89504;10;16;6;True
89505;5;9;4;True
89506;4;8;4;True
89507;3;6;3;True
89508;6;12;6;True
89509;7;16;9;True
89510;4;9;5;True
89511;1;1;0;True
89512;0;0;0;True
89513;4;9;5;True
89514;1;1;0;True
89515;2;2;0;True
89516;6;12;6;True
89517;1;1;0;True
89518;6;16;10;True
89519;2;4;2;True
89520;2;4;2;True
89521;5;12;7;True
89522;0;0;0;True
89523;3;4;1;True
89524;2;4;2;True
89525;3;6;3;True
89526;4;9;5;True
89527;1;1;0;True
89528;4;6;2;True
89529;1;1;0;True
89530;3;9;6;True
89531;5;9;4;True
89532;3;3;0;True
89533;3;4;1;True
89534;1;1;0;True
89535;3;4;1;True
89536;1;1;0;True
89537;4;8;4;True
89538;3;9;6;True
89539;3;4;1;True
89540;8;16;8;True
89541;5;12;7;True
89542;4;9;5;True
89543;6;12;6;True
89544;5;16;11;True
89545;3;4;1;True
89546;1;1;0;True
89547;3;6;3;True
89548;3;9;6;True
89549;3;9;6;True
89550;6;12;6;True
89551;1;1;0;True
89552;4;9;5;True
89553;4;6;2;True
89554;6;12;6;True
89555;0;0;0;True
89556;4;9;5;True
89557;0;0;0;True
89558;8;16;8;True
89559;1;1;0;True
89560;5;12;7;True
89561;1;1;0;True
89562;3;4;1;True
89563;1;1;0;True
89564;1;1;0;True
89565;4;9;5;True
89566;5;16;11;True
89567;3;9;6;True
89568;0;0;0;True
89569;5;8;3;True
89570;3;6;3;True
89571;5;8;3;True
89572;2;4;2;True
89573;0;0;0;True
89574;2;2;0;True
89575;7;12;5;True
89576;0;0;0;True
89577;3;4;1;True
89578;4;6;2;True
89579;5;9;4;True
89580;6;12;6;True
89581;3;6;3;True
89582;2;2;0;True
89583;3;6;3;True
89584;6;16;10;True
89585;0;0;0;True
89586;0;0;0;True
89587;7;16;9;True
89588;2;2;0;True
89589;1;1;0;True
89590;5;12;7;True
89591;6;16;10;True
89592;8;12;4;True
89593;7;12;5;True
89594;8;16;8;True
89595;2;2;0;True
89596;2;4;2;True
89597;3;9;6;True
89598;9;12;3;True
89599;0;0;0;True
89600;0;0;0;True
89601;3;6;3;True
89602;6;12;6;True
89603;11;16;5;True
89604;1;1;0;True
89605;2;2;0;True
89606;4;9;5;True
89607;4;12;8;True
89608;3;6;3;True
89609;3;6;3;True
89610;2;4;2;True
89611;3;6;3;True
89612;4;9;5;True
89613;2;4;2;True
89614;1;1;0;True
89615;3;4;1;True
89616;1;1;0;True
89617;8;16;8;True
89618;3;6;3;True
89619;3;6;3;True
89620;6;16;10;True
89621;6;16;10;True
89622;6;9;3;True
89623;4;12;8;True
89624;6;9;3;True
89625;4;16;12;True
89626;1;1;0;True
89627;5;9;4;True
89628;8;16;8;True
89629;2;4;2;True
89630;9;16;7;True
89631;4;4;0;True
89632;5;12;7;True
89633;4;9;5;True
89634;1;1;0;True
89635;2;2;0;True
89636;5;9;4;True
89637;0;0;0;True
89638;4;9;5;True
89639;4;9;5;True
89640;3;4;1;True
89641;6;12;6;True
89642;3;4;1;True
89643;6;12;6;True
89644;0;0;0;True
89645;3;3;0;True
89646;6;12;6;True
89647;0;0;0;True
89648;4;12;8;True
89649;10;16;6;True
89650;5;12;7;True
89651;2;2;0;True
89652;3;9;6;True
89653;1;1;0;True
89654;8;16;8;True
89655;4;9;5;True
89656;7;16;9;True
89657;4;12;8;True
89658;2;4;2;True
89659;3;4;1;True
89660;1;1;0;True
89661;4;9;5;True
89662;7;12;5;True
89663;5;12;7;True
89664;4;8;4;True
89665;1;1;0;True
89666;2;2;0;True
89667;2;4;2;True
89668;3;6;3;True
89669;3;9;6;True
89670;3;6;3;True
89671;3;6;3;True
89672;2;2;0;True
89673;4;9;5;True
89674;1;1;0;True
89675;9;16;7;True
89676;9;16;7;True
89677;4;9;5;True
89678;6;16;10;True
89679;4;9;5;True
89680;2;2;0;True
89681;4;6;2;True
89682;4;6;2;True
89683;1;1;0;True
89684;5;12;7;True
89685;3;9;6;True
89686;2;4;2;True
89687;1;1;0;True
89688;3;9;6;True
89689;7;16;9;True
89690;8;12;4;True
89691;3;9;6;True
89692;0;0;0;True
89693;3;6;3;True
89694;2;2;0;True
89695;2;4;2;True
89696;0;0;0;True
89697;3;4;1;True
89698;5;8;3;True
89699;4;6;2;True
89700;3;4;1;True
89701;1;1;0;True
89702;4;9;5;True
89703;3;6;3;True
89704;5;9;4;True
89705;3;6;3;True
89706;6;16;10;True
89707;4;9;5;True
89708;9;16;7;True
89709;4;9;5;True
89710;3;9;6;True
89711;5;12;7;True
89712;4;12;8;True
89713;2;2;0;True
89714;4;9;5;True
89715;5;12;7;True
89716;5;12;7;True
89717;6;9;3;True
89718;7;12;5;True
89719;5;8;3;True
89720;5;9;4;True
89721;7;16;9;True
89722;5;16;11;True
89723;5;12;7;True
89724;4;6;2;True
89725;5;9;4;True
89726;3;9;6;True
89727;8;16;8;True
89728;2;4;2;True
89729;6;12;6;True
89730;1;1;0;True
89731;2;2;0;True
89732;8;16;8;True
89733;3;9;6;True
89734;4;6;2;True
89735;3;4;1;True
89736;4;6;2;True
89737;0;0;0;True
89738;6;12;6;True
89739;6;12;6;True
89740;2;4;2;True
89741;3;3;0;True
89742;2;2;0;True
89743;7;12;5;True
89744;0;0;0;True
89745;8;16;8;True
89746;6;9;3;True
89747;0;0;0;True
89748;5;6;1;True
89749;6;12;6;True
89750;5;9;4;True
89751;7;12;5;True
89752;5;12;7;True
89753;2;2;0;True
89754;2;4;2;True
89755;4;9;5;True
89756;4;12;8;True
89757;4;9;5;True
89758;5;12;7;True
89759;2;2;0;True
89760;6;16;10;True
89761;5;9;4;True
89762;4;12;8;True
89763;8;12;4;True
89764;7;9;2;True
89765;2;2;0;True
89766;5;9;4;True
89767;5;8;3;True
89768;5;12;7;True
89769;6;9;3;True
89770;6;16;10;True
89771;4;6;2;True
89772;1;1;0;True
89773;6;16;10;True
89774;2;2;0;True
89775;0;0;0;True
89776;6;9;3;True
89777;3;6;3;True
89778;4;9;5;True
89779;6;12;6;True
89780;3;6;3;True
89781;2;4;2;True
89782;2;2;0;True
89783;7;12;5;True
89784;8;12;4;True
89785;2;4;2;True
89786;2;4;2;True
89787;5;9;4;True
89788;4;8;4;True
89789;4;9;5;True
89790;1;1;0;True
89791;5;9;4;True
89792;4;8;4;True
89793;3;6;3;True
89794;4;12;8;True
89795;9;16;7;True
89796;3;6;3;True
89797;0;0;0;True
89798;4;12;8;True
89799;2;4;2;True
89800;1;1;0;True
89801;3;9;6;True
89802;8;16;8;True
89803;4;8;4;True
89804;0;0;0;True
89805;3;6;3;True
89806;1;1;0;True
89807;1;1;0;True
89808;5;9;4;True
89809;2;2;0;True
89810;2;4;2;True
89811;0;0;0;True
89812;7;12;5;True
89813;1;1;0;True
89814;3;6;3;True
89815;5;12;7;True
89816;3;6;3;True
89817;3;3;0;True
89818;1;1;0;True
89819;6;16;10;True
89820;2;4;2;True
89821;2;4;2;True
89822;4;9;5;True
89823;8;12;4;True
89824;4;6;2;True
89825;4;9;5;True
89826;2;4;2;True
89827;0;0;0;True
89828;7;16;9;True
89829;4;9;5;True
89830;7;16;9;True
89831;2;4;2;True
89832;5;12;7;True
89833;4;9;5;True
89834;3;6;3;True
89835;4;9;5;True
89836;4;12;8;True
89837;2;4;2;True
89838;3;4;1;True
89839;3;4;1;True
89840;1;1;0;True
89841;4;6;2;True
89842;6;12;6;True
89843;1;1;0;True
89844;2;4;2;True
89845;2;2;0;True
89846;5;9;4;True
89847;3;6;3;True
89848;6;16;10;True
89849;1;1;0;True
89850;2;2;0;True
89851;5;9;4;True
89852;2;2;0;True
89853;2;4;2;True
89854;4;9;5;True
89855;4;9;5;True
89856;2;4;2;True
89857;7;16;9;True
89858;0;0;0;True
89859;6;9;3;True
89860;4;12;8;True
89861;1;1;0;True
89862;2;2;0;True
89863;5;12;7;True
89864;1;1;0;True
89865;6;9;3;True
89866;8;16;8;True
89867;0;0;0;True
89868;7;16;9;True
89869;3;6;3;True
89870;6;12;6;True
89871;5;12;7;True
89872;6;16;10;True
89873;0;0;0;True
89874;7;16;9;True
89875;4;8;4;True
89876;5;9;4;True
89877;3;4;1;True
89878;1;1;0;True
89879;4;6;2;True
89880;2;2;0;True
89881;3;6;3;True
89882;8;16;8;True
89883;5;12;7;True
89884;4;4;0;True
89885;3;6;3;True
89886;1;1;0;True
89887;4;9;5;True
89888;2;2;0;True
89889;7;12;5;True
89890;2;4;2;True
89891;5;12;7;True
89892;2;4;2;True
89893;1;1;0;True
89894;5;12;7;True
89895;2;4;2;True
89896;3;6;3;True
89897;4;9;5;True
89898;1;1;0;True
89899;5;12;7;True
89900;6;9;3;True
89901;2;4;2;True
89902;6;12;6;True
89903;2;4;2;True
89904;7;16;9;True
89905;4;9;5;True
89906;2;2;0;True
89907;3;6;3;True
89908;3;6;3;True
89909;3;6;3;True
89910;4;9;5;True
89911;6;16;10;True
89912;6;12;6;True
89913;3;9;6;True
89914;6;12;6;True
89915;3;6;3;True
89916;6;12;6;True
89917;2;4;2;True
89918;8;16;8;True
89919;2;2;0;True
89920;2;4;2;True
89921;4;8;4;True
89922;1;1;0;True
89923;4;9;5;True
89924;6;16;10;True
89925;1;1;0;True
89926;3;6;3;True
89927;0;0;0;True
89928;3;6;3;True
89929;8;12;4;True
89930;2;4;2;True
89931;2;4;2;True
89932;4;9;5;True
89933;3;4;1;True
89934;1;1;0;True
89935;1;1;0;True
89936;6;12;6;True
89937;6;16;10;True
89938;6;12;6;True
89939;5;12;7;True
89940;5;12;7;True
89941;2;4;2;True
89942;1;1;0;True
89943;1;1;0;True
89944;1;1;0;True
89945;1;1;0;True
89946;8;12;4;True
89947;5;9;4;True
89948;0;0;0;True
89949;3;9;6;True
89950;2;4;2;True
89951;1;1;0;True
89952;5;12;7;True
89953;3;9;6;True
89954;5;9;4;True
89955;8;16;8;True
89956;2;4;2;True
89957;8;16;8;True
89958;3;9;6;True
89959;6;12;6;True
89960;5;12;7;True
89961;3;6;3;True
89962;3;6;3;True
89963;9;16;7;True
89964;6;12;6;True
89965;5;12;7;True
89966;4;6;2;True
89967;4;6;2;True
89968;4;12;8;True
89969;4;8;4;True
89970;6;12;6;True
89971;1;1;0;True
89972;6;9;3;True
89973;9;16;7;True
89974;2;2;0;True
89975;3;4;1;True
89976;5;9;4;True
89977;6;16;10;True
89978;4;9;5;True
89979;2;4;2;True
89980;5;9;4;True
89981;5;16;11;True
89982;5;9;4;True
89983;1;1;0;True
89984;0;0;0;True
89985;11;16;5;True
89986;6;12;6;True
89987;2;2;0;True
89988;2;4;2;True
89989;5;12;7;True
89990;3;6;3;True
89991;2;4;2;True
89992;3;4;1;True
89993;2;4;2;True
89994;4;6;2;True
89995;4;6;2;True
89996;3;4;1;True
89997;6;16;10;True
89998;2;4;2;True
89999;6;12;6;True
90000;4;6;2;True
90001;2;4;2;True
90002;3;6;3;True
90003;2;2;0;True
90004;3;6;3;True
90005;4;12;8;True
90006;4;9;5;True
90007;4;8;4;True
90008;4;6;2;True
90009;5;8;3;True
90010;9;12;3;True
90011;6;16;10;True
90012;3;9;6;True
90013;3;4;1;True
90014;6;16;10;True
90015;2;2;0;True
90016;4;12;8;True
90017;0;0;0;True
90018;3;6;3;True
90019;7;12;5;True
90020;1;1;0;True
90021;2;4;2;True
90022;3;4;1;True
90023;1;1;0;True
90024;6;9;3;True
90025;4;6;2;True
90026;5;16;11;True
90027;3;6;3;True
90028;2;4;2;True
90029;5;9;4;True
90030;3;6;3;True
90031;8;12;4;True
90032;5;12;7;True
90033;2;2;0;True
90034;7;16;9;True
90035;2;4;2;True
90036;2;2;0;True
90037;4;9;5;True
90038;4;9;5;True
90039;5;12;7;True
90040;1;1;0;True
90041;5;12;7;True
90042;3;6;3;True
90043;5;12;7;True
90044;5;12;7;True
90045;2;2;0;True
90046;0;0;0;True
90047;3;6;3;True
90048;2;4;2;True
90049;1;1;0;True
90050;2;4;2;True
90051;4;6;2;True
90052;2;4;2;True
90053;4;6;2;True
90054;4;8;4;True
90055;4;6;2;True
90056;4;6;2;True
90057;6;12;6;True
90058;0;0;0;True
90059;3;6;3;True
90060;3;3;0;True
90061;5;6;1;True
90062;1;1;0;True
90063;3;9;6;True
90064;3;4;1;True
90065;8;12;4;True
90066;5;9;4;True
90067;4;6;2;True
90068;1;1;0;True
90069;8;12;4;True
90070;2;4;2;True
90071;8;16;8;True
90072;3;9;6;True
90073;6;16;10;True
90074;5;16;11;True
90075;2;2;0;True
90076;3;6;3;True
90077;3;9;6;True
90078;1;1;0;True
90079;8;12;4;True
90080;2;4;2;True
90081;5;12;7;True
90082;3;6;3;True
90083;3;4;1;True
90084;1;1;0;True
90085;4;4;0;True
90086;7;12;5;True
90087;5;9;4;True
90088;5;12;7;True
90089;6;12;6;True
90090;3;9;6;True
90091;2;4;2;True
90092;5;12;7;True
90093;5;9;4;True
90094;8;16;8;True
90095;2;4;2;True
90096;2;4;2;True
90097;3;9;6;True
90098;2;4;2;True
90099;7;16;9;True
90100;0;0;0;True
90101;3;6;3;True
90102;3;6;3;True
90103;3;4;1;True
90104;3;4;1;True
90105;6;12;6;True
90106;1;1;0;True
90107;5;9;4;True
90108;7;16;9;True
90109;8;16;8;True
90110;5;12;7;True
90111;2;4;2;True
90112;7;16;9;True
90113;5;12;7;True
90114;2;4;2;True
90115;2;4;2;True
90116;2;2;0;True
90117;5;9;4;True
90118;2;2;0;True
90119;2;2;0;True
90120;2;4;2;True
90121;1;1;0;True
90122;5;9;4;True
90123;4;12;8;True
90124;3;4;1;True
90125;3;6;3;True
90126;6;12;6;True
90127;4;6;2;True
90128;6;9;3;True
90129;4;9;5;True
90130;6;12;6;True
90131;6;9;3;True
90132;2;2;0;True
90133;4;6;2;True
90134;3;6;3;True
90135;7;16;9;True
90136;6;12;6;True
90137;5;12;7;True
90138;1;1;0;True
90139;6;12;6;True
90140;6;12;6;True
90141;4;6;2;True
90142;2;4;2;True
90143;1;1;0;True
90144;4;9;5;True
90145;2;4;2;True
90146;1;1;0;True
90147;5;12;7;True
90148;9;16;7;True
90149;7;16;9;True
90150;7;12;5;True
90151;1;1;0;True
90152;8;16;8;True
90153;5;6;1;True
90154;2;4;2;True
90155;6;12;6;True
90156;0;0;0;True
90157;7;16;9;True
90158;2;4;2;True
90159;2;4;2;True
90160;2;2;0;True
90161;3;4;1;True
90162;2;4;2;True
90163;7;12;5;True
90164;7;12;5;True
90165;1;1;0;True
90166;5;6;1;True
90167;3;6;3;True
90168;2;4;2;True
90169;2;4;2;True
90170;3;9;6;True
90171;4;6;2;True
90172;3;6;3;True
90173;4;8;4;True
90174;5;12;7;True
90175;5;12;7;True
90176;11;16;5;True
90177;9;16;7;True
90178;3;6;3;True
90179;0;0;0;True
90180;6;12;6;True
90181;9;16;7;True
90182;2;2;0;True
90183;0;0;0;True
90184;1;1;0;True
90185;2;2;0;True
90186;3;4;1;True
90187;6;12;6;True
90188;3;6;3;True
90189;6;16;10;True
90190;1;1;0;True
90191;1;1;0;True
90192;1;1;0;True
90193;0;0;0;True
90194;7;12;5;True
90195;0;0;0;True
90196;3;3;0;True
90197;8;16;8;True
90198;4;9;5;True
90199;2;2;0;True
90200;2;2;0;True
90201;4;9;5;True
90202;3;6;3;True
90203;3;6;3;True
90204;3;3;0;True
90205;7;16;9;True
90206;4;9;5;True
90207;5;12;7;True
90208;5;16;11;True
90209;4;6;2;True
90210;3;4;1;True
90211;4;9;5;True
90212;10;16;6;True
90213;2;2;0;True
90214;4;9;5;True
90215;3;9;6;True
90216;8;12;4;True
90217;2;2;0;True
90218;5;12;7;True
90219;1;1;0;True
90220;5;16;11;True
90221;6;12;6;True
90222;1;1;0;True
90223;3;9;6;True
90224;3;6;3;True
90225;2;2;0;True
90226;5;9;4;True
90227;5;9;4;True
90228;5;12;7;True
90229;3;6;3;True
90230;0;0;0;True
90231;0;0;0;True
90232;5;9;4;True
90233;1;1;0;True
90234;3;6;3;True
90235;1;1;0;True
90236;1;1;0;True
90237;7;16;9;True
90238;7;12;5;True
90239;4;9;5;True
90240;6;12;6;True
90241;1;1;0;True
90242;5;9;4;True
90243;4;6;2;True
90244;2;4;2;True
90245;4;6;2;True
90246;11;16;5;True
90247;0;0;0;True
90248;3;6;3;True
90249;3;6;3;True
90250;6;12;6;True
90251;4;6;2;True
90252;11;16;5;True
90253;3;9;6;True
90254;6;16;10;True
90255;2;4;2;True
90256;2;4;2;True
90257;7;12;5;True
90258;4;9;5;True
90259;1;1;0;True
90260;12;16;4;True
90261;6;12;6;True
90262;3;6;3;True
90263;8;16;8;True
90264;4;9;5;True
90265;0;0;0;True
90266;3;6;3;True
90267;1;1;0;True
90268;7;16;9;True
90269;6;12;6;True
90270;1;1;0;True
90271;1;1;0;True
90272;8;16;8;True
90273;4;8;4;True
90274;4;12;8;True
90275;4;9;5;True
90276;6;9;3;True
90277;4;9;5;True
90278;4;9;5;True
90279;1;1;0;True
90280;3;9;6;True
90281;5;12;7;True
90282;2;4;2;True
90283;3;4;1;True
90284;3;6;3;True
90285;5;12;7;True
90286;5;12;7;True
90287;3;6;3;True
90288;2;4;2;True
90289;6;12;6;True
90290;2;4;2;True
90291;3;4;1;True
90292;1;1;0;True
90293;2;4;2;True
90294;2;2;0;True
90295;8;16;8;True
90296;9;16;7;True
90297;4;6;2;True
90298;4;9;5;True
90299;3;6;3;True
90300;6;12;6;True
90301;3;4;1;True
90302;3;6;3;True
90303;6;12;6;True
90304;1;1;0;True
90305;7;16;9;True
90306;4;9;5;True
90307;2;4;2;True
90308;2;2;0;True
90309;9;16;7;True
90310;4;6;2;True
90311;3;4;1;True
90312;5;9;4;True
90313;6;12;6;True
90314;5;16;11;True
90315;3;3;0;True
90316;6;16;10;True
90317;3;6;3;True
90318;1;1;0;True
90319;2;2;0;True
90320;6;12;6;True
90321;5;12;7;True
90322;2;2;0;True
90323;1;1;0;True
90324;2;4;2;True
90325;11;16;5;True
90326;2;4;2;True
90327;4;9;5;True
90328;3;6;3;True
90329;6;16;10;True
90330;4;6;2;True
90331;6;12;6;True
90332;4;9;5;True
90333;0;0;0;True
90334;11;16;5;True
90335;7;16;9;True
90336;3;6;3;True
90337;4;6;2;True
90338;7;12;5;True
90339;3;9;6;True
90340;4;9;5;True
90341;4;12;8;True
90342;3;4;1;True
90343;7;12;5;True
90344;4;6;2;True
90345;5;12;7;True
90346;3;6;3;True
90347;2;4;2;True
90348;4;9;5;True
90349;6;9;3;True
90350;3;6;3;True
90351;3;4;1;True
90352;4;9;5;True
90353;4;8;4;True
90354;5;9;4;True
90355;3;6;3;True
90356;2;4;2;True
90357;1;1;0;True
90358;3;4;1;True
90359;5;12;7;True
90360;4;9;5;True
90361;5;8;3;True
90362;5;9;4;True
90363;1;1;0;True
90364;6;9;3;True
90365;5;12;7;True
90366;5;9;4;True
90367;2;4;2;True
90368;5;9;4;True
90369;1;1;0;True
90370;6;12;6;True
90371;2;4;2;True
90372;6;12;6;True
90373;2;2;0;True
90374;2;2;0;True
90375;3;6;3;True
90376;6;12;6;True
90377;1;1;0;True
90378;5;12;7;True
90379;1;1;0;True
90380;2;2;0;True
90381;4;9;5;True
90382;6;12;6;True
90383;5;6;1;True
90384;3;6;3;True
90385;2;4;2;True
90386;7;16;9;True
90387;7;16;9;True
90388;1;1;0;True
90389;4;6;2;True
90390;6;9;3;True
90391;4;9;5;True
90392;1;1;0;True
90393;1;1;0;True
90394;0;0;0;True
90395;0;0;0;True
90396;6;12;6;True
90397;4;6;2;True
90398;3;6;3;True
90399;6;9;3;True
90400;4;9;5;True
90401;5;9;4;True
90402;8;16;8;True
90403;7;16;9;True
90404;5;9;4;True
90405;5;8;3;True
90406;3;6;3;True
90407;2;2;0;True
90408;6;16;10;True
90409;1;1;0;True
90410;6;16;10;True
90411;2;2;0;True
90412;1;1;0;True
90413;5;12;7;True
90414;4;9;5;True
90415;3;6;3;True
90416;1;1;0;True
90417;7;16;9;True
90418;2;4;2;True
90419;3;4;1;True
90420;3;6;3;True
90421;5;9;4;True
90422;4;12;8;True
90423;3;9;6;True
90424;2;4;2;True
90425;4;6;2;True
90426;2;4;2;True
90427;3;6;3;True
90428;3;4;1;True
90429;2;4;2;True
90430;7;12;5;True
90431;0;0;0;True
90432;1;1;0;True
90433;3;6;3;True
90434;3;3;0;True
90435;6;16;10;True
90436;1;1;0;True
90437;6;9;3;True
90438;3;6;3;True
90439;8;12;4;True
90440;4;9;5;True
90441;3;6;3;True
90442;2;2;0;True
90443;1;1;0;True
90444;4;6;2;True
90445;1;1;0;True
90446;6;16;10;True
90447;7;16;9;True
90448;5;8;3;True
90449;1;1;0;True
90450;3;9;6;True
90451;4;6;2;True
90452;0;0;0;True
90453;8;16;8;True
90454;0;0;0;True
90455;7;16;9;True
90456;7;12;5;True
90457;5;12;7;True
90458;4;9;5;True
90459;0;0;0;True
90460;1;1;0;True
90461;3;6;3;True
90462;0;0;0;True
90463;7;16;9;True
90464;3;6;3;True
90465;5;9;4;True
90466;3;9;6;True
90467;3;4;1;True
90468;4;6;2;True
90469;4;9;5;True
90470;4;12;8;True
90471;5;6;1;True
90472;5;9;4;True
90473;2;2;0;True
90474;1;1;0;True
90475;3;6;3;True
90476;5;12;7;True
90477;4;8;4;True
90478;6;12;6;True
90479;4;9;5;True
90480;6;12;6;True
90481;0;0;0;True
90482;9;16;7;True
90483;2;4;2;True
90484;4;8;4;True
90485;3;9;6;True
90486;5;9;4;True
90487;2;4;2;True
90488;5;16;11;True
90489;2;2;0;True
90490;5;8;3;True
90491;1;1;0;True
90492;7;16;9;True
90493;4;6;2;True
90494;3;6;3;True
90495;6;9;3;True
90496;2;4;2;True
90497;2;4;2;True
90498;3;4;1;True
90499;4;9;5;True
90500;1;1;0;True
90501;5;12;7;True
90502;5;9;4;True
90503;4;9;5;True
90504;2;4;2;True
90505;7;16;9;True
90506;5;12;7;True
90507;3;4;1;True
90508;4;9;5;True
90509;2;2;0;True
90510;3;6;3;True
90511;6;12;6;True
90512;5;9;4;True
90513;1;1;0;True
90514;3;3;0;True
90515;2;2;0;True
90516;3;4;1;True
90517;4;9;5;True
90518;4;6;2;True
90519;7;16;9;True
90520;5;9;4;True
90521;4;6;2;True
90522;2;2;0;True
90523;3;9;6;True
90524;3;6;3;True
90525;5;12;7;True
90526;2;2;0;True
90527;9;12;3;True
90528;2;4;2;True
90529;6;12;6;True
90530;4;12;8;True
90531;1;1;0;True
90532;0;0;0;True
90533;0;0;0;True
90534;2;4;2;True
90535;4;9;5;True
90536;4;12;8;True
90537;9;12;3;True
90538;5;12;7;True
90539;4;6;2;True
90540;3;9;6;True
90541;5;12;7;True
90542;7;12;5;True
90543;6;9;3;True
90544;1;1;0;True
90545;5;12;7;True
90546;5;12;7;True
90547;3;4;1;True
90548;9;16;7;True
90549;4;9;5;True
90550;2;2;0;True
90551;1;1;0;True
90552;0;0;0;True
90553;4;9;5;True
90554;5;12;7;True
90555;6;12;6;True
90556;4;9;5;True
90557;3;4;1;True
90558;6;16;10;True
90559;1;1;0;True
90560;9;16;7;True
90561;0;0;0;True
90562;4;6;2;True
90563;3;6;3;True
90564;5;9;4;True
90565;8;16;8;True
90566;1;1;0;True
90567;3;6;3;True
90568;4;6;2;True
90569;4;12;8;True
90570;4;9;5;True
90571;5;12;7;True
90572;2;2;0;True
90573;2;4;2;True
90574;7;16;9;True
90575;0;0;0;True
90576;5;9;4;True
90577;1;1;0;True
90578;4;9;5;True
90579;2;4;2;True
90580;3;9;6;True
90581;5;16;11;True
90582;3;3;0;True
90583;3;9;6;True
90584;0;0;0;True
90585;0;0;0;True
90586;5;8;3;True
90587;1;1;0;True
90588;5;9;4;True
90589;6;12;6;True
90590;3;6;3;True
90591;7;12;5;True
90592;2;4;2;True
90593;1;1;0;True
90594;7;16;9;True
90595;6;16;10;True
90596;1;1;0;True
90597;4;8;4;True
90598;5;12;7;True
90599;1;1;0;True
90600;2;4;2;True
90601;7;16;9;True
90602;4;6;2;True
90603;5;12;7;True
90604;2;4;2;True
90605;7;12;5;True
90606;3;6;3;True
90607;4;6;2;True
90608;4;9;5;True
90609;3;3;0;True
90610;3;6;3;True
90611;6;12;6;True
90612;3;4;1;True
90613;3;6;3;True
90614;2;4;2;True
90615;1;1;0;True
90616;3;6;3;True
90617;3;6;3;True
90618;0;0;0;True
90619;2;4;2;True
90620;6;9;3;True
90621;6;12;6;True
90622;4;8;4;True
90623;7;16;9;True
90624;5;12;7;True
90625;2;4;2;True
90626;5;12;7;True
90627;5;12;7;True
90628;5;8;3;True
90629;2;2;0;True
90630;5;12;7;True
90631;1;1;0;True
90632;3;6;3;True
90633;0;0;0;True
90634;2;4;2;True
90635;5;9;4;True
90636;4;8;4;True
90637;2;4;2;True
90638;6;9;3;True
90639;1;1;0;True
90640;2;4;2;True
90641;3;4;1;True
90642;1;1;0;True
90643;2;4;2;True
90644;1;1;0;True
90645;3;3;0;True
90646;1;1;0;True
90647;6;9;3;True
90648;2;4;2;True
90649;5;9;4;True
90650;9;16;7;True
90651;3;4;1;True
90652;2;2;0;True
90653;1;1;0;True
90654;4;12;8;True
90655;4;6;2;True
90656;5;12;7;True
90657;5;12;7;True
90658;2;4;2;True
90659;4;9;5;True
90660;1;1;0;True
90661;5;9;4;True
90662;1;1;0;True
90663;8;16;8;True
90664;4;6;2;True
90665;3;9;6;True
90666;1;1;0;True
90667;8;12;4;True
90668;1;1;0;True
90669;4;6;2;True
90670;3;6;3;True
90671;2;4;2;True
90672;3;4;1;True
90673;3;6;3;True
90674;7;16;9;True
90675;2;4;2;True
90676;4;6;2;True
90677;4;9;5;True
90678;7;12;5;True
90679;6;16;10;True
90680;3;9;6;True
90681;8;16;8;True
90682;1;1;0;True
90683;6;12;6;True
90684;4;9;5;True
90685;7;16;9;True
90686;5;12;7;True
90687;6;8;2;True
90688;8;16;8;True
90689;4;6;2;True
90690;2;2;0;True
90691;6;12;6;True
90692;7;12;5;True
90693;1;1;0;True
90694;4;9;5;True
90695;7;12;5;True
90696;3;6;3;True
90697;6;9;3;True
90698;2;2;0;True
90699;5;9;4;True
90700;4;9;5;True
90701;1;1;0;True
90702;2;4;2;True
90703;4;9;5;True
90704;4;6;2;True
90705;1;1;0;True
90706;4;12;8;True
90707;1;1;0;True
90708;3;6;3;True
90709;7;16;9;True
90710;4;8;4;True
90711;5;12;7;True
90712;7;12;5;True
90713;0;0;0;True
90714;5;9;4;True
90715;9;16;7;True
90716;0;0;0;True
90717;4;9;5;True
90718;6;16;10;True
90719;6;16;10;True
90720;2;4;2;True
90721;0;0;0;True
90722;4;6;2;True
90723;4;12;8;True
90724;0;0;0;True
90725;8;16;8;True
90726;1;1;0;True
90727;2;4;2;True
90728;9;16;7;True
90729;7;16;9;True
90730;2;4;2;True
90731;7;12;5;True
90732;2;2;0;True
90733;1;1;0;True
90734;5;12;7;True
90735;6;12;6;True
90736;3;6;3;True
90737;1;1;0;True
90738;4;9;5;True
90739;7;12;5;True
90740;3;6;3;True
90741;6;12;6;True
90742;7;12;5;True
90743;7;16;9;True
90744;0;0;0;True
90745;6;16;10;True
90746;2;4;2;True
90747;1;1;0;True
90748;7;16;9;True
90749;1;1;0;True
90750;2;4;2;True
90751;1;1;0;True
90752;4;12;8;True
90753;1;1;0;True
90754;5;9;4;True
90755;6;16;10;True
90756;3;4;1;True
90757;7;12;5;True
90758;3;4;1;True
90759;4;6;2;True
90760;8;16;8;True
90761;3;6;3;True
90762;1;1;0;True
90763;2;4;2;True
90764;0;0;0;True
90765;2;4;2;True
90766;8;12;4;True
90767;6;16;10;True
90768;4;6;2;True
90769;2;4;2;True
90770;2;2;0;True
90771;2;4;2;True
90772;1;1;0;True
90773;2;4;2;True
90774;5;16;11;True
90775;4;12;8;True
90776;10;16;6;True
90777;8;16;8;True
90778;3;9;6;True
90779;3;6;3;True
90780;0;0;0;True
90781;1;1;0;True
90782;2;4;2;True
90783;7;12;5;True
90784;8;16;8;True
90785;1;1;0;True
90786;5;12;7;True
90787;4;9;5;True
90788;6;16;10;True
90789;5;8;3;True
90790;0;0;0;True
90791;8;16;8;True
90792;2;2;0;True
90793;1;1;0;True
90794;0;0;0;True
90795;5;12;7;True
90796;1;1;0;True
90797;2;4;2;True
90798;7;16;9;True
90799;3;4;1;True
90800;3;4;1;True
90801;4;12;8;True
90802;2;4;2;True
90803;3;3;0;True
90804;6;16;10;True
90805;6;12;6;True
90806;1;1;0;True
90807;0;0;0;True
90808;2;2;0;True
90809;6;12;6;True
90810;4;6;2;True
90811;1;1;0;True
90812;5;8;3;True
90813;2;2;0;True
90814;3;4;1;True
90815;0;0;0;True
90816;1;1;0;True
90817;4;6;2;True
90818;2;4;2;True
90819;7;16;9;True
90820;6;16;10;True
90821;3;6;3;True
90822;4;12;8;True
90823;8;16;8;True
90824;3;6;3;True
90825;5;12;7;True
90826;0;0;0;True
90827;2;4;2;True
90828;3;6;3;True
90829;1;1;0;True
90830;1;1;0;True
90831;4;9;5;True
90832;2;4;2;True
90833;2;4;2;True
90834;6;12;6;True
90835;4;6;2;True
90836;5;12;7;True
90837;7;16;9;True
90838;2;4;2;True
90839;4;6;2;True
90840;6;16;10;True
90841;2;2;0;True
90842;3;4;1;True
90843;11;16;5;True
90844;0;0;0;True
90845;2;2;0;True
90846;4;6;2;True
90847;0;0;0;True
90848;2;2;0;True
90849;3;4;1;True
90850;6;16;10;True
90851;0;0;0;True
90852;1;1;0;True
90853;5;8;3;True
90854;3;6;3;True
90855;4;8;4;True
90856;6;16;10;True
90857;7;12;5;True
90858;1;1;0;True
90859;5;9;4;True
90860;0;0;0;True
90861;1;1;0;True
90862;7;16;9;True
90863;7;12;5;True
90864;2;2;0;True
90865;4;12;8;True
90866;2;4;2;True
90867;6;12;6;True
90868;4;6;2;True
90869;4;12;8;True
90870;4;6;2;True
90871;3;6;3;True
90872;1;1;0;True
90873;4;9;5;True
90874;7;12;5;True
90875;4;12;8;True
90876;2;4;2;True
90877;6;12;6;True
90878;2;4;2;True
90879;4;6;2;True
90880;8;9;1;True
90881;3;6;3;True
90882;4;6;2;True
90883;5;16;11;True
90884;5;6;1;True
90885;7;16;9;True
90886;4;12;8;True
90887;2;4;2;True
90888;4;9;5;True
90889;3;4;1;True
90890;5;12;7;True
90891;2;4;2;True
90892;5;12;7;True
90893;2;4;2;True
90894;1;1;0;True
90895;4;6;2;True
90896;6;16;10;True
90897;6;12;6;True
90898;1;1;0;True
90899;4;9;5;True
90900;5;12;7;True
90901;3;3;0;True
90902;6;12;6;True
90903;0;0;0;True
90904;3;6;3;True
90905;1;1;0;True
90906;6;12;6;True
90907;5;9;4;True
90908;8;16;8;True
90909;2;4;2;True
90910;4;12;8;True
90911;3;6;3;True
90912;5;16;11;True
90913;5;12;7;True
90914;2;4;2;True
90915;8;16;8;True
90916;1;1;0;True
90917;6;12;6;True
90918;8;16;8;True
90919;6;9;3;True
90920;3;9;6;True
90921;4;6;2;True
90922;9;16;7;True
90923;0;0;0;True
90924;5;12;7;True
90925;9;16;7;True
90926;2;2;0;True
90927;1;1;0;True
90928;9;16;7;True
90929;4;8;4;True
90930;2;4;2;True
90931;3;6;3;True
90932;2;4;2;True
90933;4;9;5;True
90934;6;16;10;True
90935;1;1;0;True
90936;5;16;11;True
90937;5;8;3;True
90938;7;8;1;True
90939;3;6;3;True
90940;5;12;7;True
90941;2;2;0;True
90942;3;4;1;True
90943;8;16;8;True
90944;1;1;0;True
90945;0;0;0;True
90946;6;12;6;True
90947;1;1;0;True
90948;5;12;7;True
90949;7;12;5;True
90950;1;1;0;True
90951;8;12;4;True
90952;5;16;11;True
90953;2;4;2;True
90954;0;0;0;True
90955;6;16;10;True
90956;3;6;3;True
90957;8;12;4;True
90958;3;4;1;True
90959;5;12;7;True
90960;10;16;6;True
90961;8;16;8;True
90962;4;12;8;True
90963;1;1;0;True
90964;2;2;0;True
90965;3;4;1;True
90966;4;9;5;True
90967;4;12;8;True
90968;2;4;2;True
90969;2;2;0;True
90970;1;1;0;True
90971;5;9;4;True
90972;4;9;5;True
90973;3;9;6;True
90974;4;6;2;True
90975;9;16;7;True
90976;6;12;6;True
90977;7;12;5;True
90978;2;4;2;True
90979;1;1;0;True
90980;4;9;5;True
90981;3;6;3;True
90982;2;4;2;True
90983;4;8;4;True
90984;2;4;2;True
90985;6;16;10;True
90986;0;0;0;True
90987;1;1;0;True
90988;6;8;2;True
90989;1;1;0;True
90990;7;12;5;True
90991;1;1;0;True
90992;4;9;5;True
90993;0;0;0;True
90994;3;3;0;True
90995;3;6;3;True
90996;3;6;3;True
90997;5;12;7;True
90998;5;6;1;True
90999;4;9;5;True
91000;0;0;0;True
91001;5;9;4;True
91002;4;6;2;True
91003;6;9;3;True
91004;3;4;1;True
91005;5;12;7;True
91006;4;6;2;True
91007;0;0;0;True
91008;5;12;7;True
91009;4;9;5;True
91010;6;12;6;True
91011;4;6;2;True
91012;4;9;5;True
91013;3;6;3;True
91014;2;4;2;True
91015;1;1;0;True
91016;4;9;5;True
91017;4;9;5;True
91018;2;4;2;True
91019;4;8;4;True
91020;4;6;2;True
91021;1;1;0;True
91022;4;9;5;True
91023;2;4;2;True
91024;5;9;4;True
91025;6;12;6;True
91026;3;6;3;True
91027;4;12;8;True
91028;7;16;9;True
91029;0;0;0;True
91030;9;16;7;True
91031;3;6;3;True
91032;4;9;5;True
91033;5;12;7;True
91034;3;6;3;True
91035;5;9;4;True
91036;8;16;8;True
91037;3;6;3;True
91038;0;0;0;True
91039;1;1;0;True
91040;8;16;8;True
91041;5;12;7;True
91042;5;8;3;True
91043;2;2;0;True
91044;1;1;0;True
91045;3;6;3;True
91046;1;1;0;True
91047;5;9;4;True
91048;1;1;0;True
91049;3;6;3;True
91050;3;9;6;True
91051;2;4;2;True
91052;3;4;1;True
91053;6;9;3;True
91054;4;12;8;True
91055;1;1;0;True
91056;6;12;6;True
91057;1;1;0;True
91058;1;1;0;True
91059;3;6;3;True
91060;9;12;3;True
91061;5;12;7;True
91062;4;9;5;True
91063;9;16;7;True
91064;0;0;0;True
91065;5;6;1;True
91066;4;12;8;True
91067;3;6;3;True
91068;3;4;1;True
91069;3;9;6;True
91070;5;9;4;True
91071;8;16;8;True
91072;3;4;1;True
91073;5;12;7;True
91074;7;12;5;True
91075;5;12;7;True
91076;6;16;10;True
91077;8;12;4;True
91078;7;12;5;True
91079;4;12;8;True
91080;0;0;0;True
91081;0;0;0;True
91082;6;6;0;True
91083;6;16;10;True
91084;7;12;5;True
91085;3;6;3;True
91086;5;12;7;True
91087;9;16;7;True
91088;8;9;1;True
91089;4;6;2;True
91090;1;1;0;True
91091;4;12;8;True
91092;8;12;4;True
91093;5;12;7;True
91094;3;9;6;True
91095;2;2;0;True
91096;4;6;2;True
91097;0;0;0;True
91098;0;0;0;True
91099;4;8;4;True
91100;4;6;2;True
91101;2;2;0;True
91102;5;16;11;True
91103;7;12;5;True
91104;4;6;2;True
91105;2;2;0;True
91106;2;2;0;True
91107;4;9;5;True
91108;3;4;1;True
91109;4;9;5;True
91110;2;4;2;True
91111;7;16;9;True
91112;0;0;0;True
91113;6;16;10;True
91114;5;12;7;True
91115;7;9;2;True
91116;5;9;4;True
91117;3;6;3;True
91118;2;4;2;True
91119;0;0;0;True
91120;4;8;4;True
91121;3;4;1;True
91122;5;8;3;True
91123;5;16;11;True
91124;2;4;2;True
91125;0;0;0;True
91126;3;3;0;True
91127;5;12;7;True
91128;4;12;8;True
91129;7;12;5;True
91130;5;12;7;True
91131;6;12;6;True
91132;1;1;0;True
91133;5;9;4;True
91134;5;9;4;True
91135;6;9;3;True
91136;7;12;5;True
91137;3;4;1;True
91138;0;0;0;True
91139;3;9;6;True
91140;6;12;6;True
91141;6;12;6;True
91142;3;6;3;True
91143;3;6;3;True
91144;8;16;8;True
91145;2;4;2;True
91146;6;12;6;True
91147;2;2;0;True
91148;5;8;3;True
91149;3;6;3;True
91150;4;9;5;True
91151;4;12;8;True
91152;3;6;3;True
91153;2;2;0;True
91154;4;9;5;True
91155;3;4;1;True
91156;3;4;1;True
91157;3;9;6;True
91158;6;12;6;True
91159;2;4;2;True
91160;1;1;0;True
91161;3;3;0;True
91162;3;9;6;True
91163;2;4;2;True
91164;4;6;2;True
91165;6;16;10;True
91166;3;6;3;True
91167;6;16;10;True
91168;4;6;2;True
91169;3;6;3;True
91170;2;2;0;True
91171;6;12;6;True
91172;3;9;6;True
91173;5;12;7;True
91174;3;9;6;True
91175;3;6;3;True
91176;4;9;5;True
91177;7;16;9;True
91178;3;4;1;True
91179;7;16;9;True
91180;3;3;0;True
91181;8;16;8;True
91182;1;1;0;True
91183;2;2;0;True
91184;3;6;3;True
91185;1;1;0;True
91186;5;9;4;True
91187;5;8;3;True
91188;5;12;7;True
91189;3;6;3;True
91190;5;9;4;True
91191;3;6;3;True
91192;0;0;0;True
91193;8;12;4;True
91194;5;8;3;True
91195;2;4;2;True
91196;2;4;2;True
91197;3;9;6;True
91198;2;4;2;True
91199;9;16;7;True
91200;3;4;1;True
91201;6;9;3;True
91202;3;6;3;True
91203;2;2;0;True
91204;5;9;4;True
91205;5;12;7;True
91206;4;12;8;True
91207;4;12;8;True
91208;1;1;0;True
91209;2;2;0;True
91210;5;9;4;True
91211;8;16;8;True
91212;4;6;2;True
91213;7;12;5;True
91214;4;12;8;True
91215;4;9;5;True
91216;4;12;8;True
91217;5;8;3;True
91218;1;1;0;True
91219;0;0;0;True
91220;2;2;0;True
91221;1;1;0;True
91222;3;4;1;True
91223;3;6;3;True
91224;3;6;3;True
91225;6;16;10;True
91226;8;12;4;True
91227;3;9;6;True
91228;6;12;6;True
91229;5;16;11;True
91230;4;6;2;True
91231;5;16;11;True
91232;5;9;4;True
91233;4;4;0;True
91234;0;0;0;True
91235;1;1;0;True
91236;3;6;3;True
91237;2;2;0;True
91238;3;6;3;True
91239;7;16;9;True
91240;2;2;0;True
91241;3;6;3;True
91242;2;2;0;True
91243;1;1;0;True
91244;1;1;0;True
91245;1;1;0;True
91246;9;16;7;True
91247;4;6;2;True
91248;9;12;3;True
91249;2;2;0;True
91250;3;4;1;True
91251;3;4;1;True
91252;6;12;6;True
91253;5;12;7;True
91254;6;12;6;True
91255;3;4;1;True
91256;2;4;2;True
91257;5;9;4;True
91258;4;12;8;True
91259;3;6;3;True
91260;6;9;3;True
91261;1;1;0;True
91262;5;9;4;True
91263;6;12;6;True
91264;3;6;3;True
91265;6;16;10;True
91266;3;4;1;True
91267;3;6;3;True
91268;4;9;5;True
91269;9;16;7;True
91270;5;12;7;True
91271;0;0;0;True
91272;6;16;10;True
91273;4;12;8;True
91274;2;4;2;True
91275;7;16;9;True
91276;5;9;4;True
91277;12;16;4;True
91278;1;1;0;True
91279;9;16;7;True
91280;5;9;4;True
91281;6;12;6;True
91282;9;16;7;True
91283;3;6;3;True
91284;3;6;3;True
91285;7;16;9;True
91286;7;12;5;True
91287;6;16;10;True
91288;3;4;1;True
91289;3;3;0;True
91290;4;9;5;True
91291;3;4;1;True
91292;3;6;3;True
91293;2;2;0;True
91294;6;12;6;True
91295;2;2;0;True
91296;3;9;6;True
91297;3;4;1;True
91298;0;0;0;True
91299;1;1;0;True
91300;6;8;2;True
91301;3;9;6;True
91302;2;4;2;True
91303;7;16;9;True
91304;0;0;0;True
91305;3;6;3;True
91306;7;16;9;True
91307;3;6;3;True
91308;6;12;6;True
91309;1;1;0;True
91310;3;9;6;True
91311;2;4;2;True
91312;4;9;5;True
91313;3;6;3;True
91314;6;12;6;True
91315;2;4;2;True
91316;4;8;4;True
91317;10;16;6;True
91318;1;1;0;True
91319;3;6;3;True
91320;6;9;3;True
91321;3;9;6;True
91322;2;4;2;True
91323;2;4;2;True
91324;3;6;3;True
91325;10;16;6;True
91326;4;12;8;True
91327;2;4;2;True
91328;9;16;7;True
91329;0;0;0;True
91330;3;6;3;True
91331;0;0;0;True
91332;2;2;0;True
91333;4;6;2;True
91334;5;16;11;True
91335;4;6;2;True
91336;4;4;0;True
91337;4;12;8;True
91338;1;1;0;True
91339;4;6;2;True
91340;3;6;3;True
91341;8;12;4;True
91342;0;0;0;True
91343;1;1;0;True
91344;1;1;0;True
91345;6;12;6;True
91346;2;4;2;True
91347;5;9;4;True
91348;5;12;7;True
91349;3;6;3;True
91350;4;6;2;True
91351;2;4;2;True
91352;3;6;3;True
91353;3;4;1;True
91354;4;9;5;True
91355;6;12;6;True
91356;8;16;8;True
91357;5;6;1;True
91358;2;4;2;True
91359;3;6;3;True
91360;0;0;0;True
91361;4;9;5;True
91362;2;4;2;True
91363;4;16;12;True
91364;3;6;3;True
91365;5;12;7;True
91366;3;6;3;True
91367;3;9;6;True
91368;0;0;0;True
91369;1;1;0;True
91370;0;0;0;True
91371;2;4;2;True
91372;1;1;0;True
91373;4;12;8;True
91374;1;1;0;True
91375;4;9;5;True
91376;6;16;10;True
91377;6;9;3;True
91378;1;1;0;True
91379;1;1;0;True
91380;7;12;5;True
91381;3;6;3;True
91382;2;2;0;True
91383;3;6;3;True
91384;4;9;5;True
91385;5;8;3;True
91386;3;4;1;True
91387;0;0;0;True
91388;1;1;0;True
91389;0;0;0;True
91390;2;4;2;True
91391;1;1;0;True
91392;2;4;2;True
91393;2;2;0;True
91394;2;2;0;True
91395;5;6;1;True
91396;1;1;0;True
91397;4;9;5;True
91398;4;9;5;True
91399;5;9;4;True
91400;0;0;0;True
91401;6;12;6;True
91402;1;1;0;True
91403;4;9;5;True
91404;4;6;2;True
91405;2;4;2;True
91406;2;4;2;True
91407;0;0;0;True
91408;0;0;0;True
91409;5;12;7;True
91410;3;6;3;True
91411;5;8;3;True
91412;5;8;3;True
91413;1;1;0;True
91414;8;16;8;True
91415;3;9;6;True
91416;6;12;6;True
91417;3;6;3;True
91418;0;0;0;True
91419;3;4;1;True
91420;7;16;9;True
91421;6;9;3;True
91422;3;9;6;True
91423;2;4;2;True
91424;2;4;2;True
91425;0;0;0;True
91426;7;16;9;True
91427;2;2;0;True
91428;1;1;0;True
91429;0;0;0;True
91430;4;8;4;True
91431;6;12;6;True
91432;10;16;6;True
91433;5;16;11;True
91434;6;16;10;True
91435;5;12;7;True
91436;6;12;6;True
91437;0;0;0;True
91438;3;6;3;True
91439;4;9;5;True
91440;5;8;3;True
91441;1;1;0;True
91442;3;6;3;True
91443;1;1;0;True
91444;3;9;6;True
91445;5;16;11;True
91446;9;16;7;True
91447;8;16;8;True
91448;6;12;6;True
91449;1;1;0;True
91450;2;2;0;True
91451;4;9;5;True
91452;6;16;10;True
91453;5;12;7;True
91454;1;1;0;True
91455;2;2;0;True
91456;2;2;0;True
91457;4;6;2;True
91458;6;9;3;True
91459;9;12;3;True
91460;8;16;8;True
91461;4;6;2;True
91462;2;2;0;True
91463;3;4;1;True
91464;2;2;0;True
91465;5;9;4;True
91466;10;16;6;True
91467;7;16;9;True
91468;5;12;7;True
91469;4;12;8;True
91470;4;9;5;True
91471;5;12;7;True
91472;5;8;3;True
91473;4;6;2;True
91474;3;6;3;True
91475;1;1;0;True
91476;2;2;0;True
91477;2;4;2;True
91478;3;4;1;True
91479;4;6;2;True
91480;1;1;0;True
91481;2;4;2;True
91482;2;2;0;True
91483;7;16;9;True
91484;3;6;3;True
91485;2;2;0;True
91486;5;8;3;True
91487;3;6;3;True
91488;3;6;3;True
91489;2;2;0;True
91490;2;4;2;True
91491;0;0;0;True
91492;1;1;0;True
91493;0;0;0;True
91494;4;9;5;True
91495;6;9;3;True
91496;0;0;0;True
91497;6;16;10;True
91498;1;1;0;True
91499;4;9;5;True
91500;4;6;2;True
91501;0;0;0;True
91502;8;16;8;True
91503;5;6;1;True
91504;6;8;2;True
91505;5;12;7;True
91506;1;1;0;True
91507;2;4;2;True
91508;6;12;6;True
91509;5;16;11;True
91510;4;6;2;True
91511;1;1;0;True
91512;3;4;1;True
91513;1;1;0;True
91514;4;8;4;True
91515;3;6;3;True
91516;4;6;2;True
91517;5;12;7;True
91518;3;4;1;True
91519;2;4;2;True
91520;2;4;2;True
91521;7;12;5;True
91522;3;4;1;True
91523;6;16;10;True
91524;7;12;5;True
91525;3;6;3;True
91526;7;12;5;True
91527;2;4;2;True
91528;4;9;5;True
91529;2;2;0;True
91530;0;0;0;True
91531;3;3;0;True
91532;6;9;3;True
91533;2;4;2;True
91534;2;4;2;True
91535;3;3;0;True
91536;1;1;0;True
91537;0;0;0;True
91538;2;4;2;True
91539;4;9;5;True
91540;1;1;0;True
91541;3;6;3;True
91542;3;6;3;True
91543;5;16;11;True
91544;1;1;0;True
91545;2;2;0;True
91546;7;16;9;True
91547;4;9;5;True
91548;5;12;7;True
91549;6;12;6;True
91550;2;2;0;True
91551;2;2;0;True
91552;8;12;4;True
91553;1;1;0;True
91554;7;12;5;True
91555;6;12;6;True
91556;4;12;8;True
91557;7;16;9;True
91558;3;9;6;True
91559;3;6;3;True
91560;3;6;3;True
91561;3;6;3;True
91562;6;12;6;True
91563;8;16;8;True
91564;4;4;0;True
91565;2;4;2;True
91566;3;9;6;True
91567;3;6;3;True
91568;0;0;0;True
91569;4;6;2;True
91570;3;6;3;True
91571;6;12;6;True
91572;4;4;0;True
91573;4;12;8;True
91574;4;9;5;True
91575;2;2;0;True
91576;4;6;2;True
91577;8;16;8;True
91578;2;4;2;True
91579;7;16;9;True
91580;0;0;0;True
91581;3;6;3;True
91582;0;0;0;True
91583;4;9;5;True
91584;5;9;4;True
91585;0;0;0;True
91586;4;9;5;True
91587;4;12;8;True
91588;1;1;0;True
91589;1;1;0;True
91590;6;16;10;True
91591;1;1;0;True
91592;7;12;5;True
91593;4;6;2;True
91594;4;12;8;True
91595;8;16;8;True
91596;3;3;0;True
91597;0;0;0;True
91598;1;1;0;True
91599;6;8;2;True
91600;1;1;0;True
91601;1;1;0;True
91602;2;2;0;True
91603;4;9;5;True
91604;5;8;3;True
91605;1;1;0;True
91606;4;4;0;True
91607;6;8;2;True
91608;4;8;4;True
91609;2;4;2;True
91610;2;4;2;True
91611;4;9;5;True
91612;2;2;0;True
91613;1;1;0;True
91614;5;12;7;True
91615;3;4;1;True
91616;0;0;0;True
91617;5;12;7;True
91618;2;2;0;True
91619;3;4;1;True
91620;1;1;0;True
91621;0;0;0;True
91622;2;2;0;True
91623;3;6;3;True
91624;6;9;3;True
91625;1;1;0;True
91626;4;6;2;True
91627;6;12;6;True
91628;4;9;5;True
91629;3;4;1;True
91630;7;12;5;True
91631;4;6;2;True
91632;5;6;1;True
91633;5;12;7;True
91634;2;4;2;True
91635;0;0;0;True
91636;6;9;3;True
91637;1;1;0;True
91638;6;9;3;True
91639;1;1;0;True
91640;2;4;2;True
91641;4;6;2;True
91642;2;2;0;True
91643;6;12;6;True
91644;2;4;2;True
91645;5;9;4;True
91646;2;4;2;True
91647;3;4;1;True
91648;6;12;6;True
91649;4;6;2;True
91650;3;6;3;True
91651;5;12;7;True
91652;1;1;0;True
91653;2;4;2;True
91654;3;4;1;True
91655;2;2;0;True
91656;3;4;1;True
91657;5;12;7;True
91658;2;2;0;True
91659;7;12;5;True
91660;6;12;6;True
91661;8;16;8;True
91662;5;12;7;True
91663;2;4;2;True
91664;2;4;2;True
91665;2;4;2;True
91666;3;6;3;True
91667;0;0;0;True
91668;11;16;5;True
91669;3;4;1;True
91670;4;9;5;True
91671;6;12;6;True
91672;3;6;3;True
91673;3;4;1;True
91674;3;4;1;True
91675;3;6;3;True
91676;3;6;3;True
91677;5;9;4;True
91678;3;6;3;True
91679;4;8;4;True
91680;4;9;5;True
91681;2;4;2;True
91682;1;1;0;True
91683;5;16;11;True
91684;4;9;5;True
91685;7;12;5;True
91686;4;4;0;True
91687;6;12;6;True
91688;3;6;3;True
91689;2;2;0;True
91690;5;12;7;True
91691;2;2;0;True
91692;4;9;5;True
91693;3;6;3;True
91694;4;12;8;True
91695;1;1;0;True
91696;6;8;2;True
91697;4;9;5;True
91698;7;16;9;True
91699;2;2;0;True
91700;2;4;2;True
91701;0;0;0;True
91702;2;2;0;True
91703;1;1;0;True
91704;2;2;0;True
91705;1;1;0;True
91706;4;9;5;True
91707;4;6;2;True
91708;3;6;3;True
91709;3;4;1;True
91710;7;16;9;True
91711;6;16;10;True
91712;6;16;10;True
91713;9;16;7;True
91714;5;9;4;True
91715;5;12;7;True
91716;3;4;1;True
91717;7;12;5;True
91718;6;9;3;True
91719;2;4;2;True
91720;5;8;3;True
91721;0;0;0;True
91722;6;16;10;True
91723;2;2;0;True
91724;1;1;0;True
91725;2;4;2;True
91726;8;12;4;True
91727;7;16;9;True
91728;1;1;0;True
91729;4;16;12;True
91730;4;9;5;True
91731;2;2;0;True
91732;3;9;6;True
91733;3;4;1;True
91734;1;1;0;True
91735;2;4;2;True
91736;4;6;2;True
91737;5;8;3;True
91738;4;12;8;True
91739;4;6;2;True
91740;7;16;9;True
91741;5;9;4;True
91742;7;16;9;True
91743;4;6;2;True
91744;7;16;9;True
91745;9;16;7;True
91746;6;9;3;True
91747;1;1;0;True
91748;3;9;6;True
91749;3;6;3;True
91750;3;6;3;True
91751;1;1;0;True
91752;6;9;3;True
91753;2;4;2;True
91754;6;16;10;True
91755;4;9;5;True
91756;7;12;5;True
91757;2;4;2;True
91758;6;12;6;True
91759;1;1;0;True
91760;0;0;0;True
91761;5;8;3;True
91762;3;9;6;True
91763;3;6;3;True
91764;0;0;0;True
91765;7;12;5;True
91766;4;6;2;True
91767;7;16;9;True
91768;4;9;5;True
91769;5;8;3;True
91770;6;9;3;True
91771;4;8;4;True
91772;6;12;6;True
91773;3;6;3;True
91774;6;12;6;True
91775;2;4;2;True
91776;1;1;0;True
91777;6;12;6;True
91778;0;0;0;True
91779;8;16;8;True
91780;6;12;6;True
91781;4;9;5;True
91782;4;9;5;True
91783;3;4;1;True
91784;6;12;6;True
91785;7;12;5;True
91786;1;1;0;True
91787;3;9;6;True
91788;1;1;0;True
91789;3;4;1;True
91790;4;6;2;True
91791;2;4;2;True
91792;0;0;0;True
91793;4;9;5;True
91794;5;12;7;True
91795;0;0;0;True
91796;5;12;7;True
91797;0;0;0;True
91798;4;9;5;True
91799;4;9;5;True
91800;4;8;4;True
91801;5;9;4;True
91802;1;1;0;True
91803;4;6;2;True
91804;6;16;10;True
91805;1;1;0;True
91806;5;9;4;True
91807;3;9;6;True
91808;2;4;2;True
91809;5;6;1;True
91810;4;12;8;True
91811;4;9;5;True
91812;3;3;0;True
91813;1;1;0;True
91814;4;8;4;True
91815;4;6;2;True
91816;8;16;8;True
91817;9;16;7;True
91818;0;0;0;True
91819;0;0;0;True
91820;5;12;7;True
91821;4;9;5;True
91822;4;6;2;True
91823;3;6;3;True
91824;0;0;0;True
91825;7;12;5;True
91826;3;6;3;True
91827;3;6;3;True
91828;4;9;5;True
91829;5;8;3;True
91830;1;1;0;True
91831;1;1;0;True
91832;8;16;8;True
91833;5;12;7;True
91834;3;3;0;True
91835;6;16;10;True
91836;2;4;2;True
91837;6;9;3;True
91838;5;9;4;True
91839;1;1;0;True
91840;6;16;10;True
91841;1;1;0;True
91842;6;16;10;True
91843;6;9;3;True
91844;2;2;0;True
91845;6;8;2;True
91846;2;2;0;True
91847;4;6;2;True
91848;7;16;9;True
91849;2;4;2;True
91850;0;0;0;True
91851;8;16;8;True
91852;4;9;5;True
91853;2;4;2;True
91854;7;12;5;True
91855;1;1;0;True
91856;0;0;0;True
91857;2;4;2;True
91858;5;16;11;True
91859;8;12;4;True
91860;2;2;0;True
91861;3;6;3;True
91862;3;9;6;True
91863;5;9;4;True
91864;5;16;11;True
91865;4;12;8;True
91866;5;12;7;True
91867;3;6;3;True
91868;3;6;3;True
91869;4;8;4;True
91870;7;16;9;True
91871;2;4;2;True
91872;9;16;7;True
91873;9;12;3;True
91874;6;16;10;True
91875;2;4;2;True
91876;2;4;2;True
91877;3;9;6;True
91878;2;4;2;True
91879;8;16;8;True
91880;0;0;0;True
91881;2;2;0;True
91882;5;9;4;True
91883;6;12;6;True
91884;7;9;2;True
91885;0;0;0;True
91886;1;1;0;True
91887;1;1;0;True
91888;8;12;4;True
91889;7;12;5;True
91890;6;12;6;True
91891;1;1;0;True
91892;3;3;0;True
91893;9;16;7;True
91894;4;6;2;True
91895;2;4;2;True
91896;8;16;8;True
91897;1;1;0;True
91898;6;12;6;True
91899;5;12;7;True
91900;4;12;8;True
91901;3;6;3;True
91902;1;1;0;True
91903;1;1;0;True
91904;1;1;0;True
91905;6;12;6;True
91906;0;0;0;True
91907;2;4;2;True
91908;5;8;3;True
91909;2;4;2;True
91910;4;6;2;True
91911;3;4;1;True
91912;0;0;0;True
91913;2;4;2;True
91914;3;6;3;True
91915;6;12;6;True
91916;5;9;4;True
91917;5;9;4;True
91918;1;1;0;True
91919;5;6;1;True
91920;6;12;6;True
91921;8;16;8;True
91922;1;1;0;True
91923;4;12;8;True
91924;1;1;0;True
91925;3;6;3;True
91926;2;4;2;True
91927;3;6;3;True
91928;6;12;6;True
91929;3;4;1;True
91930;0;0;0;True
91931;3;6;3;True
91932;8;16;8;True
91933;1;1;0;True
91934;3;6;3;True
91935;5;12;7;True
91936;5;12;7;True
91937;2;2;0;True
91938;4;6;2;True
91939;1;1;0;True
91940;1;1;0;True
91941;1;1;0;True
91942;5;16;11;True
91943;2;4;2;True
91944;2;2;0;True
91945;4;9;5;True
91946;4;16;12;True
91947;6;12;6;True
91948;4;6;2;True
91949;5;12;7;True
91950;3;4;1;True
91951;1;1;0;True
91952;7;16;9;True
91953;9;16;7;True
91954;3;6;3;True
91955;9;16;7;True
91956;3;9;6;True
91957;2;2;0;True
91958;4;9;5;True
91959;1;1;0;True
91960;4;6;2;True
91961;10;16;6;True
91962;6;12;6;True
91963;1;1;0;True
91964;5;8;3;True
91965;4;6;2;True
91966;4;6;2;True
91967;3;4;1;True
91968;2;4;2;True
91969;1;1;0;True
91970;2;2;0;True
91971;4;6;2;True
91972;4;9;5;True
91973;4;6;2;True
91974;6;12;6;True
91975;8;12;4;True
91976;6;12;6;True
91977;2;4;2;True
91978;5;9;4;True
91979;6;16;10;True
91980;9;16;7;True
91981;4;6;2;True
91982;3;4;1;True
91983;0;0;0;True
91984;3;9;6;True
91985;2;4;2;True
91986;1;1;0;True
91987;0;0;0;True
91988;4;6;2;True
91989;6;16;10;True
91990;2;4;2;True
91991;7;12;5;True
91992;2;4;2;True
91993;6;12;6;True
91994;3;6;3;True
91995;4;9;5;True
91996;1;1;0;True
91997;7;16;9;True
91998;2;4;2;True
91999;4;6;2;True
92000;3;3;0;True
92001;1;1;0;True
92002;5;8;3;True
92003;6;8;2;True
92004;7;16;9;True
92005;4;6;2;True
92006;3;6;3;True
92007;3;9;6;True
92008;6;16;10;True
92009;3;9;6;True
92010;4;9;5;True
92011;5;16;11;True
92012;1;1;0;True
92013;5;9;4;True
92014;2;2;0;True
92015;5;16;11;True
92016;7;16;9;True
92017;0;0;0;True
92018;2;2;0;True
92019;5;9;4;True
92020;2;4;2;True
92021;3;6;3;True
92022;0;0;0;True
92023;3;6;3;True
92024;1;1;0;True
92025;1;1;0;True
92026;5;6;1;True
92027;3;9;6;True
92028;1;1;0;True
92029;3;6;3;True
92030;5;6;1;True
92031;8;16;8;True
92032;3;6;3;True
92033;7;16;9;True
92034;5;9;4;True
92035;10;16;6;True
92036;3;6;3;True
92037;7;12;5;True
92038;9;16;7;True
92039;5;12;7;True
92040;0;0;0;True
92041;4;8;4;True
92042;3;6;3;True
92043;2;4;2;True
92044;2;4;2;True
92045;4;12;8;True
92046;2;4;2;True
92047;4;12;8;True
92048;5;12;7;True
92049;2;2;0;True
92050;7;16;9;True
92051;2;4;2;True
92052;9;16;7;True
92053;4;9;5;True
92054;3;4;1;True
92055;1;1;0;True
92056;5;12;7;True
92057;1;1;0;True
92058;0;0;0;True
92059;2;2;0;True
92060;0;0;0;True
92061;5;12;7;True
92062;3;3;0;True
92063;1;1;0;True
92064;7;12;5;True
92065;5;9;4;True
92066;6;16;10;True
92067;1;1;0;True
92068;0;0;0;True
92069;6;12;6;True
92070;5;12;7;True
92071;5;16;11;True
92072;2;4;2;True
92073;4;9;5;True
92074;6;16;10;True
92075;6;12;6;True
92076;3;4;1;True
92077;2;2;0;True
92078;7;16;9;True
92079;7;16;9;True
92080;3;4;1;True
92081;1;1;0;True
92082;11;16;5;True
92083;4;8;4;True
92084;7;12;5;True
92085;6;16;10;True
92086;5;9;4;True
92087;6;16;10;True
92088;6;16;10;True
92089;2;2;0;True
92090;0;0;0;True
92091;3;9;6;True
92092;8;12;4;True
92093;7;12;5;True
92094;3;9;6;True
92095;3;4;1;True
92096;8;12;4;True
92097;2;4;2;True
92098;1;1;0;True
92099;4;9;5;True
92100;7;12;5;True
92101;7;12;5;True
92102;5;9;4;True
92103;4;6;2;True
92104;4;9;5;True
92105;2;4;2;True
92106;1;1;0;True
92107;6;12;6;True
92108;6;16;10;True
92109;2;2;0;True
92110;3;4;1;True
92111;3;9;6;True
92112;2;4;2;True
92113;2;4;2;True
92114;0;0;0;True
92115;4;6;2;True
92116;4;9;5;True
92117;2;4;2;True
92118;2;2;0;True
92119;2;2;0;True
92120;2;4;2;True
92121;4;6;2;True
92122;1;1;0;True
92123;6;16;10;True
92124;1;1;0;True
92125;4;9;5;True
92126;2;4;2;True
92127;5;12;7;True
92128;3;6;3;True
92129;2;2;0;True
92130;1;1;0;True
92131;3;6;3;True
92132;2;4;2;True
92133;8;16;8;True
92134;4;6;2;True
92135;5;12;7;True
92136;6;9;3;True
92137;5;12;7;True
92138;0;0;0;True
92139;2;4;2;True
92140;2;4;2;True
92141;8;12;4;True
92142;4;12;8;True
92143;7;12;5;True
92144;3;9;6;True
92145;8;16;8;True
92146;1;1;0;True
92147;2;4;2;True
92148;5;12;7;True
92149;4;9;5;True
92150;3;6;3;True
92151;3;6;3;True
92152;0;0;0;True
92153;1;1;0;True
92154;4;9;5;True
92155;3;4;1;True
92156;1;1;0;True
92157;2;2;0;True
92158;1;1;0;True
92159;5;16;11;True
92160;2;4;2;True
92161;3;9;6;True
92162;0;0;0;True
92163;4;12;8;True
92164;1;1;0;True
92165;0;0;0;True
92166;3;6;3;True
92167;6;8;2;True
92168;3;6;3;True
92169;5;8;3;True
92170;9;16;7;True
92171;5;12;7;True
92172;6;12;6;True
92173;4;6;2;True
92174;2;4;2;True
92175;1;1;0;True
92176;8;16;8;True
92177;3;4;1;True
92178;1;1;0;True
92179;3;4;1;True
92180;5;9;4;True
92181;6;12;6;True
92182;2;4;2;True
92183;1;1;0;True
92184;3;6;3;True
92185;3;9;6;True
92186;9;16;7;True
92187;7;9;2;True
92188;3;4;1;True
92189;5;8;3;True
92190;3;6;3;True
92191;5;12;7;True
92192;2;2;0;True
92193;4;8;4;True
92194;5;9;4;True
92195;2;2;0;True
92196;2;2;0;True
92197;3;4;1;True
92198;5;6;1;True
92199;4;16;12;True
92200;1;1;0;True
92201;4;9;5;True
92202;4;9;5;True
92203;4;9;5;True
92204;8;16;8;True
92205;6;9;3;True
92206;0;0;0;True
92207;1;1;0;True
92208;5;16;11;True
92209;6;9;3;True
92210;4;12;8;True
92211;0;0;0;True
92212;7;12;5;True
92213;3;6;3;True
92214;5;12;7;True
92215;6;12;6;True
92216;4;9;5;True
92217;7;16;9;True
92218;7;16;9;True
92219;4;9;5;True
92220;5;16;11;True
92221;4;9;5;True
92222;1;1;0;True
92223;5;6;1;True
92224;6;16;10;True
92225;4;9;5;True
92226;7;12;5;True
92227;2;4;2;True
92228;1;1;0;True
92229;9;16;7;True
92230;7;16;9;True
92231;2;2;0;True
92232;3;9;6;True
92233;6;16;10;True
92234;3;4;1;True
92235;2;2;0;True
92236;3;9;6;True
92237;3;9;6;True
92238;3;9;6;True
92239;3;6;3;True
92240;9;16;7;True
92241;5;16;11;True
92242;2;4;2;True
92243;2;2;0;True
92244;4;6;2;True
92245;0;0;0;True
92246;3;9;6;True
92247;1;1;0;True
92248;6;12;6;True
92249;3;3;0;True
92250;5;6;1;True
92251;1;1;0;True
92252;4;9;5;True
92253;2;4;2;True
92254;4;9;5;True
92255;1;1;0;True
92256;0;0;0;True
92257;2;4;2;True
92258;3;6;3;True
92259;5;12;7;True
92260;7;16;9;True
92261;5;9;4;True
92262;8;16;8;True
92263;3;9;6;True
92264;3;6;3;True
92265;3;6;3;True
92266;1;1;0;True
92267;4;9;5;True
92268;7;16;9;True
92269;1;1;0;True
92270;2;4;2;True
92271;3;6;3;True
92272;2;2;0;True
92273;4;9;5;True
92274;4;9;5;True
92275;9;12;3;True
92276;3;9;6;True
92277;4;6;2;True
92278;1;1;0;True
92279;4;9;5;True
92280;9;16;7;True
92281;1;1;0;True
92282;4;9;5;True
92283;6;9;3;True
92284;6;12;6;True
92285;1;1;0;True
92286;4;6;2;True
92287;3;6;3;True
92288;5;12;7;True
92289;4;9;5;True
92290;5;8;3;True
92291;4;12;8;True
92292;7;16;9;True
92293;2;4;2;True
92294;2;2;0;True
92295;7;12;5;True
92296;5;16;11;True
92297;3;6;3;True
92298;4;9;5;True
92299;2;2;0;True
92300;7;12;5;True
92301;3;4;1;True
92302;2;4;2;True
92303;6;12;6;True
92304;3;6;3;True
92305;3;4;1;True
92306;4;6;2;True
92307;0;0;0;True
92308;3;6;3;True
92309;2;2;0;True
92310;5;8;3;True
92311;2;4;2;True
92312;3;6;3;True
92313;3;6;3;True
92314;2;4;2;True
92315;5;12;7;True
92316;7;12;5;True
92317;1;1;0;True
92318;2;4;2;True
92319;5;9;4;True
92320;4;4;0;True
92321;4;9;5;True
92322;5;9;4;True
92323;3;6;3;True
92324;10;16;6;True
92325;2;4;2;True
92326;1;1;0;True
92327;5;8;3;True
92328;5;8;3;True
92329;7;12;5;True
92330;2;2;0;True
92331;2;4;2;True
92332;4;9;5;True
92333;1;1;0;True
92334;7;12;5;True
92335;2;4;2;True
92336;4;9;5;True
92337;1;1;0;True
92338;2;4;2;True
92339;3;6;3;True
92340;3;6;3;True
92341;5;8;3;True
92342;6;12;6;True
92343;0;0;0;True
92344;3;4;1;True
92345;6;16;10;True
92346;2;4;2;True
92347;6;12;6;True
92348;1;1;0;True
92349;6;12;6;True
92350;2;2;0;True
92351;8;12;4;True
92352;1;1;0;True
92353;1;1;0;True
92354;2;4;2;True
92355;4;12;8;True
92356;2;4;2;True
92357;3;6;3;True
92358;4;6;2;True
92359;6;12;6;True
92360;6;12;6;True
92361;1;1;0;True
92362;4;12;8;True
92363;6;8;2;True
92364;0;0;0;True
92365;3;9;6;True
92366;0;0;0;True
92367;4;9;5;True
92368;3;6;3;True
92369;4;6;2;True
92370;7;12;5;True
92371;0;0;0;True
92372;8;12;4;True
92373;3;9;6;True
92374;0;0;0;True
92375;3;9;6;True
92376;10;16;6;True
92377;6;16;10;True
92378;5;12;7;True
92379;7;9;2;True
92380;3;6;3;True
92381;5;12;7;True
92382;8;16;8;True
92383;1;1;0;True
92384;2;4;2;True
92385;5;9;4;True
92386;8;16;8;True
92387;5;12;7;True
92388;5;6;1;True
92389;5;12;7;True
92390;5;9;4;True
92391;4;12;8;True
92392;3;6;3;True
92393;3;6;3;True
92394;10;16;6;True
92395;3;4;1;True
92396;1;1;0;True
92397;8;16;8;True
92398;3;6;3;True
92399;5;9;4;True
92400;3;6;3;True
92401;7;12;5;True
92402;5;9;4;True
92403;0;0;0;True
92404;10;16;6;True
92405;1;1;0;True
92406;6;16;10;True
92407;2;2;0;True
92408;1;1;0;True
92409;1;1;0;True
92410;0;0;0;True
92411;4;9;5;True
92412;1;1;0;True
92413;4;6;2;True
92414;2;4;2;True
92415;4;9;5;True
92416;6;12;6;True
92417;5;12;7;True
92418;6;12;6;True
92419;5;8;3;True
92420;1;1;0;True
92421;4;9;5;True
92422;4;9;5;True
92423;7;12;5;True
92424;3;4;1;True
92425;3;4;1;True
92426;5;9;4;True
92427;6;16;10;True
92428;4;9;5;True
92429;5;9;4;True
92430;8;16;8;True
92431;4;6;2;True
92432;1;1;0;True
92433;2;4;2;True
92434;6;16;10;True
92435;4;6;2;True
92436;2;4;2;True
92437;1;1;0;True
92438;0;0;0;True
92439;0;0;0;True
92440;7;9;2;True
92441;4;9;5;True
92442;7;16;9;True
92443;5;9;4;True
92444;1;1;0;True
92445;6;12;6;True
92446;10;16;6;True
92447;8;16;8;True
92448;4;8;4;True
92449;1;1;0;True
92450;4;12;8;True
92451;4;9;5;True
92452;5;12;7;True
92453;5;9;4;True
92454;0;0;0;True
92455;7;12;5;True
92456;0;0;0;True
92457;4;9;5;True
92458;1;1;0;True
92459;2;4;2;True
92460;6;12;6;True
92461;6;8;2;True
92462;1;1;0;True
92463;4;12;8;True
92464;2;4;2;True
92465;7;16;9;True
92466;3;6;3;True
92467;3;6;3;True
92468;8;16;8;True
92469;3;4;1;True
92470;4;6;2;True
92471;3;4;1;True
92472;8;16;8;True
92473;7;16;9;True
92474;9;16;7;True
92475;3;6;3;True
92476;1;1;0;True
92477;2;2;0;True
92478;4;6;2;True
92479;4;6;2;True
92480;4;8;4;True
92481;5;12;7;True
92482;2;4;2;True
92483;5;12;7;True
92484;4;6;2;True
92485;0;0;0;True
92486;2;4;2;True
92487;6;16;10;True
92488;3;4;1;True
92489;5;9;4;True
92490;5;9;4;True
92491;1;1;0;True
92492;3;6;3;True
92493;3;6;3;True
92494;6;12;6;True
92495;9;16;7;True
92496;4;9;5;True
92497;6;12;6;True
92498;8;16;8;True
92499;2;2;0;True
92500;8;12;4;True
92501;5;12;7;True
92502;3;6;3;True
92503;3;6;3;True
92504;3;6;3;True
92505;1;1;0;True
92506;1;1;0;True
92507;7;16;9;True
92508;0;0;0;True
92509;3;6;3;True
92510;1;1;0;True
92511;1;1;0;True
92512;7;16;9;True
92513;5;9;4;True
92514;5;12;7;True
92515;1;1;0;True
92516;2;4;2;True
92517;0;0;0;True
92518;4;12;8;True
92519;2;4;2;True
92520;8;16;8;True
92521;1;1;0;True
92522;2;2;0;True
92523;3;3;0;True
92524;1;1;0;True
92525;5;6;1;True
92526;1;1;0;True
92527;4;9;5;True
92528;4;12;8;True
92529;8;12;4;True
92530;3;9;6;True
92531;3;9;6;True
92532;0;0;0;True
92533;1;1;0;True
92534;4;9;5;True
92535;2;2;0;True
92536;4;12;8;True
92537;6;16;10;True
92538;5;9;4;True
92539;3;6;3;True
92540;4;6;2;True
92541;7;12;5;True
92542;5;8;3;True
92543;7;12;5;True
92544;3;6;3;True
92545;1;1;0;True
92546;4;9;5;True
92547;3;4;1;True
92548;4;9;5;True
92549;2;2;0;True
92550;2;4;2;True
92551;2;2;0;True
92552;6;12;6;True
92553;3;6;3;True
92554;4;9;5;True
92555;6;16;10;True
92556;0;0;0;True
92557;7;12;5;True
92558;4;9;5;True
92559;5;12;7;True
92560;8;12;4;True
92561;5;12;7;True
92562;4;6;2;True
92563;3;4;1;True
92564;7;16;9;True
92565;6;9;3;True
92566;2;4;2;True
92567;5;6;1;True
92568;3;6;3;True
92569;5;16;11;True
92570;3;6;3;True
92571;1;1;0;True
92572;5;9;4;True
92573;4;6;2;True
92574;8;16;8;True
92575;2;2;0;True
92576;7;16;9;True
92577;3;4;1;True
92578;3;6;3;True
92579;4;12;8;True
92580;5;9;4;True
92581;4;9;5;True
92582;2;2;0;True
92583;4;9;5;True
92584;2;4;2;True
92585;2;4;2;True
92586;6;12;6;True
92587;6;12;6;True
92588;3;6;3;True
92589;4;12;8;True
92590;7;16;9;True
92591;0;0;0;True
92592;4;9;5;True
92593;1;1;0;True
92594;3;6;3;True
92595;3;9;6;True
92596;0;0;0;True
92597;1;1;0;True
92598;3;9;6;True
92599;3;4;1;True
92600;4;9;5;True
92601;0;0;0;True
92602;2;2;0;True
92603;2;4;2;True
92604;7;12;5;True
92605;5;8;3;True
92606;3;4;1;True
92607;0;0;0;True
92608;3;4;1;True
92609;5;9;4;True
92610;4;12;8;True
92611;3;4;1;True
92612;3;9;6;True
92613;7;9;2;True
92614;6;12;6;True
92615;5;9;4;True
92616;3;6;3;True
92617;1;1;0;True
92618;2;4;2;True
92619;2;4;2;True
92620;1;1;0;True
92621;0;0;0;True
92622;2;4;2;True
92623;2;4;2;True
92624;3;4;1;True
92625;3;4;1;True
92626;5;8;3;True
92627;8;16;8;True
92628;8;12;4;True
92629;3;6;3;True
92630;6;12;6;True
92631;6;12;6;True
92632;1;1;0;True
92633;4;9;5;True
92634;2;2;0;True
92635;4;6;2;True
92636;5;12;7;True
92637;1;1;0;True
92638;4;9;5;True
92639;2;2;0;True
92640;8;16;8;True
92641;3;4;1;True
92642;3;6;3;True
92643;3;6;3;True
92644;2;4;2;True
92645;4;9;5;True
92646;5;9;4;True
92647;4;9;5;True
92648;4;8;4;True
92649;4;12;8;True
92650;6;16;10;True
92651;3;4;1;True
92652;4;8;4;True
92653;3;6;3;True
92654;3;9;6;True
92655;9;16;7;True
92656;0;0;0;True
92657;4;9;5;True
92658;5;12;7;True
92659;3;6;3;True
92660;3;4;1;True
92661;3;6;3;True
92662;1;1;0;True
92663;5;6;1;True
92664;2;4;2;True
92665;0;0;0;True
92666;5;9;4;True
92667;4;8;4;True
92668;1;1;0;True
92669;4;12;8;True
92670;2;2;0;True
92671;4;6;2;True
92672;2;2;0;True
92673;5;9;4;True
92674;4;8;4;True
92675;2;2;0;True
92676;1;1;0;True
92677;5;12;7;True
92678;3;6;3;True
92679;5;12;7;True
92680;2;2;0;True
92681;5;6;1;True
92682;3;4;1;True
92683;6;12;6;True
92684;7;12;5;True
92685;3;6;3;True
92686;3;6;3;True
92687;3;6;3;True
92688;2;2;0;True
92689;0;0;0;True
92690;6;12;6;True
92691;3;6;3;True
92692;6;16;10;True
92693;5;16;11;True
92694;4;6;2;True
92695;3;6;3;True
92696;2;4;2;True
92697;3;6;3;True
92698;2;4;2;True
92699;5;12;7;True
92700;5;12;7;True
92701;4;9;5;True
92702;2;4;2;True
92703;5;12;7;True
92704;2;4;2;True
92705;3;4;1;True
92706;3;4;1;True
92707;2;2;0;True
92708;6;12;6;True
92709;6;12;6;True
92710;6;12;6;True
92711;4;6;2;True
92712;1;1;0;True
92713;2;2;0;True
92714;9;16;7;True
92715;0;0;0;True
92716;7;12;5;True
92717;0;0;0;True
92718;4;12;8;True
92719;3;6;3;True
92720;2;4;2;True
92721;8;16;8;True
92722;1;1;0;True
92723;2;2;0;True
92724;1;1;0;True
92725;2;4;2;True
92726;3;6;3;True
92727;4;9;5;True
92728;3;4;1;True
92729;1;1;0;True
92730;0;0;0;True
92731;4;9;5;True
92732;8;12;4;True
92733;7;16;9;True
92734;2;2;0;True
92735;3;4;1;True
92736;4;6;2;True
92737;0;0;0;True
92738;2;2;0;True
92739;5;9;4;True
92740;2;4;2;True
92741;3;4;1;True
92742;4;6;2;True
92743;5;12;7;True
92744;2;4;2;True
92745;2;4;2;True
92746;3;6;3;True
92747;0;0;0;True
92748;6;16;10;True
92749;6;12;6;True
92750;3;4;1;True
92751;2;4;2;True
92752;2;4;2;True
92753;3;9;6;True
92754;2;4;2;True
92755;4;6;2;True
92756;4;9;5;True
92757;6;9;3;True
92758;4;12;8;True
92759;2;2;0;True
92760;6;12;6;True
92761;0;0;0;True
92762;7;16;9;True
92763;5;12;7;True
92764;1;1;0;True
92765;4;8;4;True
92766;7;12;5;True
92767;4;9;5;True
92768;1;1;0;True
92769;2;4;2;True
92770;4;12;8;True
92771;2;4;2;True
92772;1;1;0;True
92773;5;8;3;True
92774;4;6;2;True
92775;3;6;3;True
92776;1;1;0;True
92777;3;6;3;True
92778;2;2;0;True
92779;2;2;0;True
92780;1;1;0;True
92781;1;1;0;True
92782;5;12;7;True
92783;2;4;2;True
92784;1;1;0;True
92785;7;12;5;True
92786;5;9;4;True
92787;4;9;5;True
92788;2;4;2;True
92789;9;16;7;True
92790;2;2;0;True
92791;5;9;4;True
92792;0;0;0;True
92793;3;9;6;True
92794;3;6;3;True
92795;6;12;6;True
92796;7;12;5;True
92797;7;12;5;True
92798;6;16;10;True
92799;5;12;7;True
92800;0;0;0;True
92801;4;12;8;True
92802;9;16;7;True
92803;1;1;0;True
92804;6;12;6;True
92805;2;4;2;True
92806;2;4;2;True
92807;3;6;3;True
92808;6;12;6;True
92809;3;4;1;True
92810;1;1;0;True
92811;7;16;9;True
92812;4;12;8;True
92813;0;0;0;True
92814;2;4;2;True
92815;4;6;2;True
92816;7;16;9;True
92817;2;4;2;True
92818;4;9;5;True
92819;7;16;9;True
92820;5;12;7;True
92821;3;4;1;True
92822;5;12;7;True
92823;6;6;0;True
92824;5;9;4;True
92825;4;12;8;True
92826;3;9;6;True
92827;5;8;3;True
92828;7;12;5;True
92829;3;6;3;True
92830;2;2;0;True
92831;6;12;6;True
92832;1;1;0;True
92833;2;2;0;True
92834;2;4;2;True
92835;4;9;5;True
92836;3;6;3;True
92837;4;12;8;True
92838;2;4;2;True
92839;5;16;11;True
92840;6;16;10;True
92841;4;8;4;True
92842;1;1;0;True
92843;8;12;4;True
92844;0;0;0;True
92845;3;6;3;True
92846;7;16;9;True
92847;5;12;7;True
92848;4;12;8;True
92849;3;6;3;True
92850;10;16;6;True
92851;1;1;0;True
92852;0;0;0;True
92853;1;1;0;True
92854;0;0;0;True
92855;6;12;6;True
92856;6;12;6;True
92857;2;4;2;True
92858;6;12;6;True
92859;0;0;0;True
92860;8;16;8;True
92861;4;9;5;True
92862;4;4;0;True
92863;4;9;5;True
92864;2;2;0;True
92865;2;4;2;True
92866;5;12;7;True
92867;2;2;0;True
92868;3;6;3;True
92869;3;4;1;True
92870;1;1;0;True
92871;3;6;3;True
92872;4;9;5;True
92873;2;4;2;True
92874;5;8;3;True
92875;4;9;5;True
92876;9;16;7;True
92877;1;1;0;True
92878;7;12;5;True
92879;3;3;0;True
92880;5;8;3;True
92881;4;9;5;True
92882;4;6;2;True
92883;10;16;6;True
92884;3;9;6;True
92885;6;12;6;True
92886;2;4;2;True
92887;7;16;9;True
92888;7;16;9;True
92889;4;9;5;True
92890;2;2;0;True
92891;2;4;2;True
92892;0;0;0;True
92893;8;12;4;True
92894;2;4;2;True
92895;7;12;5;True
92896;1;1;0;True
92897;5;16;11;True
92898;1;1;0;True
92899;2;4;2;True
92900;4;9;5;True
92901;4;9;5;True
92902;2;4;2;True
92903;9;12;3;True
92904;4;9;5;True
92905;2;4;2;True
92906;5;9;4;True
92907;2;2;0;True
92908;3;6;3;True
92909;4;8;4;True
92910;1;1;0;True
92911;6;9;3;True
92912;2;4;2;True
92913;7;16;9;True
92914;4;6;2;True
92915;3;6;3;True
92916;1;1;0;True
92917;3;3;0;True
92918;6;12;6;True
92919;10;16;6;True
92920;8;16;8;True
92921;3;6;3;True
92922;3;6;3;True
92923;6;12;6;True
92924;3;4;1;True
92925;6;12;6;True
92926;2;2;0;True
92927;2;4;2;True
92928;3;3;0;True
92929;4;9;5;True
92930;4;9;5;True
92931;4;6;2;True
92932;3;9;6;True
92933;5;12;7;True
92934;6;16;10;True
92935;2;2;0;True
92936;1;1;0;True
92937;6;8;2;True
92938;0;0;0;True
92939;5;9;4;True
92940;1;1;0;True
92941;4;9;5;True
92942;6;9;3;True
92943;3;4;1;True
92944;4;9;5;True
92945;6;16;10;True
92946;7;16;9;True
92947;3;6;3;True
92948;7;16;9;True
92949;6;9;3;True
92950;2;2;0;True
92951;8;16;8;True
92952;5;12;7;True
92953;2;4;2;True
92954;1;1;0;True
92955;8;12;4;True
92956;1;1;0;True
92957;7;9;2;True
92958;1;1;0;True
92959;2;2;0;True
92960;4;6;2;True
92961;4;16;12;True
92962;5;8;3;True
92963;2;4;2;True
92964;6;16;10;True
92965;1;1;0;True
92966;1;1;0;True
92967;5;12;7;True
92968;6;16;10;True
92969;7;12;5;True
92970;6;16;10;True
92971;3;9;6;True
92972;3;9;6;True
92973;5;16;11;True
92974;0;0;0;True
92975;3;6;3;True
92976;9;16;7;True
92977;1;1;0;True
92978;7;16;9;True
92979;6;16;10;True
92980;5;16;11;True
92981;4;9;5;True
92982;5;8;3;True
92983;7;16;9;True
92984;1;1;0;True
92985;6;12;6;True
92986;5;12;7;True
92987;3;3;0;True
92988;8;16;8;True
92989;5;12;7;True
92990;1;1;0;True
92991;2;4;2;True
92992;8;16;8;True
92993;4;6;2;True
92994;3;4;1;True
92995;5;9;4;True
92996;6;12;6;True
92997;4;9;5;True
92998;4;6;2;True
92999;2;2;0;True
93000;2;4;2;True
93001;8;12;4;True
93002;3;6;3;True
93003;2;4;2;True
93004;7;16;9;True
93005;6;12;6;True
93006;5;12;7;True
93007;3;4;1;True
93008;6;16;10;True
93009;5;12;7;True
93010;5;9;4;True
93011;0;0;0;True
93012;8;16;8;True
93013;1;1;0;True
93014;4;9;5;True
93015;6;16;10;True
93016;2;2;0;True
93017;4;9;5;True
93018;4;12;8;True
93019;1;1;0;True
93020;5;9;4;True
93021;0;0;0;True
93022;4;9;5;True
93023;1;1;0;True
93024;1;1;0;True
93025;4;9;5;True
93026;2;4;2;True
93027;4;9;5;True
93028;8;12;4;True
93029;1;1;0;True
93030;3;6;3;True
93031;2;4;2;True
93032;1;1;0;True
93033;5;8;3;True
93034;10;16;6;True
93035;1;1;0;True
93036;1;1;0;True
93037;3;6;3;True
93038;4;9;5;True
93039;6;9;3;True
93040;0;0;0;True
93041;7;16;9;True
93042;9;16;7;True
93043;2;2;0;True
93044;1;1;0;True
93045;8;16;8;True
93046;5;9;4;True
93047;4;12;8;True
93048;1;1;0;True
93049;3;6;3;True
93050;1;1;0;True
93051;4;6;2;True
93052;5;12;7;True
93053;0;0;0;True
93054;5;9;4;True
93055;5;12;7;True
93056;0;0;0;True
93057;3;9;6;True
93058;2;2;0;True
93059;4;8;4;True
93060;6;16;10;True
93061;4;12;8;True
93062;6;12;6;True
93063;3;9;6;True
93064;4;9;5;True
93065;1;1;0;True
93066;3;3;0;True
93067;6;12;6;True
93068;2;4;2;True
93069;1;1;0;True
93070;2;4;2;True
93071;2;4;2;True
93072;5;12;7;True
93073;8;12;4;True
93074;4;6;2;True
93075;7;12;5;True
93076;4;8;4;True
93077;6;16;10;True
93078;2;4;2;True
93079;3;6;3;True
93080;3;9;6;True
93081;4;9;5;True
93082;4;12;8;True
93083;3;3;0;True
93084;5;12;7;True
93085;3;6;3;True
93086;2;4;2;True
93087;2;4;2;True
93088;3;4;1;True
93089;3;4;1;True
93090;1;1;0;True
93091;4;8;4;True
93092;2;4;2;True
93093;2;2;0;True
93094;2;4;2;True
93095;6;12;6;True
93096;7;16;9;True
93097;3;4;1;True
93098;4;9;5;True
93099;2;4;2;True
93100;1;1;0;True
93101;3;6;3;True
93102;7;12;5;True
93103;2;4;2;True
93104;0;0;0;True
93105;9;16;7;True
93106;2;2;0;True
93107;1;1;0;True
93108;2;2;0;True
93109;5;9;4;True
93110;5;12;7;True
93111;0;0;0;True
93112;4;12;8;True
93113;3;6;3;True
93114;3;6;3;True
93115;3;6;3;True
93116;9;16;7;True
93117;4;9;5;True
93118;5;8;3;True
93119;0;0;0;True
93120;7;12;5;True
93121;7;16;9;True
93122;8;16;8;True
93123;2;4;2;True
93124;1;1;0;True
93125;9;16;7;True
93126;5;6;1;True
93127;4;8;4;True
93128;3;6;3;True
93129;6;12;6;True
93130;0;0;0;True
93131;1;1;0;True
93132;7;12;5;True
93133;2;4;2;True
93134;2;4;2;True
93135;7;12;5;True
93136;4;8;4;True
93137;3;4;1;True
93138;5;9;4;True
93139;3;6;3;True
93140;2;2;0;True
93141;1;1;0;True
93142;4;9;5;True
93143;5;12;7;True
93144;3;6;3;True
93145;4;12;8;True
93146;5;9;4;True
93147;4;6;2;True
93148;0;0;0;True
93149;2;2;0;True
93150;5;12;7;True
93151;8;16;8;True
93152;6;16;10;True
93153;2;4;2;True
93154;4;9;5;True
93155;2;4;2;True
93156;6;12;6;True
93157;6;12;6;True
93158;2;2;0;True
93159;7;12;5;True
93160;4;9;5;True
93161;1;1;0;True
93162;0;0;0;True
93163;7;12;5;True
93164;3;9;6;True
93165;5;12;7;True
93166;1;1;0;True
93167;5;9;4;True
93168;5;9;4;True
93169;8;16;8;True
93170;8;16;8;True
93171;7;16;9;True
93172;5;8;3;True
93173;4;9;5;True
93174;4;6;2;True
93175;1;1;0;True
93176;6;8;2;True
93177;2;4;2;True
93178;6;12;6;True
93179;5;6;1;True
93180;1;1;0;True
93181;10;16;6;True
93182;5;8;3;True
93183;9;16;7;True
93184;8;16;8;True
93185;3;6;3;True
93186;0;0;0;True
93187;7;12;5;True
93188;4;12;8;True
93189;6;12;6;True
93190;5;9;4;True
93191;0;0;0;True
93192;1;1;0;True
93193;4;6;2;True
93194;7;12;5;True
93195;2;2;0;True
93196;3;4;1;True
93197;9;12;3;True
93198;3;4;1;True
93199;2;4;2;True
93200;2;2;0;True
93201;3;6;3;True
93202;4;6;2;True
93203;3;4;1;True
93204;7;12;5;True
93205;2;2;0;True
93206;0;0;0;True
93207;6;12;6;True
93208;3;6;3;True
93209;1;1;0;True
93210;4;12;8;True
93211;3;6;3;True
93212;1;1;0;True
93213;0;0;0;True
93214;3;6;3;True
93215;4;6;2;True
93216;7;16;9;True
93217;4;6;2;True
93218;8;12;4;True
93219;3;9;6;True
93220;4;6;2;True
93221;5;9;4;True
93222;4;9;5;True
93223;1;1;0;True
93224;4;6;2;True
93225;3;6;3;True
93226;5;12;7;True
93227;4;6;2;True
93228;4;9;5;True
93229;10;16;6;True
93230;8;12;4;True
93231;8;16;8;True
93232;1;1;0;True
93233;5;12;7;True
93234;1;1;0;True
93235;0;0;0;True
93236;4;9;5;True
93237;5;9;4;True
93238;6;16;10;True
93239;0;0;0;True
93240;4;6;2;True
93241;3;3;0;True
93242;2;4;2;True
93243;3;3;0;True
93244;2;4;2;True
93245;5;16;11;True
93246;5;9;4;True
93247;4;6;2;True
93248;1;1;0;True
93249;4;6;2;True
93250;6;12;6;True
93251;4;9;5;True
93252;1;1;0;True
93253;1;1;0;True
93254;4;6;2;True
93255;6;12;6;True
93256;2;4;2;True
93257;2;4;2;True
93258;6;16;10;True
93259;2;2;0;True
93260;4;9;5;True
93261;0;0;0;True
93262;3;6;3;True
93263;4;8;4;True
93264;7;16;9;True
93265;0;0;0;True
93266;1;1;0;True
93267;2;4;2;True
93268;3;6;3;True
93269;2;4;2;True
93270;6;16;10;True
93271;5;12;7;True
93272;5;12;7;True
93273;6;16;10;True
93274;7;12;5;True
93275;8;12;4;True
93276;1;1;0;True
93277;4;9;5;True
93278;3;6;3;True
93279;7;16;9;True
93280;1;1;0;True
93281;0;0;0;True
93282;5;12;7;True
93283;3;6;3;True
93284;0;0;0;True
93285;3;6;3;True
93286;3;9;6;True
93287;6;16;10;True
93288;6;12;6;True
93289;3;4;1;True
93290;3;9;6;True
93291;8;12;4;True
93292;0;0;0;True
93293;7;12;5;True
93294;6;16;10;True
93295;4;6;2;True
93296;1;1;0;True
93297;7;16;9;True
93298;3;6;3;True
93299;2;4;2;True
93300;3;4;1;True
93301;2;4;2;True
93302;3;9;6;True
93303;6;16;10;True
93304;9;16;7;True
93305;4;6;2;True
93306;3;4;1;True
93307;3;4;1;True
93308;6;12;6;True
93309;1;1;0;True
93310;2;4;2;True
93311;2;4;2;True
93312;1;1;0;True
93313;0;0;0;True
93314;3;9;6;True
93315;2;2;0;True
93316;3;3;0;True
93317;2;2;0;True
93318;0;0;0;True
93319;7;16;9;True
93320;1;1;0;True
93321;5;9;4;True
93322;7;12;5;True
93323;6;12;6;True
93324;3;4;1;True
93325;7;16;9;True
93326;6;12;6;True
93327;2;4;2;True
93328;4;9;5;True
93329;6;16;10;True
93330;0;0;0;True
93331;3;9;6;True
93332;2;4;2;True
93333;4;9;5;True
93334;1;1;0;True
93335;0;0;0;True
93336;6;12;6;True
93337;2;2;0;True
93338;7;12;5;True
93339;3;6;3;True
93340;3;9;6;True
93341;3;4;1;True
93342;4;9;5;True
93343;2;4;2;True
93344;12;16;4;True
93345;9;12;3;True
93346;4;12;8;True
93347;4;8;4;True
93348;0;0;0;True
93349;0;0;0;True
93350;4;9;5;True
93351;2;4;2;True
93352;0;0;0;True
93353;5;12;7;True
93354;5;9;4;True
93355;5;9;4;True
93356;4;8;4;True
93357;4;9;5;True
93358;3;9;6;True
93359;4;8;4;True
93360;6;12;6;True
93361;8;16;8;True
93362;4;9;5;True
93363;6;9;3;True
93364;1;1;0;True
93365;2;2;0;True
93366;2;2;0;True
93367;0;0;0;True
93368;5;12;7;True
93369;4;8;4;True
93370;4;9;5;True
93371;3;6;3;True
93372;3;6;3;True
93373;4;6;2;True
93374;3;3;0;True
93375;1;1;0;True
93376;5;16;11;True
93377;2;2;0;True
93378;5;12;7;True
93379;9;16;7;True
93380;1;1;0;True
93381;7;16;9;True
93382;3;6;3;True
93383;7;12;5;True
93384;4;12;8;True
93385;2;4;2;True
93386;4;9;5;True
93387;4;6;2;True
93388;6;16;10;True
93389;1;1;0;True
93390;3;6;3;True
93391;5;9;4;True
93392;3;6;3;True
93393;6;9;3;True
93394;8;16;8;True
93395;6;16;10;True
93396;4;9;5;True
93397;5;12;7;True
93398;0;0;0;True
93399;3;9;6;True
93400;3;9;6;True
93401;9;12;3;True
93402;3;6;3;True
93403;1;1;0;True
93404;5;9;4;True
93405;8;12;4;True
93406;6;12;6;True
93407;2;2;0;True
93408;4;6;2;True
93409;6;12;6;True
93410;2;2;0;True
93411;1;1;0;True
93412;8;16;8;True
93413;0;0;0;True
93414;6;8;2;True
93415;2;4;2;True
93416;2;4;2;True
93417;3;6;3;True
93418;0;0;0;True
93419;3;9;6;True
93420;3;6;3;True
93421;0;0;0;True
93422;6;12;6;True
93423;5;16;11;True
93424;6;9;3;True
93425;3;9;6;True
93426;6;12;6;True
93427;4;6;2;True
93428;6;12;6;True
93429;3;3;0;True
93430;0;0;0;True
93431;2;2;0;True
93432;2;4;2;True
93433;4;9;5;True
93434;2;2;0;True
93435;1;1;0;True
93436;3;9;6;True
93437;4;8;4;True
93438;2;4;2;True
93439;7;12;5;True
93440;1;1;0;True
93441;4;9;5;True
93442;4;12;8;True
93443;2;2;0;True
93444;5;16;11;True
93445;8;16;8;True
93446;0;0;0;True
93447;3;3;0;True
93448;3;9;6;True
93449;0;0;0;True
93450;5;12;7;True
93451;3;9;6;True
93452;3;3;0;True
93453;5;8;3;True
93454;0;0;0;True
93455;1;1;0;True
93456;1;1;0;True
93457;1;1;0;True
93458;9;16;7;True
93459;3;6;3;True
93460;0;0;0;True
93461;3;4;1;True
93462;2;4;2;True
93463;4;6;2;True
93464;3;6;3;True
93465;1;1;0;True
93466;5;9;4;True
93467;0;0;0;True
93468;1;1;0;True
93469;0;0;0;True
93470;1;1;0;True
93471;1;1;0;True
93472;2;2;0;True
93473;9;16;7;True
93474;0;0;0;True
93475;0;0;0;True
93476;1;1;0;True
93477;6;16;10;True
93478;1;1;0;True
93479;3;6;3;True
93480;4;9;5;True
93481;5;12;7;True
93482;4;8;4;True
93483;1;1;0;True
93484;1;1;0;True
93485;6;8;2;True
93486;3;6;3;True
93487;1;1;0;True
93488;5;6;1;True
93489;1;1;0;True
93490;0;0;0;True
93491;2;4;2;True
93492;3;6;3;True
93493;4;12;8;True
93494;2;2;0;True
93495;4;12;8;True
93496;6;16;10;True
93497;3;4;1;True
93498;3;6;3;True
93499;4;4;0;True
93500;4;6;2;True
93501;1;1;0;True
93502;9;12;3;True
93503;2;4;2;True
93504;8;16;8;True
93505;6;12;6;True
93506;4;6;2;True
93507;7;9;2;True
93508;9;16;7;True
93509;7;16;9;True
93510;3;6;3;True
93511;0;0;0;True
93512;7;12;5;True
93513;0;0;0;True
93514;2;4;2;True
93515;3;4;1;True
93516;3;9;6;True
93517;5;16;11;True
93518;7;9;2;True
93519;5;8;3;True
93520;2;4;2;True
93521;2;2;0;True
93522;0;0;0;True
93523;8;16;8;True
93524;6;16;10;True
93525;4;12;8;True
93526;1;1;0;True
93527;4;9;5;True
93528;6;9;3;True
93529;1;1;0;True
93530;0;0;0;True
93531;1;1;0;True
93532;5;9;4;True
93533;5;12;7;True
93534;7;16;9;True
93535;9;16;7;True
93536;4;9;5;True
93537;1;1;0;True
93538;0;0;0;True
93539;5;16;11;True
93540;4;9;5;True
93541;7;16;9;True
93542;7;12;5;True
93543;2;4;2;True
93544;1;1;0;True
93545;0;0;0;True
93546;0;0;0;True
93547;4;9;5;True
93548;3;4;1;True
93549;5;12;7;True
93550;3;4;1;True
93551;3;4;1;True
93552;0;0;0;True
93553;4;6;2;True
93554;4;6;2;True
93555;5;9;4;True
93556;4;9;5;True
93557;2;2;0;True
93558;5;12;7;True
93559;7;16;9;True
93560;7;8;1;True
93561;3;6;3;True
93562;6;12;6;True
93563;3;4;1;True
93564;4;6;2;True
93565;5;12;7;True
93566;1;1;0;True
93567;7;16;9;True
93568;6;12;6;True
93569;4;12;8;True
93570;1;1;0;True
93571;2;2;0;True
93572;3;6;3;True
93573;4;12;8;True
93574;3;6;3;True
93575;3;6;3;True
93576;1;1;0;True
93577;4;6;2;True
93578;2;2;0;True
93579;5;12;7;True
93580;3;6;3;True
93581;2;2;0;True
93582;2;2;0;True
93583;2;4;2;True
93584;1;1;0;True
93585;0;0;0;True
93586;1;1;0;True
93587;4;9;5;True
93588;3;6;3;True
93589;7;12;5;True
93590;2;4;2;True
93591;1;1;0;True
93592;2;2;0;True
93593;9;16;7;True
93594;0;0;0;True
93595;5;8;3;True
93596;3;4;1;True
93597;2;2;0;True
93598;8;16;8;True
93599;0;0;0;True
93600;2;4;2;True
93601;3;9;6;True
93602;2;2;0;True
93603;5;9;4;True
93604;3;6;3;True
93605;7;12;5;True
93606;8;16;8;True
93607;8;16;8;True
93608;1;1;0;True
93609;0;0;0;True
93610;4;6;2;True
93611;4;6;2;True
93612;2;2;0;True
93613;5;9;4;True
93614;5;9;4;True
93615;1;1;0;True
93616;5;12;7;True
93617;7;16;9;True
93618;0;0;0;True
93619;7;9;2;True
93620;4;6;2;True
93621;5;12;7;True
93622;5;12;7;True
93623;6;12;6;True
93624;3;6;3;True
93625;4;6;2;True
93626;6;8;2;True
93627;2;4;2;True
93628;5;12;7;True
93629;3;4;1;True
93630;2;4;2;True
93631;4;9;5;True
93632;2;4;2;True
93633;7;12;5;True
93634;4;9;5;True
93635;3;4;1;True
93636;1;1;0;True
93637;8;16;8;True
93638;4;12;8;True
93639;3;9;6;True
93640;6;8;2;True
93641;7;12;5;True
93642;6;12;6;True
93643;5;8;3;True
93644;6;12;6;True
93645;4;8;4;True
93646;8;16;8;True
93647;7;16;9;True
93648;2;4;2;True
93649;5;8;3;True
93650;1;1;0;True
93651;7;16;9;True
93652;7;12;5;True
93653;4;6;2;True
93654;3;4;1;True
93655;2;4;2;True
93656;5;16;11;True
93657;10;12;2;True
93658;1;1;0;True
93659;5;9;4;True
93660;0;0;0;True
93661;4;9;5;True
93662;6;16;10;True
93663;2;2;0;True
93664;3;9;6;True
93665;5;6;1;True
93666;4;6;2;True
93667;7;16;9;True
93668;9;16;7;True
93669;7;12;5;True
93670;0;0;0;True
93671;2;4;2;True
93672;4;9;5;True
93673;7;12;5;True
93674;4;12;8;True
93675;5;9;4;True
93676;2;4;2;True
93677;2;2;0;True
93678;2;4;2;True
93679;4;9;5;True
93680;8;16;8;True
93681;1;1;0;True
93682;2;4;2;True
93683;3;6;3;True
93684;0;0;0;True
93685;0;0;0;True
93686;5;12;7;True
93687;1;1;0;True
93688;5;16;11;True
93689;6;16;10;True
93690;4;9;5;True
93691;5;8;3;True
93692;2;2;0;True
93693;2;2;0;True
93694;1;1;0;True
93695;3;6;3;True
93696;5;12;7;True
93697;4;6;2;True
93698;0;0;0;True
93699;4;9;5;True
93700;0;0;0;True
93701;3;6;3;True
93702;3;4;1;True
93703;4;12;8;True
93704;3;9;6;True
93705;2;2;0;True
93706;5;8;3;True
93707;0;0;0;True
93708;2;2;0;True
93709;5;12;7;True
93710;9;16;7;True
93711;4;6;2;True
93712;5;6;1;True
93713;0;0;0;True
93714;9;16;7;True
93715;0;0;0;True
93716;1;1;0;True
93717;4;12;8;True
93718;6;12;6;True
93719;4;8;4;True
93720;6;16;10;True
93721;0;0;0;True
93722;9;16;7;True
93723;0;0;0;True
93724;2;2;0;True
93725;4;12;8;True
93726;3;4;1;True
93727;3;6;3;True
93728;5;9;4;True
93729;2;4;2;True
93730;8;16;8;True
93731;5;9;4;True
93732;6;12;6;True
93733;6;12;6;True
93734;3;6;3;True
93735;3;6;3;True
93736;6;16;10;True
93737;10;16;6;True
93738;3;6;3;True
93739;2;4;2;True
93740;0;0;0;True
93741;2;2;0;True
93742;3;6;3;True
93743;1;1;0;True
93744;7;16;9;True
93745;1;1;0;True
93746;6;12;6;True
93747;0;0;0;True
93748;5;16;11;True
93749;1;1;0;True
93750;4;9;5;True
93751;1;1;0;True
93752;4;9;5;True
93753;3;9;6;True
93754;2;2;0;True
93755;2;4;2;True
93756;7;12;5;True
93757;9;16;7;True
93758;4;9;5;True
93759;4;9;5;True
93760;3;6;3;True
93761;5;16;11;True
93762;4;6;2;True
93763;0;0;0;True
93764;3;6;3;True
93765;3;6;3;True
93766;3;4;1;True
93767;4;9;5;True
93768;1;1;0;True
93769;2;4;2;True
93770;4;9;5;True
93771;3;4;1;True
93772;4;12;8;True
93773;2;4;2;True
93774;0;0;0;True
93775;2;4;2;True
93776;10;16;6;True
93777;1;1;0;True
93778;3;4;1;True
93779;1;1;0;True
93780;1;1;0;True
93781;3;6;3;True
93782;4;8;4;True
93783;7;12;5;True
93784;7;16;9;True
93785;5;9;4;True
93786;1;1;0;True
93787;6;12;6;True
93788;4;6;2;True
93789;2;4;2;True
93790;1;1;0;True
93791;4;6;2;True
93792;3;6;3;True
93793;6;12;6;True
93794;4;9;5;True
93795;2;4;2;True
93796;6;12;6;True
93797;1;1;0;True
93798;1;1;0;True
93799;3;6;3;True
93800;5;16;11;True
93801;4;9;5;True
93802;7;16;9;True
93803;6;12;6;True
93804;1;1;0;True
93805;11;16;5;True
93806;3;9;6;True
93807;2;4;2;True
93808;1;1;0;True
93809;2;2;0;True
93810;1;1;0;True
93811;3;6;3;True
93812;7;16;9;True
93813;6;12;6;True
93814;3;6;3;True
93815;3;6;3;True
93816;7;16;9;True
93817;7;12;5;True
93818;9;16;7;True
93819;7;16;9;True
93820;0;0;0;True
93821;6;12;6;True
93822;5;9;4;True
93823;5;16;11;True
93824;6;12;6;True
93825;5;9;4;True
93826;7;16;9;True
93827;0;0;0;True
93828;1;1;0;True
93829;3;9;6;True
93830;5;6;1;True
93831;8;12;4;True
93832;3;9;6;True
93833;4;9;5;True
93834;10;12;2;True
93835;3;6;3;True
93836;5;16;11;True
93837;8;16;8;True
93838;4;6;2;True
93839;3;6;3;True
93840;4;6;2;True
93841;2;2;0;True
93842;7;12;5;True
93843;3;9;6;True
93844;3;4;1;True
93845;4;6;2;True
93846;6;12;6;True
93847;4;9;5;True
93848;1;1;0;True
93849;2;2;0;True
93850;4;12;8;True
93851;1;1;0;True
93852;5;9;4;True
93853;9;16;7;True
93854;3;6;3;True
93855;6;16;10;True
93856;1;1;0;True
93857;3;9;6;True
93858;1;1;0;True
93859;4;6;2;True
93860;4;4;0;True
93861;3;4;1;True
93862;5;12;7;True
93863;8;12;4;True
93864;2;2;0;True
93865;7;16;9;True
93866;8;16;8;True
93867;4;9;5;True
93868;2;4;2;True
93869;6;12;6;True
93870;3;3;0;True
93871;4;9;5;True
93872;4;6;2;True
93873;2;2;0;True
93874;4;12;8;True
93875;1;1;0;True
93876;4;4;0;True
93877;1;1;0;True
93878;6;16;10;True
93879;1;1;0;True
93880;4;12;8;True
93881;3;9;6;True
93882;8;16;8;True
93883;9;12;3;True
93884;3;6;3;True
93885;5;12;7;True
93886;3;3;0;True
93887;2;4;2;True
93888;4;6;2;True
93889;4;6;2;True
93890;0;0;0;True
93891;2;2;0;True
93892;1;1;0;True
93893;1;1;0;True
93894;2;2;0;True
93895;0;0;0;True
93896;3;4;1;True
93897;4;6;2;True
93898;1;1;0;True
93899;0;0;0;True
93900;0;0;0;True
93901;5;6;1;True
93902;7;16;9;True
93903;6;12;6;True
93904;2;2;0;True
93905;3;3;0;True
93906;3;6;3;True
93907;6;8;2;True
93908;3;3;0;True
93909;2;4;2;True
93910;2;2;0;True
93911;2;4;2;True
93912;6;12;6;True
93913;2;4;2;True
93914;2;2;0;True
93915;6;12;6;True
93916;1;1;0;True
93917;2;2;0;True
93918;4;6;2;True
93919;4;9;5;True
93920;2;4;2;True
93921;1;1;0;True
93922;5;12;7;True
93923;5;12;7;True
93924;5;12;7;True
93925;4;9;5;True
93926;4;12;8;True
93927;4;6;2;True
93928;1;1;0;True
93929;3;4;1;True
93930;3;4;1;True
93931;5;12;7;True
93932;5;12;7;True
93933;5;9;4;True
93934;4;9;5;True
93935;1;1;0;True
93936;4;9;5;True
93937;5;8;3;True
93938;7;16;9;True
93939;0;0;0;True
93940;5;6;1;True
93941;3;4;1;True
93942;3;3;0;True
93943;3;4;1;True
93944;2;4;2;True
93945;1;1;0;True
93946;8;12;4;True
93947;1;1;0;True
93948;1;1;0;True
93949;5;9;4;True
93950;5;9;4;True
93951;1;1;0;True
93952;8;16;8;True
93953;9;16;7;True
93954;3;9;6;True
93955;4;6;2;True
93956;5;12;7;True
93957;6;12;6;True
93958;7;12;5;True
93959;4;9;5;True
93960;5;6;1;True
93961;6;16;10;True
93962;2;2;0;True
93963;6;16;10;True
93964;7;12;5;True
93965;0;0;0;True
93966;2;2;0;True
93967;4;6;2;True
93968;1;1;0;True
93969;3;6;3;True
93970;2;4;2;True
93971;5;9;4;True
93972;3;3;0;True
93973;5;9;4;True
93974;5;8;3;True
93975;2;4;2;True
93976;0;0;0;True
93977;3;6;3;True
93978;1;1;0;True
93979;3;6;3;True
93980;7;9;2;True
93981;6;12;6;True
93982;3;6;3;True
93983;5;12;7;True
93984;4;9;5;True
93985;5;9;4;True
93986;3;6;3;True
93987;3;4;1;True
93988;2;2;0;True
93989;1;1;0;True
93990;3;4;1;True
93991;3;6;3;True
93992;5;9;4;True
93993;3;6;3;True
93994;4;6;2;True
93995;8;16;8;True
93996;4;9;5;True
93997;1;1;0;True
93998;0;0;0;True
93999;6;16;10;True
94000;4;6;2;True
94001;2;2;0;True
94002;8;16;8;True
94003;3;9;6;True
94004;3;4;1;True
94005;0;0;0;True
94006;4;9;5;True
94007;4;9;5;True
94008;7;16;9;True
94009;2;4;2;True
94010;6;16;10;True
94011;4;9;5;True
94012;1;1;0;True
94013;7;16;9;True
94014;2;4;2;True
94015;3;4;1;True
94016;2;4;2;True
94017;1;1;0;True
94018;2;4;2;True
94019;1;1;0;True
94020;7;9;2;True
94021;6;16;10;True
94022;6;16;10;True
94023;2;4;2;True
94024;3;3;0;True
94025;5;9;4;True
94026;8;12;4;True
94027;4;6;2;True
94028;5;9;4;True
94029;4;6;2;True
94030;4;6;2;True
94031;5;6;1;True
94032;3;6;3;True
94033;3;9;6;True
94034;3;4;1;True
94035;4;6;2;True
94036;2;4;2;True
94037;7;12;5;True
94038;2;4;2;True
94039;3;6;3;True
94040;1;1;0;True
94041;5;12;7;True
94042;3;6;3;True
94043;4;9;5;True
94044;2;2;0;True
94045;0;0;0;True
94046;2;2;0;True
94047;0;0;0;True
94048;3;6;3;True
94049;2;4;2;True
94050;1;1;0;True
94051;5;9;4;True
94052;4;12;8;True
94053;5;12;7;True
94054;7;12;5;True
94055;1;1;0;True
94056;5;12;7;True
94057;2;4;2;True
94058;9;16;7;True
94059;4;9;5;True
94060;3;6;3;True
94061;7;16;9;True
94062;2;4;2;True
94063;4;9;5;True
94064;4;6;2;True
94065;5;9;4;True
94066;7;12;5;True
94067;1;1;0;True
94068;3;4;1;True
94069;7;16;9;True
94070;0;0;0;True
94071;6;16;10;True
94072;2;2;0;True
94073;6;8;2;True
94074;7;12;5;True
94075;8;12;4;True
94076;4;9;5;True
94077;5;12;7;True
94078;4;12;8;True
94079;1;1;0;True
94080;7;16;9;True
94081;4;9;5;True
94082;4;6;2;True
94083;7;16;9;True
94084;7;8;1;True
94085;2;4;2;True
94086;3;6;3;True
94087;9;16;7;True
94088;6;12;6;True
94089;1;1;0;True
94090;6;9;3;True
94091;5;12;7;True
94092;3;4;1;True
94093;2;2;0;True
94094;1;1;0;True
94095;2;4;2;True
94096;4;9;5;True
94097;2;4;2;True
94098;5;8;3;True
94099;3;4;1;True
94100;3;9;6;True
94101;3;9;6;True
94102;3;9;6;True
94103;3;6;3;True
94104;3;9;6;True
94105;5;8;3;True
94106;4;12;8;True
94107;7;16;9;True
94108;5;8;3;True
94109;2;4;2;True
94110;5;6;1;True
94111;5;9;4;True
94112;1;1;0;True
94113;4;12;8;True
94114;1;1;0;True
94115;5;9;4;True
94116;4;4;0;True
94117;0;0;0;True
94118;0;0;0;True
94119;6;16;10;True
94120;6;16;10;True
94121;8;16;8;True
94122;2;2;0;True
94123;11;16;5;True
94124;6;12;6;True
94125;2;4;2;True
94126;2;4;2;True
94127;9;16;7;True
94128;2;4;2;True
94129;6;9;3;True
94130;5;8;3;True
94131;3;9;6;True
94132;3;6;3;True
94133;4;12;8;True
94134;3;9;6;True
94135;10;16;6;True
94136;1;1;0;True
94137;1;1;0;True
94138;2;2;0;True
94139;5;16;11;True
94140;0;0;0;True
94141;2;4;2;True
94142;6;12;6;True
94143;5;12;7;True
94144;0;0;0;True
94145;0;0;0;True
94146;8;16;8;True
94147;4;6;2;True
94148;1;1;0;True
94149;5;9;4;True
94150;6;9;3;True
94151;7;16;9;True
94152;3;4;1;True
94153;0;0;0;True
94154;4;9;5;True
94155;3;6;3;True
94156;3;4;1;True
94157;2;2;0;True
94158;4;9;5;True
94159;0;0;0;True
94160;2;4;2;True
94161;6;12;6;True
94162;5;16;11;True
94163;1;1;0;True
94164;4;9;5;True
94165;1;1;0;True
94166;0;0;0;True
94167;0;0;0;True
94168;5;8;3;True
94169;5;16;11;True
94170;1;1;0;True
94171;6;9;3;True
94172;4;9;5;True
94173;4;6;2;True
94174;3;4;1;True
94175;3;4;1;True
94176;2;4;2;True
94177;4;6;2;True
94178;6;9;3;True
94179;5;8;3;True
94180;2;4;2;True
94181;1;1;0;True
94182;4;12;8;True
94183;2;2;0;True
94184;2;2;0;True
94185;5;16;11;True
94186;4;12;8;True
94187;7;16;9;True
94188;6;16;10;True
94189;3;4;1;True
94190;0;0;0;True
94191;2;4;2;True
94192;5;12;7;True
94193;2;2;0;True
94194;1;1;0;True
94195;4;9;5;True
94196;1;1;0;True
94197;4;9;5;True
94198;4;12;8;True
94199;5;12;7;True
94200;3;9;6;True
94201;5;12;7;True
94202;3;6;3;True
94203;3;9;6;True
94204;2;2;0;True
94205;7;16;9;True
94206;4;9;5;True
94207;5;8;3;True
94208;4;6;2;True
94209;3;3;0;True
94210;5;9;4;True
94211;8;16;8;True
94212;2;4;2;True
94213;5;9;4;True
94214;4;9;5;True
94215;3;6;3;True
94216;4;12;8;True
94217;2;4;2;True
94218;2;4;2;True
94219;6;12;6;True
94220;6;12;6;True
94221;1;1;0;True
94222;2;2;0;True
94223;6;9;3;True
94224;2;4;2;True
94225;3;6;3;True
94226;3;4;1;True
94227;4;9;5;True
94228;2;4;2;True
94229;5;12;7;True
94230;1;1;0;True
94231;5;6;1;True
94232;4;8;4;True
94233;7;16;9;True
94234;7;16;9;True
94235;4;9;5;True
94236;4;4;0;True
94237;1;1;0;True
94238;1;1;0;True
94239;6;12;6;True
94240;6;9;3;True
94241;3;6;3;True
94242;4;9;5;True
94243;3;9;6;True
94244;4;9;5;True
94245;3;9;6;True
94246;2;4;2;True
94247;3;6;3;True
94248;6;12;6;True
94249;4;8;4;True
94250;8;16;8;True
94251;5;9;4;True
94252;4;6;2;True
94253;4;9;5;True
94254;0;0;0;True
94255;9;16;7;True
94256;1;1;0;True
94257;0;0;0;True
94258;4;12;8;True
94259;4;8;4;True
94260;1;1;0;True
94261;4;12;8;True
94262;3;6;3;True
94263;6;16;10;True
94264;2;2;0;True
94265;5;12;7;True
94266;1;1;0;True
94267;2;4;2;True
94268;4;9;5;True
94269;8;16;8;True
94270;3;4;1;True
94271;6;9;3;True
94272;6;12;6;True
94273;2;4;2;True
94274;6;12;6;True
94275;3;6;3;True
94276;6;12;6;True
94277;2;4;2;True
94278;1;1;0;True
94279;2;4;2;True
94280;3;4;1;True
94281;2;2;0;True
94282;6;16;10;True
94283;6;9;3;True
94284;5;12;7;True
94285;6;12;6;True
94286;5;8;3;True
94287;3;6;3;True
94288;6;16;10;True
94289;2;4;2;True
94290;2;4;2;True
94291;3;6;3;True
94292;3;4;1;True
94293;6;12;6;True
94294;2;4;2;True
94295;8;16;8;True
94296;2;4;2;True
94297;8;16;8;True
94298;2;4;2;True
94299;4;9;5;True
94300;4;12;8;True
94301;3;9;6;True
94302;8;9;1;True
94303;5;16;11;True
94304;1;1;0;True
94305;4;9;5;True
94306;7;9;2;True
94307;4;9;5;True
94308;1;1;0;True
94309;6;12;6;True
94310;4;6;2;True
94311;9;16;7;True
94312;5;16;11;True
94313;1;1;0;True
94314;4;6;2;True
94315;1;1;0;True
94316;5;12;7;True
94317;4;9;5;True
94318;6;6;0;True
94319;3;4;1;True
94320;7;16;9;True
94321;6;16;10;True
94322;8;16;8;True
94323;4;8;4;True
94324;4;9;5;True
94325;0;0;0;True
94326;2;2;0;True
94327;3;4;1;True
94328;4;6;2;True
94329;2;2;0;True
94330;2;4;2;True
94331;2;2;0;True
94332;4;12;8;True
94333;0;0;0;True
94334;4;9;5;True
94335;7;16;9;True
94336;2;2;0;True
94337;1;1;0;True
94338;5;12;7;True
94339;8;16;8;True
94340;1;1;0;True
94341;2;4;2;True
94342;7;9;2;True
94343;3;9;6;True
94344;5;8;3;True
94345;2;4;2;True
94346;2;2;0;True
94347;2;4;2;True
94348;5;9;4;True
94349;0;0;0;True
94350;2;2;0;True
94351;1;1;0;True
94352;0;0;0;True
94353;6;12;6;True
94354;3;4;1;True
94355;5;16;11;True
94356;5;9;4;True
94357;10;16;6;True
94358;1;1;0;True
94359;4;9;5;True
94360;2;2;0;True
94361;1;1;0;True
94362;2;4;2;True
94363;5;9;4;True
94364;8;16;8;True
94365;7;16;9;True
94366;7;9;2;True
94367;5;12;7;True
94368;6;12;6;True
94369;2;2;0;True
94370;3;6;3;True
94371;5;8;3;True
94372;6;12;6;True
94373;6;16;10;True
94374;3;4;1;True
94375;4;12;8;True
94376;3;4;1;True
94377;1;1;0;True
94378;0;0;0;True
94379;4;6;2;True
94380;1;1;0;True
94381;4;6;2;True
94382;1;1;0;True
94383;4;6;2;True
94384;4;8;4;True
94385;4;9;5;True
94386;7;12;5;True
94387;9;12;3;True
94388;3;6;3;True
94389;1;1;0;True
94390;1;1;0;True
94391;4;6;2;True
94392;7;16;9;True
94393;2;4;2;True
94394;5;12;7;True
94395;4;16;12;True
94396;0;0;0;True
94397;7;16;9;True
94398;1;1;0;True
94399;3;4;1;True
94400;3;6;3;True
94401;5;9;4;True
94402;6;12;6;True
94403;3;4;1;True
94404;0;0;0;True
94405;5;16;11;True
94406;4;9;5;True
94407;4;16;12;True
94408;4;12;8;True
94409;6;16;10;True
94410;6;16;10;True
94411;4;6;2;True
94412;7;12;5;True
94413;1;1;0;True
94414;4;8;4;True
94415;3;6;3;True
94416;1;1;0;True
94417;6;9;3;True
94418;2;2;0;True
94419;0;0;0;True
94420;4;6;2;True
94421;7;12;5;True
94422;4;9;5;True
94423;0;0;0;True
94424;2;4;2;True
94425;1;1;0;True
94426;5;6;1;True
94427;9;16;7;True
94428;5;16;11;True
94429;7;16;9;True
94430;6;12;6;True
94431;3;9;6;True
94432;3;6;3;True
94433;4;8;4;True
94434;2;4;2;True
94435;5;12;7;True
94436;7;8;1;True
94437;1;1;0;True
94438;6;12;6;True
94439;2;4;2;True
94440;3;6;3;True
94441;1;1;0;True
94442;3;6;3;True
94443;5;16;11;True
94444;5;12;7;True
94445;2;2;0;True
94446;5;9;4;True
94447;9;16;7;True
94448;3;9;6;True
94449;5;9;4;True
94450;1;1;0;True
94451;5;9;4;True
94452;4;9;5;True
94453;7;12;5;True
94454;4;9;5;True
94455;0;0;0;True
94456;9;16;7;True
94457;2;4;2;True
94458;1;1;0;True
94459;0;0;0;True
94460;5;12;7;True
94461;3;4;1;True
94462;0;0;0;True
94463;5;12;7;True
94464;0;0;0;True
94465;2;4;2;True
94466;1;1;0;True
94467;6;16;10;True
94468;2;4;2;True
94469;2;4;2;True
94470;5;9;4;True
94471;9;16;7;True
94472;5;12;7;True
94473;4;6;2;True
94474;5;6;1;True
94475;2;4;2;True
94476;7;12;5;True
94477;4;8;4;True
94478;0;0;0;True
94479;7;16;9;True
94480;6;12;6;True
94481;1;1;0;True
94482;3;6;3;True
94483;1;1;0;True
94484;3;4;1;True
94485;6;16;10;True
94486;3;6;3;True
94487;6;12;6;True
94488;2;2;0;True
94489;4;6;2;True
94490;3;4;1;True
94491;3;6;3;True
94492;1;1;0;True
94493;0;0;0;True
94494;4;9;5;True
94495;2;2;0;True
94496;2;4;2;True
94497;1;1;0;True
94498;6;12;6;True
94499;4;9;5;True
94500;8;16;8;True
94501;3;6;3;True
94502;0;0;0;True
94503;4;9;5;True
94504;1;1;0;True
94505;7;12;5;True
94506;6;16;10;True
94507;9;16;7;True
94508;5;9;4;True
94509;4;8;4;True
94510;9;16;7;True
94511;7;12;5;True
94512;5;12;7;True
94513;4;12;8;True
94514;3;9;6;True
94515;2;4;2;True
94516;4;12;8;True
94517;1;1;0;True
94518;1;1;0;True
94519;2;4;2;True
94520;4;12;8;True
94521;0;0;0;True
94522;9;16;7;True
94523;5;9;4;True
94524;3;6;3;True
94525;5;9;4;True
94526;1;1;0;True
94527;5;8;3;True
94528;1;1;0;True
94529;11;16;5;True
94530;6;12;6;True
94531;2;2;0;True
94532;3;9;6;True
94533;4;9;5;True
94534;3;6;3;True
94535;1;1;0;True
94536;0;0;0;True
94537;6;12;6;True
94538;8;16;8;True
94539;6;12;6;True
94540;2;4;2;True
94541;3;6;3;True
94542;6;9;3;True
94543;0;0;0;True
94544;0;0;0;True
94545;3;9;6;True
94546;2;2;0;True
94547;1;1;0;True
94548;4;8;4;True
94549;3;6;3;True
94550;6;12;6;True
94551;1;1;0;True
94552;9;16;7;True
94553;2;4;2;True
94554;6;8;2;True
94555;7;12;5;True
94556;3;4;1;True
94557;1;1;0;True
94558;3;3;0;True
94559;2;4;2;True
94560;6;9;3;True
94561;7;12;5;True
94562;3;6;3;True
94563;1;1;0;True
94564;7;16;9;True
94565;0;0;0;True
94566;2;2;0;True
94567;10;16;6;True
94568;2;4;2;True
94569;0;0;0;True
94570;1;1;0;True
94571;4;12;8;True
94572;6;9;3;True
94573;5;9;4;True
94574;4;9;5;True
94575;6;16;10;True
94576;4;9;5;True
94577;8;16;8;True
94578;3;6;3;True
94579;4;6;2;True
94580;3;4;1;True
94581;5;9;4;True
94582;5;12;7;True
94583;4;8;4;True
94584;3;9;6;True
94585;7;12;5;True
94586;3;3;0;True
94587;7;8;1;True
94588;5;9;4;True
94589;1;1;0;True
94590;2;2;0;True
94591;2;4;2;True
94592;3;4;1;True
94593;1;1;0;True
94594;2;4;2;True
94595;0;0;0;True
94596;4;6;2;True
94597;7;16;9;True
94598;7;12;5;True
94599;6;12;6;True
94600;3;9;6;True
94601;6;12;6;True
94602;5;12;7;True
94603;3;9;6;True
94604;3;6;3;True
94605;6;16;10;True
94606;5;12;7;True
94607;7;12;5;True
94608;4;6;2;True
94609;7;12;5;True
94610;9;16;7;True
94611;6;9;3;True
94612;3;6;3;True
94613;6;12;6;True
94614;7;12;5;True
94615;4;9;5;True
94616;4;8;4;True
94617;3;4;1;True
94618;6;8;2;True
94619;5;16;11;True
94620;3;4;1;True
94621;1;1;0;True
94622;4;16;12;True
94623;8;16;8;True
94624;6;16;10;True
94625;3;6;3;True
94626;2;4;2;True
94627;8;16;8;True
94628;0;0;0;True
94629;3;3;0;True
94630;3;6;3;True
94631;1;1;0;True
94632;5;9;4;True
94633;2;4;2;True
94634;3;6;3;True
94635;2;4;2;True
94636;0;0;0;True
94637;4;6;2;True
94638;1;1;0;True
94639;0;0;0;True
94640;1;1;0;True
94641;7;12;5;True
94642;3;6;3;True
94643;3;6;3;True
94644;7;16;9;True
94645;7;16;9;True
94646;6;16;10;True
94647;6;12;6;True
94648;5;16;11;True
94649;2;4;2;True
94650;1;1;0;True
94651;4;6;2;True
94652;1;1;0;True
94653;1;1;0;True
94654;5;12;7;True
94655;5;6;1;True
94656;4;8;4;True
94657;7;16;9;True
94658;3;4;1;True
94659;3;9;6;True
94660;5;6;1;True
94661;3;6;3;True
94662;6;16;10;True
94663;3;6;3;True
94664;7;16;9;True
94665;3;6;3;True
94666;0;0;0;True
94667;2;4;2;True
94668;4;9;5;True
94669;4;6;2;True
94670;6;16;10;True
94671;4;9;5;True
94672;8;12;4;True
94673;4;16;12;True
94674;5;12;7;True
94675;3;4;1;True
94676;6;16;10;True
94677;2;2;0;True
94678;2;2;0;True
94679;1;1;0;True
94680;4;9;5;True
94681;6;12;6;True
94682;7;12;5;True
94683;2;4;2;True
94684;2;4;2;True
94685;6;16;10;True
94686;3;9;6;True
94687;2;2;0;True
94688;0;0;0;True
94689;1;1;0;True
94690;5;8;3;True
94691;6;12;6;True
94692;6;12;6;True
94693;2;4;2;True
94694;0;0;0;True
94695;11;16;5;True
94696;5;12;7;True
94697;2;4;2;True
94698;2;4;2;True
94699;0;0;0;True
94700;3;9;6;True
94701;8;16;8;True
94702;6;12;6;True
94703;4;9;5;True
94704;5;6;1;True
94705;3;6;3;True
94706;2;2;0;True
94707;4;8;4;True
94708;3;9;6;True
94709;4;9;5;True
94710;3;4;1;True
94711;2;4;2;True
94712;3;4;1;True
94713;1;1;0;True
94714;0;0;0;True
94715;3;4;1;True
94716;3;6;3;True
94717;4;6;2;True
94718;3;4;1;True
94719;5;12;7;True
94720;4;6;2;True
94721;0;0;0;True
94722;2;2;0;True
94723;4;9;5;True
94724;6;9;3;True
94725;3;9;6;True
94726;1;1;0;True
94727;5;8;3;True
94728;3;6;3;True
94729;5;12;7;True
94730;6;9;3;True
94731;0;0;0;True
94732;5;8;3;True
94733;5;12;7;True
94734;5;8;3;True
94735;3;6;3;True
94736;1;1;0;True
94737;6;12;6;True
94738;1;1;0;True
94739;3;6;3;True
94740;6;9;3;True
94741;1;1;0;True
94742;5;9;4;True
94743;4;12;8;True
94744;0;0;0;True
94745;4;9;5;True
94746;5;6;1;True
94747;3;9;6;True
94748;6;12;6;True
94749;4;9;5;True
94750;2;4;2;True
94751;4;6;2;True
94752;3;4;1;True
94753;1;1;0;True
94754;4;9;5;True
94755;5;12;7;True
94756;3;3;0;True
94757;4;9;5;True
94758;3;6;3;True
94759;4;9;5;True
94760;0;0;0;True
94761;8;16;8;True
94762;6;16;10;True
94763;0;0;0;True
94764;3;6;3;True
94765;0;0;0;True
94766;1;1;0;True
94767;7;12;5;True
94768;5;16;11;True
94769;2;2;0;True
94770;4;6;2;True
94771;1;1;0;True
94772;7;12;5;True
94773;0;0;0;True
94774;0;0;0;True
94775;3;4;1;True
94776;3;3;0;True
94777;6;12;6;True
94778;4;6;2;True
94779;5;16;11;True
94780;1;1;0;True
94781;1;1;0;True
94782;7;16;9;True
94783;7;16;9;True
94784;4;4;0;True
94785;3;4;1;True
94786;6;16;10;True
94787;3;6;3;True
94788;5;8;3;True
94789;1;1;0;True
94790;2;4;2;True
94791;3;6;3;True
94792;9;16;7;True
94793;3;6;3;True
94794;3;6;3;True
94795;5;16;11;True
94796;3;6;3;True
94797;1;1;0;True
94798;1;1;0;True
94799;4;12;8;True
94800;4;9;5;True
94801;2;4;2;True
94802;2;2;0;True
94803;2;4;2;True
94804;4;9;5;True
94805;1;1;0;True
94806;3;9;6;True
94807;4;9;5;True
94808;2;4;2;True
94809;1;1;0;True
94810;1;1;0;True
94811;3;6;3;True
94812;5;12;7;True
94813;2;2;0;True
94814;6;12;6;True
94815;7;12;5;True
94816;2;2;0;True
94817;6;12;6;True
94818;0;0;0;True
94819;5;16;11;True
94820;4;12;8;True
94821;5;8;3;True
94822;0;0;0;True
94823;5;16;11;True
94824;3;6;3;True
94825;1;1;0;True
94826;3;4;1;True
94827;5;9;4;True
94828;5;12;7;True
94829;8;16;8;True
94830;1;1;0;True
94831;3;9;6;True
94832;2;4;2;True
94833;2;4;2;True
94834;4;9;5;True
94835;1;1;0;True
94836;0;0;0;True
94837;1;1;0;True
94838;3;6;3;True
94839;8;16;8;True
94840;6;12;6;True
94841;4;6;2;True
94842;0;0;0;True
94843;0;0;0;True
94844;1;1;0;True
94845;1;1;0;True
94846;3;6;3;True
94847;7;12;5;True
94848;3;4;1;True
94849;3;4;1;True
94850;3;6;3;True
94851;4;6;2;True
94852;4;9;5;True
94853;2;2;0;True
94854;3;6;3;True
94855;3;3;0;True
94856;7;12;5;True
94857;1;1;0;True
94858;5;12;7;True
94859;4;6;2;True
94860;3;6;3;True
94861;5;12;7;True
94862;2;2;0;True
94863;5;9;4;True
94864;5;9;4;True
94865;4;9;5;True
94866;0;0;0;True
94867;2;2;0;True
94868;6;16;10;True
94869;8;16;8;True
94870;5;9;4;True
94871;1;1;0;True
94872;3;4;1;True
94873;5;12;7;True
94874;9;16;7;True
94875;4;8;4;True
94876;4;12;8;True
94877;3;3;0;True
94878;1;1;0;True
94879;5;12;7;True
94880;2;4;2;True
94881;6;16;10;True
94882;2;4;2;True
94883;5;12;7;True
94884;5;8;3;True
94885;0;0;0;True
94886;2;2;0;True
94887;3;6;3;True
94888;6;12;6;True
94889;8;16;8;True
94890;8;12;4;True
94891;8;12;4;True
94892;3;6;3;True
94893;1;1;0;True
94894;2;2;0;True
94895;3;3;0;True
94896;1;1;0;True
94897;1;1;0;True
94898;6;12;6;True
94899;2;4;2;True
94900;1;1;0;True
94901;2;2;0;True
94902;7;16;9;True
94903;5;12;7;True
94904;2;4;2;True
94905;2;4;2;True
94906;2;2;0;True
94907;0;0;0;True
94908;2;2;0;True
94909;2;2;0;True
94910;1;1;0;True
94911;5;12;7;True
94912;5;8;3;True
94913;0;0;0;True
94914;1;1;0;True
94915;5;16;11;True
94916;4;9;5;True
94917;3;4;1;True
94918;3;4;1;True
94919;7;16;9;True
94920;2;4;2;True
94921;2;4;2;True
94922;3;9;6;True
94923;3;6;3;True
94924;6;12;6;True
94925;5;9;4;True
94926;1;1;0;True
94927;4;6;2;True
94928;5;6;1;True
94929;3;9;6;True
94930;5;9;4;True
94931;0;0;0;True
94932;13;16;3;True
94933;0;0;0;True
94934;0;0;0;True
94935;4;9;5;True
94936;1;1;0;True
94937;0;0;0;True
94938;7;16;9;True
94939;6;9;3;True
94940;4;9;5;True
94941;3;6;3;True
94942;3;4;1;True
94943;5;9;4;True
94944;0;0;0;True
94945;1;1;0;True
94946;1;1;0;True
94947;3;6;3;True
94948;6;12;6;True
94949;1;1;0;True
94950;2;4;2;True
94951;7;12;5;True
94952;2;2;0;True
94953;3;4;1;True
94954;0;0;0;True
94955;2;4;2;True
94956;6;12;6;True
94957;0;0;0;True
94958;4;9;5;True
94959;5;16;11;True
94960;6;12;6;True
94961;2;4;2;True
94962;3;6;3;True
94963;4;6;2;True
94964;3;6;3;True
94965;7;16;9;True
94966;7;12;5;True
94967;2;4;2;True
94968;6;12;6;True
94969;1;1;0;True
94970;5;9;4;True
94971;0;0;0;True
94972;1;1;0;True
94973;5;6;1;True
94974;0;0;0;True
94975;4;9;5;True
94976;6;12;6;True
94977;1;1;0;True
94978;8;16;8;True
94979;1;1;0;True
94980;0;0;0;True
94981;2;4;2;True
94982;4;6;2;True
94983;4;12;8;True
94984;0;0;0;True
94985;7;9;2;True
94986;1;1;0;True
94987;4;9;5;True
94988;3;6;3;True
94989;3;4;1;True
94990;1;1;0;True
94991;0;0;0;True
94992;9;16;7;True
94993;2;2;0;True
94994;3;4;1;True
94995;4;4;0;True
94996;1;1;0;True
94997;6;12;6;True
94998;4;12;8;True
94999;7;16;9;True
95000;5;6;1;True
95001;4;9;5;True
95002;1;1;0;True
95003;6;12;6;True
95004;2;2;0;True
95005;6;9;3;True
95006;4;6;2;True
95007;1;1;0;True
95008;3;6;3;True
95009;4;12;8;True
95010;3;6;3;True
95011;0;0;0;True
95012;4;12;8;True
95013;2;4;2;True
95014;1;1;0;True
95015;6;12;6;True
95016;1;1;0;True
95017;7;16;9;True
95018;3;4;1;True
95019;5;12;7;True
95020;3;3;0;True
95021;5;9;4;True
95022;4;12;8;True
95023;3;6;3;True
95024;7;12;5;True
95025;4;12;8;True
95026;5;9;4;True
95027;4;12;8;True
95028;3;6;3;True
95029;2;4;2;True
95030;4;6;2;True
95031;5;12;7;True
95032;5;12;7;True
95033;2;4;2;True
95034;1;1;0;True
95035;8;16;8;True
95036;5;6;1;True
95037;3;6;3;True
95038;4;6;2;True
95039;3;6;3;True
95040;4;12;8;True
95041;7;12;5;True
95042;2;4;2;True
95043;6;16;10;True
95044;1;1;0;True
95045;5;9;4;True
95046;2;2;0;True
95047;4;12;8;True
95048;0;0;0;True
95049;7;16;9;True
95050;5;9;4;True
95051;1;1;0;True
95052;1;1;0;True
95053;4;9;5;True
95054;4;6;2;True
95055;4;9;5;True
95056;4;6;2;True
95057;1;1;0;True
95058;4;9;5;True
95059;7;12;5;True
95060;1;1;0;True
95061;2;2;0;True
95062;7;16;9;True
95063;3;6;3;True
95064;6;12;6;True
95065;6;16;10;True
95066;5;16;11;True
95067;4;12;8;True
95068;4;6;2;True
95069;7;12;5;True
95070;6;9;3;True
95071;5;9;4;True
95072;1;1;0;True
95073;6;12;6;True
95074;8;16;8;True
95075;2;2;0;True
95076;4;12;8;True
95077;2;4;2;True
95078;2;2;0;True
95079;4;9;5;True
95080;2;2;0;True
95081;0;0;0;True
95082;3;4;1;True
95083;5;12;7;True
95084;4;9;5;True
95085;2;2;0;True
95086;3;4;1;True
95087;5;9;4;True
95088;4;8;4;True
95089;2;2;0;True
95090;8;16;8;True
95091;2;2;0;True
95092;4;6;2;True
95093;6;9;3;True
95094;2;2;0;True
95095;3;6;3;True
95096;6;16;10;True
95097;0;0;0;True
95098;4;6;2;True
95099;2;2;0;True
95100;6;12;6;True
95101;1;1;0;True
95102;3;6;3;True
95103;5;6;1;True
95104;3;9;6;True
95105;0;0;0;True
95106;2;4;2;True
95107;6;8;2;True
95108;0;0;0;True
95109;9;16;7;True
95110;1;1;0;True
95111;6;9;3;True
95112;1;1;0;True
95113;4;6;2;True
95114;4;8;4;True
95115;2;4;2;True
95116;4;6;2;True
95117;6;12;6;True
95118;5;12;7;True
95119;7;16;9;True
95120;3;4;1;True
95121;5;12;7;True
95122;2;4;2;True
95123;2;2;0;True
95124;4;9;5;True
95125;1;1;0;True
95126;3;6;3;True
95127;6;9;3;True
95128;1;1;0;True
95129;4;9;5;True
95130;0;0;0;True
95131;3;6;3;True
95132;6;12;6;True
95133;3;4;1;True
95134;6;8;2;True
95135;0;0;0;True
95136;3;4;1;True
95137;1;1;0;True
95138;4;6;2;True
95139;6;16;10;True
95140;10;16;6;True
95141;5;9;4;True
95142;8;12;4;True
95143;7;16;9;True
95144;11;16;5;True
95145;7;16;9;True
95146;1;1;0;True
95147;3;6;3;True
95148;5;9;4;True
95149;7;16;9;True
95150;1;1;0;True
95151;4;6;2;True
95152;2;4;2;True
95153;4;6;2;True
95154;3;9;6;True
95155;4;9;5;True
95156;8;16;8;True
95157;4;12;8;True
95158;4;6;2;True
95159;0;0;0;True
95160;2;4;2;True
95161;1;1;0;True
95162;3;6;3;True
95163;0;0;0;True
95164;2;4;2;True
95165;0;0;0;True
95166;6;12;6;True
95167;2;4;2;True
95168;5;12;7;True
95169;2;2;0;True
95170;1;1;0;True
95171;3;4;1;True
95172;4;6;2;True
95173;4;9;5;True
95174;2;4;2;True
95175;7;12;5;True
95176;2;4;2;True
95177;5;12;7;True
95178;3;6;3;True
95179;5;8;3;True
95180;5;9;4;True
95181;2;4;2;True
95182;2;4;2;True
95183;4;9;5;True
95184;1;1;0;True
95185;4;12;8;True
95186;8;16;8;True
95187;6;16;10;True
95188;4;9;5;True
95189;1;1;0;True
95190;5;12;7;True
95191;1;1;0;True
95192;7;12;5;True
95193;2;2;0;True
95194;5;9;4;True
95195;3;6;3;True
95196;5;12;7;True
95197;4;9;5;True
95198;3;4;1;True
95199;1;1;0;True
95200;5;8;3;True
95201;5;6;1;True
95202;4;9;5;True
95203;4;8;4;True
95204;4;8;4;True
95205;2;2;0;True
95206;5;12;7;True
95207;6;16;10;True
95208;4;12;8;True
95209;8;16;8;True
95210;3;3;0;True
95211;3;4;1;True
95212;1;1;0;True
95213;1;1;0;True
95214;5;9;4;True
95215;1;1;0;True
95216;2;2;0;True
95217;1;1;0;True
95218;2;4;2;True
95219;6;12;6;True
95220;8;12;4;True
95221;7;12;5;True
95222;3;4;1;True
95223;8;16;8;True
95224;2;2;0;True
95225;0;0;0;True
95226;6;9;3;True
95227;4;6;2;True
95228;8;16;8;True
95229;6;6;0;True
95230;4;6;2;True
95231;0;0;0;True
95232;6;16;10;True
95233;0;0;0;True
95234;4;8;4;True
95235;4;12;8;True
95236;2;2;0;True
95237;3;4;1;True
95238;1;1;0;True
95239;4;9;5;True
95240;5;16;11;True
95241;4;9;5;True
95242;4;9;5;True
95243;5;12;7;True
95244;8;12;4;True
95245;7;9;2;True
95246;4;6;2;True
95247;2;4;2;True
95248;2;4;2;True
95249;1;1;0;True
95250;2;4;2;True
95251;1;1;0;True
95252;5;12;7;True
95253;3;6;3;True
95254;3;6;3;True
95255;5;9;4;True
95256;0;0;0;True
95257;3;6;3;True
95258;2;4;2;True
95259;4;9;5;True
95260;4;8;4;True
95261;5;12;7;True
95262;0;0;0;True
95263;3;9;6;True
95264;5;9;4;True
95265;1;1;0;True
95266;1;1;0;True
95267;0;0;0;True
95268;5;16;11;True
95269;5;8;3;True
95270;6;9;3;True
95271;1;1;0;True
95272;2;4;2;True
95273;1;1;0;True
95274;4;9;5;True
95275;5;9;4;True
95276;4;8;4;True
95277;5;12;7;True
95278;2;2;0;True
95279;5;12;7;True
95280;3;6;3;True
95281;7;16;9;True
95282;2;4;2;True
95283;5;12;7;True
95284;3;6;3;True
95285;7;9;2;True
95286;2;4;2;True
95287;4;6;2;True
95288;5;12;7;True
95289;0;0;0;True
95290;4;9;5;True
95291;6;12;6;True
95292;5;9;4;True
95293;5;12;7;True
95294;2;4;2;True
95295;6;12;6;True
95296;3;6;3;True
95297;3;6;3;True
95298;2;4;2;True
95299;5;16;11;True
95300;4;9;5;True
95301;1;1;0;True
95302;1;1;0;True
95303;0;0;0;True
95304;3;4;1;True
95305;2;2;0;True
95306;1;1;0;True
95307;2;4;2;True
95308;4;6;2;True
95309;2;4;2;True
95310;4;9;5;True
95311;7;16;9;True
95312;7;12;5;True
95313;3;4;1;True
95314;6;16;10;True
95315;4;9;5;True
95316;1;1;0;True
95317;2;2;0;True
95318;0;0;0;True
95319;4;6;2;True
95320;3;6;3;True
95321;6;16;10;True
95322;1;1;0;True
95323;3;4;1;True
95324;0;0;0;True
95325;3;6;3;True
95326;5;16;11;True
95327;4;6;2;True
95328;5;9;4;True
95329;8;12;4;True
95330;5;9;4;True
95331;5;12;7;True
95332;4;9;5;True
95333;0;0;0;True
95334;5;12;7;True
95335;1;1;0;True
95336;8;12;4;True
95337;5;9;4;True
95338;4;12;8;True
95339;1;1;0;True
95340;6;12;6;True
95341;6;16;10;True
95342;2;4;2;True
95343;3;3;0;True
95344;5;9;4;True
95345;5;12;7;True
95346;6;16;10;True
95347;5;12;7;True
95348;3;9;6;True
95349;6;16;10;True
95350;6;8;2;True
95351;2;4;2;True
95352;6;12;6;True
95353;4;12;8;True
95354;9;16;7;True
95355;3;4;1;True
95356;3;6;3;True
95357;5;12;7;True
95358;3;6;3;True
95359;1;1;0;True
95360;3;6;3;True
95361;2;2;0;True
95362;7;16;9;True
95363;2;4;2;True
95364;2;2;0;True
95365;6;12;6;True
95366;12;16;4;True
95367;6;12;6;True
95368;4;9;5;True
95369;0;0;0;True
95370;2;4;2;True
95371;2;4;2;True
95372;3;6;3;True
95373;8;16;8;True
95374;4;6;2;True
95375;1;1;0;True
95376;4;9;5;True
95377;9;16;7;True
95378;6;12;6;True
95379;1;1;0;True
95380;5;12;7;True
95381;6;12;6;True
95382;3;9;6;True
95383;2;2;0;True
95384;4;4;0;True
95385;5;6;1;True
95386;8;16;8;True
95387;4;12;8;True
95388;0;0;0;True
95389;4;6;2;True
95390;5;12;7;True
95391;8;12;4;True
95392;4;6;2;True
95393;4;9;5;True
95394;2;4;2;True
95395;2;4;2;True
95396;2;2;0;True
95397;3;6;3;True
95398;6;9;3;True
95399;4;9;5;True
95400;3;6;3;True
95401;6;16;10;True
95402;0;0;0;True
95403;0;0;0;True
95404;4;12;8;True
95405;1;1;0;True
95406;3;6;3;True
95407;2;4;2;True
95408;5;12;7;True
95409;1;1;0;True
95410;2;4;2;True
95411;4;8;4;True
95412;7;12;5;True
95413;7;16;9;True
95414;4;9;5;True
95415;2;4;2;True
95416;5;12;7;True
95417;4;6;2;True
95418;8;16;8;True
95419;5;12;7;True
95420;2;4;2;True
95421;4;6;2;True
95422;3;4;1;True
95423;5;9;4;True
95424;1;1;0;True
95425;5;12;7;True
95426;3;6;3;True
95427;6;16;10;True
95428;1;1;0;True
95429;9;12;3;True
95430;2;4;2;True
95431;2;2;0;True
95432;5;12;7;True
95433;10;16;6;True
95434;4;6;2;True
95435;2;2;0;True
95436;2;2;0;True
95437;1;1;0;True
95438;1;1;0;True
95439;7;16;9;True
95440;5;12;7;True
95441;7;16;9;True
95442;2;4;2;True
95443;4;9;5;True
95444;4;9;5;True
95445;4;9;5;True
95446;3;4;1;True
95447;1;1;0;True
95448;4;6;2;True
95449;8;16;8;True
95450;4;6;2;True
95451;3;3;0;True
95452;4;16;12;True
95453;3;6;3;True
95454;2;2;0;True
95455;1;1;0;True
95456;5;16;11;True
95457;5;12;7;True
95458;8;12;4;True
95459;3;6;3;True
95460;6;12;6;True
95461;1;1;0;True
95462;1;1;0;True
95463;4;12;8;True
95464;3;9;6;True
95465;1;1;0;True
95466;5;8;3;True
95467;0;0;0;True
95468;4;12;8;True
95469;2;4;2;True
95470;1;1;0;True
95471;4;9;5;True
95472;4;12;8;True
95473;2;2;0;True
95474;5;12;7;True
95475;3;6;3;True
95476;0;0;0;True
95477;3;9;6;True
95478;6;12;6;True
95479;0;0;0;True
95480;5;12;7;True
95481;2;4;2;True
95482;2;4;2;True
95483;3;9;6;True
95484;4;9;5;True
95485;1;1;0;True
95486;4;6;2;True
95487;2;2;0;True
95488;5;12;7;True
95489;4;6;2;True
95490;3;6;3;True
95491;1;1;0;True
95492;6;12;6;True
95493;7;12;5;True
95494;4;9;5;True
95495;4;6;2;True
95496;2;4;2;True
95497;2;2;0;True
95498;0;0;0;True
95499;0;0;0;True
95500;1;1;0;True
95501;6;9;3;True
95502;4;9;5;True
95503;3;6;3;True
95504;5;12;7;True
95505;6;12;6;True
95506;1;1;0;True
95507;1;1;0;True
95508;4;9;5;True
95509;8;16;8;True
95510;6;12;6;True
95511;1;1;0;True
95512;6;12;6;True
95513;6;16;10;True
95514;6;9;3;True
95515;5;9;4;True
95516;8;16;8;True
95517;4;6;2;True
95518;6;12;6;True
95519;8;16;8;True
95520;6;12;6;True
95521;2;2;0;True
95522;1;1;0;True
95523;3;3;0;True
95524;7;12;5;True
95525;4;9;5;True
95526;6;12;6;True
95527;2;2;0;True
95528;5;9;4;True
95529;2;2;0;True
95530;1;1;0;True
95531;2;2;0;True
95532;3;9;6;True
95533;2;2;0;True
95534;9;16;7;True
95535;4;8;4;True
95536;4;9;5;True
95537;4;9;5;True
95538;2;4;2;True
95539;4;12;8;True
95540;5;16;11;True
95541;2;4;2;True
95542;7;12;5;True
95543;2;4;2;True
95544;3;6;3;True
95545;4;9;5;True
95546;7;16;9;True
95547;9;12;3;True
95548;4;9;5;True
95549;2;2;0;True
95550;2;2;0;True
95551;2;2;0;True
95552;4;9;5;True
95553;6;9;3;True
95554;6;12;6;True
95555;7;12;5;True
95556;6;16;10;True
95557;4;9;5;True
95558;3;6;3;True
95559;4;6;2;True
95560;3;4;1;True
95561;2;4;2;True
95562;4;9;5;True
95563;3;9;6;True
95564;6;16;10;True
95565;3;6;3;True
95566;4;6;2;True
95567;3;6;3;True
95568;2;4;2;True
95569;4;9;5;True
95570;4;9;5;True
95571;3;6;3;True
95572;1;1;0;True
95573;5;12;7;True
95574;12;16;4;True
95575;3;6;3;True
95576;3;3;0;True
95577;6;12;6;True
95578;4;6;2;True
95579;4;6;2;True
95580;4;12;8;True
95581;7;12;5;True
95582;5;9;4;True
95583;4;8;4;True
95584;3;6;3;True
95585;2;4;2;True
95586;5;12;7;True
95587;4;8;4;True
95588;3;6;3;True
95589;2;4;2;True
95590;7;12;5;True
95591;4;6;2;True
95592;3;4;1;True
95593;1;1;0;True
95594;2;2;0;True
95595;7;12;5;True
95596;6;12;6;True
95597;3;3;0;True
95598;1;1;0;True
95599;4;6;2;True
95600;4;9;5;True
95601;5;12;7;True
95602;5;9;4;True
95603;7;16;9;True
95604;5;12;7;True
95605;0;0;0;True
95606;5;8;3;True
95607;5;12;7;True
95608;6;12;6;True
95609;7;16;9;True
95610;5;12;7;True
95611;6;12;6;True
95612;4;6;2;True
95613;5;9;4;True
95614;3;4;1;True
95615;2;2;0;True
95616;3;6;3;True
95617;3;4;1;True
95618;4;12;8;True
95619;7;12;5;True
95620;2;2;0;True
95621;4;6;2;True
95622;0;0;0;True
95623;4;9;5;True
95624;4;6;2;True
95625;5;8;3;True
95626;7;16;9;True
95627;2;4;2;True
95628;3;4;1;True
95629;3;9;6;True
95630;2;4;2;True
95631;7;12;5;True
95632;7;16;9;True
95633;5;8;3;True
95634;4;9;5;True
95635;6;6;0;True
95636;0;0;0;True
95637;7;16;9;True
95638;2;4;2;True
95639;4;4;0;True
95640;2;2;0;True
95641;6;8;2;True
95642;6;12;6;True
95643;0;0;0;True
95644;8;16;8;True
95645;4;9;5;True
95646;6;12;6;True
95647;1;1;0;True
95648;5;9;4;True
95649;2;2;0;True
95650;8;16;8;True
95651;4;8;4;True
95652;9;16;7;True
95653;2;4;2;True
95654;5;12;7;True
95655;1;1;0;True
95656;5;16;11;True
95657;2;4;2;True
95658;3;6;3;True
95659;0;0;0;True
95660;2;2;0;True
95661;0;0;0;True
95662;3;6;3;True
95663;1;1;0;True
95664;1;1;0;True
95665;4;4;0;True
95666;4;9;5;True
95667;4;12;8;True
95668;1;1;0;True
95669;2;2;0;True
95670;1;1;0;True
95671;7;16;9;True
95672;3;6;3;True
95673;2;4;2;True
95674;6;12;6;True
95675;4;6;2;True
95676;5;6;1;True
95677;5;9;4;True
95678;2;4;2;True
95679;2;4;2;True
95680;1;1;0;True
95681;5;9;4;True
95682;3;6;3;True
95683;2;2;0;True
95684;1;1;0;True
95685;1;1;0;True
95686;3;4;1;True
95687;4;6;2;True
95688;0;0;0;True
95689;2;4;2;True
95690;4;6;2;True
95691;3;4;1;True
95692;1;1;0;True
95693;7;16;9;True
95694;5;12;7;True
95695;4;9;5;True
95696;6;16;10;True
95697;6;9;3;True
95698;3;6;3;True
95699;0;0;0;True
95700;2;2;0;True
95701;5;12;7;True
95702;8;16;8;True
95703;7;16;9;True
95704;3;9;6;True
95705;1;1;0;True
95706;5;9;4;True
95707;3;6;3;True
95708;4;9;5;True
95709;6;12;6;True
95710;1;1;0;True
95711;0;0;0;True
95712;2;2;0;True
95713;5;9;4;True
95714;8;16;8;True
95715;6;9;3;True
95716;6;12;6;True
95717;2;4;2;True
95718;5;16;11;True
95719;7;16;9;True
95720;1;1;0;True
95721;2;4;2;True
95722;3;6;3;True
95723;6;12;6;True
95724;6;12;6;True
95725;1;1;0;True
95726;2;4;2;True
95727;5;16;11;True
95728;5;6;1;True
95729;4;9;5;True
95730;3;6;3;True
95731;5;12;7;True
95732;0;0;0;True
95733;1;1;0;True
95734;5;12;7;True
95735;1;1;0;True
95736;3;6;3;True
95737;8;16;8;True
95738;3;3;0;True
95739;9;16;7;True
95740;7;12;5;True
95741;4;9;5;True
95742;4;9;5;True
95743;5;9;4;True
95744;7;16;9;True
95745;0;0;0;True
95746;4;9;5;True
95747;6;12;6;True
95748;3;6;3;True
95749;2;2;0;True
95750;2;4;2;True
95751;3;9;6;True
95752;2;4;2;True
95753;9;16;7;True
95754;0;0;0;True
95755;6;12;6;True
95756;2;2;0;True
95757;2;4;2;True
95758;1;1;0;True
95759;9;16;7;True
95760;2;2;0;True
95761;2;4;2;True
95762;2;4;2;True
95763;7;16;9;True
95764;2;2;0;True
95765;4;9;5;True
95766;2;2;0;True
95767;3;9;6;True
95768;1;1;0;True
95769;1;1;0;True
95770;2;4;2;True
95771;0;0;0;True
95772;3;6;3;True
95773;4;9;5;True
95774;4;6;2;True
95775;9;16;7;True
95776;2;2;0;True
95777;5;12;7;True
95778;4;6;2;True
95779;0;0;0;True
95780;2;4;2;True
95781;2;2;0;True
95782;3;3;0;True
95783;1;1;0;True
95784;5;12;7;True
95785;1;1;0;True
95786;2;4;2;True
95787;4;6;2;True
95788;2;4;2;True
95789;0;0;0;True
95790;1;1;0;True
95791;0;0;0;True
95792;3;4;1;True
95793;2;4;2;True
95794;1;1;0;True
95795;5;8;3;True
95796;7;12;5;True
95797;4;6;2;True
95798;4;6;2;True
95799;3;6;3;True
95800;5;9;4;True
95801;2;4;2;True
95802;6;16;10;True
95803;7;12;5;True
95804;1;1;0;True
95805;4;9;5;True
95806;6;12;6;True
95807;3;4;1;True
95808;0;0;0;True
95809;3;4;1;True
95810;2;4;2;True
95811;3;9;6;True
95812;1;1;0;True
95813;7;12;5;True
95814;3;6;3;True
95815;0;0;0;True
95816;0;0;0;True
95817;4;9;5;True
95818;1;1;0;True
95819;7;16;9;True
95820;1;1;0;True
95821;9;16;7;True
95822;0;0;0;True
95823;4;6;2;True
95824;8;16;8;True
95825;5;8;3;True
95826;4;9;5;True
95827;5;12;7;True
95828;3;6;3;True
95829;6;9;3;True
95830;6;12;6;True
95831;5;12;7;True
95832;4;9;5;True
95833;1;1;0;True
95834;10;16;6;True
95835;5;9;4;True
95836;6;16;10;True
95837;4;6;2;True
95838;3;9;6;True
95839;2;4;2;True
95840;0;0;0;True
95841;5;16;11;True
95842;5;12;7;True
95843;1;1;0;True
95844;6;9;3;True
95845;3;6;3;True
95846;8;12;4;True
95847;3;6;3;True
95848;2;4;2;True
95849;3;6;3;True
95850;4;6;2;True
95851;2;4;2;True
95852;4;9;5;True
95853;5;6;1;True
95854;3;6;3;True
95855;3;6;3;True
95856;6;12;6;True
95857;3;6;3;True
95858;2;2;0;True
95859;0;0;0;True
95860;4;6;2;True
95861;0;0;0;True
95862;3;4;1;True
95863;4;6;2;True
95864;3;6;3;True
95865;5;12;7;True
95866;5;6;1;True
95867;6;12;6;True
95868;3;6;3;True
95869;4;8;4;True
95870;4;6;2;True
95871;5;12;7;True
95872;3;9;6;True
95873;3;6;3;True
95874;4;6;2;True
95875;4;9;5;True
95876;5;12;7;True
95877;5;16;11;True
95878;4;6;2;True
95879;1;1;0;True
95880;4;6;2;True
95881;2;4;2;True
95882;3;6;3;True
95883;5;12;7;True
95884;5;12;7;True
95885;2;2;0;True
95886;5;12;7;True
95887;3;6;3;True
95888;2;2;0;True
95889;2;4;2;True
95890;6;16;10;True
95891;3;4;1;True
95892;5;12;7;True
95893;1;1;0;True
95894;3;9;6;True
95895;1;1;0;True
95896;5;9;4;True
95897;4;6;2;True
95898;1;1;0;True
95899;2;4;2;True
95900;4;9;5;True
95901;5;16;11;True
95902;6;16;10;True
95903;6;16;10;True
95904;0;0;0;True
95905;3;6;3;True
95906;2;4;2;True
95907;2;2;0;True
95908;7;12;5;True
95909;5;9;4;True
95910;2;2;0;True
95911;5;9;4;True
95912;1;1;0;True
95913;3;6;3;True
95914;4;6;2;True
95915;7;16;9;True
95916;6;16;10;True
95917;2;2;0;True
95918;5;12;7;True
95919;3;6;3;True
95920;5;9;4;True
95921;5;12;7;True
95922;3;3;0;True
95923;2;4;2;True
95924;2;2;0;True
95925;2;4;2;True
95926;9;12;3;True
95927;4;6;2;True
95928;2;4;2;True
95929;5;12;7;True
95930;3;6;3;True
95931;1;1;0;True
95932;1;1;0;True
95933;7;12;5;True
95934;4;16;12;True
95935;5;12;7;True
95936;2;4;2;True
95937;5;12;7;True
95938;0;0;0;True
95939;1;1;0;True
95940;6;9;3;True
95941;2;4;2;True
95942;0;0;0;True
95943;5;8;3;True
95944;0;0;0;True
95945;4;9;5;True
95946;3;6;3;True
95947;14;16;2;True
95948;2;2;0;True
95949;1;1;0;True
95950;6;12;6;True
95951;1;1;0;True
95952;5;9;4;True
95953;3;4;1;True
95954;4;9;5;True
95955;4;6;2;True
95956;8;12;4;True
95957;5;9;4;True
95958;4;8;4;True
95959;5;9;4;True
95960;3;6;3;True
95961;1;1;0;True
95962;4;9;5;True
95963;3;4;1;True
95964;2;4;2;True
95965;5;9;4;True
95966;4;9;5;True
95967;2;4;2;True
95968;1;1;0;True
95969;5;9;4;True
95970;3;6;3;True
95971;0;0;0;True
95972;7;12;5;True
95973;4;12;8;True
95974;4;8;4;True
95975;2;2;0;True
95976;5;16;11;True
95977;3;6;3;True
95978;5;9;4;True
95979;7;16;9;True
95980;6;16;10;True
95981;5;12;7;True
95982;3;6;3;True
95983;6;12;6;True
95984;2;2;0;True
95985;5;12;7;True
95986;4;6;2;True
95987;4;6;2;True
95988;1;1;0;True
95989;3;6;3;True
95990;5;12;7;True
95991;4;6;2;True
95992;4;9;5;True
95993;1;1;0;True
95994;2;4;2;True
95995;3;6;3;True
95996;6;12;6;True
95997;2;4;2;True
95998;1;1;0;True
95999;2;2;0;True
96000;0;0;0;True
96001;2;4;2;True
96002;1;1;0;True
96003;4;9;5;True
96004;1;1;0;True
96005;6;16;10;True
96006;5;16;11;True
96007;2;2;0;True
96008;3;6;3;True
96009;1;1;0;True
96010;0;0;0;True
96011;1;1;0;True
96012;3;6;3;True
96013;4;9;5;True
96014;3;9;6;True
96015;2;4;2;True
96016;2;4;2;True
96017;2;2;0;True
96018;3;6;3;True
96019;0;0;0;True
96020;7;16;9;True
96021;3;6;3;True
96022;6;8;2;True
96023;2;4;2;True
96024;3;9;6;True
96025;1;1;0;True
96026;3;9;6;True
96027;4;9;5;True
96028;2;4;2;True
96029;3;6;3;True
96030;2;2;0;True
96031;6;12;6;True
96032;5;12;7;True
96033;0;0;0;True
96034;1;1;0;True
96035;3;6;3;True
96036;2;4;2;True
96037;3;9;6;True
96038;2;4;2;True
96039;5;12;7;True
96040;7;16;9;True
96041;6;9;3;True
96042;4;12;8;True
96043;6;16;10;True
96044;2;4;2;True
96045;3;6;3;True
96046;6;16;10;True
96047;1;1;0;True
96048;2;2;0;True
96049;2;4;2;True
96050;6;12;6;True
96051;7;12;5;True
96052;3;9;6;True
96053;2;2;0;True
96054;9;16;7;True
96055;2;2;0;True
96056;3;4;1;True
96057;7;16;9;True
96058;5;12;7;True
96059;4;6;2;True
96060;5;12;7;True
96061;3;6;3;True
96062;1;1;0;True
96063;2;4;2;True
96064;7;16;9;True
96065;2;4;2;True
96066;4;9;5;True
96067;1;1;0;True
96068;4;4;0;True
96069;1;1;0;True
96070;4;8;4;True
96071;5;6;1;True
96072;1;1;0;True
96073;4;12;8;True
96074;2;4;2;True
96075;7;16;9;True
96076;4;9;5;True
96077;2;2;0;True
96078;4;6;2;True
96079;2;4;2;True
96080;6;12;6;True
96081;0;0;0;True
96082;3;6;3;True
96083;5;12;7;True
96084;2;2;0;True
96085;3;4;1;True
96086;0;0;0;True
96087;0;0;0;True
96088;6;12;6;True
96089;2;4;2;True
96090;7;12;5;True
96091;1;1;0;True
96092;4;6;2;True
96093;8;16;8;True
96094;7;16;9;True
96095;1;1;0;True
96096;3;4;1;True
96097;1;1;0;True
96098;1;1;0;True
96099;0;0;0;True
96100;4;4;0;True
96101;10;16;6;True
96102;7;16;9;True
96103;6;9;3;True
96104;0;0;0;True
96105;6;12;6;True
96106;0;0;0;True
96107;4;6;2;True
96108;5;6;1;True
96109;3;9;6;True
96110;3;4;1;True
96111;4;4;0;True
96112;9;16;7;True
96113;6;16;10;True
96114;1;1;0;True
96115;1;1;0;True
96116;2;4;2;True
96117;6;16;10;True
96118;7;12;5;True
96119;2;4;2;True
96120;1;1;0;True
96121;2;2;0;True
96122;3;4;1;True
96123;5;8;3;True
96124;4;12;8;True
96125;5;9;4;True
96126;4;9;5;True
96127;1;1;0;True
96128;7;12;5;True
96129;1;1;0;True
96130;0;0;0;True
96131;6;16;10;True
96132;2;4;2;True
96133;3;6;3;True
96134;2;2;0;True
96135;1;1;0;True
96136;2;2;0;True
96137;3;4;1;True
96138;3;4;1;True
96139;3;6;3;True
96140;2;4;2;True
96141;1;1;0;True
96142;5;8;3;True
96143;3;4;1;True
96144;4;12;8;True
96145;2;4;2;True
96146;4;6;2;True
96147;7;16;9;True
96148;1;1;0;True
96149;5;6;1;True
96150;3;4;1;True
96151;4;9;5;True
96152;4;9;5;True
96153;3;4;1;True
96154;8;16;8;True
96155;5;9;4;True
96156;5;12;7;True
96157;1;1;0;True
96158;0;0;0;True
96159;5;8;3;True
96160;10;16;6;True
96161;4;6;2;True
96162;2;4;2;True
96163;2;4;2;True
96164;4;6;2;True
96165;3;6;3;True
96166;4;12;8;True
96167;3;6;3;True
96168;4;8;4;True
96169;4;12;8;True
96170;6;16;10;True
96171;5;12;7;True
96172;4;6;2;True
96173;3;3;0;True
96174;5;16;11;True
96175;2;4;2;True
96176;1;1;0;True
96177;2;2;0;True
96178;4;6;2;True
96179;3;9;6;True
96180;4;6;2;True
96181;4;9;5;True
96182;4;8;4;True
96183;3;6;3;True
96184;7;12;5;True
96185;1;1;0;True
96186;2;4;2;True
96187;3;4;1;True
96188;6;12;6;True
96189;6;9;3;True
96190;3;6;3;True
96191;3;4;1;True
96192;2;4;2;True
96193;5;12;7;True
96194;6;8;2;True
96195;3;9;6;True
96196;4;12;8;True
96197;1;1;0;True
96198;0;0;0;True
96199;3;4;1;True
96200;6;16;10;True
96201;2;4;2;True
96202;7;12;5;True
96203;4;6;2;True
96204;2;4;2;True
96205;6;16;10;True
96206;1;1;0;True
96207;6;12;6;True
96208;6;16;10;True
96209;0;0;0;True
96210;4;9;5;True
96211;9;16;7;True
96212;5;9;4;True
96213;2;4;2;True
96214;2;4;2;True
96215;5;12;7;True
96216;5;9;4;True
96217;2;4;2;True
96218;2;2;0;True
96219;3;4;1;True
96220;6;12;6;True
96221;4;4;0;True
96222;3;6;3;True
96223;5;9;4;True
96224;5;12;7;True
96225;4;12;8;True
96226;1;1;0;True
96227;2;2;0;True
96228;4;9;5;True
96229;2;4;2;True
96230;2;2;0;True
96231;0;0;0;True
96232;1;1;0;True
96233;2;2;0;True
96234;2;2;0;True
96235;3;6;3;True
96236;4;9;5;True
96237;0;0;0;True
96238;4;6;2;True
96239;3;4;1;True
96240;1;1;0;True
96241;5;16;11;True
96242;4;9;5;True
96243;6;16;10;True
96244;2;4;2;True
96245;6;12;6;True
96246;5;9;4;True
96247;6;12;6;True
96248;2;2;0;True
96249;2;4;2;True
96250;4;9;5;True
96251;6;12;6;True
96252;8;16;8;True
96253;9;16;7;True
96254;3;6;3;True
96255;3;3;0;True
96256;4;12;8;True
96257;6;12;6;True
96258;3;6;3;True
96259;3;6;3;True
96260;5;12;7;True
96261;5;16;11;True
96262;7;9;2;True
96263;9;12;3;True
96264;5;12;7;True
96265;5;16;11;True
96266;3;6;3;True
96267;2;2;0;True
96268;4;12;8;True
96269;1;1;0;True
96270;3;6;3;True
96271;3;9;6;True
96272;4;9;5;True
96273;3;6;3;True
96274;5;16;11;True
96275;3;4;1;True
96276;4;8;4;True
96277;3;4;1;True
96278;5;12;7;True
96279;3;3;0;True
96280;4;9;5;True
96281;2;4;2;True
96282;8;16;8;True
96283;7;12;5;True
96284;9;16;7;True
96285;1;1;0;True
96286;2;2;0;True
96287;2;2;0;True
96288;2;2;0;True
96289;3;6;3;True
96290;3;6;3;True
96291;6;9;3;True
96292;1;1;0;True
96293;1;1;0;True
96294;2;4;2;True
96295;3;9;6;True
96296;4;6;2;True
96297;0;0;0;True
96298;6;9;3;True
96299;2;4;2;True
96300;2;2;0;True
96301;5;16;11;True
96302;1;1;0;True
96303;4;9;5;True
96304;6;9;3;True
96305;4;9;5;True
96306;1;1;0;True
96307;3;9;6;True
96308;3;4;1;True
96309;3;6;3;True
96310;6;16;10;True
96311;2;4;2;True
96312;2;4;2;True
96313;2;4;2;True
96314;2;4;2;True
96315;6;12;6;True
96316;9;16;7;True
96317;8;16;8;True
96318;5;16;11;True
96319;4;6;2;True
96320;6;8;2;True
96321;4;9;5;True
96322;0;0;0;True
96323;1;1;0;True
96324;4;4;0;True
96325;3;9;6;True
96326;2;2;0;True
96327;8;16;8;True
96328;4;9;5;True
96329;4;9;5;True
96330;5;9;4;True
96331;5;16;11;True
96332;4;6;2;True
96333;1;1;0;True
96334;5;12;7;True
96335;5;9;4;True
96336;6;16;10;True
96337;8;16;8;True
96338;1;1;0;True
96339;0;0;0;True
96340;2;2;0;True
96341;2;2;0;True
96342;4;16;12;True
96343;3;6;3;True
96344;3;6;3;True
96345;10;16;6;True
96346;6;12;6;True
96347;2;2;0;True
96348;4;9;5;True
96349;4;8;4;True
96350;2;4;2;True
96351;2;4;2;True
96352;2;2;0;True
96353;7;16;9;True
96354;2;4;2;True
96355;8;12;4;True
96356;3;4;1;True
96357;1;1;0;True
96358;2;4;2;True
96359;4;6;2;True
96360;5;9;4;True
96361;3;6;3;True
96362;5;9;4;True
96363;1;1;0;True
96364;5;12;7;True
96365;4;12;8;True
96366;3;6;3;True
96367;5;12;7;True
96368;1;1;0;True
96369;6;12;6;True
96370;6;16;10;True
96371;0;0;0;True
96372;5;12;7;True
96373;6;12;6;True
96374;3;4;1;True
96375;3;6;3;True
96376;7;16;9;True
96377;5;12;7;True
96378;2;4;2;True
96379;6;12;6;True
96380;4;9;5;True
96381;5;6;1;True
96382;2;4;2;True
96383;6;12;6;True
96384;1;1;0;True
96385;6;16;10;True
96386;2;2;0;True
96387;6;12;6;True
96388;2;2;0;True
96389;0;0;0;True
96390;8;16;8;True
96391;2;4;2;True
96392;0;0;0;True
96393;5;6;1;True
96394;0;0;0;True
96395;0;0;0;True
96396;3;4;1;True
96397;0;0;0;True
96398;6;12;6;True
96399;1;1;0;True
96400;4;6;2;True
96401;2;4;2;True
96402;4;9;5;True
96403;6;12;6;True
96404;1;1;0;True
96405;2;4;2;True
96406;3;4;1;True
96407;4;9;5;True
96408;2;2;0;True
96409;6;16;10;True
96410;1;1;0;True
96411;4;9;5;True
96412;3;6;3;True
96413;1;1;0;True
96414;0;0;0;True
96415;7;16;9;True
96416;0;0;0;True
96417;3;3;0;True
96418;4;9;5;True
96419;4;9;5;True
96420;5;16;11;True
96421;3;4;1;True
96422;2;2;0;True
96423;6;16;10;True
96424;5;8;3;True
96425;4;12;8;True
96426;11;16;5;True
96427;0;0;0;True
96428;3;4;1;True
96429;6;12;6;True
96430;5;16;11;True
96431;1;1;0;True
96432;7;16;9;True
96433;8;16;8;True
96434;5;9;4;True
96435;5;9;4;True
96436;1;1;0;True
96437;6;8;2;True
96438;3;4;1;True
96439;2;2;0;True
96440;8;16;8;True
96441;7;12;5;True
96442;3;6;3;True
96443;5;16;11;True
96444;2;2;0;True
96445;6;16;10;True
96446;6;9;3;True
96447;2;4;2;True
96448;3;4;1;True
96449;3;4;1;True
96450;9;16;7;True
96451;6;12;6;True
96452;3;4;1;True
96453;6;16;10;True
96454;2;4;2;True
96455;8;16;8;True
96456;2;4;2;True
96457;3;4;1;True
96458;3;9;6;True
96459;6;12;6;True
96460;6;12;6;True
96461;6;9;3;True
96462;2;4;2;True
96463;3;9;6;True
96464;3;6;3;True
96465;2;2;0;True
96466;8;16;8;True
96467;6;12;6;True
96468;1;1;0;True
96469;1;1;0;True
96470;1;1;0;True
96471;4;6;2;True
96472;2;4;2;True
96473;2;4;2;True
96474;2;4;2;True
96475;8;16;8;True
96476;1;1;0;True
96477;5;9;4;True
96478;0;0;0;True
96479;2;2;0;True
96480;2;2;0;True
96481;1;1;0;True
96482;6;9;3;True
96483;1;1;0;True
96484;4;6;2;True
96485;1;1;0;True
96486;4;12;8;True
96487;3;4;1;True
96488;6;16;10;True
96489;6;12;6;True
96490;8;16;8;True
96491;5;8;3;True
96492;8;12;4;True
96493;4;8;4;True
96494;1;1;0;True
96495;6;12;6;True
96496;4;9;5;True
96497;0;0;0;True
96498;4;9;5;True
96499;7;16;9;True
96500;5;9;4;True
96501;6;12;6;True
96502;1;1;0;True
96503;4;12;8;True
96504;7;12;5;True
96505;5;16;11;True
96506;2;2;0;True
96507;1;1;0;True
96508;7;12;5;True
96509;5;9;4;True
96510;3;6;3;True
96511;5;12;7;True
96512;4;8;4;True
96513;1;1;0;True
96514;7;12;5;True
96515;2;4;2;True
96516;5;9;4;True
96517;4;6;2;True
96518;7;12;5;True
96519;6;12;6;True
96520;3;3;0;True
96521;3;6;3;True
96522;0;0;0;True
96523;0;0;0;True
96524;3;6;3;True
96525;4;12;8;True
96526;1;1;0;True
96527;4;12;8;True
96528;6;12;6;True
96529;8;16;8;True
96530;3;6;3;True
96531;4;6;2;True
96532;2;4;2;True
96533;0;0;0;True
96534;9;12;3;True
96535;0;0;0;True
96536;3;4;1;True
96537;2;4;2;True
96538;6;12;6;True
96539;5;9;4;True
96540;4;6;2;True
96541;1;1;0;True
96542;2;4;2;True
96543;9;16;7;True
96544;8;12;4;True
96545;1;1;0;True
96546;4;6;2;True
96547;7;16;9;True
96548;6;12;6;True
96549;5;9;4;True
96550;8;16;8;True
96551;1;1;0;True
96552;8;16;8;True
96553;4;9;5;True
96554;5;12;7;True
96555;4;8;4;True
96556;7;12;5;True
96557;1;1;0;True
96558;9;16;7;True
96559;0;0;0;True
96560;4;9;5;True
96561;1;1;0;True
96562;0;0;0;True
96563;4;6;2;True
96564;4;9;5;True
96565;8;16;8;True
96566;7;16;9;True
96567;4;9;5;True
96568;8;16;8;True
96569;7;16;9;True
96570;3;6;3;True
96571;8;12;4;True
96572;2;4;2;True
96573;3;6;3;True
96574;7;12;5;True
96575;3;6;3;True
96576;1;1;0;True
96577;2;2;0;True
96578;6;12;6;True
96579;1;1;0;True
96580;7;16;9;True
96581;4;12;8;True
96582;3;3;0;True
96583;2;2;0;True
96584;1;1;0;True
96585;2;4;2;True
96586;4;6;2;True
96587;4;6;2;True
96588;5;12;7;True
96589;3;6;3;True
96590;6;12;6;True
96591;4;9;5;True
96592;4;12;8;True
96593;2;2;0;True
96594;2;4;2;True
96595;4;6;2;True
96596;2;4;2;True
96597;1;1;0;True
96598;0;0;0;True
96599;7;16;9;True
96600;2;4;2;True
96601;3;6;3;True
96602;7;12;5;True
96603;1;1;0;True
96604;0;0;0;True
96605;5;8;3;True
96606;3;6;3;True
96607;5;16;11;True
96608;2;4;2;True
96609;7;16;9;True
96610;4;9;5;True
96611;6;12;6;True
96612;2;4;2;True
96613;4;6;2;True
96614;0;0;0;True
96615;5;12;7;True
96616;2;2;0;True
96617;4;4;0;True
96618;1;1;0;True
96619;2;4;2;True
96620;7;16;9;True
96621;6;12;6;True
96622;6;12;6;True
96623;2;4;2;True
96624;2;4;2;True
96625;4;6;2;True
96626;5;12;7;True
96627;3;4;1;True
96628;4;6;2;True
96629;2;4;2;True
96630;7;16;9;True
96631;4;9;5;True
96632;1;1;0;True
96633;1;1;0;True
96634;5;12;7;True
96635;2;4;2;True
96636;8;12;4;True
96637;1;1;0;True
96638;4;6;2;True
96639;2;4;2;True
96640;1;1;0;True
96641;5;12;7;True
96642;3;6;3;True
96643;3;3;0;True
96644;1;1;0;True
96645;3;6;3;True
96646;5;12;7;True
96647;5;12;7;True
96648;7;16;9;True
96649;2;4;2;True
96650;5;12;7;True
96651;3;6;3;True
96652;2;2;0;True
96653;3;6;3;True
96654;6;16;10;True
96655;4;9;5;True
96656;2;2;0;True
96657;0;0;0;True
96658;2;2;0;True
96659;4;6;2;True
96660;7;16;9;True
96661;2;4;2;True
96662;2;4;2;True
96663;6;12;6;True
96664;2;4;2;True
96665;7;12;5;True
96666;3;6;3;True
96667;3;9;6;True
96668;4;4;0;True
96669;6;16;10;True
96670;2;4;2;True
96671;5;16;11;True
96672;3;4;1;True
96673;2;2;0;True
96674;5;12;7;True
96675;5;8;3;True
96676;4;9;5;True
96677;4;9;5;True
96678;8;12;4;True
96679;3;4;1;True
96680;4;8;4;True
96681;3;4;1;True
96682;3;6;3;True
96683;6;12;6;True
96684;3;9;6;True
96685;5;6;1;True
96686;3;6;3;True
96687;2;4;2;True
96688;3;6;3;True
96689;6;16;10;True
96690;7;16;9;True
96691;3;4;1;True
96692;4;8;4;True
96693;0;0;0;True
96694;4;9;5;True
96695;4;9;5;True
96696;4;6;2;True
96697;7;12;5;True
96698;5;12;7;True
96699;3;9;6;True
96700;6;12;6;True
96701;1;1;0;True
96702;5;9;4;True
96703;2;4;2;True
96704;4;9;5;True
96705;2;2;0;True
96706;2;2;0;True
96707;7;12;5;True
96708;4;6;2;True
96709;1;1;0;True
96710;3;6;3;True
96711;4;9;5;True
96712;2;4;2;True
96713;6;12;6;True
96714;1;1;0;True
96715;3;4;1;True
96716;3;3;0;True
96717;2;2;0;True
96718;1;1;0;True
96719;7;12;5;True
96720;4;9;5;True
96721;3;6;3;True
96722;2;4;2;True
96723;5;9;4;True
96724;3;4;1;True
96725;3;6;3;True
96726;7;12;5;True
96727;0;0;0;True
96728;6;12;6;True
96729;0;0;0;True
96730;0;0;0;True
96731;3;6;3;True
96732;4;6;2;True
96733;6;16;10;True
96734;7;9;2;True
96735;5;9;4;True
96736;4;6;2;True
96737;4;8;4;True
96738;8;16;8;True
96739;3;6;3;True
96740;6;12;6;True
96741;7;12;5;True
96742;8;16;8;True
96743;5;12;7;True
96744;5;9;4;True
96745;2;4;2;True
96746;4;6;2;True
96747;3;6;3;True
96748;2;2;0;True
96749;2;2;0;True
96750;8;16;8;True
96751;7;16;9;True
96752;2;2;0;True
96753;5;12;7;True
96754;7;12;5;True
96755;2;4;2;True
96756;1;1;0;True
96757;2;4;2;True
96758;6;9;3;True
96759;8;16;8;True
96760;3;4;1;True
96761;2;4;2;True
96762;2;4;2;True
96763;1;1;0;True
96764;6;16;10;True
96765;7;16;9;True
96766;1;1;0;True
96767;4;8;4;True
96768;0;0;0;True
96769;3;9;6;True
96770;11;16;5;True
96771;1;1;0;True
96772;6;9;3;True
96773;2;4;2;True
96774;6;12;6;True
96775;6;12;6;True
96776;5;16;11;True
96777;3;6;3;True
96778;6;12;6;True
96779;2;4;2;True
96780;3;3;0;True
96781;4;9;5;True
96782;8;12;4;True
96783;5;9;4;True
96784;4;12;8;True
96785;1;1;0;True
96786;3;4;1;True
96787;4;6;2;True
96788;4;6;2;True
96789;2;4;2;True
96790;4;6;2;True
96791;0;0;0;True
96792;4;9;5;True
96793;2;2;0;True
96794;3;6;3;True
96795;6;12;6;True
96796;6;12;6;True
96797;3;6;3;True
96798;1;1;0;True
96799;1;1;0;True
96800;3;4;1;True
96801;1;1;0;True
96802;4;12;8;True
96803;2;4;2;True
96804;3;6;3;True
96805;6;16;10;True
96806;5;8;3;True
96807;3;9;6;True
96808;0;0;0;True
96809;2;2;0;True
96810;5;12;7;True
96811;8;12;4;True
96812;7;16;9;True
96813;5;12;7;True
96814;4;9;5;True
96815;3;4;1;True
96816;2;2;0;True
96817;5;9;4;True
96818;5;12;7;True
96819;2;4;2;True
96820;2;4;2;True
96821;5;9;4;True
96822;7;16;9;True
96823;3;6;3;True
96824;3;4;1;True
96825;2;4;2;True
96826;8;12;4;True
96827;1;1;0;True
96828;1;1;0;True
96829;7;16;9;True
96830;2;4;2;True
96831;3;9;6;True
96832;2;2;0;True
96833;5;12;7;True
96834;3;6;3;True
96835;6;9;3;True
96836;3;4;1;True
96837;5;9;4;True
96838;4;9;5;True
96839;7;12;5;True
96840;3;6;3;True
96841;5;8;3;True
96842;1;1;0;True
96843;5;12;7;True
96844;3;6;3;True
96845;6;12;6;True
96846;4;9;5;True
96847;4;6;2;True
96848;6;12;6;True
96849;1;1;0;True
96850;3;6;3;True
96851;1;1;0;True
96852;3;9;6;True
96853;5;12;7;True
96854;3;9;6;True
96855;1;1;0;True
96856;4;8;4;True
96857;1;1;0;True
96858;7;12;5;True
96859;5;9;4;True
96860;2;4;2;True
96861;4;9;5;True
96862;4;12;8;True
96863;9;16;7;True
96864;7;12;5;True
96865;4;9;5;True
96866;1;1;0;True
96867;3;6;3;True
96868;5;8;3;True
96869;6;12;6;True
96870;2;4;2;True
96871;3;6;3;True
96872;1;1;0;True
96873;4;6;2;True
96874;6;16;10;True
96875;4;9;5;True
96876;0;0;0;True
96877;4;9;5;True
96878;1;1;0;True
96879;1;1;0;True
96880;5;9;4;True
96881;7;12;5;True
96882;3;6;3;True
96883;6;12;6;True
96884;1;1;0;True
96885;3;9;6;True
96886;4;6;2;True
96887;4;6;2;True
96888;2;4;2;True
96889;7;8;1;True
96890;1;1;0;True
96891;4;6;2;True
96892;4;6;2;True
96893;1;1;0;True
96894;3;4;1;True
96895;5;8;3;True
96896;4;8;4;True
96897;2;2;0;True
96898;9;16;7;True
96899;4;9;5;True
96900;8;16;8;True
96901;2;4;2;True
96902;6;12;6;True
96903;1;1;0;True
96904;4;9;5;True
96905;8;16;8;True
96906;3;6;3;True
96907;0;0;0;True
96908;7;16;9;True
96909;3;6;3;True
96910;1;1;0;True
96911;5;6;1;True
96912;3;6;3;True
96913;1;1;0;True
96914;2;2;0;True
96915;2;2;0;True
96916;2;4;2;True
96917;3;4;1;True
96918;1;1;0;True
96919;2;2;0;True
96920;3;6;3;True
96921;7;16;9;True
96922;5;8;3;True
96923;6;16;10;True
96924;5;8;3;True
96925;1;1;0;True
96926;3;6;3;True
96927;1;1;0;True
96928;6;12;6;True
96929;3;6;3;True
96930;2;4;2;True
96931;1;1;0;True
96932;4;12;8;True
96933;2;2;0;True
96934;3;6;3;True
96935;0;0;0;True
96936;10;16;6;True
96937;2;4;2;True
96938;1;1;0;True
96939;1;1;0;True
96940;6;16;10;True
96941;2;2;0;True
96942;7;12;5;True
96943;0;0;0;True
96944;9;16;7;True
96945;5;12;7;True
96946;6;12;6;True
96947;4;6;2;True
96948;2;2;0;True
96949;3;9;6;True
96950;3;9;6;True
96951;5;9;4;True
96952;5;8;3;True
96953;4;9;5;True
96954;1;1;0;True
96955;5;9;4;True
96956;2;4;2;True
96957;6;12;6;True
96958;6;16;10;True
96959;2;2;0;True
96960;4;6;2;True
96961;8;16;8;True
96962;1;1;0;True
96963;3;6;3;True
96964;3;4;1;True
96965;4;6;2;True
96966;1;1;0;True
96967;5;16;11;True
96968;2;2;0;True
96969;5;12;7;True
96970;1;1;0;True
96971;5;12;7;True
96972;5;9;4;True
96973;6;16;10;True
96974;0;0;0;True
96975;4;6;2;True
96976;5;12;7;True
96977;6;12;6;True
96978;4;9;5;True
96979;8;16;8;True
96980;6;12;6;True
96981;1;1;0;True
96982;7;12;5;True
96983;6;9;3;True
96984;3;6;3;True
96985;5;6;1;True
96986;3;3;0;True
96987;5;9;4;True
96988;3;6;3;True
96989;8;16;8;True
96990;0;0;0;True
96991;4;6;2;True
96992;1;1;0;True
96993;3;6;3;True
96994;2;4;2;True
96995;5;9;4;True
96996;1;1;0;True
96997;5;8;3;True
96998;3;4;1;True
96999;2;2;0;True
97000;3;6;3;True
97001;0;0;0;True
97002;5;9;4;True
97003;5;9;4;True
97004;2;4;2;True
97005;4;12;8;True
97006;6;12;6;True
97007;2;4;2;True
97008;4;6;2;True
97009;6;12;6;True
97010;5;12;7;True
97011;5;12;7;True
97012;3;4;1;True
97013;5;9;4;True
97014;2;4;2;True
97015;1;1;0;True
97016;3;6;3;True
97017;3;6;3;True
97018;3;4;1;True
97019;7;9;2;True
97020;1;1;0;True
97021;6;12;6;True
97022;4;6;2;True
97023;4;9;5;True
97024;4;12;8;True
97025;7;16;9;True
97026;8;16;8;True
97027;2;4;2;True
97028;7;12;5;True
97029;2;4;2;True
97030;5;12;7;True
97031;5;9;4;True
97032;3;6;3;True
97033;4;9;5;True
97034;3;4;1;True
97035;3;6;3;True
97036;6;12;6;True
97037;6;12;6;True
97038;4;12;8;True
97039;5;9;4;True
97040;6;16;10;True
97041;4;12;8;True
97042;7;16;9;True
97043;4;6;2;True
97044;2;4;2;True
97045;10;16;6;True
97046;2;4;2;True
97047;1;1;0;True
97048;1;1;0;True
97049;6;16;10;True
97050;2;2;0;True
97051;1;1;0;True
97052;4;8;4;True
97053;5;16;11;True
97054;0;0;0;True
97055;1;1;0;True
97056;4;12;8;True
97057;1;1;0;True
97058;5;9;4;True
97059;5;12;7;True
97060;2;4;2;True
97061;2;2;0;True
97062;8;16;8;True
97063;3;6;3;True
97064;4;9;5;True
97065;4;9;5;True
97066;0;0;0;True
97067;7;12;5;True
97068;2;2;0;True
97069;4;4;0;True
97070;3;6;3;True
97071;4;6;2;True
97072;4;9;5;True
97073;5;9;4;True
97074;2;4;2;True
97075;3;6;3;True
97076;0;0;0;True
97077;1;1;0;True
97078;2;4;2;True
97079;3;6;3;True
97080;1;1;0;True
97081;3;4;1;True
97082;1;1;0;True
97083;4;9;5;True
97084;1;1;0;True
97085;2;2;0;True
97086;7;12;5;True
97087;2;4;2;True
97088;4;16;12;True
97089;3;9;6;True
97090;9;16;7;True
97091;1;1;0;True
97092;8;12;4;True
97093;6;12;6;True
97094;6;12;6;True
97095;0;0;0;True
97096;4;9;5;True
97097;1;1;0;True
97098;3;6;3;True
97099;2;2;0;True
97100;5;16;11;True
97101;5;9;4;True
97102;3;9;6;True
97103;3;6;3;True
97104;6;16;10;True
97105;4;6;2;True
97106;3;9;6;True
97107;5;12;7;True
97108;2;4;2;True
97109;1;1;0;True
97110;7;12;5;True
97111;3;6;3;True
97112;6;9;3;True
97113;4;4;0;True
97114;2;2;0;True
97115;2;4;2;True
97116;3;9;6;True
97117;7;16;9;True
97118;4;8;4;True
97119;8;16;8;True
97120;2;4;2;True
97121;2;2;0;True
97122;4;8;4;True
97123;4;12;8;True
97124;2;4;2;True
97125;2;4;2;True
97126;7;16;9;True
97127;4;6;2;True
97128;4;8;4;True
97129;2;2;0;True
97130;3;4;1;True
97131;2;4;2;True
97132;4;8;4;True
97133;8;16;8;True
97134;6;16;10;True
97135;0;0;0;True
97136;9;16;7;True
97137;6;16;10;True
97138;3;9;6;True
97139;5;9;4;True
97140;2;2;0;True
97141;8;16;8;True
97142;1;1;0;True
97143;2;2;0;True
97144;1;1;0;True
97145;5;12;7;True
97146;3;3;0;True
97147;3;6;3;True
97148;6;9;3;True
97149;5;16;11;True
97150;0;0;0;True
97151;10;16;6;True
97152;4;9;5;True
97153;4;9;5;True
97154;9;16;7;True
97155;3;4;1;True
97156;1;1;0;True
97157;1;1;0;True
97158;4;9;5;True
97159;3;6;3;True
97160;7;12;5;True
97161;2;2;0;True
97162;5;9;4;True
97163;2;4;2;True
97164;5;12;7;True
97165;3;4;1;True
97166;3;4;1;True
97167;10;16;6;True
97168;7;16;9;True
97169;4;6;2;True
97170;1;1;0;True
97171;5;8;3;True
97172;4;9;5;True
97173;7;16;9;True
97174;3;6;3;True
97175;7;16;9;True
97176;3;6;3;True
97177;3;6;3;True
97178;3;9;6;True
97179;5;9;4;True
97180;8;16;8;True
97181;4;6;2;True
97182;6;12;6;True
97183;1;1;0;True
97184;4;6;2;True
97185;0;0;0;True
97186;4;8;4;True
97187;3;6;3;True
97188;3;4;1;True
97189;0;0;0;True
97190;2;4;2;True
97191;8;16;8;True
97192;2;4;2;True
97193;2;2;0;True
97194;5;12;7;True
97195;9;12;3;True
97196;1;1;0;True
97197;1;1;0;True
97198;6;8;2;True
97199;0;0;0;True
97200;4;6;2;True
97201;4;8;4;True
97202;5;12;7;True
97203;5;12;7;True
97204;0;0;0;True
97205;5;9;4;True
97206;1;1;0;True
97207;3;6;3;True
97208;4;6;2;True
97209;4;9;5;True
97210;1;1;0;True
97211;8;16;8;True
97212;2;4;2;True
97213;5;9;4;True
97214;6;12;6;True
97215;2;4;2;True
97216;0;0;0;True
97217;3;4;1;True
97218;7;16;9;True
97219;3;4;1;True
97220;5;16;11;True
97221;2;2;0;True
97222;10;16;6;True
97223;0;0;0;True
97224;4;9;5;True
97225;8;9;1;True
97226;3;6;3;True
97227;3;6;3;True
97228;1;1;0;True
97229;0;0;0;True
97230;3;4;1;True
97231;5;12;7;True
97232;4;4;0;True
97233;5;16;11;True
97234;0;0;0;True
97235;2;4;2;True
97236;2;4;2;True
97237;1;1;0;True
97238;3;6;3;True
97239;2;4;2;True
97240;1;1;0;True
97241;5;9;4;True
97242;0;0;0;True
97243;3;6;3;True
97244;1;1;0;True
97245;3;3;0;True
97246;0;0;0;True
97247;7;16;9;True
97248;0;0;0;True
97249;5;9;4;True
97250;3;6;3;True
97251;8;12;4;True
97252;1;1;0;True
97253;0;0;0;True
97254;6;16;10;True
97255;0;0;0;True
97256;5;12;7;True
97257;4;9;5;True
97258;0;0;0;True
97259;6;12;6;True
97260;8;16;8;True
97261;7;16;9;True
97262;2;2;0;True
97263;0;0;0;True
97264;5;9;4;True
97265;1;1;0;True
97266;1;1;0;True
97267;1;1;0;True
97268;1;1;0;True
97269;9;16;7;True
97270;4;9;5;True
97271;3;6;3;True
97272;3;6;3;True
97273;3;9;6;True
97274;3;3;0;True
97275;0;0;0;True
97276;5;6;1;True
97277;5;9;4;True
97278;6;12;6;True
97279;4;6;2;True
97280;1;1;0;True
97281;7;16;9;True
97282;2;2;0;True
97283;4;9;5;True
97284;5;12;7;True
97285;6;12;6;True
97286;6;9;3;True
97287;6;12;6;True
97288;4;12;8;True
97289;1;1;0;True
97290;2;2;0;True
97291;6;12;6;True
97292;7;16;9;True
97293;5;16;11;True
97294;6;12;6;True
97295;0;0;0;True
97296;2;2;0;True
97297;6;16;10;True
97298;8;16;8;True
97299;0;0;0;True
97300;5;12;7;True
97301;3;4;1;True
97302;2;2;0;True
97303;8;16;8;True
97304;1;1;0;True
97305;1;1;0;True
97306;5;12;7;True
97307;1;1;0;True
97308;6;9;3;True
97309;0;0;0;True
97310;2;4;2;True
97311;7;16;9;True
97312;0;0;0;True
97313;4;6;2;True
97314;4;9;5;True
97315;3;6;3;True
97316;0;0;0;True
97317;6;12;6;True
97318;4;6;2;True
97319;9;16;7;True
97320;5;9;4;True
97321;3;9;6;True
97322;1;1;0;True
97323;3;6;3;True
97324;4;6;2;True
97325;3;6;3;True
97326;3;6;3;True
97327;5;8;3;True
97328;9;16;7;True
97329;5;12;7;True
97330;0;0;0;True
97331;2;2;0;True
97332;4;12;8;True
97333;1;1;0;True
97334;6;12;6;True
97335;1;1;0;True
97336;3;6;3;True
97337;6;12;6;True
97338;2;4;2;True
97339;0;0;0;True
97340;7;16;9;True
97341;3;6;3;True
97342;3;6;3;True
97343;6;12;6;True
97344;6;9;3;True
97345;3;6;3;True
97346;7;12;5;True
97347;7;12;5;True
97348;3;9;6;True
97349;3;4;1;True
97350;2;4;2;True
97351;4;6;2;True
97352;1;1;0;True
97353;4;6;2;True
97354;4;4;0;True
97355;5;9;4;True
97356;2;2;0;True
97357;7;16;9;True
97358;4;12;8;True
97359;0;0;0;True
97360;6;12;6;True
97361;4;8;4;True
97362;3;4;1;True
97363;4;12;8;True
97364;8;16;8;True
97365;3;9;6;True
97366;1;1;0;True
97367;6;16;10;True
97368;0;0;0;True
97369;0;0;0;True
97370;1;1;0;True
97371;5;12;7;True
97372;7;16;9;True
97373;4;8;4;True
97374;1;1;0;True
97375;5;12;7;True
97376;0;0;0;True
97377;2;4;2;True
97378;9;16;7;True
97379;2;2;0;True
97380;4;6;2;True
97381;5;6;1;True
97382;2;4;2;True
97383;3;4;1;True
97384;1;1;0;True
97385;4;9;5;True
97386;5;12;7;True
97387;0;0;0;True
97388;4;6;2;True
97389;5;12;7;True
97390;2;2;0;True
97391;8;16;8;True
97392;2;2;0;True
97393;2;4;2;True
97394;2;2;0;True
97395;4;9;5;True
97396;2;2;0;True
97397;6;8;2;True
97398;6;16;10;True
97399;1;1;0;True
97400;4;9;5;True
97401;1;1;0;True
97402;4;16;12;True
97403;2;4;2;True
97404;5;8;3;True
97405;2;2;0;True
97406;0;0;0;True
97407;0;0;0;True
97408;2;4;2;True
97409;3;6;3;True
97410;0;0;0;True
97411;2;4;2;True
97412;7;16;9;True
97413;7;12;5;True
97414;6;9;3;True
97415;4;6;2;True
97416;2;4;2;True
97417;7;12;5;True
97418;7;12;5;True
97419;4;9;5;True
97420;2;4;2;True
97421;6;12;6;True
97422;4;8;4;True
97423;3;9;6;True
97424;0;0;0;True
97425;4;6;2;True
97426;1;1;0;True
97427;6;8;2;True
97428;3;6;3;True
97429;5;8;3;True
97430;3;4;1;True
97431;0;0;0;True
97432;5;12;7;True
97433;1;1;0;True
97434;4;9;5;True
97435;5;16;11;True
97436;4;6;2;True
97437;8;16;8;True
97438;4;4;0;True
97439;2;4;2;True
97440;6;12;6;True
97441;2;4;2;True
97442;1;1;0;True
97443;5;8;3;True
97444;6;12;6;True
97445;5;12;7;True
97446;3;4;1;True
97447;2;2;0;True
97448;5;6;1;True
97449;4;9;5;True
97450;7;9;2;True
97451;4;9;5;True
97452;1;1;0;True
97453;4;9;5;True
97454;4;6;2;True
97455;10;16;6;True
97456;1;1;0;True
97457;3;9;6;True
97458;3;6;3;True
97459;5;9;4;True
97460;6;12;6;True
97461;4;6;2;True
97462;3;9;6;True
97463;3;4;1;True
97464;3;6;3;True
97465;10;16;6;True
97466;3;6;3;True
97467;1;1;0;True
97468;7;12;5;True
97469;7;16;9;True
97470;7;12;5;True
97471;4;9;5;True
97472;2;2;0;True
97473;2;2;0;True
97474;6;9;3;True
97475;8;12;4;True
97476;4;9;5;True
97477;3;6;3;True
97478;1;1;0;True
97479;2;2;0;True
97480;2;2;0;True
97481;4;8;4;True
97482;5;16;11;True
97483;1;1;0;True
97484;7;16;9;True
97485;2;4;2;True
97486;1;1;0;True
97487;3;4;1;True
97488;6;9;3;True
97489;3;3;0;True
97490;3;6;3;True
97491;7;16;9;True
97492;1;1;0;True
97493;4;6;2;True
97494;0;0;0;True
97495;4;12;8;True
97496;8;12;4;True
97497;4;8;4;True
97498;1;1;0;True
97499;0;0;0;True
97500;4;9;5;True
97501;6;9;3;True
97502;7;16;9;True
97503;7;16;9;True
97504;1;1;0;True
97505;1;1;0;True
97506;4;9;5;True
97507;1;1;0;True
97508;4;6;2;True
97509;2;2;0;True
97510;4;4;0;True
97511;4;8;4;True
97512;3;6;3;True
97513;0;0;0;True
97514;8;16;8;True
97515;2;2;0;True
97516;4;6;2;True
97517;1;1;0;True
97518;6;12;6;True
97519;3;4;1;True
97520;2;4;2;True
97521;4;12;8;True
97522;1;1;0;True
97523;6;12;6;True
97524;1;1;0;True
97525;4;6;2;True
97526;0;0;0;True
97527;8;12;4;True
97528;2;4;2;True
97529;6;9;3;True
97530;6;12;6;True
97531;7;12;5;True
97532;3;6;3;True
97533;4;9;5;True
97534;7;16;9;True
97535;7;16;9;True
97536;2;4;2;True
97537;3;6;3;True
97538;5;9;4;True
97539;3;6;3;True
97540;0;0;0;True
97541;5;12;7;True
97542;4;9;5;True
97543;4;6;2;True
97544;1;1;0;True
97545;2;4;2;True
97546;2;4;2;True
97547;0;0;0;True
97548;3;4;1;True
97549;0;0;0;True
97550;5;12;7;True
97551;7;16;9;True
97552;7;12;5;True
97553;2;4;2;True
97554;3;6;3;True
97555;3;6;3;True
97556;6;12;6;True
97557;4;6;2;True
97558;3;3;0;True
97559;3;9;6;True
97560;8;16;8;True
97561;3;4;1;True
97562;4;6;2;True
97563;4;9;5;True
97564;4;16;12;True
97565;6;16;10;True
97566;1;1;0;True
97567;7;16;9;True
97568;3;4;1;True
97569;6;12;6;True
97570;3;6;3;True
97571;0;0;0;True
97572;2;4;2;True
97573;4;8;4;True
97574;2;4;2;True
97575;3;6;3;True
97576;8;16;8;True
97577;0;0;0;True
97578;4;12;8;True
97579;4;9;5;True
97580;8;16;8;True
97581;4;6;2;True
97582;6;12;6;True
97583;3;4;1;True
97584;1;1;0;True
97585;1;1;0;True
97586;0;0;0;True
97587;1;1;0;True
97588;3;4;1;True
97589;2;4;2;True
97590;0;0;0;True
97591;1;1;0;True
97592;7;16;9;True
97593;6;12;6;True
97594;3;6;3;True
97595;5;9;4;True
97596;4;8;4;True
97597;0;0;0;True
97598;2;4;2;True
97599;1;1;0;True
97600;7;12;5;True
97601;0;0;0;True
97602;0;0;0;True
97603;7;16;9;True
97604;5;9;4;True
97605;6;9;3;True
97606;6;8;2;True
97607;2;2;0;True
97608;0;0;0;True
97609;8;16;8;True
97610;6;12;6;True
97611;8;16;8;True
97612;2;2;0;True
97613;8;12;4;True
97614;1;1;0;True
97615;3;4;1;True
97616;4;12;8;True
97617;3;6;3;True
97618;2;4;2;True
97619;4;6;2;True
97620;0;0;0;True
97621;1;1;0;True
97622;1;1;0;True
97623;7;12;5;True
97624;7;16;9;True
97625;2;4;2;True
97626;5;16;11;True
97627;4;9;5;True
97628;4;9;5;True
97629;2;2;0;True
97630;2;4;2;True
97631;1;1;0;True
97632;7;16;9;True
97633;3;9;6;True
97634;3;6;3;True
97635;3;4;1;True
97636;3;6;3;True
97637;4;9;5;True
97638;2;4;2;True
97639;5;12;7;True
97640;0;0;0;True
97641;8;12;4;True
97642;4;6;2;True
97643;3;6;3;True
97644;4;9;5;True
97645;1;1;0;True
97646;5;8;3;True
97647;5;12;7;True
97648;1;1;0;True
97649;4;9;5;True
97650;6;12;6;True
97651;1;1;0;True
97652;1;1;0;True
97653;2;4;2;True
97654;3;6;3;True
97655;1;1;0;True
97656;2;4;2;True
97657;4;9;5;True
97658;5;16;11;True
97659;6;16;10;True
97660;4;6;2;True
97661;7;16;9;True
97662;2;4;2;True
97663;3;4;1;True
97664;1;1;0;True
97665;1;1;0;True
97666;4;9;5;True
97667;2;4;2;True
97668;7;12;5;True
97669;0;0;0;True
97670;5;9;4;True
97671;0;0;0;True
97672;3;6;3;True
97673;0;0;0;True
97674;2;4;2;True
97675;0;0;0;True
97676;6;12;6;True
97677;2;4;2;True
97678;1;1;0;True
97679;2;2;0;True
97680;2;2;0;True
97681;1;1;0;True
97682;8;12;4;True
97683;1;1;0;True
97684;6;12;6;True
97685;5;12;7;True
97686;1;1;0;True
97687;4;9;5;True
97688;2;4;2;True
97689;5;12;7;True
97690;3;6;3;True
97691;5;9;4;True
97692;9;16;7;True
97693;8;16;8;True
97694;3;6;3;True
97695;2;4;2;True
97696;3;3;0;True
97697;5;16;11;True
97698;2;2;0;True
97699;4;12;8;True
97700;4;9;5;True
97701;5;8;3;True
97702;4;8;4;True
97703;4;9;5;True
97704;2;2;0;True
97705;3;4;1;True
97706;3;6;3;True
97707;3;6;3;True
97708;3;3;0;True
97709;3;6;3;True
97710;7;16;9;True
97711;2;4;2;True
97712;2;4;2;True
97713;10;16;6;True
97714;3;6;3;True
97715;3;6;3;True
97716;6;12;6;True
97717;5;9;4;True
97718;2;4;2;True
97719;1;1;0;True
97720;1;1;0;True
97721;1;1;0;True
97722;1;1;0;True
97723;5;9;4;True
97724;3;4;1;True
97725;3;9;6;True
97726;3;9;6;True
97727;3;4;1;True
97728;3;6;3;True
97729;4;6;2;True
97730;2;4;2;True
97731;6;9;3;True
97732;2;4;2;True
97733;4;6;2;True
97734;2;2;0;True
97735;5;9;4;True
97736;4;9;5;True
97737;1;1;0;True
97738;4;9;5;True
97739;0;0;0;True
97740;5;9;4;True
97741;3;6;3;True
97742;2;4;2;True
97743;2;2;0;True
97744;9;16;7;True
97745;2;4;2;True
97746;2;2;0;True
97747;3;6;3;True
97748;1;1;0;True
97749;5;12;7;True
97750;1;1;0;True
97751;3;9;6;True
97752;0;0;0;True
97753;4;8;4;True
97754;0;0;0;True
97755;4;9;5;True
97756;0;0;0;True
97757;3;9;6;True
97758;5;12;7;True
97759;2;4;2;True
97760;1;1;0;True
97761;3;6;3;True
97762;9;16;7;True
97763;2;4;2;True
97764;5;12;7;True
97765;0;0;0;True
97766;2;2;0;True
97767;5;16;11;True
97768;6;16;10;True
97769;3;4;1;True
97770;7;12;5;True
97771;6;9;3;True
97772;4;9;5;True
97773;6;12;6;True
97774;2;4;2;True
97775;2;4;2;True
97776;5;12;7;True
97777;5;8;3;True
97778;6;9;3;True
97779;7;16;9;True
97780;1;1;0;True
97781;5;9;4;True
97782;3;4;1;True
97783;6;12;6;True
97784;6;12;6;True
97785;4;9;5;True
97786;0;0;0;True
97787;4;9;5;True
97788;6;16;10;True
97789;1;1;0;True
97790;7;16;9;True
97791;4;6;2;True
97792;2;4;2;True
97793;3;6;3;True
97794;3;6;3;True
97795;2;2;0;True
97796;3;6;3;True
97797;2;4;2;True
97798;1;1;0;True
97799;4;8;4;True
97800;3;6;3;True
97801;0;0;0;True
97802;5;6;1;True
97803;5;12;7;True
97804;5;8;3;True
97805;4;8;4;True
97806;1;1;0;True
97807;0;0;0;True
97808;1;1;0;True
97809;5;12;7;True
97810;4;8;4;True
97811;0;0;0;True
97812;1;1;0;True
97813;0;0;0;True
97814;1;1;0;True
97815;5;9;4;True
97816;1;1;0;True
97817;6;12;6;True
97818;4;6;2;True
97819;5;16;11;True
97820;5;16;11;True
97821;1;1;0;True
97822;2;2;0;True
97823;2;2;0;True
97824;3;9;6;True
97825;2;4;2;True
97826;3;4;1;True
97827;5;12;7;True
97828;9;16;7;True
97829;2;4;2;True
97830;1;1;0;True
97831;3;3;0;True
97832;5;12;7;True
97833;2;2;0;True
97834;2;4;2;True
97835;2;4;2;True
97836;9;16;7;True
97837;1;1;0;True
97838;5;12;7;True
97839;3;6;3;True
97840;6;9;3;True
97841;7;16;9;True
97842;2;2;0;True
97843;2;2;0;True
97844;4;9;5;True
97845;7;16;9;True
97846;6;16;10;True
97847;2;4;2;True
97848;4;8;4;True
97849;8;16;8;True
97850;5;12;7;True
97851;4;8;4;True
97852;3;4;1;True
97853;6;8;2;True
97854;4;8;4;True
97855;1;1;0;True
97856;2;4;2;True
97857;6;12;6;True
97858;5;9;4;True
97859;3;6;3;True
97860;3;3;0;True
97861;5;8;3;True
97862;2;2;0;True
97863;3;4;1;True
97864;4;8;4;True
97865;2;2;0;True
97866;6;12;6;True
97867;3;6;3;True
97868;3;6;3;True
97869;7;16;9;True
97870;2;2;0;True
97871;3;3;0;True
97872;3;6;3;True
97873;3;6;3;True
97874;3;6;3;True
97875;6;16;10;True
97876;3;6;3;True
97877;7;16;9;True
97878;4;12;8;True
97879;3;4;1;True
97880;5;8;3;True
97881;2;4;2;True
97882;2;4;2;True
97883;6;12;6;True
97884;3;6;3;True
97885;3;9;6;True
97886;1;1;0;True
97887;3;6;3;True
97888;6;16;10;True
97889;7;12;5;True
97890;1;1;0;True
97891;5;12;7;True
97892;3;9;6;True
97893;3;9;6;True
97894;2;2;0;True
97895;3;4;1;True
97896;3;6;3;True
97897;2;2;0;True
97898;3;9;6;True
97899;3;4;1;True
97900;5;12;7;True
97901;6;12;6;True
97902;2;4;2;True
97903;1;1;0;True
97904;1;1;0;True
97905;3;3;0;True
97906;3;6;3;True
97907;1;1;0;True
97908;5;9;4;True
97909;4;6;2;True
97910;4;9;5;True
97911;3;6;3;True
97912;2;4;2;True
97913;3;6;3;True
97914;4;9;5;True
97915;7;12;5;True
97916;3;6;3;True
97917;6;16;10;True
97918;3;6;3;True
97919;1;1;0;True
97920;2;4;2;True
97921;9;16;7;True
97922;6;9;3;True
97923;2;4;2;True
97924;2;4;2;True
97925;4;6;2;True
97926;4;9;5;True
97927;5;16;11;True
97928;4;16;12;True
97929;3;6;3;True
97930;4;12;8;True
97931;7;16;9;True
97932;1;1;0;True
97933;4;9;5;True
97934;2;2;0;True
97935;5;6;1;True
97936;5;12;7;True
97937;2;2;0;True
97938;7;12;5;True
97939;3;4;1;True
97940;3;4;1;True
97941;2;4;2;True
97942;0;0;0;True
97943;3;6;3;True
97944;1;1;0;True
97945;4;9;5;True
97946;2;4;2;True
97947;5;12;7;True
97948;1;1;0;True
97949;2;2;0;True
97950;6;12;6;True
97951;6;12;6;True
97952;1;1;0;True
97953;6;12;6;True
97954;4;12;8;True
97955;5;9;4;True
97956;6;12;6;True
97957;4;9;5;True
97958;7;12;5;True
97959;3;6;3;True
97960;6;12;6;True
97961;4;6;2;True
97962;4;6;2;True
97963;2;2;0;True
97964;4;9;5;True
97965;4;6;2;True
97966;4;9;5;True
97967;3;6;3;True
97968;1;1;0;True
97969;6;12;6;True
97970;3;6;3;True
97971;6;16;10;True
97972;1;1;0;True
97973;1;1;0;True
97974;3;6;3;True
97975;0;0;0;True
97976;2;2;0;True
97977;4;9;5;True
97978;3;6;3;True
97979;0;0;0;True
97980;5;16;11;True
97981;5;12;7;True
97982;3;6;3;True
97983;5;8;3;True
97984;2;2;0;True
97985;5;16;11;True
97986;10;16;6;True
97987;0;0;0;True
97988;3;6;3;True
97989;4;12;8;True
97990;4;6;2;True
97991;1;1;0;True
97992;3;6;3;True
97993;3;3;0;True
97994;0;0;0;True
97995;7;16;9;True
97996;4;12;8;True
97997;2;2;0;True
97998;2;4;2;True
97999;4;9;5;True
98000;1;1;0;True
98001;1;1;0;True
98002;6;12;6;True
98003;2;4;2;True
98004;1;1;0;True
98005;2;2;0;True
98006;1;1;0;True
98007;4;9;5;True
98008;1;1;0;True
98009;1;1;0;True
98010;1;1;0;True
98011;7;8;1;True
98012;5;16;11;True
98013;0;0;0;True
98014;2;2;0;True
98015;3;4;1;True
98016;6;9;3;True
98017;2;4;2;True
98018;5;9;4;True
98019;4;9;5;True
98020;4;9;5;True
98021;5;8;3;True
98022;4;6;2;True
98023;3;9;6;True
98024;1;1;0;True
98025;3;6;3;True
98026;4;9;5;True
98027;2;2;0;True
98028;4;6;2;True
98029;3;4;1;True
98030;4;9;5;True
98031;0;0;0;True
98032;2;4;2;True
98033;2;4;2;True
98034;5;9;4;True
98035;7;16;9;True
98036;5;16;11;True
98037;6;16;10;True
98038;10;12;2;True
98039;3;9;6;True
98040;6;12;6;True
98041;6;12;6;True
98042;6;16;10;True
98043;4;9;5;True
98044;1;1;0;True
98045;2;4;2;True
98046;2;2;0;True
98047;3;6;3;True
98048;5;16;11;True
98049;4;6;2;True
98050;4;12;8;True
98051;1;1;0;True
98052;2;4;2;True
98053;4;6;2;True
98054;5;9;4;True
98055;2;4;2;True
98056;2;2;0;True
98057;2;2;0;True
98058;1;1;0;True
98059;0;0;0;True
98060;4;6;2;True
98061;3;6;3;True
98062;2;2;0;True
98063;5;12;7;True
98064;1;1;0;True
98065;0;0;0;True
98066;1;1;0;True
98067;4;6;2;True
98068;6;9;3;True
98069;4;6;2;True
98070;8;16;8;True
98071;9;16;7;True
98072;6;12;6;True
98073;3;4;1;True
98074;3;6;3;True
98075;2;2;0;True
98076;9;16;7;True
98077;3;3;0;True
98078;0;0;0;True
98079;4;6;2;True
98080;2;2;0;True
98081;4;6;2;True
98082;6;12;6;True
98083;4;9;5;True
98084;7;16;9;True
98085;2;4;2;True
98086;2;4;2;True
98087;9;16;7;True
98088;3;6;3;True
98089;5;9;4;True
98090;5;12;7;True
98091;4;8;4;True
98092;4;8;4;True
98093;7;12;5;True
98094;5;9;4;True
98095;0;0;0;True
98096;5;16;11;True
98097;3;6;3;True
98098;6;16;10;True
98099;3;4;1;True
98100;3;3;0;True
98101;5;12;7;True
98102;1;1;0;True
98103;3;6;3;True
98104;1;1;0;True
98105;2;2;0;True
98106;6;16;10;True
98107;4;9;5;True
98108;1;1;0;True
98109;5;12;7;True
98110;7;12;5;True
98111;3;6;3;True
98112;0;0;0;True
98113;2;2;0;True
98114;3;6;3;True
98115;4;8;4;True
98116;4;9;5;True
98117;1;1;0;True
98118;0;0;0;True
98119;5;9;4;True
98120;1;1;0;True
98121;2;4;2;True
98122;0;0;0;True
98123;6;9;3;True
98124;1;1;0;True
98125;3;3;0;True
98126;7;9;2;True
98127;3;9;6;True
98128;7;16;9;True
98129;3;6;3;True
98130;5;6;1;True
98131;3;3;0;True
98132;5;6;1;True
98133;4;6;2;True
98134;2;2;0;True
98135;3;3;0;True
98136;1;1;0;True
98137;5;9;4;True
98138;2;4;2;True
98139;6;12;6;True
98140;3;4;1;True
98141;4;9;5;True
98142;5;12;7;True
98143;8;16;8;True
98144;6;9;3;True
98145;4;6;2;True
98146;0;0;0;True
98147;3;6;3;True
98148;4;6;2;True
98149;4;9;5;True
98150;4;8;4;True
98151;4;16;12;True
98152;2;4;2;True
98153;1;1;0;True
98154;7;16;9;True
98155;3;6;3;True
98156;2;2;0;True
98157;4;6;2;True
98158;5;12;7;True
98159;0;0;0;True
98160;2;2;0;True
98161;3;9;6;True
98162;6;16;10;True
98163;3;6;3;True
98164;3;9;6;True
98165;7;16;9;True
98166;6;12;6;True
98167;5;16;11;True
98168;4;12;8;True
98169;2;4;2;True
98170;2;4;2;True
98171;3;6;3;True
98172;3;4;1;True
98173;4;16;12;True
98174;2;4;2;True
98175;3;3;0;True
98176;3;6;3;True
98177;7;12;5;True
98178;3;6;3;True
98179;3;9;6;True
98180;3;9;6;True
98181;2;4;2;True
98182;3;4;1;True
98183;4;16;12;True
98184;4;9;5;True
98185;0;0;0;True
98186;4;8;4;True
98187;5;9;4;True
98188;2;2;0;True
98189;6;8;2;True
98190;0;0;0;True
98191;3;6;3;True
98192;6;12;6;True
98193;2;4;2;True
98194;3;4;1;True
98195;3;9;6;True
98196;4;9;5;True
98197;0;0;0;True
98198;8;16;8;True
98199;3;9;6;True
98200;2;4;2;True
98201;2;2;0;True
98202;2;4;2;True
98203;2;4;2;True
98204;2;2;0;True
98205;7;16;9;True
98206;5;12;7;True
98207;3;6;3;True
98208;6;9;3;True
98209;2;4;2;True
98210;6;16;10;True
98211;7;12;5;True
98212;3;6;3;True
98213;2;2;0;True
98214;2;2;0;True
98215;3;9;6;True
98216;4;9;5;True
98217;7;16;9;True
98218;5;12;7;True
98219;2;4;2;True
98220;5;12;7;True
98221;2;2;0;True
98222;3;6;3;True
98223;0;0;0;True
98224;6;12;6;True
98225;6;16;10;True
98226;5;9;4;True
98227;1;1;0;True
98228;5;12;7;True
98229;4;12;8;True
98230;8;16;8;True
98231;8;16;8;True
98232;5;12;7;True
98233;7;16;9;True
98234;0;0;0;True
98235;10;16;6;True
98236;0;0;0;True
98237;5;16;11;True
98238;2;4;2;True
98239;1;1;0;True
98240;3;6;3;True
98241;5;8;3;True
98242;1;1;0;True
98243;1;1;0;True
98244;9;16;7;True
98245;3;6;3;True
98246;3;6;3;True
98247;1;1;0;True
98248;2;2;0;True
98249;5;12;7;True
98250;3;6;3;True
98251;1;1;0;True
98252;2;2;0;True
98253;5;12;7;True
98254;5;9;4;True
98255;2;4;2;True
98256;7;12;5;True
98257;2;4;2;True
98258;3;4;1;True
98259;6;16;10;True
98260;2;2;0;True
98261;4;8;4;True
98262;3;4;1;True
98263;0;0;0;True
98264;3;4;1;True
98265;1;1;0;True
98266;2;4;2;True
98267;4;12;8;True
98268;3;6;3;True
98269;6;9;3;True
98270;2;2;0;True
98271;4;12;8;True
98272;0;0;0;True
98273;9;16;7;True
98274;2;2;0;True
98275;3;4;1;True
98276;2;4;2;True
98277;3;6;3;True
98278;2;4;2;True
98279;2;4;2;True
98280;0;0;0;True
98281;5;8;3;True
98282;1;1;0;True
98283;3;6;3;True
98284;0;0;0;True
98285;5;12;7;True
98286;2;4;2;True
98287;2;2;0;True
98288;1;1;0;True
98289;5;6;1;True
98290;6;9;3;True
98291;3;6;3;True
98292;1;1;0;True
98293;0;0;0;True
98294;4;12;8;True
98295;5;9;4;True
98296;3;6;3;True
98297;2;2;0;True
98298;1;1;0;True
98299;0;0;0;True
98300;5;9;4;True
98301;7;16;9;True
98302;4;6;2;True
98303;6;9;3;True
98304;5;9;4;True
98305;3;6;3;True
98306;6;16;10;True
98307;4;12;8;True
98308;3;6;3;True
98309;6;16;10;True
98310;4;9;5;True
98311;0;0;0;True
98312;3;4;1;True
98313;4;8;4;True
98314;4;9;5;True
98315;0;0;0;True
98316;4;9;5;True
98317;4;9;5;True
98318;1;1;0;True
98319;4;12;8;True
98320;3;3;0;True
98321;5;12;7;True
98322;3;6;3;True
98323;6;9;3;True
98324;4;9;5;True
98325;5;8;3;True
98326;7;16;9;True
98327;4;9;5;True
98328;2;4;2;True
98329;4;9;5;True
98330;2;4;2;True
98331;2;2;0;True
98332;0;0;0;True
98333;1;1;0;True
98334;5;9;4;True
98335;4;12;8;True
98336;2;2;0;True
98337;3;4;1;True
98338;3;6;3;True
98339;7;12;5;True
98340;5;9;4;True
98341;2;2;0;True
98342;1;1;0;True
98343;3;4;1;True
98344;3;3;0;True
98345;6;12;6;True
98346;10;16;6;True
98347;3;4;1;True
98348;1;1;0;True
98349;8;16;8;True
98350;1;1;0;True
98351;4;6;2;True
98352;1;1;0;True
98353;2;4;2;True
98354;1;1;0;True
98355;5;12;7;True
98356;7;16;9;True
98357;1;1;0;True
98358;1;1;0;True
98359;3;6;3;True
98360;2;4;2;True
98361;1;1;0;True
98362;9;16;7;True
98363;0;0;0;True
98364;6;12;6;True
98365;5;9;4;True
98366;1;1;0;True
98367;1;1;0;True
98368;7;12;5;True
98369;3;6;3;True
98370;3;6;3;True
98371;4;8;4;True
98372;9;16;7;True
98373;3;4;1;True
98374;5;9;4;True
98375;1;1;0;True
98376;3;4;1;True
98377;7;16;9;True
98378;1;1;0;True
98379;0;0;0;True
98380;2;2;0;True
98381;4;6;2;True
98382;7;12;5;True
98383;8;16;8;True
98384;8;16;8;True
98385;5;12;7;True
98386;3;6;3;True
98387;5;16;11;True
98388;5;12;7;True
98389;2;2;0;True
98390;6;9;3;True
98391;2;4;2;True
98392;2;4;2;True
98393;4;6;2;True
98394;1;1;0;True
98395;6;9;3;True
98396;6;12;6;True
98397;4;6;2;True
98398;6;9;3;True
98399;6;9;3;True
98400;2;4;2;True
98401;9;16;7;True
98402;3;9;6;True
98403;6;9;3;True
98404;3;6;3;True
98405;4;6;2;True
98406;3;3;0;True
98407;7;16;9;True
98408;4;6;2;True
98409;7;12;5;True
98410;5;9;4;True
98411;5;9;4;True
98412;3;4;1;True
98413;2;2;0;True
98414;4;9;5;True
98415;5;12;7;True
98416;2;4;2;True
98417;9;16;7;True
98418;3;6;3;True
98419;7;12;5;True
98420;4;6;2;True
98421;3;6;3;True
98422;5;6;1;True
98423;7;9;2;True
98424;1;1;0;True
98425;4;6;2;True
98426;1;1;0;True
98427;1;1;0;True
98428;5;9;4;True
98429;4;9;5;True
98430;7;16;9;True
98431;2;2;0;True
98432;3;9;6;True
98433;6;16;10;True
98434;3;6;3;True
98435;4;9;5;True
98436;2;4;2;True
98437;5;9;4;True
98438;4;9;5;True
98439;6;16;10;True
98440;3;4;1;True
98441;4;6;2;True
98442;8;16;8;True
98443;2;4;2;True
98444;1;1;0;True
98445;5;9;4;True
98446;4;4;0;True
98447;7;16;9;True
98448;5;9;4;True
98449;1;1;0;True
98450;3;4;1;True
98451;6;16;10;True
98452;1;1;0;True
98453;6;16;10;True
98454;2;2;0;True
98455;2;2;0;True
98456;1;1;0;True
98457;6;12;6;True
98458;3;9;6;True
98459;6;12;6;True
98460;1;1;0;True
98461;1;1;0;True
98462;4;9;5;True
98463;7;16;9;True
98464;1;1;0;True
98465;3;6;3;True
98466;3;6;3;True
98467;5;9;4;True
98468;2;2;0;True
98469;6;9;3;True
98470;3;4;1;True
98471;1;1;0;True
98472;7;12;5;True
98473;4;8;4;True
98474;5;12;7;True
98475;7;12;5;True
98476;2;2;0;True
98477;4;12;8;True
98478;3;6;3;True
98479;1;1;0;True
98480;6;9;3;True
98481;1;1;0;True
98482;1;1;0;True
98483;4;9;5;True
98484;2;4;2;True
98485;4;9;5;True
98486;2;2;0;True
98487;5;12;7;True
98488;7;12;5;True
98489;9;16;7;True
98490;0;0;0;True
98491;2;2;0;True
98492;3;4;1;True
98493;3;6;3;True
98494;6;9;3;True
98495;4;6;2;True
98496;7;16;9;True
98497;6;12;6;True
98498;4;9;5;True
98499;3;4;1;True
98500;7;16;9;True
98501;1;1;0;True
98502;8;12;4;True
98503;3;9;6;True
98504;2;4;2;True
98505;4;9;5;True
98506;5;12;7;True
98507;4;6;2;True
98508;5;12;7;True
98509;5;9;4;True
98510;4;9;5;True
98511;4;6;2;True
98512;4;9;5;True
98513;3;4;1;True
98514;1;1;0;True
98515;5;9;4;True
98516;3;4;1;True
98517;2;2;0;True
98518;2;4;2;True
98519;2;2;0;True
98520;5;9;4;True
98521;4;9;5;True
98522;5;12;7;True
98523;3;4;1;True
98524;8;16;8;True
98525;4;9;5;True
98526;2;2;0;True
98527;2;4;2;True
98528;4;9;5;True
98529;5;9;4;True
98530;3;4;1;True
98531;0;0;0;True
98532;3;6;3;True
98533;3;9;6;True
98534;0;0;0;True
98535;5;9;4;True
98536;5;9;4;True
98537;5;16;11;True
98538;3;6;3;True
98539;1;1;0;True
98540;3;6;3;True
98541;4;8;4;True
98542;4;6;2;True
98543;1;1;0;True
98544;1;1;0;True
98545;2;4;2;True
98546;1;1;0;True
98547;5;9;4;True
98548;3;9;6;True
98549;3;6;3;True
98550;3;6;3;True
98551;4;8;4;True
98552;8;16;8;True
98553;3;6;3;True
98554;3;4;1;True
98555;6;16;10;True
98556;1;1;0;True
98557;4;9;5;True
98558;2;4;2;True
98559;3;6;3;True
98560;1;1;0;True
98561;4;9;5;True
98562;4;9;5;True
98563;4;8;4;True
98564;5;9;4;True
98565;5;9;4;True
98566;7;12;5;True
98567;4;9;5;True
98568;2;4;2;True
98569;3;6;3;True
98570;4;4;0;True
98571;3;4;1;True
98572;6;12;6;True
98573;8;16;8;True
98574;6;8;2;True
98575;1;1;0;True
98576;0;0;0;True
98577;6;12;6;True
98578;5;12;7;True
98579;6;12;6;True
98580;1;1;0;True
98581;6;9;3;True
98582;9;16;7;True
98583;7;16;9;True
98584;6;16;10;True
98585;1;1;0;True
98586;3;6;3;True
98587;5;9;4;True
98588;5;12;7;True
98589;6;12;6;True
98590;6;12;6;True
98591;4;12;8;True
98592;4;6;2;True
98593;1;1;0;True
98594;4;9;5;True
98595;3;6;3;True
98596;2;2;0;True
98597;7;12;5;True
98598;1;1;0;True
98599;3;6;3;True
98600;4;9;5;True
98601;7;16;9;True
98602;0;0;0;True
98603;1;1;0;True
98604;2;2;0;True
98605;4;9;5;True
98606;4;9;5;True
98607;6;16;10;True
98608;9;16;7;True
98609;2;2;0;True
98610;7;12;5;True
98611;3;3;0;True
98612;4;6;2;True
98613;3;4;1;True
98614;4;6;2;True
98615;4;8;4;True
98616;2;2;0;True
98617;2;4;2;True
98618;3;4;1;True
98619;1;1;0;True
98620;2;4;2;True
98621;3;9;6;True
98622;8;9;1;True
98623;5;9;4;True
98624;1;1;0;True
98625;3;4;1;True
98626;2;2;0;True
98627;9;16;7;True
98628;5;12;7;True
98629;1;1;0;True
98630;5;6;1;True
98631;2;4;2;True
98632;5;12;7;True
98633;4;6;2;True
98634;6;16;10;True
98635;2;4;2;True
98636;3;9;6;True
98637;4;8;4;True
98638;2;4;2;True
98639;4;6;2;True
98640;3;6;3;True
98641;1;1;0;True
98642;4;6;2;True
98643;3;6;3;True
98644;4;9;5;True
98645;3;4;1;True
98646;6;12;6;True
98647;4;6;2;True
98648;4;6;2;True
98649;6;8;2;True
98650;1;1;0;True
98651;7;16;9;True
98652;1;1;0;True
98653;3;6;3;True
98654;2;2;0;True
98655;4;6;2;True
98656;4;6;2;True
98657;2;2;0;True
98658;3;4;1;True
98659;2;4;2;True
98660;7;12;5;True
98661;2;2;0;True
98662;7;12;5;True
98663;6;16;10;True
98664;1;1;0;True
98665;2;2;0;True
98666;7;12;5;True
98667;3;6;3;True
98668;2;4;2;True
98669;2;4;2;True
98670;2;2;0;True
98671;2;4;2;True
98672;4;9;5;True
98673;1;1;0;True
98674;4;6;2;True
98675;3;3;0;True
98676;1;1;0;True
98677;2;4;2;True
98678;3;9;6;True
98679;6;12;6;True
98680;6;12;6;True
98681;4;9;5;True
98682;2;4;2;True
98683;6;16;10;True
98684;9;16;7;True
98685;6;16;10;True
98686;3;6;3;True
98687;4;12;8;True
98688;2;4;2;True
98689;2;4;2;True
98690;6;16;10;True
98691;8;16;8;True
98692;5;9;4;True
98693;2;2;0;True
98694;1;1;0;True
98695;6;12;6;True
98696;4;6;2;True
98697;3;4;1;True
98698;2;4;2;True
98699;6;16;10;True
98700;5;8;3;True
98701;0;0;0;True
98702;4;6;2;True
98703;6;16;10;True
98704;2;2;0;True
98705;5;6;1;True
98706;8;16;8;True
98707;2;4;2;True
98708;2;4;2;True
98709;2;2;0;True
98710;3;6;3;True
98711;4;9;5;True
98712;6;16;10;True
98713;6;16;10;True
98714;4;6;2;True
98715;5;16;11;True
98716;2;2;0;True
98717;0;0;0;True
98718;1;1;0;True
98719;2;4;2;True
98720;2;4;2;True
98721;4;6;2;True
98722;6;12;6;True
98723;5;8;3;True
98724;7;12;5;True
98725;0;0;0;True
98726;3;6;3;True
98727;4;6;2;True
98728;1;1;0;True
98729;4;6;2;True
98730;2;4;2;True
98731;1;1;0;True
98732;3;4;1;True
98733;2;4;2;True
98734;3;9;6;True
98735;3;9;6;True
98736;6;12;6;True
98737;4;6;2;True
98738;2;2;0;True
98739;1;1;0;True
98740;7;16;9;True
98741;2;4;2;True
98742;4;9;5;True
98743;0;0;0;True
98744;7;12;5;True
98745;7;12;5;True
98746;3;6;3;True
98747;6;12;6;True
98748;2;2;0;True
98749;6;8;2;True
98750;1;1;0;True
98751;3;4;1;True
98752;3;4;1;True
98753;4;9;5;True
98754;6;16;10;True
98755;11;16;5;True
98756;5;9;4;True
98757;4;9;5;True
98758;5;12;7;True
98759;3;6;3;True
98760;5;16;11;True
98761;3;6;3;True
98762;1;1;0;True
98763;5;9;4;True
98764;6;12;6;True
98765;3;6;3;True
98766;2;4;2;True
98767;5;12;7;True
98768;5;12;7;True
98769;4;12;8;True
98770;6;12;6;True
98771;9;12;3;True
98772;2;4;2;True
98773;8;12;4;True
98774;1;1;0;True
98775;6;12;6;True
98776;2;2;0;True
98777;4;8;4;True
98778;2;4;2;True
98779;8;16;8;True
98780;3;6;3;True
98781;5;9;4;True
98782;2;2;0;True
98783;2;2;0;True
98784;5;16;11;True
98785;0;0;0;True
98786;3;6;3;True
98787;4;9;5;True
98788;1;1;0;True
98789;4;12;8;True
98790;2;4;2;True
98791;8;16;8;True
98792;3;4;1;True
98793;6;16;10;True
98794;6;16;10;True
98795;2;4;2;True
98796;3;9;6;True
98797;8;16;8;True
98798;5;9;4;True
98799;2;4;2;True
98800;8;16;8;True
98801;2;2;0;True
98802;6;9;3;True
98803;6;16;10;True
98804;2;2;0;True
98805;7;16;9;True
98806;1;1;0;True
98807;1;1;0;True
98808;3;6;3;True
98809;1;1;0;True
98810;6;12;6;True
98811;3;6;3;True
98812;8;12;4;True
98813;7;12;5;True
98814;3;9;6;True
98815;2;2;0;True
98816;2;4;2;True
98817;4;9;5;True
98818;2;4;2;True
98819;10;16;6;True
98820;5;9;4;True
98821;3;6;3;True
98822;2;2;0;True
98823;1;1;0;True
98824;2;2;0;True
98825;5;12;7;True
98826;5;12;7;True
98827;3;4;1;True
98828;0;0;0;True
98829;3;9;6;True
98830;1;1;0;True
98831;2;4;2;True
98832;4;8;4;True
98833;4;8;4;True
98834;0;0;0;True
98835;1;1;0;True
98836;3;6;3;True
98837;3;4;1;True
98838;3;4;1;True
98839;7;12;5;True
98840;2;4;2;True
98841;3;6;3;True
98842;2;4;2;True
98843;2;4;2;True
98844;4;8;4;True
98845;1;1;0;True
98846;3;9;6;True
98847;0;0;0;True
98848;1;1;0;True
98849;7;16;9;True
98850;3;4;1;True
98851;6;9;3;True
98852;7;12;5;True
98853;6;16;10;True
98854;8;16;8;True
98855;3;6;3;True
98856;1;1;0;True
98857;4;8;4;True
98858;4;9;5;True
98859;3;4;1;True
98860;1;1;0;True
98861;2;4;2;True
98862;3;6;3;True
98863;5;12;7;True
98864;6;12;6;True
98865;5;12;7;True
98866;4;6;2;True
98867;5;12;7;True
98868;5;16;11;True
98869;6;9;3;True
98870;4;9;5;True
98871;2;2;0;True
98872;0;0;0;True
98873;2;4;2;True
98874;2;4;2;True
98875;3;6;3;True
98876;2;4;2;True
98877;1;1;0;True
98878;4;8;4;True
98879;9;16;7;True
98880;0;0;0;True
98881;8;16;8;True
98882;4;12;8;True
98883;5;12;7;True
98884;3;6;3;True
98885;5;12;7;True
98886;7;16;9;True
98887;7;16;9;True
98888;1;1;0;True
98889;4;6;2;True
98890;1;1;0;True
98891;7;16;9;True
98892;5;12;7;True
98893;1;1;0;True
98894;6;12;6;True
98895;1;1;0;True
98896;3;4;1;True
98897;10;16;6;True
98898;7;12;5;True
98899;5;12;7;True
98900;7;12;5;True
98901;3;6;3;True
98902;4;6;2;True
98903;4;9;5;True
98904;7;12;5;True
98905;1;1;0;True
98906;2;2;0;True
98907;8;16;8;True
98908;2;2;0;True
98909;1;1;0;True
98910;5;12;7;True
98911;4;9;5;True
98912;2;4;2;True
98913;0;0;0;True
98914;3;4;1;True
98915;1;1;0;True
98916;6;16;10;True
98917;6;12;6;True
98918;6;12;6;True
98919;7;16;9;True
98920;2;4;2;True
98921;3;6;3;True
98922;3;3;0;True
98923;5;8;3;True
98924;2;4;2;True
98925;3;3;0;True
98926;2;4;2;True
98927;2;2;0;True
98928;4;6;2;True
98929;1;1;0;True
98930;4;9;5;True
98931;3;6;3;True
98932;1;1;0;True
98933;4;12;8;True
98934;4;6;2;True
98935;3;6;3;True
98936;10;16;6;True
98937;6;12;6;True
98938;4;6;2;True
98939;6;9;3;True
98940;4;9;5;True
98941;4;9;5;True
98942;9;16;7;True
98943;3;9;6;True
98944;3;6;3;True
98945;5;12;7;True
98946;1;1;0;True
98947;2;2;0;True
98948;6;12;6;True
98949;6;12;6;True
98950;4;9;5;True
98951;4;12;8;True
98952;1;1;0;True
98953;5;16;11;True
98954;1;1;0;True
98955;1;1;0;True
98956;0;0;0;True
98957;5;12;7;True
98958;7;12;5;True
98959;4;6;2;True
98960;0;0;0;True
98961;4;8;4;True
98962;1;1;0;True
98963;5;12;7;True
98964;2;4;2;True
98965;0;0;0;True
98966;3;6;3;True
98967;2;4;2;True
98968;0;0;0;True
98969;4;9;5;True
98970;6;16;10;True
98971;5;12;7;True
98972;5;12;7;True
98973;6;12;6;True
98974;2;2;0;True
98975;3;9;6;True
98976;0;0;0;True
98977;8;12;4;True
98978;4;9;5;True
98979;6;8;2;True
98980;4;16;12;True
98981;5;12;7;True
98982;5;16;11;True
98983;1;1;0;True
98984;8;12;4;True
98985;4;6;2;True
98986;2;2;0;True
98987;2;4;2;True
98988;4;12;8;True
98989;6;16;10;True
98990;9;16;7;True
98991;4;9;5;True
98992;4;12;8;True
98993;3;6;3;True
98994;5;12;7;True
98995;3;6;3;True
98996;3;6;3;True
98997;1;1;0;True
98998;5;16;11;True
98999;3;6;3;True
99000;0;0;0;True
99001;8;16;8;True
99002;3;6;3;True
99003;3;6;3;True
99004;3;4;1;True
99005;2;4;2;True
99006;4;8;4;True
99007;2;2;0;True
99008;6;12;6;True
99009;5;6;1;True
99010;5;9;4;True
99011;3;9;6;True
99012;3;6;3;True
99013;7;12;5;True
99014;0;0;0;True
99015;8;16;8;True
99016;5;9;4;True
99017;6;12;6;True
99018;2;4;2;True
99019;3;6;3;True
99020;3;6;3;True
99021;6;9;3;True
99022;4;9;5;True
99023;1;1;0;True
99024;1;1;0;True
99025;3;4;1;True
99026;2;4;2;True
99027;1;1;0;True
99028;4;9;5;True
99029;5;16;11;True
99030;3;6;3;True
99031;5;12;7;True
99032;7;12;5;True
99033;7;16;9;True
99034;6;16;10;True
99035;7;16;9;True
99036;5;9;4;True
99037;5;12;7;True
99038;2;4;2;True
99039;1;1;0;True
99040;4;6;2;True
99041;1;1;0;True
99042;0;0;0;True
99043;2;4;2;True
99044;2;4;2;True
99045;6;12;6;True
99046;2;2;0;True
99047;9;16;7;True
99048;4;6;2;True
99049;2;2;0;True
99050;1;1;0;True
99051;2;2;0;True
99052;2;4;2;True
99053;4;6;2;True
99054;5;6;1;True
99055;4;8;4;True
99056;1;1;0;True
99057;2;2;0;True
99058;2;4;2;True
99059;3;4;1;True
99060;6;16;10;True
99061;3;4;1;True
99062;5;16;11;True
99063;3;6;3;True
99064;0;0;0;True
99065;3;6;3;True
99066;5;12;7;True
99067;4;9;5;True
99068;2;4;2;True
99069;1;1;0;True
99070;2;4;2;True
99071;4;9;5;True
99072;7;16;9;True
99073;5;9;4;True
99074;3;6;3;True
99075;3;9;6;True
99076;9;16;7;True
99077;2;4;2;True
99078;5;16;11;True
99079;6;12;6;True
99080;0;0;0;True
99081;0;0;0;True
99082;6;12;6;True
99083;0;0;0;True
99084;0;0;0;True
99085;0;0;0;True
99086;3;6;3;True
99087;1;1;0;True
99088;4;8;4;True
99089;4;12;8;True
99090;2;4;2;True
99091;5;12;7;True
99092;2;4;2;True
99093;3;4;1;True
99094;4;9;5;True
99095;2;4;2;True
99096;6;12;6;True
99097;5;12;7;True
99098;4;6;2;True
99099;6;12;6;True
99100;2;4;2;True
99101;5;6;1;True
99102;3;6;3;True
99103;6;16;10;True
99104;5;9;4;True
99105;0;0;0;True
99106;6;9;3;True
99107;2;4;2;True
99108;7;9;2;True
99109;1;1;0;True
99110;7;9;2;True
99111;4;9;5;True
99112;1;1;0;True
99113;2;4;2;True
99114;3;6;3;True
99115;3;4;1;True
99116;4;9;5;True
99117;1;1;0;True
99118;6;8;2;True
99119;2;4;2;True
99120;2;2;0;True
99121;3;3;0;True
99122;3;9;6;True
99123;6;12;6;True
99124;3;4;1;True
99125;7;12;5;True
99126;4;9;5;True
99127;8;16;8;True
99128;2;4;2;True
99129;2;2;0;True
99130;4;6;2;True
99131;0;0;0;True
99132;1;1;0;True
99133;4;4;0;True
99134;5;12;7;True
99135;3;9;6;True
99136;7;16;9;True
99137;1;1;0;True
99138;0;0;0;True
99139;3;6;3;True
99140;3;6;3;True
99141;6;12;6;True
99142;9;16;7;True
99143;6;9;3;True
99144;5;8;3;True
99145;3;9;6;True
99146;5;12;7;True
99147;2;4;2;True
99148;1;1;0;True
99149;1;1;0;True
99150;4;12;8;True
99151;2;4;2;True
99152;1;1;0;True
99153;3;6;3;True
99154;2;4;2;True
99155;3;6;3;True
99156;5;9;4;True
99157;7;16;9;True
99158;2;4;2;True
99159;1;1;0;True
99160;6;12;6;True
99161;3;6;3;True
99162;2;4;2;True
99163;0;0;0;True
99164;5;12;7;True
99165;5;9;4;True
99166;4;6;2;True
99167;7;9;2;True
99168;6;12;6;True
99169;7;16;9;True
99170;4;6;2;True
99171;4;9;5;True
99172;2;4;2;True
99173;8;16;8;True
99174;5;9;4;True
99175;5;12;7;True
99176;4;6;2;True
99177;2;2;0;True
99178;1;1;0;True
99179;4;9;5;True
99180;7;12;5;True
99181;2;2;0;True
99182;1;1;0;True
99183;4;9;5;True
99184;9;16;7;True
99185;5;9;4;True
99186;9;16;7;True
99187;5;9;4;True
99188;3;6;3;True
99189;6;12;6;True
99190;7;16;9;True
99191;0;0;0;True
99192;3;6;3;True
99193;1;1;0;True
99194;5;6;1;True
99195;1;1;0;True
99196;4;9;5;True
99197;2;2;0;True
99198;1;1;0;True
99199;7;16;9;True
99200;8;16;8;True
99201;0;0;0;True
99202;4;9;5;True
99203;4;12;8;True
99204;4;9;5;True
99205;2;4;2;True
99206;6;9;3;True
99207;5;16;11;True
99208;6;9;3;True
99209;2;4;2;True
99210;0;0;0;True
99211;1;1;0;True
99212;1;1;0;True
99213;8;16;8;True
99214;5;9;4;True
99215;5;8;3;True
99216;4;9;5;True
99217;8;16;8;True
99218;2;4;2;True
99219;6;16;10;True
99220;5;9;4;True
99221;3;6;3;True
99222;2;4;2;True
99223;2;4;2;True
99224;4;12;8;True
99225;2;4;2;True
99226;5;12;7;True
99227;5;12;7;True
99228;4;9;5;True
99229;3;6;3;True
99230;9;16;7;True
99231;3;3;0;True
99232;7;12;5;True
99233;8;16;8;True
99234;4;9;5;True
99235;3;6;3;True
99236;4;4;0;True
99237;7;12;5;True
99238;1;1;0;True
99239;6;16;10;True
99240;2;4;2;True
99241;4;9;5;True
99242;3;6;3;True
99243;4;9;5;True
99244;4;6;2;True
99245;6;12;6;True
99246;1;1;0;True
99247;4;6;2;True
99248;5;9;4;True
99249;4;6;2;True
99250;0;0;0;True
99251;5;12;7;True
99252;3;4;1;True
99253;2;2;0;True
99254;5;16;11;True
99255;4;6;2;True
99256;2;2;0;True
99257;3;6;3;True
99258;1;1;0;True
99259;1;1;0;True
99260;2;2;0;True
99261;4;6;2;True
99262;7;12;5;True
99263;4;12;8;True
99264;4;9;5;True
99265;3;6;3;True
99266;2;2;0;True
99267;10;16;6;True
99268;2;4;2;True
99269;2;4;2;True
99270;7;12;5;True
99271;7;12;5;True
99272;5;9;4;True
99273;2;4;2;True
99274;2;4;2;True
99275;4;6;2;True
99276;1;1;0;True
99277;3;9;6;True
99278;2;2;0;True
99279;3;4;1;True
99280;1;1;0;True
99281;8;16;8;True
99282;4;9;5;True
99283;2;4;2;True
99284;3;4;1;True
99285;0;0;0;True
99286;2;4;2;True
99287;0;0;0;True
99288;3;9;6;True
99289;6;12;6;True
99290;5;9;4;True
99291;3;4;1;True
99292;1;1;0;True
99293;6;16;10;True
99294;0;0;0;True
99295;4;6;2;True
99296;0;0;0;True
99297;6;9;3;True
99298;4;9;5;True
99299;1;1;0;True
99300;4;12;8;True
99301;3;3;0;True
99302;5;9;4;True
99303;6;16;10;True
99304;8;16;8;True
99305;9;16;7;True
99306;7;16;9;True
99307;10;16;6;True
99308;3;3;0;True
99309;0;0;0;True
99310;5;8;3;True
99311;5;12;7;True
99312;2;4;2;True
99313;6;12;6;True
99314;1;1;0;True
99315;6;16;10;True
99316;6;12;6;True
99317;4;9;5;True
99318;2;4;2;True
99319;1;1;0;True
99320;7;12;5;True
99321;0;0;0;True
99322;5;12;7;True
99323;8;12;4;True
99324;1;1;0;True
99325;1;1;0;True
99326;0;0;0;True
99327;2;2;0;True
99328;5;12;7;True
99329;5;9;4;True
99330;5;12;7;True
99331;2;2;0;True
99332;4;6;2;True
99333;6;12;6;True
99334;8;16;8;True
99335;7;12;5;True
99336;3;4;1;True
99337;1;1;0;True
99338;5;9;4;True
99339;4;6;2;True
99340;1;1;0;True
99341;4;6;2;True
99342;3;4;1;True
99343;3;4;1;True
99344;4;12;8;True
99345;4;9;5;True
99346;4;6;2;True
99347;6;12;6;True
99348;3;9;6;True
99349;0;0;0;True
99350;1;1;0;True
99351;4;6;2;True
99352;6;12;6;True
99353;0;0;0;True
99354;5;9;4;True
99355;3;9;6;True
99356;5;12;7;True
99357;4;6;2;True
99358;2;4;2;True
99359;3;3;0;True
99360;4;9;5;True
99361;2;4;2;True
99362;4;6;2;True
99363;4;12;8;True
99364;6;16;10;True
99365;2;4;2;True
99366;2;4;2;True
99367;2;2;0;True
99368;2;4;2;True
99369;5;12;7;True
99370;8;12;4;True
99371;7;12;5;True
99372;5;8;3;True
99373;3;6;3;True
99374;6;12;6;True
99375;1;1;0;True
99376;6;16;10;True
99377;4;12;8;True
99378;4;9;5;True
99379;5;9;4;True
99380;0;0;0;True
99381;5;12;7;True
99382;3;4;1;True
99383;9;12;3;True
99384;5;9;4;True
99385;0;0;0;True
99386;2;4;2;True
99387;1;1;0;True
99388;6;12;6;True
99389;1;1;0;True
99390;0;0;0;True
99391;7;12;5;True
99392;6;16;10;True
99393;6;12;6;True
99394;4;6;2;True
99395;6;9;3;True
99396;8;16;8;True
99397;4;9;5;True
99398;2;2;0;True
99399;3;3;0;True
99400;1;1;0;True
99401;2;4;2;True
99402;4;6;2;True
99403;6;12;6;True
99404;8;16;8;True
99405;2;2;0;True
99406;6;16;10;True
99407;6;12;6;True
99408;5;9;4;True
99409;4;9;5;True
99410;3;4;1;True
99411;5;12;7;True
99412;7;16;9;True
99413;2;2;0;True
99414;10;16;6;True
99415;1;1;0;True
99416;7;16;9;True
99417;5;12;7;True
99418;5;12;7;True
99419;4;9;5;True
99420;0;0;0;True
99421;6;8;2;True
99422;4;12;8;True
99423;0;0;0;True
99424;3;9;6;True
99425;0;0;0;True
99426;2;2;0;True
99427;4;9;5;True
99428;5;6;1;True
99429;8;16;8;True
99430;4;9;5;True
99431;6;16;10;True
99432;8;12;4;True
99433;7;12;5;True
99434;4;6;2;True
99435;1;1;0;True
99436;6;12;6;True
99437;2;2;0;True
99438;8;12;4;True
99439;0;0;0;True
99440;1;1;0;True
99441;1;1;0;True
99442;5;6;1;True
99443;5;9;4;True
99444;1;1;0;True
99445;0;0;0;True
99446;2;4;2;True
99447;2;4;2;True
99448;4;9;5;True
99449;3;9;6;True
99450;7;16;9;True
99451;4;6;2;True
99452;6;12;6;True
99453;4;8;4;True
99454;2;2;0;True
99455;3;6;3;True
99456;1;1;0;True
99457;4;12;8;True
99458;2;4;2;True
99459;3;6;3;True
99460;0;0;0;True
99461;6;12;6;True
99462;6;12;6;True
99463;4;16;12;True
99464;6;9;3;True
99465;7;12;5;True
99466;2;4;2;True
99467;3;9;6;True
99468;2;4;2;True
99469;4;9;5;True
99470;1;1;0;True
99471;0;0;0;True
99472;1;1;0;True
99473;3;6;3;True
99474;3;6;3;True
99475;2;4;2;True
99476;3;6;3;True
99477;3;6;3;True
99478;5;6;1;True
99479;2;4;2;True
99480;1;1;0;True
99481;4;9;5;True
99482;1;1;0;True
99483;4;9;5;True
99484;0;0;0;True
99485;4;12;8;True
99486;5;8;3;True
99487;6;12;6;True
99488;4;9;5;True
99489;7;12;5;True
99490;3;4;1;True
99491;1;1;0;True
99492;1;1;0;True
99493;1;1;0;True
99494;4;12;8;True
99495;5;16;11;True
99496;0;0;0;True
99497;5;16;11;True
99498;1;1;0;True
99499;1;1;0;True
99500;8;16;8;True
99501;4;6;2;True
99502;5;12;7;True
99503;11;16;5;True
99504;3;6;3;True
99505;1;1;0;True
99506;2;4;2;True
99507;1;1;0;True
99508;6;12;6;True
99509;2;4;2;True
99510;3;9;6;True
99511;3;6;3;True
99512;9;16;7;True
99513;4;9;5;True
99514;5;6;1;True
99515;3;3;0;True
99516;0;0;0;True
99517;6;16;10;True
99518;7;12;5;True
99519;6;12;6;True
99520;6;16;10;True
99521;5;6;1;True
99522;4;6;2;True
99523;2;2;0;True
99524;3;6;3;True
99525;3;6;3;True
99526;7;16;9;True
99527;7;16;9;True
99528;1;1;0;True
99529;2;4;2;True
99530;5;12;7;True
99531;2;4;2;True
99532;1;1;0;True
99533;5;9;4;True
99534;10;16;6;True
99535;4;6;2;True
99536;1;1;0;True
99537;5;12;7;True
99538;3;6;3;True
99539;2;4;2;True
99540;1;1;0;True
99541;1;1;0;True
99542;2;4;2;True
99543;5;6;1;True
99544;3;4;1;True
99545;4;8;4;True
99546;3;6;3;True
99547;1;1;0;True
99548;4;6;2;True
99549;4;6;2;True
99550;5;9;4;True
99551;4;6;2;True
99552;2;4;2;True
99553;3;9;6;True
99554;3;4;1;True
99555;2;4;2;True
99556;1;1;0;True
99557;6;16;10;True
99558;2;2;0;True
99559;4;4;0;True
99560;3;3;0;True
99561;7;12;5;True
99562;5;6;1;True
99563;1;1;0;True
99564;7;16;9;True
99565;6;12;6;True
99566;2;2;0;True
99567;2;2;0;True
99568;2;4;2;True
99569;3;3;0;True
99570;1;1;0;True
99571;3;6;3;True
99572;3;6;3;True
99573;6;12;6;True
99574;3;4;1;True
99575;3;9;6;True
99576;1;1;0;True
99577;1;1;0;True
99578;8;12;4;True
99579;4;12;8;True
99580;3;6;3;True
99581;4;9;5;True
99582;3;6;3;True
99583;6;12;6;True
99584;5;9;4;True
99585;7;16;9;True
99586;3;6;3;True
99587;5;9;4;True
99588;2;2;0;True
99589;2;4;2;True
99590;3;4;1;True
99591;2;4;2;True
99592;4;9;5;True
99593;1;1;0;True
99594;6;12;6;True
99595;0;0;0;True
99596;8;16;8;True
99597;4;8;4;True
99598;4;12;8;True
99599;3;9;6;True
99600;5;12;7;True
99601;2;2;0;True
99602;4;9;5;True
99603;3;3;0;True
99604;5;9;4;True
99605;2;4;2;True
99606;2;4;2;True
99607;3;6;3;True
99608;4;9;5;True
99609;4;9;5;True
99610;2;4;2;True
99611;2;4;2;True
99612;2;2;0;True
99613;6;12;6;True
99614;10;16;6;True
99615;0;0;0;True
99616;3;6;3;True
99617;2;4;2;True
99618;4;9;5;True
99619;1;1;0;True
99620;1;1;0;True
99621;3;9;6;True
99622;6;9;3;True
99623;2;2;0;True
99624;5;16;11;True
99625;0;0;0;True
99626;7;16;9;True
99627;0;0;0;True
99628;4;4;0;True
99629;2;4;2;True
99630;4;6;2;True
99631;6;9;3;True
99632;5;9;4;True
99633;2;2;0;True
99634;4;16;12;True
99635;6;16;10;True
99636;3;4;1;True
99637;1;1;0;True
99638;5;9;4;True
99639;5;9;4;True
99640;3;9;6;True
99641;6;12;6;True
99642;2;2;0;True
99643;4;6;2;True
99644;1;1;0;True
99645;2;4;2;True
99646;0;0;0;True
99647;7;12;5;True
99648;7;12;5;True
99649;2;2;0;True
99650;1;1;0;True
99651;3;6;3;True
99652;0;0;0;True
99653;4;6;2;True
99654;0;0;0;True
99655;4;6;2;True
99656;0;0;0;True
99657;3;4;1;True
99658;4;9;5;True
99659;3;6;3;True
99660;3;6;3;True
99661;3;6;3;True
99662;2;4;2;True
99663;3;6;3;True
99664;1;1;0;True
99665;3;3;0;True
99666;0;0;0;True
99667;5;12;7;True
99668;5;12;7;True
99669;5;12;7;True
99670;3;4;1;True
99671;3;9;6;True
99672;5;12;7;True
99673;2;4;2;True
99674;5;12;7;True
99675;4;9;5;True
99676;5;9;4;True
99677;2;2;0;True
99678;6;6;0;True
99679;7;16;9;True
99680;6;8;2;True
99681;4;9;5;True
99682;5;9;4;True
99683;3;6;3;True
99684;0;0;0;True
99685;4;6;2;True
99686;5;12;7;True
99687;6;9;3;True
99688;9;12;3;True
99689;1;1;0;True
99690;4;8;4;True
99691;1;1;0;True
99692;6;8;2;True
99693;2;4;2;True
99694;5;12;7;True
99695;3;4;1;True
99696;7;12;5;True
99697;2;4;2;True
99698;2;4;2;True
99699;0;0;0;True
99700;6;12;6;True
99701;7;16;9;True
99702;7;12;5;True
99703;3;9;6;True
99704;2;4;2;True
99705;1;1;0;True
99706;5;16;11;True
99707;4;9;5;True
99708;7;12;5;True
99709;4;9;5;True
99710;1;1;0;True
99711;1;1;0;True
99712;5;12;7;True
99713;1;1;0;True
99714;6;12;6;True
99715;1;1;0;True
99716;3;6;3;True
99717;1;1;0;True
99718;2;2;0;True
99719;1;1;0;True
99720;6;12;6;True
99721;4;9;5;True
99722;6;16;10;True
99723;1;1;0;True
99724;7;16;9;True
99725;4;6;2;True
99726;3;9;6;True
99727;5;9;4;True
99728;2;4;2;True
99729;3;6;3;True
99730;2;4;2;True
99731;7;16;9;True
99732;1;1;0;True
99733;2;2;0;True
99734;2;4;2;True
99735;1;1;0;True
99736;7;16;9;True
99737;4;6;2;True
99738;0;0;0;True
99739;3;4;1;True
99740;7;12;5;True
99741;2;4;2;True
99742;4;9;5;True
99743;6;16;10;True
99744;2;4;2;True
99745;4;12;8;True
99746;9;16;7;True
99747;5;12;7;True
99748;3;6;3;True
99749;2;2;0;True
99750;3;4;1;True
99751;0;0;0;True
99752;1;1;0;True
99753;3;4;1;True
99754;2;4;2;True
99755;6;12;6;True
99756;6;9;3;True
99757;6;12;6;True
99758;8;16;8;True
99759;3;6;3;True
99760;4;9;5;True
99761;5;16;11;True
99762;2;4;2;True
99763;5;12;7;True
99764;7;12;5;True
99765;3;6;3;True
99766;4;6;2;True
99767;3;4;1;True
99768;1;1;0;True
99769;3;6;3;True
99770;1;1;0;True
99771;1;1;0;True
99772;2;4;2;True
99773;5;9;4;True
99774;1;1;0;True
99775;1;1;0;True
99776;3;6;3;True
99777;9;12;3;True
99778;7;12;5;True
99779;5;12;7;True
99780;5;12;7;True
99781;1;1;0;True
99782;3;4;1;True
99783;3;4;1;True
99784;5;12;7;True
99785;9;16;7;True
99786;4;8;4;True
99787;3;6;3;True
99788;4;9;5;True
99789;3;6;3;True
99790;5;9;4;True
99791;10;12;2;True
99792;5;12;7;True
99793;4;9;5;True
99794;7;16;9;True
99795;3;6;3;True
99796;3;4;1;True
99797;5;9;4;True
99798;8;16;8;True
99799;1;1;0;True
99800;2;4;2;True
99801;1;1;0;True
99802;5;12;7;True
99803;4;9;5;True
99804;2;4;2;True
99805;5;9;4;True
99806;3;4;1;True
99807;4;6;2;True
99808;1;1;0;True
99809;10;16;6;True
99810;3;6;3;True
99811;1;1;0;True
99812;1;1;0;True
99813;1;1;0;True
99814;3;6;3;True
99815;4;4;0;True
99816;5;16;11;True
99817;8;16;8;True
99818;3;9;6;True
99819;4;9;5;True
99820;2;2;0;True
99821;1;1;0;True
99822;5;8;3;True
99823;4;9;5;True
99824;1;1;0;True
99825;3;3;0;True
99826;4;9;5;True
99827;5;16;11;True
99828;2;2;0;True
99829;3;6;3;True
99830;5;16;11;True
99831;1;1;0;True
99832;3;9;6;True
99833;7;12;5;True
99834;3;6;3;True
99835;2;4;2;True
99836;3;3;0;True
99837;0;0;0;True
99838;8;16;8;True
99839;4;6;2;True
99840;2;4;2;True
99841;5;12;7;True
99842;4;6;2;True
99843;2;2;0;True
99844;6;12;6;True
99845;3;9;6;True
99846;9;16;7;True
99847;1;1;0;True
99848;6;12;6;True
99849;0;0;0;True
99850;4;6;2;True
99851;4;12;8;True
99852;4;6;2;True
99853;3;3;0;True
99854;4;6;2;True
99855;2;4;2;True
99856;9;16;7;True
99857;4;12;8;True
99858;2;2;0;True
99859;2;4;2;True
99860;5;9;4;True
99861;4;12;8;True
99862;5;8;3;True
99863;5;9;4;True
99864;5;8;3;True
99865;5;12;7;True
99866;3;9;6;True
99867;7;16;9;True
99868;3;9;6;True
99869;1;1;0;True
99870;4;9;5;True
99871;8;16;8;True
99872;5;16;11;True
99873;4;12;8;True
99874;7;12;5;True
99875;4;8;4;True
99876;0;0;0;True
99877;7;16;9;True
99878;3;6;3;True
99879;1;1;0;True
99880;0;0;0;True
99881;1;1;0;True
99882;2;2;0;True
99883;5;9;4;True
99884;4;9;5;True
99885;4;12;8;True
99886;2;4;2;True
99887;1;1;0;True
99888;7;16;9;True
99889;2;4;2;True
99890;4;8;4;True
99891;4;6;2;True
99892;2;4;2;True
99893;3;4;1;True
99894;7;16;9;True
99895;8;16;8;True
99896;2;4;2;True
99897;5;9;4;True
99898;1;1;0;True
99899;1;1;0;True
99900;1;1;0;True
99901;3;6;3;True
99902;5;12;7;True
99903;4;9;5;True
99904;2;2;0;True
99905;1;1;0;True
99906;1;1;0;True
99907;7;16;9;True
99908;6;16;10;True
99909;0;0;0;True
99910;1;1;0;True
99911;6;12;6;True
99912;7;16;9;True
99913;5;12;7;True
99914;2;4;2;True
99915;7;12;5;True
99916;4;12;8;True
99917;4;9;5;True
99918;8;16;8;True
99919;3;6;3;True
99920;2;2;0;True
99921;0;0;0;True
99922;3;6;3;True
99923;3;6;3;True
99924;0;0;0;True
99925;6;12;6;True
99926;6;12;6;True
99927;2;4;2;True
99928;4;9;5;True
99929;2;4;2;True
99930;3;6;3;True
99931;2;4;2;True
99932;3;4;1;True
99933;4;6;2;True
99934;2;4;2;True
99935;3;4;1;True
99936;2;2;0;True
99937;0;0;0;True
99938;3;6;3;True
99939;5;8;3;True
99940;4;9;5;True
99941;4;9;5;True
99942;6;12;6;True
99943;1;1;0;True
99944;1;1;0;True
99945;3;6;3;True
99946;4;12;8;True
99947;1;1;0;True
99948;9;16;7;True
99949;2;4;2;True
99950;4;6;2;True
99951;4;9;5;True
99952;3;4;1;True
99953;2;2;0;True
99954;8;16;8;True
99955;5;8;3;True
99956;8;16;8;True
99957;6;12;6;True
99958;5;16;11;True
99959;5;12;7;True
99960;3;6;3;True
99961;10;16;6;True
99962;4;9;5;True
99963;3;4;1;True
99964;5;12;7;True
99965;3;9;6;True
99966;8;16;8;True
99967;6;16;10;True
99968;5;16;11;True
99969;5;9;4;True
99970;1;1;0;True
99971;1;1;0;True
99972;4;6;2;True
99973;4;6;2;True
99974;2;2;0;True
99975;1;1;0;True
99976;0;0;0;True
99977;3;6;3;True
99978;3;6;3;True
99979;6;12;6;True
99980;2;2;0;True
99981;2;2;0;True
99982;4;9;5;True
99983;2;2;0;True
99984;5;12;7;True
99985;5;12;7;True
99986;1;1;0;True
99987;3;3;0;True
99988;3;9;6;True
99989;2;4;2;True
99990;3;9;6;True
99991;7;16;9;True
99992;7;16;9;True
99993;2;4;2;True
99994;0;0;0;True
99995;7;12;5;True
99996;3;6;3;True
99997;4;9;5;True
99998;6;6;0;True
99999;7;12;5;True
